-14,1834	-18,9644
-4,0907	-16,2117
-12,4797	16,1628
4,5600	-5,0709
-7,2369	-5,3327
-3,8943	4,4319
-11,7587	-4,6120
-9,5960	2,0071
-17,7879	-10,0513
9,5405	2,3349
-22,8997	2,1379
-0,0276	-25,3212
-9,0060	-4,0220
0,9553	3,0554
-2,5178	-6,7748
0,8243	-16,4740
3,8392	-17,2603
6,5915	-4,4152
13,8007	7,7086
-1,2728	-13,3283
13,8007	-10,5755
9,8028	1,2863
20,6162	-8,5442
-12,8725	-15,6875
14,7837	-3,8910
-5,9914	-12,1486
5,4120	-3,3669
-9,2024	-19,8821
18,4533	-25,8456
-16,0182	-7,4959
1,2177	-36,5939
-1,4038	-41,1155
-11,7585	-25,7803
-4,2215	-34,8899
-1,0107	-28,8606
6,7227	-36,9215
-9,0059	-30,2368
13,5385	-19,5546
-4,0252	-37,8390
17,2085	-28,1396
-6,5813	-15,4913
-2,4522	-17,7851
-9,7923	-33,6447
1,1520	-38,8874
-11,9551	-16,0156
-13,9214	-9,0034
-15,6252	-35,9386
-26,7665	-30,2367
-12,8728	-20,8654
-27,4876	-37,9702
-25,0625	-25,5183
-32,8616	-31,2856
-31,2886	-33,7103
-51,8014	-25,5185
-28,6017	-40,2639
-39,4808	-37,1836
-29,4537	-14,8362
-32,6650	-39,9363
-29,6504	-29,6470
-36,9902	-24,8632
-19,8855	-33,5139
-27,8806	-29,6472
-21,7205	-40,9848
-24,6038	-37,5769
-24,4075	-27,9435
-24,0795	-33,3174
-27,9465	-41,3127
-25,9146	-44,9173
-32,1408	-45,7693
-25,3904	-51,9951
-36,9249	-58,0245
-19,8201	-65,1023
-53,3743	-51,8642
-27,4221	-67,4617
-39,5463	-70,6074
-33,7135	-59,0077
-40,0049	-62,7435
-28,7985	-72,1151
-43,7404	-81,6178
-31,8131	-72,1805
-36,6626	-68,2488
-22,8348	-91,3828
-21,7860	-79,3240
-37,8425	-62,9403
-37,4488	-85,0260
-34,6967	-92,6279
-35,2208	-77,3581
-35,2209	-71,9843
-24,5386	-83,7152
-43,4784	-95,5771
-37,0560	-89,2856
-52,7846	-78,7345
-34,9589	-100,2958
-39,2844	-98,0675
-54,8821	-99,2473
-62,2873	-93,0214
-51,2121	-93,6770
-61,6322	-112,4858
-58,2901	-102,5242
-58,1589	-100,8205
-71,6595	-116,9423
-48,9838	-112,2237
-52,2611	-102,2625
-64,6471	-110,1923
-69,9554	-125,9864
-51,3433	-131,9501
-76,4436	-120,4158
-76,3780	-107,3089
-82,5383	-142,2395
-62,5502	-143,4844
-87,4537	-112,1586
-79,3929	-137,4557
-76,9680	-144,1400
-91,5829	-139,4216
-91,2548	-144,9268
-84,5050	-144,0093
-89,8131	-156,1335
-91,7795	-160,8520
-75,2645	-152,7915
-103,5760	-170,7482
-85,6845	-174,4182
-104,1002	-170,4208
-81,9491	-202,5333
-115,4378	-182,1517
-83,7841	-196,5044
-121,9259	-211,5120
-113,5372	-198,1428
-109,0153	-216,5587
-106,3287	-220,9493
-103,1827	-209,0222
-108,8191	-232,8118
-106,7873	-228,4208
-115,9626	-230,9113
-111,8992	-233,6639
-123,6960	-239,9554
-118,1908	-254,3733
-137,3929	-247,0333
-109,6712	-244,6086
-137,3275	-255,8153
-114,9796	-259,7474
-126,5796	-265,9734
-123,2374	-263,8760
-137,7205	-251,6867
-141,3253	-276,0661
-144,0776	-272,7237
-145,4543	-255,4224
-145,6507	-273,9694
-159,7414	-288,3871
-155,9401	-282,6202
-168,6546	-302,2156
-162,7562	-310,0798
-185,3663	-321,2866
-174,8150	-311,7840
-199,1943	-305,9517
-184,6454	-329,3480
-203,8474	-348,6153
-193,9516	-330,2656
-205,2892	-338,5232
-198,4081	-346,5186
-205,9446	-361,5264
-208,8283	-352,7447
-208,8283	-347,5021
-209,1563	-380,8599
-204,3064	-387,8720
-221,0840	-368,0806
-212,9572	-394,7539
-225,6060	-419,9194
-214,9235	-404,6498
-235,0432	-424,0487
-230,7832	-425,8837
-237,0091	-434,4692
-224,2298	-452,8847
-240,3516	-438,1395
-224,3610	-459,0456
-245,3979	-469,8590
-253,5246	-465,5338
-253,1967	-479,6897
-252,3452	-487,8160
-263,2895	-491,3552
-263,2900	-494,3697
-276,5281	-485,0640
-275,7418	-505,2491
-270,9577	-507,9360
-285,6380	-508,0673
-280,3949	-527,0072
-287,7351	-517,5701
-272,5308	-527,9905
-296,9098	-530,3497
-269,2538	-528,5805
-292,1913	-558,5304
-276,0039	-549,3550
-296,3199	-539,6562
-279,2152	-547,3894
-284,4580	-561,0864
-280,5262	-551,9114
-282,4921	-548,2416
-290,6187	-550,4698
-282,1644	-556,3681
-294,2888	-574,9145
-285,3100	-548,2417
-287,9318	-582,3859
-267,2878	-581,7302
-288,7837	-549,8801
-268,9915	-540,8363
-272,1373	-570,4584
-264,2074	-572,0964
-277,2486	-549,8142
-250,1171	-537,6903
-263,8792	-553,3530
-247,1022	-544,0469
-250,9030	-528,7115
-241,7282	-534,0199
-236,9438	-528,7769
-231,5700	-531,3983
-223,0502	-514,2277
-237,3371	-508,1331
-208,4355	-520,2570
-226,7203	-510,6885
-214,7924	-492,2732
-231,7007	-497,4504
-201,0953	-503,0864
-217,4139	-506,9529
-214,1370	-492,4039
-218,9865	-486,7023
-216,4308	-492,6005
-216,4305	-486,7678
-209,5496	-485,8503
-216,8894	-479,8864
-208,6976	-483,0975
-200,5054	-475,5607
-221,5427	-461,9949
-205,6825	-447,2493
-202,0784	-458,9800
-184,2525	-454,5231
-212,0396	-421,7554
-177,5675	-436,5007
-181,9585	-413,4973
-170,6862	-398,6208
-176,1910	-397,8342
-149,5181	-395,0160
-181,4337	-395,1469
-155,9403	-379,8114
-164,1322	-366,3111
-156,9889	-377,7143
-148,0102	-371,1601
-153,1222	-349,8611
-147,3548	-351,7617
-153,2531	-352,7445
-130,0531	-344,6178
-146,0442	-322,7287
-136,4101	-317,0274
-136,8034	-334,3940
-129,8565	-320,0412
-145,9782	-288,2566
-116,7493	-303,7230
-130,9051	-298,6108
-132,2812	-275,0835
-128,0212	-277,7702
-129,0700	-261,7140
-131,1669	-276,9838
-116,8804	-260,1406
-124,4167	-246,9680
-130,9050	-247,8200
-114,1931	-257,5189
-118,5843	-234,3848
-115,5694	-230,5837
-130,1184	-230,2560
-101,4791	-231,5665
-120,1570	-208,7601
-104,0349	-210,4641
-112,4891	-231,5009
-106,9841	-225,5368
-109,4742	-204,1724
-97,3502	-206,6627
-99,5126	-197,4876
-102,7241	-208,4320
-90,1409	-194,3415
-87,1921	-180,4482
-83,3907	-202,0747
-94,4665	-182,7415
-75,7229	-178,2853
-84,1118	-187,9842
-80,9659	-167,4059
-89,0267	-162,0322
-73,6259	-161,9664
-93,9420	-146,8931
-74,4778	-161,4420
-106,1315	-151,4802
-76,3127	-126,5769
-81,8834	-133,8511
-80,3107	-136,3413
-90,4029	-130,7053
-87,3230	-124,3482
-77,4924	-121,9889
-83,5221	-127,2972
-83,4560	-116,4837
-83,0631	-108,2263
-69,7591	-129,7219
-81,8178	-122,5127
-50,5570	-102,0656
-80,3104	-104,4906
-53,7679	-105,3423
-68,3826	-102,1967
-52,3917	-98,4609
-64,1225	-86,7301
-49,9014	-112,6823
-58,2898	-101,4753
-50,5567	-78,2104
-61,1077	-86,7957
-50,6223	-94,4631
-47,2797	-78,2102
-56,7827	-91,7107
-50,4909	-71,2634
-56,8481	-89,8756
-26,5049	-80,0450
-57,0447	-72,5086
-36,5973	-89,8100
-45,9034	-91,9724
-32,2719	-82,4043
-43,1507	-69,4938
-25,2596	-72,6397
-35,7450	-86,4674
-27,5532	-74,7365
-26,7010	-57,4352
-26,2425	-75,9162
-23,0308	-78,2098
-19,9509	-51,6678
-17,0671	-60,1221
-21,8515	-70,1488
-8,4164	-65,1026
-33,1893	-52,4541
-19,7542	-47,2113
-35,1554	-57,4349
-25,1939	-61,3666
-45,9687	-25,3878
-34,4345	-51,4710
-46,2962	-49,9633
-25,7838	-42,8857
-33,5169	-38,5601
-30,8954	-23,2904
-23,6209	-40,4608
-19,8201	-48,3248
-23,0309	-11,1007
-28,5362	-32,9242
-0,9453	-45,3100
-37,2524	-30,7612
-14,2489	-18,2440
-32,7305	-28,9919
-16,2806	-35,2176
-24,6041	-29,5815
-16,0187	-19,8168
-39,2840	-40,0017
-24,6695	-33,3825
-37,8422	-32,4649
-30,0435	-32,2028
-44,6579	-15,1636
-42,5609	-20,7342
-33,2546	-23,0933
-38,5633	-10,7726
-26,4389	-15,4912
-29,3228	-22,3067
-26,4387	-16,7363
-19,8855	-17,8504
-11,1689	-19,8820
-29,7812	-17,1292
-0,4864	-4,6121
-23,5552	-7,1679
1,0209	-4,2844
-12,4795	-9,5928
-8,6786	6,8569
-18,2465	-6,2505
-3,8289	-6,4468
-19,0330	-4,6775
-7,8267	-0,5487
-8,6785	0,3687
-17,3949	-9,6583
-11,5620	-8,2163
-23,4242	0,6963
-4,0255	-16,0808
-29,9778	-12,8039
-12,1520	-4,0223
-27,3563	-10,1826
-4,2877	-13,3939
-27,5529	-9,8550
-9,0063	-11,2312
-28,2737	1,0239
-11,1690	-7,0369
-20,9993	-21,8478
-28,3395	11,7064
-26,4386	3,5798
-19,9511	-13,7871
-24,9315	-21,2580
-37,5147	-3,1046
-22,5067	-10,6415
-35,6142	-26,4354
-24,9317	-18,0468
-39,1530	-12,6076
-26,2424	-15,4911
-37,5801	-19,7510
-27,3565	-14,5081
-28,0117	-24,8627
-15,6256	-11,3623
-31,7471	-13,5906
-18,2468	-10,3792
-14,2491	-6,1850
-17,3295	-9,3306
-20,8025	-1,1387
-13,7249	0,7619
-6,9744	-3,3669
-13,7906	-9,7892
-11,2998	-8,5440
-17,5914	4,1699
-2,5181	6,0048
-16,1496	-8,8060
1,0864	3,0561
-13,9213	20,4229
0,4967	20,5539
-12,8724	22,0613
7,1159	15,6388
1,0213	11,5757
-3,6320	32,6782
14,0629	12,3619
8,5576	12,5588
5,0845	27,7628
10,1959	-8,8716
9,0166	4,1047
-0,9452	5,5464
19,5678	8,1022
-8,4818	13,9349
4,1669	-0,9417
3,5113	-6,1188
4,1666	32,6127
-17,7221	14,0003
5,5431	7,9058
-7,7607	14,0005
-3,1078	10,3961
-11,8237	4,1047
8,2955	8,5611
-6,2532	16,4253
-3,1731	7,7090
7,1816	-8,6748
-6,5811	9,6751
15,0460	3,7767
0,1034	-10,3789
6,1986	12,3620
-0,8140	3,4489
8,8198	-3,6288
-13,2002	4,8253
7,6401	1,6796
-8,6127	-4,5462
5,6085	20,4228
-5,3359	5,0873
10,6546	-5,3981
-21,1955	9,4784
-8,1540	0,8930
-6,3190	-0,8764
-8,2853	0,5000
-13,9867	3,5800
-15,8220	4,3008
-7,7610	2,0726
-25,4560	-13,4592
-5,9918	-0,0243
-41,0537	1,3517
-30,8298	-6,7745
-30,4368	-4,0221
-28,4710	-4,1529
-54,6851	8,1020
-38,9564	3,7766
-44,2648	-10,7722
-37,1215	3,8422
-32,1406	-2,1872
-26,5702	-9,9860
-29,0603	-8,6097
-33,3201	-12,8696
-19,2298	-11,2969
-30,4366	-28,6638
-17,3946	-23,0931
-29,5846	-1,9908
-19,0987	-19,6199
-23,8174	-11,6244
-11,6277	-16,9984
-40,0047	-11,4933
-20,0818	3,7764
-39,2183	-19,6198
-25,7180	-10,9689
-24,3417	0,4342
-26,5702	-12,4110
-26,5699	-15,8185
-28,7327	-3,5636
-15,6908	-19,9475
-34,1068	-8,0855
-8,8749	-26,1736
-13,9873	-29,4501
-11,1034	-12,8698
-21,3927	-30,3679
-2,8460	-30,3677
-29,6503	-26,8289
-22,5723	-18,3092
-30,8298	-25,1904
-15,1012	-33,5135
-38,9562	-27,2874
-16,0187	-6,4474
-25,8490	-25,4528
-18,3781	-29,1225
-23,7517	0,6960
-11,4312	-32,2687
-15,1666	-30,1055
-14,1836	-30,2368
3,3801	-29,6470
-18,7056	-22,4381
-3,9597	-25,7803
-12,6761	-31,5475
7,9022	-18,1126
-7,8919	-17,9816
12,6863	-9,3308
-8,0230	-11,5591
-2,8456	-21,5858
-4,7460	-0,2212
7,7056	-16,7362
-7,1708	0,6309
-3,1733	3,3176
6,1984	-13,9182
-2,1250	-22,7653
0,2347	-5,1362
-17,0672	-9,5930
-5,4671	-20,0784
-15,8877	-12,4762
-13,1350	-2,6456
-25,1937	13,2793
-2,1251	-13,4592
-32,7304	-0,6793
-13,7248	28,6148
-26,9630	8,2331
-3,8945	11,2480
-25,4556	7,9711
-10,7756	14,5248
-16,4116	20,4883
-3,7633	2,8592
-3,1735	5,6773
-18,5090	14,9179
-4,3529	-2,3182
-16,5430	-11,9517
-7,4989	1,9418
-19,8198	-1,4006
-20,6060	-8,8717
-27,0286	-4,3495
-13,0696	4,3010
-27,9462	9,4784
-18,1159	3,4492
-27,4217	11,9033
-9,0721	16,9495
-28,7325	5,4152
-20,5407	17,9982
-10,9723	10,6580
-23,1622	8,0367
-18,1810	14,1314
-10,2515	-3,4321
-3,3701	-1,9247
-17,8536	12,8206
-2,9112	-3,3012
-8,9406	-1,4660
7,0501	-3,4979
-22,4408	-9,1994
-2,5834	11,2476
0,3002	-12,9350
9,9992	-9,3303
-12,2172	4,5629
-0,8140	-2,0561
4,4944	4,3010
-2,0594	7,3155
-4,4183	1,6140
3,4456	-0,8109
-1,6005	-11,0998
-21,5235	6,0706
4,2978	10,1334
-13,5940	-12,4762
2,5281	1,3520
-25,7179	5,8082
-15,0355	-6,8401
-27,2907	-0,6798
-12,8072	-3,7599
-13,7247	1,2208
-9,1374	15,0487
-15,3629	-11,8866
0,3654	-0,2864
-10,6444	3,3178
-18,7709	-6,0538
-9,9233	-8,0853
1,2174	4,7597
9,0163	-2,1872
-8,6129	-3,8254
11,3103	-5,8570
-13,0037	15,8355
9,8030	15,5732
-1,5348	1,2865
21,4682	11,9034
-2,6489	13,6073
7,3125	5,3499
-1,7314	16,1633
4,4944	9,5441
-0,2896	14,6559
-5,9258	15,9010
5,5431	2,3351
-0,7487	-4,0218
-1,2071	3,1869
-10,1857	9,9371
-0,4206	5,8083
-5,5983	-15,8840
14,3247	-2,4491
-22,5721	19,3087
-8,0883	-2,8424
-9,5958	-4,1529
8,2298	13,2141
-15,4285	2,7282
-5,4016	11,7069
-11,5619	4,5633
-7,1712	12,6899
-5,7946	19,8331
3,5766	9,6096
-3,0422	9,2820
5,3461	17,4083
7,5746	-0,0243
-8,2853	3,6459
4,7566	-5,0049
-11,0378	4,0390
-1,4039	12,4274
-16,8705	-3,2356
-3,1079	-0,1553
-19,0986	12,8861
0,4966	6,2015
-12,2830	4,8254
-19,4263	4,3010
-5,3358	0,3689
-9,1373	6,1360
-4,2872	1,0241
-10,3170	-4,8084
-10,3821	9,2816
-11,2344	-12,4108
-5,2049	-11,2965
-15,2321	-0,4178
5,9361	-13,9837
-17,7225	-21,2581
9,2785	-6,9057
-17,9846	-6,6437
-3,5008	-10,6413
-10,5134	-11,7554
9,4095	5,2185
-10,2511	10,1336
-1,6005	-3,4978
-7,4331	0,3690
-5,2052	6,2671
-18,7053	1,3520
-15,7563	-2,9079
-5,7293	-0,1554
-21,1960	-3,1701
-8,8749	10,5923
-12,9385	-12,4763
3,2488	-12,0173
-27,3562	4,0387
0,9554	-11,5588
-20,8025	-10,0514
11,3756	-14,3768
-8,3506	3,1213
1,8729	14,4589
-3,0420	2,5967
3,1181	2,2693
-0,7483	7,0533
-7,8919	-6,9713
-2,8453	-12,7382
2,8558	-0,3521
1,0211	2,3348
-7,5644	2,0727
5,5430	-6,1847
-14,8388	0,0413
2,0040	12,5584
-12,4796	4,2355
14,9146	11,1824
2,5281	14,0659
5,5429	12,8207
-2,3211	13,0829
16,8806	15,5733
-2,5178	12,2965
-8,6782	14,7868
-1,1413	-8,0852
5,1497	2,7285
3,7082	17,9981
-0,0932	4,0388
0,4312	7,5778
-8,1542	-1,7937
2,0695	-0,5484
-26,1765	10,4615
6,9847	4,6943
-19,8197	5,8085
-0,2899	8,4298
-23,5550	5,3496
5,8703	-6,1846
-19,9506	11,0513
-11,8897	10,5924
-5,2703	10,9200
1,1519	-10,1825
-1,6659	1,7452
-1,9281	17,9322
7,5748	-6,5126
8,4921	-7,0367
10,5894	-8,2163
-2,1246	6,5947
24,1554	-4,1533
1,7419	-1,6628
14,4560	-2,4492
-14,2488	3,1869
4,5601	-11,2967
-13,2658	-14,9664
0,1035	2,2693
-14,3799	-1,5318
-7,6955	-0,8764
-0,6174	-13,2627
-2,5837	-16,4083
-5,5326	6,7257
7,1812	-16,6707
5,2808	-15,6873
-8,2851	6,7910
9,4098	-7,7579
-3,1076	-5,0708
18,9126	-7,8889
6,1330	-5,0708
31,2333	11,3132
5,0190	-7,5611
18,6505	10,7892
18,6505	19,5053
13,4729	-7,1021
1,0215	7,0541
13,8662	21,1439
12,6210	7,1193
2,5939	16,4255
15,0459	-0,0897
0,3656	5,5466
16,8153	18,7189
-3,6322	12,9517
4,1668	-2,9078
-7,7609	6,7915
6,9191	7,3811
-21,3923	7,1846
-6,3847	-1,5971
-26,7007	13,6072
4,0355	14,0002
-25,1935	2,2039
-10,6446	7,3815
-6,7122	17,9324
-17,2638	6,0705
-3,8284	10,0026
4,8874	0,4344
10,1960	0,6966
-2,0592	2,0072
18,3226	-4,8086
10,5892	-1,2694
-0,0930	19,3086
-1,6658	-1,7284
5,1498	4,7599
-13,1346	14,1314
11,1135	13,4105
-14,7731	9,7406
0,8243	-0,4174
-11,4963	14,0005
-4,9429	22,6511
-2,8454	1,6141
8,6228	4,8255
-0,4863	8,4954
-7,3678	14,7213
4,4288	-3,3010
-9,3994	11,7722
7,0502	12,0343
-25,8489	19,0466
0,2345	9,4128
-19,4264	-5,9224
-5,9916	11,6411
-29,2566	9,1505
-11,6277	-10,2480
-19,7541	-6,6435
-14,5769	-0,5488
-31,0262	-3,3014
-19,4265	-19,2919
-24,3416	-3,8911
-33,5822	9,1503
-11,6276	-6,1850
-16,6086	-9,0028
-5,2707	-7,6266
-14,6424	-1,2697
-5,7950	2,9246
-11,4311	-13,8525
-8,1543	0,5000
-21,2613	4,4974
-1,9939	-8,4130
-27,6183	-3,1045
-6,6469	2,7937
-19,2953	6,9879
-11,9553	3,5799
1,9383	-12,2138
-17,4605	-6,1191
-23,0306	13,5414
-1,9940	-11,5588
5,6083	-6,5123
-15,8221	-1,8596
-10,5133	-11,1000
-8,4819	-8,5442
7,5744	-19,5542
-15,2977	-18,7021
1,2831	-11,1657
-11,4308	-30,8265
13,6037	-20,6683
-15,8873	4,3006
-1,4694	-29,5159
-6,5156	-15,8841
-2,9768	-13,9183
-14,9041	-10,9689
-4,6152	-9,1994
-5,4671	-4,5463
-9,6616	-4,9395
-6,3846	10,7891
-7,8922	1,8761
-6,3193	0,2379
-18,1158	1,6140
-10,8412	-1,0073
-29,3878	3,0559
-12,6762	-0,8108
-29,0601	-1,4660
-8,0887	12,9518
-27,0285	5,2185
-4,7464	1,7453
-15,8874	16,7529
-22,7031	7,2501
-5,3357	1,6798
3,2490	-1,1384
4,1014	10,3302
5,0187	5,7427
17,4707	-12,7383
0,3002	-5,7259
24,4175	0,0412
1,4798	1,8761
21,4029	14,3935
6,2640	6,5946
7,9680	7,9710
8,3613	2,3349
23,2376	-6,7745
-1,7313	1,8106
-3,8940	8,2327
-5,2700	-13,3284
12,0966	-10,3791
-0,3550	-22,8311
-1,6003	-9,5930
14,9805	-5,2021
4,9531	-21,1929
18,0606	-30,0399
-5,5980	-7,2337
13,8664	-30,0402
1,2178	-22,7655
18,7814	-9,0031
6,1330	-14,3773
16,1600	-15,4258
4,5602	-24,9283
15,8978	-20,7340
8,6891	-20,9308
11,7691	-26,4357
18,4540	-15,6221
14,0628	-3,1706
26,5149	-22,8311
19,8299	-10,9034
26,2527	-9,1340
26,3836	-3,9564
34,5101	-0,0245
6,0676	-15,2942
25,1385	-3,6941
0,0382	11,0514
19,0437	-1,5315
-5,0080	-0,2206
9,9995	21,2750
-6,3189	27,5009
7,9021	22,7822
-14,0522	7,7090
-9,7925	12,6900
-6,4501	25,7313
-0,1589	-1,9904
-3,3701	-2,7112
-3,0426	11,7721
-4,0909	-6,8402
-11,1689	-6,7089
-0,9452	-2,0561
-25,2590	-14,4424
12,4896	3,1212
-29,3223	-16,2776
-9,5303	-20,0784
-25,6522	4,7594
-5,2052	-19,7510
-28,0770	-9,7237
-13,0039	-17,5883
-19,0986	-3,8911
-6,4504	-0,7456
-7,4331	-7,7578
-5,2708	-9,3961
-7,3019	0,4997
3,1836	-13,2628
15,1768	-11,2965
-3,2390	-9,5272
0,6937	-13,9180
-4,5493	-5,8572
22,3857	-13,1972
-5,0083	-15,4908
9,3441	7,1844
-12,6759	-9,6583
-2,2557	4,8253
-6,3190	-0,7453
-4,6808	10,1335
-4,6150	-0,4177
4,5597	-15,4906
-5,8602	4,1701
-6,5157	2,6624
12,7520	-14,2456
-3,5013	-1,7282
2,7250	3,7110
-9,3993	-19,2264
3,1180	-13,6559
-18,8364	-10,1824
-2,3215	-9,6582
-17,4603	-2,6460
-1,8629	-10,5103
-24,8003	-11,7552
-13,0039	6,0048
-17,2638	-10,5759
-19,0988	-14,1146
-10,4478	-2,7116
-22,3102	-5,3329
-8,6783	-8,4131
-8,8098	-24,0761
0,5621	-9,3304
-17,8537	11,5099
-8,6129	0,9586
-16,6739	-3,1045
1,5450	17,6703
-20,3439	4,6289
-6,9090	8,9543
-13,3315	10,8548
-7,5645	13,5417
-7,8919	27,1733
-8,6130	8,1021
-5,2705	0,8280
-3,5014	19,1778
-12,3482	7,1846
1,6106	-0,6140
3,7734	-1,0729
-1,2729	4,0389
2,0696	2,0726
-14,5766	-16,0806
13,4073	-1,2695
-9,9235	12,9514
6,8537	-12,0832
-9,0715	-9,2650
3,5113	-5,6607
-5,9910	-8,2166
9,9338	3,0555
-9,5955	-22,6344
18,7156	-8,4131
-13,3966	14,1964
5,3466	-20,4064
18,9781	-8,0853
0,3001	-1,0732
14,8494	-12,5420
2,0696	-0,1555
27,6943	-17,1949
-14,3145	-5,5293
15,9634	1,8760
-3,3044	-16,8673
8,3611	-8,6750
-13,5277	10,7233
3,9048	-16,2120
2,1354	-6,1191
5,2152	-10,2483
-8,7435	-3,6944
-3,5010	-4,6122
5,2810	-28,7948
-2,8458	-11,2310
-3,8287	2,1379
-15,1010	-11,8867
1,2830	-19,4233
-20,9994	-26,7632
-12,3485	-12,1487
-21,3270	-2,7117
0,5620	-22,1103
-15,4943	-20,7337
-1,9939	3,5143
-14,7733	-26,1734
-0,5520	-18,7021
-7,5641	-3,1050
0,8898	-14,5736
1,1523	-22,3068
8,6885	-23,2898
-3,6973	-15,2944
2,7250	-8,0201
19,1090	-16,8018
9,3439	-23,5517
19,8955	4,8251
4,6254	-11,8866
19,3056	-13,3281
-5,5325	2,2694
18,0606	-3,8911
-6,9087	2,2694
9,0165	-4,0877
-6,5153	-9,7236
14,1282	13,4103
-5,7290	-9,3962
-1,6002	-4,9396
1,2179	-2,7770
7,6402	-3,6945
21,9927	9,6092
4,1667	-13,2627
16,8154	-0,6796
2,3973	10,7233
14,1939	-8,8718
9,9339	-11,6896
24,7449	-1,2695
-7,4332	-11,6898
-1,7971	-3,1700
-15,7560	-2,1216
4,5599	-4,2841
-23,8826	9,2815
0,8242	-5,5950
-7,4332	8,4300
-0,1589	19,5052
-12,3483	-9,5924
-5,5328	9,8062
0,4967	11,2479
-8,0232	8,5611
1,9384	3,7112
-17,3293	-12,6071
-2,1904	10,5927
-27,3563	5,0872
4,1010	-16,8015
-35,0896	-12,9349
-5,7948	-5,7262
-21,0648	-15,1634
-11,6276	-5,3330
-15,5597	-25,9769
-2,9769	-14,1148
-14,5110	-10,4449
-7,4988	-26,2391
0,4312	-21,6514
-1,9283	-4,4156
-3,5664	-12,2800
-12,2174	-12,0832
14,8490	-12,3454
-16,0841	-15,5565
7,1158	-2,7771
-16,6084	-7,5612
-7,3676	-24,4692
-6,9743	0,9586
1,8727	-2,3184
-8,1538	-10,2481
11,1133	-13,0005
-5,6635	-11,2311
2,7904	-6,0539
5,6742	-16,6706
11,7688	-6,5780
13,7351	-1,9907
0,2345	-3,3014
10,3274	-4,7430
7,9022	-5,9228
15,3735	-0,0244
-3,4353	4,7596
13,5385	-12,0174
0,3002	-2,1869
12,6210	6,9224
2,1353	0,3689
7,9023	2,9247
5,0845	-5,9882
4,4943	-4,6119
4,6258	-0,4178
8,8196	-13,4594
4,1014	-10,7723
-8,2196	-1,4009
4,1013	-16,9329
1,0864	-14,1801
0,0380	-0,1557
-9,9236	-11,4278
5,3464	-8,0853
-27,1593	-8,9374
3,7736	-7,4954
-12,2173	1,4173
8,0988	-13,0661
-16,2151	-6,3813
-5,4016	10,0025
-18,9674	-17,9158
-12,0208	-3,6288
-7,2366	-6,1848
-14,9702	2,6626
-16,9359	1,0896
-9,1374	-10,6413
-13,9214	-10,3789
-29,0603	8,1676
-7,8265	-4,4809
-26,5700	-7,7576
-9,0063	-3,8255
-29,0603	-0,4176
-16,6083	-3,6945
-20,2130	-10,9690
-15,8220	-13,4593
-23,3584	-3,1048
-3,4359	-6,6438
-18,4434	-17,9157
-11,6932	6,2012
-9,2683	-3,1704
-14,5113	0,1065
-13,2002	-1,5974
0,4310	-8,8061
4,4287	2,7937
-9,2028	-8,6751
6,1984	-9,9200
-1,7972	9,7407
15,7010	11,6411
-17,9842	0,3035
17,6017	14,4593
0,2348	13,4106
7,5092	13,1484
-0,7480	5,6774
23,1067	1,6143
9,0823	19,0466
11,6380	-4,8740
12,3592	-5,6603
20,1577	-1,7283
29,0050	-3,2358
12,5553	-7,5611
21,1409	-8,6098
18,7813	-24,4693
11,7691	-7,8234
4,2326	-18,1125
20,1577	-10,8379
3,7737	-11,1657
13,7352	-16,9983
3,3805	-6,9058
4,3634	-10,2480
-1,0759	10,1993
1,0865	7,3155
-2,9109	-6,8399
7,2467	5,6119
0,5624	12,8207
-5,4671	7,9710
14,1283	-1,9248
-4,0254	5,1530
14,5215	-6,1846
-7,4987	3,5802
6,0673	1,6795
-9,5957	3,5146
-2,3212	12,4273
-12,1516	-7,2990
0,3001	-2,6457
-20,2125	-4,6119
-3,1079	3,8423
-16,2805	11,4443
-8,2197	3,1212
-4,5496	-1,6627
-13,2661	10,8546
0,3657	-7,6266
-12,6762	-8,9371
5,9362	9,5438
-18,3123	-3,8911
12,6865	-8,4130
-7,5644	-18,5054
-0,6174	-1,4660
-19,0983	23,9615
16,9463	-1,2698
-5,4016	-3,9564
15,2422	6,3981
-14,9697	2,0073
2,1352	6,4637
-0,1586	-5,9880
-2,7146	5,7429
2,9217	2,3350
-2,9113	-6,9054
-9,6612	5,9397
-4,0252	15,3111
12,4241	12,4275
-15,9528	8,8887
-1,9937	8,9542
-11,3654	15,7700
-2,5181	13,5417
-21,1958	7,1848
-17,0015	2,2698
-25,2589	19,3744
-17,0017	8,3643
-23,0964	15,5079
-33,7134	7,5779
-23,3585	8,8231
-14,2495	13,2795
-26,3078	6,5292
-30,6988	4,8910
-10,5791	4,1699
-22,3102	5,0219
-9,5960	7,5778
-14,1181	8,4952
-1,2074	-17,7190
-10,9722	-1,8591
3,2491	5,5461
-13,1347	-5,6604
11,8999	1,4175
-11,9549	-4,4151
8,4921	10,5926
-6,8432	13,8036
-2,2559	12,6241
-8,2194	9,7406
1,2830	7,4468
-4,9429	12,7553
-11,5620	12,3619
2,3971	-7,8230
-15,2978	4,4979
-10,7101	17,2115
-17,0015	-7,7576
2,5281	-9,4613
-15,6907	12,2309
-6,5812	4,2353
-13,7900	-5,5949
-1,4694	-4,3496
-11,5619	5,4807
-17,9845	14,1967
-7,9574	-6,7091
-15,4288	-2,2525
-10,2513	11,4444
-19,7543	5,4150
-9,9238	-0,0898
-26,0458	-0,1553
-16,0186	15,3111
-30,1745	11,5101
-13,9871	-4,7427
-40,9878	9,6098
-13,6593	10,6582
-32,4026	8,2991
-12,4797	13,4762
-33,3200	14,7869
-21,5236	3,7113
-23,5551	11,5100
-9,9895	-0,4831
-28,4703	-10,0513
-17,5260	2,4004
-15,6253	-9,5927
-19,5578	-8,7406
-16,4774	2,4658
-25,3249	-8,6097
-18,5745	-10,5101
-24,6694	-13,6558
-8,9408	-7,8887
-18,5745	-1,8595
-3,1081	-14,7700
-13,0039	-8,2164
2,2004	5,6772
-8,7439	-3,8911
-6,3191	-6,9712
-4,7460	0,1721
-1,1418	1,5484
3,8392	4,0388
-3,7631	-3,9566
24,9417	-5,8568
-4,7464	20,1607
7,4437	0,1723
-0,0932	-5,0703
10,7203	15,3113
-9,5304	8,0367
-3,6321	18,6535
-5,9257	1,6141
9,0163	1,8109
-9,2682	24,1583
-4,1563	-5,2017
-1,9936	-2,1867
-7,9576	14,7867
-6,2534	2,6626
-10,4481	7,5780
-3,2388	2,0073
-18,6400	7,6436
-11,9551	16,7530
-9,9238	0,6311
-0,6176	10,4617
-11,4311	24,6172
-12,4795	3,1870
-7,2366	5,8741
3,9699	7,4469
-25,0622	-1,9247
3,7736	12,2963
-12,1517	-6,7744
6,0018	-0,7452
-4,4839	6,5290
-0,6174	-12,7385
0,3659	-11,7554
9,0817	-14,7699
11,1792	-7,8233
3,3802	-5,9227
20,4854	-11,9520
-0,4210	0,8932
12,2278	12,0341
-7,5641	-0,6141
18,1915	0,3036
-15,4940	11,9688
8,6888	7,1847
-8,6784	6,5950
-2,9112	1,3521
-12,1516	9,3475
1,7417	17,0805
-7,5641	-6,6435
-4,2220	-9,7889
-11,6273	7,1190
-9,0060	-2,7115
-1,4036	-11,8864
-6,8435	-11,1000
0,4313	-6,7092
-9,3339	1,5481
5,2808	-28,0084
-14,8389	-21,6512
-3,0423	7,5120
-20,9992	-8,1512
-2,2560	-11,7555
-20,6060	-13,8527
-5,9261	-16,0152
-13,7903	-4,0877
-18,1158	-16,1464
-19,7539	-8,2164
-8,3510	8,4296
-3,0423	-3,1702
-3,5668	10,1991
2,4627	2,2037
-4,8774	1,2208
9,0164	6,0705
-6,7123	-7,9541
7,2469	1,0245
-12,6759	29,0079
2,9215	-6,3814
-19,3606	5,5466
-10,9721	28,5493
-24,7345	20,0296
-0,5521	12,4931
-20,2128	3,0560
-4,6154	6,4640
-19,8195	14,6558
-15,7564	11,8376
4,2977	-0,0896
-11,3002	13,0828
-2,2558	-4,8740
-4,6809	2,7284
8,8197	1,1553
-20,5404	3,1870
7,8370	6,5948
-9,0059	-1,4005
16,0944	-1,1382
-4,9425	16,9494
10,6551	1,0899
12,0969	9,1509
27,1044	10,0028
7,5094	10,3306
17,0775	22,8478
22,5827	5,2187
17,6016	12,7555
23,1069	20,1609
7,1160	9,8716
24,4176	-0,4172
0,0379	-0,9416
11,2449	11,7722
-3,6975	-4,4152
12,9486	-7,4297
-6,7778	3,7113
-1,1416	7,4466
-10,9065	-4,5465
-2,3215	-12,4762
-8,2195	2,3348
-11,5621	-16,0153
-7,7608	-10,1824
-7,9576	5,2837
-3,8943	0,5653
-15,8220	4,8251
-1,5349	-6,5126
-14,7079	-2,1215
-9,7269	14,4587
-21,1957	-20,0785
6,6570	-6,7089
-10,3824	-2,9738
4,6910	-20,7338
-15,1661	-7,6266
21,1406	-8,9374
-13,3967	-10,5103
11,2449	0,9582
12,6211	-22,1756
11,5723	-20,2094
10,5895	-3,4326
4,2324	-16,5398
15,6357	-19,0299
9,1472	-26,4355
4,0358	-6,9712
-2,5180	10,2642
7,5746	-26,8288
-8,6129	-13,4593
8,4265	-14,3114
-19,3607	-15,5566
5,3463	-10,3137
-19,1641	-23,0933
-5,0741	-8,4132
-21,1301	-3,8260
-7,6956	-27,2219
-22,5720	-14,6390
-11,1690	-5,3986
-19,0986	-9,7894
-17,5260	0,8275
-9,1371	3,4488
-25,0626	-3,6945
-6,2535	-5,3327
-13,7248	-10,9687
2,2005	1,2865
-14,3145	7,1846
3,1181	-5,9225
-8,7440	-1,1383
0,5622	9,0851
-14,9043	-2,9080
-2,5835	5,9393
-5,8603	-0,0246
-9,5962	-15,2288
-16,4115	0,3031
-14,7735	-18,7024
-13,7247	-26,0422
-17,9193	-14,9012
-14,5767	-26,6977
-23,6864	-13,3939
-14,2490	-1,9909
-21,9825	-10,3137
-10,6447	-5,8573
-28,7326	-8,0199
-11,6932	-8,4784
-24,9969	15,6386
-6,3193	0,6310
-17,3947	-12,4760
-10,4481	6,0051
-20,2126	18,5223
-8,5474	7,9709
4,8875	-4,8084
-5,9917	1,5485
0,0380	7,4467
2,1349	0,6965
5,2808	-6,1846
-20,5405	15,8353
5,0843	8,7574
4,8217	1,0898
3,3800	-5,9879
-19,6229	12,4276
-2,1904	14,5901
-9,1371	4,6943
1,2174	3,5803
-16,0838	28,3526
-3,3045	8,6917
1,8731	-12,1484
1,7417	-1,4661
6,0675	-2,1872
10,2616	-0,4834
13,8008	-17,4571
17,1430	-16,5395
17,9296	5,4804
5,0190	-13,5251
28,7430	-17,5880
7,1160	-7,7578
11,5726	-7,3645
3,2494	-2,0563
13,9972	-17,3915
6,4607	-9,8548
10,0650	4,6284
-2,5831	-10,5761
24,0242	-19,1607
13,7352	5,8081
4,4290	0,8929
15,1773	-5,4640
21,7959	-9,9857
13,8007	18,9813
8,8856	18,8499
22,5825	14,7213
6,9194	16,8843
12,9487	33,7925
-0,6827	22,4548
28,3496	27,3045
-3,6974	25,7317
8,1647	23,0447
12,8177	20,6197
12,5554	1,4834
10,8517	17,4742
-3,0422	17,4082
1,6113	7,7745
9,7372	4,9566
11,5069	5,4151
-8,5474	7,4468
-8,4815	-0,8108
-6,7123	-7,6264
7,8365	2,0073
-33,1889	9,7404
1,3487	-12,0175
-17,8536	-8,6094
0,4964	-1,1385
-22,9652	5,8083
-3,6324	2,7937
-23,4239	-4,9396
-2,9112	-4,5461
-8,8095	10,9857
-6,4502	11,1823
1,6109	1,2865
1,9382	11,7067
7,0504	3,5803
1,0863	7,7746
9,4096	5,2842
-7,8919	9,8062
6,6571	17,3426
-6,1224	-1,7938
-2,1903	-3,0387
-2,9110	19,4398
3,1836	-1,7283
-9,8578	-1,9902
5,8706	7,2502
-3,8941	10,3959
-5,4671	10,6581
7,5747	14,2626
-1,0108	18,4568
-6,5810	10,4614
1,5453	-1,3349
15,7010	9,7407
-1,4039	6,1359
13,4729	12,0343
8,8853	2,4004
17,7327	-12,7383
7,3125	-3,3011
11,1792	6,0704
2,5942	-8,0200
24,0242	-5,0050
-2,1245	9,0194
10,9827	-13,0006
2,9873	4,0388
1,1521	-1,2042
6,7228	-5,0706
5,5428	14,9177
-1,7314	-2,3184
-9,2684	-12,6726
-10,5134	13,2138
-19,7541	-9,7238
-16,0841	-5,0704
-20,4095	14,1314
-12,7419	3,8420
-32,1405	-7,3643
-22,1135	-6,1846
-28,6014	1,2207
-21,2615	3,9076
-22,4410	-10,5758
-9,3995	-15,5563
-14,3146	-3,4980
-10,0548	-5,2018
-4,8772	-6,1194
-10,9067	-20,4061
2,7250	-9,7237
-13,8556	7,3153
11,1137	-11,6245
-6,8433	-7,4956
15,8323	6,3979
-7,6951	-10,5760
20,8131	-14,8354
16,0944	-18,5056
16,5531	-5,8571
2,8565	0,3686
18,3882	-15,2287
15,1771	0,8932
9,6063	6,5947
21,9274	5,3495
24,9416	-1,0728
20,6165	4,8909
11,1137	-4,0875
17,4053	14,5901
15,3081	-9,8548
27,9565	2,5316
-4,5492	9,0848
25,9249	-15,5565
-4,0906	-15,0320
17,0121	3,7111
0,2348	-2,7115
8,8854	2,7281
-8,4815	-3,4324
8,9509	4,5632
-4,6805	31,0394
0,4968	0,7619
8,6233	-0,0896
0,4311	10,3304
5,4121	16,7529
14,2592	15,5077
7,1814	-2,0557
-0,0930	13,3452
10,8516	4,8254
5,9363	-1,5314
8,2302	15,7044
-6,3188	14,9177
7,3782	-10,5756
-10,5784	-1,6626
10,0651	8,0365
-10,9717	0,3688
-7,3674	1,4830
-7,2362	-0,3521
13,0141	-0,9418
14,1282	11,7065
0,4310	1,0897
12,4244	-2,8423
1,6763	-7,8230
11,4412	-0,7451
-9,2681	9,4783
17,6017	-6,7090
1,3487	1,3519
7,7712	8,8884
-3,3697	-5,4639
11,8346	-9,1338
2,9219	0,3033
14,2594	-2,4492
5,2158	8,4952
17,0119	-0,8765
-1,7311	3,0558
15,3736	9,0194
22,7792	-10,5757
6,1984	-5,5294
16,0290	2,2038
-7,4331	8,4296
15,6359	-5,7916
1,2175	-10,6411
14,3249	4,6943
-10,3166	10,9201
6,4606	-4,4807
-4,6806	4,1047
13,4728	20,5539
-10,5133	8,0367
8,8199	9,0197
4,6910	-1,3349
-4,9428	5,7429
-2,5176	0,3033
3,8391	-7,1677
7,3127	3,7112
5,9361	8,1018
20,3541	-11,1001
1,6762	-12,4107
12,8174	-5,2019
-14,0522	1,0238
4,4944	-16,3431
-14,9042	-25,3868
10,4581	-13,5248
-23,2273	-1,0732
-5,8602	-13,1974
-14,2489	-16,9328
-10,0548	-1,5320
-10,8410	-14,0494
-23,2275	-21,7825
-8,8093	-15,7534
-11,6933	-19,1611
-10,1203	-7,2993
-22,3101	-27,2877
-6,3192	-23,8139
-21,0650	10,4610
-5,9915	-9,5274
-27,1596	-6,6435
5,1496	1,4829
-21,9823	8,8885
-3,1734	11,3789
-16,9359	0,4344
7,0501	3,3182
-10,0547	20,6193
-7,4333	-1,9905
-11,7584	-3,6286
0,0378	8,8228
5,2154	-9,7894
5,2151	-10,9032
14,7837	-6,9714
4,6256	-26,1733
25,5973	-10,3792
3,5116	-18,4402
29,7262	-26,5665
20,3543	-11,3623
14,9150	-17,5883
14,5874	-10,5104
13,2110	-24,6661
1,0870	-9,7238
14,9804	-3,1705
6,3952	-15,6222
3,5114	-13,5904
2,5285	-4,0879
-0,7486	-14,0493
5,4774	-14,7699
-8,7442	0,4997
12,2930	2,0071
-27,0288	-7,6266
0,5622	-5,4638
-10,3171	0,2379
-0,4866	11,8375
-29,1257	-0,8108
-9,4649	1,6143
-28,5356	11,1168
-9,0061	9,2162
-25,1933	5,6118
-4,5497	2,5974
-12,6103	11,1825
-4,8118	20,9473
16,6842	-0,0897
7,1812	-3,0386
17,0120	19,5711
-0,5519	6,2672
15,1115	5,3498
2,9215	2,2695
6,7884	8,2989
-16,6080	11,1167
-3,1076	-4,0220
-8,6126	1,9418
7,5089	17,0805
-17,8533	1,7449
-7,3678	-2,3837
-21,7199	-3,1701
-10,9068	-6,5779
-16,0839	3,7767
-15,1011	-6,5780
-7,8264	4,6942
-11,7588	14,6556
8,6231	7,2500
-16,2152	7,5779
6,6572	7,9710
-12,2173	3,1872
9,4753	14,5248
7,3124	5,8740
13,0141	9,6098
-1,6657	25,9280
15,2423	1,8109
5,1499	1,6144
6,1327	13,0173
-7,1052	-3,1701
-1,6659	-0,3518
8,5578	1,1554
-7,8264	-5,2672
3,1184	6,9880
0,9554	-2,5148
10,4582	-5,4636
-21,5231	-0,2210
14,7182	-6,5125
-0,0932	-2,5146
-8,7436	1,2862
-1,6001	-13,9182
11,7688	-12,8040
-4,4183	-26,3045
1,3488	-18,0468
8,2957	-4,5468
0,4966	-23,6177
2,3977	-13,3939
8,3609	-20,0787
13,2766	-17,5227
10,3925	-2,7117
14,9804	-10,4449
-0,0275	-2,3838
21,2064	1,5482
9,7373	-12,0177
15,5046	-17,3257
-8,8748	4,2353
15,2425	-4,6119
-1,9935	-7,5610
-0,1586	-2,3181
-2,7797	-0,5486
4,4944	5,8738
-12,8723	-0,8764
1,6764	10,1992
-4,5493	13,1482
4,4288	-0,6799
-3,9596	-8,8716
-4,5497	6,0049
-4,2874	-9,6582
-21,7200	-0,0243
9,6060	-7,2989
-11,5624	-5,5947
-2,6493	11,6410
-22,3099	-12,5417
-2,4526	-6,5121
-16,7393	10,5925
-10,1202	6,8568
-9,0059	6,9225
-5,7949	3,2525
0,2348	-1,4007
10,3270	7,1847
16,4875	-7,2988
-1,4039	-13,5244
-0,0272	13,1484
3,6425	-0,5487
12,0311	2,0074
-2,7146	3,6456
10,3272	-0,8763
-12,6104	11,5755
-1,7313	-14,5079
-3,5009	-13,1967
5,8050	17,6701
-16,2148	-11,4279
0,1690	-7,8886
-1,5349	-4,0878
-7,6954	-19,4231
-5,4669	-0,7453
-0,6175	-13,4594
6,1983	-20,5370
-14,3801	6,8568
5,5432	-16,2120
-5,2707	-10,2479
9,6062	-7,6922
-18,1811	-5,2674
5,0188	2,5968
-25,5866	-11,2313
3,7735	-12,7384
-17,5257	-2,5806
-4,0908	-6,0540
-19,5573	-12,2142
-2,5836	-7,3647
-10,5133	-19,6197
-6,8435	2,2037
3,1836	-6,0539
-4,0909	-1,4007
7,1815	13,8689
2,3971	-18,7679
16,2911	-17,1946
5,9362	18,9152
15,9634	-16,1465
7,4436	-23,6828
13,0142	-7,6922
-13,8553	-7,5612
12,6211	-3,3670
5,8053	-24,0107
4,0356	-17,9157
-4,6803	1,8759
-0,0275	-5,3331
3,6426	-15,0977
3,6425	-9,5272
11,5069	3,6455
-0,6173	-10,7724
18,9126	-18,0467
2,2008	-9,0027
19,6991	18,9154
2,0698	-8,6752
30,1847	-12,2794
3,7081	8,0366
9,9998	-6,7090
3,3807	-3,7597
18,4537	-3,4323
2,9219	-6,3157
6,6571	9,4128
-0,4204	-5,5952
11,7688	-12,1483
12,1622	17,4734
-3,5666	-14,1148
-4,6804	-13,7212
7,7712	3,0557
10,7858	2,0072
-7,0399	-1,4663
0,2347	-6,9056
-7,4332	-0,1553
7,3126	11,5099
-9,7268	-3,3668
2,7905	-5,5292
-9,0058	15,0488
-1,0762	3,5800
-6,5154	0,6310
4,2321	1,6142
-4,9426	13,4760
-0,3553	12,4929
-9,3335	-4,2184
-3,9597	11,8377
1,9387	3,8424
-5,7947	20,6851
14,7836	22,6509
4,5598	3,5802
5,9364	2,2696
-8,8747	20,2262
22,0581	4,8909
-5,4669	1,8109
19,1746	12,8208
-2,5176	8,8886
13,6696	8,1022
4,4291	18,1291
9,6063	5,2843
-3,1074	16,7528
0,3002	-2,0560
11,9000	-3,9562
-6,2537	23,5686
1,3487	-4,6773
-9,3996	6,2674
-5,0740	9,2163
-24,4072	14,9181
-7,0401	28,8771
-13,9216	14,9835
-7,0402	17,6708
-26,1764	37,1347
-0,6175	12,4277
-9,8580	13,8697
0,4311	21,9960
-0,9449	23,2412
8,0332	29,0739
3,7081	15,3767
3,9701	19,4402
1,1524	24,2241
9,9994	3,6459
12,0967	10,4618
-1,3382	22,5201
16,0290	0,4346
-5,4015	-1,7934
11,7690	12,2964
-1,6004	12,4931
-0,3552	11,7065
-3,0422	-0,0244
3,3801	1,0900
-20,6056	19,1776
-10,7099	13,2793
-7,3019	5,8083
-0,8142	15,1146
-9,8579	12,5586
-15,4941	18,3913
-9,2026	18,3258
-17,9192	17,6706
-20,4748	21,3406
-22,5067	17,6051
-12,6108	21,6684
-31,4853	10,4617
-9,5306	16,1633
-29,7157	11,4448
-11,4967	11,7724
-29,5189	27,9597
-13,9870	22,8476
-14,2489	1,8108
-4,0257	-6,0532
-5,5982	16,8185
-21,9168	-3,0389
-5,9912	4,4978
-17,9191	5,2186
3,3805	17,6703
-5,7950	14,9832
13,2763	-5,7915
-0,8797	-2,3835
8,4267	16,6217
-7,9573	-3,4322
19,5678	-7,5608
1,3488	-2,5801
11,2447	15,7698
5,9366	6,3981
16,9463	-0,0899
6,8540	3,4490
10,9826	6,3324
6,3953	-18,7678
28,2184	-25,7799
7,8368	-4,3500
-13,8554	-29,2537
19,3713	-15,6878
-17,0016	-25,2564
-5,8601	-36,5939
-14,3801	-28,5330
-5,7949	-34,1037
-19,6229	-32,0064
-5,1396	-20,8654
-15,9531	-35,0211
-16,3464	-31,6786
-38,4971	-29,9746
-12,0209	-16,6053
-21,9824	-12,3456
-10,0550	-18,3091
-16,9361	-14,3115
-18,4437	-0,6144
-16,6083	-6,2506
-18,6401	-16,0151
1,8072	5,7427
-28,7980	-7,2334
9,2130	-7,4955
-11,2999	-15,8185
13,8005	-5,4637
-15,2975	5,1528
2,5941	-21,5203
-4,1561	-22,0443
5,4775	-7,4955
-3,4352	-6,9714
7,6400	-22,3068
-6,1877	-16,9983
7,5091	-19,3578
8,1646	-18,9646
-3,6975	-20,4065
9,9342	-28,3362
5,1497	-13,0008
20,2887	-11,4281
-3,4355	-11,4280
16,6187	-15,2945
-0,6829	-15,9497
9,2787	2,5312
7,3125	-13,1318
14,3248	-14,3111
-5,5322	13,0827
27,7597	-7,8233
6,3295	-9,0027
5,6087	-4,9394
13,3421	9,8060
17,3395	7,9053
19,2403	-9,3960
8,0334	-10,9032
19,6990	7,5122
-0,2896	-15,0978
11,3104	-11,7551
-1,3382	6,5291
16,1599	-3,6290
-1,6004	-12,8694
17,0116	-5,4638
-20,2781	-0,2865
-3,5665	11,1822
-9,7268	-6,5125
-2,1905	-6,5122
-7,6297	7,8399
-5,7295	-0,4831
-6,1878	6,3327
1,1518	-7,6920
-1,0761	-12,9347
-9,0061	8,4298
7,3780	-2,8423
-9,6615	-1,1383
1,4798	-2,5802
-11,2999	0,9587
-5,2050	-0,2866
-27,6836	0,1067
3,1836	-8,8062
-18,5087	2,5316
-2,5837	0,0412
-11,6274	5,6117
-8,0231	16,0318
-0,8795	-6,9712
-6,0571	-7,5608
0,3004	3,4490
-5,9915	-0,0898
4,6913	10,5269
4,7565	-3,7599
7,9025	1,4832
-2,6489	24,0272
10,1307	5,4806
0,5625	-1,2692
23,8932	16,3597
-4,6147	13,0174
23,5001	13,1485
2,2012	9,8717
10,5242	16,6221
20,2893	21,4716
22,3204	3,2526
21,6655	13,7386
24,3522	23,1099
17,9954	9,6095
16,8155	10,3305
33,1995	-5,9225
17,1429	-3,5630
13,5386	9,6095
-4,8770	1,4173
22,2549	-13,3937
-1,7970	-2,7114
2,7906	-11,8865
-9,9889	-18,2435