7,0805	-9,7936
20,9738	0,3643
-3,4053	3,5757
4,2625	3,2479
19,9257	-6,1891
18,8769	4,4279
26,6101	17,8625
7,1460	9,9983
32,1152	7,1804
9,3742	14,7170
15,7969	17,2072
17,6974	4,4277
22,8745	8,9498
3,0175	9,4739
17,8285	10,5225
18,0251	-0,2256
11,7990	-16,1505
15,4692	2,1338
12,3233	-3,8957
16,9109	-12,2840
11,7335	-7,6312
13,8963	-17,6580
6,6872	-6,1237
17,6975	-3,7646
13,7650	-9,7938
17,6974	10,3257
8,7844	-8,0900
20,5807	1,2164
-0,3251	0,3642
7,0803	-2,0605
-6,4199	5,4761
1,2476	1,0851
4,0003	-1,2740
12,8473	6,2626
2,4272	3,4445
-5,0440	-5,7958
-3,7330	11,6368
-0,7842	6,9181
-6,7479	16,0277
-11,7943	11,7023
0,8542	12,0956
-7,2070	20,0253
-13,8260	9,5396
-24,0496	-4,5505
-23,9840	12,5541
-29,6202	8,5564
-23,2632	2,3305
-28,4405	-5,3374
-8,7800	-8,8762
-29,9478	-2,1917
-20,7728	-17,0030
-11,5324	-20,4763
-34,4699	-15,3646
-18,2168	-24,3431
-14,8748	-33,4526
-19,4623	-31,1589
-39,3850	-35,3532
-16,3820	-27,5545
-35,0599	-42,4312
-39,3196	-32,8629
-41,7443	-35,1568
-24,0498	-51,0164
-31,0623	-53,4412
-26,6714	-39,9408
-43,4483	-34,9604
-21,9527	-47,8053
-15,7269	-40,5964
-35,9775	-49,2472
-27,4577	-49,7713
-41,2859	-45,9703
-28,8341	-54,9485
-50,0023	-43,1522
-37,2882	-49,0504
-49,8713	-46,1668
-50,5920	-46,2978
-61,0778	-42,8899
-49,8710	-45,0529
-45,0871	-63,4028
-46,6601	-49,7057
-51,6406	-33,8465
-32,5700	-77,0348
-58,3253	-67,0730
-43,0554	-52,6555
-44,3663	-76,3140
-52,8205	-86,0787
-48,7571	-80,5738
-55,1799	-80,0495
-62,3886	-76,1831
-67,3040	-96,1716
-51,0511	-103,7735
-70,3188	-90,2733
-67,6317	-100,8903
-72,2193	-95,9751
-64,8137	-114,5218
-68,9426	-119,1748
-73,6612	-98,6623
-57,4738	-123,5661
-55,8356	-121,4687
-63,4375	-112,2284
-76,9380	-127,3017
-66,3210	-128,5467
-66,3869	-106,6580
-72,2849	-122,7798
-80,0838	-126,4497
-70,7777	-130,6440
-81,1326	-126,7117
-84,0815	-122,7143
-92,7979	-123,2386
-87,2273	-132,4134
-90,8974	-125,8602
-83,5574	-125,7946
-90,1766	-137,3946
-84,6716	-153,9095
-93,1256	-143,5549
-89,9799	-136,0186
-89,2590	-153,9756
-95,4849	-172,5874
-85,0647	-157,9076
-93,7812	-174,4229
-89,3245	-188,1198
-94,5677	-191,2655
-98,9584	-189,4963
-109,2476	-192,0523
-99,8105	-191,4626
-105,8398	-205,0940
-105,1191	-202,6692
-129,9570	-195,8537
-109,6411	-207,7811
-121,9619	-209,0918
-128,0569	-208,3054
-124,8454	-209,4853
-119,4063	-221,8716
-131,1372	-226,0002
-131,3338	-218,9226
-126,8119	-232,0956
-127,2709	-245,5957
-138,8051	-241,6639
-146,3416	-247,6277
-137,0356	-262,5701
-147,5215	-264,6674
-152,0433	-279,0195
-151,3225	-273,1872
-149,4876	-287,8018
-160,6943	-284,5250
-155,9103	-286,4257
-176,8163	-292,1928
-176,6198	-292,8484
-166,1341	-298,3535
-187,8923	-315,5893
-194,5768	-306,0212
-196,2810	-319,3906
-188,1546	-326,0100
-208,3398	-323,1265
-200,9997	-345,0155
-220,4639	-353,6663
-202,1139	-340,8214
-220,7262	-353,0113
-208,4054	-354,8462
-221,0539	-367,9535
-223,0855	-361,7275
-220,6606	-359,2374
-217,1218	-381,0608
-228,6561	-375,8834
-228,0663	-380,6022
-220,9228	-376,4735
-225,0520	-382,6341
-234,4889	-398,6249
-227,4768	-409,4384
-237,4383	-399,7393
-238,2903	-435,5875
-234,3583	-430,9998
-254,6089	-423,4636
-245,3026	-433,6874
-251,2666	-450,5955
-257,4925	-450,6613
-254,3468	-461,1471
-260,6384	-463,3756
-260,3761	-489,4588
-261,4905	-467,7666
-263,3253	-483,6923
-263,4567	-509,2511
-259,1966	-500,6661
-268,5029	-522,2930
-261,8838	-525,1111
-271,1900	-511,2833
-274,4011	-537,3668
-286,6564	-543,0026
-271,0588	-538,0222
-284,8870	-549,6876
-284,1006	-552,0470
-289,2777	-554,2754
-279,9065	-558,6663
-293,9964	-549,2947
-285,2803	-572,0358
-296,6179	-568,6277
-289,9335	-559,3873
-293,9965	-570,0043
-292,0306	-568,1035
-282,4623	-555,2587
-286,0670	-566,0065
-286,5256	-562,5987
-295,8316	-567,3172
-287,9017	-564,5646
-281,7413	-549,3604
-271,4521	-569,9388
-281,0204	-574,0017
-273,6802	-555,5208
-269,7480	-571,8393
-254,4126	-559,9117
-272,5005	-574,1986
-259,4587	-584,0285
-262,3422	-555,9137
-250,8734	-565,8753
-249,1040	-558,6006
-247,2690	-539,4641
-253,1015	-533,7626
-256,1161	-543,3960
-232,8509	-533,5001
-252,0529	-518,2301
-220,3333	-512,9872
-235,2757	-507,7442
-220,7264	-514,6252
-224,8553	-493,0639
-220,5952	-488,7386
-225,3792	-500,6002
-206,1772	-485,5925
-210,0438	-481,1361
-214,7624	-472,2230
-204,9973	-469,1429
-203,0971	-478,4487
-217,9735	-449,3509
-209,7816	-463,8999
-195,8226	-470,6496
-205,2599	-442,3382
-204,2766	-437,1610
-217,6461	-439,3235
-203,6212	-423,2671
-213,5170	-420,3180
-192,1524	-419,1381
-205,3905	-412,2567
-191,6278	-408,1277
-196,9363	-391,4817
-174,1297	-390,9573
-179,4380	-390,0396
-175,8335	-375,4905
-178,3891	-383,8134
-166,0029	-368,9367
-163,5126	-369,3298
-171,3769	-357,8608
-159,9736	-344,5571
-166,3963	-347,1129
-171,7045	-356,4844
-163,7747	-333,5465
-168,2312	-327,1897
-171,5078	-323,5195
-152,0437	-316,1795
-151,4540	-310,9363
-155,8447	-301,6303
-157,5485	-315,1961
-147,2593	-291,9962
-137,5600	-276,7921
-144,1791	-290,0301
-142,0816	-277,4472
-130,4164	-280,9204
-126,1565	-271,6799
-124,4526	-272,0073
-113,1147	-270,1723
-125,0423	-258,7690
-110,7553	-251,8877
-113,2456	-267,9438
-105,8401	-250,4455
-116,0635	-237,2074
-100,1383	-239,3045
-107,1506	-226,7215
-100,0729	-233,3405
-112,3935	-223,5100
-110,3619	-203,5217
-106,5608	-212,6310
-111,7382	-213,2208
-99,1553	-207,1258
-110,6898	-207,0603
-106,5607	-194,3461
-97,7792	-194,8049
-102,4976	-194,4116
-107,2818	-181,3699
-101,8420	-179,9281
-98,4342	-182,3527
-85,0649	-166,4930
-92,2084	-164,8545
-89,7179	-167,4102
-97,9097	-160,3978
-88,2105	-150,6984
-80,6737	-132,4140
-78,9699	-140,8680
-68,8116	-148,3388
-79,7562	-130,1855
-65,7311	-139,2949
-58,6534	-133,7243
-43,9733	-129,5299
-66,3210	-130,1854
-44,1695	-123,6973
-40,3687	-123,6317
-35,3223	-126,7772
-46,6598	-120,6170
-31,1278	-119,7650
-42,7931	-122,7140
-24,9019	-118,1265
-33,2906	-111,5729
-35,8463	-104,4296
-30,2758	-114,1289
-32,2421	-112,5557
-31,0623	-108,4926
-36,3055	-104,3638
-43,6452	-112,2281
-38,2059	-100,4314
-32,8320	-104,8880
-51,1820	-106,9194
-40,0407	-88,1108
-43,2521	-87,2588
-41,9413	-94,3366
-53,5411	-90,2732
-39,1887	-83,7851
-44,0384	-67,8601
-43,6452	-67,4667
-48,3636	-70,8091
-45,0868	-75,5930
-44,4969	-69,5636
-31,7175	-58,1604
-31,1933	-67,7287
-20,5110	-63,4686
-37,3536	-53,7039
-37,2879	-58,8811
-15,3335	-53,9657
-22,3459	-38,8927
-16,2509	-44,1354
-25,6225	-40,7273
-16,5785	-37,4506
-21,8869	-39,5476
-17,2995	-25,3263
-25,3603	-39,3509
-10,4183	-34,5665
-29,4236	-26,1127
-14,2848	-32,7318
-20,9696	-26,9645
-15,3335	-36,5984
-24,7706	-40,2028
-29,0305	-18,3797
-34,3388	-40,1376
-23,9841	-60,0602
-4,8479	-24,7365
-38,8609	-36,4022
-22,0179	-43,6763
-21,2317	-39,8752
-25,0984	-41,7758
-37,0258	-30,3726
-19,9866	-41,3826
-28,7029	-45,9699
-22,8703	-28,3408
-43,1862	-27,8822
-23,0667	-31,8798
-24,9674	-31,6832
-37,0260	-28,2097
-31,0620	-26,8991
-33,0281	-20,4768
-16,5131	-32,3385
-27,7853	-21,3286
-14,9401	-29,8483
-14,9402	-28,6030
-13,9572	-33,3216
-27,7851	-26,7024
-10,8113	-24,8020
-21,6248	-29,2584
-9,6973	-20,4765
-20,7073	-13,2677
-14,5469	-28,2098
-22,2146	-31,4864
-24,1152	-25,7192
-19,1999	-18,7723
-19,5933	-10,0563
-13,6948	-20,6730
-17,6271	-7,3690
-7,9276	-7,4347
-5,6995	-22,2457
14,4856	-12,5462
-13,3670	2,4613
1,0510	-6,0584
5,7695	-8,7452
-4,1264	-9,6626
-6,0922	7,3765
0,1334	1,0197
-15,7917	-5,1406
-5,5683	4,4276
-14,2847	9,2117
-14,1538	5,9349
-30,3410	8,4253
-26,4090	-5,3372
-20,1177	2,3306
-33,3561	7,6389
-27,3266	3,3134
-27,6545	-0,4875
-23,3291	19,0421
-41,3515	3,1168
-31,3898	-4,3540
-36,0430	8,3598
-35,5186	13,6682
-30,8000	10,3916
-28,1787	11,7678
-37,0257	8,2944
-21,2973	16,3554
-18,8722	6,9838
-21,2317	1,6755
-15,5954	27,6931
-25,4914	14,5859
-11,4010	15,4381
-21,1006	19,5667
-16,9061	21,4018
-18,9379	37,7857
-21,4282	17,4039
-23,3943	9,2123
-16,0543	34,1159
-25,2948	28,1517
-19,5932	12,2923
-9,6971	10,3918
-9,3042	12,4888
-15,7919	12,2267
-10,0248	7,9667
-2,1604	2,3963
-8,1244	3,3792
-6,6167	3,7723
-11,2045	-2,3880
-11,1388	5,0174
-16,5784	-4,6819
-7,0758	0,1023
-25,6879	-4,6166
-10,2870	-5,6651
-24,0496	0,3641
-18,3480	-16,2821
-9,9594	-18,9033
-14,3505	0,6918
-25,6879	-6,6484
-17,7581	-6,1894
-0,9154	-7,5002
-6,6827	-16,0197
-9,9592	-2,0605
-10,5492	-11,8256
3,2789	-5,7960
-14,6779	-6,4516
-8,0586	-8,1554
-19,3309	-13,1361
-8,3208	-6,7137
-14,8089	-4,9442
-4,5198	-4,4201
-13,6948	-8,4176
-10,7456	0,2333
-10,9421	15,0443
-2,3569	6,9178
6,1627	-0,6840
-7,0757	11,9643
0,2647	12,6198
1,8372	17,5349
-8,3862	16,7485
-13,0394	11,3091
-9,3037	14,4548
-17,2993	13,7994
-10,1559	6,6561
-24,5083	14,2581
-13,9570	10,9157
-13,5639	2,9203
-6,8137	-3,8298
-16,7094	0,7575
2,5580	-5,8616
-15,0712	-7,8932
-9,7627	-2,9779
-8,1897	5,8038
-6,0272	-7,2379
-4,9130	0,5611
-13,2361	1,0197
1,0509	6,0006
0,1987	17,0105
8,7841	-0,6186
-8,6485	13,6685
11,5369	24,4817
-3,4056	16,6174
2,8861	10,3262
6,6870	26,2514
10,6192	18,0593
-2,7501	11,3093
-0,5875	21,0740
10,4881	15,2415
-4,9785	24,0231
-4,9783	11,8335
-9,4350	23,4990
-3,2745	15,6345
-20,0517	11,9646
-1,3084	10,2607
-20,7072	14,0617
-9,2382	19,7632
-24,7048	26,7753
-2,5536	0,8232
-14,6124	-9,8588
-7,6655	6,4594
-11,8599	5,3451
-7,2068	-3,5676
-23,1319	5,3451
-8,3209	-2,2570
-15,2022	3,2481
-14,7434	13,0784
-14,4813	13,0129
-18,2169	9,9983
-17,2338	15,0447
-15,1368	8,8188
-9,3040	26,6446
-22,8044	27,6275
-11,5977	24,7439
-31,3240	21,1395
-15,6608	12,2922
-12,1221	19,3701
-20,2484	14,7825
-14,4156	-3,1087
-1,5052	13,2097
-14,8089	10,1947
-1,4395	1,0198
-0,6531	0,6268
-1,4395	-2,9125
-3,6676	-7,2379
2,9513	-6,7790
0,7888	-18,0513
5,2450	-4,2232
2,9514	-6,8449
0,2643	-15,8233
5,7693	-14,8401
-15,3331	-9,9250
-0,8496	-13,2674
-7,2067	-16,0198
-0,1289	-3,7645
-16,5783	11,3085
-4,1920	-10,2526
-5,5027	-0,8152
-0,5220	10,5880
-0,1286	7,7045
9,7671	13,7340
3,4758	17,2728
0,9199	15,8966
6,0317	18,6492
7,0145	7,2460
0,0024	15,6346
-18,8720	20,6153
-1,1773	8,0324
-15,2676	10,6539
-4,6509	21,5328
-9,7627	15,1757
-18,3480	17,4694
-25,3600	24,5472
-4,4544	-2,3880
-27,7852	6,7871
-19,7897	6,8524
-14,6781	3,7068
-24,5085	2,7891
-26,4089	4,7552
-23,5254	-11,4977
-11,2703	-9,4659
-27,5231	-2,0606
-10,7458	-8,7453
-19,5931	-10,0560
-10,2214	-10,3836
-12,4495	-2,5849
-8,5174	-7,3691
-0,3909	-9,9904
4,9829	-9,8594
-8,3861	-9,0729
5,5074	-2,5850
1,9028	-11,8910
-7,4032	-4,2889
2,5583	-12,8086
2,7546	-8,8109
-0,1289	-6,2550
-12,6462	-5,0098
3,4100	-19,6242
-13,3672	2,3303
-3,9299	-4,8788
-17,2338	-6,7136
-12,1219	-2,5193
-16,0540	-2,7815
-1,7672	-11,0388
-2,8159	4,8208
-8,4519	1,8061
0,0024	4,3620
2,6236	-6,9756
-2,0949	-0,0942
-8,0586	5,5418
8,5220	3,7067
-2,4882	0,4956
8,6531	-1,8637
-8,9107	10,9813
11,1435	0,2989
-11,9252	2,0685
2,1651	5,8695
-10,9422	9,0151
-2,0293	-7,0411
-10,8767	-6,9099
-11,2043	7,7699
-9,1727	6,1971
0,6575	-0,3565
2,4272	-2,5847
3,7377	0,4300
-3,7331	11,6366
4,4588	1,3474
19,5977	-1,5360
2,3616	10,3914
16,8452	-3,1089
9,9639	4,1657
23,6609	11,1123
9,4397	1,2819
16,4520	1,0854
5,2454	-16,0850
7,9325	-12,6115
13,5029	15,8961
16,2553	-0,6845
7,6047	-14,3812
12,5853	-1,1432
2,9516	-5,2720
3,0171	4,3617
12,3232	-12,2844
7,7355	-15,1677
16,9762	-2,0607
3,8032	-14,2502
4,3277	-0,5532
-6,1582	-0,2912
-16,0540	-3,1091
-3,2090	7,5076
-8,8453	-8,2865
-27,6539	2,3305
-17,8892	-5,4685
-15,7921	-6,5170
-24,6395	-8,4175
-24,7704	-4,4198
-22,6734	-9,2696
-4,6509	-2,9126
-7,6658	-10,6458
-18,6755	-19,9517
-11,9254	-7,1724
-6,8790	-13,2673
-15,2019	-14,1192
14,5513	-4,8788
-10,2868	-27,3575
18,0248	-24,9325
6,5560	-0,6845
10,5536	-11,2357
-5,1093	-2,7816
3,8035	-8,4176
0,3958	-0,2254
5,5073	12,4228
5,6386	12,0296
6,9490	8,9496
9,5052	9,2774
5,9660	-0,2254
5,8351	4,1001
1,2474	0,5610
14,4858	-9,5313
-7,9931	-4,8785
9,3743	-11,1700
6,6215	-13,0050
10,6848	-1,0777
1,5100	-18,7069
19,5321	-24,6705
0,3956	-3,1094
7,6702	-15,6923
0,4612	-14,4470
9,6363	-7,2380
14,1582	-18,7722
-5,4371	-1,2742
11,6025	-13,2016
8,7840	-3,6333
4,5245	-0,8153
-3,4709	-0,4875
10,4883	9,0151
9,4397	5,3449
19,5977	7,9666
1,5100	12,7506
19,2046	2,3959
11,9302	-1,4705
30,0836	6,6557
11,7335	0,1022
20,1877	-2,3226
16,6489	-3,4367
23,2679	3,5755
12,3892	1,4128
24,7098	-21,3936
25,1687	-16,3471
31,5255	1,8716
36,0476	-12,9397
22,6126	-19,2964
38,8657	-11,3667
23,3335	-2,2572
36,5063	2,9854
25,0374	-21,2628
14,8138	-21,3935
5,3766	10,9155
12,0611	4,5582
2,8860	1,5438
-1,8982	-5,4684
-2,0947	-4,4853
-3,9301	4,7554
-6,9445	7,9009
-15,5955	-8,3518
-16,8404	7,5079
-28,1128	-5,2062
-11,3354	-4,1574
-13,7606	11,5053
-18,8722	-3,7646
-24,1806	-3,2403
-15,8576	-10,1217
-16,4474	-12,8087
-1,1122	-20,6074
-23,9185	-21,2627
-14,2847	-9,1387
-12,1220	-16,2167
-8,7797	-22,1147
-8,7796	-5,7963
-10,8768	-12,8086
-5,8305	-13,7915
-9,6317	-5,3373
-9,7627	-7,5001
-15,0057	-8,0242
-3,5369	-6,1892
-24,5083	-1,1431
-12,1874	-16,8061
-14,2192	-13,3327
-10,0905	-10,3181
-24,3771	-4,4855
-11,9254	-7,5003
-17,8891	-16,0197
-18,1513	9,1458
-12,0563	-9,0732
-11,5978	-13,0051
-7,6654	-3,1748
-2,2917	-10,7770
-10,0248	-13,7915
-11,3355	-12,8084
3,4101	-10,4492
-16,7096	-8,4176
-9,7625	-12,2841
-17,4303	-7,6966
-7,6001	6,5246
-30,1444	-10,8423
-17,2993	-2,7157
-24,4429	6,0660
-25,0328	0,6922
-21,6903	23,9573
-23,9187	6,2624
-34,2731	4,4278
-16,7753	8,6219
-28,1128	1,4786
-28,8338	7,1803
-12,0565	9,4084
-22,7390	6,7870
-14,8090	10,7191
-30,2756	2,9858
-9,1074	4,3622
-41,3510	7,2457
-5,0441	-2,5191
-3,0784	-6,5167
-18,8723	13,9305
-17,3647	10,7847
0,2641	3,9690
-7,7966	3,2482
-7,0757	7,2459
-2,0947	23,5640
-3,3402	2,5926
-0,9151	-2,8468
-7,6654	2,5271
6,8836	0,1022
5,7694	-8,1553
9,8327	-11,3664
1,5753	7,9665
18,5491	9,6704
4,3278	-3,9611
19,2701	-10,2524
10,9469	-0,8154
14,7479	-0,8810
-0,8494	-9,0074
5,7041	-4,2889
8,5222	-18,7068
7,2767	-13,7915
-2,0292	-15,6267
6,4902	-20,5417
5,2451	-8,1557
-9,8937	-23,8187
6,6215	-17,4615
-4,5853	-4,2236
7,4735	-15,6268
2,8858	-19,6243
7,7358	-5,4031
-0,8495	-23,9495
-0,7839	5,4759
2,7551	-21,5904
7,9321	-17,1992
-4,1918	7,3767
0,1334	1,3472
-6,0923	-1,2740
6,6869	3,3135
-11,1388	4,4932
-14,9398	0,3643
-1,6359	-13,2670
2,9511	4,8866
-3,3401	0,9542
-13,5635	-0,8807
6,8180	-2,0604
-15,9885	-0,6841
-7,5340	13,9303
2,0995	16,4205
1,8373	-6,9101
-3,9952	8,8188
-3,0123	13,6681
5,1797	5,8695
-9,3692	1,3476
5,3765	11,3090
-0,0633	2,5273
5,7041	9,1464
7,0801	-1,7982
18,4836	-5,6646
-0,7841	5,9351
6,6218	0,8887
11,9955	-0,1598
1,7065	7,1146
-7,8615	-9,0729
17,6972	-1,5360
-5,1749	0,2987
-2,6188	-2,5848
2,8860	-5,3372
-7,2066	-9,1383
-2,8810	-9,2038
1,7717	-1,9294
1,5097	-3,4366
1,3785	9,2117
-4,3229	2,7236
-8,7138	-2,1258
14,6169	18,3868
3,4102	0,5610
13,7649	9,8017
-2,2259	20,7460
-0,3251	3,5756
12,4542	-6,7133
8,1287	3,9690
-6,6823	-3,1744
5,2451	10,9811
-13,2359	0,9542
2,4925	6,3282
-14,2191	11,8986
-12,9740	-0,5531
-16,2507	-7,6964
-15,2023	2,9860
-9,0419	7,9009
-11,4668	1,2163
-12,9085	-0,6187
-18,2823	-8,6796
4,3931	-3,5025
-13,4982	-16,8062
7,4735	-8,4832
0,3954	-3,5025
6,2283	-22,8355
-6,1578	-10,3180
13,9616	-8,0899
2,4273	-13,9225
8,2600	-9,4661
10,4883	-9,7282
15,5999	7,2457
14,0273	13,6023
2,8860	-12,2840
12,5855	-1,9291
1,3131	17,9935
5,6387	12,1607
7,0804	-2,2569
15,1412	-1,1427
-7,9929	-4,0262
12,1921	14,7824
-1,5705	8,3599
-6,3546	8,2289
-0,1941	21,0738
-2,0294	10,9158
-1,7670	11,0470
-2,1603	0,2991
4,6555	16,4865
3,2135	21,5980
3,8691	-0,6839
2,5583	13,4718
11,7333	13,6026
-5,8303	6,3936
10,7503	2,1339
-3,2089	12,8817
12,2576	-1,6673
-7,2066	-0,2255
5,9005	-9,9247
-7,8620	1,2820
-0,6532	13,4714
-11,5976	0,7574
-5,2408	-1,1429
-20,5104	9,0805
-12,4498	-2,1916
-17,5614	-1,8639
-23,0011	-12,5462
-7,9277	-13,8568
-23,9842	7,6389
-13,2361	-3,6992
-21,9525	-8,1552
-3,6023	4,5586
-23,0666	-7,1725
-9,1073	-0,2910
-14,5468	-4,6165
-10,2214	-1,6672
-25,1634	10,5879
2,7547	5,6727
-6,6169	-4,3540
-9,5660	10,8502
3,8690	5,1485
1,7061	-2,0603
-6,7478	0,6922
2,3616	0,1680
14,6169	6,6560
-2,5537	-1,0773
9,7017	3,0516
-5,3716	23,2365
-0,9152	8,5564
-11,8596	-1,7326
-7,2724	5,8697
-32,2413	16,7485
-9,8282	13,0130
-8,3866	13,2751
-11,1392	9,4086
-13,3017	26,9066
-15,3335	19,1077
-8,3864	3,9693
-6,1583	14,9792
-7,0101	14,0618
-1,7018	29,8558
-1,5050	11,7678
0,1988	11,5058
3,4101	12,0301
-10,3524	19,0424
0,3299	9,9986
-18,2167	23,5643
-6,8136	7,9668
-25,2947	17,1419
-12,1876	15,4378
-24,7704	11,8989
-27,6540	16,1586
-8,9108	-1,4049
-20,1832	2,5274
-13,9570	22,7778
-17,7583	10,2604
-8,6486	7,8359
-15,5955	15,8966
-6,8791	14,5860
-24,9014	21,7949
-3,5365	11,8333
-9,7626	17,5351
-3,2744	16,9451
-7,1409	4,6899
-1,0464	-0,4218
-1,1772	16,9450
-3,0780	5,6072
-0,3907	-4,6163
-7,2066	2,6582
-1,1116	-4,8786
0,1334	-4,8784
8,2600	-7,8277
8,1286	-2,3226
4,1312	0,9541
5,0487	-3,3714
5,3108	-17,4614
2,0340	-17,5925
6,0316	-9,4006
-10,0245	-8,4832
9,1773	-20,7384
-8,3208	-17,0683
-8,3865	-8,0245
-5,0439	-14,9714
-1,8985	-24,8016
-6,6169	-10,9080
-6,4203	-11,9567
4,0657	-9,2696
0,3954	-12,0875
6,1629	-1,0118
-6,6823	17,5348
9,0464	7,5079
2,6238	16,0935
5,8350	25,3995
-1,7670	37,7203
3,9998	27,0381
-12,5806	23,8270
-14,2193	40,8007
-29,0302	40,5384
-19,9209	26,7758
-23,4598	27,2347
-19,1347	25,1373
-31,1275	20,2876
-26,1469	23,1712
-18,1515	18,3869
-29,6204	4,1657
-14,4160	7,9668
-26,6712	-7,9585
-11,3356	-4,6161
-19,6588	6,9835
-9,2385	-4,2233
-17,1683	-16,8060
-4,7820	3,6411
-14,1535	-6,3861
-1,8329	-10,7113
-12,0562	-3,0435
-6,2238	-10,3835
-6,8789	-1,6017
1,1162	-2,9780
-7,3376	3,7722
0,0677	-5,8616
-3,5366	-4,8786
-3,7989	-13,7258
3,6068	4,2310
-9,6971	5,2794
-0,9151	-5,0095
-6,8791	2,5271
-1,0463	4,5590
-13,7602	19,5666
-1,1118	16,4207
-11,2044	4,0348
-6,6823	25,2683
-10,5489	18,1904
-3,4711	20,6807
1,9685	6,5905
3,8033	1,4788
-0,1942	13,7995
0,8542	-2,3881
6,6215	2,3963
0,9853	5,6072
2,7549	4,8864
-1,7016	-3,4366
14,3546	-0,3565
-3,3400	1,2164
-1,1772	9,4083
-4,3229	6,0004
15,5998	-0,1600
-7,7308	-0,6187
10,3570	1,4129
10,9469	-4,4854
5,3762	-13,2672
7,5392	-16,0195
12,8474	0,1677
11,2747	-8,1555
11,2747	-15,0366
19,3356	0,4296
6,2284	-11,1046
17,9596	-14,2502
10,2916	-13,0051
16,3867	-3,8957
1,8376	-9,9250
4,8523	-12,8740
4,0657	-15,7576
2,1650	-11,5634
-11,4662	-26,6365
-5,1094	-23,5564
0,5267	-21,0005
1,5750	-18,5758
-6,9444	-11,3013
-7,1411	-23,5566
-1,7016	-22,2457
-10,6146	-10,2528
9,3085	-25,1295
-7,4034	-19,2965
-5,6992	-6,3861
-13,9567	-13,2675
0,9198	-11,4978
-6,2891	-18,8378
-2,1603	-10,5803
-5,3716	-4,9442
-2,9469	-17,0683
-5,4371	-5,5993
-9,6971	3,0512
-2,3568	-4,0921
-4,2576	3,9034
-0,8496	13,1440
-3,0780	13,6683
-10,2212	19,3700
-8,3208	16,3552
-1,5705	7,0494
-1,3084	27,4309
1,7062	0,1024
-10,9420	-1,6669
14,5513	8,4910
-3,7987	-4,2886
-0,3252	-8,2862
-8,8448	-4,8784
9,7016	1,1506
0,1335	-0,2255
-5,2404	-2,4539
0,2647	-10,8423
-6,3545	2,7236
8,5878	-6,3860
-0,3909	-9,4004
6,2284	-1,7329
-1,3740	-0,6187
0,7890	3,7721
4,1966	-5,2716
3,8689	5,0175
-14,0222	5,1486
1,4442	12,8162
-7,0755	7,0493
0,2644	8,3600
-10,2212	15,2413
-6,4858	26,7754
-10,9420	-1,1428
0,5264	8,9499
-17,2993	14,1269
-23,2629	-2,3882
-2,8814	4,6897
-17,6272	-9,9905
-18,0856	-12,7430
-12,1221	-7,8934
-7,6000	-9,5974
-15,0056	-19,1001
-13,3016	-11,0391
-7,9932	-18,7724
-8,5175	-7,0413
-14,6122	-14,6436
-8,1244	-4,8786
-20,7069	-1,8640
-5,5028	0,1676
-2,0948	1,4785
-3,1437	10,4567
-9,9592	-4,2231
-10,7457	1,8719
-10,6145	8,0321
-12,7773	-4,6163
-7,0756	2,9206
-4,7819	10,7846
0,2643	0,1678
-10,3524	4,6897
1,2476	7,8352
-4,6507	-7,8277
3,8034	-5,7960
-3,6675	-8,8107
10,4226	0,8230
0,7890	2,7235
8,5223	-2,1262
12,2579	-6,5172
13,5029	-14,3814
19,0081	-14,1190
7,8015	-0,7500
29,4284	-9,2041
22,6780	-12,0219
21,5641	2,2648
11,8648	-0,9464
18,9426	-0,0944
11,9303	-6,4514
22,8746	3,8379
1,5100	11,8987
8,7843	2,0683
-4,3884	-1,7981
-5,2404	12,6850
-4,9784	0,8886
-0,9153	-4,0921
-9,2384	-0,2255
-11,8600	-7,4345
-12,5808	-9,7938
-9,1075	-12,8084
-2,5540	-14,7746
-32,1106	-10,7113
-7,4033	-16,0853
-14,5470	-21,9834
-6,2894	-9,2696
-22,8697	-8,5487
-1,3741	-5,2064
-13,3670	-18,7067
-9,5660	-5,1407
-14,7432	-8,8109
-3,0123	-13,5949
-6,8789	-1,7985
-10,4834	-7,5657
-1,8327	-7,6967
-16,6438	-12,3497
-1,7015	-8,1554
-14,1537	-17,3959
-7,3377	7,0489
-16,3817	-15,9544
-0,9153	-15,0366
-17,5614	-2,8471
-10,5492	-7,9589
-16,7750	-15,2989
-17,4961	-4,9443
-33,4866	-2,0607
-19,3309	-2,3884
-11,4011	-5,9929
-13,3017	-1,4052
-10,1557	12,3572
-6,2893	-0,8154
-0,3909	6,0006
-12,5807	9,3428
-0,7841	3,5759
-9,6971	21,1395
5,4417	21,5981
-14,4157	15,0447
-11,0078	16,0933
-19,0032	27,6276
-2,2916	13,6030
-24,4427	14,3240
-18,0858	22,6470
-20,3138	15,9623
-19,3964	16,6178
-3,9955	20,3532
-11,0737	29,7247
-11,0733	9,8018
-11,0735	11,8992
-10,8111	9,7362
-5,8305	9,2775
5,4416	2,1341
-14,6122	13,3406
0,0024	-4,8783
6,6870	17,8626
14,8135	13,7991
-0,3252	-2,9123
8,1290	9,6049
-1,2425	6,1969
16,7142	-0,4877
0,2648	-4,6164
3,6071	-5,4028
6,2941	5,3450
11,0781	-1,8641
19,7288	-10,9732
-1,5706	5,8037
0,0026	-7,1068
5,3107	-13,9223
6,1627	4,1000
0,8542	-4,4854
0,1333	11,3744
-14,7433	5,5415
-6,0271	-5,0749
-16,1852	9,8015
-7,2069	1,4785
-21,9525	7,9012
-16,3165	15,1100
-20,5761	13,7993
-13,5640	10,6536
-27,0641	7,9666
-14,8091	14,7825
-8,1899	23,8262
-19,2000	3,4447
2,6892	1,3478
-6,0928	29,5280
-3,2745	9,6051
-17,1679	4,4934
9,7018	6,3284
-2,0948	4,2969
9,9639	21,5982
5,1143	3,3793
14,7480	8,4911
-5,3713	23,6298
15,6656	6,7215
12,0611	9,4084
18,8767	-0,4219
6,1629	4,8865
2,9516	3,3135
14,6170	-7,8932
4,5898	-12,0220
-0,2597	-1,0774
-9,8934	-12,3498
12,1921	-30,2409
-8,7140	1,2162
-4,9127	-6,4518
-6,8132	-6,6481
-2,5536	-6,0584
-1,2427	-7,5655
0,4609	9,4081
-9,4348	-6,5825
-4,9130	-12,4805
-8,8449	8,1631
-1,6363	6,3935
-6,2236	-2,8469
2,4269	-6,3857
-17,2993	2,3304
-12,9738	9,8013
1,3784	-5,4684
-25,2291	-5,4028
-6,6169	5,6726
-12,3186	-9,5972
-5,9617	-11,4321
-13,8914	-3,8299
-12,0564	-9,9248
-17,2990	9,1462
-9,5660	4,9517
4,3277	-9,5971
-6,4859	9,2117
-4,9784	2,3957
-4,7819	-7,6965
-9,1072	1,2163
-5,5683	-10,9735
3,0170	-10,2525
0,0676	-5,6651
-0,7186	-11,6944
-10,2211	-8,0245
13,9614	-15,6922
-10,0903	-16,9373
7,6045	-5,3376
-7,5343	-12,0879
3,2135	-14,5125
-2,8157	-15,1024
-1,1773	-15,0368
-0,0630	-9,4009
10,6191	-26,6367
3,1483	-21,1316
3,4104	-3,8957
21,0396	-14,0539
12,0610	-26,6365
11,0782	-9,6628
10,1607	-7,3036
26,0201	-5,9927
-10,0245	-14,9057
2,2964	-7,5655
6,2283	5,9346
-6,2891	-17,2650
-12,7114	-16,3473
1,5751	-4,3544
-7,8619	-10,9735
-0,8498	-2,3228
0,7233	-13,3329
-6,6170	-9,3350
-8,6482	4,2307
-0,3910	-14,3159
0,9853	-16,4129
-19,0687	-2,1917
2,6239	-10,5802
-7,6655	1,5440
4,4588	-4,1577
-7,8619	-20,3449
9,8983	1,6097
-11,5974	-6,2549
4,5244	-3,0434
-1,1117	1,9370
-2,4224	-10,7768
0,7233	-6,9757
-0,9808	1,0852
-4,9127	-13,2673
0,3954	-7,6310
2,7548	-5,5995
-3,6023	-9,2695
2,1651	9,0805
-0,7842	-19,6898
7,0801	-13,3979
-11,7941	1,1506
3,0171	-22,8354
0,3956	-3,2401
4,0656	-6,8448
-5,2404	-8,6796
12,9784	-0,6189
8,9808	-5,7307
12,1920	-7,5002
4,9833	-3,2404
7,9978	-10,1216
5,5076	-1,1432
10,8813	-3,3714
10,4226	2,5925
0,3956	0,5608
13,6338	3,4444
-4,4541	-1,0774
6,1628	5,4107
-7,5998	5,4107
6,8836	4,4932
-3,5367	4,6898
-3,7988	2,9860
-11,9906	5,5417
0,3299	-4,4197
-21,7554	-2,9123
1,9684	6,0004
1,1164	-2,7159
-11,0078	-5,0095
-1,6360	5,6728
-8,7141	1,9373
-8,5829	4,4931
-12,9084	-6,6481
-6,0271	-0,9462
-20,0519	5,6072
-12,7773	-0,8153
-14,2191	-11,3009
-8,9764	13,9959
-19,7896	1,6750
-6,2894	-0,9462
-15,8575	0,4300
-14,7434	4,3622
-14,0878	18,7144
-6,1582	-0,0944
-3,9298	-0,0942
-2,2914	11,7023
10,4882	8,5564
6,4250	6,1318
14,2893	10,0640
8,7189	20,5494
29,9524	9,9327
14,2239	3,2481
16,9109	3,9035
5,3769	9,4738
27,0690	-8,2863
9,8331	0,2990
11,7337	5,9347
15,0760	-14,9056
17,4351	5,7383
25,0374	1,0195
13,1750	-1,6017
10,4230	5,6071
13,0441	-3,8300
13,6995	-1,0773
12,3887	0,4299
20,1218	3,3792
-1,3738	-12,2839
15,6000	-3,1743
3,6724	-1,1428
4,5245	16,5518
4,9177	1,5440
6,5560	1,6099
-2,8811	7,9667
6,1627	16,4207
-8,7137	11,3089
6,0971	7,8356
8,6530	6,9180
-6,6826	2,4616
-9,1070	-1,8637
-3,0124	1,7408
5,7695	16,2895
-5,2406	6,1314
4,1311	-1,5361
-3,0778	4,1655
4,5243	-1,4050
3,5414	12,8818
9,0461	-0,6841
-19,0029	1,0199
-0,6529	9,8672
-3,0122	-1,8637
5,1794	-0,3562
-9,3037	21,6636
-6,8135	1,1509
6,0316	2,2651
-2,2916	8,9496
-2,9468	-0,0287
-10,7456	14,3236
0,3300	11,5711
-3,6680	9,2774
-9,2383	12,7509
-20,5105	16,1587
-5,4372	10,7193
-19,6587	10,5883
-13,4982	19,5668
-21,4936	16,3554
-8,5175	14,9793
-10,0904	11,3748
-11,2700	36,0162
-13,6291	18,3212
-0,0633	7,1805
6,8836	13,3407
0,0024	11,5712
13,3718	13,5372
3,8035	11,3745
25,4304	3,2481
6,6870	17,6659
7,6047	1,0198
4,5245	-2,3878
10,6848	6,6560
-1,5704	-2,5846
-3,2744	0,0369
-2,0947	15,4377
0,7231	2,7236
-24,5080	7,2456
-14,2847	-13,7259
-11,2699	-9,1382
-28,5718	3,9031
-24,6393	-11,3012
-19,7900	-8,0244
-11,0081	-3,8956
-25,5571	-11,0390
-8,7142	-12,8740
-25,6880	-18,1169
5,0484	-23,5562
-10,6804	0,6920
-14,3501	-5,0098
-12,3183	-11,2355
1,5750	-2,1260
-1,8982	-2,2571
-10,8111	-4,0921
3,7381	-11,1699
3,3444	-9,7279
-9,5658	5,7382
-2,8814	-5,3373
-5,5681	-4,4195
-7,7311	9,6050
-11,1388	19,1077
-14,8745	16,4206
-9,5005	8,4255
-5,2408	10,1950
-10,7458	14,6515
-18,5444	10,7848
-5,4373	5,9353
-6,4202	9,6708
4,9173	11,6367
-8,9106	2,4617
-2,6192	4,3622
-6,4855	0,0368
7,9977	7,3112
9,3739	-9,4660
-5,1095	-4,5507
5,1798	16,2895
-8,1897	-4,7475
10,8159	-8,4827
-1,1775	21,5326
8,6531	11,9643
8,5875	5,4110
5,1796	6,6562
-9,8934	23,1712
1,9685	30,3799
-7,7963	4,2312
0,7233	11,7024
-1,7015	13,9958
-0,9808	-3,8954
-0,9150	-7,3688
-5,2407	1,5440
-4,7818	-2,7814
-13,0394	1,8716
-10,8766	-10,3839
-16,9717	-21,4591
-2,2917	-6,1239
-25,9500	-10,1872
-21,2969	-18,9034
-22,6732	-16,6096
-16,4474	-11,9566
-20,6416	-8,7454
-3,6680	-18,8378
-12,5152	-15,2333
-26,4744	-13,6604
-21,4933	-14,1847
-8,6486	-7,2378
-2,4228	-9,9249
-24,8361	-9,7282
-17,4304	-8,7452
-19,5279	-7,7622
-11,2703	-11,1700
-26,2126	1,3471
-11,9911	-19,0345
-25,3605	-26,4400
-17,4305	-17,1340
-26,4744	-18,9690
-8,5830	-18,3793
-3,7989	-32,7970
-0,8499	-16,2166
-15,3985	-2,7163
4,2622	-21,9183
11,3400	-22,3112
-0,3253	-12,7431
13,0441	-12,0879
9,9636	-8,3521
0,2646	-11,5634
-5,5681	-13,2673
10,6194	-6,1894
3,7380	-4,7476
15,0757	-8,4830
5,6386	2,2647
19,2045	-1,3397
6,2939	0,2987
11,9301	-7,6967
1,3789	-10,1214
8,2601	6,5900
13,9618	-14,7748
17,5660	-16,6750
16,3211	-10,2527
18,3525	-17,7896
8,7843	-25,5226
-1,3737	-12,2189
19,2045	-12,6777
1,0509	-21,6562
6,4250	-32,2072
4,8520	-19,3620
-3,9297	-9,7940
0,3956	-13,0052
3,3446	-5,7307
-4,3230	-10,7114
-3,3401	-21,7868
-3,0777	-22,3766
6,6214	-7,0413
8,5219	-20,4108
-17,8233	-16,4130
5,1799	-14,2505
14,9444	-28,8648
4,1312	-11,8911
-2,0948	-21,7216
14,2893	-21,3283
-3,1433	-25,9813
16,9109	-13,9883
14,0270	-15,8234
6,3594	-32,0761
-4,5193	-27,3575
4,7211	-2,1262
-3,9951	-17,1996
13,3717	-21,7212
7,5389	-1,7985
7,9977	-3,5679
-0,3907	6,3280
4,7864	-3,8956
3,5413	-12,4804
-2,8812	0,2334
9,9639	5,4763
-6,4203	4,4276
5,0488	-4,5508
-0,9151	-6,8444
15,2723	-1,5361
7,8667	1,1507
9,1775	-3,5679
5,4420	-8,0897
16,7796	-0,4222
1,8376	-10,7112
11,7989	12,1605
0,9856	-4,0924
7,5391	-17,7889
9,2432	-0,6187
2,6894	-4,2888
9,5708	2,8547
8,6531	9,4738
9,3743	-0,4877
12,9131	5,5417
30,2801	-1,4706
14,7480	13,9303
15,1414	5,8038
11,9303	1,6096
22,2192	7,4423
2,3620	0,0368
27,0689	2,9203
10,0294	8,0321
-1,1771	-7,4344
16,3211	-12,2183
-2,3570	0,6921
-2,6189	-5,8617
-4,5197	-7,1067
4,1310	-0,4878
-14,6124	-15,4954
-3,9956	-3,8956
-22,6734	-12,8085
-15,7264	-12,0220
-18,8068	-16,4129
-23,9841	-9,2695
-22,4111	-4,4854
-7,8624	-8,8107
-26,8021	1,3474
-24,6393	3,3790
-19,0032	4,6896
-5,6341	-2,1260
-18,6100	1,5441
-3,7334	3,3791
12,9126	-0,6187
-20,6418	0,5610
-5,1094	-11,7598
-9,3696	-11,6942
9,3738	-16,4785
-11,3356	-13,0050
-4,9784	-10,1217
-15,4642	-14,3160
-7,0757	-18,0514
-16,9061	-7,6313
-2,6849	-13,5952
-19,6586	2,1991
-13,3672	-12,2843
-7,2068	-4,2888
-10,0252	7,9008
-17,3648	-15,9542
-15,9233	-7,2376
-13,6293	7,3111
-11,5325	6,9178
-17,0373	-1,7983
-29,5546	2,9858
-15,2023	10,3260
-22,3457	7,1802
-15,5301	-1,6014
-34,5354	1,6099
-12,8431	14,8480
-30,5379	6,3283
-30,4723	7,9668
-29,4236	18,1247
-21,0352	5,0831
-23,1321	4,8210
-19,9209	11,4401
-7,4034	3,9035
-13,7605	16,9451
-10,9422	3,1825
-8,1242	-0,9460
4,5898	9,4085
-9,8935	9,4084
8,2600	12,5542
1,9683	8,0323
1,9685	6,3283
-1,3738	5,2141
-5,5026	-4,2884
-7,9929	12,6853
-0,0632	19,0419
7,0803	6,6557
7,5388	-7,1722
-6,6822	6,4592
6,4905	2,1993
3,0171	8,0321
5,9661	-4,7475
10,7503	5,3453
-15,0054	20,9425
-5,3059	2,9857
-9,1071	-2,1914
-1,3740	4,2311
-8,1897	2,1994
-6,1582	0,2334
-11,9907	-0,2255
-2,4228	-1,9948
-13,1049	1,4129
-22,6732	-6,9757
1,3786	-12,0874
-10,4838	-1,9295
-13,1703	-10,7769
-5,5030	-10,1870
3,9344	-7,9588
-5,7650	-15,2988
3,0170	-8,2864
-0,9152	-18,9032
7,5390	-5,7305
1,1167	-7,3035
16,4519	-12,0876
-3,6018	-12,4808
21,8915	-14,9056
3,1484	-14,4468
14,6170	-3,5680
2,3620	-15,1022
10,6194	-10,1869
16,5831	3,7722
4,0656	-7,7622
18,7458	-12,5461
9,6360	6,3937
2,1651	-7,9588
-6,8134	1,3476
3,8036	3,5101
-9,3038	-3,7643
8,5875	9,0153
-16,7749	-3,1090
-9,5658	-6,7788
-9,5004	12,1610
-2,6848	4,2965
-13,1704	-2,2568
-2,1606	11,2435
-9,1727	17,2070
-3,1435	7,3111
-2,6191	-0,8807
-5,5684	-7,8275
5,0485	-7,3033
2,0992	-4,8784
-9,3038	-0,4221
-11,5321	-2,7815
0,9197	-6,3859
-14,4156	-6,1894
2,6237	-12,6119
-5,5028	-12,0220
-4,9784	-17,0685
-12,0562	-16,8063
2,0995	-14,9712
-12,3841	-9,6630
-7,4687	-16,6098
-8,7794	-16,6753
-1,5052	-12,9398
-8,6486	-12,6120
-19,9208	-12,7432
-11,5977	-28,4717
-14,4815	-24,4737
-7,0758	-2,8472
-25,5570	-10,3184
-10,4181	-17,1339
-18,0859	-19,0344
-22,6076	-15,1022
-29,3578	-7,4346
-8,9106	-16,5440
-18,4789	-14,7744
2,0994	2,5926
-2,4226	5,0172
-6,4857	2,9203
-0,5873	11,7019
-7,4688	3,4446
1,5753	6,9181
0,5265	2,0685
3,1481	6,9182
-5,2406	29,3313
11,2745	8,7530
-7,9932	-2,7810
-4,1918	20,2220
-6,8134	15,1101
-2,5535	25,9235
-0,5875	9,0807
2,0994	9,2775
-15,3330	4,9521
-1,6360	9,9329
6,7526	12,4232
0,2643	14,7823
3,2794	7,1147
7,2112	7,3769
4,6555	12,3575
17,4349	11,7022
20,7117	11,1124
4,5899	-0,8151
21,7605	10,8503
7,3425	9,6050
27,5277	-3,1745
13,5685	-1,2740
18,1561	-2,6503
8,5223	-7,6967
22,4159	-10,2525
10,3573	-9,2040
4,5246	-12,4808
19,2703	-6,7792
3,7378	-5,2720
6,6217	-2,4538
3,6722	-11,1046
-3,6020	-11,4977
4,5242	10,0634
5,9003	-11,8911
-19,9861	-10,9733
7,8011	-1,2743
-6,6168	-17,5271
1,1165	-8,5487
-11,9251	-18,4448
2,9516	-10,6459
-3,1433	-13,2020
-1,8983	-19,8210
-6,9443	-22,1147
-0,5875	-15,8888
-10,9421	-20,5419
0,0023	-23,0975
0,5266	-9,5972
-2,9469	-7,6313
8,7185	-16,8717
-7,1413	-22,2455
-6,4200	-8,5487
0,2645	-16,2821
9,1772	-20,3452
-6,0269	-29,3235
4,9175	-12,7431
-18,5441	-23,2945
-1,7015	-16,6097
-1,6360	-5,0100
1,0509	-16,6099
0,3957	-10,3182
-2,7503	-18,0514
1,2476	1,0196
9,9636	7,9008
-9,2382	-9,6627
-3,7332	-6,7132
3,3446	3,2480
-15,4642	7,0493
-1,5050	15,3722
-8,2553	1,4786
4,4587	12,0300
-3,4713	17,9280
-7,5345	12,4887
-19,3963	13,9961
-5,1752	20,0909
-18,6755	10,5227
-11,6632	17,4040
-9,4350	15,4379
-17,1028	12,4889
-15,3986	30,8388
-15,7920	13,0130
-8,3865	18,9114
-21,0350	21,9259
-5,5684	11,6367
-12,1222	8,1635
-12,9085	9,9984
-30,2756	4,5590
-21,1660	12,4231
-15,3334	0,8233
-9,2387	5,8040
-38,2052	11,8332
-9,5006	-2,5846
-12,6464	4,5588
-10,4182	4,8864
-26,0154	-0,8807
-11,9254	-1,0772
-3,4056	-2,9779
-2,9470	4,2967
0,7887	1,7407
-8,5830	1,0199
3,6069	-1,7326
-1,5705	12,6852
8,1288	9,3430
0,2646	10,5881
6,3595	1,8064
-2,3567	9,4741
11,9301	23,1055
4,0003	4,6242
10,4228	-0,7493
10,8161	24,8094
12,0612	10,5879
25,9548	-11,4318
11,2745	7,7702
15,5347	-4,8129
8,1289	6,1316
5,8353	-3,3712
8,5222	0,0367
14,8138	14,5855
7,7359	-6,4516
22,4814	-11,5631
13,5686	-2,8469
19,0081	-10,4492
8,1293	1,1508
26,3481	-12,8741
14,1586	1,8717
16,4521	8,4249
11,4060	-12,4153
11,7335	-6,5823
8,9153	12,7504
-4,9784	-7,6967
6,1628	-14,8399
-12,3841	-5,9927
-0,2598	-12,5463
-12,7118	-5,9928
-7,7309	-27,2264
-10,0247	-18,7065
2,2960	-7,7623
-9,4349	-8,2212
5,4418	-2,9782
12,5198	-9,5974
13,3716	-22,5732
-8,1238	7,7698
16,2556	-3,3714
25,3649	-5,7959
13,8306	6,9835
23,4646	2,9202
19,0735	-3,6989
19,8599	13,8648
-3,0775	9,0151
22,2194	14,6511
6,6872	-1,3396
20,9086	-0,5530
5,2453	17,6659
12,4545	-3,2401
4,1968	1,9375
10,1606	12,2919
6,2286	-0,4219
1,5097	10,3260
3,8693	6,8524
11,0779	-2,4535
0,0680	10,3261
-1,6361	7,6389
-5,3060	8,1633
0,5265	11,8333
-1,7017	9,3429
-6,2237	10,9159
15,0099	20,0907
-15,4644	8,7530
8,2600	11,1124
-4,5853	-0,0288
2,6893	-11,6285
-4,4541	13,4716
3,9344	-3,4368
-7,2064	-2,1914
18,6798	3,6411
-0,9807	-9,2694
-1,8982	9,9981
6,4905	-4,2232
-1,8984	-2,3881
-2,2913	8,2285
-13,3671	-7,0413
-4,9129	-19,9515
-8,0587	5,6073
-4,2576	9,5391
-18,8721	-11,1044
-9,0417	-1,6016
-4,9131	-5,0096
-11,2047	6,1316
-21,2968	7,3765
-13,1707	-4,4852
-18,4133	7,5078
-16,2508	0,1020
-8,9761	-6,1237
-7,2069	-15,8885
-6,4858	-6,5169
-4,5854	-4,8789
0,0022	-21,7869
-16,7095	-25,1947
-2,2258	-15,7578
-1,1773	-31,6830
7,8666	-17,0685
-6,4202	-16,3478
5,9662	-24,8674
-8,7794	-19,4277
-4,0609	-16,5443
-7,0098	-15,2334
3,0168	-8,5488
-9,3694	-6,2550
-13,2360	-20,6727
-6,2237	13,7337
-18,7413	-1,1431
-10,4836	-2,9123
-14,0227	2,7893
-9,1075	4,7554
-24,7049	17,1417
-9,0418	4,8209
-16,9061	5,8042
-7,0100	25,2026
-4,7820	15,4376
-14,0880	-4,0918
-4,6507	7,5736
0,1987	1,8719
-11,3355	14,4547
-11,7942	1,5440
-11,7287	-3,8297
-7,5346	10,3258
-10,2869	4,6240
-8,8452	-2,9124
-2,0295	-1,5362
-12,6463	-0,4876
3,1480	4,0999
-2,8158	-4,0264
8,7842	8,8187
-12,1872	10,5881
13,5029	-0,5528
-0,7839	8,1635
8,7843	21,2705
3,4760	-4,2885
13,1097	8,6877
9,8984	5,5418
10,6848	-4,7472
1,5755	9,4738
14,0927	-12,0219
10,4883	-8,1551
7,0148	4,0343
20,2531	-9,1386
-3,6677	-17,0026
15,9933	-10,9732
2,2961	1,4128
6,5559	1,8716
-4,4540	3,3134
4,1311	-5,9925
-8,9105	10,6537
-2,5535	7,7700
6,2284	7,9012
1,6406	11,2436
-0,4561	19,9599
4,3277	20,3530
13,6341	10,9815
11,8644	13,9961
4,3935	25,8581
9,3086	12,8163
11,5368	11,7679
5,7696	18,9112
14,2238	8,0978
0,8544	13,4062
2,4273	13,8649