31,2222	-13,8791
20,0154	-1,2311
13,9862	-22,9888
20,1466	-10,1437
22,3746	-7,9159
14,2482	-29,2149
16,6075	-21,7438
6,6462	-37,6691
8,3500	-26,6591
8,4157	-25,4797
9,5295	-35,2444
5,4011	-31,8366
11,6924	-33,1473
21,3260	-23,5136
-2,8567	-18,4019
23,9477	-38,5866
2,7793	-25,5448
22,4404	-7,0639
11,5612	-19,7778
14,8382	-18,7946
10,0541	-29,4114
21,7849	-9,9474
22,3091	-9,3578
19,4911	-34,1303
14,3794	-38,9798
19,4255	-34,7201
15,8866	-43,2398
15,5588	-37,0795
14,9691	-38,5214
6,5149	-47,8275
25,1927	-34,5237
6,3836	-40,8154
7,1705	-46,0581
7,8911	-34,8517
4,4177	-50,9078
0,4855	-47,4343
11,1021	-45,7304
-20,9448	-44,1575
-6,7888	-38,7182
-3,1191	-54,2501
-10,7868	-42,5846
-18,4543	-43,1091
0,1577	-54,2501
-6,8547	-43,2401
-11,8355	-42,3883
-16,8159	-52,5463
-10,0661	-50,8425
-11,7043	-68,4062
-9,7385	-74,9596
-21,9934	-60,8040
-18,6512	-88,5915
-13,1463	-79,6783
-24,0253	-71,1590
-10,9181	-91,6061
-29,7925	-87,4117
-15,3747	-77,5815
-27,6955	-75,1567
-34,5767	-73,1252
-31,2342	-97,1770
-29,9894	-92,3270
-40,4093	-83,9388
-38,0503	-113,4299
-32,9384	-116,3133
-46,8322	-95,5388
-44,5382	-118,8697
-42,6380	-113,2336
-47,1601	-130,2075
-70,6219	-131,5837
-66,2309	-116,5107
-68,7871	-151,1792
-72,4573	-133,4843
-80,5181	-135,2542
-78,4212	-148,2957
-95,7883	-137,7445
-99,0652	-141,9391
-93,9533	-152,2936
-95,7231	-142,2667
-97,9511	-153,4079
-97,8859	-160,0270
-98,4100	-162,7796
-114,2697	-169,8575
-100,1793	-171,0371
-108,8304	-167,3017
-106,2743	-190,4359
-126,3285	-178,7706
-114,1386	-195,5479
-125,4766	-187,3560
-120,7581	-201,3155
-140,4187	-234,4109
-128,7536	-220,9106
-133,0789	-216,3235
-135,8972	-242,6689
-140,4846	-229,6274
-152,7400	-250,7957
-153,9850	-256,2350
-146,5143	-253,0240
-155,8203	-268,9494
-170,8938	-268,2938
-179,2167	-259,1191
-171,3526	-274,0614
-159,2942	-279,2386
-183,0184	-285,1370
-190,8825	-283,6297
-199,4677	-283,2368
-192,1935	-305,9123
-204,0553	-293,5259
-198,0263	-300,6041
-202,4826	-312,9904
-202,4172	-320,5272
-206,8736	-320,6582
-203,4003	-335,6661
-212,7063	-331,5374
-207,5291	-348,1181
-201,7619	-347,8559
-223,2579	-340,7129
-210,9369	-367,1238
-218,4083	-371,2527
-209,2331	-380,1657
-223,3889	-397,4016
-211,0027	-394,5839
-230,9910	-411,9512
-214,3449	-417,5218
-220,6364	-422,3062
-208,0536	-456,3194
-228,9595	-448,3241
-231,8431	-434,1033
-231,3188	-470,6725
-233,8751	-478,7987
-254,1255	-475,9811
-255,5020	-495,8386
-260,2862	-498,1325
-268,0852	-517,4002
-274,6390	-528,6068
-295,4794	-537,9132
-290,0402	-540,7313
-321,1043	-551,2828
-297,9703	-555,5428
-322,7431	-579,8566
-322,1535	-560,3272
-334,8675	-590,6050
-348,1059	-596,1098
-365,5383	-581,3647
-357,4121	-617,3439
-354,2010	-614,4602
-374,6483	-619,0482
-367,7671	-635,3665
-379,0394	-626,9782
-380,6777	-648,8019
-397,1930	-648,6709
-389,9840	-659,3535
-388,8702	-689,5000
-400,1424	-688,5825
-421,4415	-691,9252
-412,4632	-707,4575
-431,5998	-717,7468
-423,6702	-734,1965
-438,8745	-731,0510
-448,1808	-740,8819
-450,6711	-769,4555
-462,7956	-772,6013
-459,8465	-778,0412
-476,1652	-801,4377
-480,3595	-806,5496
-491,3699	-820,2468
-492,7461	-844,2986
-511,6862	-844,4955
-506,1156	-866,3192
-519,2886	-873,2659
-523,2863	-878,1817
-538,0974	-904,1340
-534,8865	-918,6175
-552,2534	-919,6664
-549,6977	-952,5656
-563,0671	-961,2819
-569,1620	-969,9332
-560,9702	-979,6325
-585,3496	-992,4781
-574,8638	-1024,1318
-583,9080	-1003,7504
-582,7938	-1013,3847
-595,1802	-1048,2498
-590,3960	-1040,4510
-595,2459	-1051,1338
-594,9837	-1067,3866
-609,2704	-1059,7191
-589,8721	-1087,0477
-615,1034	-1085,3436
-603,5036	-1082,9193
-608,2878	-1103,4320
-631,1599	-1107,5607
-614,3172	-1117,4570
-624,3445	-1118,3744
-632,7329	-1115,3601
-641,5804	-1140,1326
-626,1792	-1135,4140
-627,8835	-1128,0088
-629,1286	-1156,1235
-629,7838	-1142,2953
-617,9219	-1129,8440
-631,6843	-1141,3782
-613,2687	-1145,6380
-620,0188	-1151,9293
-606,7806	-1140,3294
-617,7249	-1128,7953
-600,6854	-1149,8323
-586,0054	-1138,8221
-592,5591	-1127,4846
-579,7791	-1142,8854
-578,9929	-1133,0549
-570,1453	-1142,0990
-564,9026	-1142,6886
-568,1790	-1132,6617
-562,2153	-1134,2346
-540,9817	-1130,2367
-556,3826	-1124,5352
-550,6807	-1135,6760
-545,6344	-1112,4107
-534,1655	-1104,0877
-532,8547	-1104,3496
-508,2787	-1088,4243
-518,9608	-1078,9216
-510,8997	-1085,4747
-492,2873	-1058,3429
-479,3113	-1058,5393
-486,5854	-1045,0387
-470,5946	-1030,8173
-458,8636	-1018,8241
-456,8974	-1016,5957
-447,0013	-1005,1266
-444,2487	-984,1550
-429,3065	-972,3585
-437,7604	-975,1106
-425,3086	-950,4689
-426,8157	-936,7064
-411,4149	-932,0530
-417,9683	-924,5817
-405,8441	-918,0279
-419,6065	-886,4394
-397,5864	-891,6823
-392,2124	-892,1405
-386,6418	-859,3725
-381,5952	-857,4722
-366,6532	-863,5009
-362,9830	-841,3496
-354,5287	-836,9587
-347,9095	-821,9507
-356,2323	-813,1033
-335,9160	-813,1684
-340,3725	-778,5653
-324,4471	-761,9193
-327,7894	-757,2658
-309,9636	-751,4984
-324,4469	-730,7888
-316,3204	-719,9097
-314,4852	-693,9573
-307,1454	-699,9209
-310,6185	-683,4054
-299,6087	-660,0748
-299,8708	-667,6111
-305,4412	-652,9308
-295,4796	-640,9377
-292,7928	-639,6268
-289,9090	-616,4925
-285,2559	-620,8833
-272,8697	-617,8683
-290,3019	-593,9478
-255,1747	-601,6154
-269,9857	-599,2556
-251,5043	-561,6382
-244,8196	-565,5046
-234,0718	-550,1035
-230,3359	-558,8850
-220,4400	-526,5099
-222,2748	-506,4562
-211,0683	-519,1043
-220,2431	-495,4453
-220,8327	-483,8457
-200,3856	-489,9401
-203,7280	-470,8033
-188,4581	-452,0601
-204,2520	-453,7638
-184,0014	-438,1661
-190,4895	-444,3263
-184,1324	-429,3183
-198,7468	-412,2135
-176,2024	-412,4098
-183,4114	-395,7636
-176,9232	-386,1298
-176,6611	-381,9353
-169,9110	-369,6144
-176,2679	-373,4809
-177,5131	-351,5918
-170,3041	-338,4193
-179,4792	-362,4051
-162,3087	-336,9769
-183,0835	-330,1615
-162,6362	-340,5813
-160,0803	-324,0006
-150,3153	-320,5927
-154,0508	-312,0073
-138,7807	-295,6233
-134,0620	-306,3055
-118,2025	-280,0909
-129,8676	-261,0202
-122,8552	-268,5565
-121,4132	-251,9100
-124,0348	-249,0921
-111,1897	-242,6692
-124,8213	-230,5450
-118,6606	-217,6998
-114,6632	-217,1099
-112,1071	-206,0343
-99,7864	-208,5245
-94,8712	-191,2882
-101,6868	-192,9923
-86,1546	-195,3514
-90,2178	-180,4091
-74,8167	-176,5423
-78,2245	-170,3818
-71,6053	-160,7482
-67,3452	-178,7048
-69,4425	-150,5897
-59,6118	-150,6555
-56,0077	-158,4541
-58,1699	-153,7354
-45,7839	-147,5750
-45,1284	-142,7253
-58,1046	-144,6913
-44,2763	-144,4291
-63,8717	-137,8753
-46,3734	-115,7243
-52,9929	-141,0210
-56,9905	-125,3577
-60,9226	-118,2144
-68,7871	-120,1803
-80,3211	-107,7285
-60,9884	-115,6583
-72,1950	-96,8493
-78,3554	-89,3784
-71,0153	-109,0390
-71,8674	-94,2932
-69,7701	-85,3805
-67,1488	-95,2108
-68,1972	-92,7203
-76,9789	-99,9949
-51,6821	-80,5307
-59,9397	-76,3366
-55,9419	-107,3349
-53,4516	-91,6060
-49,7815	-71,2903
-65,5756	-80,2687
-47,6187	-88,9847
-43,3589	-74,3047
-56,1385	-74,3703
-46,3079	-69,3239
-38,0505	-73,6492
-41,4583	-66,1779
-50,6988	-57,9861
-37,0017	-75,3530
-48,4050	-54,2501
-35,6254	-52,0878
-42,7033	-65,9813
-24,0911	-47,3034
-46,2422	-58,3791
-26,5814	-68,7335
-32,7417	-34,4583
-25,7950	-45,5997
-33,7248	-49,5970
-31,6932	-37,3419
-30,3169	-39,0458
-24,4187	-27,4459
-29,7271	-37,9970
-39,3609	-37,4070
-29,7925	-20,7610
-28,8099	-34,4580
-44,8658	-36,1616
-43,8173	-15,0592
-29,7927	-16,8942
-50,6988	-10,4061
-38,7711	-10,6027
-55,1552	-10,4060
-37,0017	-10,6025
-50,1745	-17,3527
-41,3272	8,0753
-56,5313	16,8568
-40,8684	-4,3112
-45,6525	-7,7189
-41,6550	-12,4374
-45,0626	-5,7527
-42,9656	2,6355
-43,6208	-19,3843
-42,3102	-10,3403
-29,3997	0,6694
-41,1307	-24,3653
-44,9316	-24,4306
-39,7544	-7,0639
-30,7760	-14,4694
-51,8129	-7,9158
-42,9655	-17,8117
-37,0673	-2,4763
-41,2617	-11,1271
-42,8342	-30,7876
-26,8436	-9,6850
-35,3631	1,3248
-32,0864	-16,0421
-19,7000	-9,5539
-25,1396	-9,6851
-19,7000	-6,3426
-26,6469	9,1236
-22,6490	-20,8916
-19,1759	-3,3933
-27,1712	9,5824
-38,4434	-16,3696
-40,5404	5,1919
-33,2661	3,7499
-31,9554	3,0946
-41,1304	18,7575
-26,1883	-9,4227
-35,4288	-7,9807
-29,0061	0,7353
-16,8165	-9,3570
-18,0617	5,2575
-17,6027	2,1116
-18,3892	6,5681
-3,2502	11,2866
-6,9858	11,1556
11,1677	17,1849
0,7475	6,7646
21,4568	-6,8666
-2,7257	11,2213
14,5104	7,2234
8,2189	5,2574
15,8866	5,9783
14,3139	-2,4101
19,1633	7,0268
3,9592	11,2866
10,0538	-6,9322
10,2507	5,6509
0,3544	17,7748
-5,0848	8,4032
0,4199	9,3863
-5,5438	21,8381
-14,0635	11,3525
-8,6895	21,9692
-1,5462	11,9423
3,1723	23,2146
-16,1607	33,6345
-4,6264	15,7433
-18,7165	13,5807
-8,6896	20,8553
-18,6509	25,5737
-13,2771	34,2899
-14,6533	17,2506
-23,5009	34,7487
-27,6950	32,4550
-22,6490	12,2046
-24,4185	30,4238
-37,9845	52,3778
-31,2998	27,9332
-32,0864	32,9796
-26,1227	40,5817
-39,4918	28,4575
-21,6006	44,7105
-34,4455	30,4237
-15,0469	38,9435
-21,9935	40,7782
-10,7212	24,7222
-9,8037	34,6836
-5,7405	41,7612
4,0247	38,6810
0,4199	43,2684
4,1558	18,1027
2,7139	27,5401
16,7386	31,5374
-1,4150	21,8382
18,9668	13,3842
11,9541	12,5322
-2,0049	18,1683
-4,3641	20,1342
-12,2286	10,5662
-14,1289	28,1297
-0,0391	26,7533
-16,5541	15,6125
-23,5008	32,2588
-15,5055	36,4528
-19,1101	28,8509
-18,7824	43,2034
-27,3675	51,3296
-7,5101	41,1717
-12,7533	53,5579
-2,9883	38,4191
-25,4016	34,4871
-16,9472	47,3320
-17,6027	26,0983
-3,5781	40,1230
-23,4352	29,3749
-8,1654	17,4475
-11,3766	25,1150
-4,4954	13,5151
-4,1676	22,5591
3,6310	24,0006
-0,8908	13,0562
-5,5440	8,7964
-14,1291	19,1511
-13,6047	10,1727
-7,8377	22,1658
-10,8525	12,2043
-5,8718	28,6539
-16,8163	33,8966
-17,5373	12,7944
-34,2488	34,4867
-23,2388	24,0665
-30,7755	14,1709
-15,2437	46,2178
-27,0402	25,1806
-28,8095	47,3319
-22,8456	44,3168
-33,3316	11,7458
-16,8163	22,4283
-29,6615	29,2436
-10,7868	13,5806
-10,7216	13,9083
-11,3766	11,8766
0,2231	17,2505
3,7621	17,5126
-6,9202	-1,7550
1,4684	-0,2474
-21,5347	14,7600
-5,4783	5,4540
-0,5632	3,6191
-6,1339	9,3206
-13,0149	1,9807
-3,6435	2,1118
-16,1607	-2,0825
-9,6727	10,5659
-10,0004	17,2503
-5,5441	2,0461
-2,7915	-0,6407
-23,8941	4,4709
-9,6727	-2,0170
-14,1294	0,8010
-9,6073	-3,0656
-24,7462	2,3738
-13,2773	3,3566
-13,4740	-11,1922
-20,2242	-4,9007
-17,7992	0,9317
-11,9667	-6,1461
-27,8916	-12,1098
-7,9688	-3,1970
-9,8038	-5,4908
-1,4808	-1,6897
-3,7089	-19,7120
-5,4785	-1,7550
0,2889	5,1260
1,5340	-5,6873
1,9272	8,2063
-2,1359	-6,2771
8,0877	-10,2090
0,4855	1,5217
12,9373	-11,0613
6,1872	-7,4565
2,4516	8,9272
3,1073	-9,7505
25,9134	3,5533
6,4495	2,8322
5,2044	-7,7845
24,3409	-2,6726
16,5420	-9,1608
26,3070	-5,3597
17,0662	0,2106
14,8381	-24,1029
11,8891	-17,6804
22,1125	0,2761
-1,7426	-18,0738
7,6947	-17,0907
-0,1697	-14,2727
10,4468	-24,2996
-9,2794	-6,6705
-1,6773	-23,7754
-6,9203	-13,1584
-22,0590	-9,3577
-17,4059	-15,5178
-15,5056	-8,2432
-8,0345	-7,2606
-27,7608	-22,4646
-23,4352	-2,5417
-26,1880	-13,4208
-19,3067	-21,7436
-25,5327	-3,3938
-7,9692	-24,8239
-43,2930	-9,8160
-23,8287	-5,8187
-32,7416	-14,2726
-21,9283	-9,6852
-34,4456	-18,0737
-27,1057	-15,6488
-29,7269	-11,4546
-21,9283	-18,4015
-22,5180	-17,2216
-28,1541	-8,6365
-17,4061	-12,2410
-14,9813	-5,8185
-6,0683	-16,3043
-20,7483	-13,6170
-6,3959	-2,3450
-17,0784	-9,8817
-1,3498	-0,7065
-14,5225	-1,9518
-18,0614	-9,7503
-24,2216	1,9150
-8,8865	9,9103
-15,8987	4,7986
-15,9644	15,6119
-14,8501	0,2111
-8,2967	9,7796
-7,7722	25,1802
-11,9011	1,3252
4,4175	4,7333
-6,1338	15,7431
8,5464	3,4881
-2,0049	6,0438
5,5318	-3,3278
-0,3008	13,4494
6,8426	9,5826
0,8788	-6,2112
-0,6286	14,1703
-4,0364	17,5780
5,1383	3,7501
-21,2070	12,5318
-4,6919	3,8156
-14,7846	10,3693
-16,6852	25,4423
-9,2795	-6,9322
-1,6776	8,8620
-15,7022	25,8357
-14,1292	6,8302
-8,4932	3,4228
-18,9788	13,3839
1,5994	12,8597
-10,9180	17,7749
2,1893	12,0732
-14,0636	8,4688
1,1408	20,3961
-14,0634	-1,4928
2,5171	-0,1819
-3,7742	7,8132
4,2211	-1,8862
15,8865	-7,4566
-3,9708	-4,7698
14,0519	-3,3935
15,3623	2,2424
22,4404	-20,9571
20,3431	-8,9639
19,8846	2,7012
17,1320	-9,1607
27,6832	1,0630
9,4641	-3,1969
9,7920	0,0800
11,6268	-1,0997
9,8572	-9,7504
1,5999	6,5026
10,8402	13,3837
-3,1187	-18,2046
18,6390	6,3716
13,5928	12,7937
7,3013	-1,2308
4,7456	-3,1970
4,6800	-9,5538
35,4817	1,7183
9,3328	8,6650
2,9761	-16,1731
7,1704	-8,4396
21,6537	9,1237
5,2042	-8,1777
10,1850	-10,6679
7,5636	-7,9155
4,2868	5,0606
1,6656	17,5121
21,7848	-14,6659
6,8428	-5,6872
7,1047	6,1744
16,4765	-10,8646
9,9881	-8,0466
6,7115	-6,4738
1,3373	-3,7868
6,3835	7,0921
-19,4376	-13,9449
-6,6580	-5,2940
-20,9449	0,1454
-2,5949	-14,0103
-6,7238	-9,0950
-5,6753	-2,4760
-28,1537	-4,1143
-8,8208	13,6458
-12,0321	-6,3426
-6,8548	-5,7524
-6,0683	15,2841
-12,8842	-9,6849
-16,4229	5,9129
-18,9789	12,9248
-8,4931	-4,9008
-22,3868	4,2742
-2,2672	1,9147
-22,5834	-14,2069
-9,6727	0,4075
-15,0468	-26,1345
0,0920	-9,9470
-24,3528	1,3903
-2,9881	-14,4693
-14,0636	-10,4061
-12,5563	-12,1100
-8,3619	-14,3382
-2,3329	-6,7361
-11,6387	-25,9380
-16,6850	-3,3937
-8,6896	-8,7022
-6,9202	-22,5302
-1,2187	-10,6681
-16,2918	-14,2728
-5,2816	-16,1076
-8,2309	-6,8671
-8,4930	-24,3652
-13,6047	-7,1291
9,6605	1,1282
-0,6288	-17,8115
2,9103	7,2889
-7,0510	1,9146
14,3135	-17,5491
3,6311	6,3714
5,7284	-1,8207
4,8110	-0,6409
6,0561	8,8617
2,1240	-13,4205
8,8742	-7,5875
20,8017	10,6310
5,7939	-2,4761
-0,6285	-1,8862
-1,9391	-13,6830
13,2650	-14,5347
-0,9563	-5,2289
1,4685	-29,2149
0,3544	-16,0421
9,2014	-11,1271
-13,6705	-19,8433
-15,2433	-10,1439
-12,2287	-11,5858
-17,0786	-15,1247
-23,8941	-14,7969
-22,4525	-5,8839
-17,8649	-6,5395
-25,7948	-2,5418
-15,8333	-18,4669
-26,4501	-21,1536
-14,9814	-0,7722
-20,5519	-12,6998
-18,5857	-5,1631
-26,1224	-11,3888
-22,6488	-4,8353
-29,2679	-5,0321
-14,8502	-9,2917
-13,5393	0,0144
-18,7167	0,9318
-16,6850	-5,0319
-24,6805	7,4199
-4,7575	-4,2454
-19,7655	-3,6555
-25,2047	5,8470
-25,5980	-3,0001
-15,7022	1,4566
-31,8896	20,8548
-18,8479	-2,2137
-20,5520	15,6123
-13,6053	10,5004
-38,7054	9,9764
-23,1078	21,1172
-17,6683	14,4981
-22,5181	16,4644
-15,4400	32,3238
-21,5349	9,5174
-20,4206	16,7920
-19,1756	18,2336
-3,5124	11,4180
-23,3043	18,2337
-0,8254	10,5659
-20,2896	13,1874
-8,0343	17,9713
-9,0829	-7,3254
-1,5464	-2,3446
-24,2872	18,1677
-12,5562	-0,4445
-11,1144	-5,4907
-5,2818	-18,0736
-3,5122	-5,8839
2,9757	-1,8210
-2,3980	-34,9165
4,6144	-25,8723
10,8403	-14,8627
10,5126	-18,2049
19,4911	-18,3359
11,1023	-14,0762
17,7871	-25,1515
12,0200	-7,1292
21,5882	-20,8917
13,6583	-21,2193
13,3963	2,8322
5,4665	-20,4330
22,3091	-9,3573
14,2482	-6,6706
8,4155	-19,3189
11,1025	-6,6048
11,4302	-12,8308
16,3453	0,6042
1,9929	3,7498
8,1534	-3,9176
10,7090	5,2575
13,1995	18,5611
-5,4782	10,1726
-0,4317	16,2676
0,2889	8,0100
4,0245	9,4519
-9,9345	24,2628
6,9736	-1,3616
-0,8907	12,4010
-3,8400	19,4785
-8,9515	-3,9833
4,4832	6,8303
5,5974	-0,9033
13,0683	-2,6069
11,9544	5,3881
10,1193	-13,4205
14,6415	-4,7040
14,8379	17,2501
11,6923	-10,8646
5,7285	9,4516
13,1341	-7,4569
-5,0194	-3,5243
8,7432	4,7329
1,7962	-8,3741
7,2357	11,7453
-12,4249	5,1261
-0,4319	-4,2453
8,6119	8,0099
1,3374	12,5972
-5,6747	0,3422
-2,9878	9,4517
12,4786	-0,4443
3,3033	10,6315
-1,0217	18,8887
3,6968	-0,3787
0,2889	-1,6236
-14,9155	12,2698
0,8133	0,5389
-10,1314	12,7285
-7,7065	0,9975
-9,7382	-7,8498
-5,3474	8,2064
-14,2601	-2,4105
-7,0514	-5,2940
-11,4421	-4,3766
-15,1778	-13,2895
-6,8546	-4,1144
-20,0276	-4,2457
-15,0466	-7,6534
-14,0638	-2,6727
-4,5610	-6,7359
-18,1271	-9,3572
-10,5248	1,7837
-14,1292	4,9295
-10,9180	1,7184
-9,8693	-5,3596
-3,8400	-1,5584
-8,4930	8,2719
2,7792	-4,3110
1,7963	4,9951
-0,6286	2,5702
6,3838	-10,8646
6,3182	12,2697
14,2480	11,5484
-1,2842	-9,9471
6,7770	0,8008
-9,4106	-1,3619
-2,1360	2,7670
-12,2286	3,1600
-8,4931	3,3569
-15,1778	18,3645
-9,5418	8,2065
-14,2603	2,7672
-6,0684	13,8427
-15,1123	13,4494
-10,8525	2,5707
-13,0806	17,7748
-16,0298	2,7015
-13,8670	7,8790
-19,6998	8,8618
-1,6118	-9,8159
-11,0491	4,2743
-3,1847	5,5193
-16,7507	-9,3573
-2,7915	-17,8114
-20,4208	-10,4058
-16,1609	0,0799
-32,8724	3,2254
-7,2480	-18,2047
-23,8286	-12,8305
-3,3814	4,0775
-19,3066	-4,4422
-19,3721	0,6042
-3,5778	-13,2895
-1,5465	-7,0634
-13,6703	16,0050
-8,0343	-6,0806
3,5658	-11,3888
-6,4616	12,5317
2,9105	-9,2262
-10,8523	1,5219
0,6822	-1,6241
-6,3301	-7,5221
4,1554	13,8425
-5,9370	4,0777
3,7623	11,8109
-1,4150	13,3180
6,1215	-3,9177
-8,8204	-0,2475
9,6604	-0,4444
-8,0996	-12,6341
5,9249	-1,0998
11,2989	-16,1076
1,5995	-14,6001
-0,4974	0,3417
6,1871	-28,7560
11,3644	-1,0997
-2,4635	-1,4279
8,2188	-18,4669
9,5952	-7,4568
20,2118	-5,8184
1,9932	-10,5371
12,4789	-5,1630
20,6053	-12,1753
19,9499	-6,8011
14,1174	6,6335
11,7581	2,9636
15,5592	11,4833
10,4471	10,6313
15,9523	9,1240
14,9691	15,9398
15,9521	-3,4588
10,3160	9,1898
3,4349	21,4447
3,8280	-5,2284
20,8017	16,2021
-5,0850	12,1385
9,4642	9,1897
9,6606	22,3622
18,5734	14,9567
-2,8567	11,0248
7,9567	34,9451
3,0415	6,5681
9,6605	10,2384
-0,1043	24,8526
11,1023	-1,1651
8,1532	12,2044
-3,7744	-1,6894
9,0708	5,1921
1,4030	16,2018
13,6582	0,1456
-0,1698	8,7309
22,5056	8,4030
0,2889	6,6993
2,9761	11,2867
7,3014	6,5680
1,4031	24,1971
7,6289	-2,0828
-12,0973	-17,1558
3,7624	5,5849
-6,6581	4,4051
-10,4590	-19,2533
-10,3938	-13,8793
-16,9472	-9,0954
-15,8987	-18,6636
-8,4932	-14,9280
-18,7823	-12,2412
-12,8185	-15,7144
-19,5686	-5,4910
0,8784	-21,7438
-19,6997	-0,7722
-6,5270	-2,7386
-16,6849	-14,0761
-4,2988	-6,2772
-4,7575	-10,0783
-3,8401	1,1284
-15,4398	-2,9351
-8,3620	-19,1878
-9,9349	-9,4883
-16,1609	9,7134
-17,4059	-14,4693
-10,8525	-17,4837
-9,5418	-6,8015
-22,4523	-3,2625
-13,8670	-10,7337
-12,4909	-32,9502
-8,4276	-5,0318
-15,5710	5,8466
-4,0367	-22,8579
-7,9032	-22,5955
7,9564	-6,6050
1,5340	-13,2898
-0,4322	-15,2559
6,3182	-20,8264
2,7136	-7,2604
11,6922	-18,5328
10,3159	-35,1132
10,3161	-15,7800
1,2065	-10,9962
15,5591	-22,3991
18,0493	-12,1757
16,4109	-23,4478
10,5783	-8,1123
15,6902	-5,4256
13,9207	-29,6079
24,2097	-2,3449
8,5468	9,4513
20,2122	-11,5856
20,6053	-5,9492
9,3332	6,8957
18,9014	-1,7550
5,3354	8,1408
16,6075	-4,7041
-3,5777	4,3399
2,6483	5,6504
-7,5099	-16,5661
9,2671	-12,6338
-17,5371	1,6527
-9,4761	-9,0297
-18,0614	-2,2140
-4,2989	-20,9572
-10,8525	-15,6487
-7,5103	-4,7045
-3,9710	-24,2998
-5,7408	-29,6079
-9,8038	-22,1371
-16,0952	-29,0839
0,2889	-25,9382
2,1891	-38,6523
-0,4976	-32,2952
-14,3911	-27,1836
19,4908	-38,7177
-6,2649	-23,1202
2,7138	-26,9213
-3,3158	-22,9891
-2,8570	-18,3360
-6,8546	-11,8479
-7,7723	-27,1177
-24,0249	1,0627
-3,6434	-25,8725
-8,8864	-8,5707
-4,1678	11,4173
-8,2309	-11,4545
-18,4544	0,2110
-3,9053	-9,7504
-7,9687	-12,6995
2,4517	3,6189
-8,0996	1,7182
11,6922	-5,6872
3,2380	9,4515
9,5295	-11,7167
6,1872	4,9952
8,6775	3,7496
-0,3008	-10,5370
8,2844	1,3904
9,2019	-23,1199
6,3838	1,5216
14,6414	-9,8819
15,4277	-26,2000
8,0222	-12,9617
7,6291	2,7666
13,0685	-11,9133
1,5998	-2,9348
18,0493	1,7837
7,4325	-7,7845
19,6878	4,8640
0,5513	-9,8816
18,0494	-3,4589
6,9739	11,6140
19,3601	-8,8330
10,8405	9,5171
20,1463	7,3541
8,0224	-1,2309
12,9375	3,8808
8,7433	-8,5054
18,6391	-10,0126
13,0031	-7,7190
12,0201	-17,6148
23,2923	-4,2455
8,2190	1,5214
26,0447	-17,6805
12,0200	0,6697
17,8527	-15,0592
4,8766	-7,3256
11,9545	-1,5588
10,2505	-13,1585
9,7916	-9,7505
3,5004	-2,3451
9,9226	-8,8331
3,9591	-3,5902
16,5417	-6,4738
-3,4466	-6,4737
-2,9877	6,1091
15,6245	-12,5030
-6,6579	-4,1142
13,5274	10,1725
-1,0217	7,4855
21,7848	5,1918
12,8718	7,0268
8,5464	-1,4928
-5,8057	12,3352
20,5395	-1,2307
10,1193	7,1580
11,2334	12,9250
5,7942	-1,0996
16,2798	11,0246
6,6461	8,4030
9,7264	3,6844
26,4380	4,1432
16,4765	-9,7505
27,6833	1,1940
21,9160	-17,8116
25,5206	-28,3626
18,7048	-9,8817
10,4473	-0,3138
7,7604	-8,3746
22,1127	-21,3506
15,5588	-20,1054
2,3206	-6,8671
-4,0360	-1,6244
23,0298	-26,7243
11,8232	-1,1652
13,1339	1,7836
6,5804	-3,4590
16,7383	1,7185
11,6921	8,1408
-1,0218	0,2111
12,8719	4,0122
2,5170	-6,8011
17,3283	7,7478
2,4514	17,1193
12,4786	-0,0511
-2,9879	6,6338
11,2335	18,6266
11,9543	-6,3424
3,8934	19,8064
5,2699	6,7645
9,0708	11,4180
10,8403	25,4423
3,1727	-1,4272
13,5928	7,6170
1,3375	20,7239
3,0416	16,8573
-2,9879	17,3817
8,9398	9,4517
-5,6094	10,1727
10,4470	14,8911
-2,0049	-7,8498
12,1509	2,4393
-8,7550	7,4853
2,8450	-8,8986
1,9929	-11,0612
-5,6749	0,8007
-4,8227	-6,5393
-1,6772	-8,1121
1,4030	-12,3719
9,0704	-6,0802
-4,8231	19,5440
-8,5586	0,3421
-3,6434	6,0441
-19,3065	19,7408
-0,6943	9,5174
-11,6387	20,0031
5,1385	21,3793
-8,2309	20,2653
-3,3155	19,2821
-2,8566	3,1605
4,3522	22,1004
-0,3662	21,1171
6,9081	11,9422
3,4349	21,6417
-4,2329	13,3184
10,5127	20,5931
7,1702	20,3963
4,0246	7,5515
-3,2500	39,7294
6,1872	24,3283
2,5827	5,0611
2,6481	18,8892
-9,0828	9,1241
0,0922	4,7333
-9,3450	10,5003
-5,2162	2,8325
-11,0489	-7,9806
-4,2333	14,8255
-3,2501	1,7183
-4,4953	6,5680
6,3182	2,1770
6,1869	-8,8983
3,7624	14,5634
-2,4636	-0,8376
4,6145	-5,0972
5,0730	6,6336
8,2188	-12,3718
1,1408	-8,7016
6,4493	18,1023
-13,4736	-9,7506
-0,0387	-7,3254
-3,4467	15,7429
7,6289	3,7499
-5,8060	3,1602
-1,6772	0,6697
3,1069	7,4202
-7,3134	20,1995
0,1579	4,9297
-5,8062	17,5783
-8,5584	15,8086
-7,4446	16,4641
-8,3619	15,8087
-11,6388	0,1457
-2,6604	13,1218
-1,1531	17,8402
-12,9496	4,0778
-14,3256	-3,1966
-10,5901	7,2890
-10,9179	-4,1141
-8,4932	8,7965
-19,6995	2,5048
-6,9203	13,9737
-7,4444	9,6481
-7,1825	-12,8960
-4,3644	4,6022
-16,1609	20,9202
-14,9811	-0,7064
-10,7214	3,2259
-6,5926	7,6166
-16,8818	3,3568
-15,8986	5,7160
-8,8863	-12,5027
-9,0830	11,0245
-9,7382	8,9272
-1,5463	1,2596
-14,1945	9,6483
-1,0218	2,9635
0,6166	-3,0000
-0,1700	20,5926
-4,1019	-8,2430
-2,1361	3,9467
-2,2670	12,7282
-3,1191	-17,5492
-3,9711	1,5219
-13,6050	3,6187
-17,9958	-19,9741
-25,4014	9,4516
-19,0444	-3,2626
-23,6975	0,1454
-9,9351	-6,4738
-18,3236	-8,3087
-15,5057	3,8155
-25,4668	-0,0513
1,2715	-7,7842
-9,8040	10,9589
-7,0515	-1,7550
-17,5371	6,7646
-4,8232	11,6142
-6,5272	-4,1800
-15,7677	0,6699
-16,0951	13,9078
-9,5416	-18,9911
2,8445	-1,1651
-12,6873	7,5508
13,7237	-0,5755
2,3859	-0,6411
-1,4151	-12,1097
0,0924	-1,0340
4,0243	15,1531
0,7479	-9,1607
7,6289	0,0801
3,5657	8,6650
-0,6285	6,3058
-3,9707	-9,2917
6,2526	-2,4758
6,4494	16,7916
-5,6749	19,8716
22,3747	-2,1483
-3,6434	0,7355
20,9984	13,1872
5,9905	-1,6893
9,3987	15,8086
-1,9391	-6,8668
20,8019	7,6824
14,2483	4,0776
14,8380	-10,6677
14,5761	4,3398
13,6584	5,5194
4,6147	-0,7721
2,0586	-0,0511
6,5807	-7,7190
3,1068	-9,4883
-8,4928	4,6672
-9,1483	-25,3480
-1,8084	-16,1073
-18,5201	5,1260
-10,5247	-7,3914
-21,8625	-8,5053
-13,5395	-1,4275
-19,3722	-7,5878
-21,4037	18,3645
-22,1245	4,8639
-11,4422	5,3886
-8,2964	16,5295
-5,6095	3,3568
3,5001	12,7286
8,9395	5,1918
13,1995	-4,4417
4,9419	11,4834
18,2459	14,4324
0,9444	6,6990
15,8211	1,9806
9,9884	-14,2723
10,3816	4,1435
-2,1357	18,1676
16,2796	-2,3449
-10,7210	-5,1628
-0,5630	8,8618
-4,1676	1,6529
-11,3766	5,7817
-15,8984	-4,5073
-5,6095	8,4034
-7,2478	17,7747
-9,9350	12,7285
-19,1753	14,4325
-11,3111	21,1826
0,4853	16,6606
-2,2673	16,3330
-3,9057	0,3422
-18,7167	16,3333
-15,5709	15,6774
-17,4058	-12,9614
-0,0391	6,3063
-15,8986	30,5540
-3,1847	-0,5754
-8,3619	0,8011
-4,6919	-1,0341
-6,3956	6,6991
14,1825	5,0606
15,1001	-10,0781
5,0076	-0,1821
23,9477	4,5362
21,3260	-9,8159
12,9377	-5,0974
16,2800	-4,4421
11,8233	-8,0466
-4,8226	-8,8329
17,0006	-3,9179
1,9273	-0,4443
0,6166	13,3178
-3,1845	-8,2433
-3,4468	-15,1244
-15,1120	-6,2771
-11,8354	-6,5393
-13,9979	2,3079
-3,7745	-13,4207
-4,7575	-6,8014
-10,3282	0,9971
-2,2671	-19,8432
-2,5294	-9,7504
6,0559	-7,6535
-16,8816	-5,0320
5,8594	0,9318
-8,2308	-3,7867
-4,9539	-1,7549
-3,1844	26,1632
5,9905	9,7793
-14,7842	2,2431
-3,4465	21,5104
12,8064	4,0781
7,1701	26,4912
0,6823	13,3839
15,8865	7,3548
6,1217	15,8742
1,5342	-1,0341
6,2528	0,3424
1,5342	2,0461
1,5997	-1,2962
-0,8906	-1,7550
12,1509	5,3228
-9,1482	2,7014
-3,5777	2,5046
-3,3810	-7,9808
3,2378	16,9882
-5,9370	9,1892
-13,8013	-11,2577
5,4007	1,5219
-1,3499	14,6288
2,9104	-5,6872
-6,6582	-5,0973
-7,8375	2,2426
-11,3765	-9,0295
3,3035	12,7282
-14,6533	-4,7044
0,8787	-7,7189
-17,7990	-0,4447
-4,6262	-16,7629
1,5342	-9,4230
16,2795	-22,7268
-9,6069	-11,9788
7,4325	-15,2559
20,3430	-32,3604
10,8403	-5,7530
8,6122	1,7834
13,1995	-29,8046
6,5150	-8,2432
-1,8081	-1,0345
9,0052	-5,9496
-3,0535	-9,2918
4,1554	-14,9933
-14,7189	-8,0465
-11,2455	12,0728
-7,7066	-10,9958
-7,1170	-0,1821
-14,1947	4,8639
-10,6559	-19,3185
-9,2795	2,1773
-8,4933	2,5047
-20,8139	6,0437
-12,2944	-0,1823
-10,0660	-12,4374
-15,7023	-9,4225
-8,7554	7,7476
-24,8117	0,6042
-7,1170	2,1772
-16,0955	0,0144
-15,1779	5,6505
-15,3744	1,1285
-0,4323	1,2597
-11,4422	7,1578
-0,5632	-2,3450
-10,3278	-18,3355
6,3837	5,7817
2,2551	1,6526
13,1339	-0,3133
10,3160	-0,5755
-0,4974	-14,7312
7,3671	1,1940
11,4301	-1,2312
19,5566	-35,5716
3,6969	-14,7312
10,9715	-5,9498
7,6946	-9,7509
17,6560	-32,8194
3,6312	-15,1902
11,7577	-13,5519
-5,0195	-14,1417
4,2210	-21,5471
-17,9957	-14,2069
-14,5878	-6,3427
-0,0389	-7,3911
-11,8357	4,6020
-13,6048	8,3374
-10,6560	-3,0657
-6,8547	20,1995
-4,6921	1,3250
-2,5949	-2,8034
-6,9201	11,2865
0,5511	-11,2577
-2,1358	0,4077
24,7994	-6,7357
5,7940	-16,6970
20,3431	2,3083
8,5468	-0,8376
26,3068	0,6043
19,4912	3,4220
17,5907	-15,4521
23,4235	-14,4034
22,1782	-6,0151
32,3363	-17,8772
18,8357	-19,3189
19,8189	-27,1177
7,8258	-9,3575
22,5713	-3,5251
6,9737	-28,4284
12,0200	-18,7943
3,0417	1,1936
10,7747	-12,0445
-2,0047	-1,3620
13,2651	-9,8817
6,6460	-0,4444
0,0268	0,6697
6,8427	-13,0927
4,8763	12,3353
-1,4148	12,3350
4,8765	-6,9979
3,3038	5,3230
4,6145	13,9735
18,1804	6,5025
1,9276	12,9905
26,1102	-1,7550
1,5343	10,6969
11,9546	11,0900
8,8088	-1,4928
11,5610	5,5852
-9,8691	8,7963
-4,8228	0,1457
-14,3910	4,6023
4,2864	14,4325
-12,7529	17,3159
-12,5562	17,5780
-0,8908	-9,2916
-8,2967	-3,3932
-10,7212	11,8107
-4,2333	-4,5077
-9,7383	-5,4906
-14,7845	-13,2895
-6,6581	-13,4206
-5,5441	-9,0952
-5,0199	-21,5471
-22,1900	-14,0103
-1,0221	-11,9134
-17,4061	-12,8964
-13,4083	-15,5833
-18,3235	-11,9134
-18,1925	-14,9935
-19,7652	-15,4522
-15,6366	-6,9325
-8,3620	0,9973
-5,8719	15,6116
-9,8693	-16,5663
-5,9371	5,2574
-2,7259	-1,2309
-2,7914	2,9635
6,4491	-7,1291
-13,5392	-7,1946
-8,0342	2,6358
-13,5392	-3,0005
1,7960	-21,2848
-15,7021	-0,4442
-6,0684	5,1260
-22,3212	-3,1314
-9,1485	-0,7065
-22,7143	1,1283
-10,1971	-0,7064
3,6965	4,4051
-16,5542	-8,1121
4,2865	-4,0487
-16,8161	1,9804
6,9080	-15,7796
1,7306	5,3230
6,6459	-0,7721
3,8933	-3,3278
4,2866	0,3420
-5,2815	-7,7844
-0,8906	-2,8691
5,2697	10,8931
8,8085	-15,3211
-1,4805	-8,2430
3,3691	6,1748
8,1533	4,9295
-2,7914	10,3690
-5,9368	-0,3788
8,1532	1,3908
5,6627	23,0831
-4,5608	2,9636
3,5657	7,2237
-19,5030	16,2018
1,7962	-7,2599
-13,9981	13,6462
-4,8886	-3,3934
-12,0976	2,7673
-18,7169	12,9905
-29,3991	-9,0294
-19,0445	11,0903
-27,4331	30,4884
-15,6367	4,5363
-11,2459	-1,6892
-19,2412	9,3862
-14,9157	4,2743
-14,7846	13,5804
-11,5076	1,4562
-0,0390	10,6314
-0,3011	10,0412
-8,9517	-5,2938
0,3544	-0,2475
-3,1190	17,5781
11,6919	10,4346
-11,5075	13,0560
6,5803	-1,6240
-13,4736	11,0245
-0,6285	7,6163
9,3328	-13,0271
-0,3665	4,8641
6,2528	3,6843
9,3328	-12,0442
14,5759	-0,3788
9,9882	-0,2478
17,6561	2,3082
3,6968	6,5022
27,0932	-14,0104
13,2651	-10,7333
12,0855	15,2842
14,4448	-10,4059
14,5103	4,6021
10,6438	5,0605
19,2288	-4,1143
7,7604	-6,6047
25,3894	-11,1922
21,9815	2,1771
13,9862	10,1067
37,8414	-8,7675
18,2458	-4,3765
13,2655	-3,8522
9,2677	-2,4104
19,2946	7,4855
2,9105	-10,2092
13,3307	-0,2475
0,9443	15,8740
1,0753	-11,0611
-2,9879	-1,3616
-9,0174	19,3474
-13,4737	-3,3934
-7,7069	5,1264
-11,5078	-0,5099
-21,2073	-0,5097
-14,1947	11,2865
-17,0130	1,7184
-17,3405	9,1240
-19,6999	4,5363
-9,6072	-5,2938
-9,0175	6,5025
-4,1678	-2,6727
-10,9179	-12,0442
1,8615	9,7792
-25,4012	-17,9427
1,0752	-11,5198
-17,7991	-1,0346
-7,7721	-20,5641
3,0414	-18,4013
0,8785	-4,6390
-0,4320	-12,3066
-2,5948	-11,9788
4,6143	-3,3936
-1,8739	-5,2284
1,5997	12,9904
-3,1844	1,9149
14,1170	11,6146
-4,2986	30,2920
5,1388	12,7941
2,3206	22,0348
3,5002	18,4303
0,4202	15,1537
4,0245	23,2799
-4,5606	11,9423
6,6460	22,5591
1,0099	18,0369
3,0414	1,9808
-3,2500	19,0200
-8,6895	14,9565
3,8279	-5,2283
-9,4106	11,7455
-1,0874	-2,1482
-9,8694	11,3524
-5,3474	17,2502
-14,0637	-2,2137
-5,0854	5,9128
-19,9619	4,6019
-11,3766	-2,2137
-11,7699	9,0584
-1,0221	-2,1483
-7,6411	-9,0293
-4,7575	17,1194
5,5974	7,4199
0,7475	2,1119
-1,6770	20,4616
4,2866	7,0269
10,6436	4,3401
8,6776	8,6653
5,2697	12,2042
-9,5412	10,1727
28,7973	11,2211
8,0222	4,0123
18,8358	12,1386
16,4110	-1,5583
28,6005	8,0099
10,5784	2,6358
21,9159	6,8301
8,0224	14,3011
3,1071	-16,5662
2,5830	7,2235
-4,6262	17,1846
11,9543	-2,4105
-0,8909	-5,8837
0,7476	-3,0004
-10,1970	-6,4081
-4,1676	-0,6411
-3,9054	-18,7291
9,7260	-18,2701
0,6165	-0,4448
6,9736	-18,0740
7,3668	-18,8601
4,8109	-12,7000
-0,6284	-21,1539
7,8255	-12,2410
2,7140	-12,3721
0,8788	-11,5855
10,5127	0,0797
2,7137	-16,7627
5,8597	-0,9029
5,1385	12,3351
23,5542	-5,8837
10,3157	16,7263
7,3014	11,5488
5,0731	15,6778
18,3768	19,6753
6,7770	15,8742
15,6243	15,0880
4,8765	18,5613
0,5511	12,0076
-4,2329	13,1873
3,8279	20,7894
-1,2184	7,3545
3,1069	6,4370
2,3205	-1,4929
-3,5778	6,1093
2,1239	11,0243
-0,7599	-10,2748
-5,4783	-7,7189
-19,0442	-4,7043
-4,8229	-8,9641
-13,0806	-7,5223
-8,8861	-13,4207
-2,4637	-5,5563
2,1892	-3,7214
-12,4905	-30,6565
0,3544	-4,3765
0,8132	1,2591
0,8130	-17,6804
4,2866	-3,0004
3,5000	-16,8941
-1,9394	-11,8475
-10,9177	1,3905
2,2550	-17,2872
-5,3474	-14,2724
8,0876	4,2740
-11,3766	-12,3722
5,5974	-1,8207
-7,5099	-12,6344
-4,2985	-14,0104
-4,9538	-2,8040
12,9373	-24,5616
-0,5631	7,8789
1,2720	20,7889
1,0753	-3,5899
-0,3009	11,8768
-8,2306	27,0153
1,6651	13,6462
5,0731	28,4573
0,7477	8,0102
8,7431	24,1976
-4,2330	28,0638
12,2165	-5,0972
-1,1528	6,5028
3,6313	3,8810
0,5512	-4,1144
13,7237	-0,7066
12,3476	6,6333
-1,8082	-10,0129
9,3989	-6,9326
18,1147	-17,0906
17,5908	-8,7675
21,0639	-2,6073
18,6394	-17,6150
23,8823	-14,8623
31,4187	-4,5078
17,0665	-7,9157
24,0134	-1,1000
21,5229	-20,2365
38,1034	-10,0783
12,0201	-10,2095
13,1999	-11,3237
15,8214	-24,2998
27,4865	-16,9597
14,4450	-28,1008
16,5421	-27,9697
9,3333	-24,2342
17,9183	-24,0375
10,2508	-7,7194
13,4618	-28,6908
11,2337	-21,8093
6,2528	-9,8165
15,8210	-25,7415
-9,5415	-6,6049
15,3621	-18,8603
-8,3620	-10,0783
-3,8399	-6,2119
-7,2479	-24,8240
-1,6118	-25,0859
-11,6388	-2,3452
-8,6242	-17,3530
-14,8500	-15,2557
-3,3814	-23,3820
-13,5394	-1,8863
-16,1608	7,4196
-5,6751	-27,2486
-13,2775	-7,1943
-13,2772	4,9950
-21,7971	-14,0103
-15,1125	-0,6408
-25,4016	5,4537
-21,7316	-21,3503
-39,8851	-4,2454
-18,8482	-12,2409
-40,0818	-12,1097
-28,6130	1,7836
-28,7441	-22,5956
-21,7973	-11,9787
-32,0207	-3,6559
-15,5712	-19,6465
-18,3891	-6,8669
-8,1656	-2,7383
-5,8716	-0,8378
-10,3281	-5,0320
-3,2499	-0,5755
-1,1529	9,3861
6,0561	12,2041
2,0584	-3,2622
5,6628	11,0248
7,1047	3,4880
-2,6603	10,3695
-10,7865	28,1295
6,7113	10,6314
3,7623	9,4519
-1,2187	22,2312
-13,9978	4,4053
-9,8037	-2,0171
-8,5583	5,4539
-5,1507	-1,0998
-1,4149	-7,0636
-0,2355	-12,0443
8,8741	-10,2093
-5,8713	10,5655
4,0901	-27,5109
-1,6115	-19,7772
19,4254	5,3225
0,4856	-21,0229
3,3693	0,0143
-4,6261	-3,0007
17,5905	-16,1731
7,3012	-2,4763
2,1895	-25,0207
10,3816	-23,4474
9,5950	-4,2458
4,2867	-18,8603
1,7963	-20,8917
10,8404	-17,6805
-2,3979	-16,8285
24,6684	-9,2264
-6,5921	-13,0929
17,8529	-3,6558
7,9568	1,5868
18,9668	-20,1053
5,8596	-6,6048
9,9228	-11,1270
-0,8906	-11,7166
10,9712	4,9949
12,7406	-21,3505
-7,0514	-14,2722
-18,2576	7,8129
-9,9347	-24,7582
4,4175	-4,3762
-14,5225	20,3302
-4,6265	-1,9518
-13,0151	1,7839
0,3542	-9,9471
-6,0684	4,1434
-9,2795	7,4853
-4,2332	-5,6873
-10,6558	1,5875
-12,2285	15,6774
-3,6434	0,4076
-8,5585	7,6821
-0,2356	1,9804
-4,9541	0,4078
-10,5246	11,5487
-3,3811	-3,7211
4,6141	7,0925
5,2695	24,8524
-6,4614	-1,3618
8,7430	-1,8856
-4,2332	29,7022
0,4200	1,5219
-6,7889	18,8236
3,6969	6,1750
-5,3472	17,2508
4,0246	26,3600
2,4518	5,8474
21,6536	18,5615
8,0223	19,5443
9,4641	20,3962
11,8892	21,9036
21,1951	0,2768
29,7803	20,1343
2,4518	30,6851
31,2223	-6,5389
4,6799	14,3016
18,1150	16,2673
13,5272	1,2598
3,0414	16,3987
-0,0386	22,8865
9,8571	15,7432
-12,4905	25,5737
8,6120	13,5807
-0,8907	24,5908
-1,6771	29,6369
6,3184	17,9061
10,3813	28,1954
3,1071	38,0255
1,9272	22,4281
10,9058	31,5377
-2,6603	15,3501
-5,0850	17,4478
-14,0634	34,0278
2,1894	8,5345
-6,3303	17,1854
-3,9055	26,0980
-19,6340	13,5806
9,3984	14,2360
-1,4808	11,1557
-2,7258	8,6656
1,0099	11,6799
3,5655	-0,3130
4,4178	2,6361
-2,6602	15,7431
7,8912	0,0145
9,4639	4,2089
14,6414	8,3375
8,2187	12,7285
13,4619	12,7938
9,3330	-13,6824
20,9329	-5,2936
12,0200	20,9204
23,3577	-2,3449
17,2629	-0,6407
20,2119	-5,6872
16,6076	-14,5345
14,9035	-0,7722
3,5005	-26,2657
15,6244	-10,4059
13,3306	-7,2606
2,7793	-28,4285
10,1194	-23,5789
-5,4127	-10,9305
11,5612	-18,5326
2,1893	-17,6806
5,0075	-9,6852
-3,2500	-15,2558
5,4006	-13,8139
-11,9663	-22,3335
2,5827	-20,6294
-2,9879	-3,5903
-0,0388	-18,0738
-1,2183	-13,2238
-1,2840	-13,8139
7,2359	-13,2239
3,9587	1,5869
-6,1989	-21,8747
-1,7426	-8,7674
7,3015	0,0797
3,5002	-10,4060
1,4032	-9,5538
14,1170	-2,0829
6,3181	8,4683
-8,9515	1,5214
1,9274	-14,4690
-0,3665	2,2426
-7,5754	12,1384
-0,4975	-11,5201
4,6140	0,6044
-4,3643	8,2063
-6,5926	-9,0951
-12,0974	-5,9492
0,8785	-3,0658
-2,6603	-5,4905
-7,1825	4,2741
4,0899	-13,4206
-13,3428	-8,6362
2,3205	-0,2479
-8,6898	-15,5832
-3,6432	0,9319
-5,2817	-3,4591
6,7768	4,7986
-2,8568	9,1894
-0,9563	-6,5390
-2,4634	23,2801
1,5996	30,5541
2,3862	4,0780
-1,4806	24,0667
-2,3323	41,0401
-6,7235	22,6902
3,1071	22,4937
9,4636	9,8454
-8,2308	23,3457
-5,9370	23,4110
4,2864	12,4666
-11,7042	15,2845
-2,3325	12,2697
-8,2963	3,2258
12,6752	8,0098
-1,8739	0,3421
5,6629	0,8010
5,4008	-1,0341
7,8910	-7,5876
0,0925	2,3084
-3,7742	13,3834
10,4471	-19,1876
4,7453	-5,4904
9,8573	-3,5246
1,9928	-1,7552
4,8765	-11,1269
-4,4952	-23,8406
9,5950	-3,7868
-17,0125	-5,4909
3,6969	-18,2047
-5,6750	-15,8454
-3,7090	-0,6412
-17,1436	-18,4670
-5,2818	-15,5833
-1,6117	-21,9403
-6,9204	-18,5322
-11,7697	0,6039
-6,1994	-20,2365
1,2719	-4,0488
-5,4129	-8,9643
5,6627	-13,8137
-4,1021	-4,3110
1,2720	0,2764
-0,0388	-13,0928
12,1510	0,6698
12,5441	-7,9154
21,9159	3,7501
2,7794	7,8786
20,6708	-5,8182
15,2968	4,7332
9,5951	6,3059