60,9104	-24,9904
67,0055	-3,3636
57,6335	-6,3131
57,6338	-17,7161
44,2643	-10,1142
61,0416	-33,5761
42,3637	-30,8890
43,6746	-28,3990
56,6507	-57,9555
57,1747	-26,9571
33,9753	-35,5427
53,1118	-54,8100
59,0100	-47,2734
57,8302	-55,2034
48,8520	-51,7954
59,1410	-32,6593
63,9907	-80,3036
59,9274	-59,6596
56,7162	-51,2715
62,0246	-70,8011
67,2674	-67,5896
40,9877	-70,8012
58,0925	-68,7694
46,6236	-68,1143
63,7285	-89,0856
50,8834	-78,1411
47,2789	-79,1901
42,6914	-92,3626
47,1479	-84,1052
34,8270	-98,5889
33,5163	-97,4091
39,3490	-90,3316
31,6154	-112,6793
24,7344	-116,2182
23,4234	-109,2062
30,5013	-130,5055
8,8088	-130,8985
15,9523	-127,0978
8,4810	-148,0038
18,7046	-146,1032
0,7478	-160,1279
3,3691	-155,7370
-3,3809	-148,8560
-0,7598	-166,4197
-12,2940	-156,1304
-8,0344	-146,8247
-20,8138	-181,5586
-13,0153	-165,8298
-18,9136	-174,6119
-23,3048	-186,2115
-32,6106	-163,8641
-35,8221	-197,0255
-39,5575	-185,7530
-46,7012	-187,1298
-42,7690	-217,2107
-50,6334	-215,3757
-41,9172	-219,0461
-67,2140	-241,7869
-52,4029	-236,4787
-70,8185	-249,9794
-63,1510	-262,3001
-81,5010	-249,5865
-73,5058	-269,6407
-72,5229	-276,8497
-87,8584	-280,5199
-84,1228	-316,6956
-97,3613	-293,8893
-97,3612	-317,0238
-104,2427	-322,2008
-110,1409	-300,9677
-118,5952	-345,2046
-118,3331	-341,5343
-136,1590	-327,9690
-134,6518	-374,5649
-152,8708	-376,3343
-146,1863	-374,2376
-171,4833	-389,5731
-168,4687	-392,4570
-183,9353	-420,3754
-180,9210	-418,0818
-190,2272	-424,4393
-205,7595	-469,0036
-201,3029	-469,1347
-213,0998	-477,1308
-227,7144	-495,6117
-249,5379	-474,1821
-226,7972	-523,0065
-260,4173	-538,6695
-260,2207	-528,5118
-268,4129	-548,1072
-266,9057	-562,3287
-291,4163	-566,3921
-291,8094	-587,2327
-296,2005	-592,8689
-300,2640	-620,7874
-324,5121	-617,4452
-320,7768	-626,0965
-316,1894	-660,8306
-330,5422	-660,5031
-333,1634	-678,5915
-341,4214	-696,2209
-338,1446	-708,5420
-371,9613	-739,3441
-365,6698	-765,6896
-379,4326	-760,3817
-377,4667	-788,3004
-401,0596	-813,0729
-395,2271	-808,0927
-422,8177	-839,0261
-425,0461	-861,3083
-435,4663	-871,2700
-438,8747	-898,1400
-446,8045	-895,4534
-470,5289	-936,0205
-476,8203	-948,2758
-480,6218	-958,6311
-496,6783	-994,3483
-519,5506	-998,2153
-515,0287	-1012,3061
-541,3089	-1053,5282
-544,5203	-1049,4653
-567,8513	-1080,9887
-572,2423	-1105,1059
-594,1970	-1111,7910
-591,4448	-1147,8360
-607,8944	-1156,2903
-613,5309	-1159,0435
-641,2526	-1198,8239
-639,9422	-1208,3925
-659,9960	-1237,6874
-666,2880	-1256,6930
-663,7322	-1264,2957
-692,1751	-1297,7195
-689,0294	-1331,3393
-725,5333	-1336,6482
-716,6860	-1359,0619
-742,7698	-1377,9367
-748,6681	-1400,4159
-779,3391	-1422,3052
-780,3225	-1440,9177
-807,5856	-1471,7856
-816,5644	-1486,0072
-837,3394	-1511,6978
-855,0344	-1539,0265
-864,3405	-1554,4279
-869,1253	-1584,7060
-897,5023	-1624,2898
-915,2627	-1622,4552
-916,6391	-1657,5176
-932,8925	-1686,2880
-934,4000	-1700,5097
-962,6463	-1740,7491
-976,8677	-1742,9120
-996,5942	-1757,3962
-988,9925	-1795,6036
-1031,0012	-1798,6187
-1040,6351	-1836,4333
-1058,0680	-1854,0626
-1080,8093	-1858,5196
-1093,8511	-1900,0698
-1109,6457	-1919,5997
-1122,4254	-1936,4430
-1133,8292	-1969,6700
-1159,0605	-1989,8556
-1167,7773	-2026,7527
-1191,6325	-2054,0814
-1216,2087	-2068,1067
-1206,0510	-2109,9190
-1241,8341	-2125,0579
-1250,9436	-2132,3332
-1285,5470	-2179,6504
-1287,0544	-2186,0731
-1326,9661	-2201,6058
-1324,8037	-2233,7185
-1349,3798	-2237,3236
-1355,2130	-2288,2453
-1378,6095	-2304,3671
-1390,7994	-2291,5886
-1403,1202	-2345,9837
-1407,7737	-2355,0277
-1416,5555	-2383,1433
-1427,6969	-2412,6345
-1421,6676	-2420,5649
-1443,4915	-2451,7603
-1438,6417	-2463,3603
-1458,5647	-2455,1689
-1444,2781	-2511,9888
-1469,1163	-2514,6100
-1476,9805	-2523,7202
-1483,4030	-2551,1798
-1481,0441	-2548,8207
-1493,1026	-2580,9991
-1490,6780	-2582,2443
-1495,7896	-2567,7615
-1492,4475	-2614,9475
-1492,5783	-2612,9811
-1484,9765	-2606,4936
-1484,5830	-2647,4535
-1484,9108	-2637,6887
-1476,1945	-2636,9681
-1481,7649	-2652,2380
-1454,5674	-2652,1725
-1473,8350	-2663,0516
-1456,4677	-2662,6582
-1461,5794	-2645,8815
-1447,0302	-2673,1442
-1437,2652	-2655,7116
-1418,7187	-2651,9763
-1430,3180	-2657,8087
-1404,3658	-2630,8735
-1381,6247	-2643,8496
-1382,3456	-2626,8754
-1381,3620	-2597,8432
-1357,1792	-2626,8098
-1338,4359	-2611,6703
-1345,0550	-2571,8246
-1323,1655	-2564,8778
-1327,2943	-2558,9792
-1305,5360	-2556,4230
-1302,0626	-2540,7594
-1286,0060	-2502,7487
-1280,5008	-2506,8772
-1254,8106	-2491,2791
-1251,0747	-2446,6492
-1243,0138	-2457,2655
-1231,6755	-2407,3924
-1216,7334	-2396,7098
-1201,0045	-2375,6067
-1192,6157	-2341,1345
-1174,8553	-2332,0246
-1165,7458	-2301,8119
-1152,3761	-2260,9828
-1146,9366	-2252,6591
-1125,8336	-2218,5143
-1120,4597	-2178,1439
-1100,7986	-2157,3684
-1102,6989	-2109,1337
-1074,1250	-2107,1671
-1073,7971	-2072,6945
-1047,7137	-2030,5548
-1045,5505	-2028,2606
-1022,8095	-1988,4796
-1012,2579	-1953,0902
-991,3518	-1956,3008
-972,4115	-1917,3064
-962,8432	-1907,7379
-935,4489	-1882,1782
-945,5413	-1834,7958
-917,7536	-1840,7590
-920,3750	-1804,1893
-897,7648	-1768,7343
-893,7670	-1753,4640
-866,7006	-1720,7610
-871,1568	-1697,2988
-864,7996	-1683,7323
-857,7869	-1640,7405
-837,8640	-1631,5651
-836,9463	-1592,0463
-824,9530	-1571,9266
-810,6659	-1555,4764
-798,3453	-1508,0937
-787,7936	-1489,6778
-779,0120	-1472,1789
-769,2467	-1431,1532
-759,2855	-1430,3008
-746,3091	-1383,4418
-764,5279	-1353,6232
-739,1652	-1354,4088
-742,5730	-1323,8686
-714,0648	-1285,6610
-726,4508	-1270,5874
-700,5639	-1258,2662
-699,6462	-1235,3283
-683,0655	-1206,5578
-666,9434	-1188,4042
-647,8725	-1194,0397
-649,7072	-1151,2444
-634,5681	-1130,9938
-614,9728	-1123,9154
-606,0598	-1095,4069
-596,7534	-1078,6295
-584,0393	-1058,5749
-563,5264	-1020,7607
-568,7036	-1024,8235
-546,8799	-1004,8998
-539,2775	-972,1975
-523,7454	-960,9249
-530,2331	-930,8435
-504,1497	-905,6122
-507,5573	-906,3980
-496,0229	-873,7610
-490,0588	-883,5911
-457,6187	-864,6506
-466,8590	-829,3269
-452,3099	-827,8193
-444,9041	-824,3454
-442,6757	-792,5603
-419,2137	-782,2709
-412,1357	-760,1196
-392,8680	-762,7408
-400,4699	-744,0625
-366,1288	-701,5954
-369,6677	-716,5374
-354,1355	-700,6116
-356,9532	-667,7126
-340,3726	-678,8534
-328,6414	-643,4636
-323,0054	-633,3055
-302,0335	-625,7685
-319,9905	-593,2626
-286,8943	-591,1652
-299,9361	-574,8462
-271,1000	-542,0128
-273,5249	-548,7627
-250,1939	-523,9241
-265,9225	-510,0305
-240,3632	-517,2390
-246,2614	-474,7715
-231,8434	-478,2449
-235,5787	-461,8604
-217,0977	-431,5174
-216,9008	-446,5905
-211,5269	-424,8321
-210,8058	-404,7782
-203,2692	-412,4456
-197,8295	-378,5633
-192,6524	-381,5779
-186,6884	-380,2666
-199,4679	-336,0955
-185,1154	-360,1469
-191,2104	-326,6575
-186,9504	-305,5552
-195,1424	-303,3922
-173,5155	-296,0519
-192,0623	-297,7556
-190,1615	-278,0288
-185,8360	-243,2951
-163,0298	-265,5771
-186,9503	-242,1802
-188,3918	-210,7889
-165,9131	-229,5975
-178,1029	-207,3803
-171,2868	-198,3366
-169,4521	-197,9430
-162,7671	-172,7773
-157,5901	-188,3090
-154,7718	-173,4321
-169,2552	-153,4438
-139,5018	-165,5021
-146,6454	-151,8704
-145,8588	-133,9136
-153,0020	-132,2095
-144,1547	-127,5563
-154,2472	-119,6264
-147,2348	-113,8590
-153,6573	-98,5236
-140,8779	-109,2058
-141,0089	-96,0328
-145,4654	-78,0762
-141,7952	-96,9503
-146,5794	-77,8136
-121,7413	-70,6704
-141,7300	-78,6001
-119,4476	-63,7235
-136,4871	-90,0687
-130,5232	-50,8780
-151,2325	-51,3372
-133,4723	-60,3806
-137,4044	-36,8532
-130,6545	-29,4478
-152,0843	-34,2972
-141,1398	-16,0126
-131,6371	-31,0204
-127,6394	-32,3307
-116,1050	-7,2308
-123,1175	-34,8869
-101,3591	-28,9228
-109,1583	-30,7581
-105,6189	-35,3454
-115,7116	-15,2915
-94,2156	-36,3286
-111,6483	-19,9444
-93,6257	-10,2454
-103,9150	-22,6315
-91,8563	-13,3252
-103,0630	-0,9392
-102,9974	-19,5511
-105,4875	5,5493
-89,0383	6,5977
-96,6402	1,9449
-90,4143	20,5570
-81,8945	-9,5893
-71,7365	14,9214
-59,4811	28,2247
-72,1295	-6,4435
-53,1239	18,7881
-54,3691	24,9480
-36,7399	9,6785
-56,5317	28,6837
-42,1792	9,0230
-52,7961	9,6130
-51,4854	30,1254
-59,6771	13,2171
-38,5748	7,9746
-53,1237	26,3244
-44,4731	1,8795
-49,0604	19,3123
-47,4221	12,3653
-41,4583	17,0185
-47,5533	32,4848
-40,7373	7,1225
-47,2912	33,7305
-45,1283	36,5481
-62,2987	21,2129
-33,7907	40,1529
-51,8786	43,8882
-42,0482	40,2183
-54,6310	39,1697
-42,5070	25,6038
-51,2231	35,1721
-41,5238	30,5845
-40,0819	16,0357
-42,3758	25,0797
-22,7147	23,3755
-36,2809	25,5384
-29,1372	41,1358
-28,1543	21,2783
-26,5158	29,9293
-30,1860	36,8104
-23,8289	23,8998
-44,5382	23,9001
-29,1373	41,2668
-33,8560	27,8976
-31,5623	34,6478
-57,9732	16,0355
-37,6570	17,9363
-33,2662	37,1380
-41,7206	7,5812
-53,2545	12,0379
-43,3589	27,5695
-44,0141	3,6489
-43,2280	21,4748
-49,6503	6,6635
-55,2864	0,6344
-48,2086	18,1978
-63,6095	-5,2640
-38,5092	3,1904
-56,1384	14,7898
-40,6064	-1,1352
-49,4535	14,3968
-42,1790	10,3991
-42,6376	3,9767
-38,5090	23,0476
-38,3121	13,1518
-29,2685	26,8492
-36,0839	49,3931
-33,7248	18,1983
-35,6908	39,1046
-34,4457	50,1799
-28,4819	40,4153
-32,6763	46,8378
-19,5037	46,3791
-39,3610	54,1779
-27,5646	60,0758
-48,8637	41,7916
-42,7031	54,6366
-38,0501	54,7019
-28,2856	35,5656
-43,2930	52,0151
-32,1522	45,0026
-42,5065	37,2041
-35,2324	49,4590
-41,7201	27,1768
-33,2006	34,1239
-29,6616	48,7380
-32,1521	22,4583
-20,7486	45,2648
-30,1205	42,7743
-28,4163	33,9927
-35,8219	49,7211
-18,2582	27,1111
-26,7779	30,7160
-18,5204	49,5900
-40,5403	26,3903
-16,6853	31,5678
-25,7293	32,0264
-30,3825	34,9756
-23,3699	40,4148
-19,6347	21,8027
-31,3655	25,2107
-30,9724	28,5529
-30,1859	23,7686
-50,3056	19,3124
-37,0016	34,3854
-37,2641	10,9237
-29,5308	19,2467
-59,4152	14,3315
-48,1429	18,3292
-47,6187	30,6498
-44,0143	8,7608
-51,4853	7,0571
-49,9781	19,2465
-58,3008	7,9089
-34,5117	15,9699
-46,0459	14,9211
-51,2232	2,4695
-47,8151	28,4873
-51,4852	11,8409
-29,8582	3,1251
-41,3273	35,4994
-28,7440	4,3699
-38,7057	12,1033
-23,6322	11,4476
-28,2198	-7,3610
-13,1464	13,5448
-26,3191	-0,7422
-10,3282	-5,5263
-24,0252	1,8137
-11,9666	-5,3297
-23,3041	5,5493
-11,0491	8,0394
-9,2796	-12,5386
-18,0614	12,8895
-12,1632	4,5661
-25,9259	-1,5282
-8,9519	14,9210
-26,9089	-6,5091
-4,2991	3,7802
-33,1349	14,5278
-5,1510	6,8601
-21,1418	24,0304
-20,4209	3,7797
-32,2170	-11,6210
-5,5442	2,9935
-12,6876	-12,0799
-17,5372	-12,6041
-16,6194	6,5321
-16,0956	-15,4224
-20,6172	-2,9049
-21,7970	-8,9344
-6,1994	-7,8855
-20,8796	3,1243
-6,1340	-10,2450
-18,9135	-0,5454
-5,7407	16,0349
-27,6299	-7,3612
-14,9157	10,9889
-24,6806	18,0667
-7,5104	-0,3488
-27,3020	5,5496
-16,4887	8,7606
-28,8093	-6,9677
-20,5519	25,9311
-8,0999	-2,7082
-23,2389	0,5033
-10,5902	25,2100
-20,8795	8,0396
-3,5778	12,5617
-8,1000	-0,4145
-5,0197	2,4692
-11,6387	7,7775
0,2887	-11,3589
-11,2454	-4,8052
-0,6288	12,6270
-9,4760	-12,0798
1,8616	6,1392
-20,9447	5,4837
-2,8570	4,7630
-13,3426	22,5231
-8,0343	-4,3466
-0,1700	0,8311
-10,9181	23,6372
-0,6286	-4,5432
-12,2287	-4,0841
-1,6117	9,9402
-17,2748	-12,9318
7,6944	-2,1839
-16,6195	-6,3130
-2,0703	-28,6605
-8,2963	-4,4780
-4,6917	-30,6924
-3,8396	-17,0608
3,3691	3,1894
-7,7062	-40,5228
8,8086	-9,3274
0,8133	-6,3131
0,0923	-2,3151
0,5512	10,3332
0,2232	-6,9026
12,2820	9,6128
-0,2357	29,2076
-5,2816	6,7946
-6,1337	5,2222
6,8424	9,3506
-7,1822	6,5983
6,2527	26,1935
-0,9564	6,8603
1,0098	11,1860
-9,2791	37,7930
7,1702	-2,1837
4,2212	7,7781
7,3012	25,5379
-2,8565	13,5449
9,2020	13,0207
18,9670	7,8433
25,3891	17,1494
3,3039	25,3410
22,8337	-6,9679
39,2174	10,2026
17,4595	5,0248
30,1737	-17,5847
21,7195	-4,7398
25,5207	-5,1987
25,3241	-11,7523
28,1419	1,8135
12,6102	-13,6531
31,2876	-7,0992
15,5590	-6,8372
11,8235	-25,1870
16,4766	0,1754
15,3623	-4,8712
15,6247	-8,2787
14,8380	9,3503
26,7657	-15,9465
16,4108	-12,4073
21,9817	16,2315
16,4765	-9,5897
36,1373	-3,6256
12,2821	-8,4099
29,1906	-14,6357
9,9231	-1,1353
31,7466	-0,0870
23,1613	-6,5748
27,6831	-2,7739
16,4113	-13,5873
26,2413	-15,4877
21,4573	6,5976
6,0563	-13,1942
19,0327	-3,2981
25,7168	-1,5289
17,9182	-8,8686
2,3861	11,7095
21,2604	-19,6820
-9,2794	-0,4797
-1,9393	22,2608
-15,0465	0,5687
-0,5633	14,2004
-15,1122	19,1809
-18,8478	19,5744
-17,1436	32,2883
-8,9519	12,0378
-18,0610	33,7303
-2,9225	25,3415
-0,0388	20,9508
-11,8354	28,3564
4,3521	27,0454
-7,0514	11,7758
2,9101	32,2229
-14,3914	7,2536
-7,6410	23,4413
-18,9787	37,0067
-2,3326	18,2635
-2,5947	23,3755
4,4174	11,0545
-11,6384	11,4478
5,6630	17,4115
14,5759	7,6465
11,1679	-3,8221
11,7581	4,8939
19,8187	-0,9387
32,7296	-2,1181
13,7238	15,4452
37,6447	-2,9048
17,9838	8,3678
27,7489	15,5765
13,8553	6,8604
34,0403	32,6815
17,9185	16,0352
31,3534	12,3657
18,2463	28,7494
28,5352	16,6909
14,3143	17,8707
28,6009	34,3855
18,7052	22,1303
38,1035	27,9630
25,8483	19,0500
12,7410	17,8050
27,8145	22,6544
16,5419	3,5180
22,9645	13,2175
5,9905	16,1007
17,5250	2,3383
2,7793	12,8895
-0,4318	-6,9024
2,1897	-9,3925
11,5612	11,0544
3,3693	-4,4123
18,9669	-1,0697
5,6632	13,0202
20,3432	-9,3275
16,4767	7,4499
27,3555	-1,5287
33,5160	1,1585
13,3964	9,8746
32,5986	-5,5919
20,3430	-5,3950
31,7467	9,7435
28,9283	-17,8470
22,8992	-10,3757
20,0156	20,0326
26,7002	-8,0169
12,5446	4,0419
34,8922	-9,2619
9,2675	-3,0358
7,4983	11,7751
15,7558	-11,2934
15,3622	-1,8559
11,2994	13,4791
15,1656	2,4037
18,6393	11,3823
11,7577	2,9281
12,1512	12,6275
13,8549	26,7831
7,5635	5,7462
4,1555	17,3462
2,1240	18,7223
-3,7742	8,8919
16,3451	23,8996
-11,5731	15,4455
1,1409	18,6567
-10,1966	23,2441
9,7916	3,6489
1,5998	11,5790
7,5634	31,1083
6,2528	0,3064
4,3521	8,5644
7,7602	10,7267
8,8741	3,5835
24,6684	18,6567
-6,6579	16,4939
4,4180	8,8919
9,5296	16,3629
17,5249	-5,1985
-0,6940	4,5666
5,0733	11,9063
-5,3469	1,2895
12,5443	13,8723
3,1727	7,4496
4,6143	-8,0821
7,9567	13,8722
-12,5561	-9,6553
9,3987	-13,2594
1,6649	9,4813
3,4349	-12,5389
3,8278	-12,9973
17,3939	-0,7423
6,7770	-12,5386
17,7216	-3,8877
1,1410	-2,1840
22,9646	7,1878
10,6437	9,8746
20,2775	-13,7838
-1,8735	-2,1838
17,3284	-0,2180
1,3377	-4,6743
9,2673	0,8305
2,9105	-15,8156
4,7453	-24,0073
8,4155	-1,2666
1,0097	-14,5049
15,8211	-5,0020
-2,2671	4,8281
5,1387	-11,5555
5,9250	7,4500
20,9982	5,2216
-2,3981	4,7631
3,6313	15,2487
-3,3154	-9,5893
2,5172	4,2391
-2,0702	27,3727
17,2627	-1,1352
1,3375	14,5280
4,1556	7,3843
12,0200	3,7146
5,5318	15,6417
17,9838	-20,9271
15,2966	-5,4604
16,5420	11,3817
9,4640	-16,9296
16,5420	-7,3612
-1,1527	-9,7208
17,2628	-9,7862
4,2210	-7,2304
-11,2454	-1,7254
-5,5436	-1,7908
9,9223	14,5930
-10,2627	-4,9367
-23,6319	5,1563
-14,0636	5,1560
-24,8118	1,7484
-27,3019	12,6272
-19,7657	10,3334
-29,0061	9,0229
-25,4673	18,6566
-22,1250	1,9449
-31,7588	-2,8390
-26,3847	15,9041
-28,6784	-3,5601
-7,1828	4,3044
-24,6806	-0,1522
-16,9472	-2,3803
-6,0682	15,9695
4,0241	-13,7838
-7,3132	-13,0627
7,7600	16,1660
19,3599	-18,2405
-3,8398	-3,6256
17,1321	0,4373
18,6389	-19,6820
23,8165	-4,7398
2,3860	-8,2133
10,6438	-11,8832
13,8550	7,5153
20,7360	-16,2742
0,4855	-7,8854
-4,0365	7,8430
-9,6069	-7,6233
-3,1847	2,6003
-14,5878	-7,9511
-12,0976	-4,8051
-14,9811	12,1683
-17,2750	-12,3421
-11,3112	-20,4682
-17,0784	12,6927
-5,5440	-1,9876
-21,2072	-7,6233
0,9441	3,2555
-9,0176	-6,9680
-12,6872	12,8237
-1,4806	-5,7884
0,0923	-2,8390
0,2235	17,1492
7,1046	3,5832
-7,3129	3,4524
9,9883	16,4283
-2,5290	12,4962
5,9906	14,3311
9,4640	-10,0481
3,3691	-4,1497
-4,4295	22,4575
8,1531	-16,9950
13,4616	3,1248
-3,1847	1,4205
0,4202	-18,6332
9,6604	10,9890
3,4345	-9,0653
-3,2500	-10,2444
12,4130	19,7705
-9,3449	-13,9804
5,3353	-6,8366
-11,1797	8,8260
6,1873	-6,5091
11,2335	11,1855
5,0075	5,0904
13,1342	-6,1159
3,2381	1,4861
7,5636	-7,5578
0,4855	-2,3805
16,2142	10,7263
-2,3982	-21,4515
5,6628	0,2410
0,7474	-13,3253
2,1237	-4,1499
-24,7459	10,5298
-11,0489	-15,6189
-8,3621	2,4038
-17,9960	19,6393
-19,4375	-13,4561
-20,5519	1,4210
-13,6703	16,3628
-7,3793	6,6636
-15,6364	27,2419
-6,5926	18,5255
-0,1700	10,9892
-9,1486	27,5696
2,9102	13,2172
-1,0877	22,9824
0,6165	18,7876
-6,9858	19,1811
-0,5631	12,9551
-6,6580	10,3993
7,9566	11,9066
-0,6286	21,5403
2,1895	8,5641
5,4008	3,0594
7,6945	22,3923
5,8597	6,3358
10,7092	12,5620
15,3624	20,9503
8,3500	1,8796
25,5861	14,8557
13,5927	6,6637
26,9623	9,0232
11,4957	27,8318
29,1248	7,3190
12,4131	16,5599
10,1850	31,8296
3,1072	16,1665
13,8549	20,6886
-7,6407	22,2614
3,8280	23,0479
1,9929	27,1111
0,6821	15,5111
1,3375	25,4071
-2,3982	32,7469
5,0731	2,7315
-4,4299	16,9530
7,8911	5,9427
5,8592	0,1102
7,4977	9,6127
-11,3110	-4,8708
5,6629	-0,8075
-7,3133	6,2701
-2,0703	-5,8540
-12,1628	-1,0698
11,1024	8,2361
-8,2963	-2,8393
4,2212	2,7312
-1,1529	-14,1770
-3,7089	0,1100
0,2890	21,0811
-2,5949	-16,1430
-0,7597	0,1757
-13,4738	15,4452
-3,3155	-0,4145
2,6479	2,8625
0,2232	-0,5456
-15,5054	-9,1962
1,4685	-5,3952
-9,0828	-8,2787
11,3642	-10,1793
-20,0273	10,8575
-9,2793	-18,5024
2,3206	-3,0358
-0,7599	-1,2011
-8,5583	-8,4754
0,9441	-4,2812
5,9250	-5,9196
-10,5902	-13,5872
6,4494	5,6146
8,1530	-21,7794
7,8254	-11,2279
3,8933	-6,7062
10,5124	-18,3060
-4,7573	-16,0122
13,7893	-22,5003
0,2889	-22,3690
-0,5631	3,3207
-0,6285	-18,9614
-5,6748	-10,6379
4,6799	7,2531
6,7769	-14,0459
5,2042	7,3845
1,5995	-1,2009
11,3646	2,4038
1,5339	16,8870
11,1024	0,8307
-2,3982	-5,6570
6,7114	8,8262
-3,1845	-1,5284
17,3282	10,2026
-4,9540	13,8724
2,5174	2,8627
0,4858	20,0329
12,6098	11,9063
3,5660	7,4502
5,9908	25,2757
17,6562	8,3676
13,6584	16,0354
14,8382	27,9627
15,4280	12,1033
23,0302	19,8365
27,7486	15,1832
24,2753	17,3462
20,3431	29,3389
40,1350	-1,9216
24,7340	9,5474
28,9939	8,5640
13,1343	-0,6764
30,5668	2,0105
16,1490	-9,7861
18,4426	-8,5408
3,1074	7,5152
21,3918	-22,5657
11,4303	-7,0990
18,7702	6,2043
17,8527	-12,0800
9,1363	-0,4801
16,6076	-5,0022
3,0414	-18,3057
20,0808	2,8623
0,3544	-18,5025
15,0345	-11,8830
0,1577	10,0711
7,3667	-20,0097
-3,9054	-8,2786
-2,5293	-3,2980
-11,8351	-10,7691
-4,6264	-2,3150
-11,4419	1,2895
3,6967	14,3968
0,7476	23,3749
-7,5100	-5,0019
0,5510	0,2412
-11,4422	14,8556
2,7137	2,7313
-8,1656	8,2365
2,2548	15,4453
-6,7237	10,7267
10,9055	10,3334
-1,8740	-2,9047
-7,4444	-2,9701
-12,0973	10,3989
4,4175	2,2070
-8,8206	8,8262
-4,8885	3,7798
-2,8568	-2,1182
-13,2772	10,2024
-2,9879	-2,7082
-7,1169	7,5812
-2,6603	16,2316
-8,6897	-1,0697
9,4638	9,4161
-6,7238	8,5639
10,7745	-0,6108
-5,8716	18,8531
5,9905	-10,8345
10,5779	-2,4457
9,9227	11,5132
-1,6114	5,8770
15,4933	-3,6254
5,2700	13,5449
3,6315	8,7607
18,3118	14,5278
15,7556	6,4014
29,5839	7,1881
34,4333	33,2055
29,9116	-0,9389
22,2438	2,1417
35,6788	21,8675
20,4743	-15,2911
25,0620	2,5349
26,7658	1,1583
25,5205	-2,7082
12,8065	7,3188
9,7263	-1,0699
3,0418	2,9936
1,0099	17,0835
-7,8373	7,3186
5,6627	3,8454
-17,0126	8,7605
-7,1167	-2,5117
2,3859	2,3381
-14,5225	-3,8223
2,8446	-3,1669
-17,6026	6,0735
2,9103	-13,1937
0,5507	1,8796
-1,6119	-0,4145
-20,7482	-9,1960
5,1384	20,0984
-16,7505	-2,2498
5,5971	-15,0287
-9,2794	8,9571
-2,6602	-13,3252
8,1533	-1,5284
3,5002	6,8598
21,9160	-13,7184
19,4254	-3,6913
20,6708	-5,6576
16,8698	-14,3738
24,9307	-10,1796
14,0518	-36,9837
31,1566	-13,6528
22,1782	-24,1390
23,7510	-34,5588
8,6780	-11,6214
28,4041	-19,7480
13,9207	-21,4516
16,4765	-2,8396
8,9400	-12,6700
0,0926	-7,8202
8,3503	9,3501
15,6900	-14,8981
23,0955	-13,1938
5,4663	-2,1184
28,9938	-3,6913
16,2795	4,3041
18,4423	-6,6406
1,0753	-6,5092
9,7918	4,3695
3,9589	-15,9465
15,2965	-8,0822
-3,6432	-3,1672
5,4662	-14,3737
1,4031	-8,6067
-9,6070	-15,6191
-1,6769	-24,7284
8,0875	-1,8566
-2,3324	-22,4348
1,5340	-15,5533
0,6823	-3,6261
6,1216	-20,9930
5,8595	-11,2935
-5,1506	-4,9367
3,5658	-19,0268
-3,4466	-5,3297
15,5588	-11,2280
-8,9518	-5,3296
-7,7720	15,3795
-8,8205	-15,4222
-3,1846	7,8434
-5,2817	13,4135
-2,8570	9,4817
-12,4249	18,0012
-7,3788	10,5302
8,4807	11,8411
-12,5562	28,5526
11,3644	9,4161
3,5653	14,5281
-4,6919	16,7562
-1,3497	4,6978
10,1846	20,2297
-7,9034	11,8411
-5,7404	8,6300
-0,9565	30,2566
-7,2478	1,1586
-11,4420	11,0549
7,1044	22,4576
-15,3742	2,8625
-6,0026	8,9575
-0,1697	6,7945
4,2208	2,9279
-9,2136	2,6001
4,4177	-11,8834
17,0661	-16,7328
-2,9225	2,8621
14,3137	-21,3863
5,2039	-34,2309
4,9420	-6,2473
0,6821	-19,4201
9,0706	-4,4778
-10,2623	-21,7794
11,0367	-9,7859
-7,7065	23,4403
-2,7256	-20,9928
3,3692	2,9280
14,1825	5,2216
12,5443	-7,5578
13,9862	4,2388
29,1906	7,1877
11,2992	-4,0188
30,3704	13,0206
29,9115	-8,5407
29,5838	4,8943
15,4937	19,8362
23,0304	3,7143
21,7851	3,5180
23,2923	9,1538
7,8259	-5,9193
17,0009	22,5887
14,9037	-3,8880
9,2675	-2,1838
8,2190	7,8430
9,2674	-11,0312
5,5320	0,6998
-7,1166	5,0249
3,8937	-8,8029
3,1724	9,5471
4,1556	5,6149
-1,2841	-4,4774
6,3182	13,2171
0,1578	-3,5599
4,8764	16,2975
-3,6434	18,4599
-4,1020	-6,3125
-3,7089	15,2490
-9,6727	9,3503
-12,5561	-3,6909
-15,0466	14,3312
-13,8013	-3,5602
-4,3645	11,7754
-13,9980	11,2507
-17,2094	-19,4197
-3,5123	3,7145
-15,6367	3,9108
-7,2479	-14,5701
-15,8988	-0,4799
-2,0707	-11,5555
-24,4839	2,8624
-7,6412	5,0248
-19,2410	-18,1747
-8,7553	-6,9679
-25,8600	2,1414
-11,7698	-3,6258
-7,1823	-1,2008
-13,9982	4,7628
-4,8884	2,9935
-12,6874	18,1976
-4,0365	-3,2326
0,7475	-8,2785
4,5486	24,0958
-11,7043	-3,2982
10,4469	-7,8200
-4,2989	-1,3977
1,4030	-9,0651
-3,3812	19,4427
-3,6433	-13,1287
-7,9686	-17,3881
-11,1144	19,3116
-19,3062	-12,1456
-5,8716	3,7799
-4,6263	7,5152
-6,6581	-9,2619
-8,1652	-4,2154
-2,0050	-10,6381
4,4833	-14,3733
-1,5461	19,1806
8,5465	-12,9974
4,5486	12,1686
6,2528	9,4156
-6,6579	-16,7984
1,7309	3,0591
-5,5437	1,8136
7,6945	0,2410
-3,1190	9,6779
-4,7574	-23,1554
3,7624	-8,3441
-9,8038	7,5152
-5,2814	-7,0338
1,6651	-2,3151
4,5488	-11,2936
-1,0218	-6,3783
10,7748	9,3501
8,4808	-16,9953
9,5951	-7,0335
10,7090	1,1581
12,0198	-16,7985
-7,9686	-2,7736
8,4809	10,3334
2,7793	-4,4120
4,5488	18,5912
-4,1673	-2,1181
7,5634	24,4241
-0,4318	41,1354
-1,1529	11,9065
-3,9706	23,0480
8,8740	40,0870
-5,0850	13,5450
-12,2941	15,3802
20,9327	12,4310
-4,3646	11,3169
-12,0318	21,4748
-1,0874	1,4208
11,0366	8,4333
-14,5877	13,2172
8,7432	-4,6085
9,1363	3,8456
20,9327	-1,0697
-0,2351	5,6806
8,8089	22,5229
13,7242	2,4034
19,9498	-7,6233
15,2314	7,1221
6,8428	-7,4269
23,6856	-13,5871
14,6414	-7,8200
24,3410	-1,3321
8,9400	6,4011
29,9114	-15,6844
20,6053	-2,5115
25,5203	18,0664
1,0102	-10,8349
17,8529	-5,1329
4,7456	-1,1355
18,2458	-10,3758
-3,3810	10,0712
-7,0511	-10,7693
-0,1697	-5,7883
-1,7429	2,1412
-9,5415	-14,9635
-6,9857	-5,7229
2,7791	4,7626
-15,4400	-21,5173
-2,1360	-12,8007
-7,8379	-1,9221
-8,6242	-13,8495
-20,5516	1,8136
-0,1045	-21,6482
-6,2649	-2,3149
-2,1362	7,3841
-11,4419	-6,6405
6,2526	-5,3951
10,2505	-2,1840
6,4493	-0,8076
21,4573	19,7050
20,4741	-2,5119
25,3896	-18,7642
13,1996	10,8578
30,1738	-12,2765
22,5712	-0,2831
19,9499	7,1876
7,4982	-12,0797
22,3746	5,5494
2,9105	-3,5603
5,4664	-15,9463
1,3377	13,7411
15,9520	-19,2235
6,5805	-8,8684
6,1216	4,5004
10,7748	-9,1309
6,2527	6,7944
24,8651	-5,1333
11,6921	-5,7227
4,4181	4,7627
19,1634	-9,7860
20,9329	8,4331
8,6776	21,9330
17,3939	-4,1499
7,4324	5,7461
14,9690	10,3990
-9,4759	2,7970
2,3862	18,1979
-10,9833	8,3018
-5,4785	8,3676
-16,1606	22,0643
-22,9765	-8,6719
-14,3257	4,1734
-19,5032	15,7728
-14,9810	3,4522
-11,3767	2,2725
-8,6241	-6,1161
-14,1291	-2,1839
10,5780	2,9932
1,8617	-23,1555
3,7624	-4,2156
9,9229	3,3207
19,3600	-26,6290
2,3209	-1,6598
22,7680	-6,7719
2,9762	-5,5920
0,0928	-7,8859
20,9331	-12,8666
16,3452	-21,3860
7,6948	2,5343
17,0006	-19,4201
19,2945	-15,0946
5,5974	-2,5118
14,7725	-9,9173
11,6266	3,2553
3,0416	-16,2744
1,7965	-11,7522
11,6923	-2,6428
0,9445	-23,9419
12,7408	-4,4777
-0,1040	-3,7571
8,4153	-18,0437
-10,9175	-0,4146
1,5342	-15,8156
-7,3787	-16,5363
0,3544	-6,5750
3,6313	-10,6383
-0,4322	-23,2210
4,8109	8,6948
-5,5440	-13,1287
5,4662	-13,5870
3,0412	-11,7521
1,9926	-5,2640
-15,2431	4,8939
8,5464	-3,1012
-6,3303	7,3846
-10,8521	20,4915
-11,7695	5,9426
10,3813	10,2026
-1,2183	8,6296
-4,0366	3,1902
-0,8250	7,2533
7,6943	-2,6427
6,5804	-1,4629
-4,6919	9,8746
9,2675	-3,6914
5,1384	2,0759
6,5150	-10,8347
6,6458	-17,5849
9,9227	-5,0020
-5,3470	-14,5050
10,8403	-13,7184
-9,1480	-6,0509
19,5565	-32,2652
-4,2986	-16,7985
-3,1188	4,6312
1,6652	-36,7873
-2,5294	1,8791
-13,3425	-13,0634
-2,9226	-28,9227
-4,2332	-0,3490
-19,1100	-18,1094
-10,8522	-14,1769
-18,7167	2,3379
8,3497	-12,6042
-6,0684	-0,6765
-0,4976	-3,6259
-12,6872	-3,9533
-2,5290	0,0442
-0,6939	-16,5364
21,5224	0,1756
-4,8227	20,0979
9,6608	-9,1964
12,0858	-0,8075
15,1003	6,5978
27,6833	2,6003
24,2752	5,8115
21,5230	-2,2495
20,1465	-1,2007
20,5398	0,5031
15,1002	-19,5509
19,9497	-3,8221
-3,9053	9,2191
9,0051	-12,7353
-8,0342	-7,8200
-6,5269	-3,0362
-4,0366	-23,6142
-13,1462	-2,5118
-10,5900	-17,7161
4,4829	-15,8153
-7,0510	6,1388
1,5340	-17,3885
5,9250	-14,8979
0,2235	-11,6213
8,9396	-19,0923
-2,6602	-3,9536
14,1171	-23,2213
1,2719	-20,7307
2,5172	-5,2645
5,9906	-27,2844
20,2773	0,8306
-6,4612	-7,5583
14,5759	-18,3715
4,3522	3,9763
2,9759	-6,8373
9,6607	-10,2448
7,6944	4,5006
0,4857	-5,3953
14,6412	2,0104
2,5172	10,3987
-8,9517	-7,4925
11,1023	-15,4877
-7,7722	-6,8370
-6,9857	-18,4369
-14,9155	-3,3637
2,5825	-15,4880
-9,5417	-18,4368
-2,1360	-1,2011
-10,5900	-19,4857
6,1871	-9,8517
3,5003	-8,3446
6,1871	-16,7984
7,0393	0,8959
9,7261	-19,2889
9,2676	-3,6912
17,0662	-3,6259
19,2945	-15,4877
11,0367	3,9111
16,6731	5,9423
15,7554	-8,5407
15,8211	24,1616
10,9713	-1,6597
16,4108	-2,1835
4,0902	22,6543
21,1950	-3,6911
-1,6115	8,4333
7,1704	30,4530
4,0247	8,0398
-5,0193	24,4894
7,7603	11,0545
2,9759	10,7925
-0,3661	25,7344
2,3206	0,9620
18,3114	-3,4943
9,3328	8,7607
17,5906	-13,1283
15,3622	-2,8390
13,3962	-1,1355
-2,1357	-15,5532
16,6076	-2,0528
4,1557	-28,8570
1,2067	2,1417
-4,4949	11,9060
2,7794	-5,5264
5,8596	3,3212
-4,6919	7,1220
-10,2621	-4,3464
-10,3934	13,7414
-0,6286	4,2387
-7,9689	9,3507
-2,9225	23,7683
-21,6004	1,3553
-10,4592	20,5575
-30,0545	21,6713
-8,5587	6,6638
-22,5834	18,3290
-10,1315	9,8749
-25,6635	16,6251
-3,4468	30,0598
-8,4275	3,5832
8,6773	0,8966
-2,7258	19,5085
-11,1798	-9,2616
12,6754	33,0746
5,2040	11,1198
16,2143	4,2389
7,3667	19,7052
8,0223	8,0398
0,6822	15,9043
10,9057	19,9673
-7,4443	1,6174
-0,4975	9,4818
-5,0851	8,3674
-11,7699	2,4037
-28,6124	12,8238
-6,3960	-10,0483
-16,7506	-5,5260
-25,0081	15,9036
-17,6024	-23,1556
-9,2140	-5,0673
-8,3619	-3,0362
4,3519	-14,4393
12,9371	2,4035
-7,3135	-22,1071
1,0097	-23,3519
-9,5415	7,7117
8,3498	-17,5197
0,6818	-15,8154
2,9758	-8,5411
-2,2671	-16,7986
9,8570	-8,5410
-8,4274	-4,0193
-3,7089	-19,6820
-7,7065	8,0396
-3,4468	-3,2984
1,6652	-18,4366
-14,6534	12,1028
-1,8737	-6,9682
-2,5294	-7,3611
-3,5779	3,3211
-14,7846	-5,0676
-8,4276	0,6340
-17,4717	-5,9851
-11,4423	-1,9217
-26,7121	9,6778
-13,0808	-9,1963
-29,7924	1,2896
-28,1539	5,5492
-22,5177	0,9620
-15,9644	16,8216
-22,7800	6,9913
-15,8988	8,2367
-16,4228	23,8995
-1,8740	12,5620
1,9928	20,6885
-2,5292	30,5187
10,5783	11,1857
18,3113	25,7347
13,0031	14,1347
3,4351	9,2199
32,7296	33,1402
17,6561	8,4986
30,0426	17,1497
6,0565	23,7029
14,9692	10,1372
2,5832	19,9021
13,0684	27,9628
7,7601	14,0692
-3,3156	21,9337
9,4640	9,6127
0,0922	16,3632
0,8131	25,0791
-0,7597	0,2412
17,7214	11,2513
1,4029	18,7223
12,2165	12,6274
10,5782	21,5402
21,3915	9,3504
15,6246	-1,6591
14,9692	21,4090
5,9254	-7,2301
18,1149	5,2219
18,3116	14,0688
15,4934	-16,0121
6,4496	-1,0698
13,3307	-1,3322
18,7702	-16,1433
-0,1043	-9,4585
19,1634	-19,8789
2,9757	-15,0945
3,9590	-8,3448
-6,3957	-26,4323
9,0705	-4,0190
-9,2795	-6,7062
-6,6580	-13,8494
-11,9663	-1,2010
-0,3011	-13,0629
-5,5438	-7,9509
-6,1994	16,6903
-0,4975	-5,2643
-1,4153	-14,3077
-13,6047	13,0859
-7,7066	0,5031
7,6943	6,5325
-10,9180	6,4668
1,4683	1,7485
-20,6173	30,9772
-4,3643	-8,5410
-11,7700	-1,7248
-17,9304	16,7558
-24,9424	-9,3273
-2,5951	0,0443
-14,4569	-0,0214
-19,1101	-8,0823
-24,2216	-1,4633
-6,6582	-28,4641
-7,1825	-11,8833
-9,0175	-8,9345
-4,8230	-30,8890
-6,1339	-24,4008
6,2526	-4,6092
-5,6096	-32,8551
1,0098	-10,9004
1,1407	-21,9107
4,6142	-27,8085
-4,8229	5,4834
2,1895	-17,4540
5,5317	-8,4753
-5,0851	17,0836
2,5173	14,3313
1,2062	35,3683
-12,9492	19,1810
2,2549	20,7541
1,9928	30,1913
-0,8909	6,9261
9,1362	26,9147
2,7791	38,3830
8,9395	1,3555
-7,0511	18,0672
15,8208	20,2297
-9,6071	14,4626
7,4322	33,8611
-7,2477	15,9698
6,6458	17,5429
-3,0534	39,6938
-0,6940	19,5743
11,4959	29,5360
18,6390	30,1910
17,8528	21,7371
12,3478	33,5335
30,5670	12,1032
28,1418	19,5089
25,7171	31,6327
15,3625	4,6321
35,3510	8,2367
6,3839	21,3436
23,0958	-3,2978
15,6244	21,2128
11,1026	4,3697
0,0270	-0,2174
7,1047	25,4068
-14,3910	4,6319
-6,5268	8,2367
-8,4929	18,6567
-18,5201	17,1494
-14,8498	25,0138
-5,6096	24,6860
-10,7214	18,5914
-15,6367	36,2861
-8,4931	20,8196
-21,9935	30,3880
-7,0514	45,0023
-22,5833	21,6060
-0,0389	27,1113
-17,2749	30,1911
-12,1631	27,5043
-18,1922	28,6183
-0,6943	13,1518
-22,3866	16,9531
-9,0828	33,3367
-11,6387	2,2728
-17,2094	21,2128
-12,7527	27,1105
-2,5294	-1,5939
-6,5926	8,3021
-14,4569	-3,2979
-10,0660	6,0738
-28,3506	7,8430
-3,2502	-10,6380
-20,2898	-3,3635
-8,2311	5,8769
-22,5835	-10,2449
-12,6875	-4,0843
-18,5858	6,9254
-22,1247	-1,7907
-25,4667	13,2824
-17,0783	-12,1454
-15,1777	6,2705
-14,7190	15,6417
-0,1699	-9,4581
-12,7530	7,5813
-2,0702	20,5570
-1,0875	13,7414
14,5101	10,7924
1,5340	0,1100
9,7260	-1,3316
-7,5753	19,3772
9,5950	-7,7544
-0,1699	-3,4291
1,0754	5,5492
-5,5436	-17,7160
8,3498	-6,7713
-9,3447	-10,5071
1,0753	-11,5554
0,8133	16,4281
-13,8013	-4,6090
5,2698	-9,1305
-1,0876	1,5516
-7,6408	1,1583
-2,4637	-0,3487
6,1215	2,4692
-9,7381	2,1417
20,0807	20,8847
-10,0003	-1,4630
4,1556	15,0523
2,3862	19,4429
4,8765	3,6490
2,1240	8,2365
7,9565	1,5519
-16,8158	1,2898
6,7769	18,4599
0,2889	4,7630
-13,8671	18,5911
-7,2476	23,1129
-6,0027	-1,0697
8,8085	1,4210
3,8275	25,2103
-7,0511	9,9404
-5,8715	17,2150
9,4639	13,3484
-4,4298	7,5813
-0,2352	32,0914
1,5997	3,9111
13,1338	9,4819
-7,1820	30,4529
7,9568	4,0421
18,1147	4,8942
11,2334	8,8917
3,1074	4,7629
22,1125	6,7944
20,3430	-22,7623
8,8742	-11,8831
14,3793	-2,7085
4,1556	-17,3230
4,2211	-7,6237
-8,8207	-22,9591
-11,3766	-21,3860
-11,7699	4,3038
-15,1779	-18,7649
-20,0930	-13,7837
-14,8502	11,5783
-30,6442	-15,0291
-19,3721	-5,0019
-15,5708	6,3356
-11,8355	-2,9705
-9,2138	6,7289
-2,1362	0,3719
-4,0366	-2,4460
-12,8185	10,9232
1,9272	-10,9657
-5,7408	0,6343
-8,7554	8,0397
-16,4885	-4,2810
-12,8839	10,2680
-3,6435	-1,7908
-6,1340	-3,9532
-18,6510	14,9863
-8,0342	-9,4587
-2,3326	-2,2494
-2,5293	10,5296
-10,0657	-18,1094
6,1216	-11,0313
4,4832	0,9614
-1,6116	-24,6629
19,1632	-4,3468
9,5294	-16,3401
24,7993	-11,7523
9,0052	-8,7380
7,4980	-24,4665
7,3670	-18,6992
16,9352	-9,9176
5,4664	-25,5805
6,0563	-0,4148
11,2993	-22,1728
14,5758	-17,3226
5,5321	11,8404
13,6583	-12,9977
14,9691	-13,9148
4,4177	2,2725
12,2822	-11,1624
10,6436	6,0736
13,8549	-1,2666
-0,7596	-4,8708
21,8503	-3,6914
-2,7914	-12,8663
15,6899	0,0443
4,8109	-1,5943
-3,3811	-13,0629
-4,4294	-7,6889
-2,8568	5,1560
-1,2837	-5,1330
2,2550	11,5133
8,0878	10,3990
0,7475	6,5327
-6,7888	25,9312
2,2549	13,0862
7,5633	20,5574
-14,4568	22,7200
2,5171	17,2805
-10,1970	26,1934
10,8400	14,7244
-11,1144	2,2072
14,6412	16,8216
-6,4613	-8,4098
8,6119	-0,0210
-10,7210	6,4667
3,1069	-7,0335
8,8085	4,8286
1,5993	7,9740
-12,2940	2,1417
-4,6920	12,7584
-4,4954	5,5494
-10,1972	7,4502
-5,3474	18,5910
-16,9475	-7,4264
3,8276	16,2976
-10,0663	1,6173
-4,9542	-3,9530
-13,8672	5,1563
-7,3790	3,8454
-11,9008	-2,1837
-2,7260	2,6002
-11,6387	-15,5531
-8,0999	5,9427
-14,2599	3,5831
-6,9858	-7,8854
-3,6432	10,0058
-5,0853	-5,0675
-4,2331	-0,0865
-2,3328	12,4305
4,7453	-9,9827
-9,2796	-9,1960
11,4300	15,5107
-7,5100	-13,1286
12,0853	-6,8368
-6,0026	-3,6259
-9,9346	-11,6866
-8,5583	9,3502
-4,8886	-19,8788
-15,6362	-8,2787
-13,1461	5,2869
-9,0826	-15,8154
-9,8694	-0,6110
1,4685	1,3550
-9,0175	-8,6719
1,6650	17,8046
-2,0708	-5,0019
-15,9642	5,0908
-21,6002	27,3727
-10,3282	-11,4244
-19,7653	8,3677
-6,7892	2,2069
-30,3165	0,0445
-6,9202	11,7097
-12,8840	2,0103
-8,2310	-1,4630
-9,3450	7,3188
-12,1631	-3,8878
-2,9879	-7,3611
-14,9812	16,1005
-0,4319	3,9763
3,3688	-1,0698
2,5172	-5,9196
3,4345	-6,4437
10,8403	7,7118
7,1703	-23,3522
21,7194	-11,0312
10,0540	-6,7062
26,8968	-24,3352
9,7921	-0,5457
17,2632	-6,3786
11,0374	-15,6190
30,1081	7,1219
12,5445	-18,9614
26,5691	-11,5555
20,2121	10,4643
12,6099	-16,5365
13,9206	0,7655
8,5466	9,2192
18,8356	-3,4290
6,1871	22,4577
7,5634	-2,3805
-5,8058	4,2391
9,0052	27,4383
-12,8838	2,4691
3,5003	4,1734
-7,5754	13,9380
3,1724	3,2556
-12,3594	13,8071
-5,1505	10,6611
5,6630	-0,3488
3,3035	15,3142
6,0562	-0,2178
7,0391	2,6659
24,0129	3,9108
-6,0026	-10,1137
7,7601	-2,9703
7,8911	-6,5750
4,4831	-20,1407
-4,5608	4,8282
12,8062	-15,4881
-16,2917	-17,2571
-8,3617	-1,8567
-6,1336	-33,5759
-7,7067	-8,9342
-9,2138	-10,9662
-15,5709	-23,0901
-4,2331	-16,2744
-7,1170	-17,9129
-8,8863	-22,4347
-18,9789	0,9614
-1,0875	-35,5420
-20,0277	-15,0944
-4,8231	-3,3639
-24,0907	-22,5656
-7,7723	-0,2178
-17,8648	-10,1141
2,9099	-14,5046
-20,3551	13,1513
-6,5927	-5,9853
-15,5710	-14,9633
-11,7699	9,6124
-11,6387	-9,5240
1,5339	4,6319
-5,2162	5,0249
-7,9688	-8,0165
-4,4296	6,6635
-8,6241	-6,4439
4,2866	2,0761
-9,0828	10,7263
-2,1359	-14,8980
7,9565	-10,3758
2,1238	-3,3638
-5,4781	-27,8086
-1,8083	-12,6041
-5,6092	-17,1919
0,8129	-11,0970
-11,2452	0,8303
-6,0028	-31,8065
-12,1629	-18,3056
-9,7383	6,2043
1,0752	-15,0292
-1,3497	1,4860
4,0243	2,1413
-8,7551	-0,4144
14,2480	8,7603
9,5293	-15,0945
4,9419	11,1200
6,1218	6,9253
12,6753	-18,5679
6,5805	11,3165
9,3985	10,9229
-1,2836	-13,9149
3,5003	7,6465
1,7966	-7,0991
4,8764	1,3552
9,0709	17,6733
6,4491	-0,0868
2,2551	10,9234
0,2232	9,4815
6,6458	-15,6185
-14,5879	20,3607
0,2888	6,8599
-11,8355	-8,2128
-4,5610	19,5086
-18,3889	-9,3927
-7,6411	-1,7247
-9,2139	26,3242
-0,1045	8,6951
-5,5439	13,6105
-3,1191	17,8046
-3,9053	10,0715
0,1579	23,7682
1,8620	9,6125
21,1950	-5,5915
24,4719	21,9334
14,5103	-0,9390
22,4405	4,6319
19,3601	3,5176
21,5885	1,2240
17,9184	20,4915
37,1203	-3,4947
13,8551	7,0570
20,7365	25,2101
9,5298	-2,1182
22,2436	16,6908
3,5004	19,5085
3,4348	4,3044
1,7964	12,7585
2,7136	8,3019
-9,0171	-5,3948
-8,0997	21,7367
3,2380	-10,9002
-11,4423	-8,9338
-2,3326	0,9618
-16,5541	-5,9194
-0,8254	5,1562
-12,1631	-4,8709
-11,7699	3,0592
-19,6996	23,6371
-9,6726	8,3674
-4,4297	12,0376
13,9201	27,1107
-10,1969	0,9620
-0,9563	18,8535
2,5172	18,2633
0,4199	5,1564
-4,0363	21,5402
0,0268	-4,5431
13,3304	-1,0694
-10,2627	20,7536
-10,6555	-4,9363
-10,7213	-0,8072