1,5742	2,6931
22,9391	-8,9722
-0,3917	2,8898
28,1164	-13,2975
6,0308	6,5598
7,5381	10,6884
11,9946	-17,2951
5,1130	-5,1708
0,0670	8,9191
2,2949	-2,0253
-3,2100	-6,7438
-12,7128	-10,2173
4,7198	-5,1055
-16,1208	-3,8604
-9,5014	-8,7755
-21,7567	-7,7270
-5,7661	2,1689
-29,6211	-6,6784
-12,3851	2,5622
-28,5726	-4,0569
-14,4169	-3,9258
-24,6406	8,8537
-16,6453	3,2176
-20,7085	4,0697
-20,3810	11,4750
-26,2135	-4,4502
-17,5630	-0,5834
-22,0193	9,4434
-24,2477	-1,1735
-24,6406	2,3655
-36,5027	-15,2637
-16,4485	-8,7754
-25,2305	-8,7758
-17,8248	-14,1496
-34,2086	-12,4458
-15,1378	-11,9215
-21,3637	-18,4096
-12,9097	-18,0820
-20,6429	-18,4751
-24,8373	-22,0140
-19,4632	-17,0989
-24,5752	-21,2277
-18,8734	-30,0749
-23,4611	-21,0965
-23,3952	-18,8029
-28,0484	-27,8469
-3,6033	-11,5941
-21,9535	-21,0312
-18,2176	-18,6065
-13,7613	-35,5803
-5,9626	-32,1067
-5,2417	-18,6721
-2,0962	-34,6628
-12,4506	-37,5464
-5,5041	-29,8787
-13,4993	-35,5803
-13,3029	-37,3497
-24,9025	-39,7746
-14,3515	-47,5078
-24,7061	-26,9294
-27,4588	-34,0729
-29,7525	-37,5462
-44,0393	-18,0167
-28,7039	-34,2041
-40,6317	-40,0366
-42,6632	-31,9757
-50,9862	-30,2720
-36,6340	-34,8594
-43,9084	-31,5171
-30,3427	-36,8911
-43,6463	-38,8573
-39,5831	-42,5928
-37,6170	-47,1147
-37,0272	-60,5495
-36,2408	-48,2288
-39,4521	-52,2266
-17,8251	-59,5665
-50,9212	-47,5736
-61,8650	-54,2585
-52,2315	-64,2853
-39,1245	-58,1249
-52,6905	-52,8823
-49,9379	-68,0212
-67,6325	-67,4313
-40,6318	-67,1036
-53,2148	-75,8200
-51,9042	-65,3999
-58,3264	-76,6722
-39,1903	-76,3443
-54,1325	-82,1772
-50,2658	-85,4539
-41,0908	-94,3013
-67,6984	-89,1895
-57,1468	-86,5680
-59,7031	-80,5389
-48,5619	-89,3208
-81,3953	-92,4664
-70,7785	-87,4857
-78,9050	-101,1173
-61,6036	-93,3186
-71,8929	-106,5570
-73,2690	-111,7342
-81,3955	-107,9333
-71,6307	-128,9704
-69,0749	-119,8607
-66,7812	-105,7053
-67,7641	-134,4756
-70,9756	-127,0697
-82,7061	-122,0894
-59,8999	-137,2936
-74,0556	-141,4223
-93,1920	-141,4880
-71,4994	-126,0216
-87,3594	-143,3889
-71,1065	-160,5590
-94,8959	-140,6363
-68,9437	-149,4183
-87,6871	-155,9717
-60,4897	-150,4668
-74,0557	-167,1785
-78,3812	-153,5470
-75,9560	-158,4625
-76,6773	-172,5526
-76,6117	-175,7638
-93,3235	-160,8873
-94,1097	-185,0701
-102,0398	-188,9365
-100,0081	-183,5628
-116,4578	-188,2159
-107,7415	-182,9076
-130,6791	-189,3302
-112,1325	-205,2554
-123,5359	-191,6240
-123,2738	-195,1632
-137,5605	-198,1779
-118,8175	-219,3459
-121,1113	-211,6781
-115,0823	-201,9135
-134,4152	-214,3651
-130,8108	-213,5788
-127,9926	-208,5327
-143,9180	-211,5474
-140,3132	-225,1131
-143,2626	-219,8049
-141,2309	-230,0941
-150,9959	-241,6285
-146,0151	-241,0387
-161,6782	-241,6287
-149,2920	-246,2821
-160,9575	-266,4015
-150,0787	-263,5835
-177,4726	-260,4381
-159,7781	-283,7689
-160,6302	-288,4876
-179,8323	-295,4344
-178,8490	-299,9565
-172,5581	-320,6005
-186,4515	-325,2535
-198,7069	-315,4889
-193,3983	-325,3851
-202,9669	-341,8345
-205,5226	-338,4923
-214,4356	-331,6767
-201,2627	-337,5096
-222,8241	-358,0223
-193,2675	-359,4641
-208,5375	-354,6147
-194,9060	-353,2387
-199,8213	-384,5648
-198,0520	-393,1499
-212,6009	-395,5750
-221,0551	-388,5627
-211,1591	-401,5390
-221,9074	-416,5467
-234,1623	-404,0949
-239,3399	-403,3743
-231,2788	-430,8338
-246,0901	-431,4891
-235,2111	-420,4793
-258,0831	-430,3098
-234,0969	-446,0384
-253,1025	-441,1232
-230,6237	-448,6600
-249,4981	-449,7086
-236,7842	-456,1967
-244,7795	-458,4905
-243,7313	-462,1608
-249,9569	-468,7797
-244,1901	-469,7630
-267,5207	-483,9844
-266,8000	-492,8315
-257,9526	-469,5010
-275,7786	-475,9893
-283,1837	-489,9484
-280,3004	-485,5575
-263,8509	-497,4193
-273,6160	-475,9236
-272,5017	-481,7566
-289,0166	-498,5336
-260,8363	-489,6863
-277,6791	-507,0534
-272,3052	-496,8297
-275,2542	-486,4755
-267,2590	-514,9835
-276,7615	-512,2963
-276,0406	-502,5971
-262,0159	-513,1485
-271,1910	-507,0535
-260,5084	-505,4151
-257,2973	-504,6286
-269,2243	-494,2740
-262,5396	-481,0356
-226,2983	-479,0693
-246,9422	-467,8627
-225,6426	-474,4162
-226,9535	-469,1076
-211,8145	-448,6604
-216,2709	-456,8525
-207,7513	-464,9786
-205,9160	-458,0318
-199,6903	-446,8252
-208,2752	-440,6649
-193,1365	-450,2987
-183,6337	-457,9661
-200,9352	-433,8488
-194,6433	-429,9823
-190,9080	-428,7369
-179,0459	-422,4454
-187,6311	-414,5154
-162,1376	-397,9347
-191,2355	-395,6409
-164,3656	-402,3252
-173,5407	-377,4214
-154,1421	-370,1470
-157,5499	-366,6079
-145,0982	-371,1297
-148,3747	-358,7433
-142,1490	-346,0292
-151,5858	-360,1194
-152,5033	-356,6457
-139,5271	-330,6281
-157,8116	-333,9703
-140,4444	-336,5917
-154,7970	-339,0817
-133,6286	-305,3964
-146,2773	-304,3479
-135,0049	-321,5835
-133,8908	-287,9635
-137,9542	-279,5095
-148,5707	-284,8833
-122,5534	-285,4728
-136,5124	-279,9678
-137,7578	-270,0063
-145,1631	-262,9283
-141,6900	-263,5836
-141,2309	-264,5665
-147,5226	-244,4469
-146,3427	-257,7507
-149,0953	-237,3031
-139,6580	-232,5848
-150,4059	-238,7449
-131,4659	-229,3733
-140,1167	-232,3222
-112,2640	-216,0039
-123,3395	-207,6154
-108,2007	-225,4410
-108,7905	-217,1832
-108,0697	-201,1926
-113,9020	-212,8580
-117,0479	-218,0349
-106,1687	-211,0225
-106,1033	-186,0534
-108,8556	-188,2816
-111,9359	-183,3007
-89,9156	-171,5042
-104,1372	-175,9606
-98,4351	-173,7322
-102,6295	-162,0012
-80,8061	-150,9913
-84,0173	-159,1176
-67,8954	-151,9085
-70,8445	-158,5932
-73,5969	-150,5976
-77,5289	-145,3550
-63,0456	-153,6777
-61,2761	-138,8667
-74,0557	-135,3934
-72,8102	-147,5830
-65,2082	-144,4372
-58,9167	-151,9739
-71,1720	-148,8936
-71,3682	-128,9055
-67,5672	-157,0203
-54,3290	-149,3524
-69,9920	-137,6872
-45,3506	-132,9686
-67,7638	-134,1481
-49,6104	-126,4148
-64,0938	-128,9706
-43,5811	-124,2519
-47,9720	-112,5864
-57,7369	-107,2779
-39,2555	-109,2438
-46,2683	-103,0834
-51,3139	-98,3647
-31,3915	-86,5683
-50,5278	-89,4518
-63,7003	-78,1795
-38,4034	-86,1093
-51,4452	-75,5578
-40,9595	-67,7591
-58,5884	-56,3558
-48,4303	-57,2733
-50,7241	-56,4868
-30,2116	-52,4234
-47,3820	-53,5376
-40,8940	-65,7271
-39,5833	-56,0276
-44,6297	-40,7581
-38,4034	-58,6491
-50,0035	-44,6900
-53,4766	-41,4133
-46,5300	-45,8696
-34,7989	-46,0662
-48,6926	-41,4787
-38,6654	-36,1048
-54,0009	-42,3963
-28,5728	-50,7848
-37,2238	-44,4934
-22,6092	-48,4256
-34,3401	-46,5250
-27,6554	-53,4063
-23,9853	-48,7532
-17,5629	-41,4789
-28,2450	-56,4864
-18,4803	-55,8310
-18,8734	-47,3115
-24,7716	-37,3501
-14,3512	-59,2390
-25,4924	-56,2897
-12,5817	-49,4741
-15,8585	-52,1611
-11,9919	-44,9521
-24,9678	-42,4617
4,0645	-48,6876
-9,8292	-33,2211
3,8024	-44,8209
-2,4236	-38,1360
4,7199	-21,4901
7,0136	-30,3373
12,1252	-21,4899
1,9674	-25,4874
8,1276	-17,4921
-3,0133	-8,1205
-4,1276	-19,1303
-8,9770	-12,1834
-12,8439	1,4480
-14,7444	-0,9114
-31,7838	-14,5426
-17,9558	-3,4670
-31,7839	3,0209
-18,4148	-2,5497
-37,0269	-13,9528
-17,8905	-2,8773
-25,8859	4,4626
-19,7257	-19,5890
-21,4950	-0,7801
-21,1674	13,5065
-18,8079	2,8243
-29,0973	-6,9406
-15,2033	-9,1685
-28,9662	-1,5664
-26,6720	-2,2217
-27,2620	-4,7122
-20,5117	4,8560
-23,0675	13,8998
-11,4678	0,7926
-12,1887	-10,0207
-10,6813	-7,3338
-24,1161	-2,1565
-11,4022	-6,0888
-5,1107	-24,7009
-1,8342	-14,4772
-13,1715	-4,4504
-6,6181	-9,6932
-5,9625	-15,8536
-9,1741	-18,5405
-4,7828	-8,5134
-10,5501	0,0717
1,8364	-10,8071
-8,5841	4,4629
-1,7681	7,8050
-15,7928	8,2639
10,0283	2,5624
-5,6348	16,0627
6,7515	19,6015
0,5257	-1,1077
8,5864	2,7591
6,2928	13,3758
20,8415	6,6256
6,5549	-1,5007
4,0644	-1,2386
15,3368	-3,2047
-0,2610	6,4290
4,4580	5,1837
-11,2709	-5,3675
9,4387	-7,0060
-15,5961	12,3925
13,3708	-7,2028
-7,4698	-1,4354
8,3900	8,9189
0,9188	-5,2367
18,3511	-6,7439
4,2611	-4,0570
0,5908	-7,2027
-5,1761	7,5429
-6,1593	-8,5133
-5,1106	8,9849
-21,2326	2,9555
-8,7150	2,5625
-15,8588	17,1115
-22,6742	15,0141
-33,4876	18,9464
-19,7907	14,3588
-29,0969	12,2618
-17,7593	14,8832
-30,3421	16,6527
-19,7910	14,2933
-28,7038	12,9170
-18,5460	7,9364
-29,6214	8,5917
-24,6408	5,1181
-22,8057	8,8538
-29,8837	1,9069
-30,0145	1,8415
-34,9300	-3,7947
-46,3329	0,3998
-43,3184	17,7667
-39,1897	11,0819
-43,9739	9,5093
-39,5828	23,0096
-41,5490	21,1745
-27,1312	15,5385
-35,5197	7,6743
-29,1628	21,3058
-34,7987	26,8762
-28,0487	15,1455
-25,5581	14,4246
-14,4829	18,8155
-24,5751	17,4393
-26,8689	18,8812
-9,5673	27,9251
-20,7741	28,0560
-18,1524	29,3667
-26,9997	15,4077
0,1322	16,9805
-23,3298	26,8107
-12,5817	22,9440
-12,7783	18,6186
-11,5987	7,3465
-11,5987	7,7397
-7,6010	13,3757
-2,5546	-12,3799
11,2076	-0,2556
-1,6371	-0,5836
3,2125	-12,8387
17,6305	0,7929
3,6057	-1,7633
14,6817	0,7271
0,8534	4,0693
16,0579	2,3656
-3,6030	13,7031
11,6670	11,0161
3,6715	-4,2535
7,8003	-0,9766
1,7709	-1,3699
18,1547	11,4097
-1,1782	12,7202
17,5647	-1,9595
-7,2732	15,4075
2,9503	24,3202
1,5087	4,2663
15,9917	13,8347
3,6058	9,3782
1,5740	10,5578
-5,9625	1,7104
-12,3849	2,6280
4,8510	13,2446
-7,0112	5,3802
0,5256	-4,5812
-2,5546	-1,3044
5,2442	9,6400
-2,2267	-3,2706
28,0506	6,0357
16,6474	5,1180
13,7639	6,2323
15,5336	10,1644
18,1548	14,1621
24,7741	3,5454
13,6983	12,6548
12,8467	-0,3211
18,0893	3,9386
7,8003	10,7543
5,2443	6,4289
9,3076	6,4944
1,0500	4,3973
7,8002	4,7250
-7,6664	19,7326
1,4432	0,7272
-2,4235	5,1838
-2,6203	9,0503
-11,3364	14,7519
4,8507	5,6425
-0,2611	-1,8940
-15,8587	14,6210
-18,9384	6,1011
-7,9944	5,5115
-14,0890	12,7858
-26,5410	8,5260
-20,6425	4,4628
-22,8709	2,6934
-10,7468	2,8243
-9,9604	2,8244
-2,4238	-1,8942
-18,8732	-0,5179
15,5987	-3,2049
4,3920	5,5769
-6,3559	-3,1394
4,3923	1,9725
4,8507	11,6717
8,5209	-1,0424
-1,1787	6,1667
-3,3409	-2,4841
-0,7853	-4,5155
-5,9625	5,0525
-15,7272	-1,8943
2,5572	1,2515
-32,2423	15,6692
4,7201	-3,2706
-5,6350	8,0671
3,6057	4,6592
-10,0914	-1,6320
-5,5695	12,6546
-13,6303	-4,3191
-3,8000	0,5964
-4,7175	0,7272
-9,6328	8,3294
2,3605	11,3440
-13,9581	14,3586
-3,7341	5,8390
-15,3342	12,8513
-3,7339	4,9214
-0,9818	7,8051
0,1325	10,8853
-18,9384	6,9530
-1,3092	3,2176
-8,1906	14,5552
-0,1299	-1,2389
-18,4144	4,2662
-5,7006	-4,7122
-8,3876	7,8707
-9,6330	2,4966
-19,2665	-14,1494
-15,5311	-7,5958
-19,7907	-3,2705
-12,2541	-4,3192
-6,0280	-15,1982
-13,3026	2,1690
8,5868	-7,0718
7,1447	-6,4163
21,1696	-1,9599
6,6207	7,3461
26,1505	-3,0086
15,4682	-8,1857
33,8837	-2,4842
32,1142	-2,8119
25,4295	1,9067
17,1066	-10,4142
20,3831	-19,1957
13,5674	-8,1858
7,9312	-9,5623
13,1086	-35,3176
-12,9094	-8,2514
-5,7658	-14,8051
-9,5670	-10,1521
-8,8461	-6,8753
-11,9918	-17,2955
2,8190	-20,8997
-30,4731	5,9699
-14,0235	-4,2539
-28,4414	-8,9065
-2,5550	-1,8286
-24,3783	4,8559
-12,2543	-0,7801
-6,6837	-1,7630
-8,2567	13,0479
-11,3366	1,9723
-15,0067	-11,7900
-13,1715	0,5963
-16,7760	8,7880
3,2125	5,9044
-5,0451	0,8584
4,9819	9,1158
-5,3072	3,8074
0,1324	-2,3529
-5,6347	2,6281
13,1084	18,8152
-13,4335	23,5337
1,5742	7,6087
-0,0642	17,7013
4,1300	29,4976
2,7538	9,3781
-2,1615	17,5703
-2,2923	8,0019
2,8193	14,8834
12,0600	17,6356
-0,2608	13,1792
9,0455	12,7206
-10,0254	21,0434
20,5143	17,5699
-5,8312	4,0041
19,0070	1,4482
10,6837	-1,6319
9,6351	9,7711
6,8827	1,1203
8,0620	0,4650
-2,4235	-3,7949
5,3750	-6,0232
-9,7635	-14,3461
-1,1131	-7,7271
0,9188	-11,4625
-8,1255	-2,6808
4,7198	-11,5280
-12,5818	-1,3698
-9,3047	11,2129
-4,5862	3,9385
5,1129	16,3249
-17,8900	25,4998
3,4092	9,5747
1,0498	16,8493
9,2417	13,1793
3,4092	20,9125
4,7853	16,5216
14,0916	15,7352
11,6010	11,0822
11,0115	20,7813
7,6690	7,8053
16,7787	16,9148
7,2103	3,0866
15,5335	5,5771
0,0671	9,5747
11,3393	0,8587
0,1983	16,9803
18,8103	26,4173
10,4872	11,5407
14,1571	4,6597
16,6476	10,4922
7,9311	8,0018
1,8366	2,3001
5,8341	-5,8262
11,4703	8,7226
7,2757	0,0060
6,6861	-13,0354
0,1979	-7,2026
10,0284	-6,2854
-8,1907	-2,8120
4,1958	0,8580
-6,6177	-3,4017
8,5211	-3,1395
3,0815	10,3609
-2,0302	0,9893
1,8365	8,4606
16,3852	11,0819
1,8364	1,8414
17,1062	17,8977
19,7276	3,0211
11,3390	18,4878
22,8734	15,6695
10,7492	11,3444
19,5969	11,5412
8,6520	33,1024
14,9438	25,5001
0,2637	31,1364
14,8782	35,5928
-6,8142	37,3624
5,6376	38,6730
-6,6177	31,4641
17,3027	29,8258
-2,8824	41,7532
3,9332	29,3668
-1,7028	29,1703
0,7874	31,6606
1,4429	22,5510
-7,7323	10,9512
-0,9162	0,8587
-1,8996	14,0312
-11,9262	10,1645
-20,5116	-3,4015
-10,8120	-1,0422
-14,5480	17,7008
-20,1183	-2,4842
-18,8732	-0,9768
-4,9143	0,2028
-16,0553	-3,7948
-20,4462	8,9847
-15,4653	-8,3823
8,3894	-8,6441
-17,6936	8,6571
-6,2904	-1,6320
-2,3582	2,5624
-9,3706	-5,0399
-8,5184	4,8561
-10,6157	-6,2851
-11,4020	-11,0690
-21,2980	-4,7122
-4,1931	1,2516
-22,5432	-6,8093
-2,8824	5,5114
-13,8270	9,6399
-6,3558	8,9847
-9,4360	-0,0592
9,4382	-4,8431
-4,9140	11,0165
1,4430	13,3100
4,3266	-1,6320
3,2779	2,0381
5,5064	7,6084
8,1931	-4,1223
3,0817	7,0188
5,5719	-2,5495
2,0986	2,6279
-8,7147	14,2930
14,2228	-1,6322
-6,0934	-9,6274
11,1427	1,1859
7,3414	-15,4602
12,9120	-6,0231
7,7348	-22,2760
23,9219	-14,2150
15,5337	-1,0425
35,7840	-13,1011
27,0024	2,8243
31,3277	0,7269
35,7844	-10,4795
23,3980	1,1205
24,8401	1,4480
27,4612	2,3002
29,3618	12,9169
-1,5712	0,8583
15,2062	5,5772
0,9190	19,7983
17,1064	8,2638
0,3946	13,3103
0,6567	15,9972
6,6205	5,8393
14,5501	13,3102
9,7006	0,9896
11,0766	9,4437
0,9844	13,5724
2,7537	11,1476
5,5064	7,2810
6,3582	12,9171
1,2465	9,6402
-14,6131	-0,1900
4,3269	9,9678
-7,4042	10,0333
2,0330	17,5044
-7,6007	-3,1394
11,6667	2,4969
-5,3726	8,6570
15,8610	1,3827
1,9674	2,5624
5,8996	1,3827
9,9629	2,5623
20,0552	12,8514
14,0916	-5,1055
10,8801	2,0381
13,5020	0,3339
6,7515	0,9893
7,9969	-1,7632
-0,1296	10,6886
5,2444	6,6253
-3,2097	2,1034
17,9582	-3,5326
-5,3069	3,6765
8,3245	8,6570
1,0500	-6,6782
3,2125	12,1961
-1,1126	2,1035
12,6495	1,8415
3,8679	5,6425
12,4529	9,3780
5,8995	4,7250
3,2124	13,4412
5,3754	0,9239
-1,3095	-2,8771
0,3948	9,5747
-4,7172	4,4626
11,9290	3,8075
-0,3919	13,7686
12,1256	-12,5766
-4,7826	2,9555
11,7324	2,6931
6,2929	3,5452
1,8364	0,4648
0,2636	-8,9721
16,1885	-10,5450
-0,2610	-3,4016
-1,3096	-9,0377
-3,4721	-17,8851
-12,1231	-15,9190
-17,2346	-15,2637
-22,2810	-8,2514
-10,6155	-21,2276
-16,0552	-11,3970
-11,4021	3,0862
-18,7420	-8,0549
3,4090	3,4796
-5,3072	14,2929
10,9456	13,5722
-9,5014	13,4412
12,1253	-0,4522
2,6882	11,8032
1,7051	22,0265
13,8950	8,2642
1,7051	9,8370
6,7516	11,9343
-4,5207	11,4098
-0,7851	9,3128
-21,1012	20,2571
0,9844	10,2302
-15,4652	26,2208
6,3582	10,9510
-16,9725	24,1892
13,4360	9,0505
0,4599	14,5556
-6,2903	10,5578
1,2466	3,6767
0,7220	18,4877
0,6567	9,6402
-3,6689	1,7760
0,5912	8,1330
-7,3390	16,9146
-8,4527	-5,1709
-16,4482	6,8223
4,3267	0,9239
-15,3998	16,2595
-6,4866	21,8298
-5,8314	12,2616
6,2273	13,2449
1,3121	22,6819
11,9945	9,7057
7,5382	4,1353
23,3321	-6,3504
12,6500	5,9702
20,1209	9,7711
28,9028	-15,7223
13,0430	-4,9087
12,1912	11,1474
-7,6006	-2,2875
21,1042	10,3610
-4,7829	5,3802
3,2127	11,3441
-10,1567	-0,7145
-5,7658	13,3103
-13,6300	2,8900
0,3289	6,5599
-10,2224	-0,9111
8,8484	3,2177
-8,6495	3,2175
10,5522	-3,5983
-0,5886	-12,6421
-2,0306	-12,2489
0,5255	-10,1517
-13,4992	-4,3850
6,6861	-22,9969
-3,2758	-8,4480
-2,2268	-10,9385
-14,1543	-27,5191
11,8633	-16,3122
-5,7003	-14,9361
10,4871	-10,9385
-9,5013	-13,5598
3,2127	-11,4626
8,5209	1,5137
-2,2926	5,1834
2,6228	-3,6638
14,6155	-5,3676
-3,4721	4,4627
-2,0960	5,6423
2,8193	-2,7463
-0,9165	-11,1348
-0,9818	-3,0738
-20,7082	2,2344
-2,3579	-18,0161
-16,5794	-8,7755
-2,9479	-2,4841
-19,7906	-5,3022
-6,2248	-6,9407
-13,8924	-12,1179
-11,0744	6,1666
-9,8946	-0,7148
-2,8171	-10,3483
-5,3072	5,2492
-5,8317	5,5768
1,5085	-5,7607
-4,5866	-0,1246
5,5717	3,0866
-8,1910	10,2955
-8,1251	0,2684
-4,8484	-8,9065
5,2442	-5,0399
-18,5453	6,2976
3,3438	-11,2661
-5,8314	-15,2637
11,0115	-14,2808
-2,9478	2,1031
3,0815	-22,2107
7,8002	-27,5844
7,4067	-18,2785
-4,5204	-20,6377
18,8754	-21,8829
2,6882	-19,7857
-8,0597	-7,0064
10,1595	-16,9023
-5,5038	-12,9701
7,9311	-15,9192
-13,9579	-12,7079
-10,3533	3,0206
-12,8437	-6,8753
-9,2393	-3,2051
-17,6933	-6,7441
-0,5232	-7,1371
-13,6958	1,9723
8,9794	-1,3045
-5,0453	-6,4161
-5,1108	9,0502
1,4430	-5,1055
-0,4578	-10,6103
6,4894	-5,1710
-12,8439	-3,2049
3,4095	-8,3168
10,8802	-13,5596
0,9846	-3,2706
-10,2875	-11,0040
15,7958	-18,3439
9,7008	-7,7925
11,1426	-12,3147
2,0333	-9,1689
26,8057	-13,8219
6,0307	-5,7609
13,5672	-9,2999
-0,5228	-11,2659
0,1979	-2,6151
0,2635	-1,6976
-24,2470	14,6208
-10,8775	-0,0593
-4,7830	6,7567
-7,9286	10,4265
-15,1375	5,7080
1,1808	8,5916
-15,6618	-2,2218
6,0308	4,3974
-5,0449	6,4289
24,8395	0,0719
12,8463	-4,2534
5,8342	14,6209
19,8589	-1,7630
21,1694	0,5964
21,4319	-3,0081
15,2057	13,4414
17,4341	7,2153
9,9629	2,5624
17,7618	6,2979
9,4386	2,8899
14,6816	1,5137
-6,0277	5,2493
8,7835	2,1689
3,6060	0,3340
13,1086	3,2832
-3,2098	9,6401
12,4532	1,9068
0,7222	0,4653
8,1277	-1,6319
7,9967	1,0551
1,3118	10,0335
16,3197	9,0504
9,4381	10,8200
4,5233	4,5284
-16,1861	5,9704
8,9144	33,8229
0,7875	4,3973
-12,1228	-4,9739
-17,1690	21,1746
-0,5228	12,6548
-5,5693	9,4438
2,4261	18,0288
-6,2246	13,8345
2,9503	16,8490
-5,1761	-5,0399
2,4914	-1,3698
-9,9602	-6,1541
-10,3537	-18,8680
-10,8777	-11,7901
-8,9119	-11,1350
-5,8315	-11,6592
-14,0237	-17,4920
-16,0550	-14,2806
-16,5794	-6,8096
-3,2101	-8,9068
-19,0697	-11,0038
-4,7828	-4,7123
-8,8461	2,9552
2,2951	-1,6322
-6,4213	0,9237
-0,6541	-6,8094
-5,7658	3,2832
9,3727	12,7201
-9,6981	-9,4310
-1,3752	-6,0229
-6,6836	2,6276
-16,9072	-5,4333
-9,1083	-4,7779
-11,5988	1,7101
-16,8415	-8,9722
-16,2516	-0,2559
1,6397	-11,3969
-7,5354	2,3657
5,4409	18,9460
-9,4357	-2,0909
4,3268	3,6765
9,5042	8,0017
13,3705	4,5285
12,2566	6,1668
12,7806	16,9147
8,3245	0,6619
7,3412	17,2425
2,8195	4,9873
1,6397	6,6257
11,7324	10,5578
-12,2540	19,2740
2,2953	16,7182
-2,5546	5,4460
7,5380	13,9002
-10,6154	15,6041
8,0624	12,3274
6,4238	18,6187
4,7199	20,7158
10,0939	11,2786
4,9819	4,2664
8,8488	9,5748
16,9749	4,8561
6,5550	4,8561
2,8849	-8,5788
13,5019	-4,4500
4,9166	3,4141
8,1934	-6,6129
0,8535	-9,8898
7,9968	-8,5135
-9,6324	-0,5184
9,2420	-17,7543
-8,3873	-8,3825
-3,9309	2,1032
-17,4312	-3,3364
6,3580	-4,9748
-6,6180	-4,5159
-12,4507	-13,5598
-0,1953	-2,4186
7,4721	0,2682
-0,0643	-5,4334
5,2441	-13,0354
3,1470	-4,5814
-13,0403	-8,3169
7,6036	-2,9429
-8,7150	1,1202
-4,3240	-4,0571
-14,0233	-2,1564
-5,0450	0,3995
-16,4481	14,0966
-3,0134	17,1110
4,3266	4,3973
9,8313	16,7181
3,6058	23,4025
2,3605	6,1013
8,2589	2,1037
7,0136	1,8415
11,9290	7,2810
6,6204	11,4096
17,1062	6,4289
-14,3510	2,6934
-6,2897	15,1451
-1,9648	14,1620
2,9505	-2,0252
-8,6494	10,2301
2,3605	12,1305
-13,6957	12,9825
2,0983	1,3829
-8,1252	13,8347
8,4551	20,7813
-6,6180	8,3952
-0,5233	4,5942
-6,0281	18,8155
-6,4214	9,1159
4,7855	-0,2556
-3,5379	8,4607
-5,1760	7,3462
-19,1352	6,3631
-10,4843	-15,2636
-21,7566	-17,3605
-8,8461	9,2467
-26,3442	-4,3194
-10,2224	-14,8048
-19,1355	-12,7078
-9,0431	-11,8558
-18,1526	-3,6639
-15,5313	-14,6739
-16,1209	-16,1156
-23,3300	-6,8096
-19,2009	-18,3440
-12,4510	-14,0185
-26,6719	-11,2006
-17,5625	-13,4943
-10,8778	-7,7274
-19,3975	-22,6694
-7,0111	-10,4142
-16,4484	-14,9363
-8,8462	-18,0819
-12,6472	-16,5746
1,7704	-16,6402
-7,2733	-22,9972
-4,9142	-18,1475
0,3945	-27,7813
6,8822	-22,2762
-5,3071	-17,1646
-2,3581	-34,2694
4,6544	-18,7372
-7,3388	-14,0189
-2,0957	-22,2762
-10,8122	-14,1497
-7,9941	-1,6324
-17,8245	1,8411
-7,5354	13,1788
-25,5578	-1,5011
-11,7297	9,0503
-15,7274	15,9971
-7,8632	13,2446
-4,1276	11,8684
-4,9142	11,6061
-3,4722	4,2008
-0,3922	5,7735
-5,3726	-1,2388
-7,1422	-8,6444
-2,2923	2,4967
-7,2732	0,2028
-0,6538	-1,1733
-10,0256	6,4286
-2,6198	0,2682
-9,3701	-4,0570
8,6523	1,1204
3,6058	3,4141
16,2542	2,0379
-1,6372	4,0695
-2,4893	2,0380
-4,4552	6,8876
-0,7856	-0,0592
-12,9752	3,5453
-20,8395	-5,1054
-9,5672	1,4482
-24,7064	7,1496
-24,3127	1,3826
-32,3084	-5,3020
-26,6065	2,4312
-25,8203	8,0673
-28,2449	4,1351
-40,5001	5,8390
-7,9289	5,1836
-28,7038	2,2344
-11,2058	4,5938
-15,0068	-1,5666
-12,1234	7,1496
-19,0044	-10,3484
-11,0092	-0,5836
-5,0454	-0,5180
-22,6746	-7,3993
-11,7952	-5,7608
-20,9051	-0,7801
-14,6132	-2,9427
-22,2813	5,5113
-14,4823	-1,4355
-19,6598	-1,5009
-9,9603	13,5067
-10,9436	4,5937
-8,8463	-6,2194
-21,6913	13,7034
-3,5379	18,6184
-15,4653	8,1982
-0,3922	-7,2024
7,9308	16,9803
-2,8826	22,8129
-7,0766	8,9850
-14,0235	15,4076
-3,0789	18,8809
-7,4045	14,2935
-9,8290	10,8856
-19,3318	11,3445
-13,4335	22,4854
-7,6664	15,6696
-3,5377	8,6572
-3,9964	6,6256
-2,0305	11,3440
-4,1929	0,3341
13,8946	0,3341
-0,9163	-2,1564
-3,9966	-4,6467
-5,7002	-5,1054
1,1153	-5,2364
5,3098	-3,0738
6,2927	-5,6953
0,2637	-10,6105
13,6330	1,0549
9,0454	1,2514
-2,4886	3,7417
22,8736	-6,4819
-0,9814	-1,8942
26,6748	0,3339
17,1065	4,6593
36,2428	-6,8093
24,0532	5,0527
12,3224	14,6208
26,6093	10,8198
40,6336	8,5917
28,9685	2,6280
29,9516	21,0437
33,2284	17,9633
12,5190	14,5556
27,5271	6,5603
15,8614	27,5974
19,2695	29,7598
9,4390	29,6289
22,7427	26,3521
19,0070	31,2674
18,0239	29,3669
9,8319	34,8719
11,4047	32,9059
7,6036	39,7872
6,8170	28,0560
0,9845	20,1921
4,2609	23,4687
-7,4698	20,9783
-4,0620	20,0607
3,1469	17,1771
-17,1692	15,2765
-7,2076	19,6016
-18,3487	-2,6150
3,0815	7,7396
-11,1398	-8,0547
5,3098	-10,3483
-6,0278	-3,8604
6,9483	-9,3655
10,0285	-17,8195
15,2713	-12,9043
22,8079	-13,3632
15,9265	-8,5790
10,4873	-3,7295
15,5334	-14,6739
9,1765	-5,7609
5,1787	-10,1519
-9,3700	-4,5158
-8,3215	-1,5011
14,1572	-2,2875
-11,7952	-0,8458
-2,7510	-0,5835
-16,1860	5,9700
-10,0256	12,7201
-13,9576	-8,7099
8,1276	4,9216
2,4917	4,9214
14,8121	-7,7923
-2,2268	2,6935
8,7175	4,9216
4,2613	-7,7269
-0,1953	5,3804
7,5382	7,0186
7,9967	-7,7924
-1,7681	9,3126
-14,0887	6,4942
9,2420	-1,3699
-3,4721	17,5699
2,4918	-0,2559
-1,8992	7,9362
1,7052	4,2006
-9,7635	-11,0036
3,8022	1,7104
2,6228	3,4797
1,4427	3,0211
-9,2394	4,5939
-0,0644	0,0064
0,4599	9,3781
-11,8608	18,9461
-2,6200	1,0549
-1,6372	-7,6612
-11,3363	1,7760
-10,0910	9,4436
5,8341	5,7079
-3,6687	6,6255
6,0306	11,4751
-4,4550	11,7372
10,6181	4,6594
-1,1782	-1,5665
5,6374	5,3804
3,6713	4,7250
2,6880	-2,1562
-1,0474	-1,6975
-12,5821	1,0551
-25,8199	16,0626
-25,2959	2,4968
-18,9390	4,2007
-42,1388	5,9047
-22,1502	13,1791
-34,9955	10,3610
-34,7332	3,2830
-40,6314	7,1498
-22,3470	6,5598
-32,9639	-9,2343
-27,5243	-0,2557
-24,4439	5,3147
-17,2353	-8,0545
-11,2055	3,0211
-6,2906	1,9068
-3,3412	-1,1733
-5,3729	2,6278
-6,9454	1,5137
3,9989	3,4798
2,8194	4,4627
-14,5475	-8,7753
12,8466	4,7906
-0,0643	7,1499
9,4387	13,1791
4,1301	14,4242
19,3999	5,1183
-1,8992	22,0922
6,9480	24,4512
2,8848	8,6574
4,7851	18,0289
-15,1375	12,7206
-0,7855	13,5725
-11,5987	18,3567
-15,3343	16,5871
-4,5864	12,9171
-21,8223	12,1306
-7,4698	9,5091
-17,6280	7,8707
-12,7125	7,0186
-7,7318	2,6277
9,3073	-11,2660
-7,2076	-17,6883
1,1154	0,5961
-4,3896	4,2003
2,1638	-14,4773
-9,9604	-12,2489
-8,1909	-10,4140
-7,9943	-14,0841
-9,1742	-9,6930
-6,0284	-12,9699
-32,3084	-17,4262
-29,6867	3,5451
-27,9175	-17,5574
-29,1627	2,1690
-46,8574	2,3654
-36,2405	-3,5982
-39,9106	-1,6976
-30,7356	2,6933
-28,6384	13,1790
-14,3518	15,1450
-27,9175	-0,6490
-16,7765	5,0527
-31,1286	12,6547
-23,2644	5,8391
-21,1672	-11,0036
-26,2791	-4,9741
-25,4924	13,4413
-34,9297	4,7904
-11,9267	9,9024
-32,9637	8,5261
-18,2181	14,5553
-33,6847	7,6741
-22,7400	13,1136
-34,1434	14,5553
-29,0971	7,0842
-19,0047	7,6743
-30,8012	2,8899
-32,8326	8,3296
-15,5970	22,0919
-23,4611	-0,3868
-27,5899	7,0190
-23,9852	34,2160
-28,5728	1,2516
-10,0259	9,7715
-20,1841	15,2107
-16,8415	6,2323
-10,4845	13,9656
3,8678	-4,2534
-16,6448	14,0967
6,8170	10,8196
-3,0134	-2,0907
9,7660	2,3003
-7,5354	12,9824
1,3774	-2,4184
-1,7684	5,7735
-4,3246	8,6569
-11,9265	2,0379
-20,1186	7,1497
-14,2859	-4,9089
-23,5920	3,2832
-9,0430	0,2684
-29,5558	0,2685
-19,8563	5,5114
-35,4538	8,3292
-18,2832	6,6255
-20,7081	-1,3700
7,8654	-9,5618
-18,3488	8,0672
12,1254	14,8827
5,5718	-9,8242
20,1862	-4,2535
18,6791	-5,8921
9,6351	-5,3677
18,2862	-7,8581
21,0383	-4,2536
12,7156	4,7903
4,8512	1,5135
10,9464	-1,6976
4,7857	-5,3675
21,2352	18,9461
-0,7849	8,7224
9,0456	-5,9574
1,1811	-0,5834
16,1232	4,2006
-4,7827	2,2345
13,8293	-14,0839
7,8000	-12,7731
3,0157	2,2344
7,0791	-9,6932
0,4597	-14,7393
8,7176	-16,1813
-11,9265	-16,0499
0,7223	-7,0718
0,6565	-18,4093
0,3289	-3,1395
-16,3171	5,7733
11,4701	-11,1349
-8,5185	-1,3699
-6,0934	5,7077
2,6227	-8,1202
10,2902	-6,0885
3,4746	-2,0908
2,2293	-10,1516
-7,9941	-8,1855
6,0303	-6,2193
-7,4700	12,5893
-4,7175	2,4968
-15,2032	5,9049
-21,6913	25,5655
-9,2394	6,5600
-30,0144	8,9852
-20,6426	34,2816
-26,9341	15,6039
-2,3584	13,2448
-26,9998	23,7960
-10,5503	6,4944
-17,6281	9,2472
-2,5550	15,4075
-17,7592	15,5385
-15,5311	15,7350
-12,7129	11,4753
-21,5605	11,3442
-25,0335	11,8031
-22,4124	0,5964
-16,4486	12,5895
-25,2961	11,2786
-22,8710	-0,7144
-29,2282	8,1983
-23,0677	3,4796
-36,7647	-5,7609
-20,3807	8,3948
-33,4879	-11,4627
-10,0915	-11,3314
-14,0237	-4,3192
-1,5064	-2,4843
-3,1446	-12,2491
3,4744	-5,7610
4,9165	-4,1225
2,4261	1,7756
6,8173	-6,5474
-1,1783	1,9723
14,4195	-1,5012
9,8317	-2,6807
11,2082	-3,8604
-0,5882	-9,4964
16,7789	-2,8773
-3,4062	1,5791
21,5629	-12,7077
14,0263	-5,1709
22,6768	17,1766
14,8782	1,1859
19,6621	-0,9110
8,6522	15,6694
5,6375	9,9022
10,3562	10,3611
5,1786	6,6911
7,2103	4,3319
-11,7296	-2,2219
6,8826	8,9850
-23,0675	17,8320
-2,1612	-3,9258
-7,4700	6,4289
-3,7999	5,1836
-8,7806	1,9724
0,3288	-3,4670
-7,8630	8,0017
18,6787	4,5937
-5,1106	1,9726
10,4214	6,6911
-4,0619	4,6593
-4,1931	2,5622
2,3606	2,3657
-6,2248	1,7103
6,4893	-3,0739
-14,9412	3,6764
-8,1252	5,5769
-22,0189	1,3826
-8,5184	8,9848
-14,4824	9,3124
-5,9626	7,7396
-12,5162	12,5237
-5,1107	9,1157
-6,6180	-11,2657
-3,4724	1,6450
-8,1909	11,9338
-12,7129	-11,7245
-6,4213	-3,5980
1,3116	3,3487
-7,8631	4,3316
-17,1693	4,2005
-2,5545	-13,5596
-7,6665	-2,2218
4,7855	0,5305
-9,6324	-1,7631
9,2420	9,6399
-3,0788	0,7272
20,3831	4,9870
1,0500	-1,8943
23,5288	-2,6153
20,1209	-4,1878
7,6690	15,9314
19,4658	-10,7415
20,7106	-4,5810
9,4388	18,6840
13,7639	-5,6953
3,6716	5,1838
-4,4551	4,5937
-0,3917	-5,4987
-4,0619	-2,4186
-3,9964	-4,1881
-16,2516	4,0694
-2,9478	-4,2539
-13,3682	-6,8096
-6,3558	-13,6909
-11,4676	-10,0207
-9,3706	-5,9577
-10,1569	-9,1687
-7,6668	-6,6128
-15,5308	1,5792
-11,4679	5,5114
-11,5986	-0,9110
-17,7593	4,5286
-23,4606	21,4368
-15,2034	6,6256
-7,9289	27,5319
-27,7207	23,1407
-14,7445	30,9395
-19,5287	25,1068
-15,0722	26,9419
-20,5116	30,4152
-7,5356	40,4422
-12,8440	22,7475
1,1149	27,3354
-16,9727	28,8424
-9,1740	31,7917
2,6879	29,4978
-5,7662	23,5343
-12,2540	26,8766
-10,0259	34,2165
-14,4821	28,0561
-9,2393	28,4493
6,0961	21,9612
-16,3171	24,1239
4,8510	21,1746
-0,3264	2,0383
10,4870	20,3883
-10,8776	26,5485
6,5549	19,3395
0,7222	3,7421
9,3072	14,6211
-3,0790	14,0312
-10,4847	3,5454
-8,0597	7,2810
-11,1401	6,3636
-15,2687	12,5894
-23,5919	-5,4329
-11,9264	19,9295
-21,5603	18,8807
-9,6982	9,3128
-20,5116	23,9926
0,3943	11,2786
-9,7637	15,4730
6,4236	3,8731
-12,6473	1,3173
2,0327	1,4482
-2,4892	3,9386
-0,3267	1,1859
-6,9456	-7,3337
-3,9312	-5,3022
-12,3197	-10,0862
-14,7445	-2,7462
0,7875	-7,2027
-18,8734	0,2030
-14,5478	11,0817
-19,0697	-10,6759
-0,1300	6,8222
-19,7906	11,6061
5,1131	11,6061
-6,2246	3,0210
13,4361	7,6086
3,6059	7,7396
24,0530	5,3803
12,3877	13,5723
16,6475	12,0649
19,9900	7,4774
19,8587	-11,3968
13,3054	7,0188
3,9336	6,1011
18,6137	-5,3021
-7,3386	2,9553
7,9314	-13,0355
-6,6833	-1,6321
-2,5544	-7,4650
5,1786	-2,2876
16,3196	-14,0185
-10,3534	0,5961
7,4070	-0,6493
1,7052	0,3340
10,4214	2,1034
5,5718	9,1814
10,4214	5,5769
11,7978	-2,3528
-3,9309	17,5045
13,6330	12,3270
-4,5862	13,3756
19,5313	-2,3529
2,6884	2,2347
15,3371	9,3125
5,5723	9,6399
32,2452	-1,9597
21,3009	6,4289
30,0826	4,9215
12,1260	-9,9551
33,0972	-2,8771
17,3687	3,1519
6,4242	-3,5982
15,2060	4,0694
14,3536	-17,7538
7,7346	-3,3359
-8,3219	2,8899
-19,2005	-10,8727
-12,5817	-5,1710
-5,1106	1,9067
-29,2935	2,8898
-8,7151	-1,3045
-21,4948	1,7102
-6,5524	2,2344
-19,1354	2,8243
-6,5525	-3,9915
-6,9456	-8,7755
-2,4238	-6,1541
-10,1568	-6,3507
2,0327	3,0208
12,3221	0,9891
-3,9309	-5,8265
12,0602	1,7755
8,3898	-15,6568
6,6207	1,4481
-3,1442	17,2420
16,1235	-6,0887
8,8488	-0,7145
20,2520	9,5746
7,6691	7,8050
8,6521	3,9385
3,3436	4,0697
13,4358	6,0357
-7,5355	12,7203
-13,8926	-5,2365
-7,5356	1,5138
-4,5867	7,2808
-16,0553	-5,9574
-20,5773	5,5114
-4,2587	-6,0230
-20,0531	-5,6952
-2,6859	7,5429
-32,8324	-9,9551
-4,9794	-1,8286
-19,5940	14,3586
-0,9162	3,2830
-15,9240	11,9338
7,7345	3,4796
-6,6179	-5,6297
2,4915	7,6086
4,9821	4,1352
7,9309	4,0696
5,1131	0,2685
7,5378	-7,4648
-5,6346	-3,2048
5,1787	-13,7563
14,5504	-2,0909
-4,1274	-0,9770
1,1813	-9,5621
-0,3916	-4,1882
6,3586	-1,9602
-4,3893	-24,5043
18,8760	-15,0670
11,4702	-16,6400
15,9922	-13,4287
2,0986	4,7903
8,7176	-12,1837
19,5311	-19,4577
4,3920	1,2511
10,2906	-19,3925
5,5717	-14,5427
9,8973	-18,5404
-0,3263	-10,3486
14,0262	-15,3292
1,7054	-7,0061
9,4387	4,0694
-0,7847	2,4309
17,8928	-8,6445
12,1257	6,7566
22,6767	5,3146
-3,1443	3,2176
16,9751	-1,3043
2,0329	2,1691
9,7006	4,2663
4,9165	12,8513
10,7490	-10,5449
1,1154	4,2009
1,6396	16,3246
-5,8968	-5,0401
-6,2899	-12,5108
9,7007	15,7349
-1,8992	-1,9599
13,7640	-1,3699
-1,1782	1,8412
11,2736	1,3825
-4,9138	10,2951
8,9799	-22,0793
-2,6200	0,0717
14,6157	-0,5838
3,6713	-16,0502
5,2441	-4,3192
10,5525	-13,6254
-5,7005	-11,9213
-3,0131	-0,7146
-4,2587	-2,8774
3,9991	-18,2125
-14,7444	2,2347
-0,0642	5,0526
-13,5648	5,1182
-5,8970	11,8028
-18,4801	3,9387
-5,7660	16,9147
-18,3489	2,4968
-8,5843	7,3466
-26,6065	21,1747
-16,7107	14,2278
-15,5310	21,6335
-8,3879	27,5971
-19,8565	15,9974
-22,0192	19,4709
-17,5625	20,3884
-22,0192	19,4053
-19,0698	24,0582
-22,2811	9,9026
-6,6179	21,5681
-20,2495	21,1745
-1,7682	6,1014
-19,8563	20,3883
3,3434	11,8029
-10,5502	7,0845
-11,2056	16,9803
-14,8099	10,8855
-1,7685	13,5070
-10,0914	17,7668
-9,5673	6,7567
-11,0089	14,6867
-16,3829	21,8300
-16,6450	13,2447
-23,7883	13,0481
-8,7807	4,6595
-25,9511	13,1137
-15,1376	8,0017
-31,8493	2,8244
-1,8994	11,3440
-17,4315	10,6231
-9,9604	7,0187
-5,9625	1,5793
6,2924	10,0335
5,0475	11,8029
-1,8339	11,3442
-0,1295	6,2978
12,5841	5,5771
-2,3577	3,6765
5,5720	9,1815
3,8026	2,4965
-0,7194	-10,7415
13,3708	-6,1541
-5,9624	-1,9600
12,1257	-19,9167
3,6714	-14,7394
15,8612	-7,2684
3,8026	-18,4096
21,8904	-20,5066
22,2837	-14,9362
26,1502	-15,0017
24,6431	-25,6840
24,5119	-16,7056
25,6263	-9,1035
21,8906	-15,2639
27,7890	-27,3878
23,5290	-11,9214
15,9270	-16,7058
7,1452	-18,0164
18,2862	-24,0457
12,5846	-16,5090
28,3785	-7,3341
-3,0785	-6,5478
24,3809	-24,5044
2,9506	-18,4094
32,0483	-8,7757
-2,7511	-11,0038
12,5188	-2,5498
7,9969	-7,0717
14,7468	-7,5303
10,8804	2,3000
2,0985	-12,1178
12,5844	1,5794
6,8827	11,4751
7,9314	7,1497
3,3439	7,8708
8,2592	5,9048
0,3948	12,8515
22,8735	20,7813
-10,3531	5,5769
20,5141	11,6719
-1,7027	10,4920
4,7854	1,2514
-2,8169	-6,0884
-2,6860	1,2515
-8,9774	-11,4626
-19,0046	-0,9769
-23,0020	-14,8049
-24,6408	-9,0377
-30,9976	-2,1567
-43,9083	-17,0988
-31,4564	-20,2443
-36,7649	-1,6323
-21,7572	-6,6786
-39,4517	-12,8390
-20,1841	-11,2662
-32,1115	-8,9724
4,3263	-8,3827
-3,6689	-26,4050
8,7173	-24,5700
4,7854	-22,0796
18,2201	-26,0774
9,7007	-18,6718
0,9190	-20,9001
26,5436	-18,9994
7,4068	-13,5599
5,7689	-21,8175
5,1788	-16,3777
16,5167	-0,5837
-5,7656	-7,3340
19,1382	-16,5088
7,2105	-1,3044
23,9221	-1,3701
3,4094	-11,9868
21,6284	-2,4841
22,9391	-7,1372
21,5627	9,2468
13,8953	0,8582
12,7810	-5,7609
20,4488	-2,0909
-7,4041	-4,2535
12,1258	-0,0593
-10,5499	3,2175
-8,1249	-2,4840
-15,5306	0,1374
-1,1782	-2,8771
-24,7713	3,2176
-3,0787	-1,7630
-2,7512	1,5138
1,0498	7,3466
-2,0957	5,8391
17,0406	11,3443
8,4555	22,5508
2,2296	5,1184
3,9337	22,4200
4,0645	26,0242
-1,0471	20,5193
-9,4358	18,9466
5,6374	16,7839
-23,2641	23,4030
-12,6470	9,7059
-17,4313	5,3807
-5,0451	18,0944
-16,5794	21,0434
-0,3922	-1,3700
-16,9725	-1,1077
2,8191	3,2830
-9,5015	-7,8582
0,7876	-11,5280
-0,1298	-12,2491
2,6226	-19,8510
1,8365	0,4650
-3,2755	-0,0594
5,8342	-2,3530
-0,8506	0,2030
4,8512	10,6886
4,2612	1,9723
6,8172	2,5623
5,3754	10,4921
-0,1952	18,0285
9,3733	-5,6953
16,5819	3,6765
1,5744	8,9848
9,7663	4,3317
12,9121	2,0380
19,8585	15,9972
3,6714	18,4874
12,3220	7,3464
11,9288	-3,2703
-11,6641	17,4391
1,9675	19,9947
-15,3341	-5,6298
-5,3071	-3,7946
-14,9408	12,5236
-2,6200	10,7540
-12,9748	-3,7294
7,9967	-12,3144
2,0329	1,6447
-0,3919	-2,8119
6,3585	-9,2342
22,6110	1,0548
8,6520	3,1519
2,6883	-0,8457
4,0647	-5,6298
3,8678	-14,5426
-6,0278	6,1011
-1,7682	10,2952
6,1615	-16,9676
-19,3320	-1,9597
-10,2878	8,5913
-22,5432	0,4649
-11,0744	-0,2557
-15,8586	-1,9597
-3,9311	5,4459
-17,8247	9,1815
-5,2418	11,9340
-1,8995	10,5579
-1,1132	17,2423
-5,5694	2,0382
-11,0746	12,1963
-11,2709	13,7690
-13,1060	10,9509
2,8194	6,9532
-15,7276	7,6087
-4,4549	16,7181
-3,7999	12,0650
10,8149	2,4314
-8,1253	14,8833
7,4071	27,0070
-0,9162	3,7418
10,5528	7,4774
7,8002	-9,6274
14,4847	-1,0422
4,0647	2,4964
21,1695	-14,5428
16,2541	-9,7586
-0,5230	-8,2514
14,7472	-19,8513
3,6057	-12,5110
5,6376	-2,6809
-5,5036	-0,3870
12,0601	-0,8459
-12,6471	-3,7294
3,8026	-8,5134
-5,1105	-7,5304
-5,6347	-3,4672
-3,4065	-7,3994
-6,7490	-3,8603
-2,4890	-2,7463
0,2633	-9,2999
0,2634	-6,4818
-3,2758	-1,6321
-9,8291	6,8219
-5,9627	-12,8389
-3,2755	-13,3629
-18,0213	5,8390
-1,9647	5,5112
-14,8755	-1,3701
4,0645	-6,6128
-7,3388	-3,9913
-0,7196	14,1620
-4,4550	4,8559
5,5718	10,3610
7,3414	15,6692
6,6858	16,6524
3,5404	6,0355
-0,1955	-2,7461
1,7055	-1,6320
1,7706	2,7588
-0,6540	-11,8557
0,4600	-14,0182
-7,3387	12,2613
-14,1545	5,5765
-6,3558	-9,4309
-32,4390	-4,1225
-14,2200	4,6593
-11,5331	14,6206
-6,9458	-2,7463
-14,3513	-1,8941
1,6394	21,5021
0,1976	9,5746
-2,0962	0,0722
1,9672	15,9973
-0,9821	6,1670
-2,8168	10,8201
-0,2610	6,8224
-8,1252	15,5387