-2,7390	-2,0876
-22,3339	-11,5247
-3,3942	1,2548
-12,1758	-4,8401
1,1933	-5,6919
-11,0616	9,9057
1,3245	-3,3326
8,9924	-1,6285
4,6669	7,0875
16,4637	-5,2987
9,1234	0,2719
14,3665	1,5169
-5,2289	-5,8885
18,3641	0,9928
-4,3115	-1,7597
11,2861	6,5635
-4,5736	14,6242
8,3370	14,6898
-5,0322	15,8696
0,6037	13,9035
-4,3113	13,9036
3,1595	14,3622
-5,9499	-2,5460
-7,7195	-1,0388
-7,3261	-6,4131
-12,3071	-22,0761
-5,5568	-8,5758
-20,9579	-12,9668
0,6036	-11,6559
-16,1082	-12,7700
-3,6562	-10,6071
-9,4233	2,1068
4,5359	1,6480
4,1427	-7,0681
8,5337	6,9565
12,6627	3,2209
24,4589	0,5996
10,8933	8,4639
17,0535	8,8571
12,5316	3,0900
8,0093	11,4129
3,0288	-3,4637
-7,8504	-7,3957
1,9801	4,2694
-9,1612	-10,4106
5,4533	-12,2456
-13,4211	-7,3960
-7,6540	-7,7237
-20,3025	2,8931
-7,9163	-0,5147
-24,1692	4,4663
-15,7806	15,0829
-17,5499	-6,8715
-12,9626	5,9080
-16,8290	12,6580
-17,2879	0,7961
-6,8674	-0,9733
-8,1783	1,0581
7,6817	-6,6751
-1,2313	-7,0028
9,5169	-19,3237
3,4218	-25,0252
10,6964	-14,2774
-10,5373	-21,8141
7,9438	-18,4718
-12,7656	-23,9113
-2,7387	-22,7316
-4,5736	-21,5520
-2,6732	-31,7101
-0,9690	-29,2197
5,8465	-17,4889
9,3856	-31,6446
1,3245	-19,5203
10,0410	-14,4740
5,7155	-13,8185
11,0897	-7,2649
4,4705	-8,6412
18,7575	-2,8083
9,5169	5,9734
25,1800	2,4345
15,6774	4,7939
31,2749	10,8889
27,6706	16,6560
32,1269	24,6514
27,0810	6,3669
42,1539	20,1297
33,2412	26,6175
34,9451	15,6075
36,4527	23,1443
30,6852	20,4572
41,8921	18,0324
21,3791	24,0617
37,8287	9,0539
19,5440	10,2993
36,0592	24,7825
25,6389	12,1341
32,5202	16,5906
20,5927	21,6368
26,5562	23,3407
11,0243	27,7972
15,0872	25,0449
-1,1656	31,3364
1,7833	40,4458
-2,8042	24,9795
-14,2077	36,5139
-9,8821	42,0843
-14,9940	31,4020
-2,4110	36,1862
-14,4697	34,2199
-2,5421	27,7319
-19,8437	25,3726
-4,6393	16,5253
-18,3365	23,0789
-6,4089	22,2922
-24,4312	7,9399
-22,2688	4,9907
-33,4753	2,5001
-35,9661	-10,5415
-49,3353	-5,8232
-60,1492	-19,7825
-70,1759	-23,8457
-59,2973	-24,6978
-56,5446	-39,0502
-60,8701	-38,3949
-47,5004	-43,3104
-61,5253	-68,1485
-44,4203	-67,1000
-60,9356	-61,3332
-54,3818	-86,1057
-59,4935	-75,0302
-33,0825	-87,3512
-40,4880	-79,4212
-18,0746	-83,8778
-19,3851	-94,3634
-7,7197	-75,8823
-0,9691	-77,4552
5,8465	-78,8969
13,9079	-76,7341
23,1484	-85,8436
42,8749	-74,2437
35,6004	-69,3942
51,9847	-80,2731
38,0909	-72,5398
51,1982	-66,9694
33,5035	-73,3917
47,0040	-59,4324
40,7126	-56,0900
54,5406	-48,8153
54,2785	-32,0380
57,1621	-33,6109
54,4099	-28,3679
71,1213	-19,5206
62,2741	-22,4695
54,9994	-18,0130
56,6380	-9,4932
40,9089	-8,5756
44,9068	-0,2525
29,3089	-0,3836
26,8186	-8,6411
10,0413	-1,5633
20,1992	-16,8986
-11,7825	6,1701
-11,9794	-7,3961
-42,0605	-10,1483
-46,9762	-5,4954
-78,3680	-18,2751
-89,7061	-34,0038
-104,5174	-33,5453
-106,7461	-50,7159
-129,6181	-54,5826
-143,1188	-69,1318
-145,3471	-85,2537
-161,0763	-87,4822
-184,2105	-112,2550
-204,3303	-128,5081
-204,7237	-136,5039
-235,5914	-176,7434
-222,2879	-196,0111
-256,4976	-219,7359
-248,1093	-256,1743
-264,1001	-291,1710
-268,9501	-319,9417
-284,5474	-340,9135
-281,7954	-354,3489
-294,9679	-387,7726
-293,7886	-405,5331
-291,0359	-433,3864
-300,2111	-458,3559
-277,2078	-480,5074
-286,9728	-495,6467
-266,7220	-524,0239
-275,6347	-530,8401
-249,1580	-563,3461
-247,9782	-565,7711
-221,7636	-567,1477
-217,6346	-596,1802
-188,9952	-589,1022
-184,6694	-574,7502
-154,3917	-591,5272
-145,4128	-582,8108
-123,7203	-578,9442
-107,7945	-564,5261
-93,9008	-547,8800
-72,9288	-546,7001
-66,1785	-524,2208
-37,9321	-500,3656
-37,7354	-483,7191
-16,3049	-458,9462
-18,9262	-443,8726
-4,3116	-426,4396
-4,5737	-382,2681
7,0917	-377,6148
-1,4277	-341,5038
16,2668	-315,6826
11,8107	-308,2763
21,7721	-272,6245
35,4694	-259,5170
35,4693	-231,0083
50,6741	-195,5532
53,9507	-180,8073
61,6188	-167,7649
55,3927	-124,8387
63,1916	-122,1514
44,0549	-103,9975
52,5746	-93,1185
37,8944	-81,1251
44,5134	-61,2677
22,8865	-53,7309
26,6874	-34,2663
8,2718	-10,8699
15,0216	-10,8040
-4,5081	9,6437
-9,8166	20,7848
-0,4449	19,0812
-17,9434	40,9047
-22,7927	29,4358
-27,5772	26,5523
-18,4022	29,4357
-44,2234	18,2944
-30,6574	10,5613
-51,8256	11,3475
-30,8543	4,8595
-66,4403	10,4955
-49,3355	3,8764
-62,1807	-3,5291
-61,2634	3,4831
-80,3998	-19,8478
-72,2081	-15,9812
-81,6450	-21,2900
-72,2736	-31,8413
-55,4306	-39,0504
-58,2487	-46,5216
-43,4371	-50,0606
-46,4518	-54,0586
-20,8270	-74,7678
-29,4123	-77,3238
-15,5840	-74,3094
-21,8098	-88,3340
-7,5885	-77,2584
-18,3362	-73,6539
-5,7535	-66,3792
-10,7996	-57,0076
4,2736	-61,5295
6,2400	-67,4277
2,2421	-67,1001
15,4152	-84,3361
17,6432	-73,0640
19,5441	-72,4744
23,6072	-73,4573
35,7971	-65,3964
20,3961	-67,1002
42,8750	-48,3567
31,9959	-41,0167
51,6569	-49,2085
27,2120	-37,0185
52,1812	-27,1883
36,7802	-30,7926
37,5665	-19,7825
37,9599	-23,5836
36,5178	-9,4933
28,0640	-3,5295
31,4716	-9,4276
33,1757	2,9591
21,9032	23,2750
30,2920	19,5396
18,1676	28,5839
34,4862	44,6400
15,5462	38,8076
31,6027	53,5532
18,1677	39,0698
35,2071	39,3977
16,3327	48,3759
31,5371	28,9117
25,0491	37,2348
35,5346	35,0720
14,8255	35,2687
25,5731	36,9725
6,6334	36,6448
9,6479	40,3804
15,2838	41,8221
-0,8381	24,0620
12,8591	30,3536
3,0941	36,6447
14,7596	28,2562
-3,7217	27,2075
-4,2460	20,9161
-20,7611	22,0303
-6,0157	25,5690
-31,5092	11,8065
-13,1592	6,8258
-20,5647	2,8935
-11,9796	-0,7111
-15,1907	0,0752
-11,2586	-12,1147
-4,7702	-17,8162
4,0769	-17,0300
8,5336	-32,5621
8,0747	-26,0084
19,4128	-22,4696
10,1065	-28,1056
26,9495	-17,6196
8,9270	-9,0347
15,2840	-13,0977
1,2593	-11,9836
9,2545	-24,1077
-8,7022	-15,5224
6,1087	-3,8572
-2,2143	-22,4694
-1,3625	-18,6027
0,2761	-14,5397
-2,8044	-34,6592
-1,4277	-26,4672
-0,6416	-28,1712
10,0411	-14,1464
-4,9014	-6,7409
9,3203	-17,7508
-0,7070	-10,3450
6,9608	2,4342
-6,7362	-15,8501
16,3980	-5,1677
1,3903	-9,4932
5,9778	-15,2602
3,9463	-6,4786
13,5800	-24,6976
16,6605	-15,9813
27,6701	-14,7363
17,6435	-27,7779
9,5169	-19,4547
15,0219	-18,2752
-11,5860	-22,6004
-7,5227	-9,6899
-27,7736	-14,6051
-13,9456	-11,2626
-36,0314	0,3371
-18,4020	-10,0175
-23,4484	-4,3812
-16,3050	4,0074
-22,1373	9,1193
2,7006	12,6583
-3,6561	16,0663
10,7618	21,5058
16,7259	19,0154
19,7404	4,5974
21,3136	-1,4974
12,9246	4,7937
17,3158	-14,2117
13,0557	-7,8547
19,6750	-8,7723
10,2377	-7,7237
21,7065	-1,3668
13,4490	-11,9834
22,3620	-1,7598
18,5610	6,8909
28,9811	-2,2840
17,3814	4,4664
24,5901	10,5612
9,1893	8,5951
8,9268	7,7430
2,5700	-3,7258
-0,1828	3,4832
3,0942	12,3959
-1,8211	-3,1360
10,8274	3,2866
-0,9691	2,6310
3,3564	-2,2185
-2,6075	-2,8084
3,0286	-5,6920
-6,3429	-8,9032
13,0556	5,9734
7,1574	-9,8208
5,6500	-8,6408
-7,7846	2,7621
4,9947	-3,7914
1,9145	-2,5462
-1,6246	0,5994
3,7496	0,2062
-0,9037	-2,0876
15,0873	-7,2649
1,4558	-3,9225
25,3765	7,7427
3,2909	0,4684
25,1800	4,9906
11,9417	7,6777
26,6872	19,6708
7,2232	23,1442
19,5438	22,4889
7,9439	25,4381
13,7110	28,3214
-0,2480	11,4788
4,2738	10,1680
6,8298	8,0051
2,2420	-1,6943
-1,6899	-2,7431
-11,5861	-17,2264
-4,1149	-14,9326
-20,2371	4,7935
-17,8776	-11,8525
-23,7105	-4,8398
-8,5716	10,6921
-12,8969	-3,9224
9,1231	7,3497
-5,3600	-10,9349
12,4002	-9,0998
8,7304	1,9099
12,7934	-22,3384
4,0118	-6,7406
4,4703	-4,4471
-7,2605	-14,3428
-7,1952	1,0582
-13,0934	-5,2987
-11,1931	14,2967
-14,8630	19,6050
-14,0110	0,2066
-5,8845	11,2822
-17,7465	11,8718
2,7007	-2,8738
-17,0255	-3,9879
-4,7049	0,6651
-9,2268	-0,3835
-6,3433	13,0514
-5,8844	-4,1190
-7,7852	1,2550
-3,3940	0,0751
-10,7344	-7,8548
-5,6877	-7,7237
-9,1615	-3,9883
-6,5396	-15,9157
-6,7365	-6,4129
1,1280	-13,0978
-6,9329	-16,4399
11,2205	-7,4617
-2,5419	-23,7146
24,5900	-23,0592
3,4220	-18,2098
21,5754	-27,3193
14,1700	-28,3678
12,5968	-26,8604
3,2909	-12,1803
-0,1173	-4,3160
-1,3624	-19,6513
-16,8947	-12,8354
-3,9838	-2,8086
-8,5715	-12,0491
0,9316	-9,6898
-1,2968	-7,9858
8,9269	-7,7237
-0,9692	-2,1532
8,2713	-11,1972
-13,4210	-18,9303
0,9969	-11,4594
-7,2607	-22,0106
6,8951	-20,3067
-4,5736	-21,6831
4,4702	-23,3214
0,2762	-7,8550
3,4873	-21,6175
5,4536	-16,3089
5,9777	-9,1001
12,9247	-25,0253
-2,6730	-18,7993
8,8615	-14,5397
-4,9667	-23,3215
6,8952	-26,4672
-12,7002	-25,8117
-11,3894	-15,3915
-20,3679	-5,4301
-11,3898	-2,6119
-19,5815	-4,4466
-6,0157	11,7406
-3,6561	0,9928
5,2567	5,2527
1,3904	1,7792
8,4681	4,5317
13,9734	6,3011
0,0794	-8,0512
11,1552	-6,7404
-8,3747	0,9926
6,5675	-12,9665
-9,3577	-5,2987
13,0556	-2,8741
-2,1488	-13,8839
0,8658	3,6142
-7,0638	2,6311
2,8974	5,5804
-4,1803	15,2795
3,0286	-1,1698
3,9462	5,9737
4,6014	8,0707
12,2693	10,7577
5,9121	4,2696
10,9586	0,9274
2,2421	10,4956
1,1937	15,4107
-7,9815	8,2674
2,7664	10,7579
-15,3217	10,1679
-3,2630	7,3499
-16,1081	11,9373
-0,0518	-3,8569
-10,9307	-4,8398
-6,2777	4,5971
-6,8018	-15,2603
-4,1150	-5,6920
-5,6877	-7,3308
-9,1614	-18,0784
-8,8989	-9,6897
-2,8044	-6,0199
1,5867	-12,7699
-6,2776	-8,7068
14,8251	-20,1099
4,8636	-7,3305
14,6285	-10,9352
-1,8864	-20,0445
20,0681	-15,4570
8,0750	-15,4572
14,4319	-19,9135
6,9609	-10,6073
8,9269	-17,1609
10,5655	-9,0999
18,8228	-0,6459
11,0244	-20,5033
8,9270	-17,6852
20,3304	-14,0153
6,1743	-20,0446
6,1746	-13,6220
-3,5905	-17,6198
6,5676	-23,2557
-6,4741	-6,8062
11,6793	-8,8377
-4,1148	5,2526
9,5166	12,7236
-11,6514	5,3183
4,4047	20,6538
-16,0424	16,7216
-5,8189	15,1489
-6,6707	24,3894
4,4046	14,0346
-0,6414	10,2992
-2,7387	15,6728
8,9269	-1,5630
-1,4934	-2,2839
13,7767	1,0583
5,0604	3,2209
19,0852	-10,2795
6,0434	-9,4930
7,8128	-1,1699
-12,4378	10,0366
-4,5082	1,7792
-18,0085	5,4494
-1,7557	14,4932
-14,7317	7,8086
-2,6733	11,4130
-6,0154	1,3205
-8,6371	2,5003
4,6670	7,6119
-2,0834	-8,9687
6,3711	0,7962
1,7835	7,2840
20,5269	-13,6218
-0,3136	-5,4298
20,9201	-7,5271
7,6161	-13,7530
11,1550	-14,2774
-6,2119	-24,6976
3,6183	-17,0299
1,8489	-14,2776
2,4384	-22,5350
-8,8334	-10,9350
-5,4260	-2,0221
-15,5837	-6,9371
-9,8168	9,5125
-1,6245	-3,3326
1,5211	1,1240
11,3517	4,0730
0,8004	-3,5293
11,9415	-4,5123
-20,6300	-10,6728
-2,7386	-4,2502
-17,6155	3,0897
-6,3433	-5,8232
-19,1228	-4,2502
-10,1445	-1,1046
-11,7172	-7,8547
-8,8993	1,3859
-9,6854	1,6479
-2,2801	-2,6772
-2,4765	1,6481
-7,3918	-1,7599
6,4365	-6,1508
-1,9523	0,6649
12,6625	-15,3914
-7,1295	-8,6411
6,5020	-3,7261
-13,9453	-12,4423
3,1596	-8,5756
-7,2606	-3,8571
7,4850	-5,7575
2,3078	6,3010
14,3007	-6,9371
10,1721	6,3012
11,4171	12,1338
-0,0515	5,0560
-8,3093	5,1873
-6,5398	16,1971
-16,6981	5,3838
-5,7533	9,7748
-8,1128	7,8742
8,7959	23,7340
3,7496	13,6413
26,3596	4,7286
12,4660	8,1365
29,3743	8,8572
22,8209	1,9759
39,5979	0,2720
23,0831	-2,4807
20,5270	-0,7113
12,6628	-3,5294
9,4511	-13,4252
-2,0832	-3,1361
-15,7805	4,4005
-20,3680	-5,1676
-35,3105	2,5657
-20,7614	-0,1868
-41,0777	-0,3833
-14,8631	7,3499
-23,8416	-0,1868
-11,6518	-1,7596
-22,5963	4,5316
-18,0088	-0,1214
-20,1714	6,8255
-21,4168	11,8063
-12,2415	8,0053
-0,8384	12,9205
-0,1827	10,6267
3,4217	11,1511
15,9394	14,4932
3,3562	1,1238
8,7960	4,5973
-2,4764	13,6411
14,1699	0,1408
8,0749	11,0854
12,1382	6,1701
8,9926	3,1556
18,4952	11,7407
9,9756	-8,2479
15,4804	-5,1676
-1,8864	-5,5610
4,0115	-8,5100
-7,1295	-5,2987
0,9967	-0,0559
-6,9331	5,1215
-11,3895	12,9202
6,3053	-2,8082
-0,8382	6,5636
2,2423	17,2457
-3,5249	-0,9732
12,1381	4,6628
-2,7386	0,5340
5,9121	-0,3836
-16,0424	0,4027
-7,5229	-19,3890
-22,7927	-2,4807
-11,7174	9,5121
-16,9600	-7,3959
-10,2757	3,3521
-13,7487	6,4976
-14,9942	-7,4614
-18,4674	-1,6942
-15,5184	-6,5440
-6,4089	-8,0513
-22,9895	6,6942
-3,1318	-5,7575
-13,7487	3,2211
11,8104	8,3328
-7,9814	2,1071
12,5968	10,7578
-7,1296	0,9929
-1,1658	13,9035
-7,9815	10,2989
-1,6901	3,4177
1,6523	5,1873
-1,8212	7,2842
3,8151	-1,5631
-0,2483	1,1237
5,9778	-11,5248
-1,8867	-22,0760
1,0626	-6,1509
-5,9500	-20,1757
0,0794	-7,6583
-15,1906	-9,1657
-1,8867	-14,8017
-7,2607	-13,5563
8,1402	-9,7554
-9,5543	-6,4786
6,3709	-8,4447
7,6163	-7,0683
5,5189	-5,8885
0,3420	12,1338
11,8759	1,3204
1,9146	-2,4804
-3,0664	14,8209
4,9291	5,8425
-6,0811	8,6606
8,0093	10,1023
-1,1002	7,9398
15,1528	10,1023
1,3903	5,9080
10,1720	5,9737
-1,4934	13,1826
6,5673	7,0878
-5,4912	11,2823
-0,2484	24,5860
-1,3623	13,3793
1,6522	16,7871
7,3542	-2,4806
4,9947	4,4007
19,5439	3,3518
9,1890	-12,3111
17,2501	-3,9879
4,0773	-2,8084
24,3935	-6,4783
-1,6898	-2,4807
22,1653	-10,6073
0,2106	-15,0638
15,0218	-19,7170
-4,3769	-32,8896
3,9461	-14,5397
-2,2798	-23,3872
-3,1975	-19,2582
-11,0617	-9,8210
-11,6518	-5,1678
-15,2561	7,2843
-25,7421	23,0128
-4,8360	9,7092
-20,1716	13,3138
-7,1297	15,8695
-16,3703	0,4030
7,4848	-1,1044
-19,6470	-16,9642
1,7178	-16,5710
-11,5861	-11,4594
-9,2924	-21,8796
-15,5837	-14,0808
-0,1829	-16,1126
-5,0979	-22,4039
4,7324	-8,8379
9,2547	-14,9329
6,1742	-20,5032
9,8446	-6,6096
3,1596	-15,5226
3,1597	-6,0197
-10,5374	-2,7431
2,3076	-11,9180
-14,5351	-6,0197
6,1087	-7,7238
-9,6855	-11,1971
4,9946	-4,7746
-12,9622	-3,9225
-0,2483	0,9928
-6,6707	8,4637
-1,3625	2,6313
0,9316	17,3114
9,9098	17,7044
12,9247	0,2066
10,3031	19,7362
15,0875	1,9758
0,2762	0,2064
11,8761	8,1361
-5,4256	-3,5292
3,4872	2,6313
-17,8774	7,0876
3,4873	-0,8421
-5,3600	0,0753
9,8442	4,4006
-6,9983	-3,9225
9,4510	4,7283
-1,2313	-5,4298
-1,4935	1,9759
5,9124	5,7768
10,2376	2,1724
17,9056	-2,0874
15,2184	-5,1021
22,0343	-10,0829
6,5677	-6,2819
17,2501	-24,2389
-3,2629	-23,6489
8,1405	-11,8528
-2,6730	-17,8821
4,2082	-15,5881
-6,1464	-5,2333
1,4556	-0,7111
-2,9352	18,0976
2,1109	4,6629
-2,2142	9,7747
-0,3794	4,0729
-3,3284	-7,1336
-13,0280	-0,6457
-6,9330	5,2524
-15,4528	-9,1654
-0,2482	-3,5948
-3,7873	-0,8424
10,0409	-2,6773
-5,6221	3,6141
13,3833	-10,7382
2,1111	-4,0535
3,1596	1,8446
-3,0006	-0,9734
3,0284	4,5317
-6,4086	10,2334
1,5866	14,6244
-2,3453	17,9667
-3,1319	15,7386
4,3394	20,0640
0,4726	22,3576
8,5993	2,2381
5,3223	4,1387
16,5947	1,8446
-2,2797	-4,4468
15,9393	-7,0684
-5,8844	-20,6999
2,5043	-22,2728
-16,1735	-17,8166
1,4555	-22,6005
-17,4844	-10,0831
-18,8607	-2,7431
-12,5036	-9,2965
-11,7174	5,7770
-8,0471	6,4323
-3,7874	8,5296
4,2082	14,7554
-2,6076	13,4447
5,1258	9,5782
-10,3408	19,8672
-0,5104	11,8720
-15,4528	18,7533
-6,6054	14,6244
-16,8290	4,4008
-4,1151	12,6582
-14,4696	3,6141
8,9267	-6,2817
-6,5396	10,8230
11,8104	-13,2942
7,1575	1,9759
3,6840	4,9903
13,9733	-7,3304
6,7641	12,0027
18,1676	-1,4977
8,1404	7,2189
22,2308	12,7238
6,7643	9,6438
28,3913	17,1805
15,4151	17,9667
28,7190	7,0879
9,2548	7,2844
22,0343	-3,8568
3,4875	-1,6286
9,3200	11,0197
-0,7725	-3,4637
-2,6733	2,1725
-8,3748	12,6581
-9,8168	-8,1823
2,0455	0,1409
-5,8845	-2,7430
8,0750	-11,9835
8,0748	-5,4300
13,7767	-17,3577
6,5677	-18,4061
10,4343	-9,2312
-6,1464	-13,8186
-2,5422	-11,0004
-31,5744	-5,6265
-12,5694	-0,7767
-21,9409	-0,8422
-15,4530	-7,2647
-15,3872	-0,9731
-11,6517	8,7916
5,3878	-3,5947
-1,7557	-6,0850
8,2061	-0,5801
-3,1319	-8,2478
5,3224	2,3690
-7,6539	-6,4129
8,7302	-1,3666
-6,5397	-4,1848
6,5021	-15,5224
-9,1610	-12,5078
15,2838	-6,1509
9,3201	-11,0660
18,4951	0,4029
13,2524	-6,2163
19,2816	-3,5292
16,7259	3,5485
12,7936	-17,2918
15,2185	-6,1508
6,9607	-13,8841
8,7304	-19,1925
-3,0008	-18,6026
9,8445	-26,0082
0,6038	-19,1926
11,8105	-22,6007
-2,4109	-35,5767
5,1911	-28,3022
-17,3532	-13,5568
-8,1783	-21,1588
-13,1591	-4,5124
-12,8970	-0,7113
-9,0957	4,2042
-10,0789	13,6413
-5,2946	3,4832
-20,1714	5,4494
-3,4595	13,3789
-16,5670	-7,8546
-2,1489	-6,8058
-13,2901	4,4006
0,7348	-6,2163
-5,4257	-2,7429
7,8126	-12,1801
-5,9498	-11,1969
3,4873	0,4683
-3,8526	-14,5394
-1,0346	-16,1779
0,4728	-19,1272
5,8464	-32,6276
-11,6514	-22,0109
-4,7704	-27,1227
-2,7386	-23,3871
-9,4235	-13,9499
-3,6561	-11,8526
-15,7805	-8,1168
-7,3261	13,5100
-13,0281	-2,9394
-11,5861	3,8109
-6,9986	0,9271
5,8464	-10,6071
-10,0785	-3,7261
9,0580	-12,7045
6,4366	-12,3768
8,7302	2,3687
2,8978	-6,0853
12,4657	1,5170
1,5869	11,0198
-1,4279	5,8425
7,6162	5,0561
0,7347	2,6969
8,1405	18,0979
-3,4595	20,0638
11,0240	5,0563
-8,5713	20,1295
13,1866	18,6219
-2,7386	1,3861
7,1573	4,7284
-3,4595	1,5171
9,7131	3,3522
3,8806	6,8255
10,6306	3,5487
4,7327	5,3837
10,3687	12,6583
20,2649	10,6922
24,5901	14,8867
32,9134	15,6730
18,3642	8,2020
29,7023	17,8357
18,8886	-2,5460
22,8864	-2,3495
6,3057	0,4682
14,7597	-25,1563
-1,1656	-13,4253
10,6307	-13,2945
-0,3137	-17,9474
2,7008	-12,7046
-1,4277	-24,3701
11,2205	-25,7462
6,5677	-13,9499
11,9415	-28,6300
8,7960	-29,8749
7,5506	-21,4211
10,6309	-30,0063
-6,2121	-25,5498
6,5020	-30,9236
-12,7657	-15,5882
5,3878	-9,2312
-13,5521	-14,7361
4,5359	-5,6921
-5,7533	-4,2505
4,8636	-19,5202
4,4704	-10,2140
17,5775	-10,5418
10,5655	-6,4129
20,0681	6,9564
11,0243	-8,0513
17,5776	-3,6601
15,4151	3,9417
-5,0323	-9,9519
15,5462	-4,6435
-0,0517	-6,1509
8,9923	-6,4129
-11,4549	5,7112
8,9923	-8,7067
-4,7703	-6,1507
-2,4110	2,3687
-15,7802	-17,1609
-5,6224	-7,9203
-28,4945	-5,7577
-20,1061	-12,5079
-29,2809	-10,2140
-19,7129	-8,8378
-19,8438	-7,5270
-23,4484	2,1065
-15,3872	-20,9620
-21,3511	-16,5054
-3,4596	-4,1848
-18,7952	-12,4423
2,8319	-7,5926
-12,9623	-6,4786
9,1889	-10,2796
6,6331	-0,2526
8,6647	-9,1000
9,2548	-6,7404
13,8420	6,4322
4,9294	-3,9881
7,4850	7,2188
2,9632	0,9271
-5,0325	6,8911
-6,6052	8,0051
-11,8483	-5,3642
-3,4595	5,4493
-19,0572	9,3158
-1,4934	-1,2354
-17,8776	4,3352
-2,2146	5,7114
-26,7906	2,4346
-10,8654	0,7306
-25,2832	-11,5902
-13,8146	-2,8085
-21,0888	2,6308
-18,3365	-19,1925
-14,2730	-11,6557
-3,3943	-7,3960
-1,8867	-6,7404
-20,1058	8,9880
3,7496	-2,4807
-6,3433	1,0583
1,7834	6,6288
-7,1296	0,9272
4,6670	-0,0556
-6,3432	8,8572
3,6184	8,8572
-5,8187	6,2358
7,2228	6,1047
-10,4718	0,5996
-2,6732	-5,0366
-10,2753	-16,1777
-3,7219	-16,4399
-9,5544	-2,4810
-6,7366	-14,6705
-7,0639	-5,3642
-7,9162	3,2208
-0,3137	6,8255
0,9313	11,0852
15,4806	-9,3619
4,4705	-3,6601
16,5947	2,8276
-0,5102	-12,4423
14,6286	-6,0196
-6,1464	-7,9859
8,0748	-11,0004
-8,8988	-6,6751
5,0600	-7,3961
-15,3215	-12,1801
-10,6687	0,9270
-17,2222	-11,6559
-15,7806	-7,1337
-13,7488	-2,8742
-30,8539	-18,2751
-17,8120	-11,7215
-28,2324	-11,0007
-13,7490	-8,5101
-37,1453	2,3689
-18,9919	-9,2964
-30,5918	-4,7743
-19,5818	10,4954
-26,2664	-5,4954
-20,1716	1,2549
-20,4336	0,8615
-9,4237	-3,8570
-8,9646	-0,7113
-3,1975	-1,1700
6,5021	1,5826
1,5213	9,7089
7,8784	-0,3180
-2,3455	-1,9563
5,9122	5,9080
-3,5252	2,0414
6,3709	8,6606
2,6353	7,6121
19,4781	14,2968
9,3857	29,8289
18,6263	15,2799
10,1068	21,7027
20,1336	27,9938
20,8547	9,2505
24,6556	5,9737
23,8038	7,3497
20,0026	0,4030
21,7067	4,4005
11,3518	-5,4298
20,5270	5,3837
8,0094	11,0851
19,4784	1,7793
13,7766	20,0639
23,7382	11,8064
12,5970	20,1296
19,8061	20,4571
10,8932	3,8766
20,8544	-0,4488
0,1452	10,5609
2,2421	-6,8062
-9,0300	-10,4105
-11,5862	2,7620
-15,9769	-3,3327
-13,6834	-0,2524
-7,7194	0,0753
-14,9940	0,7308
-0,2482	13,1169
-4,1805	-8,7065
13,3832	8,9882
-18,4017	5,5801
11,7450	-3,9879
-1,2969	3,2210
8,7302	-3,3325
-4,8357	7,8741
-0,9036	6,9565
2,3077	-13,5562
2,4386	-0,7767
-2,4763	-2,8741
2,9630	-8,9689
-1,1656	-4,3158
-0,5104	-7,9204
3,4219	-12,2456
-7,3917	0,3371
10,8929	-8,8380
-2,9353	-13,5564
6,0432	3,2207
-7,7848	-13,5564
0,5382	-1,3666
-14,1418	0,4028
4,2737	-2,2185
-13,0933	2,9588
3,7494	-8,4445
1,1280	-3,6603
5,2567	0,3372
15,3495	-11,6558
17,7743	-13,1630
28,9157	-3,3328
21,7722	-4,2503
31,3406	4,4004
15,2186	-12,1801
24,1970	-5,2332
4,6671	3,4174
14,7597	-7,9203
-1,1001	-10,6071
11,0895	1,7790
5,3880	-16,7021
8,9924	-17,6852
5,0605	-15,9157
15,8081	-22,6660
9,1892	-17,0300
8,5991	-19,7170
4,9948	-20,7000
-5,2290	-12,7701
11,8761	-23,1247
1,0624	-3,6605
9,1236	-4,6435
4,9292	4,5317
23,6724	13,5101
-1,2968	-2,0873
10,4997	2,5004
-3,4596	24,2580
1,8488	-2,2185
-9,0301	8,2675
0,1448	8,7914
-1,3624	-0,4489
-2,8698	10,2334
3,2909	6,1046
-2,1489	3,2868
4,3395	16,4594
-5,9500	6,3013
-1,4278	7,8087
-12,7657	12,5271
2,8974	-3,2670
-7,1298	9,2504
-0,3794	3,7452
-6,7363	-0,4489
6,4363	8,1362
-2,4764	-2,1530
5,7155	0,2065
-0,0515	16,8524
11,8759	5,7113
11,6140	2,3037
9,9100	7,8085
16,5292	-1,8253
2,2422	6,8910
5,1915	-10,2795
-7,1295	4,4663
-0,7724	13,1167
-19,7782	-1,7598
-18,4019	2,0414
-38,9805	8,9225
-29,5433	0,7962
-42,1918	13,0514
-19,4509	-3,3980
-31,7059	9,1850
-18,7954	27,2727
-23,8413	6,1701
-11,2586	0,0755
-7,9816	-0,7111
-8,0473	-9,4931
3,8151	-8,3791
-0,8382	-16,6367
8,7960	-18,0129
-0,3792	-7,3961
7,8783	-16,8988
-14,4696	-7,4614
-5,3600	-3,0051
-8,7680	-5,8886
5,3878	1,4515
-2,3454	12,0027
2,2423	-1,1698
2,4390	9,4470
8,9268	4,9905
7,4196	5,9736
-1,6246	13,1824
-3,3282	-4,6433
1,8488	-2,8083
8,0748	-5,9540
-8,8335	-2,2841
6,7642	2,0411
-10,8651	-2,0875
1,7179	4,7284
-5,4912	23,8648
5,9121	2,9589
-2,0832	4,2698
8,0749	8,0051
-1,6243	-6,4783
22,9516	-6,0197
6,7644	-13,9495
18,1020	-5,8886
7,6165	-3,9226
14,1043	-9,1654
8,7959	5,3838
1,9800	12,9203
4,0117	8,4640
-2,4110	9,7092
1,7178	16,4593
-3,9183	4,7284
2,8975	8,6605
-6,9985	-0,8422
-5,9500	7,9397
-22,0717	4,9904
-5,1637	3,9420
-18,2708	-0,3835
-3,9186	3,5487
-11,0618	-3,2671
-5,8846	5,9080
-4,1804	-1,6942
-0,4451	11,4788
-4,5081	24,3892
-6,0155	6,9569
9,7133	21,3749
-3,3940	16,4594
9,7135	2,4348
-1,9521	8,0052
14,9562	-8,7720
-12,5690	-4,8398
-3,7217	11,1507
-22,7926	1,2550
-11,0620	8,2674
-30,0674	17,9010
-30,7230	0,8618
-30,3951	8,9882
-37,2111	3,1554
-23,5138	8,5294
-27,9050	14,7553
-17,4189	5,9080
-23,6449	8,7918
-4,0494	19,9982
-9,3579	4,5973
2,2421	7,4810
-10,7340	1,2550
5,9776	0,7307
-10,2753	-3,8569
8,6646	-9,0343
-4,9013	-12,1144
3,4872	-0,5803
-3,9837	-17,2920
-9,4889	-22,6658
-2,9352	-22,3383
-9,4236	-25,5495
-14,2076	-10,0832
-23,6451	-21,8796
-16,2393	-14,1461
-21,2202	-0,7115
-3,2632	-20,2411
-15,5838	-16,8986
3,3562	-11,9181
-11,6515	-8,9689
6,8298	-10,6074
0,8005	-6,2818
19,2162	-11,2626
17,3813	1,5168
24,5901	-10,6728
27,7360	-6,2817
15,9393	9,8400
23,1485	-0,4490
9,9099	6,9567
18,3644	-4,3157
7,6817	-5,0364
19,3474	6,3665
7,0919	-15,5226
18,8885	-18,6026
-1,4934	-12,5734
5,5846	-15,7846
-12,7656	-10,7382
3,0284	0,7305
-11,4549	-2,2184
-1,3626	16,9836
-13,8143	-3,9880
-4,4428	3,6144
-7,9161	3,4175
-6,0157	-15,6535
-11,2584	-11,3936
-16,7634	-15,1295
-6,6708	-15,6537
-9,8824	-13,8842
-11,7827	-15,2604
-18,1398	-9,5587
2,3074	1,1892
-16,5669	-9,6897
9,7132	-2,0873
-0,7725	-0,0560
8,7302	-10,9349
4,3394	-10,4106
6,1742	-14,6705
3,7496	-9,2966
0,6036	-10,4763
1,4558	-17,6197
2,1111	-13,0977
9,5823	-3,1364
5,4535	-22,2728
19,9370	-14,3428
-4,4424	-17,1610
11,2863	-11,7869
-5,2289	-10,0175
8,2715	-7,1339
-7,1295	-11,1969
8,2714	7,0221
-12,6344	4,3351
4,7979	10,4300
-7,5227	7,7430
-2,3455	1,8448
-11,5204	8,0707
-13,8144	3,2209
-9,0301	-1,2354
-20,4337	4,5971
-7,4572	-5,3644
-7,4574	1,3204
-0,5104	-6,4785
-8,3092	-12,1800
10,1065	3,0242
-7,8504	-5,0369
11,7449	-7,0682
1,1281	5,1214
10,8274	0,7305
2,4389	7,3499
12,2036	19,0152
1,6525	7,8087
5,2568	13,5105
-1,6244	15,8697
-0,2483	12,7896
4,0116	16,5904
-13,4866	-1,2352
4,7980	3,2868
-13,2901	7,6118
1,5868	-10,4105
-10,9307	1,3860
3,1597	-2,8086
-5,2945	-6,5438
4,1427	2,8275
2,7011	-18,7994
11,7448	-17,8162
-2,4763	-16,4402
8,2714	-26,4015
-5,0322	-18,9960
-4,1150	-11,2628
0,0139	-23,1904
-6,0812	-18,6683
-4,5737	-24,3045
-5,6880	-18,8650
1,9143	-13,4254
-13,7488	-16,8989
-5,4257	-15,4570
-15,3872	-5,7578
3,0283	-16,5711
-21,0232	-18,0130
-0,3794	-19,7169
-4,9013	-26,5982
-0,5106	-15,1950
-7,4572	-30,0063
-5,0326	-27,1880
-16,1081	-12,7703
-24,0382	-24,3700
-28,2324	-15,0638
-32,8201	-20,5688
-23,5139	-8,7067
-36,9489	-2,4809
-14,4699	-15,1947
-24,6936	-9,4276
-3,0009	-1,4979
-6,3430	-11,9182
22,2962	-14,1462
10,4999	-17,8164
20,6578	-18,1439
1,8492	-13,3599
11,7448	-16,8334
-0,7069	-29,6782
-5,4913	-10,8696
-5,8843	-17,6198
-14,9286	-5,5610
-17,4843	5,9078
-26,3973	0,4685
-4,3772	14,6245
-15,0597	12,1340
-9,5545	11,6754
-26,2661	15,4763
-3,6563	6,8257
-21,2200	17,7703
-10,2100	20,7192
-23,9725	13,9036
-4,3773	9,7747
-19,7781	-0,0557
-7,9162	-3,2669
-13,0279	0,2718
-17,0912	-2,6774
-3,2629	-7,1338
-18,7953	-8,7723
-12,3726	-10,2141
-28,8878	-6,4129
-16,0428	-8,0512
-33,0167	3,7452
-12,1107	2,5656
-33,3443	1,2549
-12,1104	6,8910
-18,0742	7,6773
-0,6417	-8,9032
-14,5352	-3,3982
-6,6708	-8,3135
-2,8041	-14,2772
-1,1004	-11,0005
0,4728	-14,8016
-6,3431	-12,9666
0,0141	-11,2627
-7,0640	-18,0785
7,6816	-14,2118
-9,8821	-10,0830
13,6454	-10,6072
-4,7048	-3,5295
6,6331	-10,5417
-6,9329	-10,5416
5,6499	-4,7746
-8,5057	-14,4739
0,9313	-6,2817
-2,7386	-2,1532
2,2421	-13,9495
1,5214	-5,9541
16,2669	0,9925
20,8545	6,4322
16,0049	8,3327
29,2435	-0,7767
24,5246	11,5442
31,9305	8,0706
21,6411	5,1216
28,2604	9,8401
15,2842	2,5656
26,8839	7,2843
13,6456	12,0684
19,8715	7,4155
6,1091	13,7725
25,1144	13,2480
12,2039	-3,0704
23,0172	-13,2941
16,7914	-7,2650
5,7156	-5,6921
4,9294	-9,4933
2,5697	-20,5032
9,2545	-14,4739
-11,7826	-11,4595
7,4196	-29,4818
-4,5082	-20,6344
4,2082	-14,8018
-7,7193	-18,7994
11,3517	-9,4931
0,6694	-1,2356
7,1574	1,0583
8,9926	12,9856
2,1765	-12,9665
-7,1947	-8,4443
8,9267	-0,8424
9,0580	-10,6072
5,4534	-9,1655
13,2524	-14,3429
10,0411	-17,3577
11,5484	-17,9475
-2,2142	-26,4017
13,7109	-21,0276
-12,2414	-12,6392
4,2082	-25,7462
-6,4086	-13,2287
3,8150	-4,1849
2,2423	-22,3383
18,6260	-13,6875
-1,5588	-14,1464
5,6500	-10,8039
-6,0808	0,0094
-9,4235	-8,1169
-18,1396	-0,7767
-24,1692	8,5294
-13,0936	0,9928
-27,8393	9,1194
-8,6369	-3,4636
-10,1445	-2,8081
6,7640	-1,3010
-19,1881	-11,2626
8,3369	-13,4907
-4,7703	-1,9566
11,8758	-14,6705
-7,5881	-5,6919
8,3371	-1,9565
7,9440	-1,1045
10,5651	0,1406
6,5677	-7,3960
4,7979	-5,2987
-0,1171	7,6118
-8,0472	-2,4150
-1,6246	6,1703
-16,0426	15,1487
-7,1296	11,0199
-11,3896	9,1850
1,3245	4,0730
-10,9307	3,0900
7,8126	0,2062
-8,2437	-14,0806
-0,9038	-8,4446
-17,0255	0,7960
-13,6834	-2,6119
-13,0280	-3,9879
-17,2880	3,4176
-8,3748	5,9080
-4,2462	8,0050
7,0918	-7,1993
0,9969	-4,9711
15,0219	-17,4230
1,3903	-20,3721
19,4127	-12,2457
-1,2312	-15,7192
11,9415	-9,0345
2,8320	-0,5147
9,5821	2,2378
-5,8187	-4,9054
9,1888	7,8084
-7,8503	-10,1484
8,5991	-8,1823
8,2714	-13,4254
-5,8188	-15,7847
2,5699	-19,2583
-6,2778	-21,6175
-0,7070	-23,1904
-11,1929	-16,5713
4,9291	-18,2096
-7,7195	-11,2626
8,3370	-4,3814
-5,4255	1,4515
13,4489	7,3497
3,0286	4,2042
7,6161	15,6730
4,2739	22,0954
0,6691	3,5488
-0,1825	5,5805
6,8951	11,4785
4,5360	-0,1213
0,6692	11,8063
0,6693	10,9544
-8,8991	9,9059
-2,5421	20,5226
-20,0403	7,1533
-4,9014	0,9274
-12,6347	3,9418
0,2104	-12,8354
-11,5861	-17,0953
7,8782	-13,6220
-5,8843	-19,2581
3,3562	-7,1996
-2,0175	-20,4378
4,1425	-18,4060
-0,9035	-10,8040
-8,5059	-23,3869
-6,8018	-4,3158
-13,5523	-4,5781
-10,7996	-8,7066
-16,5670	8,6605
-3,0009	0,1407
-15,1906	-0,9733
1,0624	4,2694
-13,3554	-13,8185
8,5991	-2,4807
-14,9938	-4,3159
-4,5081	-9,2965
-4,9668	-8,6412
-10,7998	-5,6266
-11,7826	-13,2287
-6,3435	-0,6458
-11,6516	-7,0027
-9,3580	-1,4320
3,5529	4,5316
-2,0178	-8,5755
14,8253	-1,6943
8,8613	-15,9812
24,0659	-14,4738
10,8276	-1,2358
27,6704	-30,7269
3,8809	-12,9663
29,5709	2,8275
8,1406	-12,7698
16,9224	-7,7235
3,1599	2,5654
13,7109	-22,0761
-1,3624	-9,7553
-9,2923	-14,2119
-7,7849	-18,6027
-5,9502	-6,0198
-11,3896	-11,1317
-20,3681	-12,3767
-6,4088	0,2717
-22,2031	-3,2016
-3,7219	6,4323
-12,2416	9,8401
0,0793	8,2020
-15,3216	20,1949
1,4556	8,5951
-8,5058	6,9568
2,3075	11,4785
-1,6244	-3,3982
5,1256	-2,1530
6,5021	-8,1168
-6,0155	-7,4613
-5,4909	9,5123
-6,1466	0,2718
7,0918	6,1703
-0,5760	13,7068
8,3372	5,8426
10,4342	13,0516
17,4465	9,2504
-4,9666	15,3455
7,0919	17,7046
-0,7725	3,5489
6,1086	4,6631
-6,4741	1,6481
-5,4913	-14,1462
-6,5397	-13,5565
-8,3094	-20,7656
-1,5590	-24,9597
-8,5716	-6,0200
-4,2459	-18,5372
-6,1466	-0,6457
8,9268	3,4829
-4,9014	-2,8740
6,5021	5,5803
1,6522	-0,0559
3,3562	-7,9855
-18,5983	7,2187
2,8973	-5,7575
-15,1905	-1,2353
-1,3625	6,1700
-4,8358	1,3205
-1,9523	15,5419
9,2546	23,2750
0,5381	9,9713
7,6818	6,6292
-6,4087	12,5272
2,1113	13,6413
-9,0956	9,9712
10,1065	-7,3958
-6,0809	3,3522
18,8228	-4,9057
3,1598	-20,5687
16,2670	-9,6897
2,0457	-7,6584
21,4441	-13,6220
1,8491	-19,9135
12,1380	-21,2897
4,6672	-19,7168
10,7618	-6,0199
5,3225	-13,1633
2,1766	-14,4738
2,1112	-5,2989
-10,8652	-26,2047
-3,9838	-15,7845
-23,5136	-14,0153
-8,3092	-15,0638
-16,3047	-13,4910
8,4023	-15,5225
-12,5691	-12,3111
3,3562	6,4976
-5,0979	-10,2140
1,6521	5,5804
-10,7995	8,9881
-0,5106	8,1363
-4,3770	9,4471
-1,3626	9,4470
-8,7679	0,7963
-6,4743	-1,1045
4,5359	-14,8014
-8,8335	-7,2649
4,8636	-15,3261
-11,3239	-24,4355
3,8804	-24,8288
-14,6008	-26,8605
-6,4743	-24,6322
-18,7950	-14,4086
-4,0496	-16,0470
-20,4991	-12,9010
-18,1399	0,3371
-20,1059	-8,3791
-22,1377	-0,8423
-21,0233	-6,6751
-23,1862	-5,8885
-20,2368	2,8277
-15,9116	-7,9202
1,7178	-3,2670
-10,7341	10,1676
5,7812	-8,1823
2,4388	2,1069
16,3979	0,7306
-3,7871	1,5171
7,7472	7,3497
-3,4594	-10,0174
10,4341	-19,3234
-3,3284	-10,9352
-1,4935	-30,8582
-0,1171	-27,7778
-5,5568	-21,5521
-4,2458	-19,1927
-7,9816	-12,3114
-3,1973	-19,7823
-9,4235	-8,1823
-4,7048	1,5167
-17,8121	-13,0321
-18,5985	-13,1629
-31,1158	-1,5633
-16,5670	-8,7067
-28,1670	-5,8887
-17,8778	-18,2094
-23,3828	-5,4954
-14,2078	-2,8740
-12,5036	0,9927
-3,4598	4,2696
-10,2752	12,9203
-4,5739	14,7553
1,3903	13,1825
-3,2631	10,1680
10,8930	10,6922
-7,3261	10,4300
12,4659	-0,2524
-2,2142	3,3521
16,8569	2,3033
7,1576	-13,1631
30,0296	-2,2185
14,1045	-4,5780
28,6533	-8,9031
15,5463	2,8932
25,3110	-14,7359
14,5633	-7,8545
15,5461	3,9417
16,5293	-10,2794
7,4195	4,8595
18,2331	7,3497
1,5866	0,9929
8,9269	14,4933
-3,6562	9,3160
5,1257	9,5127
-13,5521	20,2605
6,8296	2,1070
-8,0472	5,9082
0,9315	10,1677
5,0602	-6,8060
11,8759	-6,0853
-1,0345	-15,7847
-3,2630	-22,8626
-7,9161	-19,0616
-17,1569	-22,0107
-14,8630	-11,6559
-24,6281	-1,2358
-13,6834	-13,3597
-19,7129	4,6628
-14,0766	4,8594
-18,5985	10,1023
-6,7366	21,1779
-20,5646	8,4640
-1,1004	14,6901
-13,6178	24,5858
-6,6054	10,5611
-8,1127	-0,0557
-1,9524	-7,0682
-12,4380	-4,7090
-15,7151	-6,2820
-20,4991	-10,5417
-29,8711	-9,2309
-26,2009	7,8083
-29,9367	-9,2966
-14,6665	-3,9224
-12,5693	-0,7114
10,1719	-9,8863
-1,0347	-1,8909
14,3664	-10,2797
3,7495	-10,3451
7,5505	-3,0708
-2,4763	-12,9665
0,7347	-1,2355
1,3904	0,4027
16,6600	-14,9325
15,1530	-6,8061
15,2838	-7,3961
17,2503	-13,4908
17,7742	-7,0684
17,8399	-16,8986
1,0626	-0,7111
17,0535	-0,5802
3,4219	-5,8885
26,6218	2,3035
12,4660	-1,7599
29,8331	-12,3765
18,3644	0,2718
26,3596	-8,6411
6,9611	-3,7912
11,2863	7,2842
10,5654	-1,2354
8,4680	0,6652
4,0117	4,9248
-5,7533	3,1555
11,0242	4,4006
0,4725	-2,2839
11,6140	6,4324
3,6183	10,6267
11,4173	5,0559
4,2738	-1,6942
10,6964	-1,5632
-0,1824	-3,9881
19,6094	-10,2796
8,2061	-15,3914
14,3008	-9,3621
-5,8841	-6,7407
1,3900	-22,7968
-13,8143	2,7622
-19,7127	6,8908
-13,4867	-1,6285
-22,1376	17,7046
-14,0765	16,4593
-18,5986	21,4402
-4,7704	22,3576
-14,2731	5,1217
-1,4280	3,5488
-7,1297	4,7939
-1,2314	-3,7259
-5,9499	-11,0659
12,5967	-9,5586
8,7958	-5,6920
14,1042	-10,8694
17,5779	-14,0806
16,2015	-10,0829
17,1848	1,9755
15,9393	-17,1608
11,5485	-5,7575
5,3225	-1,8257
17,4468	-12,3113
6,8953	-11,8526
17,7088	-16,5056
-2,8040	-12,5734
11,3517	-4,0537
2,7664	-9,6242
5,1912	0,9273
-3,0662	6,5631
10,6962	-2,2184
-1,8211	15,0176
3,2250	13,2480
-9,2266	14,6244
1,1934	13,2481
-7,4572	2,9590
-6,4088	3,3522
0,8004	5,7113
-10,3409	-3,6604
5,5845	-5,1021
-10,2098	-1,6286
2,2422	3,2866
-11,6516	5,7770
-0,3793	2,6969
-1,2968	13,1826
3,9460	10,9542
-10,6028	-1,1697
1,5212	7,3499
-3,4594	7,0876
3,2251	-1,1043
6,2400	3,8109
7,5505	0,4685
12,2038	0,2720
6,0433	2,7622
13,7766	-9,6897
2,1111	-7,0682
7,4850	-16,6366
-7,7194	-20,4376
2,0454	-13,1632
-16,0425	-17,5542
-15,1251	-13,0320
-12,6348	-1,4323
-15,5187	-12,1800
-31,9024	-0,2524
-17,8780	12,6581
-31,2471	2,9589
-21,9412	8,9882
-19,0572	8,8570
-11,0621	-0,5145
-11,6516	10,6921
-13,0935	0,7306
2,3076	-2,7427
-15,1251	3,4830
-3,6561	-8,0513
-12,4379	-10,6072
7,0918	-11,9836
-6,9985	-12,2456
4,2738	-1,4323
-7,1296	-14,4083
-2,0834	-5,4297
-16,2389	-1,3011
-3,6563	-12,7044
-3,5251	-16,0465
-3,0663	-3,9881
9,1890	-15,7191
-0,9691	-3,5948
10,8930	-12,5079
-0,5104	-15,5223
4,2738	1,6479
-13,8143	-7,3306
-2,8698	-8,0513
-21,3510	-0,3181
-8,5715	-4,0536
-24,5624	3,9419
-12,5693	3,0245
-19,9748	14,2312
-5,0326	25,8311
-6,7363	20,9159
5,1256	14,6901
-1,8865	25,7655
4,4703	8,0053
2,0457	15,0832
-7,8505	11,1509
0,5382	7,2843
-22,5306	10,2334
-6,2121	-4,6433
-26,1353	0,4685
0,5378	-1,6944
-23,1861	-8,7722
0,6036	-4,8401
-2,5420	-1,9565
6,5675	0,4029
-3,9181	1,6481
4,9290	-0,3179
-3,5905	8,7262
-10,9309	15,1486
-4,8357	12,7239
-14,4699	17,0494
-5,0324	28,9114
-4,3116	22,2923
26,1628	24,6516
5,7155	24,4549
19,8061	15,7387
7,2887	17,5080
23,6071	-2,8737
10,9587	0,4686
25,5731	-2,3497
11,2210	-10,8695
29,1121	-20,4378
16,7915	-26,2051
21,2477	-25,0910
15,1530	-18,7996
6,3054	-18,6030
5,5846	-14,9982
-6,8673	4,8590
15,4806	-12,9010
3,2907	-5,1021
9,1893	-0,7768
8,0750	-6,0852
11,1553	2,2377
-2,4762	-14,5394
19,0849	-8,4444
-9,5542	9,0534
4,0771	-7,2650
-12,3723	0,7963
0,0137	10,8232
-17,2221	10,8233
-10,2755	15,0176
-13,1589	12,5928
-15,2562	11,1511
-6,0809	14,2311
-15,7149	2,5658
2,1766	11,7408
-11,7172	9,9713
8,9269	2,0416
-4,0493	13,3136
14,8252	-0,6457
7,6817	-6,4783
14,3664	-7,4614
6,4367	-3,2672
15,0873	-7,2649
12,0727	8,1361
5,5844	3,3520
7,8128	8,4641
-0,3795	25,5688
0,0795	21,6368
-3,3285	27,3384
5,2570	18,1635