4,5197	11,6404
20,9036	-13,3287
8,6486	-6,3818
17,6271	3,9726
15,0057	-17,1956
15,8575	-10,1175
6,4204	-0,0907
0,3252	-5,7265
-5,2452	8,8225
-10,2263	-4,5467
-13,8306	4,9561
-18,9425	12,5580
-5,9663	-7,5616
-5,7697	-6,9061
9,9590	-1,6635
6,6168	-6,7097
19,7896	-0,4837
13,3672	-8,7413
15,9886	-2,7118
6,8792	16,2280
3,4055	-4,2846
-5,6384	8,9538
-5,7697	17,4733
-0,4611	2,8588
-5,3110	16,7527
4,3885	9,9366
-1,3133	2,7279
1,8327	13,6723
-4,1313	8,1018
5,7648	4,1697
-0,1991	19,9638
4,9784	9,8711
-1,1164	-1,0733
11,7286	3,3830
2,5535	-6,7751
-6,0318	4,1694
-6,1629	-6,3818
-7,7360	6,9877
-22,5470	17,2111
-24,5787	3,3177
-17,5663	10,5267
-26,0861	19,1118
-15,6656	2,2691
-19,4012	14,0001
-4,9832	4,5628
-11,9302	4,1041
-8,1944	8,8880
-13,5685	-10,4452
-3,2138	-10,6416
-12,3888	-2,2533
-4,6556	-19,0304
-14,5513	-5,7266
-3,6726	0,2371
-15,8622	2,0723
-13,6342	13,2789
-22,5470	-7,4959
-23,5302	2,1381
-21,9572	20,0290
-31,5256	-7,9548
-23,6612	-8,2824
-29,5596	-3,6295
-25,1029	-14,7705
-21,9574	5,2178
-13,3066	-16,4745
-21,6295	0,2375
-12,3234	14,7207
-15,7312	7,9051
-2,8206	14,3933
-5,3764	17,8011
-0,9856	6,9222
-10,9470	17,4733
-12,2579	-6,0542
-16,1900	-7,4958
-29,2317	16,8833
-17,3695	-8,8068
-18,0906	-3,7602
-8,3911	8,4948
-14,2238	3,0554
4,9129	12,5582
6,0925	10,2644
15,1365	10,7889
6,7481	22,9785
23,1975	14,8520
6,6825	8,0364
15,7919	23,7650
10,4181	23,8960
19,3309	23,1098
19,7243	17,7358
21,8869	19,4398
26,9989	27,6970
15,5300	1,4172
17,0375	4,0387
4,7819	18,6530
8,3210	11,5751
-12,1265	16,0973
5,8959	25,7311
-2,7551	29,6633
-0,7233	43,2948
-0,7887	32,4813
12,9737	28,9426
1,4396	37,0032
11,2699	12,8861
-0,3299	19,7676
1,5705	33,9885
2,2259	21,9955
-7,1460	23,5028
-8,7187	19,9639
-19,8599	14,9833
-15,9278	33,3987
-23,1369	22,2576
-17,2387	30,1223
-29,5596	36,6757
-20,1223	26,0590
-31,7221	34,6441
-14,9450	23,1096
-20,5810	19,9641
-14,2240	28,3523
-13,5030	-12,8043
-11,9959	-11,7555
-24,4476	-1,6634
-33,8849	-26,9604
-26,3481	-28,7299
-35,4579	-24,7325
-29,5595	-37,2499
-39,5212	-31,6138
-32,3121	-47,2771
-39,1935	-47,9321
-31,3945	-32,6626
-33,6884	-53,0442
-23,6613	-50,2916
-27,2657	-38,2332
-16,2558	-53,3719
-24,7098	-38,2987
-20,3845	-55,7312
-24,7752	-47,4735
-12,1270	-29,9101
-11,9956	-50,8815
-5,9009	-44,4588
8,0585	-30,3689
10,3523	-56,9765
21,6903	-56,4521
21,5593	-60,2534
35,1255	-63,0714
30,4724	-49,3089
33,8804	-56,3211
30,0138	-44,3277
33,4871	-19,5552
35,3877	-20,1447
41,6790	-6,0542
33,0940	3,1208
41,8102	-0,4836
34,1426	17,8009
38,1401	1,2858
39,1887	6,5944
22,2802	10,8539
31,9142	-7,8892
19,0033	-0,0903
19,0035	4,3660
12,0565	0,7615
18,1513	10,0021
-8,9807	-3,8915
-0,3957	-2,0562
-21,7606	18,0630
-31,5913	-0,5491
-49,1550	7,3809
-49,8761	15,7038
-65,2771	-8,3479
-71,5688	4,1040
-81,5302	-4,0883
-87,5600	-6,0542
-110,2354	-6,3823
-125,7677	-33,1865
-126,0301	-47,7355
-150,8030	-44,9179
-158,6673	-81,1595
-174,5273	-91,6454
-180,4913	-113,1416
-198,4482	-136,6037
-188,4215	-147,4176
-209,9828	-180,1859
-202,6429	-188,2469
-204,1501	-196,0463
-207,1651	-235,6958
-218,5025	-253,2594
-224,0734	-261,3210
-230,4303	-288,9119
-231,1515	-301,2987
-228,2678	-348,3539
-238,0983	-368,9977
-221,5174	-363,1657
-222,5660	-402,6842
-200,6768	-409,3032
-202,5118	-406,8132
-182,1298	-429,4232
-184,5546	-420,3792
-164,8937	-430,5376
-155,7184	-435,9114
-145,8225	-425,0982
-137,8266	-450,5918
-114,6924	-449,2808
-112,5293	-436,2394
-94,0481	-441,9410
-83,6277	-431,0617
-81,5960	-413,1704
-67,4399	-402,0290
-62,9833	-378,5670
-28,9044	-380,0084
-27,6592	-365,0003
-6,4251	-337,4753
1,9637	-342,1937
26,9331	-320,6319
33,4870	-297,5632
38,7955	-285,7663
39,2544	-240,4807
46,9221	-238,3177
45,0217	-214,0687
51,5751	-176,5821
49,5437	-179,0065
46,2667	-139,8810
53,0827	-114,5186
51,8372	-105,0154
46,3323	-79,3904
34,1425	-73,7541
34,9945	-56,8454
20,0522	-32,3351
26,6712	-52,4544
15,5301	-35,8079
27,2608	-19,2931
10,3526	-25,3222
11,0734	-7,7583
-2,6237	1,8100
-4,2623	10,7232
-16,5831	33,3987
-19,7290	24,0273
-11,6679	39,2974
-16,2557	47,5548
-19,5323	37,0036
-24,1200	40,9359
-20,3844	38,0522
-37,4895	37,5279
-36,1131	39,7559
-35,9822	22,9788
-36,9653	23,1099
-48,1719	33,2021
-41,2252	14,3277
-46,0092	1,7449
-42,0773	2,5311
-57,8714	-1,7944
-61,4104	-5,9889
-59,9685	-23,6836
-58,5926	-25,2564
-53,0874	-14,9675
-61,1484	-39,9368
-49,2206	-38,1017
-55,5777	-29,5168
-42,7325	-41,0511
-47,9754	-36,7912
-25,6275	-45,9662
-26,2172	-36,0046
-14,9449	-25,9780
-4,3935	-55,9277
-6,9494	-47,2113
-11,7987	-36,6604
4,7817	-53,9618
2,3570	-52,1267
0,1942	-47,4083
10,7456	-56,7797
0,5219	-32,4004
17,8237	-44,1969
14,6123	-37,0531
28,6372	-19,6863
23,1321	-29,2543
29,6859	-16,7368
20,3797	-10,9697
33,2248	-9,7244
17,4306	0,3026
26,9987	-10,0520
12,1221	3,7108
17,1682	13,7375
1,8328	5,2836
1,7016	16,5560
3,8643	22,5197
0,2596	19,3742
-0,9852	24,8792
6,0924	13,8037
11,6632	18,1946
9,0416	23,6993
14,5468	0,4996
10,5491	11,2477
14,9400	20,6845
6,8791	10,7233
17,8891	26,2553
7,4689	20,6192
8,0586	24,2894
-3,9999	40,1489
-1,4442	18,1290
-8,3910	19,1123
-11,3403	37,5931
-11,9956	16,6872
-18,2217	20,5539
-15,3379	25,2724
-21,4329	19,5708
-10,8816	29,0079
-16,7799	14,9832
-10,5538	12,5585
-14,0928	24,3547
-2,8861	8,7571
-18,8113	3,1211
-6,4906	10,3298
-17,5006	-2,3842
-4,3935	5,8734
-17,5006	1,7446
-15,1413	-4,1535
-17,0418	12,4925
-13,4376	-5,4644
-13,0443	-5,2021
-24,3166	4,1694
-19,5979	-8,6757
-26,0205	-0,0904
-13,1754	-12,7390
-27,7244	-7,8892
-1,7721	3,6448
-13,3064	-10,7731
-8,8499	-10,8383
-6,2283	10,5917
2,0946	-4,6125
-9,1119	0,6960
0,2596	-3,5639
-11,8645	-9,9863
-7,7359	-0,1562
-14,8137	-16,8024
-19,3358	-13,1321
-20,0565	2,6618
-7,8670	-9,3312
-12,1924	0,8272
-19,1391	13,8687
-3,6726	8,7571
-9,2431	14,6554
-3,5415	12,1650
-7,2769	17,2114
0,2596	23,6991
-12,3232	2,5312
1,3083	13,3446
2,8156	5,1525
11,2697	2,2690
6,9447	15,1795
18,4789	-0,2869
29,2927	7,7087
27,5230	21,5365
27,8510	-0,8768
24,5085	1,2859
21,8215	0,6303
2,7504	-7,6927
9,3695	-3,4983
-4,1311	-1,8599
8,5172	6,2011
-11,2746	19,2427
10,4834	2,2034
1,3739	3,1866
4,9784	14,4585
5,0441	-9,0689
11,7287	0,6961
10,8769	-0,6149
7,6655	-10,2484
9,2385	16,4902
0,9153	-1,3356
8,5831	1,0895
5,5028	20,8153
11,4011	-7,1684
11,0079	-7,2338
19,7897	-10,6418
9,9593	-7,6927
18,6101	2,2686
11,4668	-18,1130
27,4574	-12,3456
18,1513	9,4121
17,9547	-7,2340
8,9763	-2,4496
9,5005	-0,4182
8,5830	-9,1999
6,6168	-2,1876
12,5807	-9,9209
2,4881	-7,6926
11,0079	-0,3528
2,0293	-17,7197
13,0393	-7,6925
-7,4735	6,1352
8,7795	-8,1515
-1,8373	-9,1999
12,9082	-7,1028
-0,0678	-1,7943
7,5343	15,0481
3,6022	-12,5424
4,8473	-1,5321
1,0463	5,6110
8,7139	-14,7705
4,2575	-7,8892
-1,3785	-2,3843
12,7773	-12,2800
7,4033	0,8926
6,3548	-7,0373
4,9129	-5,4642
1,3086	11,2472
0,9153	-4,5470
8,7795	4,3006
-5,3763	5,7421
5,4370	1,8758
0,2597	10,3953
4,4540	-1,2044
5,3718	4,3009
13,7603	26,8449
11,3356	3,9075
6,4858	2,0070
5,3718	15,0485
-0,3957	5,3491
-10,0293	3,3831
-10,8814	3,7762
-6,1629	12,2305
-19,3356	16,2281
2,2257	-0,6801
-10,0952	-1,9251
-10,0294	7,7738
-4,8521	-6,7096
1,7013	-7,2337
-7,4735	-1,0080
-8,1945	-5,2676
-2,3617	6,1354
-6,8183	-17,9162
-1,7063	-20,9308
-11,9300	-6,7754
0,1287	-25,9775
-4,9832	-20,3412
0,1287	-14,0499
-7,1459	-17,0645
-7,0803	-4,7437
-23,0055	-18,8994
-9,5708	-18,9648
-14,2239	-8,2827
2,7499	-18,4407
-11,4713	-17,4575
0,7186	-2,6465
7,4033	-3,9573
12,1872	-2,3843
3,6679	0,3683
12,7772	-2,3840
13,8259	17,2110
9,1728	-8,4791
11,1390	-1,4665
-0,9853	11,7058
6,4203	-5,2023
-6,0317	8,6259
-3,0170	13,9998
-11,2746	0,7617
-1,7064	13,3446
-10,4227	1,1550
-2,3619	13,9347
-14,2239	25,5998
-12,7166	12,6894
-18,4181	20,0295
-13,3720	20,9469
-1,5755	10,0680
-12,5201	23,3717
-4,7866	5,2182
-4,0003	4,8907
2,3570	19,9636
5,7649	-5,5955
10,9421	-5,3330
-6,7524	14,7206
10,5490	-3,3671
-6,4248	14,1310
13,4325	9,6089
-0,4610	6,0047
9,4349	16,3590
6,6825	-9,7242
16,6438	-3,6293
5,7650	2,0721
7,9931	-8,3480
11,5977	-1,1390
-6,6871	-10,9041
3,0779	-13,0010
-10,6849	-0,0251
-5,8351	-17,5887
-17,2385	-11,8869
-4,1968	5,4143
-22,2848	-10,2486
-9,8984	-0,2870
-17,1073	4,4970
-1,9687	2,5965
-9,1775	1,4825
-6,8839	-0,2214
-15,5345	2,8589
-11,3404	13,9343
-21,6294	-0,0902
-22,9402	14,3934
-16,9109	21,7332
-26,0860	14,8520
-16,9765	28,8111
-26,4793	15,9006
-19,4013	12,8206
-20,9741	27,1727
-5,1144	12,9515
-18,6802	17,6047
7,9274	32,1534
2,2914	17,1458
9,3693	27,5660
9,6971	10,0023
11,9252	14,2623
8,1243	15,7038
8,4519	-10,7071
15,9886	-3,6292
6,1582	-3,3020
9,0419	-19,1615
4,7164	-5,8578
8,6485	-21,9141
-9,4396	-8,7413
-3,8690	1,0234
-9,7675	-6,3165
-6,5561	0,4339
-11,4713	9,6088
-5,5732	-5,7265
-15,7311	-6,5128
-6,2285	-2,7120
-18,8112	-11,1006
-9,2431	-3,8917
-8,3255	-7,3651
-15,9278	-2,4497
-11,2746	11,1817
-11,9301	-0,5492
-9,0465	6,9876
-12,3889	12,7546
-16,6486	6,9220
-9,4396	10,6576
-0,0680	-3,1050
-8,7187	-3,4981
-2,3617	8,2981
-3,3447	-17,1300
2,0947	-20,2100
-1,9028	-6,1856
8,1240	-17,9165
5,6337	-5,0713
1,3084	-10,9697
11,3355	-10,4451
7,0099	1,7444
5,3717	-19,0960
-5,7697	-4,5468
-7,9978	0,3026
-16,6487	-9,9864
-3,9347	-7,3648
-12,0612	2,2688
-1,6410	-3,3672
-14,4860	11,9027
-4,9832	-1,6632
-16,6486	6,9878
-4,7867	23,5026
-12,1922	8,4293
-13,1098	4,2352
-13,1753	15,2452
-19,7291	10,9197
-22,0882	12,2304
-22,5472	-1,2043
-14,2240	8,1018
-16,4523	19,5048
-12,7820	5,0214
-19,6634	12,0340
-10,3572	28,2212
-13,3065	16,4249
-5,4421	19,6363
-12,0610	14,5899
10,4833	16,4250
3,2090	19,4393
12,1875	-4,0881
4,0611	-5,5298
-0,8544	9,8053
3,4711	-10,4452
-3,4104	0,1063
-6,7526	1,0891
-15,0758	-4,1536
-1,2476	1,0892
-11,7991	-9,5277
-8,6531	-9,4620
-0,1334	0,9578
7,3376	-21,6519
-8,2597	-9,2000
11,8597	-15,4261
-6,1628	-19,2271
-7,7356	-7,6928
-11,2090	-23,6182
-10,9471	-22,3727
-24,6441	-0,8116
-20,5811	-22,8972
-26,8725	-7,8891
-33,7539	4,9557
-14,3550	1,1548
-20,1222	16,5558
5,1749	6,3323
-0,6578	9,5437
13,8258	14,7208
0,3910	-3,4326
14,0225	0,7618
-1,4440	10,1987
5,0440	-4,7434
-4,8519	-1,7286
8,5828	7,5774
-0,8542	1,2860
5,8304	20,7502
6,4203	8,0362
-0,3301	17,2115
1,1118	16,4248
-8,9809	6,1357
-3,0171	9,2159
-21,2362	1,4170
-1,9686	0,6307
-22,7436	10,8540
-4,3280	-17,7852
-13,6340	-10,0518
-10,4883	-0,7461
-9,3741	-17,2611
-0,5269	-12,0180
-10,2261	1,6788
-7,9980	-15,0983
-2,2961	-9,5276
-1,7065	-7,8894
-4,9831	-3,6948
-18,0248	16,4244
-7,3425	-8,5446
-23,7267	-5,7918
-15,2069	11,7060
-18,2217	-2,7119
-3,4104	-2,5807
-7,2771	-10,9695
-6,7527	-9,9209
-7,4734	5,5454
6,5511	-15,0329
-3,3448	-11,9523
4,5194	5,8731
4,3229	-10,6418
-4,9832	-5,4642
-1,5095	-0,8768
4,3885	0,8271
-2,0994	7,3152
-5,4418	-6,9717
6,8789	-2,3841
-13,2407	13,3443
-5,5073	-6,6441
-13,6995	2,7278
5,2404	11,6405
-12,1267	2,6622
-4,1967	19,6360
-1,1164	7,1186
12,2528	7,3809
13,3017	11,3784
26,0156	-7,4960
28,7683	-10,1828
26,0157	2,7275
28,3753	-11,8215
21,2315	-11,4281
15,5300	-10,5108
8,0588	-9,0690
10,0247	2,4653
-1,9684	-9,9865
0,8497	-6,2507
-0,3955	8,4947
11,4664	4,8903
2,1604	6,2011
13,8258	8,7570
0,1944	7,1187
5,1095	22,8473
-7,3422	5,3492
2,4879	8,8884
1,3082	27,6314
-11,0127	11,5095
-11,5367	10,0025
-7,9324	20,1604
-2,0996	10,6577
-8,7843	9,3469
-11,5367	-2,0563
-15,8622	4,2351
-4,8523	10,9851
-20,2533	-3,5638
-15,1414	1,9413
-17,3696	4,5625
-6,8183	-12,8045
-15,7967	-13,5911
-6,6872	-20,0137
-6,2939	-24,8632
-1,3133	-9,2004
-3,1482	-29,1232
-6,2285	-14,9016
-2,2308	5,7419
-19,4668	-19,2927
-16,3866	-2,9085
-22,0228	-12,8047
-12,9132	-12,9354
-19,0082	5,7420
-10,2263	-9,3967
-25,6927	-0,4180
-4,5245	10,4608
-6,7528	-7,1027
-3,4760	2,3345
-13,6340	6,9218
-15,8623	0,3684
-24,9062	6,3321
-27,5934	-8,6100
-24,9719	-1,2043
-29,6251	15,7693
-18,0906	1,3514
-22,9404	6,9221
-4,3279	7,2495
-13,2409	-4,0226
-6,4250	1,0236
-13,8307	-5,7921
-10,4228	-5,5954
-17,8283	17,5387
-12,1922	-1,7288
-12,5198	4,5630
-4,5901	16,3591
-7,0148	4,5628
-10,3573	11,9684
-5,7695	8,5604
-9,1121	11,3785
-11,9955	23,7647
-16,6487	4,6938
-3,8036	9,6093
-7,6703	18,5874
-7,6045	2,9243
1,3084	12,5582
6,4857	-1,6633
-4,2621	-0,4836
14,1534	1,9411
-3,6723	-10,1175
1,1773	-4,5467
-4,0000	14,3274
-6,2939	-1,9255
-11,0125	0,8272
-15,9934	-3,5638
-17,8284	-2,2530
-28,1177	6,4631
-20,0565	-4,4159
-13,5688	-7,5613
-18,1561	14,7205
-14,4860	-10,3798
0,0631	-10,5760
-8,2600	9,2155
3,9298	-3,8917
1,1118	-0,0905
8,9104	-5,2022
-3,4758	0,6306
0,5218	17,2110
-6,8837	-2,4497
1,3738	11,8375
4,9784	29,0076
3,0778	11,0510
8,7797	24,0926
6,9445	7,5775
8,3209	15,9662
-0,3301	18,1942
5,8303	-2,5151
-6,0319	3,1867
-5,5732	19,7014
-27,4622	-0,3525
-18,3527	8,7570
-22,1539	2,9897
-14,2241	-1,2700
-15,0103	5,2179
-3,4761	-11,8214
-7,0148	-12,1489
-1,7064	4,2347
2,1604	-15,0329
1,7016	-10,9040
13,9570	-7,1032
12,5806	-22,7661
12,7118	-8,6759
1,3084	-20,0137
6,2892	-19,8168
-16,9107	-0,4185
0,2596	-17,5232
-18,5493	-18,7682
-13,2409	-2,1224
-18,0904	-15,8192
-9,5053	0,1061
-8,5221	-1,5324
-2,3619	-4,4812
-3,6069	10,0676
-5,5731	-3,3017
-8,3255	1,8757
-18,0904	10,2640
-3,4103	-7,1029
-11,3404	-3,3671
-8,9153	0,1716
-9,5052	-7,5615
1,5704	10,0675
-9,1775	-12,1492
-0,2647	-7,5612
-17,3696	14,3928
-13,7652	-12,2803
-17,0420	-12,0179
-8,8501	-0,1562
-16,1244	-12,2802
-4,5245	-1,5324
-2,3616	-14,6396
1,5049	-10,9694
10,2214	0,6957
8,5829	-19,4893
9,3039	-13,2632
5,6992	-2,7776
7,0100	-7,1029
-8,8496	1,6789
4,0610	-8,4791
-5,5074	-3,6949
-2,8206	0,0404
-20,4498	-20,6689
-10,7506	-16,9332
-14,4861	3,9725
-2,8207	-14,3775
-4,3934	-4,5469
-5,3110	-4,4814
-2,6238	-0,4182
-5,7697	-3,8261
-2,4929	-15,6224
-24,4475	-8,4135
-9,1776	7,5771
-24,3165	-8,6102
-4,4590	-3,7604
-15,0104	8,6914
-1,4443	7,5774
-9,4396	14,7209
0,5873	8,4293
-6,8181	6,1356
0,5873	10,0020
0,1943	-11,1007
6,9445	-15,2293
6,3548	-15,4263
11,0733	-28,8610
11,4667	-19,7515
1,5705	-22,2418
5,7649	-15,1637
-7,0147	2,4653
3,8644	-11,6249
3,1434	-10,6417
7,0102	-1,7946
1,2431	-14,4430
19,4619	-9,5932
2,2260	-6,8409
8,1241	-9,5932
-2,6893	1,5479
-2,9517	-10,4452
-10,0293	-11,9524
-4,9178	-2,9742
-1,5754	-21,7832
-13,3719	-25,3221
0,3253	-23,8804
-4,4590	-31,3515
1,5706	-11,4940
-2,6238	-20,6036
16,3817	-13,9186
-3,7380	2,3342
4,3230	-13,0011
-9,8984	-2,0564
-5,1144	8,4947
-18,0904	-1,3356
-7,0150	6,9875
-13,9618	6,2011
-13,9618	19,2429
-4,9834	20,3569
-23,9235	6,0047
-15,7968	6,9223
-29,4941	18,9806
-20,3188	3,9729
-26,6104	9,2158
-13,4374	8,1016
-20,1878	1,1550
3,8641	17,5388
-8,2600	-0,0248
11,5975	-2,7116
5,1752	16,1625
17,8891	-1,6634
3,3402	-8,1514
5,7648	-7,0374
-9,1119	-12,6078
-5,5732	2,6618
-12,4543	-8,4792
-3,5416	-8,7410
2,4880	10,8540
5,0439	-4,4158
15,9230	-1,2699
6,4203	8,1671
13,1050	-12,4113
-3,0826	-6,8408
1,5050	-28,0745
-16,0588	-23,5523
-11,5369	1,6787
-6,6217	-15,9503
-2,3619	-6,9062
-0,3300	-4,2193
14,6777	-7,9549
10,8767	-3,1707
3,3400	-15,9503
1,1117	-12,4767
-10,6192	-0,2873
-4,9832	-17,1300
-13,6996	-13,7874
-5,7041	7,7082
-11,0780	-1,4012
7,4686	14,9831
-9,3086	17,6044
4,7163	12,2307
2,5536	18,1287
7,0756	-3,3017
8,0589	-6,2507
18,8067	3,3828
24,1152	-12,6081
18,5446	-17,5231
25,1639	-14,1809
23,0665	-9,3312
16,5131	-0,3528
9,2385	-14,7707
21,8214	-15,9500
1,1119	7,6427
16,2507	-11,1662
-4,3933	-11,4282
3,1435	-7,6273
-8,9808	-22,7661
4,3230	-13,7876
-4,1312	-13,4602
-6,0317	-19,8825
-6,8836	-2,2536
2,0292	-25,5187
-4,0657	-13,3943
-15,9277	2,2030
-6,4249	-9,6588
-24,3820	0,2372
-13,8963	-6,2508
-36,9650	-1,3355
-21,3674	19,6359
-29,6906	3,7763
-20,8431	9,1504
-22,8092	20,9467
-12,5200	13,0170
-20,9741	16,8836
-13,8306	16,8835
-15,6001	7,5120
-11,2748	18,4564
-8,0634	5,8080
-4,0657	8,2985
-3,4102	19,2427
-8,7187	-2,9739
-6,3593	7,3154
-19,7944	16,7523
-17,1074	4,8250
-26,2171	11,9029
-23,3333	5,3493
-22,0228	8,8883
-12,9131	9,4779
-19,9254	-4,4157
-7,6702	3,9730
-12,2577	10,5263
-3,8692	-11,3626
-10,4882	5,6769
-1,9030	-2,4498
3,0778	-10,4451
-0,5923	6,5941
1,3085	-10,4454
-5,9007	-10,3796
-5,5073	3,0550
-13,0442	-13,5254
-16,3210	-3,0394
-27,6589	4,9558
-25,6929	2,9243
-32,7054	10,2643
-27,0691	-3,8260
-23,5302	-3,4326
-12,5201	9,0191
-18,1560	-7,7582
3,4707	3,2521
-10,3570	12,4268
1,7671	-2,9739
2,4224	8,6916
-11,0125	-0,6802
-3,3446	0,5652
-9,0465	10,9850
-5,7041	-17,2610
-14,0272	-16,5401
-0,1336	-8,1517
-19,1390	-14,4431
-1,9684	-10,8387
-6,1629	-25,4531
-0,0679	-10,9695
-7,7355	3,0550
6,4857	-9,5934
2,4881	-16,1467
4,0608	0,8269
-2,4927	-12,6736
-8,5221	-16,2124
-7,2114	-17,9821
-17,7629	-22,5039
-11,0127	-10,2489
-28,3145	-34,7593
-23,0713	-28,6643
-33,1640	-14,0502
-17,9595	-34,1696
-23,3335	-29,4508
-11,4715	-25,4534
-26,8723	-28,2712
-10,5539	-13,6568
-14,6826	-29,7129
-6,0320	-17,1298
-12,7164	8,7568
-1,1166	-3,8260
-5,1797	2,5967
-1,5753	0,9581
-8,3909	-4,0880
-7,8668	5,4144
-0,0679	-9,5276
-11,1435	0,6306
5,8304	10,1330
4,1264	-6,4474
11,9909	-9,3964
6,3548	0,6960
21,5592	-3,8917
12,1222	-3,6951
32,0450	-15,6226
17,9550	-16,1469
34,7320	-8,9381
18,4136	-21,8488
19,0688	-21,3898
12,6464	-7,1686
4,8473	-20,9966
0,9808	-5,2022
-1,5098	-8,8723
0,1286	-0,6147
-15,4690	3,1861
0,3908	-13,1322
-14,6171	-5,7264
-9,7672	3,9072
-19,0080	-1,1390
-11,6679	10,1990
-21,6950	15,1141
-20,6467	11,3787
-33,0328	13,4756
-25,1032	-1,2700
-31,7221	-1,4010
-19,4669	-1,9256
-9,8330	-16,9989
-10,6196	-14,9673
-2,0340	-5,5302
-8,1944	-8,7414
12,6463	-4,8093
9,8937	-21,9141
24,0497	-5,9886
12,1876	0,4991
26,9333	-27,0259
13,9571	-20,5377
24,2461	-6,8409
-0,1987	-16,6058
6,1582	-10,1176
4,7818	-9,0690
-1,9685	1,4170
-0,5921	19,5048
-2,5584	4,4972
-2,8203	1,6139
-7,4735	21,0777
-0,7232	1,3514
-17,3040	-4,8089
2,8812	4,2349
-16,9110	-2,3843
-10,2260	2,5965
-14,7480	-6,4476
-4,7210	-15,5569
-6,7526	-4,0884
0,5218	-17,6543
-10,7503	-18,2440
-3,2793	-0,6151
-6,0317	-10,0521
0,7838	-1,1390
-9,8329	-4,9403
-17,8939	-6,5129
-20,6464	9,1500
-25,2995	-8,6756
-13,6341	7,6431
-27,5933	26,5172
-12,0611	8,2982
-19,4667	5,1527
-1,1822	1,6791
-18,6148	-6,9061
-10,6848	1,9410
-17,2385	-9,2000
-7,0805	-8,1514
-20,5810	6,7251
-23,9889	-5,0058
-27,3967	-7,4304
-15,9281	3,1209
-11,2748	-4,4813
-11,4714	5,0869
8,4519	-10,5107
0,7185	-9,1343
17,9548	1,6788
0,8496	-24,5357
6,0926	-18,1785
-15,1411	-21,1278
-6,8838	-23,5525
-17,2385	-12,8703
-8,9155	-26,8949
-12,9787	-13,7875
-11,2093	2,5963
-14,6170	-6,9720
-6,8840	-6,2508
-11,3403	0,4993
-16,4522	-5,5300
-11,0781	3,3830
-13,6996	0,1060
-1,4442	10,3955
-6,9492	16,9489
10,0903	1,4825
0,0633	7,2499
7,2722	25,7308
-8,2597	14,1966
4,0610	19,0463
-4,1966	12,4928
6,3546	11,3131
-5,1141	16,8180
0,7839	-3,6292
-14,2892	-1,7286
-13,3063	10,5264
-5,0487	-11,0349
-0,0682	-13,2631
-8,3255	-13,7876
-1,6408	-15,2949
-0,1335	-7,6274
-9,8985	-25,4532
-5,7040	-21,5863
-18,0905	7,2494
-11,6680	-6,5787
-19,9256	-0,8767
-17,5008	5,9388
-15,4691	-7,0372
-13,8963	10,0022
-7,4080	-1,1390
7,7961	3,9730
-0,0024	23,0438
6,3546	2,0723
6,9447	6,8568
3,2091	20,1602
13,3672	1,1549
5,8304	5,6114
0,1289	4,6282
-5,9661	-1,9254
3,0123	5,7423
-11,4057	-5,6610
-0,0680	-2,0563
-14,8135	20,8810
-1,7719	-1,9255
-11,6022	1,3515
-3,7381	2,6621
-22,5469	0,8926
-26,2172	11,5094
-35,5232	2,7931
-32,0502	3,3177
-32,1155	14,0654
-24,1856	0,9584
-14,8137	12,1651
-8,7844	17,2112
1,3738	8,0362
-14,1582	25,9275
-5,1142	11,9027
-14,0928	18,5222
-17,1076	37,1998
-23,7266	21,2746
-17,3698	18,9811
-22,9402	27,8282
-6,6218	13,3447
-1,4443	6,9878
1,4392	3,5142
8,9107	-5,1364
5,0439	2,8587
9,8939	-9,9864
6,4202	-9,3309
8,9108	6,9218
9,4349	-5,2024
14,0225	-7,7582
1,5051	-0,8771
13,2360	-26,3705
0,5877	-3,6950
13,1049	-15,8192
-3,3444	-9,6586
4,5196	10,1986
0,4565	-4,6125
-2,5583	-1,2699
-3,1480	3,4485
0,1285	-4,8090
-7,6700	11,8372
-11,0125	-0,8768
-7,4735	19,3741
-15,0104	38,1172
-13,4374	17,7357
-26,4791	24,0930
-3,2139	27,1728
-21,6295	-4,3500
-4,0659	1,7447
-19,2046	-11,2317
-15,1413	-12,6734
-10,4227	-3,1055
-3,8038	-19,8825
-16,3210	-6,9717
-8,0634	8,4946
-2,6894	-12,0181
-10,2261	-7,4304
-0,5921	-13,0668
-13,6340	-14,4429
5,1095	-6,5132
-3,6070	-19,6858
-0,5267	-4,8090
-3,8690	10,5918
3,9297	-3,0396
-10,7503	-1,3354
-1,5754	6,7254
-14,8792	6,7909
-12,4545	7,0531
-18,7459	0,6305
-22,6126	1,0237
-12,6510	5,6766
-8,3258	-11,6246
0,9151	-2,3841
2,8812	3,7106
18,8722	-7,2339
10,0903	-2,1220
16,7096	-4,4160
2,1605	-11,6902
2,2260	10,7883
-15,4032	-11,2970
-9,1121	1,0238
-24,5786	16,7523
-19,0737	2,0724
-27,1346	18,2599
-21,1055	14,0000
-29,4283	15,6386
-25,3652	34,1195
-17,6319	2,5314
-13,4377	14,7213
-8,8500	29,8595
-12,6510	2,1380
-1,3785	2,5312
0,9151	-4,6124
11,4666	-5,3334
2,9468	-6,6442
9,6972	-16,8679
1,1120	-16,0811
14,9400	7,6427
-1,1820	-5,3989
6,4201	0,0409
-13,6994	12,7546
-16,6487	2,8587
-24,6440	-1,3355
-21,8919	-9,0687
-23,3336	-5,3987
-24,6444	-1,2047
-21,4329	-16,7367
-20,9087	-20,0790
-10,4229	-12,6735
-24,7096	-16,0814
-7,6703	-1,5324
-23,8576	-7,3650
-5,4420	-0,0903
-10,2260	13,4099
6,7477	-8,4790
-7,2113	2,0070
6,4202	8,8880
5,8960	2,3344
11,9252	-4,4812
3,0125	7,1186
6,8789	1,7447
3,6022	19,4393
2,5536	-1,1389
5,6339	5,3494
-0,7888	19,9636
7,2721	-1,2044
-6,7526	4,1697
2,7501	4,1039
-9,1119	-2,9083
8,7794	6,0044
-3,4102	-19,2926
0,3252	-15,0980
-2,8203	-1,4015
1,1771	-22,3729
-4,9830	-15,2292
5,0438	-5,0715
0,5220	-9,0690
4,2575	0,4337
2,1605	-5,3334
-0,9198	-4,8090
10,2212	10,1332
-4,9831	-0,6802
-3,7379	2,7934
-7,6702	14,3275
-11,2747	0,4996
-12,6509	11,3786
-4,0003	5,1526
-9,7018	5,2182
9,1070	18,2597
2,4225	-6,1198
4,1918	-12,0178
-4,7208	3,3827
-1,3131	-20,6690
-5,3108	-15,8192
-12,5199	-6,5790
-14,7480	-20,5381
-14,1583	-9,3969
1,4393	-22,8972
-16,3864	-11,2971
10,9423	-2,1879
3,9954	-11,9526
19,7240	-6,4474
1,5051	-4,9403
3,3401	-11,9525
-4,9831	-2,7774
-7,2771	-5,2678
-18,9424	-5,6609
-16,3867	11,9026
-14,0273	-10,5107
-24,5132	0,1064
-14,0928	5,2179
-14,8793	-12,4770
-10,0297	-14,7051
-16,9764	-20,4068
-5,5077	-13,8529
-19,8599	3,0551
0,9806	-5,0713
1,1772	-3,9570
5,1095	10,3298
9,3695	-4,0227
13,3014	-8,8722
3,8645	-2,2533
5,5682	-16,1468
8,4520	-9,0035
3,2089	-18,6373
7,7310	-10,9693
4,5196	18,3905
9,4349	-12,6734
-2,0340	-5,4641
-0,8543	8,9534
-11,1436	1,1548
-12,7165	13,5410
-25,7583	1,7446
-22,4161	10,0680
-26,8724	33,7917
-9,2433	8,5605
-14,8792	8,2984
-1,9687	12,0993
-12,0610	2,2034
-5,7042	7,2495
-11,6023	-9,9209
-5,2454	-2,1219
-3,2793	30,3838
-10,6194	1,5481
-8,7842	12,2307
-15,5347	24,2891
-14,4205	16,9492
-25,1685	15,3109
-12,2578	7,8397
-17,0420	5,6769
-5,5076	11,0507
-9,0464	-14,0496
1,9635	-4,0880
-13,5683	12,3612
0,7182	-1,5322
-16,1244	14,5900
-11,0782	29,2699
-20,0566	22,5199
-20,1221	33,2678
-9,7018	10,9200
-15,8623	14,1314
3,2087	19,7015
-22,6779	-2,2531
0,3908	-9,2654
-14,0927	-8,4792
2,6844	-20,6690
-16,0587	-16,6059
-2,3618	-31,1549
-5,7040	-34,8902
7,6651	-18,8997
-5,1141	-33,9730
-1,8374	-20,4069
-0,9852	-14,2467
-2,6894	-13,3290
7,9932	-4,4814
-0,2646	-0,4182
0,2599	-3,2360
-3,6723	14,0654
9,4349	-8,5445
-9,9639	9,0192
2,2914	16,8177
-7,7357	0,5649
-0,5269	1,2859
-14,2894	11,5095
-11,0127	6,8565
-12,5854	20,8812
-6,3597	10,0022
-10,4227	12,8862
1,1771	32,1536
0,5219	18,3911
-9,8327	29,9910
3,6676	30,3186
-5,6386	19,0466
-0,0679	23,8961
-5,8352	11,5752
9,2383	14,5899
6,7480	19,4393
24,0496	-8,5445
15,5955	0,1064
27,5231	20,3567
17,8238	4,4315
24,8360	7,9707
7,6002	5,4802
10,6802	0,3031
8,9763	25,1410
3,2089	5,5457
-0,9198	5,2838
-0,4613	12,6236
-2,0340	2,0724
-8,1945	6,0701
-6,4250	13,7378
-10,5538	13,8689
-4,1968	32,0224
-14,0927	18,2599
-8,0635	13,1484
-18,6148	33,9231
-16,7143	18,3910
-20,9085	15,1144
-15,4037	19,7018
-16,7798	16,8837
-10,6196	30,4496
1,7670	18,9808
-0,0681	25,7312
-2,3615	27,4348
1,7015	4,9561
4,9129	4,8908
-7,5391	19,4394
6,8134	11,2474
-3,9345	17,2766
22,3455	2,2036
4,4543	15,5730
24,1806	20,1601
15,3989	-9,0033
23,5907	-5,7918
8,3210	7,9703
6,9445	-10,7073
4,1265	4,1040
-6,9492	2,8588
0,9808	4,0386
-3,2138	16,5557
0,7186	-0,5492
-11,1436	-12,0178
-4,5899	5,9388
-23,3989	-15,3604
-10,6194	-6,0542
-25,3652	-11,1005
-16,5178	-2,7119
-28,9696	3,9071
-19,8602	-12,9355
-24,7753	-6,9060
-26,6105	6,6596
-36,1131	-14,5084
-27,3970	-10,6416
-26,1517	-1,4012
-27,6590	-7,0372
-15,0103	7,7738
-12,7821	-11,1006
0,3908	-4,2192
-6,3594	-2,3189
4,9130	-30,3028
-6,0972	-23,6835
6,6169	-14,0500
-7,8668	-20,6691
-5,4420	-14,1153
-18,8768	-16,2125
-5,5732	-9,3310
-9,6363	7,5116
-7,4080	-15,5569
-1,9683	-5,6609
10,2866	-1,4013
1,1118	-6,5786
-2,2305	-8,0859
5,5028	-5,1369
-2,3617	-6,6442
7,6655	-3,3675
5,0439	-20,8655
7,2067	-9,4621
1,3085	8,9532
15,3987	-16,4744
-1,9029	1,0239
-1,7063	7,7083
-6,0317	-3,8259
-5,0489	10,7887
-16,1900	-10,1174
-14,0929	4,6286
-12,8476	24,0268
-16,9764	-0,3525
1,0461	5,8738
-10,0297	16,1625
0,3252	8,7570
-11,9957	16,8180
0,0631	4,0385
0,8495	11,6408
18,2822	23,3060
7,5344	-5,8574
25,5570	-1,7941
21,7559	8,8225
22,6079	-0,8112
9,1731	12,8203
26,6709	4,6282
6,5514	5,0872
-0,7232	13,4755
2,4881	-9,3965
-8,3255	-8,9376
-0,1989	12,6890
-8,9153	-6,3820
3,1435	0,5650
-3,1481	-5,3333
11,5975	7,5774
-4,7865	18,4562
6,6823	-1,8598
-4,9175	7,9707
5,7647	11,9681
-9,0462	-1,4010
-0,0680	-0,8111
-14,2893	6,9875
-8,5879	9,8711
-17,9595	4,0384
-25,7586	-10,0518
-28,8386	-8,5444
-38,2105	2,6619
-27,7901	-20,6688
-32,9676	-6,4473
-26,7415	9,8709
-27,0037	1,3513
-13,8308	9,8057
-17,5008	10,0678
-4,9834	6,4634
-16,8452	16,5559
-1,3132	1,1549
-8,1945	15,1143
0,7184	28,6800
-6,6215	12,9514
-4,8521	15,8352
3,9954	18,7843
-10,0951	14,7866
3,0124	20,6846
0,8496	1,8103
16,1852	5,0217
11,9909	23,0438
30,2101	5,3491
13,3672	14,9831
26,0158	19,1117
7,2068	1,6137
10,8767	7,7740
4,5853	-5,3988
0,3908	2,1380
-11,7334	17,6042
-1,5099	-1,3355
-18,2217	14,0657
-17,0421	26,9760
-10,2262	9,6092
-7,8014	18,9153
6,6167	13,7378
-0,5922	6,4635
9,8281	12,5581
-7,3425	0,2375
1,2428	11,4442
-17,4351	18,9806
-3,3449	4,5628
-14,2893	2,9899
-2,9517	0,2372
-10,1605	-9,0034
-11,8647	-7,6928
-20,9740	-17,2611
-8,7845	-14,9016
-13,6997	3,7106
-20,6465	-2,7774
-11,4714	7,7742
-17,3042	14,3931
-12,3889	16,2283
-20,6464	27,1071
-3,2793	5,7426
-14,7482	11,4444
-1,3131	27,1072
-11,9956	5,2183
-1,8374	17,2770
-7,7356	20,0948
8,9104	7,0532
-1,4442	16,1627
4,9129	-5,1366
10,5490	-2,6461
5,4372	11,7715
12,5807	-2,0564
3,0778	15,0487
3,6024	22,4540
7,4688	8,7572
7,9276	26,0587
-7,1458	11,3131
-2,4926	15,1142
-13,3063	21,0778
1,9637	1,5480
-12,0612	-0,4833
-0,2647	17,7354
-12,8476	-0,1559
-0,2647	10,9199
-5,1142	17,1456
-3,4104	6,7910
0,2598	16,6871
-7,5392	5,8079
1,8326	14,8522
-12,9787	26,2552
-5,5074	13,4102
-11,9957	13,6071
-9,3740	24,0926
-9,8329	12,1650
0,7840	18,1943
-8,6531	-1,4665
9,9590	1,5482
-4,4587	16,8834
9,8937	-3,9571
9,3695	-4,3500
14,2846	11,1161
9,6318	-10,1830
22,2144	-6,5784
8,3865	-0,2217
6,1582	-1,4012
13,1051	2,7275
0,7184	-9,0034
-0,2644	-10,0518
-10,2262	8,6913
-6,2285	-4,2849
-30,4769	-2,4497
-18,2217	-6,5787
-29,8217	-11,6247
-17,6975	-1,0736
-22,0228	-17,3265
-12,1925	-13,8530
-23,2679	7,1838
-11,6681	-1,3357
-17,5661	5,0870
1,8980	7,4462
-3,2793	6,7254
-13,7650	7,3153
2,4879	1,0239
-14,4205	1,5482
0,0631	13,9341
-6,2941	-10,4451
3,3399	-2,4495
-5,9008	1,8100
3,9297	-8,7412
-11,4056	-1,7944
3,2088	0,6304
-9,8983	2,9242
-1,3788	13,9998
-7,9978	-0,4181
-9,1121	4,2354
-13,7649	14,0654
-10,3573	4,1694
-16,4521	-1,0079
-18,6804	-10,5106
-17,3041	-8,4791
-15,2070	-0,9426
-3,7381	-15,2295
-17,4350	-7,4959
5,9614	3,3173
-3,6069	-5,3333
5,6994	2,5966
-1,5752	3,3830
1,1772	-0,8112
-17,9593	9,3468
-5,9665	4,1695
-27,4621	7,9052
-12,3890	17,4733
-9,8330	-2,3185
-10,1607	0,4997
-4,0000	9,4779
-7,2769	-3,2362
5,5684	-0,3526
3,4711	-6,8407
5,3717	2,9243
-0,7232	11,0506
4,4541	-9,5932
-5,2453	-6,7095
-1,5753	-3,3674
-6,7526	-14,8362
7,4031	-17,9820
-7,2112	-20,6689
3,2089	-16,7368
0,1943	-1,2049
-10,7504	-24,0113
-7,8012	-11,1659
-11,0127	10,9850
-4,5243	-7,4961
4,5194	-2,7117
3,7988	-2,9087
1,1773	-15,0326
8,1897	3,9070
-9,4395	-16,2780
4,5196	-6,5784
-10,9469	17,0143
-3,7379	-7,2338
-2,3618	-5,2021
-6,8182	-3,3673
-2,4927	-11,4284
4,9783	-7,6928
5,2407	-23,4870
3,7333	-19,3581
10,6803	-6,5789
13,1050	-25,1255
15,9231	-21,0621
2,7504	-5,2025
16,4474	-15,0329
0,6531	-2,7119
11,4666	-0,7459
0,9154	3,9074
17,1027	14,4585
18,2167	-5,3987
24,0495	14,7864
21,7560	9,0190
24,7049	-1,0733
16,8408	11,3129
9,4348	1,0892
2,7502	0,3684
-4,9177	16,8833
-11,1436	4,4315
-12,7166	-0,9421
-4,5899	25,0754
-13,1752	9,3468
4,3885	12,4273
-13,1096	16,8180
-1,2476	10,0679
-8,7843	15,3106
-5,9664	3,9073
-11,9302	1,6138
-18,1561	17,4732
-16,0588	-0,9425
-17,4353	-0,6145
-19,0078	-2,4497
-12,5201	-4,3502
-16,9764	13,9341
-24,8408	-7,8893
-13,4374	-3,1705
-16,8454	20,6189
-12,1266	5,4801
-14,0927	7,9709
-0,3301	31,3015
-6,9493	14,2622
0,2598	14,3934
-6,3594	3,3832
3,7331	9,4780
-8,9807	5,5456
1,1117	-2,9085
7,5344	-0,0248
5,3059	15,7037
11,3357	6,0699
17,1681	3,6452
21,5594	-4,0226
22,0179	-2,1219
20,2486	4,8901
8,1244	-17,4576
9,1729	-16,3433
-1,0509	2,8585
3,2089	-13,1978
2,2913	-1,6632
11,4662	10,2642
5,5683	6,2666
19,1341	17,8665
7,9933	0,7615
13,5637	-2,9738
2,3571	4,7590
2,9468	-20,6034
2,1603	-7,4305
-8,1290	2,1374
-5,1142	-10,7074
-5,3764	3,1862
8,2552	-9,1345
0,9151	-4,8744
20,7728	10,7884
7,9276	-6,7752
16,1197	0,1718
5,0441	10,0675
13,9569	-10,0519
2,8813	0,7616
-1,8374	2,7930
-10,0948	-0,2215
-5,1799	3,9727
-2,2307	-7,1029
-15,7311	-3,9569
-1,2474	12,2301
-0,5267	-4,6125
9,3039	-0,6146
0,5875	4,1038
11,6632	-1,4011
9,3694	1,3513
17,1026	-13,0667
-4,8518	-17,2609
7,0101	-13,1979
-2,3616	-25,3220
-1,9685	-18,8339
-9,1773	-6,2512
4,8472	-13,7876
1,2429	-4,8746
4,7816	-6,9063
-6,2937	-2,9085
-7,8013	10,1330
-11,7989	-9,9863
-12,5854	0,8929
-2,1651	15,7692
-8,7843	1,4825
-3,6069	6,7253
-14,9446	3,7106
0,0631	-7,2994
-9,4397	2,3998
0,8495	-10,7074
-3,4757	-11,6903
3,5366	3,1861
2,0294	-13,9188
11,8596	-16,6056
6,4203	-8,9380
1,7671	-6,7097
1,8984	-0,2873
1,3739	-16,2125
-2,2306	-11,6902
-14,2893	9,6086
-7,2115	-6,3165
-20,1877	-2,3842
-13,1753	4,2348
-14,8136	-11,4282
2,0946	-2,7775
-5,6385	-16,2780
-0,9199	-15,3602
3,0124	3,5138
8,5828	-16,8022
1,0464	-11,1004
9,9590	7,5771
1,1119	-10,4452
2,6190	2,2034
-0,8542	-3,6950
-4,7866	-4,8090
2,2259	3,0550
-0,9855	-22,1107
8,5172	-13,5252
-9,8326	7,1183
5,3716	-11,0350
-6,0317	7,1841
-4,2623	4,4970
-12,1266	0,5650
-15,4037	12,7545
-25,1686	-12,0181
-24,0546	-11,1659
-25,0375	6,2008
-21,2365	-16,4091
-16,9762	-11,5592
-4,6555	-3,1053
-4,5898	-15,7536
-3,6724	0,0406
1,8982	-17,2610
-12,0611	-8,6755
-0,4612	4,5624
-16,9107	-13,9842
2,2913	-2,3185
-6,0973	5,2178
0,8495	-2,1875
0,2598	9,2156
2,4880	-9,7898
-0,1987	2,7277
9,1727	15,8346
19,3310	-12,0834
15,0710	11,6407
13,3673	16,3590
14,2191	2,1379
14,0226	20,6846
4,3887	15,9003
9,6972	11,2476
7,7311	23,4372
10,8113	8,4295
8,3209	5,9392
2,0295	19,1772
5,8306	-1,0080
10,6800	-1,2699
-7,2112	5,0869
-0,5267	4,4317
-6,4250	16,8180
-17,7629	10,7231
-13,4374	4,1698
-16,9765	18,6530
-13,1097	3,5140
-15,3380	7,1843
-9,2430	5,8734
-15,0758	-0,7457
-8,1289	1,8756
-14,5515	-5,4644
-0,9200	-4,6123
-7,9322	11,3782
3,9953	-0,6148
-3,6722	6,0047
12,0564	20,2257
4,6509	13,6068
4,7818	17,6044
2,4881	6,8565
-5,0489	6,5290
-17,2384	14,9828
-11,2748	-4,2848
-14,6826	-7,8890
-13,8306	-2,6464
-4,3934	-19,8824
-14,4204	-7,1685
-3,5414	-11,2319
-9,4396	-16,0157
-5,7697	0,0405
-10,3572	-9,7243
-4,1313	-4,4812
-12,1266	7,3807
4,1918	0,0406
-2,6893	5,3490
-0,0680	3,3174
0,0632	6,9876
-8,1290	26,5173
-2,5583	6,1357
-6,5562	17,2771
-1,8374	28,4178
-8,9154	2,1380
5,3060	3,5144
-6,8181	21,2088
4,5197	4,4971
6,6168	2,4656
6,9444	-0,2871
-0,7887	-6,8406
8,5828	5,7421
-7,6044	-5,6612
-11,3402	-8,6100
-6,0317	11,5093
-7,4083	-11,1660
-1,2477	11,3130
-6,6871	1,6135
3,8643	0,9583
-2,3616	15,2450
8,4519	-3,6948
-3,3447	-4,6776
-0,3299	14,3275
-13,6338	2,4000
4,3885	4,5629
-6,4905	16,7525
-1,1821	12,3616
-4,4587	32,0224
-1,4443	7,3808
-5,1796	6,7913
4,3884	25,4031
-1,0509	-2,0564
0,0632	13,8691
7,8621	16,4246
-0,3300	4,8249
-1,9683	13,2790
-0,0024	-1,7943
5,8958	4,1696
2,2914	16,4900
10,1557	-5,3333
2,5536	10,0678
19,0031	15,0483
6,2892	0,4339
12,5805	9,4124
-0,1333	1,8757
4,5851	-0,9422
3,8643	13,1477
-0,0680	-10,3140
7,3377	8,8882
-0,8545	16,7522
1,7671	-2,3841
0,3908	1,7448
9,5659	3,7762
-0,5265	-1,5978
9,7627	3,5793
3,4712	-18,8340
8,2552	-8,8068
-2,4927	7,3148
9,6314	-18,3751
-1,1820	-8,7411
8,5172	4,4969
-6,4903	-14,3773
2,2258	1,8756
-2,9514	-17,4576
-3,5412	-14,3116
6,6169	-5,5955
5,9614	-15,3605
4,1920	-16,0158
1,1773	-6,8411
7,3378	-18,5063
2,6192	-9,9210
12,0563	-5,6612
4,0610	-7,6926
10,8766	9,6087
8,4520	-21,7173
14,3500	-13,9183
2,4228	12,2957
20,0517	-6,3165
13,4982	3,7763
3,0780	7,9050
8,3211	4,8904
-1,9028	11,7060
7,7311	-11,2316
-8,1945	-13,5907
-10,8157	3,0551
-11,7989	-11,4284
2,8811	-1,5978
-16,4521	-4,4160
0,1942	-4,8090
-8,1289	12,0992
-3,0826	2,4654
-3,7379	-4,4155
8,4517	11,9683
-3,7378	-3,1050
13,0392	4,6284
2,9469	11,9681
-0,1989	0,5651
12,5152	13,5413
8,3207	5,4147
10,8769	-0,4177
8,6486	18,1286
19,5933	-0,6146
14,0881	6,2669
23,9842	22,0608
16,8408	13,8688
35,3218	11,3131
10,9425	12,0339
13,1706	2,2691
13,6949	14,7862
0,0631	-3,6950
-3,0824	-5,4643
-0,0025	3,9071
-5,4418	-15,4261
4,1918	-15,4258
5,8304	-7,2340
-4,7211	-11,0352
-2,4271	-9,0036
-4,3278	-25,7808
2,7502	-21,7175
-1,1821	-13,9846
2,3569	-33,3831
-7,8011	-27,2226
2,6190	-21,9144
-4,1967	-19,9482
2,8155	-12,4115
-3,1480	-18,1786
7,6654	-8,1514
17,7581	5,0867
18,6755	-7,2995
24,3774	2,7933
9,1074	15,3104