30,2697	-5,7400
5,0387	-19,8958
26,2721	0,8136
19,2601	-9,6069
34,0053	-14,5874
37,4135	-17,1435
29,7453	-15,8327
34,6610	-16,6847
22,2744	-23,8281
34,7266	-26,1217
29,6799	-9,9345
29,2870	-25,2044
13,4927	-24,4832
36,4303	-6,4611
9,9538	-14,7842
33,9399	-16,2914
3,4003	-7,6406
23,1919	-18,6507
11,4612	-11,4415
35,7746	-1,0215
22,2743	-5,3469
14,8029	-2,0045
17,6870	-6,6576
19,1938	-7,7718
12,3128	-15,2428
-2,9572	-23,1071
21,1602	-12,8179
-12,1978	-8,4273
11,3298	-26,9739
-19,4066	-36,5420
18,6697	-21,5999
-19,9309	-23,5007
5,3005	-15,7675
-0,7286	-21,6004
27,0582	-37,1978
11,4610	-43,8825
21,8155	-38,2465
23,9129	-59,4802
23,2572	-51,1571
24,6995	-53,6477
19,5217	-66,1651
38,1341	-77,6992
1,4994	-65,4442
24,8306	-72,3911
0,9096	-77,7649
15,6555	-74,8159
-5,3161	-70,0976
17,4902	-80,7798
-3,4811	-80,7798
23,7159	-71,5393
-4,6609	-77,1100
12,9025	-81,8284
7,5287	-87,3989
-0,5325	-86,3503
14,2135	-81,1074
9,1012	-75,1438
10,2157	-80,3211
1,4337	-86,2193
22,9296	-73,8985
-12,1977	-83,1392
14,2791	-80,4519
-6,8236	-73,5708
22,0778	-60,9224
4,2521	-68,7868
25,0924	-71,5392
13,4273	-69,1142
32,7600	-61,7744
23,3232	-70,0320
22,0123	-80,7142
28,5661	-78,2237
26,5996	-81,1074
33,0881	-75,3402
15,9828	-67,4761
38,3965	-81,3696
14,8034	-77,4374
30,4011	-79,0104
16,9007	-84,7118
30,1388	-66,2966
10,7404	-85,4987
28,1725	-96,9673
13,5584	-87,2025
30,9904	-97,8851
8,6430	-98,2127
18,5386	-97,8852
20,7670	-105,3562
-1,7123	-96,5090
10,9367	-100,5725
5,1688	-117,9391
0,7128	-118,7911
-11,7392	-108,2398
-0,3357	-120,5607
-15,2126	-114,2692
3,2030	-118,5290
-27,9265	-114,9900
1,8923	-107,5191
-27,1401	-114,7281
-6,0376	-129,4734
-13,1808	-114,3348
-5,3822	-120,1020
3,1377	-134,2577
4,8412	-119,5122
9,7569	-136,5516
5,2346	-130,2600
20,7670	-134,1268
-2,1054	-143,8260
10,8712	-131,8331
-3,0226	-130,5880
30,2041	-128,5565
-2,8915	-135,8310
24,2404	-131,3090
12,6406	-142,9088
24,1092	-136,4208
8,7087	-120,4302
22,5364	-140,5498
13,3618	-153,9190
24,1747	-148,8727
20,7017	-149,3972
10,4121	-152,8051
20,3084	-148,4142
4,3172	-169,2547
13,0994	-164,4049
-11,2147	-154,0503
14,7376	-163,8154
-26,6812	-162,2423
7,5285	-159,1624
-24,9773	-164,8640
-7,6759	-172,2694
-8,1346	-172,3351
-1,4503	-171,6796
-18,3581	-175,9397
0,7124	-184,0658
-1,7121	-171,6142
-7,2830	-172,6628
1,8268	-181,6412
-6,4309	-178,3643
11,1985	-183,8694
-10,6908	-175,7430
5,8900	-184,7871
-14,5572	-189,2434
4,3172	-176,5296
-21,1762	-182,4281
2,5475	-191,4718
-28,2542	-190,0301
-7,7416	-182,6246
-22,6181	-188,5230
-13,5090	-195,5350
-15,8026	-187,9986
-31,7281	-193,3070
-16,1302	-204,9723
-31,5972	-193,1759
-25,8298	-202,6132
-45,8840	-198,1568
-32,0559	-200,9095
-66,2656	-213,8855
-33,8254	-214,7375
-71,4432	-212,3128
-58,6637	-225,7477
-83,3707	-224,4367
-63,7756	-222,0123
-80,4872	-222,7987
-76,7521	-227,1897
-88,1549	-231,7771
-78,5873	-234,9229
-82,7156	-223,5197
-85,4031	-232,9571
-81,7327	-254,4526
-91,5634	-242,3284
-74,3928	-241,4768
-104,0152	-248,8823
-77,8661	-256,8777
-101,8524	-265,4628
-73,6063	-262,9725
-107,5539	-251,2417
-76,4245	-260,4168
-92,2186	-252,7491
-79,3738	-249,9313
-97,4614	-252,1595
-100,8040	-267,3637
-91,0389	-269,2640
-95,3648	-255,1084
-88,5487	-259,4338
-104,0810	-276,6039
-88,5489	-253,8631
-116,1397	-261,7275
-100,6731	-254,3873
-133,1134	-261,8584
-107,0957	-247,4405
-136,9145	-242,1977
-112,7319	-249,7344
-128,1328	-239,9693
-120,5309	-240,6248
-126,4287	-240,2316
-110,3730	-244,5569
-126,2324	-242,8529
-129,3127	-250,5207
-118,3025	-257,8606
-134,4247	-254,1907
-123,1522	-265,4629
-138,6190	-253,3389
-129,3127	-269,3297
-151,4640	-282,1746
-141,6334	-253,3389
-141,5024	-254,7154
-130,9513	-269,2643
-160,0488	-270,6405
-127,5434	-255,6327
-144,4514	-259,6960
-122,0386	-257,2055
-136,3250	-252,9458
-145,5003	-255,3050
-132,9171	-245,5401
-143,4032	-249,3412
-131,2789	-253,2077
-155,9206	-243,5737
-138,7499	-237,7410
-150,3501	-225,6824
-138,8813	-227,6486
-159,7870	-231,1217
-134,6214	-215,7206
-175,4501	-219,7184
-132,9829	-211,0675
-150,0223	-209,7568
-143,4688	-193,2416
-153,2334	-194,0282
-142,6169	-207,2007
-143,2065	-195,2729
-154,4789	-181,7727
-132,7206	-195,2729
-148,8428	-182,1657
-130,6235	-186,9499
-146,2213	-177,4469
-138,9466	-168,5998
-157,5588	-189,5056
-136,8495	-177,4468
-167,5201	-164,6020
-144,4515	-186,6876
-155,7237	-168,4029
-135,0145	-166,7647
-144,9101	-165,7815
-124,5944	-168,4030
-129,3126	-172,2694
-121,2520	-159,8177
-119,7444	-164,1430
-128,9196	-159,3588
-114,6325	-151,1012
-133,3104	-167,8129
-112,3387	-144,2853
-143,1406	-144,5477
-113,8459	-150,5112
-130,6887	-145,4650
-110,3728	-128,4256
-140,7157	-145,2028
-129,9680	-138,5179
-146,6141	-128,0323
-129,6406	-124,2311
-141,6991	-120,9543
-151,1366	-125,2795
-149,5634	-118,9880
-150,3503	-111,7790
-147,7942	-117,5460
-160,8360	-114,8589
-148,4495	-112,7617
-166,8652	-107,4532
-135,7355	-99,7201
-159,4595	-106,8635
-135,8665	-93,1009
-165,6852	-82,4843
-134,3590	-90,7418
-144,0582	-88,8411
-127,1502	-102,2105
-133,7689	-98,3436
-134,7523	-83,9259
-117,7781	-90,3484
-128,8542	-79,5349
-119,8753	-76,8478
-138,2258	-88,5131
-111,8143	-77,6995
-139,7985	-69,5731
-105,6540	-67,1481
-132,2618	-55,8760
-106,8338	-61,6431
-134,9485	-65,5750
-108,4066	-59,0213
-126,2323	-38,7710
-108,0134	-54,4340
-115,2219	-59,0870
-110,7004	-52,0092
-110,0445	-54,6306
-103,9502	-54,3030
-92,8743	-56,8589
-116,4674	-55,1550
-90,5149	-68,9831
-115,4843	-61,7085
-93,7262	-51,5505
-123,9384	-53,8444
-98,8380	-51,0262
-129,8367	-52,2713
-110,7657	-45,2589
-124,7248	-46,0453
-108,2757	-29,9234
-138,2909	-35,6907
-125,7737	-39,8193
-125,7078	-37,8531
-120,2033	-30,9718
-119,6131	-28,0227
-115,9433	-43,7513
-101,0010	-27,8258
-118,7613	-24,4839
-104,6052	-31,8892
-119,2854	-22,1900
-90,6461	-30,8407
-116,4016	-22,9762
-88,8766	-22,3865
-116,6637	-22,1899
-95,4956	-23,4350
-106,9642	-30,7750
-73,6069	-20,9446
-98,7723	-24,3526
-88,0902	-29,7919
-87,3034	-24,8768
-85,7309	-18,0611
-88,3520	-24,0249
-97,0685	-26,1218
-83,6334	-13,9322
-99,3621	-25,7942
-83,5024	-24,4178
-104,7361	-9,0168
-84,5509	-6,0024
-114,5664	-9,1480
-88,4175	-17,3399
-99,0345	-8,7547
-91,4325	-13,0801
-110,6995	-13,3422
-91,8255	-5,8712
-81,7983	-16,6846
-77,6699	-15,2428
-78,1283	-17,7332
-82,9127	-16,1604
-71,5089	-22,8449
-78,3250	-9,9345
-72,0333	-13,9322
-83,3053	-8,6238
-55,2560	-15,8328
-75,8998	-22,0586
-64,6275	-7,3131
-81,4701	-23,4350
-61,5473	-34,1171
-72,8193	-9,8689
-61,5474	-18,4543
-59,3845	-22,1241
-60,3681	-14,5219
-61,1539	-16,6191
-61,3510	-19,8303
-47,6537	-22,7794
-68,7566	-6,7231
-47,6535	-5,8714
-55,5837	-19,4370
-34,3499	-6,9853
-55,0591	-20,9444
-35,1362	-9,2789
-51,5854	-2,4634
-28,8447	-10,7207
-59,9738	1,9277
-19,6039	-5,7400
-27,4026	1,6002
-23,4707	12,0203
-31,2690	-6,3296
-25,2402	7,7607
-20,8489	4,4183
-36,5779	-2,7906
-16,2614	-2,9216
-47,0635	8,8092
-21,4388	8,5470
-57,5491	5,0735
-21,3078	-9,6719
-50,2091	6,9741
-27,4684	7,6293
-51,8475	-8,2304
-33,4320	-6,9195
-42,5415	1,1413
-28,7136	3,8282
-39,5267	-2,4632
-39,4615	3,8282
-32,5144	-7,5093
-30,8110	1,7313
-37,8229	-1,9388
-48,5710	-7,7713
-26,8130	11,4308
-60,6952	25,6519
-30,2208	11,0375
-51,0615	12,8727
-56,5009	21,4581
-52,7650	30,4363
-36,7748	31,5505
-59,6463	34,6307
-39,2652	37,5142
-44,9008	20,6716
-47,3262	36,5313
-51,9787	32,7301
-45,8187	19,9507
-43,0004	27,6183
-57,9428	24,8657
-28,9101	24,8656
-56,5665	19,0985
-33,2354	17,7878
-50,5369	14,3144
-28,1892	15,9527
-50,2091	15,3627
-30,5484	13,6589
-32,3832	0,8137
-22,2910	1,6004
-19,0793	6,7775
-13,8368	6,5807
-17,7030	-11,4415
-35,3326	4,4838
-20,4554	7,4982
-29,2378	-2,3321
-9,7733	4,2870
-35,5948	-2,5942
-24,8466	7,9571
-31,4004	2,9764
-33,3665	-1,8077
-55,7138	1,7970
-28,8445	-0,6936
-47,5876	23,6204
-35,1358	17,3942
-21,9630	1,7313
-26,4198	9,7924
-25,6984	6,5154
-19,0143	2,3869
-16,6545	9,5301
-28,9102	4,4182
-31,2035	3,7629
-36,0534	-4,2979
-19,6039	7,0397
-59,6464	10,3819
-26,3540	12,5446
-52,6995	4,8768
-30,9417	-11,3103
-48,8329	2,2558
-33,4320	7,2364
-31,3347	12,4135
-36,9711	5,3359
-39,7887	17,0667
-37,6920	13,6588
-22,9460	-4,2323
-28,3204	13,9867
-14,4919	5,6634
-26,4854	7,6297
-14,6229	14,8384
-39,6578	-1,7421
-4,9235	6,1222
-28,7132	12,9377
-13,3122	-10,7207
-32,7762	-3,9704
-9,7733	5,8598
-30,4823	-2,7910
-11,1496	-10,1310
-20,5865	-22,7138
-4,3339	-19,5025
-12,7223	-6,7231
-29,3685	-18,5195
-4,9889	-3,9705
-28,0580	-1,6113
-4,8578	3,3040
-16,9168	-7,5749
-3,7437	-1,9386
-27,4678	13,1345
7,9217	9,6611
-25,4361	5,3358
-1,9742	10,8409
-11,2801	9,2680
12,5090	20,1470
1,6304	17,2633
0,1882	11,2342
4,5141	13,2002
9,1011	19,8849
25,2888	7,4331
0,9747	16,9358
14,9343	14,7076
8,2493	23,4893
15,7860	11,6274
-14,0327	4,1564
17,4901	21,7854
-14,1639	23,4893
-6,4959	9,2681
-15,5399	19,8850
14,8029	20,6712
-8,7243	14,8388
2,5478	18,9674
8,2497	12,8727
1,6956	25,7832
4,3831	19,6883
-4,2026	21,7201
11,1332	30,5018
1,0402	21,9821
2,4167	20,7372
-27,7954	29,5844
4,5793	32,0747
-27,8610	21,5892
-7,4138	35,8760
-32,9072	34,5652
-5,7100	38,1041
-12,3291	31,8782
-8,4626	26,9631
-22,4868	37,5143
-10,8875	36,9899
-0,5324	20,7371
-5,3169	24,0140
2,0233	33,8442
-20,5212	30,3707
-1,3844	20,3437
-14,4264	17,4602
-1,5812	10,8411
-28,1887	13,5935
0,3194	2,6489
-17,6374	9,9889
-2,4333	4,8770
-28,4506	8,6125
-0,7947	8,4157
-12,5909	-1,4800
5,6932	4,7459
2,7445	5,3356
-3,6129	1,7313
-2,5639	-2,7252
-3,2197	-5,4120
7,4629	-5,4775
-22,1595	12,8070
-4,4645	10,1853
-26,4193	5,3359
-2,3020	13,9867
-24,0599	8,6782
-4,2026	24,5379
-24,4529	0,8140
5,1035	5,2052
-8,8554	30,8294
-5,8409	18,7051
6,9390	8,0886
7,6593	19,7539
6,8734	16,3460
5,0379	15,8872
10,2156	16,4115
-11,2149	7,1054
5,3004	11,1686
1,5646	-0,5623
-3,1538	6,1880
-24,3874	31,8778
-2,3018	11,1683
-10,0352	10,5130
-0,1395	10,2509
-18,4236	13,8552
0,7779	8,8089
-5,0545	-9,9998
-12,9847	0,0272
-7,8725	5,0078
-14,0989	-17,9297
-8,2003	-14,3905
-12,1328	-3,0530
-13,5742	-8,6237
-24,1911	-10,7861
1,3681	-10,1965
-23,7322	-3,9704
9,1668	5,8598
-20,3897	-4,4947
7,1353	6,9086
-21,9625	15,9524
10,2810	8,3504
-2,3674	10,5131
0,7126	-0,5623
3,2689	7,6954
12,1813	26,2417
8,9049	1,0760
-5,6441	11,8897
24,6993	16,6080
3,0066	3,1076
27,3207	9,5304
5,4971	16,2147
29,5489	3,7630
-6,5613	20,5401
23,3885	6,7121
-11,7386	11,6928
16,5071	22,5717
0,3854	1,9936
12,8369	16,7392
3,5310	12,6104
-1,0568	14,9042
6,2179	24,2102
-10,4941	17,1324
6,1522	16,6081
-11,5428	29,2565
7,1353	22,9650
-18,2274	4,8118
-0,5325	28,2736
-24,0598	27,4213
0,9749	15,6251
-18,7513	17,0670
11,6572	8,6128
-1,6464	19,7538
18,2763	9,7267
14,3444	2,0590
7,5941	2,9109
24,7649	-2,8563
11,1329	-1,2834
26,2067	-13,7352
12,3781	-12,4245
10,2158	-11,7692
-7,6102	-4,1670
15,4586	-2,1355
-14,8192	-5,5434
4,7761	-10,1307
-19,4068	2,2555
-2,8262	5,9254
-17,5062	7,5639
-1,0569	11,8237
-24,9773	3,0420
-5,1858	7,0398
-4,5303	9,5301
-16,7204	7,9572
-11,6737	1,2071
-11,4775	1,3383
-0,8603	12,4138
-25,3053	13,4622
8,3805	1,4037
-20,2588	8,8749
14,8031	11,5617
-5,4475	-0,3001
17,5557	9,3992
3,7278	10,9064
18,9974	16,6735
7,5289	16,8700
19,7837	3,3043
8,3809	9,1370
9,4290	15,3627
23,0607	-4,1669
1,6956	3,4355
5,6282	7,4329
-11,8702	1,4036
12,3784	1,0759
-3,6782	2,5178
0,5818	13,9864
-19,9308	8,8090
14,1478	-1,8078
-5,1853	9,0712
4,9072	2,8452
-5,1851	-7,0507
23,3226	-6,5264
-8,0033	2,6485
15,3928	-0,1039
5,0384	-6,8542
1,0404	-14,3252
15,5895	-12,2935
-2,0399	-5,0192
15,3274	-13,8009
-7,6759	-10,7863
9,2326	-4,6259
-3,8747	-10,1964
5,3660	-5,8712
-10,1005	-24,1556
11,6572	-10,8518
0,6473	-8,4271
5,1034	-13,9321
-14,6224	-4,1017
-2,3677	-18,8473
-6,8893	-13,8662
-12,0671	2,8451
-8,9866	-6,0678
-14,8197	-5,9366
-2,6954	-21,7306
-22,2909	-2,6596
-0,4671	-5,8055
-22,9461	-0,1692
-10,1663	9,0711
-25,9605	7,5639
13,2953	9,2024
-22,8803	8,8092
11,4605	7,6297
-1,0567	11,0375
1,3680	11,2342
6,6768	16,4115
4,9071	5,2049
27,8449	20,6714
15,2617	9,3992
24,4372	12,0862
17,1625	23,5549
32,4981	12,0860
5,4972	3,2389
21,6849	4,5496
20,3740	10,1856
32,8255	2,2556
3,3346	2,3868
11,3954	-1,8732
-1,7771	9,3990
17,6210	-2,7254
9,3638	-8,9511
12,1813	-5,0191
-3,9400	-6,9852
3,6618	-12,8179
22,2086	-11,3106
2,1542	-7,1163
13,8201	5,5976
-7,9381	-3,7085
7,3976	-7,8370
-16,9819	1,9277
6,8077	1,4691
-14,8192	8,0226
-0,0082	-1,8076
-18,8823	9,7267
7,9216	5,9911
-3,5470	9,9233
1,3026	1,6657
14,8032	2,1901
11,1983	-4,8878
17,2281	9,0714
9,1014	2,1899
26,5997	-1,2178
8,6426	5,2702
25,0924	-1,3489
-5,5784	2,5177
23,0607	2,1244
-6,6269	2,1900
15,4586	2,4522
6,2181	-1,2178
19,7839	13,0034
1,2376	7,3672
19,1284	-0,6279
7,3980	11,1031
26,5996	0,8137
24,2405	3,5009
15,4585	13,2001
28,0415	9,3334
5,3003	-4,3635
21,6844	0,4862
-8,6588	-4,0358
8,5772	-0,3004
-12,0667	7,4983
7,8561	-1,4146
-16,7853	5,2045
4,9069	-9,8032
-8,3967	-3,2495
-3,8094	-1,8735
-15,8020	-12,7524
3,1374	-7,8371
3,5963	-4,6917
2,1543	-12,8836
13,6888	-17,2089
-8,7248	-12,8836
-3,8745	-12,6870
-10,5594	-13,3425
9,7568	-25,1388
-11,4769	-17,8642
9,5602	-13,8666
-8,9863	-23,2383
12,1162	-14,0633
2,3514	-24,9422
16,1138	-16,9468
2,7448	-15,8983
11,9849	-12,8837
14,3447	-26,2530
13,8853	-21,5343
17,9491	-30,3817
11,6572	-27,3670
9,1673	-23,5004
4,2518	-26,6463
21,9467	-34,6414
-3,5470	-20,4858
18,4734	-25,0079
0,7130	-35,2313
16,8348	-26,3184
-9,9037	-10,4588
22,3398	-13,7357
19,2597	-24,2212
18,4075	-8,4925
21,7503	-0,7594
21,9465	-11,0483
22,4712	-9,0166
21,0945	4,2215
31,9084	5,4668
16,9002	4,9425
26,2722	0,0273
7,7908	0,7482
24,6992	-3,4462
-3,8745	-5,3467
24,3060	-6,1988
-5,0542	-6,5921
10,8710	-11,5073
0,3198	-15,7017
11,4606	-33,5273
-4,3987	-21,3377
0,1229	-17,4714
15,7863	-26,9085
13,1643	-33,9862
7,0044	-34,1174
-1,9742	-30,5784
22,2742	-27,3017
-10,2973	-26,5153
22,5364	-24,4835
-13,2463	-11,9664
23,8470	-33,6586
-13,6396	-15,5050
4,5794	-19,6993
-10,1006	-17,7332
-0,2050	-10,0655
-15,0157	-12,2936
-5,6446	-10,0653
-9,7074	5,7288
-7,6763	-1,8735
0,1883	-5,8054
-12,9846	-3,7083
5,0379	1,5346
-26,8781	6,5151
12,1816	-15,3737
-11,2150	4,6148
14,9996	5,7941
-24,9773	-12,8834
5,2349	3,1074
-7,9379	2,2552
11,5917	-4,1672
-2,1707	-1,8079
-0,3360	-7,5749
-4,2022	2,1898
-4,0061	3,4350
-1,6466	-12,0313
-13,5744	-1,5455
3,0064	0,4206
-20,9800	18,2463
-1,7777	0,6826
-27,3369	-5,8052
-2,7607	9,7922
-26,8781	13,3966
-0,1393	0,2895
-22,2248	9,5302
0,5815	16,0836
-17,8339	-2,3973
-0,4670	19,6228
-11,2146	22,7028
1,7614	3,2387
7,7253	14,9043
12,3124	18,0498
14,1478	3,5665
9,1669	5,6635
27,4515	7,6297
1,2371	2,9765
18,9975	0,0930
-7,4134	-4,1013
21,9466	10,1853
-10,2315	-1,8733
15,8516	-2,4631
-1,8430	-5,9366
4,4481	4,2215
-10,5592	-1,0871
2,2853	-3,7085
3,7274	-17,8641
-7,8729	0,1583
2,1544	-1,6768
-13,1812	-8,4925
-6,3652	7,3016
-19,2759	-3,4464
15,0651	-4,2326
-18,0307	-8,8858
4,1862	-16,6845
-23,0768	-9,8032
5,3658	-12,1625
-8,9210	-8,0338
9,1665	0,2237
-25,3050	-5,7401
-17,6375	-13,6043
-19,9966	-1,9389
-6,6935	-7,8372
-30,6792	-0,7593
-26,9440	-2,6598
-16,4581	-6,5919
-44,5733	0,7480
-21,1766	-10,5896
-46,4738	-9,3443
-24,1258	1,5346
-47,1290	-2,9876
-7,2832	-11,1138
-52,5683	1,8621
-17,9655	-13,6697
-35,7911	4,7457
-8,8560	-4,1673
-27,4023	-10,1963
-4,7927	6,2529
-4,7269	-2,2667
-0,8605	-8,2958
4,3172	3,3695
2,4820	-4,6258
9,8878	-0,2349
-17,7683	-2,1355
16,2449	-5,9365
-5,1202	-10,1962
-4,7266	-4,8223
-17,7682	-3,3807
1,2369	0,8137
-13,4429	-4,4946
-5,2512	1,9279
-15,0156	-10,9170
5,6933	4,0252
-2,8917	7,8917
-0,5326	1,6659
9,4290	9,7924
-13,5743	10,1200
3,8586	5,6636
-7,3483	11,1687
11,8539	6,1878
-11,8047	7,6953
11,0019	15,9527
-16,5887	9,8577
11,8539	17,2634
-18,2270	7,1051
13,8855	-5,8708
13,8855	-3,8392
11,9192	6,8429
3,5311	4,4181
8,6424	9,6608
14,6722	-12,0970
-6,2342	-21,4684
14,7377	1,9933
-3,9405	-12,1625
8,1185	-8,4268
-11,0182	4,4180
18,8007	-1,2180
-17,2440	5,8599
14,7377	8,4812
1,3029	7,6292
18,6698	6,9084
12,5098	2,2554
25,0924	5,9909
20,1121	-6,8541
40,0347	1,9277
30,7289	-1,2181
22,7988	-15,5703
45,6711	-1,4801
29,0901	-8,4925
37,5445	-13,6698
14,7378	-1,2180
22,0778	-9,1479
-17,5058	-11,2451
16,0484	-13,2111
-8,3967	-22,0583
-2,6298	-0,8904
-25,3050	-4,8226
-22,1595	-4,1672
-26,8780	-1,2180
-20,6524	3,5660
-17,0476	-0,4317
-16,5894	-14,1941
-15,8026	-8,1647
-21,5701	-11,3106
-5,9722	-2,6598
-27,0094	-16,2913
4,1859	-5,6744
-34,0872	-12,1626
2,0233	-1,1525
-25,8950	-14,1942
-3,8750	7,1706
-26,7468	0,6169
1,7611	-7,3128
-13,6396	-14,3905
-6,7584	11,4961
-4,3989	3,7626
2,6130	-4,1671
3,7931	-8,0336
2,0887	10,1198
7,3974	-3,5117
-15,9334	-11,8347
4,7106	-8,4267
-15,8022	-2,3320
9,3636	4,1559
-14,3603	-13,6697
14,8686	6,1220
-8,1344	-2,3978
0,7129	-12,0970
-8,3963	-6,1988
18,8006	-10,3931
0,5820	-7,1163
9,3635	-4,7569
-0,0079	-3,4463
-4,0714	-13,4076
10,4123	1,3380
-13,0500	-4,4947
0,3853	5,1391
-11,4772	-6,4608
5,3658	0,8138
-31,0722	0,7482
0,5818	5,4668
-20,0623	6,3842
-0,5325	-1,0869
-27,7954	7,3017
5,8900	-1,6767
-4,5958	-1,4146
-3,4163	2,9763
-8,7244	-6,1332
-6,3654	-9,4099
6,0211	-5,3467
-11,0186	-0,3661
-7,1515	1,9277
-24,3878	0,3547
4,4481	-11,3759
-31,5968	8,4813
-9,7075	4,4180
-31,4001	-0,2348
-15,1471	9,2024
-45,6211	15,8869
-8,4624	6,5155
-14,9505	9,0059
-9,6423	16,8702
-5,3166	5,4669
-12,6569	5,5983
2,7444	18,7053
-23,7980	10,6444
1,4993	7,2366
-11,5430	17,5912
-9,0520	14,3800
-20,9144	15,6250
2,3510	14,6421
-29,7617	6,9088
-10,4941	7,4987
-39,8541	15,1007
-7,3484	5,4013
-18,8827	19,5572
-18,9485	7,1706
-22,9456	4,0907
-3,0232	2,6488
-2,2365	12,1514
-13,0502	-4,9533
1,1060	6,3188
-6,6931	7,8916
6,7421	12,0202
-9,2488	-1,8077
16,0481	-1,6112
-13,2464	-17,6673
0,1230	-1,6766
-23,9286	-0,6282
4,2517	1,8621
-14,4260	-3,0530
-2,4332	4,6802
-15,7365	0,6169
-4,2028	-11,3106
-7,2825	-3,9703
-10,0355	-2,7254
8,7082	-3,9705
-13,7711	5,7944
6,3489	7,2361
-12,2635	-8,4267
7,9219	6,3189
-15,9987	8,3506
20,0461	3,6975
-0,5323	8,7439
18,6042	14,7076
1,1063	17,0013
20,7668	21,9820
5,4317	9,2680
12,7714	21,9165
9,2329	8,2192
17,0310	-8,8855
9,8882	5,0082
12,7712	1,4690
29,4177	-12,6210
0,9748	-3,5116
17,3592	-8,8855
8,2494	7,4330
21,2912	5,5979
-2,8260	12,7413
22,7986	13,5934
0,8442	16,6736
13,8856	20,4747
-0,5974	24,4724
25,0922	25,0622
9,3639	15,4286
13,8201	22,1132
10,4781	22,8994
5,3003	15,2973
16,7039	13,8555
0,9092	-3,6424
17,5557	12,0206
-9,9041	14,0519
5,1037	11,1030
-22,8801	14,0522
7,5940	7,1054
-24,5842	18,4432
-7,7415	24,6035
-28,0574	19,2296
-2,3022	20,7369
-27,4677	20,7369
1,8921	9,8579
-20,3244	13,9868
-19,6691	14,6420
-2,3020	9,2680
-14,7541	4,8772
-5,6443	0,8795
-11,7393	-9,0166
5,7589	7,0396
-30,8102	-4,6914
2,9409	-7,4440
-26,6160	-6,3956
-3,3507	-22,1241
-33,9559	-13,8011
-23,0770	-17,9954
-24,3878	-7,9029
-24,9123	-15,6361
-26,7470	-3,5775
-20,9804	1,5999
-18,0964	-4,2983
-23,9950	-9,1479
-20,4557	-10,9171
-32,8422	-5,4122
-4,5959	-2,6597
-23,3394	-2,7907
-3,9406	1,4692
-35,4631	1,9278
3,2031	5,0736
-11,6736	5,9911
9,2322	9,3990
-8,8555	9,6611
-5,9720	3,1732
-2,5639	3,6319
9,2322	9,0059
13,8854	21,0643
-5,0548	-2,0699
14,6065	1,7315
-12,4603	10,9062
9,2981	-4,8224
-10,3629	-1,7420
5,0381	12,7412
-13,1807	-11,0483
9,0358	2,6488
-19,8653	12,9378
14,3443	10,3163
-13,4427	6,5154
7,7252	18,3775
3,1379	23,3580
14,2131	9,8577
0,4509	12,7415
7,0042	9,2025
22,0121	20,2780
-1,1879	12,4791
15,3932	5,4015
-1,3844	2,3213
26,5342	14,9697
-1,1877	10,4476
19,7840	5,4669
-12,5251	10,2510
25,6822	23,9479
1,4338	13,8553
13,5578	16,0181
8,1186	3,8284
11,7226	10,5132
2,1548	5,6635
10,3463	7,8262
4,9073	4,2873
-1,5157	5,3360
5,7592	1,3382
-7,4794	11,2341
15,9171	7,7606
-8,6590	0,8795
-1,3188	10,6442
-12,0667	-2,9871
1,8922	21,1300
-22,5523	15,4936
6,1520	2,9766
-28,9749	17,4598
-3,4162	9,9889
-5,9063	9,5956
7,3969	13,9866
1,9578	7,2365
-0,0086	16,5427
-0,5324	25,1277
-7,0208	2,0593
9,6257	30,3054
-13,3776	21,3922
11,0675	11,8242
-13,3120	29,3222
-2,1708	11,5619
-18,1614	9,3994
4,0551	20,3437
-15,2778	7,0398
0,3195	9,6613
-5,8405	13,1344
18,8660	3,5006
0,4507	-15,2427
-2,8918	-10,5241
17,6866	-20,0268
-3,1543	-13,9319
3,7930	-10,0654
-28,4509	1,9277
2,2857	3,0417
-29,0407	-0,4970
-11,4113	4,1559
-27,1402	12,6102
-15,2781	11,2339
-21,0451	3,8941
-1,3192	18,5085
-9,5109	20,0157
-14,4917	6,5810
3,9897	2,7145
6,0208	0,4207
5,4315	13,5933
-5,1201	1,0759
8,8396	-4,7566
4,7758	0,0274
17,0969	5,4013
-9,3142	0,2895
11,0022	-3,5770
-9,1176	8,6781
10,8709	12,7412
-17,1784	6,8432
6,4800	10,5132
-13,5740	14,6419
2,7443	10,5787
-7,3482	28,1422
4,1859	6,1878
-7,2827	11,3652
-7,9384	11,1030
-4,4647	16,7390
-23,2738	2,0589
-6,0377	-0,8901
-30,6793	-8,6233
-6,6931	0,5516
-39,1988	-10,1308
-14,4918	-6,8540
-30,1549	-5,7401
-7,0865	-11,5726
-34,2835	-4,1672
-4,2684	-9,2135
-14,2952	-3,5773
-19,6037	-3,5120
0,7782	-10,2619
-12,3295	5,2045
-8,5933	-9,2790
-9,1180	-16,7498
6,5454	-17,8639
-9,2491	-3,8394
17,4900	-2,9220
-13,5742	-7,1163
5,6937	-12,5556
-10,1004	3,9592
21,1600	0,7479
-2,4983	-12,7523
11,7883	17,0011
1,1718	2,6485
17,0311	-1,9388
6,4802	-6,7885
11,8537	-0,7591
11,0019	0,3549
-2,7607	-7,6404
12,1817	2,6487
-10,2318	-1,0869
7,2010	-5,4777
-10,9528	1,8623
11,2641	6,0567
-19,5379	10,1199
1,6959	2,7144
-6,1685	11,6274
11,5258	12,8724
-20,3897	18,7708
-2,3675	21,8508
1,8924	16,8046
-9,6422	14,0521
-4,6609	15,1007
-9,8387	8,8748
20,7667	8,0883
-12,9190	1,8625
12,1817	4,0906
-13,3121	0,9450
14,1478	11,6271
-15,0814	-2,2009
7,0700	3,2387
-5,4475	-3,0529
14,8029	0,7483
-11,4112	2,5832
12,2471	5,5324
4,1864	0,0929
7,5941	15,2315
13,0995	0,6825
25,2232	-17,0773
24,1750	5,0738
15,7207	-5,3467
48,2922	-7,1815
14,4100	-6,2641
35,2508	-5,8710
2,2204	-9,4099
34,5954	1,2068
-0,8597	-22,9762
24,8303	-17,9297
4,2521	-19,4373
27,1893	-20,4859
-10,5590	-22,7796
17,2280	-25,4011
15,5896	-29,9229
12,5092	-20,6168
14,0168	-17,8644
2,7446	-11,3763
33,0879	-15,7671
14,9996	-19,4370
27,9106	-11,4416
1,5651	-3,9051
44,2945	-19,7647
11,2643	-8,8203
28,6971	-10,9830
9,3640	-23,3037
28,2381	-13,5389
12,7063	-12,4250
28,6968	-14,2598
7,0702	-13,6701
15,9172	-15,0462
18,4732	0,0926
0,9092	-10,6552
1,8926	4,8113
-9,1834	1,7966
1,6957	-9,8685
-23,0115	2,3212
-6,2343	7,0398
-43,5242	9,5956
-22,5526	8,4816
-50,4054	15,4284
-22,2251	6,7122
-31,9898	2,4524
-18,7519	13,2656
-27,8610	11,5615
-17,8344	3,4352
-11,4771	5,4011
-18,6209	-14,5218
-5,3167	0,1584
-29,0410	-10,7208
-7,8725	-15,3737
-20,0626	-12,6868
-5,5788	-7,9682
-34,8079	-10,9174
-0,0737	-9,2134
-22,7493	-7,6406
2,5476	-13,9320
-17,9650	-9,2133
2,6131	-5,8057
-7,0203	-5,3469
7,4627	-18,9782
-0,7287	-11,3761
2,4166	-9,6066
13,0993	-8,6892
10,4119	-14,7184
11,7229	-9,2133
-5,1855	5,5322
17,3591	-9,4100
-9,3799	-3,2494
-2,1706	0,6827
-15,5399	4,5493
16,3103	1,2069
-13,1809	2,6489
9,4945	11,8238
-7,8069	2,1899
7,0695	6,0566
-14,9503	-2,9217
-1,5157	3,1077
-21,1761	5,9256
-7,7416	8,1539
2,6132	12,6758
-18,9485	17,2634
-5,4476	12,5449
-28,0578	14,0521
6,9387	13,3970
-23,0770	20,0815
2,8098	20,3436
-28,9750	18,1154
6,0211	13,5279
-16,1956	16,8047
5,9554	20,0815
-6,8239	22,1786
0,7780	21,4577
5,8901	24,2759
-2,4989	9,4649
0,5162	25,4556
-6,9552	20,9990
4,9725	17,5257
-15,9336	14,6421
5,7590	4,0908
-29,3685	5,4015
-1,5811	9,7268
-33,0384	10,2509
-15,6058	-10,4584
-29,1061	5,0737
-1,5813	7,3016
-13,6397	-7,2473
-8,9214	-11,7692
-7,6758	-9,4100
-4,9892	6,2531
2,0236	-0,6284
-0,0084	-13,2110
7,8562	-4,4948
-18,4892	-3,7740
14,8687	-9,0169
-1,9087	-0,1039
15,7206	-4,0363
-14,2948	-15,5703
21,7498	-5,0846
-11,5423	-4,4294
4,9727	-11,9004
-7,7410	-0,4317
13,6234	-21,5342
11,3298	-5,3468
11,7227	-8,2960
13,2959	-9,6722
3,3995	-3,0532
18,9975	-14,1942
-3,6784	-5,2156
5,6280	-9,5411
-16,2611	-16,5533
4,7105	-8,8201
-12,9189	9,3988
0,3850	-2,0045
-28,8439	1,6002
5,6278	-6,5918
-18,7514	5,9911
4,3169	11,5616
-17,5062	4,3527
-0,8604	9,8578
-7,4793	24,7999
-12,7880	11,8239
3,2686	12,7415
-12,9192	8,5472
4,7760	6,2537
-19,1451	25,5211
-2,8917	7,9573
-13,9019	12,0863
14,4095	18,7707
-26,0915	6,3844
11,8537	10,3821
-24,6495	8,8747
13,0989	1,1415
-9,1831	5,2046
-2,3675	-9,0166
6,0870	2,0589
12,3778	-0,4316
15,0653	-8,6890
2,4820	-0,8248
1,5650	-4,4948
-2,5640	-10,4585
15,4585	3,8283
-12,9187	-2,3322
22,0776	1,0759
-8,5279	0,3548
-1,5153	4,0249
-16,4573	5,2700
4,3829	3,2386
-1,8430	2,3865
10,6086	7,3674
5,6281	4,2214
8,9046	-8,9509
12,4440	3,1731
8,1181	6,8430
12,7716	3,5662
0,7127	3,0419
12,1817	-9,8030
-11,3458	7,5641
15,5240	4,0250
-19,6034	3,7629
3,9240	15,9525
-28,5818	-4,3635
-10,8872	11,8239
-27,5987	-1,8076
-6,6933	10,7753
-26,4848	14,5107
-16,4581	12,8724
-21,5040	6,1878
-3,7444	-4,0358
-7,7417	-2,2006
-20,9801	10,1201
0,1884	10,7752
-3,6786	1,2726
1,8923	-0,6935
-6,6930	-5,5431
5,6936	-3,2494
-14,3605	2,1900
5,3659	-1,3491
-14,6225	-1,2180
2,4822	-6,0676
-12,7218	4,0904
19,1281	2,6485
7,9874	1,9932
14,4094	5,5322
9,6259	0,0928
8,3148	8,6125
12,5750	14,1174
4,2516	3,2385
10,4123	10,7098
-6,0373	15,2972
19,5873	8,0229
-0,5979	12,6760
15,5895	15,4940
-8,9863	6,7123
15,9828	27,9459
11,0676	13,0036
13,2957	22,9652
22,7987	16,9357
18,5386	14,7076
16,9661	18,4429
5,7592	-1,6110
27,9105	9,3991
13,2956	10,3164
24,5680	4,3528
-17,5716	4,4837
15,9176	12,6102
-0,7945	1,2069
28,9589	8,2192
-9,5105	-4,4948
17,1626	-8,2957
1,3030	-2,9875
26,2064	-6,5265
-0,9252	-14,3253
24,6990	-16,6846
21,7501	-20,3547
11,5916	-22,9760
12,1819	-21,4689
3,3341	-26,8428
12,3129	-20,4859
-0,4669	-19,4374
4,4484	-30,2508
-17,2440	-12,2284
3,9897	-29,5299
-15,8678	-18,9130
6,8730	-29,2677
-10,1661	-24,2213
4,7101	-15,1119
-18,4892	-18,9784
-0,9260	-14,9152
-14,7538	-6,9199
-9,9701	-7,4442
-8,8557	-9,5413
-21,9632	-10,5899
-10,1665	-25,4664
-17,5723	-10,3274
-7,9384	-1,1528
-40,5098	-23,0416
-21,3729	-17,2087
-31,9901	-3,4463
-17,4410	-4,6915
-33,6937	-7,3784
-14,8852	8,9399
-29,3028	-11,3106
-18,8173	0,4861
-14,0985	5,2700
-20,3247	-1,9388
-5,6443	-12,5555
-20,7181	-0,4313
-19,5379	7,6949
-18,2930	-12,8832
8,3802	1,0761
-25,3054	3,7629
0,0576	-3,0528
-16,2612	6,8431
12,7714	10,0542
-13,8362	-5,8708
8,3805	6,3187
-4,3333	4,4181
24,0435	-2,6597
-2,1051	1,7966
8,1183	-4,1671
12,1818	7,4327
-3,7438	-9,3447
7,7256	-13,2110
2,7443	-3,0530
13,8201	-9,4102
-7,0860	-10,8519
8,4462	-6,5921
-14,3604	-23,1072
17,2934	-10,2620
-19,1445	-8,9515
-4,7922	-2,3980
-22,5522	-11,7695
8,1838	-13,8011
-6,2340	-21,5343
-0,0739	-15,0461
-2,5639	-12,2282
-12,0014	-11,1796
-3,5468	-5,4125
4,5791	-15,7016
5,5624	-7,9026
-11,5427	-14,1941
6,4799	-6,6573
-14,0986	2,1898
8,9047	-8,0992
-11,6739	8,9403
-1,7778	10,4473
-22,6182	-4,1670
-11,0185	6,9088
-23,2079	8,7434
2,8094	11,8894
-23,2080	9,9231
-7,9384	2,5832
-8,5281	7,0397
-13,5091	12,6101
-8,8557	-7,5749
-23,2083	5,3357
-4,9236	-1,1525
-29,1720	-3,6428
-4,2027	-3,0530
-31,6623	-9,6067
-4,1371	-13,0801
-29,4994	-6,0023
0,7782	-12,4904
-21,0451	-9,5413
1,4336	-8,3617
0,9095	-17,9299
5,7589	-16,1603
10,9367	-10,7209
19,0627	-16,1604
37,4786	-23,3692
18,6694	-6,6576
25,6168	-8,4925
20,9635	-5,4779
36,4302	-13,6698
-1,1220	-4,7567
26,4689	16,0836
2,2205	11,5615
27,1896	5,4014
7,8567	0,3552
22,5365	22,8340
7,3324	25,9795
23,0607	8,9404
14,1480	16,2150
10,2156	20,6714
17,2937	25,0623
0,1229	16,5426
9,6261	13,9869
-7,6758	25,7833
16,0483	24,6691
-2,9573	16,3461
9,8879	25,1935
-14,4259	20,2782
12,7060	17,6568
-11,8046	14,7733
3,0066	18,7709
0,9751	28,5356
10,2155	9,3991
7,7253	17,4600
9,2323	10,8407
11,2644	-1,6109
6,4144	3,0421
14,5412	2,1245
7,3975	4,6804
19,8496	7,0396
-2,7605	5,4667
22,6677	12,7412
-7,0858	5,6634
21,9468	16,4113
3,5966	11,7583
27,8447	19,2950
-3,2846	10,1855
21,4878	8,8094
14,8687	7,2365
15,8514	9,5958
6,6769	12,6759
8,1183	15,5593
8,7083	4,0906
-1,3189	-1,1522
15,2617	-1,4145
-10,0353	-13,7352
7,3320	6,4498
-24,1911	-8,8858
9,7567	-4,4947
-19,3415	-2,5288
-9,9698	-13,4077
-26,6157	4,8767
-10,0354	-4,4294
-23,7322	-10,7863
-16,0647	-2,7909
-7,8725	-14,3253
-10,5599	-4,4292
-5,0544	0,7480
-5,9069	-2,7253
-8,6589	3,5661
-14,6883	5,6632
17,6209	-5,3466
-19,8657	-4,2981
19,0629	-3,5773
-12,8532	-4,6914
16,9002	1,7310
-9,1175	-11,7693
20,6357	-2,0045
-5,5785	-1,4803
19,2596	-16,9466
14,8687	-1,7424
0,1230	-10,9175
22,6022	-8,1649
15,1960	-2,1356
14,6067	-2,6601
5,7590	-14,9806
23,7160	-8,7547
-5,0544	-15,2426
13,5580	-14,3250
-8,5276	1,0104
18,5386	5,9255
-7,5446	6,5809
4,5140	5,2046
7,2010	3,1730
14,5407	-2,9873
1,8272	5,5324
7,9872	4,8769
9,2327	0,1583
5,3657	-10,1963
8,5118	-2,3320
2,0890	-10,5896
14,3444	-0,4315
-0,5324	-4,7570
19,8494	-4,8880
-10,6904	-0,5626
16,9003	6,8428
-8,5276	1,0757
11,2641	-12,5555
-11,5422	-1,4144
4,5794	12,2170
6,2181	-1,2180
11,3291	-9,1475
-8,2654	11,7584
6,3487	11,4960
5,7591	0,4862
0,5158	13,4624
11,0675	11,3652
-12,5912	7,0399
11,1331	11,8896
1,4335	14,9697
10,0190	14,1832
-21,5036	12,5448
19,9150	9,1369
-9,9694	12,8725
7,1354	5,4669
2,0892	11,5617
11,5260	9,8576
-14,8845	-0,1036
3,3997	0,0930
1,0406	15,2317
-6,6929	3,1075
8,6428	2,1247
-10,8218	10,9719
4,8416	14,1832
-6,9551	7,6952
10,4120	11,9550
-13,7708	2,3213
1,0403	19,5572
-21,4384	10,4476
-7,0861	11,1685
-19,2100	8,7437
10,7395	12,3482
-6,2995	15,2317
6,2176	5,9256
11,4608	1,1417
10,4774	20,0815
4,7107	5,2047
1,3682	2,7800
28,1068	6,5155
-5,4477	4,6150
19,3906	14,3797
-10,6250	10,1854
8,9704	-3,9703
-11,7390	4,8116
6,6109	20,6711
-3,1538	6,9086
11,0671	12,1515
-14,3604	4,0251
1,3679	3,4352
2,3512	11,8237
-5,7757	-1,6767
-4,7922	-0,4315
-8,0694	-3,9705
6,3488	-12,4901
-18,2929	-8,1647
-2,6296	-13,4731
-24,7807	-10,7861
0,8438	3,8939
-24,1254	0,8136
3,7275	-4,2326
-14,5572	-8,5579
0,9093	-3,5116
-9,8383	-0,4316
-0,2703	0,0928
-1,2530	-11,1139
10,5431	-12,3591
11,8540	-4,4947
1,1714	-9,0824
6,2836	-14,1285
-2,3020	-11,7037
19,1938	-14,1940
-35,4632	0,4860
6,1524	-14,7183
-32,9073	0,8792
-7,8725	-11,5725
-22,6181	1,7968
-0,4672	3,5662
-20,7176	7,2362
-5,3823	8,4158
-11,6735	3,6973
2,0886	11,9549
-9,5763	13,5932
6,4141	1,9281
6,8731	12,1516
-15,4092	18,1809
4,7106	9,8579
-6,3653	13,4625
2,6789	16,8702
-22,5526	12,8072
2,9411	24,6035
-11,1493	7,6953
-4,9891	20,0162
-24,9118	25,5865
-5,0547	25,5210
-24,8463	20,9334
-12,9191	14,5766
-24,7809	25,1278
-7,3487	16,4769
-13,4434	1,9281
-35,2670	11,5618
-13,5088	13,2000
-29,7622	10,7096
-23,0115	1,9278
-42,4104	0,2895
-17,6376	1,8622
-35,7912	-3,3151
-11,2151	-9,5411
-42,7377	1,4690
-4,3993	2,5173
-28,7129	-11,2451
-1,1880	-23,3691
-8,2656	-14,1941
-3,4162	-9,7379
4,8417	-13,2768
-3,3505	-14,7185
13,6892	-15,1773
5,3658	-10,3931
21,1603	-2,5943
6,6766	-7,3784
25,5512	-6,5919
5,3660	-1,3490
21,5535	3,1074
-0,0733	0,8792
15,7206	5,4668
-1,0562	-0,8902
10,2156	17,3943
8,5119	13,1998
16,5068	6,2532
10,6745	11,3650
2,1545	5,3357
19,1286	4,7459
0,9092	14,9695
14,4754	-4,1014
-12,6566	14,1832
11,7230	10,8407
-12,1323	10,4477
10,4122	13,8555
-15,3436	20,9334
-1,9086	12,0860
-22,7489	13,1347
6,7419	6,9743
-21,4384	7,8263
-5,8409	12,2825
-15,5401	-0,2347
-7,2829	4,7460
-6,6273	0,0273
-11,2806	-7,5747
13,8854	-0,1037
-9,3802	1,6656
14,1477	-8,6891
-10,0352	2,9110
18,1455	-1,2180
-1,7119	3,6974
20,1117	-1,8732
9,5604	-0,6280
17,9490	5,4669
2,4828	2,3212
26,0099	-1,0868
18,8012	-1,8731
28,1069	11,8892
21,4226	-7,4437
25,2889	-4,3636
28,6314	-2,5942
8,7084	-7,3127
46,1951	4,0249
8,5117	-9,2790
22,0780	-6,0019
4,1211	-4,8225
32,1049	-11,7691
4,1208	0,6171
15,1965	-2,3977
1,4340	1,1413
17,6866	-10,8517
-3,0225	-6,2642
-3,0228	1,4690
-3,0224	3,7626
4,5137	-18,3882
8,2496	6,5155
-6,8241	13,8552
10,0847	-2,5286
1,4990	0,0275
7,9219	12,4792
-0,4012	7,9572
17,5556	9,7922
-14,2291	2,6490
12,3128	1,1415
-9,3138	11,1029
27,5826	1,7312
12,1162	-2,3976
16,5726	-3,4463
25,9445	-4,9536
21,0288	-5,6091
28,3693	-17,6022
19,3905	-16,8157
22,3400	-25,0078
5,4315	-29,3331
22,2089	-30,5128
-1,7775	-27,6947
20,6359	-31,2993
-6,6270	-14,9153
16,7037	-30,6440
-9,5106	-23,4349
15,3273	-20,8790
-10,6903	-18,1265
9,9534	-11,6384
1,6959	-7,7718
8,4458	-1,6113
4,7760	-15,2428
1,7612	-3,3151
10,0189	-5,5433
-4,5302	9,0055
14,7375	-2,5287
-1,2534	-1,7422
10,8709	-3,4462
-10,8870	-16,0290
16,3759	3,5007
-13,3118	-11,4417
19,1284	-19,1091
-7,3481	-4,9536
5,7589	-7,7061
-13,6394	11,4959
4,2516	-7,1819
-3,9403	-0,7594
1,6956	-10,5897
-4,8578	-12,5557
-16,7855	-16,2257
3,0067	-13,0800
-13,9675	-10,7863
-1,5809	-17,2088
-17,8996	-8,8202
5,8901	-17,7987
-15,9335	-13,6697
-2,5641	-10,1310
-12,7877	-14,0630
-1,5813	-2,7908
-24,4530	-5,2157
1,8922	1,5347
-2,2365	6,1877
-4,8582	7,9571
0,7783	19,0983
-7,8729	3,1076
14,1477	28,0113
-11,0185	14,0520
5,8902	13,8557
-9,1833	15,8872
-1,5154	17,9843
-16,7197	15,8216
7,8562	21,0644
-15,6056	10,1199
6,0867	9,5957
-6,6927	14,6418
1,4336	8,5471
0,8440	13,3966
12,7711	7,8917
7,7907	0,2895
-7,0864	9,4646
5,5627	0,6171
-3,2852	5,7945
-3,6780	-8,0991
-13,1153	1,9278
22,2741	0,6168
-12,1980	-7,9027
9,4946	-11,1795
-12,3943	-13,1457
16,1136	-10,9830
-7,6758	-13,6701
7,5939	-18,2575
-17,3749	-11,6383
15,4583	-13,5389
2,7444	-0,6939
2,7444	-6,7232
17,4902	-10,9173
8,4459	-5,5433
15,7862	-6,4608
-3,4159	-5,7399
17,6867	1,8624
-9,6418	1,0759
10,3468	8,8746
-16,1299	5,6633
14,4754	2,9766
-17,4407	10,2509
5,3001	13,5278
-10,3629	5,4668
-8,9869	10,2510
-7,5448	6,4499
-13,2469	6,7122
-12,6566	6,5155
-20,5869	13,7901
-8,3314	15,1662
-24,0604	6,1225
-18,6861	21,2612
-29,7619	18,9672
-15,5405	8,8094
-48,5050	18,5741
-19,6037	0,4206
-40,4441	-0,0380
-24,2568	5,3356
-29,4995	-10,7862
-13,8367	3,5005
-26,6815	-3,0533
-6,3655	-15,3084
-10,6250	-17,9297
-8,7249	-7,1164
-1,6465	-23,5003
-4,9237	-3,3807
3,9240	-16,6845
-19,6035	-7,4438
10,8054	-10,6550
-8,9866	3,0420
6,2832	10,7751
-27,9261	10,8406
16,1793	0,9449
-4,2679	15,0351
15,6549	16,5424
10,9365	15,2318
18,8660	20,0814
15,2620	16,6736
7,9216	17,2634
17,8835	10,7099
13,0333	14,7075
17,6213	2,2556
-8,9210	0,1586
21,0947	2,1901
-9,1832	-4,4292
10,3468	0,4205
-14,6880	2,0588
11,2641	-3,8395
-6,9549	-0,7593
8,1183	-3,7741
-9,2485	-9,2789
5,6934	-1,2835
7,0043	1,3377
-3,0229	-14,9806
10,3468	-15,3736
-4,3993	-9,2134
3,7278	-2,9219
10,8708	-4,7571
17,6867	-6,5919