15,5616	-27,6785
20,0834	-15,4891
11,2363	-29,1862
12,1537	-24,0743
23,2293	-38,2958
24,6053	-45,7667
20,5422	-38,8855
10,5806	-46,2257
22,5083	-65,8862
6,9105	-46,0290
22,2462	-57,6290
4,0268	-62,2817
19,8868	-45,3082
-3,8374	-44,7185
18,3139	-58,0877
7,8280	-52,7793
20,8041	-56,0560
9,0732	-49,5026
29,8480	-56,7771
15,2336	-46,8811
21,9837	-53,3037
20,4766	-65,0346
15,2990	-62,2820
8,3526	-45,8981
16,8065	-51,7965
25,1952	-56,4494
3,3717	-55,5975
40,5308	-66,0175
21,8527	-46,6845
40,3342	-54,8765
25,9818	-43,5388
42,3658	-49,4371
37,6473	-57,8909
37,7127	-39,0825
26,5720	-60,2506
44,1352	-62,0196
34,7639	-41,8350
30,3072	-62,0200
45,9705	-72,7676
28,9308	-55,4008
36,4022	-57,9568
21,5254	-61,8234
33,6498	-66,5421
22,5740	-62,6754
47,4121	-59,3333
19,1660	-76,5036
38,4337	-73,6199
17,4622	-60,2510
43,8075	-75,7172
26,7028	-80,4357
38,6957	-83,5815
37,2541	-74,5375
33,9116	-52,5177
37,8440	-82,5987
27,0959	-80,5012
26,7032	-73,8168
38,8268	-79,3872
42,0384	-70,4746
31,4869	-85,1546
40,2034	-86,9239
27,3582	-78,1423
42,1039	-89,7422
38,6305	-100,4899
46,5601	-79,9774
39,8102	-95,7716
52,4583	-89,4146
37,7785	-103,3082
51,2132	-109,6651
41,5796	-93,4123
35,8123	-96,9514
51,2136	-112,9420
41,1861	-92,4294
34,4365	-97,6725
34,1741	-110,3864
61,7647	-119,4959
33,7152	-108,3548
47,4780	-111,8939
38,4339	-114,0567
57,1116	-117,5956
32,7323	-116,4814
50,6891	-127,5571
46,2327	-123,5592
51,9995	-123,1663
32,9289	-134,7659
29,9139	-124,0836
26,3097	-129,8509
27,3579	-135,2901
17,0690	-125,7876
13,7265	-124,8045
26,7025	-125,2631
5,6654	-108,8140
18,5104	-117,7924
-8,2283	-123,4940
15,9545	-136,7321
-9,9978	-137,0598
6,1895	-128,0815
3,8958	-148,9876
15,0366	-147,0869
3,0438	-146,3663
-4,7550	-153,5752
9,7287	-147,7427
-4,7552	-161,3741
8,9424	-170,0248
0,9466	-149,4468
7,1073	-171,2048
-3,7719	-172,5807
26,0471	-162,4885
-1,2815	-174,1539
23,0324	-162,8817
1,3400	-174,0228
28,9306	-173,6951
12,7432	-170,5495
32,7315	-184,2464
23,2290	-183,7221
20,4108	-172,3845
14,9716	-192,6351
15,4957	-188,3096
9,2701	-178,4139
3,6337	-194,2081
17,5932	-181,5596
4,5511	-195,0602
18,4451	-196,8293
8,0247	-179,6593
21,2629	-189,0310
-2,1988	-186,8682
21,4595	-188,9654
6,1895	-207,3154
12,6120	-186,3441
-7,0486	-196,5022
20,9349	-220,1605
-8,1628	-202,4659
-0,9541	-221,9958
-12,4227	-224,0273
-19,0419	-219,5055
-5,6069	-234,3167
-17,5347	-233,0061
-3,3133	-233,8582
-30,0521	-240,9361
2,2571	-246,9655
-22,3190	-255,6818
-3,9689	-255,4852
-24,9405	-260,3349
-17,9280	-273,3110
-19,3042	-256,2062
-7,8358	-261,3838
-26,7753	-275,1461
-16,0932	-255,0922
-18,6490	-277,8988
-28,4140	-273,9008
-27,6929	-255,4199
-33,1983	-260,0076
-32,5427	-280,1925
-41,8490	-269,4445
-35,8196	-260,8595
-58,9539	-256,8619
-32,4774	-278,9475
-56,5293	-284,2555
-47,9441	-258,9590
-61,1824	-271,8041
-57,7746	-279,6028
-68,0636	-276,0637
-65,7048	-276,5225
-75,3384	-267,6097
-90,2808	-279,6029
-83,7927	-284,9109
-100,6357	-259,6797
-96,4412	-268,7239
-108,3036	-276,7845
-99,4560	-256,9273
-117,5441	-266,3644
-83,3343	-262,3667
-111,3184	-264,7261
-87,8563	-273,7044
-104,6335	-254,1093
-93,4269	-289,4988
-109,5486	-284,9110
-103,5194	-266,2336
-103,7814	-277,1783
-110,2699	-284,1905
-119,8378	-288,3194
-121,4765	-294,1520
-113,1534	-278,3579
-135,3049	-296,0527
-125,1465	-285,0425
-133,8629	-292,2517
-121,2800	-296,4458
-135,3704	-285,5671
-131,5036	-299,0677
-133,9284	-316,8276
-118,3966	-290,3512
-131,3070	-306,6700
-126,2610	-315,5826
-131,3069	-300,9028
-128,6858	-316,8280
-123,5737	-324,2989
-130,3898	-315,7138
-126,1297	-318,2697
-141,5965	-308,3083
-142,3825	-312,3716
-144,8077	-321,5463
-139,0404	-298,0846
-157,7838	-304,3105
-136,8778	-302,9341
-149,6574	-292,1862
-135,8294	-288,3195
-156,4732	-279,1444
-146,7740	-287,6639
-160,1432	-289,2366
-153,1967	-264,3330
-165,3207	-266,6268
-161,9131	-269,5101
-161,7163	-268,0683
-168,7289	-266,1677
-165,1241	-243,8856
-181,5739	-264,2018
-175,6099	-264,6603
-177,8382	-253,7814
-165,7797	-256,7962
-186,3581	-275,0149
-173,8407	-259,0897
-187,9309	-259,1555
-175,9381	-264,1360
-192,1907	-254,2402
-185,1132	-269,0514
-181,1810	-260,5970
-197,2374	-262,8254
-189,3072	-261,4488
-200,3176	-246,5724
-193,7635	-255,7474
-187,4724	-234,5136
-176,2002	-247,2274
-188,1931	-236,8727
-171,4159	-218,6537
-178,6248	-230,2535
-162,3063	-227,6972
-179,4111	-196,0436
-145,4636	-211,9033
-167,5491	-203,7765
-155,5559	-192,4389
-155,7524	-199,7133
-170,3671	-184,7710
-160,1430	-185,2299
-158,0464	-185,3608
-170,3668	-184,7053
-167,9421	-181,3631
-157,0632	-184,9018
-177,0517	-180,8385
-154,3108	-180,7728
-189,0449	-159,4084
-170,3671	-166,6828
-181,8360	-165,9616
-169,6465	-154,1652
-182,2292	-152,1993
-145,5293	-149,3810
-175,5447	-141,0581
-180,3288	-142,3032
-167,7456	-144,5967
-170,1053	-143,6137
-172,8573	-143,9410
-180,9840	-130,6375
-158,6361	-136,0768
-178,1661	-125,7876
-160,2090	-118,5130
-178,6903	-121,9209
-166,6971	-118,1852
-178,3626	-112,3526
-167,2869	-117,2676
-169,6463	-103,7017
-159,7506	-110,7797
-176,0033	-111,1726
-171,1537	-92,6261
-167,2868	-113,5977
-176,7244	-114,9081
-168,6630	-107,1751
-163,4861	-106,0608
-167,5491	-105,7988
-182,2291	-108,9447
-157,3253	-110,5174
-169,9740	-100,3595
-155,6869	-125,0007
-160,1433	-104,6190
-144,8736	-101,6701
-153,9830	-104,1604
-144,5458	-86,9244
-158,3081	-99,2453
-134,1911	-103,1772
-144,6111	-97,0167
-140,1548	-109,7307
-138,7784	-94,0674
-146,2496	-78,1424
-132,2247	-81,2880
-149,3953	-71,1956
-132,9454	-86,1376
-141,1377	-82,3363
-137,7951	-66,2147
-137,2053	-81,6811
-115,2509	-86,8582
-142,9069	-68,3117
-124,0979	-75,3895
-117,8721	-63,8553
-115,0541	-75,4550
-114,7262	-72,5713
-99,5876	-64,3138
-106,4031	-65,1003
-119,7070	-63,6584
-99,3250	-53,9592
-112,8258	-62,9376
-114,3981	-54,4833
-109,2868	-68,1150
-115,7746	-63,0684
-119,1170	-44,3255
-101,9467	-72,0471
-129,2752	-59,9227
-108,4347	-46,9469
-121,2144	-55,2043
-114,0054	-58,8741
-121,8695	-58,6119
-110,3354	-41,6381
-113,8085	-36,5920
-109,7455	-41,2449
-103,9780	-40,0650
-107,3205	-33,9048
-97,7520	-40,3273
-99,8494	-44,6525
-93,7543	-47,7982
-103,5848	-37,1158
-98,9970	-28,0067
-94,4098	-45,7666
-78,1570	-35,8707
-94,2131	-34,8222
-75,5355	-33,5770
-94,7373	-37,9679
-75,8631	-39,0163
-80,5160	-34,0357
-78,8122	-13,8507
-68,9816	-30,1693
-93,3611	-43,7349
-70,4886	-26,9578
-76,7807	-40,7861
-71,9961	-42,8174
-94,4751	-20,9942
-69,8990	-40,7861
-89,1012	-36,5915
-74,4211	-17,9795
-92,4435	-31,5454
-72,0619	-12,3432
-94,2785	-25,7783
-71,6034	-31,2172
-93,6230	-9,1973
-71,1446	-24,9260
-86,2177	-1,8571
-89,2323	-18,5035
-84,3170	-10,8355
-90,0844	7,8420
-81,0401	-9,5251
-96,2447	-20,6659
-77,5666	-2,7093
-97,2931	-12,9985
-73,4379	-9,7871
-81,1713	-10,1804
-73,3069	-14,8989
-85,3655	-3,1679
-63,4111	-4,8064
-79,4671	-11,4253
-65,4427	1,6163
-84,9721	-7,7554
-81,9576	-7,6240
-64,1972	-2,7746
-80,9093	-4,8717
-83,3337	13,2160
-88,7078	-11,4910
-69,5713	-16,7989
-86,0864	12,1020
-75,2074	5,4172
-85,9553	-10,2455
-57,5127	1,4854
-84,7758	2,1408
-78,7462	20,7528
-76,9111	0,9610
-52,2045	1,8133
-77,3044	15,2480
-65,6392	5,0899
-72,2580	5,4176
-66,8188	11,1193
-69,5055	8,0390
-70,0299	12,6265
-46,4369	2,0097
-75,4038	10,4640
-56,8569	11,5122
-65,7044	-11,0975
-45,2572	-1,4637
-61,1167	10,9224
-39,8177	-6,8378
-52,5969	-6,1824
-35,8855	-2,1193
-42,7009	-10,8354
-37,3928	-2,3814
-39,8172	-11,1633
-35,4920	-7,4931
-20,8773	-1,4639
-48,7302	3,1236
-28,6756	-3,4301
-31,8219	-9,5248
-20,2873	-9,1314
-38,2443	0,6989
-9,2772	-1,5294
-38,7686	-4,0196
-17,7969	12,9540
-34,4431	-7,2311
-17,3384	-10,8354
-30,0522	-6,3134
-9,8019	-8,6072
-41,9799	3,7789
-28,2830	-14,1124
-36,8681	1,3543
-42,0457	10,8568
-45,0601	-0,3497
-56,8568	2,9928
-37,5236	12,3643
-60,2649	9,8086
-46,1743	8,3013
-38,3759	2,0755
-39,8177	11,6438
-51,4171	22,8503
-37,4581	25,2094
-30,9043	-0,0873
-13,7343	23,0470
-36,4748	26,1924
-22,5157	5,0244
-32,4114	4,5658
-21,2049	8,4323
-8,2942	20,0321
-33,7878	-1,3982
-2,7890	0,0438
-20,6808	21,8669
-16,6827	-4,2164
-34,1809	-2,4467
-17,9280	11,5123
-38,4408	-0,7430
-16,8796	10,7914
-31,5597	0,8299
-23,0402	-0,8738
-39,4240	12,6920
-24,8752	-2,3157
-33,7879	13,3476
-33,3949	12,4299
-30,7076	11,8401
-40,2760	19,0490
-23,7605	6,8593
-21,6638	1,4856
-10,4569	10,0051
-36,0158	2,0096
2,7159	3,8448
-13,8648	0,5678
-3,7067	2,9274
-11,7018	20,5563
16,2816	8,0390
-3,1825	5,0246
-14,1925	21,2118
-15,4374	19,3769
-13,9306	24,1612
-17,1414	20,7533
-21,7949	24,6199
-18,5178	32,2876
-30,4456	32,2878
-14,9133	36,7443
-32,0183	50,3100
-11,8986	25,7341
-24,4161	23,7684
-8,6217	38,1860
-9,8014	31,5013
4,1578	32,2878
-2,2647	33,5984
14,6434	25,4720
-6,9175	31,8944
13,2018	24,2921
4,6823	7,4496
0,6188	25,1442
2,2574	24,0953
4,6165	4,9590
-5,9347	6,9251
-9,8012	2,3376
12,0220	7,1870
-12,3573	-5,0682
8,4832	-7,8206
-9,5392	12,7574
7,3689	-26,2364
-2,5924	-19,2893
19,8206	17,8690
-13,2748	-7,7555
-10,9810	-6,1169
-5,4104	2,9925
-15,4376	-5,1994
0,1602	10,6603
-11,5711	0,9610
1,4053	-6,3133
-22,6466	-0,8737
-5,1483	1,1579
-14,7168	22,8501
-7,5732	7,1870
-24,6780	-1,7911
6,5824	26,7825
-20,7459	6,5972
-1,8717	9,4156
-16,5515	18,1318
-9,0806	16,6245
0,2257	26,1271
-2,0028	18,1973
-6,5244	14,1997
-2,2649	31,3045
-6,4588	25,0783
-10,3911	4,1726
0,4879	15,9035
-19,3040	14,1994
4,2236	12,2990
2,9781	5,9419
5,0752	14,0028
-6,0003	9,4808
9,4660	0,1091
-10,9810	1,6166
0,4221	13,2162
-9,6702	3,5825
2,7813	6,0729
3,8957	-1,7915
-19,0420	0,0437
-6,6553	6,0073
-4,4275	4,1724
0,2258	-2,2502
-16,3549	6,8594
6,2551	3,9101
-14,5855	11,3812
-0,9537	5,6139
-8,3595	-1,1361
6,0584	1,5508
-5,6725	4,4343
14,0536	-18,3066
-9,9980	6,1383
-6,3934	-20,4694
-1,8059	-12,3426
3,8299	2,5336
-2,8545	-9,6560
-11,6364	-15,4231
8,0901	-22,8284
-14,0614	-6,9033
0,0948	7,0556
-19,1728	-8,4108
10,1217	2,5995
-15,3716	14,9200
9,6632	2,9272
12,2845	8,5633
24,9982	-4,2159
18,2484	8,5636
20,4763	29,4038
11,6293	21,5394
13,5296	9,7432
16,8722	27,7001
2,0608	18,3283
16,4134	27,3724
4,3545	22,9157
8,2869	10,8573
1,0779	17,0177
23,6876	10,4639
0,6845	12,1024
14,2504	29,4038
4,0925	6,9247
21,6558	-1,9877
-7,9006	8,1700
12,5464	-0,4806
1,2743	-2,4468
1,8640	1,1577
5,2722	-9,6557
-8,8184	4,2379
-2,9853	5,4830
-7,0488	3,7135
5,5998	1,1576
-6,2624	2,2063
7,3037	9,5462
-3,4443	-4,8061
10,7769	3,0584
-5,9346	12,4953
12,8086	-1,0705
5,4685	8,8911
7,2379	23,7674
-3,1165	-6,8377
-5,8693	7,1873
-0,8227	14,9202
-1,6095	-4,1504
-3,4442	19,1148
4,4198	9,1531
11,5634	15,0515
-3,3789	11,8401
2,8473	2,2064
0,0947	6,6630
4,4856	11,7746
3,9614	7,5803
15,1678	23,9642
-7,9006	-0,6117
12,2189	2,0756
0,4226	19,9665
14,5125	3,6482
15,4304	7,4495
20,4762	15,8379
1,6679	30,3869
16,4788	24,2264
14,3818	10,0708
3,1095	15,3138
18,6417	38,7754
1,9298	14,6582
11,4981	18,3939
5,7308	18,6559
11,1701	6,5975
-15,0441	22,2605
2,7159	14,1994
-6,2625	11,8404
-4,5587	21,4740
-10,9811	4,9590
-10,8502	18,1974
-3,3135	17,8694
-7,2458	9,1534
-11,0464	23,5712
-14,7166	14,3962
-0,6261	14,3308
-18,5175	30,7803
12,5466	17,2142
-11,9640	22,2608
13,1364	31,7633
-15,1752	30,3214
5,9275	23,7024
1,9297	18,0009
10,7112	17,2144
-7,9007	25,4719
0,7499	21,0153
6,3206	13,4789
-5,5418	31,8287
-12,8812	17,0175
9,5317	24,0298
12,1533	1,3544
-9,8013	-2,0533
13,4643	17,4761
3,6992	2,6650
24,8020	-6,5098
24,3431	10,0706
33,2561	-0,9395
19,2970	12,2333
42,2345	4,8276
29,6517	-16,3401
27,8822	6,6630
22,2463	9,4807
18,3794	-1,1360
15,4961	5,6798
18,3794	5,1555
14,3819	3,0583
2,8474	3,5171
8,4836	14,6580
9,2698	4,2379
11,4325	3,9758
2,4541	-5,7234
21,6560	-1,2670
-7,3108	11,9710
14,3161	-1,7914
10,4494	13,0852
21,5249	2,5994
14,9715	8,1046
10,9736	-1,1362
-1,0190	-2,3155
4,4860	31,0419
21,5253	9,7426
5,0102	-4,2161
37,6473	2,0753
9,9253	0,6334
24,6713	8,8909
25,9817	1,1576
36,9261	-1,0706
5,7312	19,1142
34,8291	-5,4617
20,3456	-5,9858
31,4209	9,4804
12,1536	-6,8379
25,9161	-3,1023
32,7318	-21,2557
11,4981	-10,3767
23,6225	-6,5102
9,2699	-11,0322
28,6688	-21,5833
13,5951	-7,1000
22,6395	-16,0130
7,5661	-14,2434
28,9308	-13,5881
14,0541	-22,6320
35,9431	-5,8547
23,8846	-10,7701
40,7928	-23,4182
33,2564	3,1237
37,0572	-8,6729
28,3413	-3,5608
35,0913	12,2330
39,7444	-1,7917
28,1444	-0,8084
36,1399	-9,7871
26,7680	-5,4614
27,1614	3,5822
0,2916	-5,9860
21,9840	-8,9350
-0,0363	-7,9519
22,4426	-2,3815
-7,9663	-11,8842
12,8087	-8,3451
-4,2306	-5,5926
13,5950	0,4366
4,5512	-12,9326
9,3352	-7,6896
6,0586	7,6456
5,5999	4,6964
27,8166	-0,6775
11,0393	-8,6727
37,9093	-2,1847
13,0710	8,1043
22,1809	-5,9205
22,6395	-12,4738
36,9262	-6,0512
23,1638	3,9756
27,1616	-0,0221
31,3559	-7,2966
38,2369	-5,3959
34,5672	0,8299
38,0402	-4,6096
22,0499	-5,3961
32,5352	-0,0221
22,4430	-10,5079
14,1198	0,4366
41,1206	-8,8695
16,2166	-14,3743
13,9232	10,7257
6,3866	1,2884
25,7850	-0,3496
14,9061	18,5900
31,3555	-3,0368
18,4450	4,1069
25,7850	8,6286
24,9333	5,4829
38,4989	-2,5778
30,6349	-2,1846
31,5523	-2,1846
43,9388	12,5608
14,5131	1,7473
33,8465	-11,8840
32,2733	1,6819
36,5989	-5,0684
26,5061	-2,5124
39,1548	-0,8087
29,7830	-8,0175
55,9317	4,7620
25,3265	-1,9884
44,7907	-15,1608
34,9604	-1,7261
42,9556	-5,7238
39,8757	1,7474
45,9046	-22,3698
34,3051	-15,4884
21,0012	1,2886
28,8658	-0,8088
22,4429	-15,2920
33,1255	4,9585
12,6125	-7,0348
43,2833	-21,5179
11,9570	-6,2481
30,6349	-10,9012
11,3672	-6,9034
28,2099	2,2061
15,4959	-12,9326
31,2243	3,2548
15,5614	0,3056
11,8912	-12,0805
21,2631	7,1870
20,0830	3,9755
9,5322	-0,6774
15,1681	-2,5124
26,7681	-13,4568
7,1072	-5,7238
25,9162	-12,2118
15,6923	-15,5541
22,7704	-13,5225
6,8451	-9,4594
23,2945	-7,4933
7,1727	-17,3892
26,3745	-31,0205
1,6021	-1,6606
11,8254	-29,9723
7,6314	-19,4206
0,8810	-6,9691
-3,3130	-19,4865
2,3228	-11,3600
-0,1672	-14,8334
-0,5605	-24,5327
19,0347	-18,7000
-10,7185	-23,3532
19,8213	-18,1102
10,2528	-9,5907
7,7626	-25,5813
9,8597	-28,7925
18,4446	-17,1271
14,1850	-15,8820
2,5849	-10,7047
-10,7839	-11,0324
7,4347	-25,6468
-0,9537	-21,6491
-0,1676	-24,6636
-2,5265	-16,6684
1,6020	-18,1758
12,0223	-20,3385
-2,2646	-19,8798
14,2506	-28,6616
0,2914	-23,9429
23,2291	-12,2122
5,1411	-20,1422
30,7657	-26,8922
17,4618	-18,3070
28,7342	-25,8437
15,3649	-31,2175
24,2122	-26,6300
17,4621	-35,3463
20,9353	-22,4357
25,1955	-37,5747
19,5589	-39,7371
26,2439	-32,2663
7,1072	-37,8367
31,2245	-32,6595
1,0123	-41,5069
11,8259	-47,5360
0,8813	-26,5647
12,3499	-32,5943
-1,4125	-44,7836
11,8257	-33,8393
14,7093	-37,9025
14,9712	-34,1668
6,7140	-35,8053
13,8572	-39,4751
6,9107	-27,9408
7,3038	-34,1667
22,1804	-41,1788
-4,6893	-15,0301
13,5954	-21,6494
-3,4443	-17,1929
12,6124	-25,5815
3,8958	-28,2683
14,5128	-22,5667
3,8960	-20,8628
21,4594	-31,5450
7,3039	-4,4787
20,9351	-11,8845
12,1537	-14,8989
28,6682	-16,4063
11,2360	-22,8943
10,3183	-10,1148
13,2677	-12,7363
1,0123	-29,4478
10,7118	-10,3769
-2,9199	-14,7024
17,3308	-21,1248
-6,4589	-9,5251
7,4348	-26,6953
-3,5753	-18,3066
11,1046	-14,1779
-7,0488	-18,1100
-4,8207	-0,4153
-12,8159	-14,1124
-8,4909	-12,2771
-13,9955	4,4344
-9,0806	-5,5925
-7,1798	10,0705
-20,0250	9,2184
1,4711	-9,5247
-18,1899	3,1238
13,2676	5,0896
0,2256	-7,8208
14,6438	1,6819
0,9467	-6,6412
22,6391	1,4853
11,5636	-2,1848
9,4008	-11,2286
8,0904	3,3205
26,3746	4,4999
18,5761	-11,0319
24,2774	10,9882
15,6270	8,4976
14,5783	3,0582
31,4212	10,5294
11,9568	9,5462
34,7635	6,8593
0,4226	3,5826
19,6248	10,0050
21,1975	9,2841
17,5275	-3,8231
16,6756	4,6967
27,2267	-1,9227
-0,4293	-2,9712
6,9107	-0,6775
20,9353	-9,6558
6,1238	-17,0614
-0,0361	1,0265
-4,4929	-7,2968
2,3231	-19,1585
1,2740	-6,7067
-7,8351	6,0726
-16,8792	3,4510
-1,3471	2,5337
-14,0612	-12,6706
6,1894	-2,7089
-13,4057	-11,0322
8,8764	-11,5562
-4,6895	1,6163
9,5972	-9,3939
-3,3787	-10,5733
3,0437	-17,6513
8,7453	-8,2140
-3,3134	0,0431
-0,7572	-14,3092
2,9125	-20,7970
3,3059	-9,1973
-19,9593	-10,8360
15,6268	-18,8311
-5,0828	-24,2051
6,3862	-14,6367
-6,7209	-4,5444
20,5419	-20,7972
-2,4612	-25,9087
13,9227	-0,9397
-0,6261	-16,3408
6,2551	-14,5055
7,1727	-13,7193
2,1916	-20,0105
-1,9366	-9,0662
-2,9856	-24,5983
7,2382	-23,0906
-9,9324	-2,8405
8,4834	-34,3632
-2,7891	-19,2897
2,3229	-11,9500
-6,7867	-18,1102
7,4347	-5,5929
-6,1968	-14,3748
1,4708	-26,2364
-12,6193	-5,2650
-2,9857	-17,9135
-9,6047	-12,8014
-14,1270	4,6964
-18,1244	-2,3159
-12,0954	-2,5779
-15,5031	2,0751
-24,1540	-10,3766
-19,0419	11,0536
-15,8308	9,6117
-0,6264	-4,6750
-17,2726	7,1214
-5,6726	2,6650
-16,9448	12,1021
-7,8354	1,9440
-26,2508	0,8956
0,2254	-1,9881
-17,6658	-1,4637
-4,6244	1,3543
-20,6150	11,3156
-23,2366	-1,9882
-15,6996	1,3542
-27,5622	-0,7430
-21,2701	-16,6682
-19,6976	-18,8963
-7,7044	4,8929
-34,7051	-11,2944
7,3691	-15,4232
-3,3135	-20,9937
7,3035	-13,3915
-5,6724	-6,7070
22,6389	-18,1101
-4,3617	-1,4641
13,5951	-11,4255
8,4834	-9,1317
6,2550	-11,2288
18,6415	-23,6150
1,5365	-5,5269
13,4642	10,3979
6,7138	-12,1463
21,3285	1,9440
-7,1142	-2,4470
20,4766	-9,8524
0,5535	0,9609
13,3986	-11,5565
-4,4926	-0,6774
17,5928	2,7957
0,2915	-9,9836
14,5125	-10,4422
2,1920	-1,0053
12,8740	-12,8015
7,2381	-0,8084
-1,9371	2,3371
4,6823	-3,9542
-9,4738	11,4468
-1,0849	-2,2504
-9,9325	-9,9178
6,5826	-4,2818
-18,1245	-10,2456
1,4053	-5,2649
-17,4035	-15,6852
5,2718	-20,6003
-9,5392	-0,2188
-10,5879	-21,7802
-8,6215	-19,9450
-6,3282	-9,2628
-7,3765	-11,7531
-9,8017	-3,2335
-8,9493	-18,8310
-10,5881	-12,5394
-14,3233	5,4828
-22,7776	-9,5249
-9,4736	-0,5462
-18,9109	0,5022
-10,0637	1,4853
-17,4035	6,2695
1,5362	7,3179
-8,2285	-1,5293
5,3372	14,1338
-14,6509	14,2646
-7,3110	4,2378
8,8765	6,3349
-6,9835	2,4027
-0,6260	-3,4954
0,2911	-7,0999
-2,8543	2,2062
-9,2113	-3,1024
17,0686	-3,8232
-4,7549	0,2400
14,3819	1,8781
12,3501	-17,4547
21,2631	-12,1462
20,0836	-8,4109
37,7781	-14,5056
28,6033	-14,1779
39,9408	-9,5905
27,0959	-18,4377
36,1396	-2,4470
11,3018	-1,9884
5,6001	-13,7849
21,4597	-19,0930
8,9419	-10,1146
-7,5073	-9,1317
-11,8327	-19,5517
7,0413	-2,9056
-22,4498	8,3663
-10,9810	-7,4277
-27,1685	3,7134
-14,4547	-0,9397
-27,4306	-8,8040
-15,5034	2,5338
-23,2363	-7,2312
-21,2051	-18,7653
-16,6827	-7,7554
-14,5859	-14,8988
-10,5879	-12,8671
-22,9743	-10,5734
-4,5584	-7,8210
-25,9889	1,8783
3,1748	-2,0538
-9,5394	-9,9180
-2,3305	-1,3983
-32,8702	3,1891
-4,7552	0,4366
-19,9597	-1,3983
-20,6151	8,3010
-27,6929	0,3711
-21,3361	-13,7189
-30,1832	0,9611
-26,1203	1,1577
-25,6612	-4,6750
-24,5474	1,0268
-8,8185	12,2333
-24,9406	9,6119
-8,2941	15,7724
-27,8895	20,0977
-14,0612	8,6290
-22,1876	33,0738
7,3034	12,6920
-19,7629	4,3693
-6,3279	22,7847
-10,5877	4,2378
-2,0029	-3,0364
-4,5585	-3,1022
-1,9374	-2,8399
-20,0248	8,6941
-13,6026	-4,0854
-3,9030	-15,5540
-21,5323	-4,4785
3,5026	-7,5588
-4,8207	-18,1755
10,5803	-2,5780
-8,2939	-4,6099
21,8525	-8,2797
-2,0680	-18,7655
19,4278	-14,8332
12,1533	2,4026
13,0708	-6,3139
22,4427	-10,7045
15,1023	-8,8695
12,2193	-12,6705
18,5758	-0,2187
16,6756	-11,4254
7,3037	-3,9541
17,7242	11,6430
2,2574	-16,6684
20,2145	-22,6976
-0,9538	-1,6606
9,4010	-15,5544
0,4881	-6,1174
15,9543	-21,9115
-4,5582	-30,3655
13,7261	-19,2899
7,8936	-19,4213
4,2888	-38,7541
3,1751	-17,7826
-6,1969	-28,2030
7,1728	-23,8774
4,6820	-25,7125
1,9953	-27,4162
-11,1775	-4,8719
7,4349	-19,2899
-12,8815	-11,9494
9,5975	-4,1508
-12,8160	4,6311
6,1238	10,1359
-16,8137	-3,3643
-2,5926	8,8254
-21,2046	3,6480
-5,8040	-15,3573
-18,5832	-0,7427
-15,8966	8,4319
-12,3574	-9,3938
-24,0230	-16,2749
-7,3111	-16,0128
-10,4572	-10,8355
-27,1685	2,5336
-24,6125	-4,6099
-2,4616	-12,2774
-24,1540	-4,7409
-8,8186	-13,1294
-29,5934	-15,7508
-5,2797	-11,3599
-24,1539	-16,7994
-11,5712	-10,0492
-14,7821	-20,9280
-5,0833	-17,1268
-11,0466	0,8298
-19,4354	-8,7384
-0,7573	-5,6581
-12,4230	3,9100
0,9466	-6,1825
-16,4205	-4,0853
3,3059	-18,8964
-9,9981	-14,2432
-5,8037	0,6333
-19,2385	-7,1002
-9,0806	-6,7722
-18,4521	-8,3454
6,9100	-19,9451
-13,6027	-3,2333
-15,1100	-3,6267
-14,7166	-8,9351
-18,9111	-2,5125
-11,7019	1,2885
-12,2266	-19,6827
0,0945	8,0390
-23,4331	6,4004
-4,0998	-4,3472
-18,3212	-2,1190
4,6820	8,6289
-23,6952	11,7089
3,3058	-1,8569
-10,3911	-6,8375
1,6019	12,4298
-5,3447	-8,8693
18,0514	-0,8083
13,3985	5,9417
8,4832	1,5507
-2,0022	4,3031
7,8934	-12,4738
12,4811	-8,0829
-3,6410	14,1989
17,1340	-13,5881
-15,5686	-4,0853
3,6337	2,6649
-3,7065	14,2646
0,6189	-0,1531
-4,5582	-2,6434
15,6264	-2,3155
-9,8668	18,1971
3,4371	12,1678
2,9128	9,2843
7,6310	6,5973
-1,4126	10,5296
-7,9664	22,0636
-1,6746	-2,5124
2,4536	-11,2283
-8,3595	8,3011
-8,2284	-0,7430
3,1092	-0,8740
-6,7868	-0,2841
0,5533	-5,9859
-11,7673	0,0434
6,2549	-1,4639
-3,7719	-1,2673
16,5441	-1,7261
-3,4442	-11,4253
5,4687	-11,6219
6,2553	-10,7044
-0,8884	-14,3745
5,1412	-15,6850
-9,4080	-2,9712
8,1558	-11,0977
-13,2092	1,8784
3,2405	-9,9837
-2,6581	-9,7868
-7,9008	4,3033
-21,5322	-11,4254
6,1892	-7,0343
-11,5054	0,4366
-1,8061	-12,0151
1,7329	-5,9202
5,1406	-2,6437
-8,8838	-19,4863
-11,1120	-7,0344
4,9444	-18,9622
2,0605	-28,4648
3,6993	-12,7363
0,4879	-10,5738
19,0346	-12,8676
-10,9808	-32,2007
25,8503	-25,0570
-0,3641	-16,3409
15,4958	-22,8289
5,3377	-13,1297
25,3260	-19,0278
11,4325	-24,0740
17,7895	-15,4888
2,7165	-20,6662
11,6291	-32,0693
16,3479	-11,1633
9,2042	-24,3363
14,8406	-24,1393
6,9760	-8,6075
3,8961	-12,0811
-0,2984	-22,3700
11,5637	-14,3746
-12,2916	-14,2437
9,3354	-13,1951
-14,2578	-19,8798
2,7814	-23,6151
-13,2747	-8,6076
5,0095	-16,0133
-6,5902	-19,3553
-9,5395	-19,3554
-4,4273	-8,8042
-11,5057	-13,9160
-11,5707	-1,6607
-13,1439	-19,6830
4,9443	-15,4887
-17,3382	-15,6854
-4,6239	-16,4717
-18,3865	-7,2312
12,2188	-11,0979
-6,9177	-10,3114
13,7917	-11,6877
-5,2137	-16,4062
-0,5607	-9,1318
-4,9514	-25,8433
11,3012	-7,8864
-5,2138	-9,3284
-18,1244	-18,7654
-5,7380	-4,4130
-21,0738	-10,0493
-16,6170	-15,6852
-29,6589	6,9902
-15,3062	-6,5759
-19,5009	-7,5586
-3,9687	4,7619
-26,6442	-4,4129
0,2257	-7,4930
-9,0150	5,6796
1,7985	1,4198
-1,2160	19,1144
22,1145	0,3711
5,2066	0,1093
19,2967	11,5778
13,0711	-2,3813
12,0222	-1,8569
32,7974	-6,1168
2,6506	-2,1191
16,6102	5,1552
1,1434	-8,0830
20,8700	-1,0704
-2,0024	23,3741
18,4450	-3,0369
9,2043	0,3058
20,2797	-0,8740
-4,5582	-5,7237
12,2844	6,9904
0,9468	6,3347
5,1409	-17,7165
9,9908	9,4151
14,5124	3,8444
-1,3470	-12,2117
-3,9686	5,3520
7,8936	-2,2504
-2,3957	-4,1507
21,0007	10,0702
4,9442	-12,9982
16,0855	-1,7260
-6,1967	-18,3723
20,6074	-20,4036
8,6143	-6,9035
4,8787	-18,9621
-2,7887	-12,6051
5,7961	-17,3237
-0,6916	-20,3384
7,1069	-16,4716
0,2914	-13,1951
-5,5415	-23,8773
-3,1163	-13,0639
-0,6916	-9,5251
12,8742	-11,6878
-7,1141	-19,4865
13,4641	-12,9328
-9,2113	-4,4788
12,1534	-5,5930
-3,9028	-12,9984
20,2142	-7,3622
15,8889	-11,6222
17,3960	-11,4910
0,2916	6,2036
12,1534	-19,7486
12,4155	-1,4638
0,8155	-2,5783
13,7917	-10,1145
1,0774	16,8861
-2,3302	1,2230
-11,3088	-1,7914
-2,5925	19,6388
-25,0057	11,8400
-2,2647	15,5757
-10,8499	10,9226
13,1360	0,8959
-9,4737	24,3577
11,1045	10,2672
1,0122	6,0077
4,6821	18,2627
-0,7571	6,7938
1,6674	7,5148
7,2382	2,0752
1,4054	-12,6704
3,6993	1,7476
-13,2091	-3,2990
-0,4294	-9,9179
-1,0850	7,0557
14,5125	-12,0152
-2,8545	-4,6096
13,5294	-12,9328
-6,3933	-23,2872
14,2504	14,3303
10,3182	-3,7579
6,3861	-25,0567
8,6146	-0,7430
11,1046	-8,2143
4,0272	-8,6729
12,6776	-8,7385
9,7287	2,7302
7,6970	-1,8574
19,8868	-19,0275
-3,0508	-14,8332
31,3556	-9,9836
3,3062	-7,6244
27,1614	-6,1825
14,8406	-12,9984
26,7680	-12,1463
19,4938	-5,7893
32,9284	-6,1172
18,3796	-15,6197
23,6880	-6,0515
21,8530	-11,6220
11,4982	-9,8525
19,0350	-3,8232
1,1435	-11,4255
7,1074	-6,5101
5,5998	-7,0345
14,6437	-18,5033
-10,3911	-11,0322
9,2041	-7,9522
-10,9811	-23,5497
-12,0951	-11,3600
-17,7310	-16,5374
5,0096	-17,0616
-10,6533	-18,5690
3,8299	-18,6345
4,8131	-7,1001
-10,3259	-5,0686
1,6021	-9,4593
-0,9543	13,2815
8,9422	-5,1995
-10,3910	1,7474
31,0278	-6,3135
0,3569	-3,1022
17,2654	4,3033
8,3525	0,6333
20,9352	-0,0875
4,5516	-3,8886
27,9475	4,6966
8,6802	-6,7067
23,6223	-1,0705
25,9161	6,8592
19,8866	5,0242
20,2146	7,7768
8,0246	6,7936
24,0814	12,6263
12,0223	-2,1193
5,8624	-9,5247
4,3549	-1,5294
18,9037	2,4682
-7,0485	-1,4640
11,4981	-27,2851
-1,2814	-17,9787
18,2479	-3,2990
-10,2600	-6,3793
5,2719	-14,7678
-1,5438	-3,8234
-5,1485	-20,9282
-4,0996	-12,6049
-13,9303	0,0433
-4,2962	-9,9836
-14,9132	10,1360
3,5681	-4,2820
-15,3720	-7,0342
3,5026	7,3180
-1,5438	-3,4301
12,0221	-10,1146
-7,9662	-9,1316
15,3646	-18,7655
2,5851	-7,3622
8,4832	-20,6008
0,3570	-22,6322
18,0514	-13,5229
2,5196	-27,3510
2,9783	-27,4820
12,6123	-32,8560
9,9905	-35,0186
11,0394	-27,1545
6,5829	-38,0989
17,3310	-34,1010
7,3694	-24,0743
27,3580	-23,8120
16,2169	-20,6662
36,2053	-12,6709
14,3818	-25,6467
39,8754	-3,6266
19,4281	-3,8233
25,7851	-7,2309
24,5400	15,7720
15,3648	-1,3983
15,4960	5,9420
13,3332	13,2162
13,2678	3,5170
7,8937	-4,4126
17,1344	6,2696
5,4689	-0,5465
29,3240	10,5292
6,9761	-10,9012
15,5615	-13,9812
11,6293	-10,8357
23,2290	-23,4186
10,6462	-11,3600
19,3622	-24,0741
5,9276	-34,9529
9,3352	-18,6345
13,2677	-16,9307
6,3859	-22,5011
8,8767	7,7764
10,8425	-13,3263
22,2459	-13,1293
-1,6748	-0,2844
18,0518	-9,1316
2,1921	0,4367
28,0131	2,4026
16,4789	-13,2601
38,6955	5,0897
3,5683	-4,8061
31,3556	3,1894
24,0156	5,3519
24,0152	1,1578
8,5493	17,5415
22,7047	3,6480
26,2437	5,6142
10,7115	7,4492
16,0203	9,0875
-1,1503	14,7237
29,5861	8,7598
8,1557	2,2720
20,4111	18,0005
-1,8712	7,1870
22,3772	10,6606
7,9594	11,9058
29,2584	7,5148
18,9694	17,1487
34,0425	21,4739
27,6856	3,1895
17,2653	13,4786
28,6689	5,7453
28,7340	5,0901
29,9139	17,6073
11,6948	18,8524
27,3582	2,7307
17,2654	15,3792
30,4382	18,7212
14,9062	5,3520
32,0767	2,1408
24,2778	0,4369
36,9916	15,5755
13,7266	1,6819
43,1520	-0,6770
16,4791	11,9711
23,6224	9,3498
18,1176	12,2334
19,5591	8,3669
31,1592	10,7918
14,5128	27,5687
37,7783	8,3667
10,1219	15,7725
28,9966	29,2726
9,7943	4,7621
19,8870	7,3184
9,1390	10,7915
30,5035	11,0537
2,7820	4,8933
25,3262	13,5441
16,2168	1,7477
22,2458	17,6728
13,0056	4,8278
17,7239	-0,0872
14,5785	8,2358
9,5320	5,3522
27,2268	21,0153
8,2867	12,4955
14,6440	9,0878
3,4373	11,9059
20,2143	9,8741
1,0124	4,6314
17,3307	16,0345
1,5366	4,6967
21,8524	2,1409
-8,6871	6,7939
3,6335	-0,6117
-8,4905	8,2354
-7,1145	-6,1825
0,8810	-7,1654
-3,0514	-1,3329
-7,7697	-12,2118
-13,2748	-2,9057
4,6167	-8,7385
-13,1436	-9,3937
11,2360	1,2885
3,1748	-19,9452
21,7871	-13,9155
6,9761	-7,4278
24,1464	-19,7483
14,5783	-8,1485
13,0708	1,4196
11,0395	-14,1778
7,8935	0,7645
6,2554	8,8252
8,2866	-11,2940
12,4811	9,0876
-2,5268	-7,0343
13,5297	3,3206
5,0098	12,1677
14,3815	2,3374
-9,2113	13,7405
30,5689	6,2038
-0,8885	-2,9711
8,6144	-1,5293
1,6021	-6,7067
10,7768	-5,7236
1,2090	-1,0707
10,0559	-10,1800
4,4201	0,6333
-2,1337	3,2547
6,8451	-4,6095
0,1600	10,4636
8,4836	-4,3474
8,8764	-2,4466
10,3185	11,3812
3,3717	-0,1531
16,3479	2,6650
9,5321	5,6798
35,2877	14,7235
10,5807	5,7451
28,2754	-9,2625
21,9185	1,5510
35,3530	1,4852
20,2801	-17,9133
20,0832	-9,7868
27,4891	-10,5735
12,4810	-14,5711
16,2825	-17,3239
11,2359	-17,7826
29,9138	-30,0378
2,7818	-19,3556
18,1830	-10,2462
15,2992	-22,4358
31,8797	-24,7950
8,3525	-19,8141
32,7973	3,0577
13,8576	-10,1149
32,7973	-9,7214
16,1514	1,9439
23,2292	2,2716
25,4576	-0,4808
25,7850	-0,0875
24,9333	-0,8085
18,6415	3,1893
23,3604	3,0581
5,3378	-3,3643
20,4112	11,1191
3,1750	-8,6729
11,1049	-14,8328
-17,9275	6,7282
13,5297	2,3372
2,1262	2,4683
7,5656	-10,3767
-7,3763	-7,8207
-3,3135	7,1868
0,8811	-7,4932
-9,5394	-8,8693
1,8641	-2,3813
-7,2457	-3,6920
0,0291	-5,1338
-17,4692	-10,4423
-8,4251	-5,1338
-20,0251	5,2863
2,7813	-3,2334
-27,0376	-10,1802
-18,9766	3,8445
-25,1369	-4,5441
-11,4401	-1,3984
-14,1925	-1,1362
-12,8819	-12,9325
-9,2117	6,0073
-13,4062	-6,4447
-13,2747	-14,8986
-9,7361	-7,8207
-17,6001	-10,1146
-19,9595	-5,0028
-2,1991	-9,1318
-17,9280	-17,0615
-0,6919	-6,5104
-21,0737	-17,1274
2,1916	-23,4186
-25,0058	-15,6856
-2,7891	-28,3996
-12,8161	-35,7394
2,1915	-30,3001
-20,6804	-18,7659
-17,4036	-30,6935
-8,8839	-30,6279
-14,7823	-23,9432
-11,3742	-24,9263
-21,8600	-28,5961
-0,0365	-25,6471
-11,5054	-13,7196
6,4515	-16,6686
-9,7359	-18,2413
9,6629	-19,6831
-8,4906	-13,5880
10,2528	0,3710
-10,5876	-5,8549
6,3206	-7,6898
-8,4903	7,3834
-0,3640	-5,3961
3,3717	1,0920
-1,4782	-6,3136
-0,8880	-17,2579
6,6481	-2,1193
0,8157	-0,4810
-15,3062	-10,9667
13,9228	-15,5542
-15,1099	0,4365
0,4224	-8,1487
-12,8815	-10,6390
8,1554	-18,4376
-13,6679	2,5338
15,4299	-11,6876
-0,1019	-12,8014
15,4956	2,2716
11,1049	-16,6681
14,2506	2,4028
23,2293	-9,6559
23,8844	-8,2795
31,6180	3,5824
30,3070	-10,9667
25,8508	-13,7190
15,6926	1,9439
21,3942	-3,4301
0,5538	-6,3791
36,9260	-10,4424
10,1216	-11,8185
11,6289	-0,7430
-5,1482	-0,6777
6,8447	-16,6681
-4,4930	2,7960
-14,7168	-7,2966
-10,6532	-7,6241
-19,1734	-4,0196
4,0268	1,1577
-14,2582	14,7236
-13,5368	2,4029
-9,9980	-0,1528
18,6412	10,5295
-9,5392	5,6142
13,8574	0,4370
18,4448	10,5295
16,5442	6,0072
9,7290	-1,2671
33,5837	3,5170
23,4914	-9,3282
21,7217	-2,6435
27,5548	-13,5225
37,6468	-7,2965
22,7705	-6,3138
20,5422	-23,6806
35,7466	-13,4570
14,3816	-12,4086
24,8677	-12,6707
14,0540	-9,3941
24,1466	-18,6345
12,3501	-17,9790
27,2266	-7,1657
10,1875	-16,1442
18,3137	-5,0685
3,7651	-18,6346
17,1341	-14,1123
15,8891	7,5798
7,0416	-15,4889
13,3333	-28,1368
20,7384	4,7620
25,9815	-4,6098
-1,8714	-1,5294
21,3288	-5,6583
7,8281	-18,6342
24,9987	6,2694
10,4497	-3,8234
22,4427	-24,5981
6,4521	-13,0637
34,7633	-21,1248
16,3479	-17,6513
26,1126	-16,4063
14,5130	-19,6175
20,5421	-11,4910
15,8237	-19,5521
21,0664	-26,3020
18,0519	-4,2821
13,7266	-18,5690
37,4507	-18,6999
23,9499	-2,5783
24,0159	-18,7656
25,3265	-23,8773
33,1251	-13,1295
13,4645	-30,1032
29,5862	-3,6267
21,2633	-18,7003
34,4357	-29,6443
22,7050	-0,9398
18,2484	-9,2630
18,2487	-16,4718
21,5908	-18,3067
27,6857	-16,4062
14,9715	-0,9398
22,6396	-16,2752
15,3649	-25,4500
40,6617	-2,9713
20,0178	-24,9915
33,9770	-23,6151
10,5152	-13,5226
28,3409	-17,1928
5,6655	-10,2460
29,5860	-14,4404
12,8087	-29,1857
7,9590	-9,2629
5,2068	-22,3045
13,4639	-16,7339
10,2528	-9,5250
-6,3279	-6,4449
11,9569	-1,7262
4,7476	-7,1002
12,0880	-21,1903
-1,4126	-8,1487
7,5660	-1,8576
-2,7886	-27,1541
30,1100	-13,3916
-7,4420	-16,9962
9,0075	-6,2482
-6,1312	-15,4890
4,4853	-26,5641
-16,3550	0,4365
-12,6196	-16,4064
-16,5516	-15,4230
-30,6422	1,7472
-30,4451	-8,8696
-31,2319	0,8299
-20,1562	-6,7069
-39,0305	-11,1631
-4,1000	-1,8570
-16,5518	0,0434
-2,9204	-6,6411
-20,3526	7,0559
7,8276	-3,1679
-11,1775	-7,1653
14,9712	-6,8377
0,8811	-4,1507
-0,8886	15,7065
-2,1990	-7,2311
-5,4762	-10,3109
-13,1436	14,7891
-15,3065	1,0263
1,0121	-5,7890
-28,4793	18,5245
-14,3887	2,0095
-21,0738	2,2719
2,3881	3,6481
-20,2874	13,7407
-5,8695	11,4469
-18,8454	2,5339
-5,0832	14,0685
-23,6296	20,4908
-4,5590	8,8911
-19,6975	16,3622
-11,2436	17,4761
-14,1925	3,0585
-32,6737	19,3114
-11,8330	12,7577
-32,7392	14,1341
-5,5416	19,6389
-28,2829	30,5835
-20,4837	23,9642
-16,5518	14,2651
-3,9034	6,8597
-21,0737	26,1928
-7,7698	26,5857
-15,3719	6,4664
-5,8039	19,6392
-5,6725	25,2751
-14,9789	24,0299
-4,2307	11,9059
-7,9011	13,2167
-2,7890	19,1803
-8,8841	10,0708
-3,4442	5,2212
-5,2794	16,3622
-0,5607	6,8595
2,3229	14,8548
15,4300	12,9541
-1,1504	16,4931
15,1026	15,7066
15,1026	6,9248
30,3067	-6,9686
14,3162	14,5272
16,6099	9,1530
18,1830	9,4807
9,6630	1,7475
17,6588	-1,2015
20,2798	10,9226
23,6878	6,4004
5,3378	-7,8862
18,4452	15,9687
22,2461	-13,7190
25,2606	-5,2646
11,4327	18,4591
38,6300	-4,6750
14,9060	1,4199
30,5034	-3,6920
20,3455	-8,3450
15,2990	6,2694
6,8453	-0,3499
8,0901	-2,9712
19,2970	5,0241
9,9905	-7,8208
5,5344	8,0388
-7,7039	-0,4808
16,3478	3,4514
-12,1606	17,6727
-6,5242	10,3982
-7,6386	-2,5777
14,9711	8,5635
-19,1731	19,3111
-5,9348	14,1340
-17,0103	14,1995
-1,0853	5,6800
-14,7166	21,8673
-19,8285	17,6729
-3,9032	13,2166
-24,0230	18,0006
-12,4882	-0,0218
-30,9042	15,6414
-5,9347	7,7113
-22,8434	10,1363
-14,1924	21,2773
-31,1662	1,4854
6,0580	-0,0215
-32,6081	30,3212
-11,3088	17,0828
-26,9063	-1,4636
-1,5440	3,4518
-14,3233	7,5148
-0,3643	12,2334
4,9443	13,2163
2,5192	-1,6602
8,1557	10,5949
-5,2139	-1,1360
0,8814	3,9102
-11,0464	6,0072
17,4617	-15,0298
-8,5562	-9,9833
1,8642	-10,7701
-11,7675	-13,5224
-9,2117	-1,8571
-8,8840	-1,9884
-4,9521	-10,6389
-21,8600	-2,1849
-16,2242	-5,7894
-7,2455	-12,9981
-12,0956	-3,6921
-28,1513	0,1090
-20,0250	-2,7746
6,3205	-15,0953
-7,6389	-15,5538
-7,3764	10,9224
-19,6315	2,1404
11,8912	-6,7721
-5,6070	10,5292
7,6969	-10,5078
-7,1141	-3,2988
13,9883	-10,9666
-5,6723	-13,4568
18,3792	-1,9883
8,4833	-15,1611
0,1602	-15,0300
15,7579	-16,3408
5,1408	-15,2921
12,6776	-15,7510
-2,3957	-15,8820
17,0687	-15,0955
6,9103	-6,1826
9,8598	-17,5859
2,8474	-10,4423
23,8189	-7,8866
-0,5604	-21,3212
23,2292	-6,3136
16,9377	-10,9013
20,6731	-18,6343
5,9935	4,6308
29,6516	-20,4697
24,6054	-25,8432
26,6368	-4,8063
24,6054	-4,1512
11,5637	-21,7147
24,4089	-13,8503
9,5976	-5,3963
26,9647	-14,2436
0,9468	-18,0447
20,2800	-21,9766
2,5852	-4,3477
15,5613	-15,4887
14,5127	-12,0808
20,2140	-13,9813
-3,2475	-16,3406
2,7160	-6,8378
-9,8011	-11,2289
-1,2817	-17,1926
-0,1018	-5,2651
-3,7723	-14,5713
-2,4612	-13,1949
-17,9279	-18,5688
2,6505	-13,7847
-19,5664	3,7790
4,3544	-8,4764
-21,5979	-7,2310
8,3519	18,0002
-14,3890	-5,1340
-6,2625	-3,1677
-11,6363	3,5825
1,3394	-4,4783
-11,5708	11,4468
-11,7677	2,8615
-16,3548	-4,8060
-13,2095	1,0266
-15,6995	-1,2018
-15,5687	-3,6920
2,3228	2,6648
-13,7993	-8,6729
1,7986	-12,9327
-11,8985	-13,7847
14,3814	-18,6999
-6,1968	-4,9376
15,8887	-21,3871
6,1895	-32,6590
10,3181	-14,3747
-2,9854	-29,7101
6,2550	-13,4570
6,1895	-12,0810
1,2086	-9,3282
13,6607	-8,0176
3,6334	-15,1608
10,7771	-18,2409
-8,8182	6,0073
17,8551	-0,7430
-5,6069	1,6166
20,8043	-1,1360
3,8302	7,5148
16,8720	6,5316
5,3377	-11,6216
22,9011	2,9929
2,3886	12,2988
20,2797	-2,2501
10,5805	10,3984
3,6991	17,8038
5,1412	5,6142
12,6119	10,5295
8,2213	11,6435
-3,9684	18,4593
23,2291	16,0343
4,5511	8,4322
14,5785	10,4640
14,3162	25,7991
33,9769	4,4999
14,1197	6,9905
34,1736	7,0558
15,5615	-4,1506
18,5760	11,9710
0,0952	-4,4130
10,7117	-2,0535
13,5954	6,7280
-3,0509	-4,3476
13,0056	-8,9350
-4,4928	-5,5272
15,7581	-12,0152
1,2743	-0,2844