-2,6626	-1,2035
2,9744	-20,7331
-5,7426	19,7679
15,5572	-12,3445
-9,5436	2,2701
22,5039	1,2870
-19,2429	-2,9070
11,1662	18,6544
-35,8888	25,2078
9,5275	11,2490
-29,4008	24,6184
-0,3031	33,2035
-34,4470	27,6330
-3,1212	28,5506
-13,0168	14,9847
-7,7088	39,1674
-7,2493	32,3512
2,9735	0,8941
13,4599	4,4332
-9,0848	10,3310
17,5889	-1,0721
-3,5795	0,7625
28,9923	-29,1873
-9,2154	-15,9489
28,5991	-8,6094
5,6616	-35,6756
38,6914	-25,7795
0,9431	-14,4422
37,5119	-28,2703
13,9847	-26,7628
34,2349	-39,8701
24,2739	-24,2068
18,5060	-24,1416
26,9608	-42,6224
17,3262	-30,6948
19,3584	-20,0782
-7,3806	-31,5468
20,6035	-24,0101
-7,9704	-16,1459
21,9796	-13,0657
-20,0289	-16,8013
14,0499	-27,4835
-3,2517	-11,9514
8,7412	-5,6603
-2,8582	-27,6146
25,0595	-18,4395
5,2026	-28,4012
19,3579	-18,4397
21,5867	-38,8216
22,0448	-60,1859
16,4094	-26,6318
0,0250	-27,4842
37,9707	-58,0236
2,2531	-49,3728
38,3638	-43,6058
-14,7205	-46,6205
38,8880	-47,4069
-5,2832	-60,1863
35,1524	-36,4624
8,0863	-35,4142
24,4699	-58,9412
10,7734	-43,4746
18,7028	-33,1203
26,3056	-48,1933
32,0719	-50,9457
26,8296	-41,5740
8,1515	-32,4646
38,4295	-35,9380
3,3672	-44,0644
31,4827	-49,7658
-11,9680	-29,5809
31,5481	-43,6058
-4,1692	-38,1661
22,3729	-40,2634
-14,2614	-41,1809
29,7128	-24,2073
10,4455	-61,0383
29,5160	-47,8654
18,9654	-33,9065
12,9356	-42,7539
37,5121	-45,8340
18,3751	-50,9458
43,0172	-40,0014
20,4068	-50,6184
57,3694	-78,1432
13,0013	-52,8464
46,4249	-67,0682
6,7100	-82,8622
31,9414	-83,7797
0,1564	-74,7359
14,4430	-80,5688
0,6152	-91,3168
17,9162	-105,0136
-2,2030	-79,3236
14,0494	-83,0594
13,7221	-93,4139
2,2528	-78,2752
14,3120	-95,5111
-3,4487	-96,1006
22,8972	-77,0954
-9,3468	-95,5110
36,4631	-83,8453
-17,8663	-68,9035
27,9435	-95,9041
-8,7567	-86,5322
16,4091	-76,8987
-5,9384	-83,3212
16,0813	-86,2703
13,1325	-89,0230
17,3918	-89,6127
13,1981	-93,4795
13,3285	-115,5651
26,1742	-110,4531
-2,0724	-97,1497
18,5721	-112,2885
-5,6768	-111,5019
29,3852	-124,0193
-16,2279	-109,2738
13,7876	-107,1767
-30,0559	-116,0241
14,7704	-113,5335
-28,3521	-94,3317
1,0078	-115,6309
-17,6699	-102,5235
-10,1992	-110,5847
-25,2064	-110,7811
-6,2673	-115,4343
-23,3061	-133,3911
-25,1416	-121,1358
-9,3470	-112,1577
-51,8147	-139,2896
-7,3153	-130,3109
-45,1956	-127,4277
-8,0364	-134,0467
-59,7444	-129,3282
-19,5051	-136,9304
-39,9525	-118,0562
-18,9157	-123,6269
-42,3770	-139,8141
-11,8379	-140,2728
-29,4665	-145,5156
-22,5203	-142,5010
-22,3230	-145,3191
-18,3915	-141,9768
-13,6724	-145,8435
-41,2635	-151,8073
-18,7841	-168,0601
-50,7007	-149,7757
-29,1389	-154,8222
-59,4167	-171,5336
-25,2070	-158,2301
-63,6111	-170,2231
-35,2998	-168,0604
-66,5601	-161,9658
-37,2005	-179,7259
-53,4530	-182,7405
-43,5577	-161,5726
-58,7614	-186,2143
-56,5992	-184,6413
-27,8285	-201,8773
-59,3520	-193,3576
-48,0135	-191,0641
-62,4974	-213,3462
-43,4263	-192,6367
-68,4612	-190,0814
-36,9383	-213,0187
-95,3964	-192,5714
-63,4148	-196,7004
-77,8983	-194,0131
-59,3521	-191,2609
-91,8574	-210,2660
-65,0538	-185,4279
-74,8182	-186,7389
-75,9329	-199,1905
-65,3156	-191,1296
-82,3555	-194,4064
-74,6872	-197,2245
-92,7101	-200,1736
-57,9758	-206,5305
-106,6037	-183,5930
-66,8886	-203,6472
-108,6350	-212,7565
-72,3281	-197,0280
-96,7074	-213,8054
-61,8425	-221,5385
-95,0033	-208,9557
-72,3283	-235,7599
-83,3378	-215,3782
-82,3555	-212,1674
-71,1483	-240,6097
-85,6979	-234,3837
-73,7698	-223,7671
-98,7396	-244,4765
-75,6051	-224,8810
-119,5144	-239,6269
-74,5565	-234,5803
-128,4928	-220,2283
-87,1396	-234,3184
-128,4272	-223,1115
-96,7734	-214,7888
-123,3808	-237,9882
-84,3219	-228,0920
-107,0625	-216,0991
-97,1670	-204,3681
-99,3946	-201,0259
-106,9975	-223,0456
-100,0500	-207,1202
-126,5271	-194,0133
-99,2635	-209,2830
-126,3305	-197,7486
-92,0548	-187,7217
-140,4206	-191,8504
-97,6253	-183,7240
-136,2918	-191,9814
-101,2955	-169,3716
-135,4397	-170,2894
-106,3418	-205,8095
-123,3810	-183,1338
-105,2934	-188,6392
-113,0262	-186,2142
-104,6382	-188,7703
-107,3245	-206,9889
-120,4979	-181,5609
-100,3777	-168,2576
-126,2649	-203,5811
-81,6346	-181,3642
-130,0659	-170,6822
-88,0571	-180,1845
-133,4736	-161,4415
-87,3364	-170,8784
-139,6994	-153,1837
-99,0018	-152,3318
-123,1189	-151,4796
-107,2596	-142,7633
-127,1165	-136,9305
-112,6336	-139,3552
-122,1358	-127,0344
-121,5465	-122,7090
-106,4073	-117,7936
-129,0177	-105,8663
-104,8999	-125,9201
-134,5880	-116,4171
-86,7465	-96,1669
-128,7552	-122,5778
-95,4629	-111,6330
-141,4688	-109,4050
-85,3704	-107,7665
-130,0000	-97,2809
-87,9918	-124,2159
-115,6476	-97,5427
-95,0698	-93,6108
-106,6035	-102,5234
-102,3444	-104,4238
-88,5812	-96,4284
-109,4878	-87,1879
-86,4841	-87,1879
-116,1068	-97,9358
-83,8626	-91,8408
-124,6263	-87,4502
-87,5327	-103,1786
-123,5119	-88,4986
-82,2243	-85,7462
-118,3999	-91,1201
-92,7756	-83,1245
-106,7998	-88,4330
-71,7387	-81,1583
-88,7120	-66,2163
-86,4186	-83,1900
-65,7743	-81,6167
-84,2561	-51,4050
-60,1382	-62,7426
-90,6129	-61,9561
-68,7234	-59,5313
-104,1130	-67,9853
-60,2038	-59,1381
-105,2927	-73,2282
-62,3665	-71,3931
-104,8338	-56,1234
-70,2310	-69,5585
-86,0905	-72,1795
-72,2628	-54,8784
-86,9424	-62,2840
-65,7093	-65,1019
-76,1946	-67,2646
-78,6855	-62,9392
-66,1676	-57,7620
-96,5768	-76,1774
-69,8375	-57,5652
-100,3777	-54,1574
-67,7404	-57,4997
-104,6374	-58,4172
-65,0535	-72,8349
-99,1977	-45,7685
-74,3598	-48,7179
-101,6878	-56,9097
-59,2867	-45,5720
-87,0081	-59,6623
-90,4818	-51,9290
-82,0927	-48,6522
-82,6834	-57,7615
-91,3989	-35,0206
-95,5283	-34,4964
-67,0198	-55,0744
-110,7327	-33,6440
-71,1485	-27,3527
-117,2861	-21,5199
-64,1362	-21,3888
-108,5042	-31,6779
-66,4955	-14,3108
-97,2316	-12,0173
-53,2574	-44,5884
-78,4227	-26,6314
-67,9372	-14,5077
-60,7278	-33,7752
-60,5317	-28,3356
-52,9290	-38,4283
-72,3936	-24,7967
-54,3051	-29,1224
-85,5662	-55,4674
-40,8704	-24,2722
-80,6510	-25,4524
-50,7007	-39,0834
-78,4226	-26,4349
-51,7494	-7,1020
-75,9320	-8,8060
-40,1497	-11,6239
-71,8032	-28,2042
-51,8806	-15,7523
-59,3512	2,2698
-43,5577	-20,0123
-44,3436	-19,1602
-62,3010	-7,5605
-43,4259	-27,0246
-50,1114	-23,2889
-41,1981	-22,1749
-73,5074	-15,9491
-52,3390	-16,9321
-87,6630	-24,3378
-44,8682	-26,4348
-81,0439	-2,2523
-43,4266	-17,3255
-84,5172	-20,4712
-46,5067	-26,3036
-69,3130	-1,0069
-50,7012	4,1046
-54,8949	-28,2042
-54,1091	-13,7860
-50,1763	-8,8710
-60,2693	-1,9243
-33,5958	-13,1962
-67,4782	2,4668
-32,7436	13,8043
-66,8226	-3,7592
-26,3212	-11,7544
-62,6937	-1,5964
-26,0590	2,5322
-56,1398	-0,4169
-16,1632	9,1512
-33,3988	-3,1041
-15,0493	-7,6259
-29,7941	9,9376
-19,3091	-26,6969
-13,8034	-10,3781
-36,7417	3,2529
-6,5290	-21,6507
-47,0964	-20,8639
-19,6363	-20,6018
-68,2644	-2,2519
-36,8067	1,2213
-66,8880	-17,9151
-23,2412	-6,2494
-71,5411	7,0540
-37,4626	-9,6574
-70,4268	5,6781
-34,5791	3,9739
-56,3366	-1,2687
-45,5236	-1,3998
-40,7389	-22,1746
-46,6377	6,5957
-26,1899	3,8428
-51,2253	-19,5533
-21,4712	-11,4267
-46,8342	-7,4293
-20,4226	-8,1501
-53,8462	-17,1941
-10,2646	-13,2617
-43,2294	16,7534
-23,7651	-9,4610
-50,1758	-22,3058
-7,8400	2,2047
-45,7195	2,7941
-10,0683	-14,5070
-17,8014	1,8114
-23,2413	-5,7908
-17,4735	-5,3318
-40,0186	8,6270
-22,2575	-11,5578
-41,9844	0,6319
-13,6070	9,6756
-59,4167	-8,2156
-8,3642	-1,9896
-56,8608	-8,9366
-30,9085	-0,6789
-52,9939	-3,6938
-11,1168	-12,9997
-48,6031	6,8576
-23,5031	9,2821
-30,1217	-16,0799
-13,0833	-7,6256
-22,5851	3,5808
-23,3722	-2,3829
-4,6283	-1,0721
-30,1878	-5,9872
3,0395	9,5449
-39,8868	12,7559
12,4768	-8,3462
-27,6316	18,5234
-1,2202	16,6882
-33,9226	15,5742
7,6271	12,2319
-8,2325	13,8047
9,1997	24,4214
-0,8924	10,2656
2,7116	1,5496
23,1593	9,2173
8,3474	23,8971
5,3991	-3,2347
-0,8929	0,8287
14,4429	-1,7271
-18,6529	26,2566
18,2439	23,7003
-24,6823	6,9236
22,2415	36,0214
-37,5928	27,1083
-1,8102	14,3291
-36,1507	19,1135
8,0854	32,9412
-22,4539	33,2690
-6,0702	31,4994
-7,0528	16,6230
-4,8907	28,9438
-3,0551	29,3367
-10,5922	6,8581
8,2826	8,1034
-9,6748	21,8656
7,6272	11,5110
-31,9567	2,6635
12,4768	3,3190
-26,5827	18,3921
7,5615	17,9332
-35,4299	6,9890
7,3648	19,7029
-26,4514	21,3413
-0,6307	24,3560
-11,5092	17,3438
-5,7428	14,3948
-4,2350	31,4996
-23,1099	31,7615
-1,4171	8,1689
-32,4817	25,6015
-12,7548	29,5988
-39,4939	14,1325
-1,1551	28,4193
-43,1639	7,9719
-17,3426	9,3484
-46,7680	12,3627
-11,3790	-0,9410
-46,8990	18,3920
-14,0005	9,2824
-40,8697	-0,2202
-17,7360	10,4621
-24,7479	-4,3490
-29,6637	17,9333
-16,2937	3,0565
-22,4548	-20,8638
-14,5900	-1,3994
-39,4939	8,1683
-0,6965	-0,9410
-43,6225	-0,7444
-2,8591	-9,5261
-51,3556	10,8555
-2,6624	7,9061
-35,5615	-5,1353
-18,7844	1,8115
-32,4810	12,2315
-24,6173	-1,5965
-26,5827	6,0714
-22,9790	1,8113
-18,6531	12,2972
-32,8093	-4,7422
-4,3662	-7,0358
-31,4330	1,8116
-14,0655	15,2461
-32,1536	-10,9681
-12,0339	-1,5308
-45,8502	2,4011
4,6121	-7,9536
-40,7386	-11,5579
1,2697	-12,1477
-24,5512	-6,4462
-15,4420	-0,2205
-12,7545	-20,2743
-4,1046	-10,2472
-6,0697	-5,9221
-12,0343	-13,5242
0,0907	-12,9999
-12,8862	-20,9952
16,7366	1,6802
-20,1606	3,3838
14,1806	-20,8641
-37,0686	-8,2812
9,6587	-0,6791
-27,7624	-3,3663
1,2700	-8,8711
-16,7522	-24,5341
-2,9244	-8,9366
-15,7033	-7,8228
9,7894	-41,5735
4,4816	-16,4732
-6,9222	-12,1483
8,0204	-30,3670
-5,4150	-27,2213
13,6565	-21,3231
-26,3210	-21,5853
-2,5308	-13,4589
-23,1096	-32,0710
-1,6137	-16,6043
-60,5959	-5,0048
-5,1526	-17,6531
-32,9399	-12,4757
-17,8669	0,0416
-35,8888	-6,6430
-16,6218	-14,6383
-18,3252	-15,7522
-18,6535	1,8769
-9,6744	-1,4655
-25,2070	-11,0336
1,9909	-1,0720
-28,1562	15,0496
-1,8101	-3,5624
-27,2385	9,5448
4,4812	-0,4166
-42,7701	13,0183
4,5467	29,2709
-40,8039	4,3674
8,5445	12,4286
-14,3274	21,1446
2,6461	14,1323
-8,6255	18,1299
-0,6964	0,2388
3,2364	10,7901
-2,3348	9,6103
10,8385	-2,6448
-9,2160	11,0522
15,8847	10,6587
-21,2745	-8,0189
17,2609	-4,0867
-35,4957	4,5639
2,5808	3,9085
-21,6676	1,9423
4,8087	-16,8663
-37,7894	-4,9386
-8,6917	17,7364
-25,9272	-2,6452
1,3351	-5,6596
-13,3444	-0,2201
-7,6433	8,6272
-0,8271	7,9064
-10,0681	5,1539
7,8237	9,5450
-20,9470	23,1762
4,5470	6,9234
-24,6168	22,9142
2,9084	14,1977
-29,9250	1,3529
7,2989	3,2533
-42,9666	-2,0550
-14,2623	12,4938
-28,3523	9,2824
-20,4230	-11,4923
-25,0098	11,5764
-15,7700	9,0201
-18,1942	0,5662
-26,3867	-12,0822
-2,2034	-15,8832
-20,0296	0,5662
6,7095	3,7772
-32,1535	-19,4224
10,5762	-19,0290
-33,0707	-6,7740
16,4743	-20,8642
-24,0924	-9,3299
9,3309	-22,8304
-14,7206	-12,1480
5,1364	-10,6408
-5,6110	-31,6777
-3,9077	-16,9320
6,9063	-9,2646
2,3180	-27,0902
4,6125	-18,1117
-17,5389	-15,3594
17,9819	-17,7186
-18,8496	-15,8836
19,3583	-37,3137
-7,7082	-14,2449
33,1208	0,5001
4,6127	-26,6315
36,2009	-19,9466
7,8242	-10,6408
31,2857	-17,9808
17,1960	-7,2985
34,2346	-31,0223
21,1281	-11,0992
23,3557	-3,1698
25,5845	-20,0124
30,2369	-23,8132
29,4510	-8,4779
0,1562	-16,3423
38,8883	-10,9683
3,4986	-13,7209
28,7301	-25,1241
-7,2490	-9,7232
39,2812	-30,4325
6,9722	-14,2451
26,8292	-9,7233
10,1836	-14,3107
25,2563	-6,5775
21,4557	-15,8835
12,8045	-4,8078
19,2276	5,0878
20,6032	-18,7669
37,7741	1,8116
1,6634	3,6461
27,0920	-10,3782
5,2680	5,7436
34,7594	2,6632
-15,5067	3,0566
29,5819	5,2190
-4,1691	-4,5455
25,3217	-3,3005
-6,4628	-10,5094
13,0008	-9,4608
0,1562	-7,2982
6,3816	-7,2327
2,7121	-0,8756
-7,1844	13,1489
9,6589	-9,2642
-8,0363	9,0206
16,8679	20,6856
-17,2112	3,3844
34,6280	9,4139
-30,1217	15,1154
16,3436	14,3946
-4,4971	19,7686
2,1875	12,9528
-22,9123	28,0261
16,8673	35,9557
-16,4245	14,8533
-2,9245	17,6059
-9,6088	19,5720
-10,1336	25,9945
-1,3513	16,9504
-7,3156	8,3654
4,8746	18,7199
-33,6608	16,5571
11,9525	-3,5623
-16,8182	7,7099
3,8259	13,1491
-31,1702	7,1199
6,0542	13,8044
-22,4538	-9,9195
6,4472	12,4940
-11,8368	10,2654
18,8989	-8,4120
3,0398	17,7368
12,4765	18,3264
13,7878	3,5811
4,2191	16,4262
20,5381	13,0837
5,4643	9,2173
24,3389	6,2683
-11,9681	8,8242
17,3922	29,9267
-18,3250	15,5741
20,2757	6,7927
-6,0042	26,4532
16,6055	9,0860
-4,6932	7,2512
29,1228	13,8046
4,8093	1,5493
18,3748	10,4623
17,1301	4,1052
15,8187	-4,3488
13,7222	6,4646
0,6799	8,1685
14,7707	1,5494
-19,0461	3,6465
17,1956	-2,5136
-21,7331	20,3583
14,7707	28,2224
-20,4222	2,0082
13,4598	16,0986
-17,4730	22,9141
11,8868	8,2997
-10,0673	9,8726
15,9498	2,6637
-0,6304	18,3266
-10,3301	14,0011
12,3458	-9,3950
-13,0173	0,0422
2,6464	10,9864
-25,1412	4,1052
12,5421	1,2216
-37,8551	5,7435
8,0204	5,4815
-27,3037	20,4235
3,6293	-5,1353
-19,4391	9,0208
14,7702	37,7906
-18,5215	13,7389
2,5807	15,0500
5,3992	23,8972
7,1681	17,9336
19,2273	26,9774
2,1217	7,5788
27,6159	12,7564
-14,5898	18,8509
20,4726	-1,8584
-5,2835	3,9745
35,0213	4,3673
-10,2641	7,6442
21,7833	5,8090
2,9088	-11,8200
38,4291	-8,2809
5,9236	14,4598
29,8439	-4,9388
21,8489	4,2365
19,9479	8,4960
13,9192	9,5447
25,0596	3,0567
25,3222	1,7461
7,6926	12,5595
19,7515	21,2754
-12,8857	-14,8345
14,9017	6,8579
-20,3568	-0,2202
18,3749	-3,7588
-38,1825	15,9671
2,7774	-1,2688
-23,7645	2,0082
-2,9244	12,1005
-8,1013	-8,8055
4,0878	4,0397
-2,8583	9,4133
8,6099	-6,3151
27,8124	-6,3806
2,1219	-17,6527
31,0895	-2,0551
1,2046	4,4980
34,0385	-30,4978
5,5957	-5,3318
40,7230	7,1194
-6,9215	-21,9127
40,1332	-8,4122
7,5619	-6,9052
24,7322	-5,3977
9,9869	-8,4125
24,2077	-20,2745
5,9893	-20,9952
15,9500	-2,5144
25,3877	-27,3524
2,0563	-27,4177
17,5888	-26,8934
-12,2960	-16,8666
21,3244	-16,5390
-7,7739	-29,4493
25,1910	-1,7932
-15,0481	2,1385
29,0576	-29,2527
-8,0357	-5,8563
31,2856	-0,4826
-2,7272	0,9593
24,4043	2,2045
13,4601	-11,3612
10,7071	4,4330
22,0454	11,5108
17,5882	-6,5770
10,3801	-4,4796
12,7388	22,3243
28,3367	4,4330
-8,3636	6,7270
26,8295	12,0352
-10,3295	6,5302
36,5285	28,2225
-20,2256	0,3697
17,4576	11,1178
-8,6256	27,9601
11,6901	-1,5309
-0,3025	3,5813
13,9181	13,6080
2,3845	20,2926
11,4278	5,4160
14,1153	-4,7420
-6,0048	6,3993
10,3799	17,3434
-21,5366	-4,4144
14,5741	1,7462
-19,6360	7,6442
9,7244	12,0351
-27,5656	5,4813
12,4768	-7,8223
-10,3951	5,6780
11,9522	7,6439
-5,0866	-5,5288
13,5250	-10,4439
-3,1861	-13,5241
13,5250	-11,9512
14,4429	-6,7084
11,1657	-24,2065
19,4892	-2,1208
-7,6429	-7,9537
18,1787	-19,6189
-10,9850	-8,4122
23,0938	-3,1696
-19,2425	-16,5387
21,9797	-3,0383
-6,0041	-16,6698
28,4673	-3,7590
-11,2470	13,2800
16,3432	-17,9804
-4,9556	10,0692
2,9083	14,1320
1,4014	-12,3443
-2,2693	-0,6786
0,8116	7,1199
-14,2621	13,0837
21,3898	-1,4653
-17,3423	0,4354
8,9381	2,7947
-27,4344	8,1029
32,1375	-6,1183
-24,5509	0,6975
8,0859	5,2847
-15,7691	-3,0383
14,7048	-0,5481
-3,3172	-22,8957
2,3837	-8,4778
2,6465	-4,6114
-7,7089	-25,5828
-2,0721	-12,3445
-25,9279	-20,4055
1,0079	-9,6576
-26,5177	-6,1188
-0,3683	-28,3352
-37,1998	-8,2812
4,1536	-3,1042
-36,6099	-23,5511
0,5490	-13,5896
-35,6921	-6,1842
-6,8566	-7,1672
-19,4391	-6,5119
-0,2377	-12,9342
-13,1477	-2,7106
-8,4952	6,7918
-7,9047	-25,3206
0,0898	-2,2517
5,5299	1,9421
-27,2385	-17,3252
7,9548	-7,7568
-30,1220	-0,4825
2,9084	-1,7276
-32,8088	-1,1377
15,1635	-6,7736
-36,8064	10,7245
2,1219	16,2947
-25,9272	3,2534
17,7848	4,1710
-11,6403	6,0060
4,5466	20,6859
9,3968	9,7414
3,9567	-9,0016
21,9798	17,8025
3,8258	26,2562
29,0577	-9,9849
2,7118	3,1881
27,8124	9,6758
-25,9271	9,0205
25,1910	10,9864
-7,4460	-3,8901
20,6688	11,5108
-5,2176	16,4913
20,7997	1,6803
-1,1542	0,8939
37,3801	-0,7444
21,3243	-6,4460
20,6029	-14,2448
19,4237	-1,2032
-8,1672	3,5154
15,2951	2,4667
-13,1480	-10,0505
18,4406	4,1709
-26,9760	15,9015
4,7437	-0,0233
-22,1263	11,5763
12,2144	-2,3171
-23,4369	34,2519
8,3478	16,4913
-9,0188	-20,4048
5,1365	11,4455
-0,8922	3,8429
2,4495	-18,4389
15,6884	-10,4436
9,1994	-5,2664
10,7731	10,3964
-12,6894	-5,3322
6,1856	-20,8639
-24,0270	-14,2447
8,0858	10,9208
-41,2629	0,5005
5,9231	-3,7591
-43,4256	-1,0066
-2,4658	-2,0550
-26,7140	11,7728
-5,5463	-6,2494
-37,2650	15,9673
-15,2456	17,9987
-17,8011	-11,8199
-31,5642	12,3629
-19,8983	6,7265
-36,0206	-1,9896
-23,8959	10,5276
-39,6250	-7,3636
-9,5436	-0,8100
-53,1906	-0,6792
-4,2351	-21,1916
-50,3724	4,6295
-2,1379	1,2868
-21,5365	-13,2619
-0,6964	2,6633
-11,3782	-10,3784
-8,6262	12,8215
-4,3656	17,0809
9,8548	-13,3273
1,4669	6,2681
-6,5288	19,0472
25,8463	-5,4630
-27,9590	2,0737
18,0477	-4,9387
-25,4686	12,7559
21,1277	6,4642
-20,8156	-10,6403
5,1368	7,7752
-22,1917	4,5636
2,9084	-9,5263
-15,3104	-12,3442
3,5636	2,0736
-13,8028	2,0734
-1,1549	-0,8756
4,8748	3,3843
-4,8251	6,2680
3,4331	10,0033
-3,0555	-10,7714
15,6880	10,5934
-26,9759	-3,8902
9,5934	7,7099
-19,5703	9,8068
13,4598	4,8264
-18,5216	19,5718
7,1682	19,6372
-15,0480	-1,3994
18,3092	12,3631
-6,2008	19,1788
-3,5141	24,9457
7,9551	13,6736
12,6730	9,4794
13,5911	7,9066
-1,2860	12,7560
21,0624	-8,2809
0,8113	5,7437
29,1232	8,2339
-7,6427	-1,3999
33,7107	0,9593
-13,0165	-9,3298
21,7176	-0,6790
0,8117	4,6947
28,1398	-13,6552
13,1324	-2,7106
28,5328	-3,7594
17,4579	-9,0021
17,8505	-8,7399
25,3222	-9,0675
1,9909	13,2146
28,7956	7,7096
1,0078	-19,6843
26,6985	10,7246
-21,9295	21,9963
29,4509	-1,7275
-10,7884	14,6566
12,1493	5,2193
-11,5747	8,5617
19,5544	5,4160
-8,2325	4,1708
9,3962	8,0373
-10,7228	5,0882
5,5949	-12,2131
2,3842	5,6782
-4,9565	16,3603
4,0225	-6,1184
-22,8476	-0,6787
6,5130	-0,1546
-33,8575	6,3991
2,5154	5,7435
-28,3524	0,1730
-0,0407	-6,8394
-36,0854	-7,7570
12,2143	-3,4318
-22,5850	-23,7479
1,6630	-33,1195
-15,8346	-24,1411
-1,4828	-22,6340
-2,2032	-35,1514
-19,4397	-28,0734
2,9742	-24,6002
-10,8547	-39,4112
-3,3175	-27,8767
-23,6339	-26,4350
7,3647	-5,2014
-43,0324	-2,3180
1,7288	-29,9082
-27,7625	-13,1308
0,7456	0,3037
-31,4323	-5,9876
4,9398	-12,5412
-10,9196	-9,6574
-1,9416	-0,8757
-8,1013	-0,0894
5,1361	-24,7961
-4,6279	-2,1862
-11,9684	6,4643
20,0791	-8,6744
-9,9368	-3,1694
21,5209	-13,3930
-10,0021	-3,4316
24,6666	-8,4781
-13,8030	-23,6822
19,8823	-14,9005
-19,1113	-18,4396
21,6517	-27,7455
-12,0991	-21,8473
5,2675	-11,0341
-10,3951	-28,6632
1,9905	-22,1749
4,0881	-13,5243
-24,0273	-8,2160
5,2679	-26,1727
-13,7382	-36,9203
-0,3028	-13,3273
-32,1535	-12,8689
2,2530	-10,2473
-38,9691	-0,2205
11,6901	-21,1262
-39,6901	3,6463
-8,8881	3,9083
-29,1386	-23,2233
-9,6749	0,3042
-29,4662	3,3841
0,4831	2,6633
-9,1502	7,1197
-9,0853	-12,8029
-9,4777	14,2634
-28,8769	17,9331
-1,0892	-4,8731
-29,3355	3,7780
2,6463	23,1106
-33,7262	9,2170
3,1051	18,1301
-19,6360	8,1030
3,5636	18,7854
-32,8740	22,1931
11,1658	12,8871
-14,8515	21,0792
13,9182	26,7807
-5,6108	3,6466
7,4957	3,2537
21,9142	14,0670
-0,1721	27,1084
20,4070	11,9040
8,4789	1,2875
27,8123	18,3267
-10,5918	10,3310
23,4870	-11,0990
-23,6333	4,0400
18,0476	21,4720
-18,5869	1,0250
18,5715	-0,2202
-8,4289	-4,6765
12,2144	10,8554
-13,4096	6,4642
3,9569	-19,4877
13,8531	7,7752
-1,4173	-5,5288
13,0012	-11,8855
0,4177	-4,9387
16,8677	1,5492
-25,7309	-0,5479
14,3120	-5,6597
-23,5026	-11,2301
17,0641	9,3482
-39,2966	15,7048
15,4913	-5,7905
-22,7816	11,9041
4,7433	5,4815
-5,0867	8,2341
0,6799	16,4260
11,4939	-0,8099
-1,8761	5,4162
-6,9870	12,6905
-16,8836	3,4500
11,0351	2,9258
-23,6994	12,7562
13,0667	11,9697
-24,8790	7,7755
14,0495	8,6929
-31,3669	14,4601
6,4473	19,7028
-25,4684	15,1153
6,5126	16,2951
-10,1331	15,7051
-1,7449	6,5302
-6,1352	14,0013
11,8865	4,3675
7,4306	17,1471
-10,9854	14,9186
23,8147	-6,8390
-5,6770	17,0160
20,9311	17,9988
-13,9997	7,1854
22,2417	6,7923
-20,7498	2,5324
24,6010	15,9672
-19,7012	16,3604
24,1421	-7,9533
-13,2132	7,2512
6,3162	21,0789
-9,2153	6,7922
5,7263	5,8092
4,5471	-1,1376
-7,9053	17,3436
13,0668	16,1637
-9,3471	-11,2300
16,2124	14,0014
-14,5899	17,8677
12,1493	0,7629
-27,9588	7,0545
24,1422	0,2386
-21,9950	-3,0379
20,9964	22,1275
-2,3998	-9,7228
7,7580	1,7462
-10,9191	18,8507
18,8335	2,2703
13,9188	9,4138
2,4495	2,2703
23,6183	5,9404
-2,8589	12,4938
30,8928	-5,0041
7,5613	10,7901
25,8464	13,2801
-5,0866	-4,0868
39,8055	4,2364
-13,7373	2,2702
43,7377	8,3650
-1,6787	9,8068
26,1740	8,7582
-0,7609	17,4745
28,7952	28,8120
15,0986	-3,3659
21,3894	10,3314
18,3098	13,6078
5,1365	0,9597
27,6813	10,7245
-1,8103	6,9889
19,0307	2,7946
-16,4900	17,8022
33,8416	5,4814
-2,7930	14,1978
20,2757	8,7581
-14,5236	-7,3634
31,5478	9,1515
-5,2175	-1,0720
26,3049	6,4646
5,5305	7,2508
21,9794	0,1077
14,8366	12,6249
12,6077	3,3187
24,9290	-2,1862
4,6779	-5,5284
25,3877	0,5663
-2,8586	6,1369
29,4509	8,1028
-4,0381	-6,7736
24,7977	12,8216
-3,1204	10,3310
38,7567	5,8092
-1,7441	6,2679
28,7297	8,9549
9,2004	-4,8076
12,0180	6,9233
18,6376	-5,6596
16,0155	12,0351
21,1280	-3,4315
7,8890	-1,1376
39,6745	3,0566
-0,6307	-0,6134
16,2126	-6,9048
-15,5070	-5,9873
26,8947	-22,2400
-26,0583	7,3820
12,6078	4,1705
-24,1578	-20,0776
11,3623	-1,5309
-20,1600	3,4495
1,5973	-18,2427
-13,3443	-2,1209
-5,7428	-15,5558
0,8769	-5,9874
-17,6049	-7,8881
-1,8757	-20,6018
-33,7920	4,1707
9,1344	6,1366
-23,1752	-1,6620
7,3649	7,8408
-35,5610	2,7290
19,7512	11,3143
-23,1092	8,3651
9,8554	8,6274
6,6443	6,6613
20,2098	16,2950
5,9892	8,0375
14,3773	6,5303
16,9338	18,7853
27,0256	-5,3317
24,9945	7,8410
10,1829	-2,9725
28,8610	8,1686
-6,3976	14,1322
28,0745	-3,0382
-16,4901	-5,5283
10,0519	11,6419
-32,6118	11,7728
3,6292	4,3018
-21,9951	-7,8222
-0,1722	15,5740
-19,7014	21,4719
1,6627	-11,2302
-14,8519	8,8894
-20,3574	4,6294
-8,5603	8,3650
-25,0761	-6,1184
-10,3954	-6,0527
-35,7582	15,5741
10,3139	10,9207
-33,0712	-18,5046
0,6146	3,9743
-35,8234	10,6586
-4,2350	-8,4778
-16,9489	-2,9726
13,7216	-7,1671
-17,0798	-0,3512
22,1757	13,2145
2,5811	-12,4754
16,9329	2,9912
15,1640	8,9548
-2,9243	-1,7274
18,5720	1,2873
-1,2204	6,1368
24,5356	4,1053
-4,8247	13,0835
32,4652	-18,3736
-31,0390	-9,3295
3,0398	-8,3467
-11,5092	-11,3613
16,7364	-4,9390
-11,0504	-13,1966
6,4472	-18,7015
-4,8900	-7,0363
5,6607	-30,8912
6,4476	-12,2135
-8,2985	-9,3302
3,2364	-32,8572
-15,1797	-16,2111
5,0713	-10,7719
-31,6292	-11,8203
1,7288	-16,8010
-29,5976	-16,6043
-5,0215	-3,3659
-55,3530	7,9060
-3,3833	-5,8564
-34,9059	-0,3511
-12,9517	11,5763
-25,8618	2,4669
-4,0390	11,5765
-15,7694	-1,9894
-15,9010	13,6738
-6,0044	27,4360
-14,5902	-2,8414
10,7727	9,0209
-26,5176	24,5525
7,8238	3,8433
-23,1751	0,0423
3,8260	5,0884
-34,8401	5,8092
15,6879	16,3603
-15,1794	-9,1332
15,5566	-1,7274
-16,0312	2,3354
5,4642	-13,6552
3,3674	-21,8472
1,4007	-12,6722
1,5981	-27,2213
-3,6455	-10,3786
9,3312	-22,7649
1,1386	-24,0756
8,9380	-11,4273
-18,4562	-29,9738
12,8044	-20,7331
-25,9272	-14,9661
11,9525	-12,6068
-20,4878	-15,6870
11,4935	-15,8834
-21,5363	0,9594
12,6729	17,3431
-11,2473	-22,1092
9,0028	0,9598
-2,5311	18,7851
-14,9832	17,0813
4,9403	0,9596
-3,5801	-4,4797
15,8191	9,8727
-17,8010	1,3528
18,1785	-5,2007
-21,0120	10,8555
20,6689	14,7219
-21,8638	-6,2495
33,0551	0,0421
-14,7860	5,0227
9,0034	8,6272
3,3021	-5,7252
7,5613	-4,2832
8,1518	2,4668
3,5634	3,8430
11,8218	-11,6234
-6,3324	-4,7421
14,7052	2,7288
-13,4103	-7,7569
21,2586	-4,2835
-22,9129	-18,6358
7,8237	-7,4946
-33,5295	-1,9899
11,5590	-13,7861
-35,6267	2,1391
1,9252	4,8914
-23,7647	-7,2982
-0,6964	-2,2519
-15,9004	-19,4877
-9,4783	3,9086
-3,5795	13,6730
-25,7968	-14,6383
-6,4630	-5,9218
-21,4059	-4,2835
-7,5773	-6,8394
-30,6463	4,1052
6,1851	-8,2154
-47,2923	3,3844
-9,2814	17,6711
-36,6098	-2,2517
3,4976	5,0885
-41,4596	17,9333
-13,6072	9,9380
-25,6655	15,9017
-11,4447	1,9426
-16,8181	6,5303
-22,3236	17,8678
-14,4587	-0,2854
-29,0082	8,8896
-3,5797	24,2249
-34,5130	8,1686
0,3524	14,9845
-40,8698	14,0013
2,8428	13,9358
-34,1195	12,8215
-4,6283	2,2050
-24,2233	3,3845
6,5781	25,0766
-18,9803	-9,2642
9,5272	-7,0357
2,2532	-9,2643
-5,1528	-11,2304
3,3674	-0,0239
-2,9902	-17,2598
10,4452	-18,7016
-23,1095	-10,8374
17,8507	-35,8065
-21,2745	-23,3545
8,0203	-26,1071
-24,8131	-4,2838
10,0518	-20,6022
-25,7960	-24,1410
6,4474	-9,3954
-13,9995	-3,1040
22,9622	-16,9319
6,5785	2,1391
1,0732	4,7604
1,1392	0,7629
-2,8589	3,3189
13,3288	14,8533
-12,3616	21,6034
24,3389	16,2294
-15,9661	8,8240
15,4917	16,8195
-21,5362	26,3875
31,0892	5,6782
-8,5601	12,0353
13,9187	10,0037
-5,7417	15,9674
31,4167	14,0011
9,4627	-2,7103
26,2393	8,6273
25,9122	-2,3829
12,7389	-7,6257
34,8907	-6,3805
9,9863	-5,0700
33,3833	-5,9220
7,6926	-6,9051
35,1526	-20,2088
-8,0356	-17,0628
36,8565	-5,6601
-6,3972	-13,9173
38,2983	-4,4801
2,3190	3,5152
29,3197	6,5954
13,5257	-2,5796
16,0810	-1,3341
8,0208	24,4870
13,5250	20,6857
8,5449	7,9720
-0,8274	10,9212
19,3581	19,8340
-21,0779	12,4940
7,4308	8,9553
-19,0461	6,0061
14,1152	19,2443
-27,8277	22,5864
28,7296	-4,1522
-19,2425	12,6251
23,4212	8,8893
-7,9703	-3,8900
2,4496	9,1516
1,8604	2,2701
14,3771	4,1708
17,3923	4,6295
8,7409	1,2872
26,8950	6,0714
-12,8201	16,5569
23,2907	-3,7591
-7,9048	-0,8752
25,0601	4,4985
-5,2177	6,9889
30,4338	18,1955
-15,8999	3,7775
28,6642	3,1880
-8,5599	23,2417
25,5184	12,5593
10,0523	7,6442
22,6346	3,0568
15,0985	0,9597
-2,4000	10,6588
20,8003	-14,4413
-2,5967	6,4647
25,3222	7,3162
-3,1866	-13,5895
22,5696	-9,9193
-8,6259	10,7241
20,2756	4,6293
-11,1160	-1,8587
19,8821	-12,0822
-17,6040	7,7097
10,5105	4,3017
-14,2617	-10,3782
4,7432	14,8533
-8,2325	11,1174
5,0051	-8,3463
3,4328	15,8364
-15,7697	9,2171
4,2194	14,4601
-14,9831	27,7636
12,9356	-9,5261
-20,8811	13,6082
19,8825	7,0543
-19,1770	0,1732
17,1954	7,1854
-9,2809	2,4012
9,9208	2,5324
-17,8004	10,5276
18,9646	-13,3928
7,1031	9,5449
12,9352	12,2970
8,6104	-13,2616
-4,3663	15,3775
13,3290	13,2801
-11,5752	-2,3172
14,7707	8,2996
-25,4687	-2,1207
18,1785	0,8941
-36,6097	21,4721
10,5107	9,9378
-30,6460	6,2024
2,8428	12,3628
-28,9418	8,2995
5,5951	2,8602
-9,0845	7,1201
-1,8762	17,2125
-7,5769	16,1638
-3,5144	-3,2347
13,6566	7,3822
-6,8567	9,6757
24,6666	-7,9533
-5,2181	2,7944
33,2518	-17,0630
-26,2550	-0,7444
11,7562	3,0562
-23,5023	-23,4855
6,9063	-4,4801
-20,2254	-6,8395
6,2506	-2,7107
-4,3658	6,7265
1,7284	-10,1162
-2,6619	0,5664
3,2356	10,5276
6,5786	-10,1160
-11,1168	11,1833
3,4330	15,1806
-10,6578	-2,5794
14,1808	0,6975
-21,4055	-4,8077
19,4893	7,6442
-23,8957	6,9885
10,9697	-15,5556
-6,4629	0,7628
28,2052	10,7240
-20,2908	-17,9806
24,4042	-6,9704
8,4138	-3,9559
10,8381	-2,3831
18,7031	10,5276
10,9691	-10,9027
24,3391	-5,1351
0,4836	2,0078
24,5358	-9,4607
-8,7569	-5,0699
26,3707	2,6632
-9,8708	-20,7987
24,7976	-23,0267
-16,7519	-16,8009
28,7952	-1,1378
-13,8028	-9,0681
27,3534	-21,6507
14,7709	-18,8326
24,9939	-13,9175
13,3948	-19,8811
20,9308	-11,4926
23,4873	0,5661
16,4088	-1,7277
24,0770	2,5978
-5,4800	-8,7397
30,6962	9,1516
-11,7716	14,7874
21,7176	7,4477
-21,2085	12,9526
24,1421	1,3528
-27,5655	22,6519
16,6055	10,9863
-7,3805	-6,4459
1,5976	9,5449
3,7607	14,2632
-2,0072	-2,9071
8,5448	3,5811
-13,7380	-7,0359
4,2850	9,6758
-10,5922	6,3333
21,8484	-14,1792
-22,5195	3,5156
8,5449	3,3186
-14,7859	-6,9704
41,4435	6,5300
-8,8223	-1,2690
23,6835	-9,9851
5,3992	9,8066
22,7656	-16,6699
-3,4480	-2,3172
2,2530	6,1364
3,6297	-20,2089
3,0390	-19,0944
-7,1840	-6,4463
-32,3503	-6,7741
-8,2327	-15,4248
-50,3072	-22,1749
-14,1966	5,7433
-51,7490	6,6605
-12,9516	-23,6167
-46,9647	-6,9705
-24,8138	-4,6769
-40,8696	-5,2666
-5,6775	-2,5797
-32,6120	-7,7568
-14,9178	6,7265
-6,1355	12,5591
-6,3327	-7,4947
-9,4122	-0,6788
-7,4466	8,1684
12,1491	-3,4969
-19,6361	-6,9702
10,5109	1,6805
-16,7522	4,3018
22,7004	-2,4484
-15,7036	-4,8731
10,7729	2,6635
-11,5747	19,3093
18,3748	5,6780
-11,0503	3,6464
9,2653	3,9741
-0,3025	11,3797
-0,0410	10,0689
1,0737	-3,8899
0,6796	6,9235
3,6295	14,5910
-30,1220	10,9211
6,9063	9,9381
-22,7164	14,8533
0,2869	15,9019
-39,5589	14,5911
11,3624	-4,7419
-43,6222	18,5891
0,0247	27,7636
-30,8426	-6,3149
-12,1651	4,4333
-19,8979	15,5740
-12,9517	7,6442
5,5298	5,4159
-17,1462	-10,2471
-8,2327	11,7730
-31,6294	23,0448
-7,9049	-13,7861
-37,7243	-2,9069
7,8890	13,6733
-38,7073	-1,0066
-7,1843	6,6612
-37,0687	6,1368
-3,0556	4,7607
-29,9251	13,0836
14,7699	-11,0335
-10,7887	15,3775
-4,3009	10,3308
-3,8415	-8,8053
4,5463	3,9741
4,6125	-8,7398
-9,2817	-1,1376
4,4815	5,1536
-20,5538	-6,5772
-4,1693	-1,1376
-37,0029	11,7727
10,9038	-1,0066
-26,5828	9,2825
1,9252	6,9232
-32,4809	10,1346
-0,6963	8,1685
-18,2595	-2,5793
2,9735	24,2905
-5,1523	28,3533
-3,6455	-1,7273
10,1175	18,4579
-11,5099	27,0428
11,8214	19,5718
-21,4713	8,4963
9,6588	11,0522
-25,2724	20,6205
3,6948	27,3048
-29,4665	1,0907
8,0855	5,4817
-35,1025	17,2124
-5,4150	3,8432
-30,6459	13,4771
-9,6750	7,1855
-28,7454	23,0454
-16,8841	19,6373
-9,3469	11,9043
-17,8672	19,5720
-5,0216	31,1061
-31,9573	14,3290
-0,8927	3,3846
-26,6487	17,4094
6,8405	21,4067
-33,3330	15,8361
12,2801	-4,2833
-24,2234	12,8216
12,8043	14,5906
-12,8198	-0,2202
24,0764	-0,0892
1,2049	-8,2812
20,8652	-5,2665
19,6861	3,7773
14,3773	-14,9004
38,8882	-7,1014
14,7047	8,2337
35,8737	-18,3081
-0,0405	0,3697
44,2624	-5,0700
6,7098	-6,0528
32,5970	0,8283
12,2151	-5,3977
33,1864	-8,8709
3,0403	14,3285
35,7421	-17,1941
5,6616	-7,6257
26,0426	6,1367
9,7902	-4,4801
8,4788	-6,4461
4,5474	-16,4074
5,2675	4,4986
16,9333	11,0519
-19,3738	-13,7859
24,8632	-1,5307
-23,0440	4,4330
0,4839	10,8554
-22,6504	0,4353
9,3308	-0,2200
-40,7383	20,3582
-0,4340	24,3556
-17,9974	-9,0673
-11,9031	12,8874
-20,4222	24,7490
-11,3133	19,1786
-7,3806	17,8679
-9,1509	15,2464
7,1682	17,8024
-25,0104	10,7901
6,2508	-3,1035
-27,7628	7,7755
4,6124	19,3750
-34,3817	-2,9071
11,8213	-5,1352
-36,8063	-2,6449
9,9864	6,3333
-22,9781	-8,3468
16,7364	-17,5873
-6,5941	-16,3421
0,2868	-1,0070
1,2049	-13,9831
4,6119	-16,1456
0,6804	-8,4124
-12,2307	0,4348
13,1321	-19,4879
-25,0103	-12,8685
11,8869	19,8992
-33,3987	11,7071
17,3263	-9,8539
-24,7479	0,6321
0,0248	7,3821
-24,1578	6,5957
9,6584	4,4329
-23,7646	10,4623
-5,5459	18,9819
-6,4631	14,6564
-5,4152	2,1393
-2,2688	14,9844
-18,5224	6,3335
-1,0892	5,3507
-18,3257	3,5812
1,4666	16,0330
-35,1026	22,4554
13,1320	18,1956
-30,4495	8,3654
6,5129	20,2929
-29,1385	30,7784
3,1050	12,2320
-14,5238	25,6669
7,1681	24,2904
-1,6785	13,3462
8,8721	20,4240
13,1981	8,8243
17,2605	20,6863
24,1425	25,6668
-4,1041	13,2806
22,7008	17,4093
-9,0847	20,2272
26,6983	5,0885
-7,7084	15,6397
28,2709	13,4770
-18,8493	16,8849
11,9525	15,7706
-29,7282	3,1224
7,1682	15,9019
-17,2110	17,9334
5,5295	7,6444
-4,3004	5,0886
-15,0489	6,0061
9,9863	23,5697
-19,5054	20,0305
10,5106	4,3021
-22,7821	21,1447
12,8044	8,0374
-31,8257	7,9063
11,9525	-6,0528
-31,3013	-9,7228
15,3603	6,0057
-25,1408	0,6971
16,4087	-16,3421
-12,6234	-6,7738
8,8720	-5,0045
-14,1306	-13,3930
-3,1866	-5,7253
13,9841	-6,2496
-12,7552	-3,1038
7,1685	-7,1016
-23,8961	-13,6550
7,4307	-6,3804
-20,8157	-1,8585
17,3265	-14,3758
-20,3568	-0,6788
16,4090	-8,1500
-24,2231	5,0882
14,0497	15,1150
-18,7181	-5,1356
20,0789	2,5324
2,9743	11,7071
7,4958	-6,7739
12,6081	-0,0237
9,5272	-10,9681
8,8070	-7,1670
-12,6238	4,1050
28,0088	-19,0945
-25,5344	0,5008
17,9164	8,1026
-30,1873	-5,4631
11,8869	-0,5479
-32,6120	4,5639
9,9206	8,2995
-40,1485	0,0418
-0,4995	-4,7420
-11,3784	15,2463
-12,0341	11,8384
-9,4777	-2,2516
-4,7598	-5,0696
-1,4169	4,2366
-27,0420	6,7923
7,1028	20,2927
-22,9132	11,7729
3,8915	19,7683
-32,7433	3,9087
4,0226	6,0714
-27,4348	4,4330
12,1490	9,0203
-31,6288	-3,5626
13,3941	4,4329
-17,4730	-9,3297
12,5421	-3,9557
-12,3611	12,8867
11,3625	-18,5048
0,5495	0,8940
-2,5967	-5,2667
24,4046	-21,2572
-10,1334	-13,1308
20,9968	-1,9898
-12,0338	-3,3007
20,0791	-5,0045
-16,8832	-15,5557
20,1444	-1,9241
-20,0289	7,3161
12,3455	-15,1625
-14,3929	-2,1861
6,4470	3,5152
-12,4268	-3,9558
3,1046	-0,7446
-4,0383	-12,8686
-11,3790	-7,7567
7,3650	7,1851
-8,2332	-25,7792
5,9232	1,6149
-19,4396	3,3184
23,3559	-5,4632
-16,3593	2,0079
19,5548	-20,9296
-17,3421	-0,3512
20,7343	5,5467
-11,3781	-17,9805
14,2460	0,1731
-14,5892	12,4277
17,9160	-16,1456
6,0544	-3,4316
-7,2500	0,6315
0,9427	-10,0508
-11,3788	-4,0214
5,5955	-19,2256
-16,1630	0,2387
1,5976	5,8088
-44,0155	-5,0699
-1,4169	-2,3172
-36,8721	2,4012
-2,7279	-1,2688
-42,1147	8,2994
1,8595	-8,2812
-37,0029	6,7268
-17,7357	19,1782
-15,3104	-23,2231
-14,1970	9,0206
-7,6427	9,8723
-23,3719	12,5593
14,7705	12,1660
-13,0174	-7,2324
9,1345	15,5085
-16,1628	15,7704
15,0327	-25,5169
-16,4903	3,6467
5,6610	15,7049
-23,6989	9,4134
18,1126	3,1875
-20,1601	-5,7252
4,6777	9,2825
-4,2348	4,6293
2,7769	-9,1330
-2,5964	-0,7445
-9,7404	4,8259
5,6610	-4,8079
-19,7675	-10,5750
11,2971	-17,9150
-31,6292	-5,3977
3,4985	-0,6139
-12,0994	-37,5759
8,7411	-13,8519
-34,3811	-6,8400
20,0790	-35,1513
-2,0721	-21,4541
20,4064	-24,7312
-10,1328	-16,0804
11,1005	-17,5878
16,3437	-36,4619
12,3453	-8,4780
12,2150	-4,9395
-1,8102	-30,3670
33,7106	-11,9512
-7,7085	-11,8857
32,4655	-2,5140
-19,7014	4,5637
24,4701	-4,4800
-24,4199	11,9040
26,3049	5,4813
-17,8662	-9,1984
12,0178	13,2147
-19,8322	4,8917
7,5614	8,8238
-8,1668	11,0520
10,5758	-6,1838
4,4160	6,3336
2,5804	14,5255
11,8216	-3,4314
-9,6090	-2,3826
25,9118	1,0906
-11,5095	6,6612
25,3875	2,3356
-12,2957	-3,4313
22,7661	1,2216
-9,2152	15,3117
24,2734	-5,7908
7,9552	4,1053
22,7004	14,4598
13,7226	-5,5941
25,5184	1,1563
14,3779	2,0082
14,1807	25,3390
27,8782	14,1321
17,6540	-15,4897
20,2104	17,0817
-12,4268	20,6857
18,1789	-8,9363
-13,2788	1,4840
16,2781	4,5638
-24,4197	-5,7252
21,7174	0,4351
-12,4923	-17,3906
8,5446	3,5153
-3,1204	9,8719
28,1395	-18,5049
9,7244	1,8113
19,2267	-8,5435
10,3143	-13,5896
-9,5434	-10,5094
24,9944	-6,5116
-10,3956	9,4134
19,4893	2,1390
-21,7331	-10,9025
18,3094	-1,0720
-29,3351	7,1854
12,2146	7,1199
-23,8954	6,9232
16,4087	3,9086
-8,0356	6,7922
13,9184	16,4257
6,2512	-17,5871
11,5590	3,4499
24,7323	2,6632
3,4980	-14,2448
14,4432	-1,7275
5,5953	-11,7545
13,3945	4,8261
-13,4754	-3,6282
30,0405	-13,7860
-20,6843	-2,3827
26,6326	8,2339
-19,0459	0,6974
23,0937	2,9256
-10,2639	0,2387
8,4135	11,3143
4,6784	21,6688
17,4573	-4,8075
18,5064	10,3971
13,1972	29,2710
16,8680	-1,0063
-2,6622	9,4140
23,5527	20,3583
-7,2497	-2,4481
25,9120	29,9921
-7,2494	2,0736
27,2881	2,2050
-15,3102	17,2780
17,0644	0,8286
-1,3510	7,0546
24,4696	13,9356
-14,5237	6,0058
11,6901	9,7414
-0,3025	-12,8683
4,7430	13,4770
1,4014	14,3287
-11,4443	-1,8585
14,8361	-6,4459
-14,5245	16,1638
-1,5479	6,1366
-21,5365	-10,9024
14,3771	-4,8731