-1,8984	-26,0148
9,9635	-35,1899
-2,1608	-34,0758
-0,6534	-32,1753
3,4098	-39,7777
4,7203	-35,8454
-15,1369	-33,4206
-6,0929	-31,9788
0,0018	-43,1198
-6,6830	-32,8961
-9,2388	-24,6386
-9,9598	-18,8060
-4,7824	-34,0102
-6,0933	-25,7523
-7,0762	-3,4703
-11,4016	-9,8273
-6,2243	-11,5312
-8,8457	-14,9390
-2,9475	4,1320
-11,7948	-8,8442
-2,0955	-14,0215
-4,3237	-27,3250
-6,4208	-4,9120
-10,9426	-7,8612
-4,6512	-18,6746
15,3372	-18,3468
-4,3891	-19,5265
18,2209	-9,7617
-7,6659	-16,5775
1,1164	-19,4610
7,9317	-6,6161
15,9927	-10,4827
-0,2602	-21,2961
8,1284	-34,1410
9,9634	-14,0870
15,4683	-16,5776
-0,5878	-25,1628
6,2934	-20,2475
8,9803	-15,5947
-0,4568	-26,0148
12,5848	-27,9809
0,5917	-15,3981
1,0506	-30,9302
4,9827	-34,7965
8,1939	-16,0537
8,5217	-40,8917
7,5386	-37,7457
17,1723	-33,4860
17,5000	-34,2069
15,0753	-32,8307
20,2525	-32,4374
7,8664	-37,0248
16,9758	-26,0802
5,0482	-20,3787
16,5170	-21,4272
11,6672	-29,1604
6,0313	-28,7014
1,7058	-13,1697
3,4753	-22,4757
6,8177	-20,8372
4,7205	-10,6794
4,0652	-22,3448
9,6357	-16,8397
12,5192	-27,4566
8,0629	-29,8814
11,0119	-22,3450
2,6889	-29,7505
10,6843	-32,6996
1,5094	-41,3503
7,6041	-26,5394
14,6821	-34,9280
6,1623	-44,2995
6,5556	-46,7898
7,8007	-30,0783
3,6720	-48,6906
-7,9934	-44,9548
5,8347	-30,9303
4,6548	-55,5718
-4,8479	-49,7390
-6,2895	-43,5131
-4,7824	-42,3993
-6,0276	-50,0670
-8,0593	-60,0285
-6,9451	-63,8294
-15,0716	-60,8149
-10,8771	-63,5676
-11,6637	-68,2205
-15,9889	-66,2545
-4,4547	-65,7958
-5,8964	-65,5337
0,4605	-72,1530
6,9486	-77,8544
-8,4524	-69,3349
-1,1121	-88,7335
4,9826	-84,4080
2,9509	-78,7065
-6,6171	-79,8206
-3,0128	-79,4274
-0,0635	-69,3351
-3,5370	-82,9008
-5,4373	-68,2864
4,2618	-80,9348
4,8518	-76,5437
9,5703	-68,3518
20,7114	-76,7404
18,5486	-77,1991
17,5658	-76,3472
20,9736	-75,4296
22,8086	-73,6603
14,8133	-82,3111
28,1171	-81,3280
20,1871	-69,9251
15,1410	-95,9427
14,7478	-104,1344
15,6651	-98,3020
-0,1289	-93,7146
10,4221	-92,4039
0,7228	-105,5111
-4,3891	-102,1031
-15,3336	-90,3068
-19,1347	-105,1177
-19,4625	-102,0376
-17,2344	-102,8241
-7,4697	-103,4793
-22,7397	-84,6052
-26,8027	-104,2661
-17,8900	-109,3121
-25,8199	-92,7972
-28,4413	-98,6300
-31,3903	-112,8512
-28,6379	-105,6422
-31,3904	-99,3510
-27,8514	-109,5089
-29,8832	-127,3347
-35,4536	-117,7664
-34,7981	-117,1768
-26,2786	-115,9317
-38,0750	-124,9101
-26,9993	-125,9588
-18,9385	-126,0243
-25,4921	-122,6821
-34,6669	-146,2750
-12,7780	-141,0320
-24,2469	-138,0833
-21,4288	-145,4232
-21,6254	-143,1951
-19,0041	-149,1590
-37,0263	-166,1327
-28,8344	-155,4502
-24,8368	-149,3556
-45,7429	-159,1204
-37,1574	-144,7025
-50,0026	-146,7998
-20,7737	-161,8728
-34,8642	-151,3873
-49,9371	-157,5475
-45,5462	-141,0325
-39,2549	-162,3316
-45,4808	-154,2706
-36,5681	-138,4112
-54,0661	-162,0695
-46,3330	-155,7777
-55,7701	-132,1851
-56,7532	-140,7705
-53,2144	-150,7970
-72,7441	-140,8357
-65,9282	-141,6877
-62,9794	-137,0346
-73,3995	-139,5905
-69,7295	-140,4423
-72,2200	-127,9907
-73,5307	-143,9814
-69,1399	-140,5733
-74,7104	-139,4594
-77,9217	-148,9620
-81,3949	-138,0177
-68,4190	-140,5737
-69,4019	-153,3530
-71,9579	-151,3871
-70,3848	-163,6423
-55,1151	-161,7416
-65,4041	-142,1467
-66,4528	-160,8245
-72,0230	-156,2369
-59,5714	-160,7589
-55,3117	-152,3702
-73,0064	-148,2417
-76,2830	-165,5431
-69,0087	-166,7881
-74,6448	-149,4867
-79,4944	-153,8777
-73,5963	-157,6133
-75,9556	-169,6716
-70,2542	-142,2121
-88,2765	-148,7659
-93,3227	-162,8560
-85,7207	-148,0445
-91,3568	-131,3987
-90,5704	-136,2484
-107,7409	-150,2727
-86,1794	-128,8425
-98,5005	-131,5950
-101,8426	-119,1432
-97,4518	-142,6051
-96,0755	-143,3911
-103,2190	-122,4854
-105,7747	-120,7163
-94,1094	-141,6221
-112,9838	-140,0492
-103,8086	-140,5079
-106,8233	-138,0176
-100,3352	-136,7069
-96,0756	-149,9451
-102,1702	-131,1361
-106,6924	-124,9760
-99,7452	-142,6705
-105,4472	-129,6287
-100,0732	-125,1069
-110,2312	-125,2380
-105,9060	-126,5487
-108,7241	-133,3643
-110,9524	-111,8685
-119,9963	-129,8911
-118,4890	-141,1630
-123,4697	-117,5701
-109,7074	-126,1554
-119,5377	-123,7961
-121,4382	-123,9927
-130,6131	-131,3326
-109,8382	-113,6379
-110,5593	-122,2233
-117,5716	-127,1383
-114,0981	-121,4367
-114,4258	-125,5653
-105,9063	-118,0943
-117,3093	-129,2355
-104,2022	-127,4002
-107,0858	-113,3100
-115,2122	-114,1622
-98,1073	-113,9656
-106,2339	-109,2469
-112,0007	-115,0140
-98,7626	-106,2321
-116,2606	-101,7758
-105,1195	-95,0256
-100,6630	-102,5622
-99,8112	-112,3269
-94,6992	-117,2420
-95,0924	-100,5304
-94,3059	-113,6376
-88,1454	-116,5865
-76,2836	-101,0547
-85,5894	-98,3022
-76,8732	-89,1926
-75,3658	-98,1055
-70,5162	-96,8600
-80,4119	-76,0197
-85,7858	-66,8449
-65,4042	-86,5708
-73,8586	-75,6263
-80,9362	-68,2863
-74,8415	-66,1236
-82,5091	-69,0727
-78,6425	-71,1698
-71,3680	-51,5746
-80,2810	-79,2308
-75,0382	-69,5967
-77,7908	-65,4681
-89,0629	-78,9683
-90,5047	-52,0330
-81,6575	-54,5237
-92,0123	-56,6860
-95,1578	-40,0400
-93,0607	-47,1833
-74,9730	-49,1492
-82,9683	-39,3844
-94,5024	-46,0689
-77,3319	-44,5615
-79,1015	-27,1291
-68,6811	-39,2532
-78,2493	-25,3596
-64,6833	-46,4622
-58,5886	-50,2629
-66,1906	-32,3064
-66,9770	-37,8771
-67,2392	-36,5662
-65,2074	-49,7389
-73,5961	-40,3673
-67,3701	-36,6974
-72,8097	-32,6341
-60,3577	-43,8407
-75,1690	-24,0491
-70,2536	-40,8262
-68,0255	-31,5854
-66,5837	-32,2408
-66,5838	-33,6826
-56,4257	-23,9832
-77,9871	-25,8837
-64,4864	-26,3423
-61,9306	-25,2284
-55,3116	-35,5175
-64,8143	-37,6144
-58,8505	-13,0386
-58,6537	-39,6463
-51,2484	-28,6361
-56,2289	-22,3448
-57,4086	-28,0465
-56,8186	-32,3718
-45,9398	-25,6873
-54,1317	-40,1705
-50,3961	-28,8328
-46,5950	-30,9957
-50,9859	-30,8646
-38,5996	-31,5854
-62,4546	-34,5999
-35,3226	-21,8860
-42,2697	-23,9833
-40,6968	-25,0317
-51,8377	-16,3810
-39,7792	-29,0294
-42,9249	-22,5412
-41,8110	-16,5121
-48,8886	-16,2498
-42,3352	-12,1212
-46,5296	-26,6701
-61,9303	-12,3175
-36,8301	-2,6184
-53,1487	-16,2497
-49,2819	-12,2519
-44,1048	-3,6013
-46,0708	-19,1986
-49,4786	0,9864
-44,1703	-17,0362
-50,1339	-16,9703
-47,9058	0,9863
-55,6389	-0,5211
-59,6366	-13,6283
-38,9271	-6,8123
-37,3548	-5,8295
-55,9666	-11,3998
-57,6705	-5,5017
-46,7916	13,5693
-49,3476	1,7072
-49,2166	5,6396
-59,2435	2,4939
-46,3984	9,7683
-55,4426	13,0453
-48,1025	15,4701
-49,8065	13,1108
-57,7362	13,2421
-60,2265	32,8372
-51,5103	24,9727
-52,6242	14,1595
-43,7769	18,2227
-44,7599	6,4918
-37,2232	14,0283
-28,9656	5,9672
-36,8953	8,6541
-16,5136	1,2484
-20,4459	-14,7422
-10,7464	-19,0021
-24,0503	-7,2714
-20,7733	-22,6069
-12,1883	-23,4586
-12,6470	-13,6940
-32,1767	-18,2159
-16,4481	-11,2692
-30,0797	-16,9051
-33,5530	-23,1966
-42,4003	-8,8441
-31,6526	-15,7910
-43,5147	-11,9897
-44,4976	14,3554
-40,8277	-15,7255
-44,1701	1,6419
-44,6289	8,7850
-46,9226	-1,8972
-45,3497	16,0597
-41,8765	13,6347
-41,1556	7,0814
-53,3453	18,2879
-51,9688	10,0305
-50,3960	14,7491
-46,6606	6,9503
-55,5078	5,6398
-45,3498	25,3658
-46,0051	9,5715
-49,2163	-5,5668
-44,6288	11,2756
-48,2332	8,8507
-28,4414	7,6711
-44,0390	-7,4021
-36,9609	-2,4212
-36,4367	8,0644
-32,5701	10,0960
-23,7882	10,2927
-18,6112	8,0646
-44,6940	17,1739
-22,7396	12,0621
-32,4389	14,6181
-38,0093	-0,7828
-22,2150	21,3028
-16,3826	5,1153
-23,9190	4,1326
-24,3776	23,9239
-5,6344	0,2657
3,3438	-1,5693
-3,2753	-3,1421
-9,4355	7,1469
-9,8288	9,9649
-3,7339	-1,9625
-18,0863	4,5256
-8,1247	17,7637
-3,1442	1,5763
-15,4649	0,5936
-17,9553	13,7661
-19,8558	10,7514
-20,9045	11,5379
-30,9969	3,7391
-19,0694	11,8656
-18,8729	15,4699
-21,9530	1,9040
-14,8752	-3,4044
-23,9192	2,5595
-12,0571	-1,4385
-19,0696	3,2145
-15,7271	-13,1694
-30,6037	-10,6135
-17,5622	3,3455
-23,1982	-15,0047
-12,1883	-19,3953
-23,3293	-6,0261
-22,7394	-18,4124
-17,0378	-18,0191
-13,8921	-15,6598
-9,1079	-7,7300
-5,3724	-4,2567
-2,8163	-7,7957
-5,1101	-20,0507
0,6571	-5,3051
2,8196	-7,7956
-4,5203	-13,9558
-4,7168	-8,5164
-3,6027	-7,8611
-14,9404	0,1998
-6,3553	-17,5605
-12,9088	-11,5310
-6,4209	-1,3076
-16,7101	-16,1186
-25,2952	-2,5526
-12,5813	-1,5042
-24,0502	-5,8295
-13,8266	-11,0722
-21,0356	-2,9458
-23,1326	-3,5356
-27,5890	3,6732
0,8534	-20,8371
-15,9238	-5,8293
-26,3438	-0,2590
-14,8094	-9,8270
-9,3701	4,8530
-22,0184	-6,4849
-14,1542	-16,1184
-26,0816	11,3412
-11,2706	8,7195
-17,9553	-2,5524
-10,0911	22,6134
-19,5283	18,6812
-31,5868	8,9823
-24,2466	24,3176
-26,4751	22,6136
-18,4142	28,7742
-32,5044	27,1357
-20,4459	26,5461
-23,9850	41,7502
-31,4560	32,9683
-32,1769	20,6478
-29,6210	34,1480
-36,1089	27,4633
-23,0674	23,9244
-19,2006	11,4072
-20,0526	16,0601
-17,2343	27,9874
-14,8095	11,2103
0,4605	5,3122
0,9846	10,0306
-0,1294	13,1106
-2,6851	-0,5863
5,1791	1,0522
0,9848	6,9502
5,7687	12,1931
-13,6296	-1,3728
-7,2728	8,7199
-14,0231	10,2925
-17,4965	-0,3240
-10,4841	18,3537
-13,4333	17,4361
-9,3700	15,1425
-18,5450	25,7592
4,7859	8,9167
-12,0570	15,1427
1,9024	25,6938
-7,8625	19,5334
10,6186	21,2375
-4,2580	20,1887
5,1792	7,7371
-12,0567	22,2859
-0,3912	5,7709
0,1984	9,9653
-12,0567	15,7979
-10,9425	5,1154
-4,7169	8,9821
-10,9428	2,8872
-28,3097	3,4115
-11,3360	5,4430
-23,5259	4,0011
-14,2851	-0,0620
-16,2514	14,0280
-5,9622	-5,8949
-11,6639	-0,9140
-7,0107	1,2486
-15,3338	-1,0452
-12,1880	12,3895
-11,4670	-14,0869
-0,1949	-18,9363
-11,2049	-3,0768
-7,4038	0,7239
4,7858	-21,4270
-4,4547	-10,5480
-2,5540	-17,0361
6,5554	-12,3176
6,0966	-9,1063
3,5407	-9,3684
4,3271	8,2608
-0,9157	-1,7663
6,5554	-2,7491
9,4390	6,0983
9,4388	-1,1761
3,4753	11,0791
-2,4230	11,4067
3,6720	3,8048
0,8539	15,2079
13,1092	13,3074
12,3881	7,7369
8,7837	27,8565
6,2280	14,2903
19,8593	20,2543
4,8515	9,3097
3,2788	1,6422
0,7228	31,3298
3,7375	1,3797
4,6549	2,1665
-2,9474	16,2564
-6,6828	0,9866
6,2276	-3,1422
-10,3531	5,4430
-7,7971	4,0012
-20,4455	16,5184
-8,1249	5,7050
-18,8072	-3,9286
-13,8264	16,1254
-1,1125	-1,0452
-21,8218	0,5936
2,1645	7,6056
6,7519	8,8509
-2,1608	-0,4553
11,7330	-2,4867
13,1090	7,1469
4,3275	5,2462
11,2742	-10,5478
8,8495	-11,5309
13,5678	8,6541
4,7862	-0,5211
2,4269	-4,1255
17,8277	-10,5480
-3,6025	-15,1355
2,2958	-1,1109
7,1453	-14,1527
3,0820	-15,9219
-10,3528	-5,8952
1,7714	-6,3539
-2,6197	-11,4000
1,6403	-9,8927
-0,8502	-6,2880
-5,6343	11,6031
-0,8500	3,7387
9,9633	-16,5115
10,7498	4,8532
0,0674	14,2901
5,7038	-3,6666
-1,1122	6,2948
10,6845	-0,2586
10,4876	16,0597
8,7183	1,1175
9,7013	1,3799
13,2403	10,7514
10,2909	9,1785
13,1091	7,6714
17,2376	15,7322
-10,7460	2,9527
2,6891	12,2589
9,2423	6,8193
-8,5177	4,5257
-5,6342	12,7830
-2,7505	10,6203
14,3540	-7,3364
-9,3698	10,4892
-3,2749	6,4913
6,2933	7,6710
-3,7337	-6,4192
3,6064	-0,7829
-14,0884	22,1543
-3,7991	-12,2519
-2,0955	-9,4334
-7,0761	17,7637
-8,3868	1,9695
-1,3747	5,9675
-16,5133	17,0430
-10,2218	11,8001
-11,8602	21,6960
-7,7971	13,6350
1,9023	0,4626
-9,5666	35,6550
-6,8138	12,5208
-0,6537	20,6473
0,5918	15,1423
-8,9110	17,5016
8,9148	22,2855
-0,0637	7,1469
9,6357	-0,5207
4,7203	13,8971
10,0289	11,0133
2,3610	0,3968
-0,2604	9,8338
-8,7799	-1,3727
-0,3916	15,5354
-7,6660	2,0349
-21,4942	0,7245
-14,4816	13,1105
-24,1811	-2,8802
-10,4184	-4,5839
-15,3339	4,9186
-4,5858	-3,4046
-10,7464	-6,2225
-14,2852	-7,9265
-9,6976	-7,7299
-13,7609	-4,5842
-17,0375	-7,3368
-8,4524	-15,2009
-15,9234	4,5252
-5,1100	-13,2349
-5,9620	-10,0236
-0,6536	-6,2880
1,8367	-2,0281
-17,1031	9,5061
0,1329	-4,0598
-1,7024	-1,7003
-13,7607	10,2927
-12,4500	2,7560
-4,3891	8,1956
-3,3407	9,4407
-1,6368	9,8996
-3,9960	16,9774
4,0649	1,9697
-5,6998	15,2734
0,4605	11,2757
-7,4037	8,7199
-0,7190	2,1008
8,9148	11,9311
-3,9304	15,5356
0,8540	20,9096
5,1792	9,9651
11,8640	25,5629
-4,4545	42,0121
5,9658	25,1695
12,7814	7,0164
18,8762	36,3765
10,0945	33,5581
3,9997	22,2861
6,4247	22,0240
22,2186	25,9560
3,9342	26,5458
4,8518	10,2274
7,5388	22,1550
9,7014	27,1354
12,9126	8,1303
14,0922	20,9097
15,2719	6,0985
7,7353	9,1133
6,4246	22,9412
7,3420	11,2102
9,3081	5,5088
10,2910	17,4361
1,5748	6,9504
7,7351	3,2805
2,9509	17,0429
0,7882	11,6688
0,7881	5,8362
-3,4061	2,9526
-1,7022	8,5232
8,9146	13,6348
-10,8773	3,6078
-4,7168	-8,7782
-4,7823	7,3435
-3,4715	11,9964
-13,3674	4,4598
3,6063	-1,8316
-4,8478	-3,4698
7,2107	10,4237
-3,9959	4,2632
-2,5540	3,9359
3,9339	15,3388
-0,9812	4,4600
-3,4059	3,7391
9,3079	-0,0620
-2,2263	5,9673
5,6380	1,3141
3,0166	3,6734
-5,9617	7,6055
8,0630	7,0154
2,8855	-6,3537
5,9658	-3,8634
6,2278	-18,2157
12,7814	-9,8926
8,7838	-0,6524
12,1915	-11,3347
-2,3573	-18,2156
5,3104	-3,5357
12,7157	-6,6159
6,0311	-17,6912
-5,8963	-4,9118
-7,0104	-0,7176
-1,8986	1,1174
-5,6342	-7,9920
-0,6535	-3,6666
-2,5541	-9,8925
-2,0299	-17,5602
-3,6682	-12,2518
7,9315	-9,0406
2,3610	-10,8101
9,0457	0,9206
-1,7021	-16,4464
11,6016	-7,1401
-15,7922	-2,0285
15,8615	-9,3685
17,6963	-15,2665
-7,0107	-4,0599
-1,2432	7,7367
-0,0638	11,7997
5,0480	-3,7975
-5,3722	1,1179
-2,5541	29,6913
-6,8139	8,0644
5,6379	-4,1248
-1,8989	18,6159
7,5383	13,9628
-3,7994	24,5141
5,0481	-1,3070
9,4388	28,4465
-9,1732	33,3611
-11,9255	17,4362
-0,5879	8,0647
18,0242	20,0578
3,8028	17,6328
3,5410	22,3514
1,9024	20,5164
6,2934	14,8148
-2,4229	27,3977
7,0799	11,2102
-1,1778	15,2736
15,9270	14,8147
-7,9281	1,6422
4,2617	22,0892
-10,9428	16,6495
-1,6366	-8,7125
-6,4208	15,4046
-5,6345	11,9965
-3,5372	4,3289
-15,2682	17,2394
-10,5494	4,2633
-2,8164	-1,5037
-0,9158	-1,3728
-20,6421	18,8778
2,4266	-2,4215
-0,9814	-3,0766
-0,9157	-0,1276
-8,5178	6,8192
3,1476	0,7243
8,1283	0,2001
17,1723	-5,0427
12,3226	2,6249
4,3928	16,5185
6,8178	12,5862
18,4831	-4,1908
7,8663	16,5185
16,2550	7,0157
10,3568	-3,4043
7,2111	-4,2563
14,6167	3,7391
20,7114	18,0258
20,9735	6,3603
10,0947	-1,2416
20,3182	7,2780
8,6528	0,2655
13,9613	0,0691
11,4053	1,0519
17,1068	-7,4021
15,2719	2,8869
6,2934	-2,3560
11,4709	-4,5841
7,4076	3,4767
10,5533	3,4767
2,2957	-4,1253
5,5727	13,8970
1,9024	-8,9095
3,9341	1,7076
-1,1122	10,2926
9,5701	5,6396
-2,1608	9,3752
9,2425	-1,5692
3,9995	8,7854
3,2131	18,9434
-3,4059	17,3704
14,2887	-4,0596
10,8808	1,3143
3,9341	2,6249
10,6187	6,3605
4,7206	-10,2202
9,8981	-6,2223
10,7499	1,1829
18,7454	-11,3344
17,1069	-3,2735
11,2743	-0,7832
14,0268	-6,4193
18,9419	-11,7932
9,3081	-11,0068
11,1430	1,3796
-8,5830	5,3771
5,1138	-5,7639
10,2256	1,8384
2,3610	9,2439
-9,9594	1,3141
0,9196	4,0012
11,9295	5,5084
9,7012	9,4407
16,9102	6,5570
7,5385	7,9332
14,2890	5,1810
19,7938	21,3026
9,9636	14,4868
7,9976	5,8363
27,1996	3,0183
18,4176	14,3560
25,2335	10,6203
19,2696	15,8634
23,8572	19,6644
19,2042	11,8001
12,7817	14,4871
27,1995	5,2466
22,6119	13,3075
19,0075	9,8996
19,2042	14,5526
27,6582	11,5379
20,6458	5,8364
23,3328	20,2541
17,1724	1,9039
10,5533	2,0353
3,7376	0,3312
4,7205	0,4622
-6,5517	4,5909
-7,5347	-16,9050
-5,5688	-9,0405
-21,2974	3,5421
-10,4183	-20,7062
-9,8944	-9,9582
-15,9891	-2,0942
-9,8288	-23,4587
-12,1879	-13,1695
-3,6029	-10,2860
-6,1587	-10,0238
-13,6297	2,4280
4,7204	-12,3175
-3,7337	-13,0382
5,1793	-1,7007
8,5216	-14,3488
6,9487	-0,5864
17,8277	-0,8487
6,8176	1,5108
-8,9763	21,2368
3,1479	-3,7325
20,4491	-0,4553
3,8685	7,8020
11,7330	1,3794
0,0676	-17,6258
24,7090	-14,7421
1,4436	-0,1933
8,9806	-11,1378
29,4930	-15,7907
15,3372	-2,2903
11,2087	9,3094
3,8686	12,4551
5,7694	3,2803
21,5631	11,9966
3,5410	11,4068
9,3080	9,7685
-4,6510	16,9120
1,1817	17,3707
5,1138	19,8612
-7,1415	21,7617
-0,1289	22,6137
13,4369	27,2666
14,4852	24,6451
-4,0611	7,7368
22,4153	1,6421
13,0435	-1,3726
16,3204	10,2271
12,9125	-3,5356
5,0481	-10,5478
-0,2601	8,7195
-1,5054	-8,8442
-0,5879	-11,2689
15,4027	-15,9875
7,6037	-6,0916
-17,2342	2,8210
-5,3721	-20,1164
-9,8287	-16,3805
-6,6175	1,0516
-8,6490	-26,0146
-9,1734	-18,8055
-16,3166	-10,0894
-0,2605	-18,8713
-9,4354	-8,4511
2,0990	-26,9322
-1,8332	-23,5240
2,3612	-2,8150
3,2133	-31,3230
3,7375	-12,2519
18,2865	-14,8735
11,4051	-8,2543
2,9513	-0,3901
19,8594	-12,7109
17,3689	-12,2518
4,7860	3,8043
11,5362	-9,0408
-3,8648	-9,3683
1,3125	0,0689
-10,8772	-11,0067
5,3100	-1,1762
-14,6130	-5,7639
-15,9235	-6,1569
-1,7679	-0,0622
-15,6616	-15,2010
-10,6806	-11,0065
-6,3553	5,5738
-11,5980	-11,2035
9,0456	-3,7977
4,6547	-1,5697
-8,1246	-10,4169
6,0312	2,6247
12,1259	-14,2180
20,9732	-16,8392
6,1623	11,3412
7,6042	-1,7661
7,4731	1,5765
15,5341	15,8632
14,2889	4,9187
3,8031	15,3390
10,9466	15,3389
8,8493	13,0453
16,1893	29,8224
1,3783	13,7004
13,6989	12,1278
-1,7021	16,4531
3,3443	15,7978
-10,4840	21,8270
-5,7653	0,2658
-0,4571	6,6229
-1,5713	25,2349
-8,5836	14,4215
-7,9283	12,0623
-16,9720	20,7785
-7,7971	12,3243
-11,9258	7,2126
1,1157	4,9845
-7,1418	5,1156
-20,7731	23,9242
-13,1054	7,7368
-3,7340	7,7371
-9,5010	21,5649
-10,2875	17,7640
3,1472	10,4895
-9,8288	22,0238
-7,7972	17,6328
-10,4841	10,5551
-6,2898	17,6983
-11,9914	8,1301
-0,6537	8,7855
-16,7099	11,0792
-16,0544	7,7369
-7,8624	7,5403
-3,5372	8,4578
-4,3890	14,0938
-6,3551	9,1130
1,6402	9,1132
-13,3675	16,7151
0,2641	-0,9139
-1,3745	11,8656
4,3926	-0,1275
-23,1324	6,1640
5,9001	11,6689
-14,9405	8,0644
-5,4378	7,9989
-14,8094	18,2225
-15,2681	13,3072
-8,6491	4,7878
-12,9090	4,9843
-10,8118	7,4092
-3,8651	17,5017
-9,6322	16,1908
-8,7147	-1,1762
-5,0447	8,6543
-13,6297	-2,6835
8,4558	-4,1252
-2,7509	5,1151
-4,5858	2,5592
-1,4400	1,1173
0,2639	-12,6450
-8,0590	-9,1061
3,2131	0,6586
-5,4376	-11,0724
-0,9811	-11,7930
2,4922	6,5569
-13,3018	0,5930
9,5702	-2,2905
-6,3552	-2,0284
-0,1945	-5,6326
2,1646	5,6394
23,2016	-10,4825
-2,7507	-3,1423
0,2641	2,6248
-4,8477	-6,9435
0,9193	0,9863
-17,7583	-11,4654
-0,6536	-2,5524
-1,5712	13,1103
-12,2536	-8,7784
-7,4695	-6,9433
-19,4626	13,5039
-7,2074	5,1151
-17,5622	2,8217
-5,4378	15,9287
-17,6932	13,7004
-7,1418	5,1153
-12,4502	7,6057
2,8198	4,3944
1,8367	9,1129
13,1744	1,3796
4,7204	-3,5354
7,2109	2,6903
4,6550	-6,4190
6,6867	4,2632
19,2694	9,2439
1,2471	4,7874
11,0776	8,7197
-4,3890	15,1422
17,1069	10,5548
-0,5226	9,5063
6,2278	12,8487
-3,2095	8,3266
2,0334	23,4655
2,7541	14,2249
5,0478	6,7539
-9,5666	9,0477
-11,2705	21,7615
-4,7169	18,8123
-11,8604	11,4068
-17,8894	6,8849
-13,7607	4,4601
1,7712	-3,7974
-6,3553	20,3853
-1,6365	8,5886
-1,5057	-0,2584
-0,3914	23,2033
1,2468	15,6665
-3,2751	-7,6641
-5,0445	6,7538
2,6885	9,1129
-17,0377	10,2925
-7,0763	-9,2371
-14,0885	-2,2247
-9,3046	6,6882
-7,8628	0,0034
-13,8921	4,8532
-16,7101	1,2487
-22,2152	14,0938
-19,3971	21,6303
-33,1596	4,5255
-12,9090	10,6205
-31,5869	17,0429
-17,1688	8,9165
-7,5354	8,8512
-19,3317	21,1718
-18,1519	15,2736
-20,1836	8,1958
-17,0378	14,8805
-11,4672	11,6691
-14,8751	24,3175
-20,1835	19,7953
-13,1053	-0,4552
-4,7826	18,2226
-12,7122	4,8529
-12,3845	-4,8462
-2,3575	-0,8486
-2,0299	-7,3366
1,3125	-0,1279
3,4097	-14,3492
6,7519	-10,3512
-0,9156	-8,1233
13,2399	-20,9027
1,1160	-11,1377
8,3248	0,5928
-3,4715	-14,7424
-8,2557	3,3455
-0,0635	-7,6647
-1,7677	-20,5094
3,8029	-5,5673
-6,2896	-5,6329
1,1816	-12,1864
-3,1440	-3,0114
1,5091	8,1296
-8,1247	-0,2589
-3,7993	0,7242
-5,7655	8,0643
-7,4039	10,4891
-10,8773	-0,3896
0,9846	2,3630
-17,8242	13,1109
-10,2876	11,2757
-15,3993	12,9797
-18,6106	6,4261
-27,1302	14,4871
-21,3630	26,8076
-14,9406	5,8362
-26,7371	7,5403
-15,3337	13,8970
-22,0185	-1,3728
-19,3970	12,7830
-2,4888	-2,4213
-0,4573	1,5765
-18,2174	9,4406
-12,6466	8,9818
-1,0467	4,9188
-1,7677	12,5209
-3,0781	10,6858
14,8785	13,9628
14,0921	14,8801
9,6358	6,8194
16,1240	13,4384
13,3057	4,9189
8,8495	14,8802
9,1771	16,2563
10,1601	10,1615
4,1963	2,1005
20,9734	7,9331
-6,5517	-9,6304
1,5094	14,2900
1,3125	-16,7086
1,0503	-17,0358
-16,1856	7,8019
-12,7778	-6,6160
-19,3969	-12,7106
-13,6300	0,6587
-24,8366	1,1831
-8,3872	3,1491
-29,3588	0,0690
-33,9460	4,1323
-15,3340	11,3412
-20,5768	6,8848
-10,0909	9,4407
-11,5327	2,4283
-7,4694	0,2002
-4,9134	15,2733
4,2616	0,1999
-5,7652	-1,1761
5,2448	7,3433
9,1113	-1,7662
10,6842	-18,6087
15,7304	1,1830
5,5724	-8,3198
-2,6848	-4,2566
12,7814	-4,3221
6,7522	-8,8441
8,7183	2,1004
12,3228	-1,1110
9,8323	-6,6159
12,6503	-13,2350
0,9195	-8,5162
6,3591	-6,1571
3,2132	-2,2905
4,3928	-6,4192
11,4052	0,6587
8,7836	-11,5308
-1,0466	-1,7004
6,0967	22,0890
-0,3258	7,0157
5,0481	8,0646
3,3442	11,2756
-2,2920	17,8949
0,9849	18,9434
-7,9281	6,6227
5,4414	1,5766
-6,6173	21,4995
2,8199	16,1252
4,7860	5,3775
6,0311	2,1007
5,4415	0,4622
4,1306	8,5231
12,1917	-11,2688
5,7033	-14,2177
-1,9639	7,4088
2,9511	-11,9243
14,8786	-13,9557
-4,1925	0,4619
4,3273	-12,3832
7,2107	-16,1839
4,9169	-0,5866
-1,7677	-1,5043
9,0458	-0,1934
7,2107	-8,9096
5,2447	8,5230
1,1161	2,2315
17,9587	-8,5818
12,3881	-0,9139
9,8323	9,7028
11,4053	12,3898
13,3057	10,8169
7,8664	-1,7002
10,1602	7,8679
26,0853	15,0768
0,0021	-0,4552
18,8765	5,6397
6,0966	11,2756
6,9488	-9,1059
-1,8332	11,9311
-3,8648	-3,6666
-7,4039	-4,9115
-17,7586	19,2056
-20,1178	3,6079
-20,7733	7,3437
-27,0647	11,5378
-29,6208	10,8170
-22,4116	8,8509
-25,5577	9,5719
-19,9213	3,3460
-20,3147	18,2882
-6,2899	9,8994
-13,1058	9,8341
-18,2173	6,8194
-11,5326	16,7153
-3,0130	6,7537
1,6400	4,2635
-9,6322	13,7005
-11,9913	5,0496
-1,6367	-8,7783
3,2129	-2,6179
-2,4232	-2,2250
-3,8649	-13,3661
-11,7947	-15,7908
7,9971	-2,4215
-9,4355	-9,0408
-7,6658	-5,0430
2,6887	-7,7301
-4,6513	-13,3003
-8,8455	15,2075
-1,8988	-7,2714
-12,5812	-19,9194
5,8344	4,2632
-15,9891	-0,3899
-9,5664	2,1005
-4,2582	-10,8755
-1,8990	-1,7658
-16,9066	22,9410
-12,0568	-3,9287
-7,4695	19,0091
-6,3554	23,0721
-7,9283	5,2466
-17,2343	13,5697
-10,8117	8,2612
-17,5619	11,6691
-7,1417	26,8076
-10,9428	-1,9627
6,0963	-1,0449
-15,3338	3,5424
-5,6999	-8,1230
-11,4015	1,3797
-6,6175	-2,0937
-15,7924	-5,1738
-6,6174	7,6712
-7,8626	4,0667
-6,8795	11,3413
-10,7462	12,9797
2,2301	10,5551
4,5235	21,3029
-13,2364	19,0090
1,6402	9,4410
-0,5881	34,9999
-5,5032	9,2442
-5,1756	6,0987
3,0164	27,5288
-2,9473	7,2782
8,3902	21,3029
-15,0060	25,3004
2,8199	13,7006
-5,7000	22,0239
-16,0545	12,7176
-11,6636	18,8126
-15,5960	32,1162
-11,5326	8,9166
-22,1495	20,0579
-15,1372	16,1255
-23,5258	19,2058
-17,1688	26,1526
-11,5983	6,7539
-11,9260	11,0794
-14,2852	14,4216
-12,7778	4,7877
-3,7337	1,1834
-0,7848	10,6202
7,2763	-7,2054
3,4753	2,1007
7,9318	-7,5990
13,5679	-13,5625
20,5147	-12,7107
12,7160	-24,3760
20,6459	-25,1624
10,8810	-4,5844
12,1919	-22,2792
9,5049	-18,2812
26,2820	-18,8711
24,7091	-7,9267
22,2186	-7,4025
17,6314	-20,3130
27,8547	-22,4754
15,4685	-7,4679
11,9951	-8,9098
19,0075	-4,1910
16,1237	-14,2181
8,4562	-11,2031
10,2912	4,8531
21,1046	4,7875
-1,8984	7,9334
12,0608	13,1108
22,4808	18,8779
24,9055	14,2251
4,9827	24,4488
8,3907	24,6453
5,2450	33,2305
15,2717	25,3662
-3,8647	32,3786
2,8855	42,1432
9,5701	17,1087
-4,1925	25,6285
-8,2556	34,2137
-5,8310	39,9151
-12,7121	39,1943
5,8344	26,6771
-7,4694	30,3472
-14,2850	47,5830
1,4436	25,3008
-0,5225	27,9225
4,3272	33,3617
-0,2603	30,8058
5,9657	30,9369
2,2958	27,5946
12,4537	23,9246
2,8855	34,2136
1,1161	32,3785
4,1962	29,4295
-0,3259	27,0046
6,0310	21,3031
-16,3167	33,4926
-5,5032	24,9729
-19,0693	15,9291
-10,0909	24,5797
-18,3485	14,2250
-13,0401	16,7810
-12,5814	21,3683
-17,7587	12,6520
-16,7755	10,6204
-7,4696	-0,8484
-21,6906	8,9164
-9,8287	8,3919
-1,1780	-4,5186
-3,6683	-18,4778
-5,6342	-17,7568
6,9487	-19,0677
10,4221	-26,2766
11,7984	-16,9705
7,5386	-18,4125
1,7715	-8,6477
22,6773	-31,4542
-1,1122	-4,9120
0,5264	0,7236
-0,7190	-22,0170
7,4729	-17,4949
-1,9644	-7,2714
-11,7291	-14,0215
-0,2603	-10,8102
-6,2897	-8,3853
-9,1076	-6,4847
-8,5178	7,5399
17,3032	-12,9726
-6,2898	2,3629
1,5092	12,0620
-15,3990	10,6203
6,5556	19,2054
-1,8988	4,7877
3,3444	16,7152
2,8855	14,3559
17,9587	6,2295
8,9802	0,7247
4,7205	23,8587
0,5262	21,1062
7,1453	14,7492
8,4559	16,4534
-9,8286	43,0606
-8,6488	33,6234
-9,5665	13,4386
3,2129	11,9969
-13,1712	36,0484
-11,4671	22,3514
-15,8581	14,5529
-6,1588	28,4463
-12,5813	16,9120
-14,5475	26,0215
-25,1640	20,8440
-8,8458	7,5405
-6,2899	34,4755
-19,0694	11,0790
-17,2996	0,2660
-3,6027	19,2710
-0,5880	3,8701
-1,2433	4,9842
16,5825	7,3434
8,5216	-2,2903
25,2990	6,7535
20,7769	-18,2811
28,3791	-5,3704
19,4008	2,4280
18,0245	-12,5139
12,1264	-8,6473
16,5828	-1,5695
18,6799	-15,2665
2,7545	-0,6520
11,6676	-14,0869
-3,5371	-15,3320
-3,2747	-8,5163
4,1305	-9,6961
-14,6127	3,6077
-5,8308	-5,2397
-5,1756	-15,9220
-11,4016	3,8044
-24,7054	-2,8805
-17,8896	-19,8540
-10,0255	-0,1278
-20,1835	-5,8296
-16,2513	-15,2665
-16,9067	-12,5140
-17,0377	-12,8418
-10,5497	-1,0453
-24,5743	-13,6283
-15,0713	-15,5286
-0,9815	2,7557
7,9971	-2,6183
-7,8627	-9,1718
-3,0782	2,8869
4,9170	-8,8442
11,2739	-12,9728
-6,3552	-9,3684
-3,0126	-12,8418
-6,8794	-2,2906
-2,6850	-11,4657
-4,1268	-9,3684
6,1621	-7,7302
-15,0715	-13,7593
-6,4861	-7,2058
-4,9134	-10,9413
-3,3407	-7,1401
-15,7923	-1,8973
-11,5980	-13,6938
-7,3383	-1,6350
-12,1880	2,2971
4,9825	6,1636
0,4603	-4,0600
10,9462	-7,5987
-6,3554	-2,9456
-2,4230	12,7827
0,0018	-6,4193
3,6062	-13,8247
-6,3551	2,7558
-2,5540	-12,1866
-1,5710	-21,4923
0,2639	-1,2421
-23,3943	-14,3492
0,5918	-1,8974
0,9849	-15,8567
-3,8649	-16,7083
8,6525	-1,5042
-16,2512	-10,2860
-4,1268	-5,0430
2,0989	-6,9436
5,5721	-10,6790
-14,0885	8,8506
-2,6851	-4,4533
-0,0639	2,8870
-11,7292	19,1397
-0,9155	-5,8294
10,9462	-1,7004
-9,0421	5,4429
-4,9132	8,7852
2,4922	5,5740
7,6040	0,4621
6,4243	4,7221
8,5870	21,1714
4,1960	-2,6836
4,5239	6,7537
12,2569	7,3434
-6,9449	7,4089
2,4267	8,4576
8,1938	5,4428
9,4388	7,9989
-6,6827	21,1715
3,0821	7,8023
-7,0760	4,1324
0,0019	18,9435
-6,9448	10,7514
2,2301	0,2004
-6,0929	4,0670
2,7543	15,2736
0,1986	23,6620
-6,4207	-6,2223
2,7545	5,5745
3,4752	28,8393
-4,9790	11,9310
-6,2895	1,7075
6,0967	5,3774
1,5092	3,1491
4,7859	-4,6497
5,3103	2,5592
-3,6025	-13,2351
1,5095	-11,8587
12,6504	-13,2350
6,2279	-15,7253
9,3736	-11,5311
6,4902	-6,9437
7,3421	-12,1865
25,5609	-11,5965
-0,5223	11,0132
16,1238	-4,1913
6,1623	-7,7954
5,9656	2,0349
-7,7968	8,2607
0,7227	-5,1085
-1,8987	3,3457
-7,4694	10,3581
-11,6635	5,5084
1,4434	5,2464
-1,8333	5,2465
-8,7801	2,8217
2,8198	13,8318
-11,0740	20,0574
-5,6343	16,0601
-5,2410	17,3051
0,7226	8,9821
-0,0638	24,4486
-0,9813	17,3049
-9,3042	2,1010
-6,7484	13,8317
-9,5663	4,7221
-1,8334	5,9020
-9,8942	17,3051
-13,0399	21,4994
-9,2387	22,8756
6,4897	15,9944
-8,7146	20,5820
5,9000	30,2812
4,7857	14,4215
-12,6467	20,3855
3,0165	22,8758
0,7880	19,6645
-11,7292	17,8295
-1,9644	7,9991
-6,6176	11,3415
-10,2219	37,1624
-8,3214	-1,8971
-14,8094	5,3777
-6,2897	8,1300
1,1159	10,6859
-4,7168	-3,4043
2,4266	16,4529
0,1985	-0,1932
3,0821	0,9210
-1,1778	3,9356
8,1939	1,6417
6,4899	-2,6180
5,5069	10,2269
2,4268	1,7072
12,8469	-5,1739
3,6720	-4,6495
4,3929	5,0496
-1,1120	7,0811
21,5632	-3,2734
16,3858	5,3117
3,9996	-14,0867
3,4755	4,0012
17,4999	11,6032
5,0482	0,2656
-4,6510	11,2757
2,0992	2,2973
11,7984	4,9845
14,0920	23,2688
-2,2262	6,9504
18,0242	17,6328
0,7883	16,9118
11,9294	8,3268
7,4074	25,3660
8,0626	6,1638
-6,7484	7,4748
-14,8093	19,0089
0,0018	3,6079
-3,0786	4,1324
-7,7971	12,9795
-10,4185	-7,6642
-5,0446	4,7877
-15,4648	3,4112
-1,7023	-1,5038
-9,8287	7,1468
-3,2096	8,1299
-7,8626	4,7875
-2,0955	7,6055
7,2762	2,7559
-6,5519	4,6566
1,7714	0,8554
10,2909	7,4745
-0,7190	4,9841
1,5093	-0,9143
3,9341	-17,4946
7,7351	6,8190
11,4706	-19,4610
-2,7508	-7,1399
-4,1924	-3,1425
-10,6807	-9,4339
-7,4039	-3,0768
-18,3483	-5,1085
-4,5205	-10,2202
-16,7102	13,1104
-14,2853	-4,9120
-13,2366	-3,4700
-22,7393	3,1490
-5,9619	-6,4191
-8,3215	3,2800
-10,2217	-17,2980
6,2276	-12,7103
1,2469	6,8845
-18,4137	-10,7447
6,3588	-9,8924
-9,0422	-4,4531
-4,7167	-10,8100
-8,1247	0,5276
-7,9281	-10,7446
-6,5517	-10,0236
-6,0276	8,9815
-6,7483	-8,9753
1,4434	-11,0722
-7,1418	-9,8272
-6,8140	-18,6088
-12,9088	-4,5187
-17,4964	-1,3730
-7,4038	-2,5525
-8,3870	3,7388
-11,4015	-11,4654
-10,9427	-3,1420
-10,2875	11,2099
-9,6321	-2,1592
-5,1757	0,8553
-4,7171	-4,8460
-13,7610	0,6589
-20,6421	8,8508
-9,4357	-3,9286
-18,9383	3,2804
-17,8243	13,6349
-26,6059	5,9672
-20,3801	-3,7320
-13,3022	1,9697
-22,2808	5,5086
-20,1179	10,9480
-18,8729	-4,5840
-17,3655	1,3799
-27,7857	14,7490
-15,0062	4,7220
-16,3825	0,7244
-11,2052	3,8701
-10,7464	-9,0404
-17,0378	6,2294
-11,5326	-2,8146
-6,6831	-1,6348
5,3100	10,7512
-12,1225	-7,6643
0,3952	-1,3726
1,4436	2,3628
4,6550	4,6564
3,1478	3,4767
13,9612	-2,0283
8,5217	-6,4846
11,2743	10,0956
5,1794	-8,5821
16,3861	-7,7299
16,8447	-7,2711
14,8786	-5,8295
0,0021	-6,1571
1,7716	-15,1356
5,0484	-12,1863
16,5823	1,4452
6,7521	-9,6961
12,7814	-9,6958
12,9780	4,7219
8,1940	1,7728
17,6311	-5,2395
8,9804	-6,0913
14,5511	0,2657
14,8787	10,6856
16,0584	-11,7275
6,4246	-8,5815
23,7260	9,1129
6,0313	-9,3681
4,5239	5,3775
13,5679	3,7390
1,9679	5,0499
-5,2409	17,1084
1,4437	3,0182
-2,7507	12,1279
-13,0397	15,7975
-9,9595	1,8387
-8,6489	2,5597
-4,7823	14,2249
-4,2580	12,5865
0,6571	-0,9793
-3,7337	9,4410
2,0988	8,2612
-8,2557	20,1232
3,9340	14,8802
-1,9642	8,4579
4,7859	24,7105
3,0820	13,4383
4,6549	9,0475
-5,4376	-7,1398
-2,5539	-2,7489
-0,7190	10,8825
2,0989	4,3287
-2,8162	0,0691
-6,9449	12,1930
1,4436	-12,9727
8,8491	1,9697
11,5360	-2,1594
-4,2580	-0,9796
-1,0469	-2,6836
-8,1245	-7,9920
1,9022	-2,1594
-7,0106	6,6223
-8,0592	-19,7886
-9,3044	-8,1230
-6,2243	3,4110
-15,7924	-0,4556
-19,0036	14,2245
8,4559	-10,6792
-1,8335	-17,8876
-2,3576	12,3897
0,7882	2,2315
5,3757	-7,0086
8,5213	10,8825
1,1159	22,6134
3,2132	11,2757
10,1598	6,8195
5,9000	16,9120
2,8198	20,1886
-7,9280	9,6375
-3,7337	14,6184
5,4412	31,9197
-10,9428	17,4362
1,2469	16,9776
-15,9236	23,0068
-12,2534	17,9605
-12,2536	26,4799
-13,1056	4,3944
-14,0886	1,9698
-13,2366	10,8824
-6,6175	-2,4214
-7,4040	4,7222
-10,8115	3,6080
-10,6806	2,9528
0,0020	14,6180
-4,6512	9,8339
3,0168	6,7540
3,9994	11,6690
5,1795	6,0331
6,8833	23,0066
20,2525	9,8995
-0,3258	12,4555
11,5364	21,0406
4,7205	5,7706
2,8200	-1,8968
-3,3404	13,6350
5,5068	7,3434
7,4073	-4,7151
-0,6537	-8,6473
-12,1222	-9,8923
-10,2216	-3,2080
-2,1608	-22,2134
-3,9303	-20,1160
-3,9959	-3,1425
-4,0613	-11,4657
9,3734	-21,0993
-2,7507	-9,6306
-3,5370	-9,1719
-4,2579	-9,6961
19,2039	-19,0677
-0,8501	-8,1230
13,6990	-4,7153
8,7181	-4,6498
-3,0126	-3,7321
11,0121	5,3771
9,5043	-14,3490
-0,3913	0,6587
-3,7994	-1,2420
-7,2070	-7,3366
-5,6999	-3,6667
-8,1902	-6,6814
-15,8579	-2,6837
-2,2920	-5,6328
-2,0956	-1,7662
-1,2436	-5,0431
-16,7754	-11,7933
-8,7146	-15,2010
-4,8479	-4,5844
-13,6954	-17,9536
-11,5982	-11,6620
-13,7610	0,9862
-24,5087	-7,4023
-10,5497	-13,6936
-16,5135	-3,3389
-10,0910	4,4597
-8,5181	5,9015
-12,7124	-13,3659
-4,2581	-4,2563
-8,4524	15,8630
-5,9619	-5,3706
2,7544	-10,7442
15,0096	4,0666
9,3080	6,7535
11,8641	-1,1763
13,4370	-11,2032
21,8255	-8,4508
11,2744	4,3940
17,8933	-19,6577
22,7432	-26,2110
17,8933	-17,8227
15,8618	-18,6091
18,8108	-23,9831
6,0969	-24,6384
-9,5661	-19,9197
9,6358	-5,5020
5,0481	-21,7548
6,4898	-16,1184
-17,2340	-5,5018
8,1283	-7,6642
2,0333	6,4914
-6,0275	-6,7467
-2,2920	13,7661
-1,8333	16,7806
-6,6174	-1,8969
-15,0715	8,5235
-7,0105	11,4725
-5,0446	8,3922
-14,0884	1,3145
-1,0468	4,5256
-0,2605	13,5694
-7,7315	6,4259
-13,1709	-7,5987
3,4753	-4,7806
3,9993	6,6880
-1,8987	-9,6305
-1,5056	-7,6641
-7,1414	8,0643
5,1792	-3,1423
0,0020	-5,0429
8,0629	-6,1570
2,4923	-2,1592
2,1649	7,2122
11,2086	-2,3561
-7,9933	-11,8587
8,1942	-14,1524
11,2084	-5,1741
-13,9572	-2,5527
6,6210	-21,0994
5,1788	-18,4777
-10,8118	-2,4217
-13,2366	-18,8711
-15,5958	3,8045
-0,7849	-3,8635
-15,2028	-9,9580
-14,8750	-1,5694
-9,1734	4,0666
-23,8534	8,1298
-14,9404	16,5839
-11,1395	-2,2249
-8,9112	-1,8970
-14,0231	11,8652
-3,0129	-12,9074
3,4749	-12,1863
-11,7293	-0,7176
-6,9451	-8,1888
-12,1880	-4,8465
-18,5449	-24,2450
-1,9645	-3,2078
-21,4941	8,5883
-17,9551	-6,8780
-2,7509	-7,8607
-13,5644	5,3118
-17,5619	8,3921
-18,8726	6,8192
-21,5594	7,6712
-13,1710	7,7369
2,4265	20,3852
-11,9258	10,0305
1,7056	9,5718
-8,9112	9,1785
4,1304	17,1085
-4,2582	14,0936
5,0479	1,2487
-9,2389	1,4454
-6,9451	23,5309
-15,2681	16,2563
-9,9597	9,1130
-2,0954	14,4215
-3,0129	11,0791
0,7226	4,0013
-8,3212	11,6689
16,5168	12,9795
-4,2581	4,8530
2,9510	2,2316
6,7520	-13,3658
5,3758	1,8384
-3,2094	-1,4386
6,6209	-14,8079
-3,0128	-18,7402
-0,5880	-17,8880
-2,2264	-6,0919
8,5868	-20,7063
8,3903	-27,8496
-10,6806	-9,6962
-3,2748	-20,4442
11,7327	-19,4609
2,5578	-3,4704
-7,3381	-3,5359
3,4754	0,0032
11,9949	-13,1695
1,9678	2,4282
0,6573	9,8991
13,9609	3,1491
3,5408	-3,9287
2,0335	7,0813
7,7352	-0,3897
10,5531	7,0159
-2,2917	6,0984
6,1623	1,9696
1,1161	-1,4382
-8,6487	0,8557
3,4755	-1,3726
0,1329	14,0938
-2,4229	19,9919
-4,3892	19,4677
-7,6003	5,7052
-0,3916	12,5209
-17,1032	14,6836
-11,7946	5,5086
-11,7292	7,4092
-12,1879	-1,0450
-0,8503	3,8703
-8,4524	17,8949
-1,2435	9,3751
4,3927	-0,1274
-5,8964	14,1594
6,4900	15,7322
10,4876	15,6667
2,8855	21,0406
6,9489	14,7492
14,3542	11,0792
15,8616	5,4432
24,1189	10,8827
-3,4714	16,6497
8,7838	3,5426
8,9149	0,7246
13,8300	7,6056
2,2958	-16,6427
7,9317	-6,6811
7,5386	-15,2010
-2,6851	-8,1887
3,7375	-1,1110
4,9171	-28,6361
-7,1414	-21,8857
0,1986	-17,8227
14,6165	-15,7255
3,9995	-4,7812
19,4005	-22,4103
9,7011	-23,9829
10,6188	-14,8080
9,0459	-23,9829
10,1599	-9,3029
7,7352	-7,6647
4,0651	-25,0970
7,6696	-17,1014
-2,6851	-0,9797
1,3126	2,6246
-1,0468	0,2655
-0,8501	1,3796
3,8028	2,9527
6,1621	23,5964
-0,5881	9,7026
1,5747	4,3290
2,2956	24,9728
9,7010	14,6835
5,5724	13,4386
7,6695	16,5843
8,5872	13,5043
14,4852	29,3638
8,1283	15,2081
2,6234	36,3762
3,3444	26,3491
8,5216	14,4873
9,9634	32,9028
-0,9811	20,9096
6,6212	10,9484
15,5994	17,3708
6,0967	12,3244
4,1309	14,9460
14,7476	17,6328
11,2743	11,4724
27,9858	15,5357