-101,1655	-489,9440
-82,4214	-433,1902
-169,8473	-416,6094
-129,4107	-428,6672
-199,7971	-375,3212
-104,5732	-429,0607
-184,5930	-413,4623
-128,1007	-398,0623
-173,7132	-448,0662
-116,6322	-473,8218
-183,8713	-472,9703
-125,8078	-488,9608
-177,0566	-450,4264
-175,3540	-473,2329
-189,0500	-485,1602
-185,4468	-484,7011
-176,4670	-479,7865
-199,7981	-494,6632
-119,8435	-497,4813
-195,6034	-499,2512
-146,6471	-495,9091
-229,1576	-520,0919
-176,6630	-527,0387
-242,9859	-508,6232
-143,3718	-556,7266
-259,5668	-543,2917
-176,7295	-538,3771
-219,7207	-595,3932
-182,6936	-581,4340
-185,7077	-592,9690
-214,0205	-620,8214
-211,1358	-581,2383
-230,8643	-636,4197
-256,7496	-615,5796
-286,8971	-665,9771
-242,5284	-675,1521
-307,0818	-659,3581
-233,6805	-682,2960
-281,6533	-699,3345
-225,4884	-669,8437
-278,2449	-680,7885
-214,0858	-712,9667
-259,5677	-704,7753
-239,9734	-747,7017
-271,7573	-764,3481
-252,2942	-793,1844
-283,3571	-818,2847
-267,4985	-811,8626
-264,8110	-810,8139
-316,5200	-842,7955
-313,8323	-848,9560
-378,1243	-834,2106
-354,9241	-866,4546
-450,0832	-863,9643
-386,5130	-871,8945
-452,6391	-863,5058
-393,6569	-886,3127
-431,9948	-888,4091
-359,5780	-846,9910
-407,6152	-887,5581
-341,6214	-892,2108
-381,2041	-911,6754
-350,3377	-935,9896
-379,8280	-930,9435
-351,0585	-967,7748
-338,6059	-954,7328
-377,0763	-944,4439
-357,2829	-945,0340
-396,2780	-954,4709
-381,0731	-947,1312
-460,6999	-935,0071
-402,4386	-964,3666
-497,0730	-956,3059
-432,7822	-929,8295
-489,7328	-938,2187
-374,5209	-1003,1649
-436,6483	-1036,6536
-357,6774	-1041,4383
-331,3316	-1041,9634
-359,9716	-1093,5406
-393,1315	-1110,2523
-423,9349	-1123,8840
-406,7639	-1113,3330
-475,8400	-1146,7570
-441,4980	-1199,8406
-489,4714	-1173,7580
-445,6928	-1204,1673
-535,2153	-1246,2413
-480,5584	-1226,6465
-534,3632	-1237,2636
-436,9773	-1255,2207
-505,0033	-1287,6609
-437,5674	-1294,4766
-518,8968	-1300,7690
-480,0354	-1347,2991
-512,4746	-1334,8476
-479,9705	-1342,9089
-475,4473	-1347,0377
-515,6219	-1351,7563
-507,8870	-1355,3609
-532,6609	-1346,0549
-524,5990	-1350,1838
-568,0501	-1362,9633
-544,5224	-1387,2772
-594,5920	-1398,8773
-521,5195	-1413,8856
-601,6042	-1442,3939
-540,7215	-1450,9138
-588,2353	-1461,9239
-563,5296	-1453,9286
-633,1282	-1487,0243
-631,6225	-1460,8754
-651,6102	-1475,3593
-675,1396	-1489,2529
-684,1169	-1492,7919
-733,8600	-1499,6077
-716,0328	-1502,1639
-746,4425	-1521,8252
-700,7631	-1579,6283
-765,3162	-1615,5420
-688,3110	-1626,6184
-762,6943	-1670,3974
-668,1918	-1707,5564
-758,6314	-1703,9522
-715,2469	-1716,4698
-752,7994	-1723,8752
-754,4385	-1722,1712
-791,8590	-1717,6492
-814,9947	-1701,7899
-836,5557	-1728,4633
-879,2214	-1765,1633
-902,2235	-1750,2867
-930,6671	-1744,3236
-874,3051	-1783,7110
-928,8973	-1806,4520
-874,1734	-1821,6564
-915,8544	-1810,4502
-828,1017	-1846,8883
-899,2741	-1884,5718
-865,7195	-1885,0962
-929,2243	-1933,0039
-911,2028	-1965,2476
-996,7271	-1996,6403
-959,3728	-2029,4739
-972,5450	-2029,8678
-954,5239	-2067,0271
-951,0492	-2092,7828
-976,2815	-2089,4408
-973,5278	-2099,7962
-1049,6820	-2151,8977
-1036,0497	-2188,9911
-1102,3736	-2193,7104
-1065,2144	-2215,9278
-1135,4693	-2284,2820
-1054,2049	-2283,4302
-1147,5929	-2270,1268
-1065,3457	-2286,4457
-1115,1529	-2281,7919
-1090,9056	-2275,4347
-1137,7631	-2234,0816
-1120,9218	-2250,9903
-1143,3998	-2262,0656
-1141,5660	-2341,9541
-1102,6365	-2324,8496
-1125,3130	-2384,0294
-1098,9661	-2388,0274
-1124,7225	-2428,0051
-1070,1301	-2454,5477
-1148,8392	-2490,3960
-1072,8822	-2497,1466
-1144,3166	-2505,2731
-1066,5913	-2493,8046
-1165,0262	-2492,4280
-1133,1767	-2480,9587
-1233,3154	-2451,0740
-1182,5921	-2415,5537
-1263,7259	-2437,8353
-1275,4576	-2405,2639
-1287,7782	-2412,2108
-1295,5129	-2424,7281
-1297,9364	-2432,9859
-1330,6396	-2448,1247
-1252,2571	-2439,4091
-1283,7152	-2494,1976
-1241,2467	-2494,3287
-1278,6023	-2539,0900
-1245,7030	-2500,2271
-1270,2787	-2531,6188
-1219,1617	-2521,3295
-1309,2076	-2499,4407
-1252,4545	-2499,8338
-1337,8473	-2506,5189
-1284,1095	-2534,5019
-1344,8605	-2523,4921
-1343,2889	-2526,3108
-1320,5466	-2556,4571
-1336,9973	-2559,4723
-1272,7049	-2572,1870
-1291,7767	-2597,4182
-1221,4549	-2600,8919
-1268,2477	-2600,8264
-1198,9755	-2607,7731
-1288,5633	-2577,0371
-1211,3620	-2632,4147
-1306,7174	-2615,1129
-1263,3330	-2593,4210
-1321,2670	-2606,7244
-1262,8752	-2562,8806
-1299,1814	-2578,5434
-1247,0815	-2509,0093
-1281,6175	-2508,2882
-1275,4580	-2503,7657
-1231,2856	-2483,4496
-1302,7209	-2497,0156
-1260,7109	-2491,9040
-1331,6874	-2486,2683
-1253,8306	-2514,1205
-1381,8883	-2427,3506
-1305,0137	-2435,8704
-1350,1027	-2432,5921
-1243,9998	-2378,7218
-1320,0867	-2375,6410
-1192,9473	-2330,4868
-1273,2277	-2333,8284
-1175,9072	-2288,1491
-1181,2802	-2247,1234
-1131,9982	-2211,0126
-1124,6567	-2171,2314
-1139,9929	-2135,6449
-1127,9981	-2128,8289
-1120,1350	-2129,0252
-1057,6126	-2129,5494
-1134,6180	-2114,3452
-1063,5759	-2131,2536
-1120,2647	-2153,4047
-1032,7087	-2141,8049
-1106,9610	-2123,2582
-1058,4643	-2121,6858
-1089,7247	-2125,0929
-1046,0785	-2086,9508
-1063,6409	-2051,1676
-994,1085	-2071,4184
-1035,3951	-2063,0942
-1021,6334	-2029,9328
-1044,8327	-1972,1960
-1105,1922	-1991,6602
-1079,7633	-1999,8515
-1108,2068	-1946,3085
-1035,0023	-1921,9945
-1086,0548	-1893,8141
-993,3209	-1904,9544
-1080,9424	-1881,6888
-985,9152	-1830,0464
-1082,9080	-1845,3158
-1001,8402	-1812,3507
-1030,6758	-1767,6549
-981,1315	-1757,4309
-1024,3189	-1750,9423
-983,6879	-1723,6789
-1001,1847	-1711,8170
-992,4697	-1694,7119
-975,4285	-1674,2647
-989,0608	-1665,0235
-921,1644	-1619,1479
-982,3103	-1578,3187
-925,7517	-1575,8277
-978,4432	-1544,6971
-920,5090	-1474,6389
-959,5678	-1470,9031
-878,7621	-1455,5013
-909,4324	-1447,5059
-839,8336	-1430,2700
-903,4023	-1445,0158
-781,3097	-1480,5360
-840,5536	-1453,6665
-811,3252	-1450,9146
-802,7389	-1493,3813
-809,6868	-1463,3655
-805,7532	-1449,3408
-800,3798	-1405,1694
-774,5578	-1410,8706
-851,3663	-1365,5843
-758,7631	-1339,7631
-813,2899	-1332,3574
-773,9676	-1327,1798
-801,6893	-1337,7310
-746,7053	-1324,4275
-803,7860	-1307,9127
-745,0671	-1293,0360
-800,5096	-1284,1884
-733,7949	-1277,4375
-781,8978	-1230,8416
-758,7644	-1234,4456
-743,9522	-1233,9860
-773,7065	-1198,2688
-743,2963	-1147,8716
-755,6184	-1173,2993
-736,6770	-1184,8986
-780,0630	-1161,2403
-741,4612	-1178,1487
-800,9681	-1182,5395
-708,5619	-1179,1974
-750,8323	-1187,1925
-643,4843	-1131,7490
-690,1450	-1153,0485
-595,4460	-1120,7383
-640,8621	-1038,2284
-621,2674	-1068,5714
-640,6655	-1048,8440
-633,5230	-1049,8926
-626,7062	-1025,1201
-635,1610	-1034,4921
-609,9942	-1033,7051
-632,0149	-1037,8338
-587,3186	-997,5290
-654,7554	-1001,7234
-573,1624	-1003,2304
-645,7766	-984,8803
-568,4441	-960,5009
-644,9899	-975,5741
-547,8006	-971,4448
-599,7702	-966,0708
-522,0451	-948,6381
-560,8415	-953,0288
-525,6490	-910,0368
-524,5996	-876,7449
-516,2773	-893,6532
-518,1113	-883,3630
-574,6039	-884,1499
-517,2593	-874,7774
-573,1622	-846,6629
-494,6490	-860,8185
-533,7088	-872,4179
-433,0449	-839,7816
-518,8315	-861,0151
-446,0208	-838,8638
-467,3200	-825,1668
-430,8171	-804,7194
-489,2087	-811,0101
-430,4237	-786,9582
-474,9879	-742,3280
-494,2567	-711,0018
-500,0229	-718,9315
-513,1968	-737,4120
-477,4130	-728,6304
-514,4415	-726,0094
-462,0115	-748,5541
-503,7588	-769,2632
-466,7955	-742,6560
-507,4279	-727,9106
-403,2257	-755,3037
-490,9122	-711,7878
-351,9107	-702,0882
-413,7760	-708,3140
-368,8186	-715,0639
-380,8106	-712,1152
-350,8621	-728,7612
-411,4164	-691,9302
-377,6670	-718,8653
-418,2985	-682,8204
-422,6246	-662,7666
-394,7706	-707,5926
-425,5077	-674,0376
-391,2967	-635,5684
-428,6527	-623,5096
-358,0702	-629,8660
-442,2181	-613,8092
-338,0156	-574,0942
-370,0624	-555,0892
-297,1212	-564,4604
-348,8936	-571,0134
-273,0038	-547,8137
-312,0628	-533,7887
-312,7189	-503,5765
-311,6041	-503,7732
-339,5895	-490,1411
-345,4208	-481,5559
-363,7067	-475,7886
-353,7443	-462,6814
-417,1185	-446,8218
-342,8000	-475,2646
-427,4732	-491,1240
-311,2114	-501,8719
-407,0252	-486,4058
-290,5014	-497,4160
-305,6403	-506,4597
-233,3541	-499,6441
-276,8032	-491,1244
-203,2728	-488,5029
-255,4381	-470,1528
-206,8121	-447,8049
-250,9168	-470,0213
-267,5643	-441,3815
-274,5756	-427,8160
-327,2677	-432,1409
-295,0886	-401,7325
-364,6887	-408,0238
-313,7014	-413,7251
-396,4084	-397,2097
-340,8993	-372,4373
-413,6439	-393,3432
-305,8376	-401,0107
-353,4818	-416,6742
-285,7176	-426,7013
-266,9080	-434,0421
-230,0776	-487,7160
-261,4028	-453,1128
-258,5196	-446,1671
-235,4500	-460,6494
-252,3595	-425,1942
-215,5926	-405,3367
-262,8446	-377,4181
-183,4139	-401,4700
-247,9676	-416,8700
-191,6057	-373,7479
-256,1593	-364,5074
-186,2320	-391,0491
-246,4596	-390,2624
-183,0866	-373,7477
-246,6560	-388,2310
-193,1141	-367,3909
-206,8762	-391,5076
-215,0036	-340,7174
-204,8444	-353,6283
-188,1993	-356,2490
-156,2162	-330,2316
-175,4846	-362,9994
-138,5861	-340,7822
-155,3639	-309,1286
-120,2363	-324,9224
-210,0209	-307,9488
-157,5265	-320,9249
-212,7737	-352,9063
-163,9501	-333,3112
-256,9448	-359,8540
-152,0227	-362,6061
-217,9520	-369,6841
-213,8238	-354,6761
-226,7991	-332,9179
-220,4434	-328,3305
-227,3230	-319,0238
-189,2480	-281,3408
-191,4750	-298,5113
-223,3912	-311,9458
-174,8285	-280,6855
-233,0249	-298,9699
-181,3824	-305,0649
-253,8652	-308,0794
-173,1903	-299,1009
-203,7952	-295,2342
-115,1905	-304,8029
-160,9996	-308,4722
-94,2839	-265,1538
-113,2892	-329,7720
-91,9907	-307,0306
-137,4063	-310,8977
-117,2226	-281,1436
-133,6711	-273,2142
-168,2097	-278,6532
-138,1275	-274,2620
-159,0343	-254,0771
-112,3718	-250,9969
-163,0972	-246,1469
-84,1908	-245,6882
-158,2467	-248,9649
-72,3939	-235,2680
-121,8738	-239,4625
-25,9294	-264,1034
-119,1870	-207,6116
-71,6080	-208,5292
-83,9942	-210,1670
-91,4664	-168,3554
-88,8439	-202,2375
-107,7198	-189,2609
-113,3548	-197,4528
-140,7495	-184,3454
-105,4248	-152,7573
-145,7960	-181,5933
-119,0563	-194,1758
-161,7859	-185,7876
-102,3442	-215,4099
-155,6250	-191,8169
-78,6857	-200,1400
-97,1011	-204,7274
-59,4186	-187,9506
-92,5788	-205,0555
-47,0978	-230,7455
-83,2070	-214,5580
-30,9104	-205,7113
-69,0511	-219,0800
-71,9357	-205,1205
-68,3305	-163,6361
-94,5459	-137,2910
-79,6028	-170,0584
-114,4032	-176,4805
-78,4890	-150,4633
-134,5228	-181,9862
-92,1212	-179,9544
-198,8792	-143,5823
-96,8398	-138,0770
-138,2584	-153,0190
-54,4385	-141,5498
-75,6710	-166,3880
-67,8729	-127,4597
-85,8940	-131,6542
-55,0284	-151,3804
-92,7758	-122,8720
-126,5937	-137,6834
-73,5739	-161,0141
-140,9461	-164,7498
-92,6447	-172,6142
-149,8583	-143,5163
-87,7298	-168,2890
-174,6308	-153,6737
-92,7765	-129,4258
-192,7847	-110,2234
-96,9713	-97,1817
-145,2053	-111,9270
-61,5823	-78,0446
-112,1093	-73,5231
-79,4075	-113,4998
-56,6000	-113,1718
-77,7036	-96,3952
-58,1069	-122,3477
-85,8953	-147,1856
-29,8607	-125,9519
-70,4284	-131,3261
-39,6908	-132,2437
-100,3122	-162,2596
-47,3589	-201,3187
-157,0009	-179,0373
-69,1179	-202,1715
-175,8104	-205,3174
-88,7136	-187,0983
-141,4700	-184,2807
-86,1581	-175,3673
-108,1772	-178,8408
-83,6020	-201,9750
-81,7655	-184,7392
-64,2030	-206,3005
-63,8740	-204,3994
-110,6020	-159,0487
-66,6264	-143,3854
-125,1514	-126,6080
-95,8562	-119,3331
-164,2106	-140,5009
-85,8951	-112,4516
-168,0774	-169,4025
-112,6342	-152,1662
-169,0605	-132,3753
-124,8246	-160,1625
-155,5600	-169,4029
-104,7707	-154,4608
-103,9176	-155,3777
-85,1750	-127,2633
-75,4741	-136,5691
-67,8729	-120,1847
-48,9318	-103,4729
-77,4405	-86,4990
-52,7330	-118,8736
-117,4830	-115,9899
-85,7633	-125,8857
-143,1732	-96,3296
-95,0701	-123,0025
-163,2271	-107,8642
-73,8364	-145,4163
-108,5701	-173,3349
-41,1339	-191,2924
-76,7189	-214,4921
-33,3347	-214,6240
-19,7028	-229,8277
-46,4425	-208,7912
-72,9180	-208,2664
-100,3131	-190,9654
-75,1470	-228,1240
-161,7210	-205,2516
-116,0418	-176,1540
-204,0576	-201,7783
-153,5288	-184,5422
-247,1801	-176,7436
-175,1564	-199,3534
-249,0155	-197,2563
-179,2863	-210,4292
-253,7997	-220,3246
-170,2422	-181,3310
-216,7720	-186,4430
-156,7420	-212,9850
-170,8964	-186,1805
-153,3336	-209,5775
-126,3314	-188,0153
-152,0872	-186,5085
-71,5425	-176,4808
-146,1230	-142,0747
-66,1683	-169,0756
-153,5282	-189,9154
-104,7036	-164,4877
-150,7100	-156,2304
-106,9325	-189,6533
-181,5775	-173,9905
-106,9981	-200,0087
-165,6523	-215,3448
-97,1683	-254,9944
-152,0865	-297,9858
-142,8475	-255,1912
-162,7038	-254,1428
-199,7333	-268,1012
-204,6476	-236,0541
-250,5240	-222,2259
-207,2698	-222,2262
-330,1502	-219,8667
-224,7677	-211,6742
-303,8700	-145,8106
-211,6603	-158,1967
-269,0698	-159,3759
-174,9603	-158,9169
-232,3037	-178,1847
-177,1889	-157,1479
-224,5705	-191,4236
-180,4003	-203,3509
-165,2607	-185,6566
-182,4324	-218,5560
-158,0512	-226,6163
-191,8034	-213,1821
-157,1992	-242,4764
-229,7478	-215,5412
-169,0606	-248,1127
-235,0564	-230,0905
-176,2700	-250,0794
-242,0029	-300,2798
-162,9663	-264,9561
-223,0627	-271,1824
-153,5295	-293,3994
-208,2515	-327,1498
-159,2969	-271,0515
-190,8193	-281,0787
-160,7389	-288,8116
-153,0049	-294,6443
-166,1786	-278,1287
-110,8650	-270,0683
-191,6721	-282,1923
-153,4629	-287,8945
-222,5396	-316,7300
-225,9464	-320,0726
-296,7261	-295,2999
-207,4007	-314,6335
-315,7974	-342,5512
-221,2944	-323,9399
-269,1354	-378,6626
-211,6613	-376,1724
-265,5967	-390,1973
-224,1133	-379,3838
-237,0885	-381,4809
-209,7610	-385,7406
-206,8114	-375,0581
-258,1268	-378,1389
-247,2468	-421,2612
-306,3614	-405,2050
-258,2575	-399,3072
-331,9859	-426,3738
-273,6581	-430,1743
-336,5077	-416,8051
-265,3352	-389,8041
-326,9388	-369,8152
-225,4239	-355,1348
-288,0759	-329,1822
-204,9764	-269,6100
-221,8839	-270,2654
-152,0890	-298,3794
-184,1349	-255,4533
-183,6116	-240,3806
-176,6636	-252,6358
-223,8508	-281,6678
-195,6033	-288,6148
-247,2466	-285,2727
-188,1328	-310,6357
-303,4109	-349,6948
-227,7169	-326,6262
-351,5149	-307,7521
-292,5327	-314,3711
-346,9932	-303,8855
-269,3339	-321,9081
-334,8036	-354,0859
-269,9234	-348,9087
-272,2163	-349,4984
-217,8224	-322,3669
-222,1465	-355,7243
-230,8635	-318,3027
-178,4332	-293,3995
-229,2901	-296,3484
-166,1776	-280,5544
-235,3189	-308,2109
-169,1268	-336,7188
-283,1599	-312,0775
-216,2476	-349,8264
-321,0401	-341,6339
-215,9206	-318,3040
-296,2680	-353,2348
-226,4723	-358,4777
-267,4968	-376,8281
-172,7330	-371,9780
-224,5053	-325,1853
-181,5143	-328,5928
-183,4138	-310,8974
-186,7572	-296,8727
-175,1562	-295,8243
-209,5636	-310,4385
-147,8932	-299,6254
-221,6215	-331,7378
-135,5717	-271,5758
-181,7096	-300,8050
-136,2269	-290,5810
-188,2623	-275,9665
-119,3189	-270,1995
-152,0864	-295,0377
-105,0326	-306,5064
-132,0980	-299,6252
-81,2433	-301,1326
-122,0055	-272,2964
-103,4595	-290,1876
-95,7255	-239,5282
-112,5035	-266,4636
-95,2006	-304,9330
-126,6589	-277,6700
-88,3851	-293,3986
-183,2159	-230,6152
-109,0949	-251,2591
-203,2703	-266,0690
-128,6254	-165,4066
-225,6844	-192,9315
-175,6809	-198,8945
-235,7775	-182,9694
-199,9956	-183,6245
-237,8748	-168,7480
-221,3608	-172,9425
-245,3460	-184,8040
-248,0996	-176,0880
-222,0810	-198,2391
-263,9594	-182,0518
-249,3433	-228,8450
-251,8999	-230,8107
-152,8089	-241,1661
-240,4303	-247,8503
-132,0985	-268,0356
-207,9238	-190,0482
-130,7877	-235,9235
-182,0369	-231,5971
-146,5170	-166,8476
-175,6144	-168,2897
-138,3256	-155,9028
-182,8891	-129,9508
-145,2072	-174,6459
-160,6729	-138,4694
-172,7323	-122,0203
-163,8838	-121,4957
-179,8754	-130,7362
-141,5358	-124,9694
-203,0091	-151,7734
-133,2126	-156,0987
-204,8438	-152,4947
-124,1685	-169,2062
-192,9810	-173,7938
-92,7766	-158,6550
-132,9498	-139,0601
-75,3444	-170,3862
-130,1319	-164,2906
-102,2799	-152,9534
-151,1692	-167,9612
-137,8665	-156,1645
-132,7541	-190,9640
-168,6684	-183,2308
-120,6295	-163,1770
-173,7140	-155,1817
-63,2192	-138,7320
-115,8451	-139,9112
-48,2767	-101,5724
-107,7835	-100,9173
-69,3795	-95,1497
-153,2653	-107,1431
-93,7597	-123,4615
-159,5576	-118,7432
-117,7465	-153,6083
-114,7312	-110,8134
-74,4931	-153,5431
-65,6442	-141,0252
-73,3131	-127,8530
-106,9967	-150,2660
-140,8150	-121,1023
-140,5520	-119,8572
-197,7662	-88,2685
-169,5857	-68,2145
-230,7310	-57,2696
-169,5856	-64,6092
-216,5746	-38,0669
-99,4616	-33,6763
-147,9577	-45,6035
-50,8335	-50,2567
-85,8291	-34,9872
-59,3535	-43,0484
-66,1680	-84,4013
-33,9913	-94,4937
-82,5520	-66,5100
-85,6988	-72,2118
-109,1600	-70,9661
-163,0975	-39,4434
-158,9682	-39,2462
-222,4737	7,4807
-173,6487	-35,4450
-215,7230	-37,8041
-125,2829	-29,0879
-147,7612	-20,2411
-97,0364	-41,2778
-137,4710	-21,3548
-54,7656	11,0852
-115,5828	16,9184
-79,4731	15,2798
-96,1186	17,0502
-86,6820	69,6751
-43,6239	18,0984
-76,8512	42,1506
-32,9405	27,9285
-66,5611	-18,1433
32,0713	-14,3423
-60,5321	-53,9921
-13,8695	-91,8068
-114,3365	-101,2446
-17,0810	-121,4957
-110,1425	-134,2754
-31,9588	-118,3502
-117,1550	-118,7432
-38,9062	-120,0537
-94,0870	-94,7565
-84,1261	-76,4718
-74,6225	-50,7821
-47,7539	-90,8891
-72,0668	-68,4753
-85,0434	1,9755
-61,9083	-39,5088
-100,4439	-12,1795
-15,9011	0,7306
-79,4713	-17,9469
21,6519	-31,7747
-27,6969	-36,3627
36,0697	-34,4626
-24,2230	-56,6139
47,8656	-48,8157
-7,5118	-93,9041
40,0009	-68,0172
18,1125	-58,9734
32,8572	-60,5460
18,8336	-59,8251
16,5394	-45,5380
79,3231	-41,8021
15,4906	-21,4863
34,5625	-35,9693
-25,8626	-36,1003
6,1850	-7,9856
-87,0077	-16,5707
-18,1950	9,7092
-110,6664	-2,6111
-38,1840	49,4246
-121,6111	28,4531
-38,5121	41,0365
-72,0010	61,6146
-44,4108	50,1457
-15,3774	50,0154
-18,5240	69,5448
-7,5125	74,5257
-19,1793	88,8778
-27,0424	67,3822
-84,9116	37,3670
-47,0310	88,4847
-117,3520	52,3083
-46,3101	4,8606
-101,0987	9,1854
-15,6395	-29,0224
-89,6946	-34,7895
20,9299	-16,6367
-34,7095	-54,4509
20,3399	-17,6853
-1,5485	-46,9148
8,8704	-62,9050
-39,1006	-36,4944
-5,8098	-34,3316
-19,9643	-31,7754
-29,7958	-17,0951
7,0365	-16,6362
-77,7024	21,6369
-31,4328	6,8256
-95,0687	9,7757
-6,9225	38,5454
-42,7056	19,6056
17,3256	-19,8471
-43,1638	17,0493
23,2894	-11,9184
-36,8067	-49,1428
25,5825	-55,9582
-21,8647	-40,0329
-24,3563	-23,2555
-23,3721	-1,4980
-40,5440	-1,1042
-51,7490	-2,2181
-55,2237	21,1128
-33,5309	43,9849
-74,0324	23,7345
-36,0211	25,2424
-112,3708	73,9353
-29,7295	13,9695
-91,1365	17,3126
3,4319	29,8293
-30,3189	-10,8033
33,7090	24,6519
-28,4177	-1,7597
36,4618	-20,7645
8,8063	-8,5095
10,2474	-10,8694
18,4400	-70,5723
-3,8431	-44,6201
-4,8255	-56,4825
-71,0180	-35,1176
-65,5777	-11,9179
-87,0743	14,3620
-37,2669	17,8360
-97,7563	16,5909
-6,0711	31,8613
-62,3665	47,5236
-28,6156	-8,0505
-94,4786	-3,2009
-27,3710	-2,0220
-102,4750	-38,5910
-79,4728	-23,1903
-89,6301	-63,1674
-94,0223	-53,8607
-74,4914	-2,5465
-114,8625	-14,6703
-69,9689	18,7532
-112,6995	11,2168
-41,7883	11,4794
-116,2379	17,4434
-47,4901	21,0479
-129,6063	27,4703
-16,2289	37,8243
-50,3732	15,8700
41,7046	-0,0551
-22,2575	18,2293
41,5739	49,6863
19,8822	15,2145
2,8418	16,5256
12,1487	-14,6043
-19,8998	-9,2298
-30,7126	9,5782
-70,2320	-27,6463
-79,0783	-30,0052
-112,5025	-11,3279
-72,5250	-26,1390
-140,5517	-17,6194
-76,8502	7,6773
-114,0748	-13,2288
-49,5222	-14,8010
-112,3053	4,7286
-31,4998	17,3114
-73,9010	15,4107
-16,8203	-17,9469
-72,5901	-11,1963
-29,6651	7,1531
-49,9151	-25,2869
-66,2998	-23,5829
-51,0939	-9,2307
-24,9459	-1,6292
-0,4347	-57,7279
-29,5983	-61,6601
10,5757	-55,1723
-50,4384	-91,4794
7,8887	-78,1753
-57,9094	-70,7041
15,6872	-48,5529
-19,8984	-27,0571
59,5957	-64,8714
-16,0318	-76,9956
29,3837	-61,7257
-3,3836	-67,8868
0,0233	-75,5543
-31,0401	-82,5665
-59,2868	-61,9882
-42,7710	-75,7507
-97,2981	-93,3799
-35,6937	-76,2090
-120,3671	-62,4468
-44,3446	-45,3413
-151,9547	-23,8451
-61,0558	18,0325
-109,0937	25,6348
-46,9005	-2,6112
-95,0685	-16,5051
-14,7228	-63,2982
-64,6603	-52,7472
-24,9460	-101,1788
-26,9119	-68,8038
-63,6125	-74,7027
-50,7667	-98,9501
-80,9798	-71,1632
-43,5577	-92,0690
-89,6296	-89,7094
-0,1724	-52,0264
-51,9458	-60,2187
31,8752	-63,0364
-34,5128	-61,2015
13,3938	-31,9728
-42,2460	-68,4105
-18,7198	-65,0025
-100,2464	-60,8080
-84,3879	-36,5599
-104,1792	-43,7687
-80,3914	-53,0743
-139,8309	-3,0053
-102,1484	-43,1786
-59,5492	-33,0857
-100,8376	-21,6173
-63,1531	-52,6159
-105,0970	-44,5547
-52,9300	-40,5577
-171,5505	-53,9265
-120,6288	-42,7199
-166,1112	-22,1415
-93,7598	-29,0881
-141,0106	-6,6091
-60,5328	0,0755
-87,9911	-4,1841
-26,9780	16,1320
-54,5021	22,3580
-45,7868	33,3679
-25,1424	24,3241
-65,3166	18,2952
-23,5693	21,3100
-93,6278	68,4303
-46,5720	11,0205
-95,6591	32,2544
-10,6586	10,2342
-96,2488	24,9793
-7,0543	8,9229
-80,4540	-14,2766
1,2689	13,7729
-54,5671	11,6755
10,2470	-4,1839
-32,4817	-5,2975
-10,6596	36,8420
-44,9995	50,9320
-34,2530	5,7782
-37,2661	29,6332
-76,6544	33,2372
-34,9727	18,6882
-102,3439	25,7008
-30,4506	20,2614
-138,9788	47,4588
-75,2116	41,7569
-154,9041	22,4894
-81,1107	7,0885
-161,3925	9,7095
-96,0536	10,3648
-146,4500	-36,1656
-43,7560	2,4347
-79,9307	-36,0354
-11,7740	-52,8124
-14,4598	-44,0311
-30,1888	-64,1507
25,5832	-30,9236
-23,5696	-38,0670
6,3160	-25,6146
-37,3316	31,5324
3,1048	-23,1245
-55,9438	-32,4956
-20,0954	-24,1075
-60,7936	-53,4022
-24,4871	-45,4071
-96,6417	-50,3224
-43,6240	-33,8073
-95,2003	4,5308
-71,1500	-8,1172
-107,7835	-29,4159
-60,3369	13,7072
-86,1566	20,6536
-85,3710	29,0430
-38,7736	42,1501
-51,6194	35,0726
-39,4940	44,5095
-63,2185	24,5866
-0,1726	9,9065
-81,8959	12,0689
-27,6974	22,2923
-42,1809	-8,7722
1,0069	-19,0610
-49,5865	-39,1808
-6,2027	-31,7100
-68,3298	-44,1621
-37,9223	-60,6113
-39,3638	-17,4882
-51,6855	6,6288
-37,8561	3,0905
-73,7710	67,3815
-37,4624	76,9495
-54,3716	79,5058
-6,6604	50,2772
-72,8519	81,2102
19,0957	64,2361
-50,9623	72,6250
36,3318	45,6900
18,5717	95,1696
62,8078	76,2950
-8,0358	97,0699
43,0811	70,5932
-1,3518	53,8161
-1,2218	68,4305
-4,3007	28,5843
25,5169	24,1285
40,5916	22,7515
-0,8280	4,6637
43,6064	21,5067
-41,1980	30,1571
1,9250	21,7034
-64,4634	45,9512
3,0386	-4,7080
-83,9272	23,6688
8,8714	-29,6123
-37,2000	-0,7110
24,4690	-11,9834
4,4809	1,3207
17,4567	17,8357
3,2358	19,8020
6,9702	5,1878
-4,1044	0,1419
-26,2571	27,4047
-27,3700	11,2824
-73,5740	11,2168
-47,2931	7,3502
-96,9700	2,3036
-58,4343	-3,5287
-99,9839	12,4621
-23,9622	26,5526
-72,7860	50,2109
28,4667	36,0549
-20,8157	8,6612
47,6684	5,6462
-25,5341	3,0899
36,8552	-18,3394
32,4652	11,6100
59,4651	-24,3035
71,3939	23,6032
47,6035	-10,3445
79,2585	3,4838
-4,1698	-8,5094
46,8836	6,9571
-56,9917	28,5840
24,0113	9,6440
-50,8315	47,4589
20,4066	76,1632
-26,7140	37,6937
54,2883	15,3464
-9,3470	36,1209
37,3141	5,4498
21,4548	-22,0097
21,3882	-48,3556
15,3599	-73,4561
-5,9405	-81,9763
-24,8793	-89,3165
-51,2914	-56,2867
-28,2218	-38,5918
-91,0720	-33,4796
-42,8363	-24,9590
-89,1056	40,9699
-14,8530	18,9501
-112,5671	51,7184
-30,9749	44,2471
-100,7049	17,9022
-27,4365	39,2014
-56,4684	25,1765
-8,9558	9,7759
-29,6638	32,5821
6,9701	30,4848
9,6581	13,5762
-17,9331	12,4625
18,2436	27,6012
-30,7784	56,1095
-1,8105	50,4079
-83,7313	47,2628
-25,0761	70,8557
-93,8893	77,3433
-40,6091	32,5170
-115,3854	55,7164
-45,6558	58,0752
-103,9167	7,4159
-21,1453	8,7268
-34,9069	21,7683
37,8375	32,9093
49,5044	24,5863
65,5594	15,8050
49,7017	65,4156
16,4736	66,3985
69,7550	62,0739
-18,7854	65,5472
19,0951	75,8367
-80,7169	74,9846
-23,1098	72,9526
-66,8885	35,1387
-15,2459	52,7018
-59,9403	38,8730
48,8486	-17,3569
-7,9705	-18,8641
58,2856	14,2966
4,1533	-1,1698
25,8451	11,0859
17,9812	27,5353
15,7521	28,1253
27,7466	44,4436
-7,9720	9,5136
10,7071	40,8396
-55,2232	18,0988
-12,0345	50,6047
-96,9039	35,6624
-2,4664	41,8230
-80,8476	51,7843
-8,9545	35,1382
-46,8994	26,0945
18,1770	37,7596
-16,2938	5,7780
33,3816	15,6081
19,6855	-15,1288
19,0946	-28,1045
33,1856	-5,6261
-24,4868	-6,7402
9,3303	5,8430
-45,6555	36,5795
-11,0516	44,7059
-71,3450	56,8959
4,9392	37,5631
-72,1309	66,7924
22,7653	73,3459
-41,1978	77,4746
13,9836	63,1878
-17,0146	28,7159
29,1871	24,1934
-22,5196	-10,0822
43,5395	-15,4563
10,3138	1,8451
14,2450	17,1148
25,7149	-7,9195
11,1648	15,2151
22,7001	12,9206
-17,1460	-20,3716
57,7624	-76,6671
10,9696	-49,4701
99,6404	-48,0289
57,1076	-79,7482
121,4638	-57,7280
44,0663	-58,5142
121,9225	-13,3603
67,0690	-36,4939
105,2755	-30,2675
53,1756	22,9477
96,0342	32,1227
18,9654	31,5987
21,5198	11,8072
15,7533	13,1833
-25,9942	42,6740
1,2698	-30,9885
-34,3821	-18,4710
15,6226	-1,4319
-37,8551	-11,1970
40,9194	-8,1168
-44,1464	-7,4611
41,9676	-10,6721
-25,2061	50,8007
82,5999	32,4506
37,7084	22,0965
81,6829	48,1795
103,3760	29,1087
77,9466	13,0525
42,4274	13,0523
28,8602	27,9940
32,3340	11,3479
-10,5930	-16,9634
-0,9582	-3,3320
-56,0746	5,4495
7,3647	-14,3426
-43,6226	-33,2166
31,6782	-48,4870
-56,1396	-45,4073
42,0329	-69,6555
-7,5774	-62,0535
57,4338	-30,9239
56,2551	-21,9452
100,4912	-17,0293
79,7177	-3,2007
114,1229	27,5358
70,6733	31,6645
-1,0896	34,5484
25,5181	42,0853
-67,1507	44,9688
-27,8942	39,8572
-103,5233	46,1482
-33,3335	6,8267
-54,1086	20,5892
15,0971	7,2847
-61,1862	-9,2305
25,8451	-2,9390
-52,7980	-3,8567
-0,9595	26,9454
-36,7420	4,0077
-40,4129	16,0667
-26,8458	36,1207
-25,4055	39,2006
-15,1803	8,1370
-45,4587	27,1425
16,5395	22,6201
-65,3155	13,8381
16,2779	-9,5581
-67,4122	1,7142
-14,9175	-3,3324
-104,7019	16,9184
-4,8913	7,6778
-71,4104	21,6371
2,6446	35,5963
-49,7833	30,6811
17,6529	42,0193
32,0714	43,3296
5,7909	52,1115
37,5775	33,0407
42,4909	26,8147
52,5192	48,3762
-23,1099	12,5934
51,4051	30,1570
-49,3243	36,3825
-6,7904	8,2018
-50,8970	4,4011
17,1951	-9,6893
-39,8866	-23,1237
54,2227	24,5201
7,6927	-26,3362
78,1434	-62,9706
35,8738	-68,9997
98,2627	-49,5361
69,0345	-54,3854
9,4612	9,9058
33,7106	46,2129
-27,2396	76,6878
3,7600	79,1132
-47,4900	97,5298
26,8283	108,3427
-63,6771	91,6965
18,6374	45,6901
-16,6215	3,7468
42,7542	23,5379
-31,2354	-13,2939
53,3053	-38,9836
-34,3156	-29,6124
45,7687	-24,5667
34,3656	-87,2848
41,3113	-108,2564
29,7126	-131,2598
8,1502	-124,1822
21,1270	-107,0125
-38,4463	-139,5176
-16,3597	-85,9089
-67,3474	-50,7818
7,6917	-56,7449
-80,0613	-18,1439
-9,7404	-26,8597
-69,3128	21,5713
2,9731	11,0858
-76,5868	18,1638
3,7593	11,7415
-85,1726	46,6063
-32,8765	16,3947
-100,4432	18,8855
-45,6567	65,8092
-71,4113	48,6386
-68,7249	44,5096
-13,4113	34,7450
-78,0305	23,0135
6,4467	17,6395
-48,4074	-9,1649
30,3679	-32,2987
-49,1930	3,4177
11,4937	-11,0001
-69,5750	-16,1774
-17,4091	20,3263
-117,7442	21,7026
-63,8748	6,5645
-100,2468	54,8645
-66,9555	38,8083
-100,5743	60,0419
-66,1691	35,9242
-78,4233	8,7270
-88,7790	19,0159
-61,6460	25,1758
-97,5607	-10,0171
-38,1186	-10,0825
-117,2864	3,0905
-17,1468	42,7393
-86,6810	6,7604
-13,4767	6,8921
-87,5977	29,3053
-1,0904	31,8608
-50,7662	16,5254
6,5112	11,6758
-32,2851	25,9627
-1,3531	48,1139
-8,2988	18,0989
3,6271	36,1214
-20,8159	59,9109
-36,3493	42,6746
5,7259	15,9360
-72,4592	1,8455
15,1633	-4,8393
-54,5681	-3,5948
-40,0840	-31,4473
-102,1466	-11,4586
-32,6135	29,5665
-68,7232	2,8935
-21,7998	4,4017
-15,9008	47,7204
17,7839	12,9208
-12,7548	12,2002
26,3691	-9,8203
13,7214	-27,2527
2,0552	3,4827
34,6278	-46,7833
5,0700	-65,1331
-3,4485	-35,5112
-25,4036	-44,0310
31,3507	-34,5283
-62,3008	-46,3244
10,2482	-23,9106
-67,7397	3,2868
28,0080	22,2265
-6,2671	-13,0967
39,2141	-3,9870
0,2871	12,1997
54,8776	0,2721
24,2079	0,2723
38,8214	13,9036
69,0348	0,4031
33,6439	-24,5001
77,0305	-11,1308
32,3336	20,2602
60,2536	-9,3620
31,5479	-14,0147
57,5660	17,8355
-5,0865	-33,4132
64,7096	0,1414
2,3845	-6,0848
65,1677	-15,9149
-0,3680	21,0471
56,4507	10,5611
2,8427	-24,1069
14,6384	33,9581
4,2192	0,7966
8,4780	5,6467
27,3533	23,0133
-12,6248	15,8043
37,9701	11,1511
-27,2390	-11,4586
43,5411	-16,5706
-12,4272	12,8546
51,5366	-30,8582
-13,7371	-32,7584
68,0513	-42,7856
1,0735	-48,0939
38,2322	-51,8296
14,1808	-54,3856
56,4507	-66,1822
34,3003	-57,4007
34,3649	-61,9229
48,2595	-104,3898
33,2504	-47,4391
34,7594	-61,9885
11,9515	-40,0335
28,9264	-46,7182
-15,8356	5,1873
6,6436	11,7405
-52,4703	7,8095
-23,4376	34,5484
-67,3467	40,8397
-6,2020	26,6181
-37,0689	13,0519
52,9111	-28,6290
-0,6307	-25,0904
29,9079	-30,5958
7,0373	-36,2976
4,9387	-28,3017
14,4425	0,2062
-21,8001	20,5227
6,7088	20,8508
-53,5195	31,4680
16,4084	23,1450
-55,6818	29,2395
34,1038	-30,6606
-3,5795	-29,3503
47,6698	-64,8062
-9,3463	-98,7542
67,1991	-131,3261
6,5787	-118,5467
91,7744	-138,4039
44,7209	-111,4686
71,3932	-92,5285
74,4742	-75,8162
75,0626	-39,1158
69,1655	-19,0613
30,0397	6,8912
96,0356	15,3455
41,3124	14,6247
79,1937	-0,6453
28,2062	-19,8475
119,6945	-17,3572
-1,6785	9,1847
59,0079	3,8764
-18,9144	3,2216
56,3197	50,6046
-17,1455	49,6216
23,4859	64,8262
7,2336	46,5415
8,2808	23,8005
-12,4273	26,6837
-15,7055	-4,1842
-11,7069	-9,0335
-57,5174	17,7046
-1,6798	-5,1017
-87,0740	18,7540
-31,0395	20,9163
-71,6068	30,3538
-8,3645	16,3949
-52,9941	35,2031
24,4036	-0,4484
-24,0925	10,1023
60,7759	-25,6804
15,4909	-14,7359
58,1539	-25,7456
15,0979	5,1213
33,1192	-8,5100
5,5951	-34,0688
-15,1150	-11,7862
26,1078	16,8526
-29,3370	1,5826
-29,7290	2,1080
-76,8501	46,1478
-7,9057	24,6521
-76,1288	4,4676
25,5175	49,6870
-47,9480	23,3410
-0,1067	32,1232
-37,6583	30,4191
11,8857	49,6217
-17,6706	56,3721
-12,6254	60,2386
-14,7869	42,8063
-10,9871	49,4254
7,4298	31,1400
-25,2736	12,2003
-6,1358	-3,1354
-58,1070	-34,7240
-30,3192	-17,9470
-102,4751	-58,2521
-55,0266	-72,6702
-115,4511	-61,3325
-37,3974	-59,1702
-80,0613	-86,0397
-23,1103	-74,3744
-42,5086	-79,4860
-0,3700	-65,7889
-22,7825	-43,5725
-15,2469	-67,8203
-11,7725	-24,8940
2,5128	-28,5643
-4,5636	-41,2777
-58,8938	-11,1311
2,7767	3,9418
-81,4378	-9,8208
7,3644	-29,5472
-55,6814	-43,2441
20,1443	-27,8434
-22,3228	-47,1769
48,8488	-40,3603
-51,1586	-12,7699
21,3887	4,1386
-29,0738	23,6685
15,2274	14,6250
-3,6458	40,1187
28,7936	42,0191
25,9116	3,6802
19,2915	-15,8495
44,1306	-40,5570
-1,4180	-0,5806
23,4210	-23,8457
-77,7670	7,2846
13,0665	16,5258
-51,6836	118,5651
15,5565	84,9455
-59,7443	90,5822
-4,3668	108,4736
-45,1953	93,5308
12,7374	63,6472
-33,3335	59,8454
5,3971	36,7768
-26,3217	56,4367
-27,7645	-8,2474
-41,6569	-12,7038
-48,7359	-13,8839
-28,8120	-25,4186
-92,7102	-17,4888
-24,1589	-51,3711
-101,2953	-60,0216
-26,4525	-45,7348
-69,3133	-58,5801
-7,1194	-49,9947
-56,2710	-23,2557
2,3179	14,2309
-23,0443	-0,8419
12,4751	47,3275
-11,3790	19,7365
37,9685	29,9605
26,0421	16,0008
42,8188	-2,8077
56,9101	-4,9047
18,5708	36,7102
61,0389	21,4406
-1,2209	28,7154
55,4685	39,3321
-15,9663	64,3670
68,8382	53,3567
5,3336	28,9777
69,5590	61,3522
-10,1979	-5,1672
53,4363	-14,8660
-46,2436	16,3939
-6,5958	-22,4691
-35,6276	-23,6485
-35,6946	-23,2553
-55,8782	9,0537
-49,6532	-0,1870
-13,8039	-22,9933
-38,5775	-39,1805
18,2435	-21,4205
-49,9148	-37,6735
-7,5776	-29,2851
-53,5188	-26,5978
3,6945	-14,1461
-30,8429	-16,8329
60,5143	-21,4205
-0,6301	-43,3752
95,8383	-26,5981
25,7150	-52,0266
20,4058	-49,6671
-22,9128	-34,3971
-4,6298	-37,1490
-25,0764	4,7945
-56,4691	40,9046
-16,0323	50,0804
-42,5098	54,0781
26,8287	29,2406
-31,4335	75,2464
28,7951	62,0730
-45,3917	42,7398
40,7225	14,6252
-45,6540	22,4239
42,0985	13,8387
-11,3126	45,5580
69,9510	-7,5262
46,4246	-15,9802
75,8491	16,4597
75,9816	-5,1677
70,9343	-23,3866
76,9649	-53,2053
42,1645	5,5149
99,6403	-3,9885
12,8697	-25,5494
80,7658	-35,4450
-3,0555	4,4659
13,1325	-49,0766
-49,3894	-20,6993
6,1190	-9,9518
-64,7255	-54,1883
-0,5008	3,2869
-48,2761	-11,7867
-35,8248	-0,0557
-31,8260	-3,0050
28,7937	-35,7732
34,1691	-59,4969
82,2067	-55,8928
105,2109	-72,7364
74,2774	-65,4617
91,8414	-84,9919
3,2360	-107,9942
34,1036	-65,6583
-72,3929	-51,4369
-5,0220	-49,0771
-78,1604	-19,0614
-7,7099	-7,9202
-66,9536	14,4277
-3,7120	-2,3490
-23,8304	20,1300
41,9666	50,8008
12,0178	25,5039
39,9356	39,6603
52,0604	49,6213
13,7867	18,0331
47,3421	26,5529
-22,7166	26,6834
22,5044	4,6631
-11,5104	-12,0486
11,6898	-31,9719
-42,0497	-32,0375
9,9199	-0,6460
-65,4458	-25,5496
31,0879	-42,3263
-48,1446	12,1341
9,1330	-2,3496
-60,7932	-23,2551
-34,3832	-24,3034
-27,6982	-3,7254
-62,5643	28,3872
-41,0015	20,3920
-21,2108	25,1765
-17,2119	56,8957
-81,4374	37,3008
-16,4905	34,4827
-54,9610	9,0547
-20,3578	57,4202
-85,1072	59,0584
-17,9328	49,7526
-50,3074	85,8633
25,1895	72,4285
10,9689	111,8814
32,0051	72,0353
31,0235	68,5618
37,7723	46,0170
33,5793	-5,9533
-4,6952	-14,4732
-20,1607	-26,9910
-56,8619	-14,7360
-5,9398	-51,3052
-61,0561	-31,4473
29,7783	-20,1105
-25,2065	-74,7018
71,8531	-31,2510
38,9540	-35,9044
123,4299	-3,3325
82,9945	16,9837
129,6560	3,0902
104,0319	-0,7760
116,3517	1,7793
63,9236	-51,1738
59,5315	-52,4842
31,5477	-6,4786
-25,9939	-44,8827
-3,1871	-18,2750
-82,8800	-38,6568
-53,4534	-38,3942
-83,6007	-5,5608
-22,1932	12,5274
-96,9694	11,2165
9,0024	10,1685
-62,3009	23,4068
-8,4296	28,1906
-0,2375	24,7827
43,3426	8,4648
1,7940	49,4247
20,0778	9,1198
4,9397	20,2617
6,1181	46,6069
0,0246	31,8611
-16,6882	68,3647
10,1171	24,2594
-36,8727	48,5082
9,3966	84,0282
-30,1876	51,7191
44,2613	50,4740
-47,9478	74,9842
20,7338	59,8451
-42,5079	22,8832
53,8944	40,0533
-9,3473	20,1300
51,6008	33,4993
20,4064	14,5590
53,0429	10,2341
75,0633	19,9336
40,0008	16,7879
42,3613	13,0525
23,3548	18,4263
20,3414	1,5174
-32,9401	-7,3295
38,8875	-9,7550
-75,2114	6,3671
-31,9577	21,7681
-96,4457	39,7253
-36,2836	52,9641
-87,7950	53,8160
-65,6439	57,6171
-60,7936	49,7526
-12,9539	20,9173
-80,9791	33,4999
-34,7115	42,6748
-40,4777	35,9900
-48,5395	46,9344
-25,0764	18,3609
-30,7133	39,8566
17,5224	45,2961
-33,7269	36,2521
49,9634	14,8875
-10,5264	51,8495
93,8727	4,3359
7,4311	20,9167
76,8989	39,3974
20,9317	20,7849
47,0796	8,3989
17,6544	25,9625
28,1388	25,5040
17,3918	29,5671
22,5679	24,5212
14,5080	47,4588
-3,3182	62,0072
44,0652	15,8045
10,3132	47,0653
41,7063	27,3387
-29,1387	39,3977
61,5638	53,6191
-12,9512	78,9816
61,4321	72,6906
-42,5734	90,8441
18,4396	66,2028
-53,0601	54,6027
-51,0949	59,7797
-92,0541	46,0166
-29,7310	-16,2423
-46,8347	-6,0843
-59,7458	-4,9048
13,2623	-27,9085
-13,6082	-50,7807
16,1464	-89,6436
-37,0697	-70,9009
-10,1991	-61,4640
-81,8303	-69,6557
-30,6466	-33,8728
-87,9250	-12,9664
6,4463	-6,6749
-39,2319	-21,7477
11,7546	11,5450
-16,6872	40,2495
18,7669	32,1888
23,2900	18,6233
53,5664	15,2806
82,7315	-12,1135
56,3193	-4,0529
67,5275	-23,4519
-7,1844	-29,2188
29,3197	6,9568
-37,8555	-9,0997
-26,9762	-2,7423
-109,2894	-12,3765
-16,4259	-23,8447
-102,7370	-7,7890
-34,1211	-26,9914
-101,2951	-63,8226
-20,9484	-67,7552
-48,0141	-96,3945
2,1854	-90,1684
-56,4680	-37,8053
-7,3167	-34,9216
-5,3501	-29,8748
-29,3367	-8,6408
-10,5264	12,6581
-29,2706	-6,3469
30,0399	-2,4149
-58,3030	-12,1795
7,9544	-3,7259
-65,3153	-26,2043
23,6827	-39,4426
-35,8894	-1,7594
29,9087	-22,3380
-18,0635	-6,0193
16,0147	-0,1212
-11,2476	-15,1939
15,6206	39,4628
-0,5656	28,8461
-18,9820	26,6835
46,0963	33,6299
-10,7902	-12,5729
43,4095	1,5832
-19,5060	22,6197
34,3003	16,4595
-25,9278	16,6566
75,5881	9,1202
17,3263	32,3857
87,7779	31,2712
23,8807	15,8700
103,8997	27,0115
50,3570	11,3481
70,8686	31,8611
20,4726	41,1673
50,8797	19,4093
33,8410	19,2130
-11,3801	42,6087
8,2162	10,8235
-35,2352	12,1346
13,3281	12,7245
-64,3980	37,2999
46,6207	-10,6065
-61,4484	-12,7694
13,5906	-12,8347
-55,1565	-10,3447
46,4896	-40,0325
-0,8926	-23,2553
99,8354	-4,5125
20,0141	-42,9820
90,0058	-4,5123
81,6836	-42,9165
69,7545	-12,1142
47,4082	-2,6117
29,0562	-22,9277
20,4068	0,7313
-12,6899	21,3094
31,5476	28,0596
-40,9360	16,8534
-1,4171	45,3613
-87,7283	13,1830
3,6941	-3,2006
-84,6486	9,6441
-2,4665	-13,9488
-40,6740	24,7825
-8,8895	-0,1215
-36,9381	4,5325
-0,3700	7,7431
-16,8185	-2,6766
-29,2055	20,7194
11,2968	-30,0712
-1,7459	-39,9665
39,7394	-12,3113
-52,9943	-23,4524
37,9047	-34,5935
-54,5672	-18,4060
26,1733	-22,8625
-53,3220	-4,3807
41,3122	26,1589
-5,4800	-3,8561
97,0175	45,2303
24,2084	13,9036
83,3211	-11,7203
64,4471	-8,1819
76,7670	-19,0607
74,9328	-5,9537
42,1637	-4,3154
46,4249	-25,0243
12,3450	17,2463
20,6030	16,3940
-55,4850	3,0907
-30,2535	46,5411
-90,8091	39,7905
-16,7535	13,6420
-80,3235	38,6768
-18,5230	41,1669
-72,7206	32,8442
20,4055	22,0305
-1,1554	-4,1181
35,4785	6,1707
14,3768	-19,3890
45,7017	-27,2529
10,8384	-18,4713
25,0586	-12,9663
56,9100	-24,3690
0,4174	12,3966
41,2477	3,4836
-1,0237	9,1854
51,7330	-24,7623
-53,2564	20,0647
-30,6463	27,6008
-88,4498	31,5331
-64,3337	47,4584
-118,8590	45,4925
-59,4848	42,5439
-87,5328	63,9741
-55,6833	42,2819
-32,8753	44,5103
-15,9681	32,6476
11,4279	16,4598
-3,6464	-34,8558
45,9660	-88,4641
11,1003	-81,8456
75,5228	-98,8195
-4,4968	-81,5836
39,6092	-61,9880
-1,2203	-52,8129
43,0818	-50,1255
-35,2992	-20,9621
35,4130	-22,9936
-35,3654	-21,2239
-13,8704	-16,3739
-25,1419	-4,3157
-4,1055	-16,3742
33,1856	-4,9060
25,5170	-42,5886
19,8823	-5,8885
-26,7802	-17,2262
-2,7933	-10,1483
-64,6606	-17,8159
-16,8190	-16,1775
-112,1085	-33,0207
-11,7723	-30,0062
-55,1575	-60,6116
29,2533	-51,8294
-27,1073	-33,2829
30,3014	-6,8716
-41,0005	-18,2746
21,1261	1,0587
18,1778	-9,4926
33,7745	6,7595
39,6087	-48,0936
36,0689	-41,9329
52,7165	-24,7630
13,6560	-4,6439
65,1024	-44,2930
-35,2340	-27,7122
28,2055	-15,1294
-28,8770	-34,1346
28,5325	-10,9347
-31,9566	-31,0544
62,5455	-7,7888
-20,0949	-24,8287
31,7436	-30,0709
17,3262	-16,2434
45,3092	-12,2456
52,7161	-52,5503
72,3100	-65,3304
42,4272	-90,8891
45,8346	-64,1510
82,0106	-102,2929
8,5439	-73,0635
15,0984	-43,8343
-83,0754	-25,0255
7,4958	-31,2508
-76,3913	9,7750
-0,6968	-4,3149
-59,2859	58,9930
40,7222	42,6088
34,3001	13,5114
96,2969	50,4078
119,8253	8,3331
118,1862	-4,2499
112,6176	-36,1662
118,3832	-34,7244
122,4473	-11,8527
61,0390	-38,7224