36,7308	-142,8975
-23,1023	-132,4125
-12,0939	-112,2263
-21,7266	-74,1504
-29,3957	-119,5006
-21,9237	-55,7990
-81,1696	-39,1534
-60,1970	-104,2958
-122,3916	-81,4890
-63,0157	-74,6742
-164,0071	-135,8193
-75,2714	-126,3167
-186,0269	-147,6821
-71,1428	-167,2773
-132,2877	-153,3191
-87,0681	-230,5852
-100,3710	-178,8772
-72,7816	-157,0550
-84,1833	-195,9168
-83,9881	-128,7421
-66,4888	-145,2575
-109,8094	-132,3457
-90,7371	-53,6374
-127,3071	-129,9864
-58,0350	-77,0329
-137,2683	-83,1943
-54,7579	-145,3873
-121,6051	-105,1484
-70,4867	-136,0822
-128,9446	-173,0438
-61,6394	-134,3130
-94,1447	-209,4172
-45,7143	-213,6115
-49,6455	-176,2572
-28,7407	-266,9586
-56,7232	-231,4379
-68,7831	-221,2808
-70,2896	-276,4616
-107,1876	-254,1142
-65,7682	-292,3875
-158,8300	-238,7128
-74,8774	-210,4677
-156,4055	-242,5790
-88,1165	-175,6660
-202,6738	-138,3768
-120,8190	-204,0426
-150,7694	-128,8076
-109,4820	-190,4120
-149,9166	-193,5572
-89,2314	-161,5115
-105,0897	-260,8640
-64,3275	-246,4458
-64,5226	-273,1860
-75,5335	-330,3985
-64,3911	-320,3720
-79,4000	-346,5213
-55,8063	-352,8121
-138,5784	-289,1116
-24,9388	-351,9604
-113,2818	-307,4608
-27,7569	-277,9704
-118,3935	-318,2093
-64,6540	-286,4238
-111,1844	-263,6834
-59,6742	-267,7458
-118,1967	-240,0243
-51,4824	-281,7703
-90,2126	-241,4655
-66,9485	-214,7933
-75,4014	-296,9747
-81,4317	-252,4750
-70,7486	-198,8022
-130,1907	-253,0653
-74,6154	-223,2461
-175,7385	-239,2374
-92,7691	-259,0943
-169,7745	-229,5386
-92,3110	-285,7685
-155,5530	-293,3705
-96,1780	-253,1974
-128,4211	-303,6602
-86,3478	-277,8385
-147,4262	-298,4173
-103,5837	-310,5411
-142,8386	-278,6260
-130,3882	-357,9899
-125,4068	-356,3509
-159,2897	-297,8941
-128,5527	-381,3211
-179,7366	-324,5666
-89,2308	-339,3128
-189,8291	-364,6091
-106,8596	-319,7173
-185,2412	-376,7340
-128,7494	-376,6023
-218,2713	-312,4439
-153,7193	-396,3947
-232,8209	-306,4129
-183,4733	-286,1638
-238,1293	-350,6497
-208,9671	-306,0201
-239,8989	-358,4489
-188,8477	-365,0677
-174,8220	-316,9656
-214,8650	-426,0828
-166,8256	-410,3536
-198,8737	-393,0533
-140,6771	-447,7098
-242,7167	-428,5081
-136,0897	-435,6522
-210,0146	-486,1142
-165,3849	-445,3516
-228,0367	-503,0232
-155,9480	-442,5990
-207,4586	-454,0035
-158,7006	-530,1556
-177,0493	-484,6736
-150,5740	-483,2979
-163,9418	-485,4601
-180,7205	-447,0559
-183,8655	-479,6923
-255,9563	-457,9992
-230,5276	-410,6828
-294,4261	-451,9704
-219,3873	-424,1828
-296,6544	-428,3779
-234,5914	-474,8422
-269,3255	-469,5993
-215,7171	-482,9037
-240,8164	-487,9499
-173,6435	-472,9429
-253,4648	-542,5416
-215,6517	-458,4589
-236,1636	-469,0772
-238,3279	-550,0782
-224,4328	-487,2295
-273,7173	-549,7519
-238,7852	-563,1207
-297,7691	-562,9255
-265,0660	-664,4404
-347,4456	-596,4139
-287,5452	-590,1895
-383,0971	-658,2143
-303,4054	-597,9213
-369,0726	-607,8177
-301,6363	-597,8557
-341,8749	-586,5182
-291,7404	-602,4429
-309,6307	-559,3858
-299,7359	-553,7501
-301,8974	-590,3186
-313,0395	-559,1890
-292,9849	-578,4572
-325,5570	-611,3556
-290,0358	-611,2249
-338,2706	-621,1864
-279,0909	-594,4483
-333,2894	-600,1504
-265,8529	-671,9774
-356,2924	-624,8570
-270,8992	-652,7110
-343,9718	-714,1830
-301,3741	-673,6171
-369,1376	-727,0294
-301,3746	-724,4730
-334,8626	-696,7522
-327,1959	-774,1493
-328,5056	-682,1362
-363,0443	-664,3774
-348,2324	-749,2449
-443,3265	-683,9058
-415,6041	-705,7952
-466,9855	-690,6562
-451,2569	-685,8069
-511,1572	-742,5610
-450,2742	-721,9826
-505,9139	-716,2821
-413,9015	-790,9270
-475,1113	-707,6965
-380,6747	-741,5792
-427,7288	-768,5792
-412,1322	-739,7436
-439,0004	-781,8179
-404,0710	-760,1907
-378,6418	-750,2953
-409,3793	-786,0779
-371,7599	-763,7953
-392,1432	-798,3338
-382,5738	-860,2650
-445,8817	-828,3495
-363,3061	-880,7136
-437,6242	-873,7008
-353,4759	-850,5672
-430,0877	-871,1447
-364,8793	-829,1356
-415,7348	-743,4805
-347,2502	-772,0535
-367,8279	-722,5731
-367,3044	-700,1600
-367,0406	-699,6342
-323,3956	-646,1576
-353,7372	-709,8582
-374,3821	-698,2577
-366,5168	-697,8659
-409,9023	-793,4824
-325,8194	-745,2479
-436,9034	-752,2614
-332,3075	-777,5577
-436,2480	-729,2577
-359,2431	-778,5408
-437,4275	-724,5381
-363,4379	-669,9479
-406,2979	-742,8229
-379,1669	-685,5442
-402,0377	-674,1420
-371,1717	-737,2524
-406,6904	-700,2249
-394,3055	-727,8158
-371,6946	-747,8696
-403,6773	-706,9098
-375,6928	-754,0299
-453,2219	-708,4818
-358,3252	-655,5297
-442,4082	-721,1303
-341,2202	-644,4529
-383,1629	-660,8371
-317,8896	-649,0398
-376,6743	-568,9554
-317,6273	-655,1343
-383,6216	-591,5637
-364,0931	-563,2535
-381,9835	-644,1240
-397,2550	-603,6883
-379,4932	-599,1019
-377,3319	-653,6927
-347,7084	-602,4437
-372,8087	-624,3327
-288,5289	-588,0908
-374,3813	-546,6070
-271,5545	-591,6293
-362,7152	-534,6124
-261,1339	-519,7368
-315,8563	-600,9350
-236,4923	-547,9166
-299,0133	-579,3745
-252,8768	-542,1494
-312,1206	-528,0598
-285,7764	-584,8784
-316,1189	-515,0819
-343,8421	-493,9150
-345,5456	-569,2151
-403,2840	-514,7549
-360,4882	-546,9338
-424,9764	-551,0621
-349,4779	-507,6780
-430,1528	-595,6271
-309,5008	-547,1953
-396,7290	-521,2442
-322,8698	-572,4925
-387,5535	-521,2432
-303,4716	-486,9682
-378,9685	-490,0475
-328,6381	-441,1575
-385,1293	-478,1846
-362,3236	-373,5229
-342,0717	-347,4408
-310,2218	-423,2641
-253,8595	-354,1886
-288,5936	-325,1573
-201,8225	-392,6583
-259,6918	-321,0281
-182,4894	-399,0819
-272,0778	-381,5833
-191,4027	-344,8190
-254,9069	-455,1155
-157,9797	-425,4276
-228,6922	-425,8223
-146,1174	-507,5451
-201,0357	-468,7477
-161,3219	-453,9371
-197,4969	-450,4634
-220,5014	-425,9529
-197,8249	-467,1086
-267,0983	-413,5652
-204,5753	-359,3676
-263,4277	-410,2885
-193,3032	-345,9973
-247,2400	-390,8899
-209,4905	-364,3469
-270,5050	-322,6668
-184,7183	-383,7458
-247,6328	-346,3242
-174,1674	-311,8535
-219,6483	-400,3261
-177,3785	-302,2843
-229,6747	-320,1764
-177,9684	-346,4552
-204,2475	-295,0752
-227,4486	-343,5717
-256,2179	-320,5683
-271,0954	-293,9621
-242,5868	-395,8044
-286,4312	-368,7377
-238,3923	-342,8521
-270,7677	-400,5231
-203,0030	-325,4188
-274,3715	-343,8346
-179,8688	-317,8813
-243,7657	-262,0449
-167,8098	-332,0369
-175,8697	-282,4910
-144,7410	-259,8822
-174,5587	-350,4525
-153,1299	-285,5719
-197,7590	-287,9973
-220,7635	-301,6282
-219,3866	-239,5001
-269,7846	-284,9819
-201,6263	-241,7273
-237,4748	-191,3965
-143,2329	-267,2213
-167,1537	-232,5519
-123,1128	-203,9791
-143,4287	-221,0178
-104,8944	-164,1980
-170,6259	-187,4632
-107,3194	-141,8491
-164,7935	-112,8830
-121,9342	-185,1025
-158,0436	-87,6502
-139,9571	-77,6244
-155,0285	-164,9827
-170,1688	-113,0132
-128,2901	-174,8796
-170,3654	-168,7845
-159,0920	-139,7530
-216,5675	-205,8125
-131,3052	-136,8029
-220,2380	-98,3341
-160,7313	-174,2895
-214,2083	-98,5296
-128,0949	-125,5970
-198,5450	-168,7188
-112,3656	-138,1142
-122,8502	-221,0169
-69,7669	-161,4445
-65,4396	-156,2688
-55,4798	-225,4080
-60,5900	-182,2852
-123,1781	-174,7492
-78,6132	-167,6706
-160,6651	-143,6195
-96,1771	-203,1256
-155,9463	-172,6509
-71,2737	-150,1732
-156,5356	-214,8569
-55,8070	-175,5353
-121,8013	-205,6172
-35,2288	-235,9595
-86,8706	-188,6431
-57,0523	-225,6707
-71,2073	-216,8884
-69,1767	-132,9379
-69,8960	-252,5407
-54,3651	-197,2927
3,1111	-156,5963
-59,8042	-190,2155
0,0315	-145,7819
-57,7724	-178,8122
-20,6785	-172,2576
-116,0341	-105,0186
-66,9475	-175,2727
-145,2637	-117,0105
-104,8936	-109,0161
-161,3197	-182,7434
-84,1193	-139,8828
-142,5762	-151,3529
-56,7255	-200,8977
-100,3057	-183,9244
-86,0197	-213,8085
-49,2527	-180,6469
-80,8421	-138,6390
-52,8566	-201,5528
-100,1089	-155,4152
-38,7663	-164,3945
-125,4712	-195,3923
-63,8669	-170,4888
-137,3335	-195,0654
-70,3562	-172,6515
-155,6179	-152,9915
-52,8586	-184,3167
-120,0980	-116,5522
-84,5130	-120,9436
-143,6252	-172,7162
-107,8439	-131,4286
-103,9104	-183,5306
-120,0989	-178,8774
-88,4432	-196,9663
-89,4272	-260,6670
-28,0848	-236,4841
-91,1964	-207,0593
-45,7133	-260,3394
-121,2114	-186,6764
-36,0140	-168,7855
-104,4999	-174,5515
-58,8868	-122,4507
-102,4021	-151,5485
-8,7523	-106,9835
-100,5667	-95,2536
-27,3636	-157,7737
-45,7133	-108,2939
-39,2920	-107,7045
-79,8577	-118,3864
-94,5395	-70,4799
-87,0017	-113,4719
-126,0619	-122,1879
-18,5824	-124,6135
-119,9669	-181,7605
-66,7501	-172,6515
-88,9018	-144,1439
-9,8651	-203,5187
-86,3456	-113,6687
22,9028	-137,5897
-35,6856	-119,9597
65,9599	-114,5867
-3,4420	-161,3789
18,1191	-136,7372
33,5861	-92,0421
16,4800	-153,6455
12,6803	-84,8977
-16,2879	-100,6266
-0,3620	-82,9313
-59,0832	-59,2734
-31,3609	-132,9354
-98,6012	-100,8883
-14,7804	-105,3462
-90,8677	-184,7749
10,5161	-111,9644
-93,0304	-95,1224
-3,9669	-128,5444
-57,3129	-39,5466
20,1500	-89,3540
-8,6195	-76,3770
19,8876	-52,5887
-15,3037	-122,7771
-4,3608	-78,5404
-27,8872	-61,0431
-52,3988	-108,4251
-32,6718	-65,8262
-123,7020	-74,8707
-33,7858	-59,9277
-98,8640	-34,7628
-36,0143	-103,0503
-90,0813	-55,4710
-3,2464	-17,7234
-73,8934	-100,3637
-12,0936	-76,4430
-60,7864	-92,1725
-22,5799	-93,4826
-34,9656	-81,4904
-19,5658	-118,3871
-34,5065	-113,6031
-40,4715	-135,7550
-32,8025	-216,0360
-75,4675	-162,4273
2,4555	-137,4592
-86,9363	-163,4762
0,3587	-106,4598
-81,2341	-110,3264
-4,3596	-117,7311
-73,6966	-47,3459
29,1941	-115,1097
-86,9348	-73,6251
24,0166	-46,2317
-62,2282	-88,3706
-39,8157	-48,1968
-56,7890	-43,6092
-85,7573	-35,7444
-52,0052	-14,9697
-96,8990	-67,5289
-74,4187	-27,4207
-138,9068	27,6935
-66,6855	-70,0200
-134,3190	-3,3042
-31,8203	-16,2812
-116,3614	-33,4511
0,2930	-22,3760
-65,0466	-128,0198
-1,6732	-69,9546
-46,6305	-45,1835
25,2616	-95,1868
-38,4382	-66,8092
5,9285	-53,5716
-36,0132	-68,4475
-21,9902	-28,4709
-44,6643	-80,5060
-57,8384	-38,6933
-8,8162	16,0939
-30,7716	-62,4176
31,5541	-25,9792
-40,2736	-23,5553
28,3432	-80,7678
-60,9830	-25,5218
-18,5811	-98,5946
-78,5467	-72,7727
-23,0385	-27,5542
-76,5149	-118,8450
11,4990	-74,2148
-44,4020	-78,1479
-1,0179	-109,4079
27,8194	-75,5258
23,6894	-77,4265
64,6510	-93,2200
39,4187	-41,5779
93,8798	-79,7854
-1,4756	-51,0802
47,2185	-26,7011
-21,0056	-66,8092
21,9859	-38,3009
-53,1187	-49,9012
-18,5163	-49,9664
-84,2485	-5,0744
-13,2082	-64,5149
-63,1459	15,1777
-3,3124	34,5097
-18,3193	-28,7314
-25,5291	29,5303
19,1676	47,3552
-36,6046	20,0927
9,3375	43,3580
-54,7578	-17,9183
9,1407	20,0929
-69,1758	27,6282
-19,4332	-71,4619
-113,1499	-54,2909
-15,8289	-6,5166
-83,7245	-95,4483
-18,5166	-29,3881
-67,4057	-67,8582
-15,3057	-80,1126
-50,1041	-49,3773
-13,0774	-121,8597
-23,3656	-104,4265
-33,1320	-39,5474
-63,1457	-106,3932
-52,2023	-38,6940
-12,9457	-34,6967
-77,9579	-47,7372
-3,1801	25,6627
-77,9575	-47,6064
16,1530	-9,3328
-53,2501	5,8703
5,6015	-74,2795
-82,9372	1,4803
-7,7681	-13,5284
-78,4815	-28,0767
-38,9640	-3,6321
-79,3994	-22,7028
-59,4121	-4,8768
-83,0044	7,9676
-124,8832	-72,5756
-111,3157	-46,0333
-141,6602	-35,4832
-107,3837	-110,1287
-127,8317	-86,5357
-57,1176	-98,8570
-124,2920	-100,9539
-25,8566	-73,4291
-112,3643	-113,5364
-45,2553	-22,7031
-109,6112	-9,7931
-24,5463	-40,2666
-66,2919	-0,3550
-8,4242	-19,8195
-18,3194	-13,7894
-54,9546	22,0580
-30,5739	-54,9462
-46,6975	-10,3813
-41,0601	3,7079
-68,9140	-63,4659
-33,4584	1,7427
-104,2374	26,5144
-11,1103	-5,6628
-94,5379	46,8968
11,4999	21,2067
-69,3061	35,0353
0,9482	52,0080
-54,8880	-57,6986
-22,6457	-9,5292
-98,3387	-1,2077
-32,7383	-67,5295
-56,0686	-46,9514
-96,3740	-68,7101
-41,9779	-71,2653
-87,2643	-17,9853
-24,8077	-45,7065
-107,1210	-36,5305
5,2739	-8,1537
-90,5405	-44,8541
-33,1955	-43,2812
-97,8801	-79,2615
-12,9456	-119,5658
-87,2635	-117,8627
-38,9638	-162,7548
-101,2223	-143,5525
-21,1385	-113,6037
-76,7123	-180,4495
-54,3651	-119,1733
-52,2669	-96,4987
-55,0863	-142,6352
-12,2902	-89,2891
-85,2328	-150,1714
-18,3845	-84,4385
-54,4305	-47,3459
5,2085	-82,6032
-43,2883	-4,6802
50,0357	22,5818
-0,2959	-36,1376
52,6571	-1,6658
-28,4103	-70,7413
59,4722	-35,1550
-27,4285	-22,6386
-46,9587	-98,5940
-49,7766	-37,3828
-59,5428	0,1028
-77,8263	-58,5517
-113,4135	-51,1459
-93,5547	-88,5023
-103,5832	-108,8837
-97,3566	-113,9310
-148,7371	-175,6658
-71,9944	-175,7964
-133,2705	-128,3498
-44,8621	-219,0509
-82,3483	-174,2242
17,0702	-180,2542
-15,7631	-202,7326
14,9731	-155,6127
-38,2411	-189,7566
4,0938	-161,5755
-11,3718	-83,3263
0,6855	-134,3126
-2,9833	-112,1607
-28,9367	-100,7578
-9,1435	-135,8845
-64,2607	-67,5307
-36,6695	-100,9544
-135,1056	-90,0744
-68,1275	-71,5289
-145,7881	-125,7265
-52,9235	-104,7549
-109,9393	-90,1412
-19,1067	-145,1254
-71,2070	-102,1335
-32,4103	-108,1636
-74,4176	-119,4352
-44,5349	-85,0295
-83,1346	-139,2928
-134,2540	-86,9947
-89,4266	-64,5167
-154,2435	-128,2822
-141,7250	-87,2564
-182,2272	-84,4389
-129,4042	-73,6912
-155,2912	-72,7740
-54,3652	-150,0406
-124,0949	-114,8470
-13,2729	-78,6075
-37,1277	-167,1459
21,7887	-137,9168
-40,1418	-140,0804
24,4099	-174,3546
-23,4963	-106,0009
-34,2453	-102,2650
-23,4309	-74,9357
-50,3017	-35,6144
-22,9064	-98,2657
-45,7139	-61,4347
-0,2310	-38,0394
-51,8084	-105,0826
10,4514	-97,4145
-85,9525	-104,9522
4,5530	-115,9617
-83,6589	-93,9424
-20,5481	-165,2455
-110,9871	-134,4430
-36,5393	-95,3191
-105,6134	-135,9508
-52,4650	-107,2456
-103,3198	-103,0518
-98,2092	-132,8044
-64,9815	-90,1412
-109,5471	-144,7331
-80,0545	-103,2484
-114,3964	-99,7100
-70,4210	-141,9137
-134,6470	-30,0434
-65,7021	-24,8671
-135,8264	-76,5738
-44,7965	-36,7936
-114,5271	-70,0862
-64,8508	-66,0222
-103,7788	-14,7085
-51,5474	-92,0404
-71,0104	-30,1739
-40,0129	-0,8147
-40,3393	-35,0240
-22,0559	-12,6763
-28,2148	-79,8510
-47,7453	-93,4165
9,0097	-82,3425
-46,6965	-170,2915
24,3456	-129,6590
-17,2050	-100,4966
48,2005	-139,2274
-27,2317	-52,3917
14,2525	-37,9742
-51,3492	-58,8787
-43,2893	-8,0888
-102,1400	-70,0857
-94,4736	-59,9271
-104,2375	-13,1356
-52,0725	-93,8100
-53,9716	-33,2546
-73,3054	-59,9942
-36,6694	-73,8871
-77,4993	-67,9896
-46,9588	-130,3794
-99,9780	-94,1379
-50,1705	-68,8421
-104,4342	-127,1684
-26,9049	-91,1235
-97,9460	-73,8882
1,7342	-132,1488
-92,3752	-73,9531
-24,8734	-94,6628
-64,5225	-83,1929
-37,3261	-7,4999
-78,0229	-94,1379
-54,1694	-42,4286
-73,3700	8,3603
-104,8941	-40,4628
-55,5442	-7,9573
-110,0055	-33,7137
-54,3646	-69,9546
-101,3545	-69,2348
-26,1186	-125,1365
-79,7927	-87,3881
-5,3434	-60,8466
-72,7139	-121,9913
31,0948	-84,7660
-48,9895	-75,0676
37,0585	-128,8719
-22,7752	-76,7710
0,4242	-107,1804
8,8787	-120,8114
-18,1890	-74,2161
-25,8554	-161,9684
-90,6719	-102,9197
-48,9899	-57,0456
-118,1973	-94,9900
-62,0976	-41,3814
-110,8574	-65,3023
-58,1658	-47,9347
-106,5969	-15,5606
-23,4319	-77,3605
-48,9250	-32,0090
-24,1523	10,3262
-12,9449	-74,4767
8,6150	-14,1830
-64,5871	-23,5556
-23,3010	-18,8361
-31,0332	33,2645
-37,7191	-64,0560
-41,0598	-15,4272
-74,4185	9,1469
2,9801	-70,9373
-53,3817	-46,6235
-6,3262	-39,0880
-81,8238	-40,6602
1,2105	-37,9084
-104,2368	-95,1860
-2,3285	-11,2995
-59,6066	31,1668
2,4552	-25,7171
-35,2270	29,9232
-0,0354	41,3915
-33,9815	-8,1529
-9,2107	35,7561
-20,8094	-0,8790
-64,0644	9,4105
-50,2351	4,9530
-86,2153	-74,9351
-46,6964	-37,3829
-78,0231	-15,7574
-19,4990	-82,2754
-86,8698	-26,1110
17,5290	-52,9154
-60,7865	-47,8688
-9,6036	-8,9407
-113,4774	-69,3648
-65,4408	-25,8483
-100,5678	-16,8052
-75,4687	-43,2810
-92,6378	-18,9668
-72,3883	10,6545
-49,7769	-46,9510
-46,3699	14,3254
20,1506	-12,2169
-21,2684	4,1678
68,9761	25,4007
21,4618	-29,1248
69,7622	23,1071
-49,6445	6,5910
22,0515	-42,3639
-80,9717	-13,7900
-10,9143	-33,6478
-75,2703	-21,7853
-21,2695	12,7517
-61,7699	-51,6698
-46,8940	14,8498
-60,8522	12,2932
-58,6904	-40,9870
-62,5563	-10,9715
-101,1581	-27,8803
-69,6998	-8,6784
-116,2315	17,4046
-63,2773	-47,7381
-110,7915	-39,2174
-47,1556	14,3246
-116,4924	-20,9991
-3,5748	29,0052
-133,5327	10,0649
-76,9753	6,5272
-135,4988	28,3501
-109,8753	2,9225
-148,0161	12,0977
-109,7446	56,9891
-121,0809	-46,0988
-145,7237	15,2435
-83,3977	29,6600
-152,4735	-39,1521
-59,2798	0,1040
-77,0412	-45,0511
-37,1940	-44,8537
-101,0916	4,8214
-22,3830	-64,7119
-109,9390	-37,1211
-13,2084	-47,1484
-92,3095	-64,3184
-9,8657	-3,8946
-29,4605	-38,1044
1,0786	4,6914
-4,0980	27,4974
-37,9153	-20,9327
-4,2283	38,8365
-19,8929	65,0496
-23,2990	-12,7404
-59,7379	40,9336
16,3499	37,1978
-47,6796	44,3417
3,8325	81,8275
-50,9561	13,1461
32,2094	43,1617
-24,6759	46,5688
19,5609	-14,8379
-31,0323	59,4143
18,3809	32,8716
-20,6123	4,4954
2,7825	39,0979
-55,2154	-22,6375
-42,0434	-33,0573
11,8275	-17,9196
-48,3351	-95,2517
8,8133	-19,1637
-49,5143	3,1173
30,7680	-41,0528
-49,4484	28,0218
41,1230	-13,3972
-1,0825	-41,3806
65,9605	-7,8922
22,3800	-76,3116
68,0577	-54,6844
16,1543	-21,1309
93,8788	-75,8531
58,4246	-29,5846
49,7074	-47,4766
47,6771	-72,3793
42,8262	-15,2979
75,3985	-58,6824
13,4664	-21,7850
61,7674	15,0454
-31,3601	-52,9148
31,2927	-1,9274
-59,8035	-4,0910
-12,0932	-12,8724
-81,8892	20,4854
-41,9126	-6,4495
-57,1166	63,0845
-18,6476	52,5328
-44,6644	10,5255
-3,3777	79,1418
-19,8262	86,0876
-35,4248	38,7056
-19,1051	66,7547
-25,7910	-24,5370
-27,4938	-8,9392
-37,8496	15,6350
-23,6931	-69,0368
-88,1154	-15,9525
9,0746	-20,3444
-92,5064	-58,6818
20,6746	22,9759
-61,2450	-15,9530
15,1699	-14,9689
-22,1194	51,7459
29,7186	-24,2756
3,1776	4,2987
32,4704	29,1359
-24,9375	-26,8314
-62,7530	3,1184
-11,7652	4,3634
-68,2588	-18,9013
-34,5723	22,9761
-71,0109	0,8256
-15,3704	72,0633
-77,0395	71,3419
8,4200	18,1931
-26,9034	91,1347
82,0171	50,0423
17,3993	8,6245
73,4977	-0,9450
31,6863	-47,6722
38,4354	-31,8127
13,9911	-0,4217
9,4680	-59,6001
30,1783	4,6912
-1,2804	5,1494
5,3399	-44,5915
-41,7158	16,4225
20,4784	3,5768
-88,9675	23,3695
0,6867	58,6274
-87,1323	-26,2406
-3,6391	45,3250
-96,6350	73,8973
-13,6665	-25,7163
-94,0135	9,0833
-23,7597	33,4617
-80,6440	1,1530
-45,9108	86,8084
-41,7151	19,4378
0,7506	100,1789
-13,0105	103,3891
-44,3375	60,6604
8,5510	73,6368
-40,5368	96,9664
-4,4908	31,2346
-67,1439	69,3108
-3,8353	21,7966
-56,9852	10,6558
54,9504	-0,9451
-22,1853	-45,1159
48,5937	-25,1930
18,4476	-2,6498
53,6395	-70,4132
-6,5870	-12,6760
23,0996	-49,3765
1,9977	-29,3219
-26,8393	8,3607
30,7025	-58,6168
-0,8216	15,3744
54,3612	19,8293
5,4710	-65,8907
84,0494	-17,2628
-12,6166	-8,2856
75,9881	-36,3344
-26,0516	-2,4526
35,5519	-57,0439
-44,4014	-17,5908
22,7720	-17,3297
-25,5930	-83,5206
6,2561	-23,7516
-42,5668	-42,8232
-26,5774	-43,2812
-21,9230	-6,3844
-47,7460	1,8728
-39,0280	1,7427
-52,1369	45,0612
-3,7704	-15,4277
-78,7440	37,3940
6,7161	-3,2389
-55,8055	-49,1788
47,6760	-8,4814
-36,2099	-36,8592
39,6807	-49,7693
-10,3885	-9,4652
69,2367	-86,2079
-9,7330	-51,2766
38,8938	-19,0992
6,9789	-74,6729
11,6307	9,2786
14,7775	-30,0435
-23,7591	-28,9285
10,5171	-2,8457
-60,1315	-57,8957
3,5702	-19,2949
-85,2972	-14,6428
8,3539	-56,1265
-104,8272	-29,1255
-43,8788	-1,8632
-103,7788	-41,2500
-26,9054	-20,0813
-73,1078	-43,0847
-16,0915	-28,7321
-28,3459	-19,2959
10,5163	-95,8419
2,4566	-87,8459
23,4926	-66,7447
37,0592	-115,0438
-13,9286	-41,6429
6,7818	-17,6573
-33,9823	-17,6565
18,8403	21,3373
-57,4441	-29,6494
22,9032	35,6902
-95,4550	43,3570
6,5191	-10,1850
-52,9224	55,2203
-4,2952	56,3995
-48,1377	30,3173
-4,1636	62,8228
2,3910	24,0911
21,9193	50,9613
6,1268	81,1720
-12,1590	-1,9927
21,0029	30,3825
-44,2065	34,5103
-33,2612	-1,3372
-94,0798	34,1829
-32,1472	4,5609
-95,8489	36,5427
-2,7217	61,6428
-71,0753	-11,4292
12,8104	73,7677
-65,1112	49,6493
9,5991	12,4258
-61,5068	70,6211
15,4964	21,1413
-35,9482	53,7133
-17,9267	48,3386
-0,2309	-32,8596
-46,1071	32,8725
-11,2409	41,5220
-83,4626	-34,6952
-26,0520	35,7558
-73,5016	14,5219
-24,2829	15,1777
-70,4863	58,1692
1,9969	21,6001
-53,6426	51,4198
34,5681	122,5255
-45,7780	43,0312
43,6125	101,4901
-8,2259	89,1681
13,3997	57,3185
-31,2287	91,9210
-19,6959	26,8433
-34,9650	40,9339
-42,2407	44,0785
-28,7395	-41,3799
-100,1086	29,4646
18,3156	28,8738
-78,4162	-6,2528
30,7673	36,0834
-52,8568	-6,1219
28,9979	13,8015
-44,6641	47,2896
61,8972	-53,7665
1,5386	-5,2694
49,1828	16,5524
-3,5071	-31,6159
56,9160	0,8901
27,6228	-26,0455
29,7843	-23,0953
51,6749	42,5710
19,1676	-25,7171
71,4662	26,1224
-29,5912	33,7887
43,3513	-50,0312
-30,7055	-23,3579
-3,7042	-6,6471
-64,9802	-23,9481
21,6580	4,5599
-39,6176	-30,3048
64,3869	16,0956
-30,5081	90,9365
52,3285	4,8234
-24,2823	70,8187
7,1738	102,3408
3,1773	67,0175
-38,0464	67,9351
-17,6634	64,8548
-69,8314	92,9043
-31,0333	114,3995
-100,1743	68,6556
-15,8944	95,1985
-72,6491	99,8506
20,5436	74,7507
-59,9340	92,2489
38,9595	56,4656
1,9977	45,4560
65,1083	47,7491
4,2261	-12,0194
40,0076	50,4363
13,7293	51,8115
15,4972	-22,2434
46,8901	18,1271
25,1309	16,2916
27,4914	30,7751
-18,5811	45,8479
31,0958	-21,9158
-43,3537	5,8714
23,8862	29,9221
-75,2695	-56,6503
19,1019	-16,6074
-57,4440	-3,6979
9,4024	-52,3248
-24,8723	12,9486
15,5623	-44,3955
10,5830	-26,7001
14,2517	33,5917
19,4307	-59,6650
11,6958	33,2000
29,1953	45,3230
-31,0990	-37,3823
17,5296	32,0860
-62,8183	7,0505
6,1916	-3,2382
-83,0689	38,5078
-18,6463	-24,3412
-71,9930	9,4764
44,2019	64,5251
-71,5341	-21,5227
16,8083	38,5741
-33,3265	36,5418
-1,4112	28,7437
-29,1973	52,9257
-4,5572	-3,8279
-19,6948	10,6559
-40,3400	51,2875
-17,0739	-10,2502
-103,1240	49,2566
-48,1379	53,4504
-89,3614	34,9698
-19,1060	56,8584
-84,1180	-9,3985
-5,8676	-7,5631
-66,2913	5,6734
32,4711	-99,9047
-39,0936	-57,6993
29,0634	-24,1460
6,9784	-71,6586
18,8394	9,2128
21,0033	-17,8533
8,2877	2,0048
10,8450	27,3668
-31,2956	15,7017
-0,3618	40,6713
-42,3059	38,9669
-11,4379	-7,3661
-79,7922	64,4609
-3,5736	-11,9546
-80,7097	-21,9814
-7,8336	-14,5110
-88,4424	-64,0566
8,2877	-63,8596
-49,1210	-29,2575
15,5620	-64,5807
-30,7051	-10,2511
-6,0646	-6,7779
1,0147	-22,6365
13,3340	42,4401
5,3400	2,6599
-13,6007	24,1567
28,9329	106,6000
-39,8803	6,1993
53,8369	35,4292
-47,4168	51,0256
48,3976	-5,0073
-45,1883	29,9886
13,5971	21,2721
-80,0533	39,3605
-5,0814	31,8233
-87,0663	-2,7130
0,6854	52,4682
-20,7442	78,0917
4,2900	-23,6192
10,7796	23,7631
11,2374	-17,1979
50,2982	-42,7565
12,0900	1,0206
86,0155	-82,6035
6,9132	-38,4977
98,9921	-67,0069
5,9957	-133,1971
80,9693	-54,8165
-36,6681	-66,5481
36,2076	-70,0205
-22,9713	-21,1959
36,0101	-51,8667
4,6846	-0,2235
15,1697	63,4767
47,2180	-19,3600
70,8098	28,0233
96,8952	57,2510
117,5381	7,1168
149,3246	25,0734
95,5188	-20,9330
130,9089	-9,7260
41,2544	39,0317
64,1920	-40,7904
-35,4888	45,5209
32,5371	65,6394
-48,3346	0,3011
-3,8357	73,6360
-42,2393	31,1028
26,4415	35,7568
-18,4494	82,8763
33,7162	6,1341
33,1934	54,3036
48,5277	48,4696
54,7546	-22,3087
-21,2026	12,2940
33,8485	-12,9379
-53,3157	-53,0460
11,2382	-24,0798
-66,0293	-69,6275
-4,6216	-55,7335
-57,2474	-8,5482
-6,3918	-69,0371
-85,0347	10,6552
-14,7153	14,3901
-50,8251	-31,2875
-10,0624	13,1460
-31,8190	11,7039
-8,8832	32,7416
-21,2026	54,1057
-49,7778	-4,2211
-56,6577	25,0084
-42,1749	21,9922
2,7835	-27,4208
-52,3980	-7,9573
23,8209	-22,1132
-67,9948	11,8351
34,7656	53,2530
-50,6934	-22,5058
14,9734	32,5454
-42,2396	85,4972
25,5237	19,5037
-43,3537	79,2070
-2,7879	38,0500
-28,8706	65,5100
-69,1107	64,1984
-45,5166	3,8400
-56,2002	38,8367
-19,1716	85,2350
-55,9373	3,3812
6,8471	62,6261
-32,2782	23,8278
54,4262	-9,1357
-50,6934	55,0888
55,4750	-16,7384
-43,2878	32,4139
37,2557	43,6851
-3,2450	-59,0092
36,0101	-10,6438
-1,0820	-12,2181
36,5996	-68,2505
-5,9320	-5,0737
-0,6904	-16,0837
27,4909	-10,8400
-40,0124	45,7169
24,0176	-17,3936
-52,1359	21,5345
27,3603	13,4072
-32,5404	-66,9395
26,4423	-24,9307
-65,2426	-15,9532
-6,5885	-30,9603
-76,1219	-5,9910
-32,2794	4,2331
-81,4960	33,3975
-28,5441	104,4376
-49,9079	29,0068
-29,5274	71,9329
-50,7595	68,9178
-50,2364	31,2998
-30,1158	29,6613
-71,6668	-1,9933
-40,9950	-8,6122
-101,4199	-8,4163
-54,4956	-89,2220
-121,6704	-20,6057
-59,8040	-17,1986
-111,7738	-32,8612
-24,8736	9,8686
-82,7413	1,5458
4,8796	22,8458
-58,6895	78,5504
-18,2542	-11,7579
-28,8703	31,4306
-32,7384	41,3907
-60,4585	-61,3685
-81,3659	-1,7962
-54,1678	-1,9935
-126,3235	16,4227
-74,5494	58,3000
-107,0561	-5,4006
-54,2993	46,1768
-120,2283	71,2106
-37,9151	7,9687
-73,4353	31,2343
2,1270	21,7303
-71,3379	-46,0986
3,4382	3,1841
-7,5058	-54,2257
-14,5843	-28,4699
4,5535	28,2835
-17,6643	-49,3763
-5,6699	24,5496
-45,9104	70,3579
1,8011	11,5734
-66,6853	86,5471
-12,6169	47,2908
-83,5278	59,4813
-15,3043	102,7339
-115,3125	24,5497
-11,5036	19,1763
-82,7411	47,3555
-3,5742	4,1018
-38,3727	25,8598
43,2187	1,4802
19,8888	18,0613
36,7968	26,1870
65,3059	-17,9185
20,2815	19,6995
50,1673	16,4219
7,5023	-34,4331
51,4124	37,3944
-13,2070	33,1337
48,5284	-23,0953
-59,0822	29,0051
31,3575	-46,2302
-79,4639	-6,7115
4,8152	4,4283
-36,9311	-79,5223
-0,4289	-1,8622
-53,0529	-20,0166
-27,1681	-62,3520
-60,2621	-14,7078
-31,9518	-54,7504
-32,1473	-20,6709
-34,9658	13,6039
15,2356	-30,7633
-17,5983	42,1133
53,4436	73,0453
18,7746	14,5882
79,1995	62,1673
-1,1474	24,4837
72,7773	19,8966
24,0841	38,2456
69,0408	-44,5258
10,2557	12,4249
52,0665	28,0215
1,2770	-18,3769
26,4418	9,8694
-5,9974	13,0143
0,0963	10,7213
12,1557	48,7972
-50,9562	-8,0879
4,0946	34,1836
-70,8146	65,1155
-37,4555	-20,4081
-104,3030	32,1523
0,2928	32,0856
-60,5904	12,5566
12,1551	46,7005
-23,4960	-3,5003
32,2746	32,4137
-4,6212	38,6390
35,7477	-13,1340
16,6124	33,7256
1,2756	93,6243
-9,9297	45,7184
-45,8451	102,6692
-34,1788	70,2942
-86,2158	66,8864
-51,8084	70,6867
-115,3135	-3,1726
-12,4868	7,3137
-96,4386	21,0746
-20,4166	-76,9666
-101,4188	-20,2123
-15,8294	-17,3298
-93,2922	-42,4948
-0,5593	-14,2495
-2,7213	-62,5489
33,8469	-3,3039
1,2771	32,2809
20,9370	-49,1793
29,1296	16,0295
-14,7806	6,1328
4,6190	-7,0392
-39,2912	38,5080
1,7352	-26,8313
-85,4936	-9,7912
25,3282	16,0291
-51,5460	-25,8487
2,1937	-5,9252
-53,7735	15,2418
17,3322	-37,3829
-35,8168	9,4758
44,1362	23,1064
-3,5727	16,9471
61,8313	56,0716
14,6467	-27,0928
40,9255	6,9210
32,3411	44,3406
-19,9578	-2,5830
13,2697	-15,1005
-81,1029	-33,5821
2,3252	-20,4088
-80,5136	4,5597
-0,6244	-32,0743
-103,2540	10,8521
19,0363	31,6259
-42,4362	-59,7304
19,1020	26,8428
19,1024	44,6677
26,1141	43,8824
14,1878	99,3262
47,8719	88,5132
26,6396	130,4570
28,9977	134,5851
37,1908	85,8274
-38,9628	133,6023
25,5254	96,9672
-57,6407	44,0798
28,2120	35,1010
-53,3154	-24,4718
7,3056	-25,0618
-61,0483	-27,4219
11,2375	-71,8553
-45,1890	-34,2370
-27,9532	-4,8124
-33,1297	-52,1939
33,5845	10,1964
-2,9829	1,6109
34,3063	-16,5419
48,9219	14,5873
46,4959	-43,5432
55,8033	-7,3012
4,0290	49,1240
62,8812	-20,3435
-15,6318	25,7288
36,9288	14,3902
-38,0450	6,7236
18,1193	8,1651
-57,7060	15,3741
-1,2144	-6,5150
-56,4608	-0,0273
20,2809	-43,4125
-29,0667	-25,4556
10,0571	-17,1333
-39,0932	-45,1821
-14,9120	-10,3823
-13,2728	-57,3721
-67,4067	-76,1146
-25,0041	-41,6438
-105,2212	-98,8563
-41,6502	-48,3929
-105,0240	-12,8734
-3,7053	-53,6357
-74,4838	7,6406
3,6354	2,0695
-43,0916	-17,3936
-5,6057	43,6854
-88,4423	-14,1174
-18,9098	-3,4344
-63,9981	13,8003
-47,0250	-45,2470
-17,3360	-14,4452
-13,1432	-13,5283
-14,0594	-23,0303
-61,7704	19,8297
-13,0761	-49,2444
-81,3000	11,9667
-13,1419	40,8014
-90,6058	-20,4085
16,0874	46,4385
-64,4567	62,8871
-9,3404	37,3945
-18,9084	66,0995
25,3927	66,8204
-38,7657	67,0833
3,3072	111,8433
-9,2086	36,2153
-5,9991	79,6005
24,5427	85,2357
43,1534	22,6497
69,2382	80,8454
52,1981	27,8918
61,5057	57,3832
25,3295	44,4066
114,5894	-8,8084
22,8388	41,7200
66,4860	64,7218
13,2706	-32,7948
82,3446	2,0707
7,0444	8,8203
43,7438	34,5763
21,3968	67,4744
36,4683	-10,9060
-11,6990	32,7413
22,5748	54,4986
51,4117	-25,7822
6,5191	58,2351
99,3195	48,1416
47,2830	28,8750
114,9172	44,2759
33,1281	10,9183
95,6493	24,8118
-29,0002	64,1325
47,4145	-24,7994
-62,4896	27,4986
15,1040	59,4791
-50,8246	-11,2986
2,8479	60,0044
-48,2689	40,8671
-23,7600	13,8016
-48,7933	40,2124
-30,1823	-17,1968
-1,0173	39,0330
-29,6572	21,9271
45,4482	-28,3380
-9,6029	56,2689
33,5202	47,0936
-80,5127	78,4861
3,0458	122,9850
-62,0315	102,3418
29,1287	152,4118
-36,3409	171,6788
29,0636	112,4349
-0,4928	131,3091
32,9953	110,0094
-22,4470	80,0599
27,5556	117,8732
4,5535	41,1306
-23,7589	93,8219
16,6775	88,4468
-26,9045	22,7149
25,9836	72,9812
-35,7516	87,5947
47,3484	47,2909
-28,0836	78,9447
42,8919	51,7469
-40,4041	39,6888
63,9948	40,9334
3,0464	-1,9273
52,7222	20,4207
41,5818	42,8986
56,4571	-34,8917
48,2664	7,1168
22,9031	-6,7123
44,5968	-36,2682
-2,4589	11,6380
34,9630	-39,7422
-14,9109	15,9640
46,0381	44,1436
-19,4983	3,9709
47,5452	58,4316
-39,9453	32,1513
51,4118	51,8132
-31,7533	95,0007
52,7226	15,3093
-8,5534	61,1849
42,7607	67,2786
-11,1748	12,0326
-7,5713	36,8712
19,6271	65,3126
12,4820	32,7417
15,4327	45,9797
-23,4968	33,4621
10,1241	37,5906
-74,9424	18,6501
-0,2963	-37,3826
-73,7630	-12,1513
-15,3040	-1,3386
-56,3956	-76,1800
13,9244	1,6115
-52,0699	-14,8389
-0,4282	-47,7373
-44,6643	11,5067
12,9410	-65,4981
-22,1199	-35,0888
4,0282	-40,8574
12,4178	-112,6842
-36,8011	-33,9102
-25,9206	-61,1079
-54,3650	-58,1580
-35,2930	-1,1414
-104,0410	7,3127
-38,7008	43,4889
-101,0915	50,8937
-22,7760	-56,2567
-76,1881	18,7169
-21,4659	45,8476
-96,1764	0,8250
-30,4449	16,7506
-86,4772	10,4589
-33,1974	35,3628
-47,4176	23,0412
-25,2016	-51,0799
-1,3448	-17,7875
-9,8657	-17,3297
23,2316	-69,6264
-30,5742	2,6598
42,4992	-14,9044
-44,3369	-5,5974
2,6531	18,9128
-89,5564	-9,3984
-9,7338	25,1394
-86,0177	53,4503
-14,5183	-8,6771
-82,5440	59,2179
15,6282	27,8257
10,8448	26,7778
46,1681	45,3899
31,1617	2,5945
21,5269	5,6752
31,4239	32,8715
12,0239	-41,9700
48,7903	-21,0636
-35,0959	17,8635
67,8616	-24,7345
-27,9527	-22,1132
47,4142	-34,3690
-13,7969	-52,3910
20,8058	-24,0803
-64,7179	-91,8438
31,4223	-63,3353
-42,7637	-34,3042
46,1022	-116,2888
-2,9833	-61,8938
16,7420	-29,5193
28,8673	1,8728
-4,4265	45,1922
-26,5108	15,3087
-58,4277	64,5270
-19,3677	64,4601
-94,3418	-39,3477
-23,1034	33,9867
-72,3214	1,4143
16,3486	-18,9670
-73,4346	32,1503
41,1217	-39,6115
-49,9073	11,9659
23,8863	7,5081
-13,0102	-74,6733
14,9728	-29,6498
-6,8499	-27,6849
-20,4829	-60,0588
-27,1008	-24,4734
-51,3502	-62,7458
-7,9643	-20,1470
-49,1870	19,2396
15,1047	-46,7542
-31,0330	45,1932
37,3215	76,7803
-59,0162	1,0218
83,1312	41,3925
13,7942	61,1186
79,9858	78,2236
38,6331	88,0543
86,0153	29,2689
51,2159	95,9195
30,1777	136,4850
18,1857	66,1000
-22,4485	112,4998
-29,6562	82,8765
-44,7963	63,1512
14,1215	103,2583
-39,4877	9,4106
15,0397	16,8162
-30,0499	16,8150
35,4862	-58,0923
-85,0998	-15,2973
39,9430	-38,6944
-3,5731	-55,7991
72,7763	-21,9828
23,8218	-64,3842
104,8237	-39,1523
61,1122	17,5357
78,8061	-74,2795
59,4738	-2,7139
41,7120	-16,2812
15,2365	-83,1272
-15,8942	-66,0227
27,4914	-91,4510
-41,2569	-83,9799
35,4208	-45,7732
-67,5365	-104,6895
50,6252	-36,8586
-23,8895	-13,2668
29,3258	-54,6189
-28,4109	-17,7217
46,5612	-17,0669
-20,2193	-0,9446
17,8561	3,6424
-3,1800	-50,6214
-25,3981	-49,7032
-7,2434	22,3848
-44,2731	-86,2729
-47,5483	12,7525
-86,0843	16,5530
-14,9770	-8,4151
-110,5945	56,8582
7,2394	-1,2724
-110,2671	-1,4678
-22,7763	46,2412
-111,5774	-33,7779
-22,0551	21,6658
-64,7845	10,9167
-9,4725	-33,8437
-48,0727	-20,2781
-46,7627	-51,9979
-42,7636	-62,4175
-16,6162	-27,2253
10,2550	-47,6725
-28,5428	-23,4895
17,7923	-22,4411
-15,5664	-53,8325
34,5693	-33,1234
-35,4236	-48,0004
32,4065	-53,1122
-28,4762	-41,3159
55,2126	-58,3549
-23,8887	-9,7269
56,3924	29,5942
8,7481	-41,2490
53,8357	42,4410
9,0104	66,8195
28,4076	42,1134
1,7353	81,3037
-41,4540	16,2922
-9,6680	35,8874
-45,5178	41,8504
-2,0003	-27,9449
-44,5994	0,1702
11,6969	57,8407
-30,7705	-21,1294
69,1063	30,1853
-34,9644	-9,4642
78,7402	-12,3473
-19,5637	16,9462
26,5079	-64,4490
-19,3017	-6,2528
2,3899	21,7302
-8,6192	-49,5067
-11,3731	9,9346
-19,1706	-2,1901
-56,3306	-21,1953
-18,4501	-21,2617
-76,7787	-97,8731
-55,8714	-84,0447
-119,1144	-41,3821
-41,3885	-106,9831
-129,9276	-61,1077
-2,3286	-39,8087
-52,9224	-48,7863
19,1676	-24,7344
-12,4200	-19,6877
73,9557	25,7291
36,8630	90,1502
67,7954	2,9225
55,7385	68,2626
84,3764	87,1357
92,2421	17,2098
57,9653	55,4172
69,1073	32,8070
5,6677	42,8998
72,4496	67,4749
14,6464	-34,5643
86,8018	-9,1359
4,2268	11,5061
91,6515	-67,4643
3,7028	-67,4644
100,3018	-87,5843
14,1225	-87,3876
60,1934	-54,4890
16,8089	-94,5307
11,8924	-29,5844
-12,9447	-33,9106
-12,4217	-62,8767
-3,9014	-18,5089
-69,8312	-31,3547
-1,1484	-76,5733
-55,5438	-3,2394
30,1124	-77,2291
-49,7105	-10,8403
31,6852	46,8299
-38,8969	-39,5450
31,1604	25,7947
-35,0958	17,9955
44,2019	12,0319
-19,6292	38,5083
52,5907	4,0361
7,8960	12,6219
6,9120	29,1359
23,4278	-51,0139
-15,6983	-1,0753
8,7477	-27,1597
-32,7369	-59,6650
48,3320	-42,0362
-0,3615	-25,8493
75,0710	-20,2127
5,5373	14,4551
104,1031	-34,1717
-4,2275	-7,1049
62,6844	48,1413
4,9473	-31,0912
44,4643	19,7653
-31,4914	17,0778
2,7176	15,9643
-22,7752	60,2659
-19,3030	-39,8071
1,4076	17,6686
-37,7842	46,4376
23,4930	-28,8624
-36,9320	30,7101
17,0711	8,6236
-37,5214	-0,1575
29,6536	25,7944
-55,8710	-2,4518
32,4059	27,6953
-53,6426	50,3041
24,9346	-18,9013
-30,3771	19,1751
43,4811	12,7517
-4,9485	-47,8684
36,2069	2,9220
35,3562	-35,6135
31,5537	-26,7002
32,5378	15,4384
-4,3602	-58,4201
9,1408	-7,6293
-60,1968	14,1935
5,4054	1,1526
-75,4663	33,5277
31,3578	39,1638
-51,6762	58,8247
47,6762	47,3557
-4,4249	-16,4761
33,1920	27,9576
-12,2234	19,5675
39,1554	-44,6573
0,4245	10,3277
-9,6036	9,6719
-19,1053	2,1358
-40,4714	60,2005
-21,4651	-23,0300
-57,5106	-14,9031
-23,8894	-3,5668
-33,4576	-92,4992
44,9239	-65,5631
-11,1090	-7,3685
84,3770	-34,1063
-3,3761	-18,9674
50,1011	-15,9524
-9,9958	4,0362
32,4049	3,5116
-53,9703	-60,5822
17,3316	-32,4670
-2,9179	-19,4922
24,4752	-91,5813
50,1666	-55,1438
11,0408	-76,2470
77,2336	-91,1225
-10,5858	-26,1118
50,4291	-88,5669
-59,3445	-25,2587
21,5923	25,6618
-99,3878	-22,7684
-19,3028	13,8012
-75,7943	75,4701
4,2246	10,5246
-19,7606	55,7445
18,7738	1,0872
9,2068	9,6726
14,1861	33,5267
-1,8031	-50,6863
16,2180	-16,7389
27,6226	-11,4969
29,9806	-50,8834
24,8047	-20,8680
-26,7731	-15,4284
16,1537	7,5096
-44,0093	57,1202
12,1555	-7,4974
-37,7830	34,3809
56,2610	74,9463
-25,2648	11,7048
97,0247	79,3384
13,9909	82,5488
79,7230	65,3795
12,0908	132,6841
30,3744	47,7500
46,0382	84,9748
15,9560	105,2246
35,2250	48,7331
11,5003	103,0626
79,7243	80,7800
31,6200	62,8887
74,2188	58,1698
-54,6909	21,1416
2,3249	19,9618
-79,5297	-5,0081
-19,9581	-34,4335
-44,5992	0,8905
21,3292	-1,5351
-4,4245	-12,0860
57,3096	3,5771
53,5754	-57,6989
63,2738	5,3472
64,8474	26,2519
14,3836	-49,6380
42,6307	-17,0005
-0,9520	13,0138
52,0676	-62,8765
-20,8739	-27,1589
72,7773	0,0376
7,3068	-23,8820
119,9630	27,8259
34,3079	-10,2504
129,1385	15,6365
71,9913	11,5725
116,0311	-40,2009
58,8844	2,3975
74,1528	-28,8639
49,9052	-51,5380
14,5140	22,0579
9,0102	-84,5689
-19,5644	-44,9192
38,3046	-17,1333
-43,1573	-105,4104
37,3878	-79,4576
-24,6103	-50,0988
53,2466	-88,1741
-62,3590	-19,4266
14,1866	-41,3810
-82,6756	-5,8593
-22,5142	37,3937
-84,6413	-20,2114
-6,9167	20,8143
-36,9312	13,0801
3,3066	-47,1469
-31,9504	13,8007
-38,4395	-46,8861
4,0940	-47,9336
-64,5230	-24,9974
-27,4940	-90,5983
-88,7710	-50,0311
-38,8976	-7,3682
-121,8666	-50,2937
-51,6780	10,3281
-144,2144	43,0301
-73,8293	40,2128
-106,3347	64,3303
-57,3803	48,9950
-95,6522	82,4185
-39,4887	65,8366
-30,4435	-28,2726
-27,8883	15,5053
11,6971	-12,2828
2,6521	8,5581
48,9873	11,8340
-23,4962	-30,5669
41,3197	-9,7264
-28,4768	7,5086
56,7202	-69,8235
-47,2199	-44,0673
73,9561	-10,9075
-12,4204	-87,1251
47,0205	-23,8826
-14,2552	-60,4522
40,1390	-40,1352
2,5222	0,1687
42,1048	-71,8550
4,0300	7,1166
28,6044	30,5120
48,9873	-12,6752
21,5923	30,8407
56,5897	3,7733
4,2914	-42,4287
85,8192	-15,5599
-11,2405	-67,6607
81,3623	-36,3337
-43,5497	21,4681
16,2844	-26,5692
-49,1864	25,9258
-16,6815	50,1733
-77,3016	16,9476
-34,0487	62,1017
-57,7721	20,4863
-42,3066	24,4841
-48,7932	34,5757
-43,0272	-39,5449
1,5383	12,6216
-39,2909	0,6280
30,2439	-28,6664
-15,8283	-16,2802
69,0411	-40,9875
-44,1395	-13,9212
70,8765	-24,4076
-10,9780	-56,6505
82,2139	-28,2083
35,4869	-54,4884
67,7949	-65,1703
-11,9612	-13,7901
41,6460	-19,8197
30,8993	-12,6753
57,3743	34,2479
46,1041	7,8373
27,9498	20,9454
68,8452	72,6528
20,9373	51,1579
44,9244	117,6769
-17,0078	114,0067
47,9386	64,3966
-43,4845	90,1515
39,5495	14,4570
-56,7231	-4,2206
3,3727	28,0873
-85,4935	-44,3299
2,1270	-27,0277
-66,2921	-17,5258
-49,1215	-43,0188