0,0295	-16,4948
3,2407	-27,1770
-0,3637	5,3287
6,3207	-12,4317
-4,9514	-14,6596
-9,7354	-0,7006
-6,2620	-11,9072
-5,1480	1,0690
3,5029	-3,3220
-4,6892	-2,9286
3,1753	5,9186
5,0102	-5,6812
16,2823	0,5448
1,7334	9,5230
13,2022	-5,8125
2,9130	-8,2371
15,1027	-2,9944
0,9470	-17,2812
13,5953	-14,3319
-1,0192	-7,4508
1,9954	-9,2202
5,3378	-5,6814
-0,6917	-18,4608
-1,8056	-5,0258
-11,7672	1,3965
-5,7378	-13,0868
-9,6701	-3,9117
-5,8035	5,1976
-17,6655	-8,8270
-3,1166	1,6589
-16,2238	-2,9943
-10,9809	2,1833
-13,5367	13,9140
-6,0658	-11,1206
-8,8837	-0,1759
-6,9177	9,5231
-7,5729	3,7560
0,4879	-0,3072
-4,6238	-6,9919
-9,6701	-5,6812
-3,1163	-2,6011
-1,6092	-11,9072
2,9129	-12,4970
-6,4588	-3,1255
1,1435	-11,7762
-7,3763	-7,4508
9,9908	-11,3175
-10,4565	-10,2034
3,4372	-13,2835
3,5682	-13,0870
3,9614	-12,6937
-5,0169	0,4134
4,0270	-18,3954
3,1751	-13,8731
-1,6092	4,0835
-1,0846	-0,3729
3,1750	0,1514
1,3401	-7,5162
-10,3253	-2,9286
4,4860	2,5763
4,2236	-9,2201
6,3865	-0,3071
-3,1819	11,6857
10,9740	-0,7006
-0,3638	-5,1569
8,5491	-9,2857
-2,0677	-8,6958
14,6437	-4,6327
-9,7354	-10,9898
-1,7402	-6,8609
-5,0169	-4,3051
-4,4927	-26,0630
-4,7548	-15,3805
-9,2770	-2,4702
-7,5729	-16,1673
-17,6656	-10,2035
-11,7672	-25,9976
-13,3404	-16,4948
-22,7774	-13,6771
-26,3819	-33,7965
-18,7798	-26,4563
-29,8555	-22,5245
-15,6997	-33,7310
-30,0521	-24,8181
-14,9789	-31,7651
-31,6905	-30,7164
-24,7437	-25,1459
-26,3820	-43,5614
-29,8554	-23,1141
-25,0711	-13,9394
-13,2094	-38,5152
-20,7458	-25,6044
-16,6171	-19,5099
-14,9132	-33,0757
-31,3626	-26,4565
-16,0926	-29,4058
-22,1222	-35,6971
-22,9085	-27,2432
-26,5786	-43,7581
-16,5516	-38,9084
-32,6079	-28,2262
-17,0105	-43,7583
-27,7584	-43,1028
-26,7754	-43,2341
-39,8170	-55,7513
-28,0206	-43,9549
-32,9358	-55,6204
-34,1156	-53,5231
-48,1400	-42,3823
-39,3583	-62,9605
-34,9018	-57,9141
-36,8025	-49,5257
-40,7345	-52,3438
-39,3583	-53,5234
-28,9381	-63,4194
-39,2929	-55,7516
-27,8240	-49,5914
-42,3730	-80,9830
-29,2003	-73,9049
-36,6713	-51,2954
-22,9089	-71,2840
-35,0330	-81,1795
-28,9382	-70,8251
-42,7006	-72,0048
-40,7346	-72,3325
-36,4747	-84,9155
-41,3901	-81,6386
-43,8804	-74,8887
-46,5019	-97,6950
-48,4679	-95,7289
-53,3177	-82,8841
-45,9776	-96,5812
-57,4466	-87,6682
-50,1720	-102,2829
-63,4104	-113,0961
-57,9053	-94,4841
-58,4952	-116,0455
-53,2525	-114,7346
-68,4567	-101,8899
-60,7235	-129,9392
-67,2771	-121,8781
-58,8231	-117,8152
-71,9957	-131,5778
-69,5710	-127,5146
-62,4274	-146,5856
-78,2218	-135,1823
-75,4035	-128,1050
-81,7607	-150,0594
-79,7290	-153,9914
-87,0691	-148,6177
-66,6876	-167,2300
-90,8049	-157,3996
-76,1248	-167,8200
-89,1010	-175,3564
-81,1056	-168,8030
-96,8998	-192,5270
-84,7102	-181,8445
-102,1428	-180,7307
-97,2933	-186,3668
-109,0896	-193,5758
-106,1408	-199,3430
-114,0050	-194,6899
-122,5248	-202,4233
-118,0027	-214,7441
-131,4378	-203,2753
-125,6705	-194,3628
-132,2897	-216,7760
-115,3160	-219,8560
-128,7508	-209,3050
-115,1193	-225,0990
-121,6074	-212,9749
-114,5950	-226,5411
-123,4422	-235,1261
-110,7285	-224,6404
-123,5734	-234,6020
-111,6460	-235,9126
-126,4569	-235,1920
-119,9034	-246,2674
-127,0468	-243,1872
-129,9304	-249,0201
-129,0785	-241,8767
-135,1079	-244,5639
-134,2559	-261,5375
-143,3000	-251,2484
-132,2899	-247,5132
-150,1814	-272,8756
-135,2392	-273,6618
-151,1645	-258,7200
-143,6934	-278,4464
-156,3420	-279,3638
-142,9727	-289,2598
-162,0436	-280,4125
-148,2156	-286,0488
-159,7498	-302,5637
-155,4246	-306,1681
-158,1114	-293,8475
-160,7329	-304,2678
-155,0966	-288,6702
-153,5240	-299,8114
-161,5848	-298,3039
-161,8469	-293,1268
-145,7906	-303,6779
-162,7644	-297,1898
-150,4435	-285,2625
-150,4436	-311,6734
-133,4043	-298,1728
-142,7104	-291,6851
-143,3657	-303,7436
-135,1080	-299,1561
-123,7706	-307,2825
-141,9892	-296,7312
-137,2707	-301,8430
-138,0569	-310,2315
-127,7680	-295,4858
-128,1610	-286,2454
-133,4040	-295,4857
-125,8016	-282,9029
-129,7995	-282,7062
-121,8694	-274,9074
-121,0832	-265,8635
-119,6412	-277,5288
-117,6751	-274,2518
-108,4345	-257,6714
-117,4128	-277,2666
-100,3734	-274,1205
-103,4536	-256,8192
-97,5553	-263,5694
-98,9970	-256,7534
-87,1352	-254,6563
-97,0309	-248,3648
-97,2931	-229,7526
-96,0477	-238,0101
-89,6909	-238,2719
-95,6545	-221,9536
-91,3948	-229,1623
-86,4139	-218,4143
-93,0987	-214,7444
-74,3553	-214,0233
-93,0332	-204,2585
-72,1926	-203,6686
-81,1057	-205,2413
-82,0886	-183,2214
-88,1834	-202,3578
-81,6954	-191,5441
-85,4964	-187,5466
-80,3847	-188,7260
-85,8896	-179,8786
-81,9575	-177,1916
-85,9550	-168,6718
-83,9890	-166,1159
-67,9981	-169,1959
-84,0546	-153,0083
-67,6048	-134,1998
-67,0152	-146,8483
-62,6897	-144,6852
-64,5903	-136,5589
-64,3936	-144,0953
-64,8523	-132,1679
-58,6266	-144,5541
-71,3404	-133,8715
-58,7575	-122,1408
-67,7359	-145,1438
-68,1291	-124,5653
-72,7165	-119,7159
-69,4398	-129,0217
-62,4929	-123,2546
-67,9981	-118,0117
-66,3595	-107,6569
-69,7675	-97,8267
-61,0511	-109,2297
-63,8693	-104,2489
-59,2161	-84,0639
-59,4783	-97,4331
-45,2568	-93,4354
-52,2037	-91,2071
-43,2906	-85,1778
-45,1256	-75,7407
-33,8534	-97,9573
-33,9189	-87,7334
-35,2952	-67,2210
-29,2002	-91,6003
-31,3630	-79,0826
-36,0812	-72,8571
-28,8070	-85,1776
-23,4330	-78,4929
-32,0838	-76,4614
-21,9912	-76,5923
-39,2927	-59,4875
-27,1029	-86,4228
-27,1032	-72,1355
-23,8919	-59,8152
-32,4771	-69,2521
-26,9066	-52,8681
-33,7877	-60,7325
-20,9429	-55,2271
-41,2589	-39,4988
-26,6444	-53,7853
-32,7392	-48,7390
-32,5426	-39,5639
-26,5131	-43,1028
-32,2149	-37,9254
-22,8430	-36,4839
-23,9573	-40,4814
-20,7458	-43,1684
-24,4159	-48,2802
-21,8599	-45,2654
-20,9424	-29,0783
-10,5223	-45,5278
-22,5153	-41,8575
-11,8329	-29,1438
-13,2092	-43,6271
-5,8037	-35,0418
-16,8136	-39,3018
-9,4737	-37,1389
-20,7457	-22,9833
-12,4228	-44,2169
-10,7843	-30,6507
-14,7822	-15,1846
-15,9616	-39,0394
-18,6487	-18,1332
-16,6825	-8,4997
-23,3017	-13,4148
-13,5368	-14,0045
-28,6101	-9,6135
-12,5539	-9,2858
-30,5107	4,7388
-14,6510	-13,7423
-23,6294	-5,1569
-19,0420	-3,4531
-18,7142	-9,8100
-10,7845	-0,1762
-18,0588	-5,4847
-10,1291	-11,5793
-16,0925	-0,4384
-15,3062	-8,0406
-8,2937	-5,5500
-3,8375	6,7050
-5,0169	-13,3489
-5,6068	-4,2393
-3,1164	3,4283
-20,0245	4,7390
7,8937	3,6248
-1,8058	-1,0282
2,3231	-3,3218
-3,6406	1,7899
3,5682	-9,7443
-1,4780	-1,0935
9,8596	6,6396
-7,4418	-3,4529
1,0123	6,7707
-7,1141	-0,3727
-7,9661	2,9697
-5,9999	10,4407
-6,2622	-2,7320
-4,6891	6,6398
-1,7402	16,2077
5,4033	-6,7296
-7,9660	5,1980
14,5784	11,4892
1,3401	-0,5037
9,0079	6,3775
2,9130	-3,3219
12,1536	-2,0111
6,3864	9,9163
5,7311	-6,7299
8,0904	-9,1545
6,0587	0,5446
-3,7715	-0,4385
1,8644	-10,7274
4,0272	-3,9773
-10,3908	9,9163
-7,5070	6,9015
-1,6746	-5,0913
3,0440	-1,6834
-11,9638	12,9964
3,8960	3,8870
3,6337	0,8070
2,7162	7,6226
-12,3570	4,2803
0,9469	6,4430
1,4711	2,1833
4,5512	10,3097
-0,7571	14,5694
3,9614	-5,9432
-4,9513	2,5767
4,5513	21,1230
1,3402	3,5594
1,5366	10,3753
-0,1015	0,8069
2,8474	5,8533
2,3232	11,6202
-4,8202	-11,5138
6,1243	-5,6155
-5,8689	9,0643
4,5514	-5,4192
-0,6260	-11,4484
3,1750	-3,4530
-8,5558	-8,4993
3,1749	-7,3852
0,7502	-9,3513
-7,3109	-4,4360
-7,7038	1,4621
-3,3788	-18,9194
-10,5220	4,0183
-8,7526	11,7512
-0,4949	-7,7782
-5,3449	3,2974
-9,1456	9,5231
-1,8058	-0,5693
-1,8712	12,6689
-1,4126	-7,9750
2,1265	-7,7782
-13,6677	11,4236
2,7818	-4,9604
-4,0995	-3,1908
4,0924	2,3796
-8,8837	-10,9896
0,2257	4,6080
-3,6407	-3,9118
-7,4419	-6,3364
-5,8688	16,1421
3,8304	-5,0915
3,9616	-6,5986
-0,8226	3,8869
11,1706	-17,8053
10,2529	2,3142
7,0418	-8,3028
-0,1671	-8,1715
15,0372	7,2948
3,1096	-11,2519
16,8066	-8,7612
1,4057	7,4258
14,0541	-13,8077
2,5854	-0,3071
16,5445	-9,4168
3,3718	-13,3487
5,1412	4,7390
6,1900	-14,6596
10,8427	-4,4359
-3,5093	3,2970
-0,6258	-12,3003
9,2700	-2,9286
-7,7039	-3,9118
-2,3953	-10,8584
-6,1311	4,6080
-3,4440	0,8069
-2,1990	4,0183
-2,4612	14,5694
-11,5051	-8,2370
1,9953	9,8511
-15,6340	19,0914
-5,6069	-5,5500
-12,8814	4,2805
-7,0487	6,6396
-6,5244	-6,7297
-10,0635	2,9696
-6,5243	-6,5333
-15,0441	-8,8268
-9,3423	-2,0114
-11,8984	-18,2642
-5,7379	-17,0189
-17,4034	-6,1402
-6,9174	-24,5556
-8,7526	-9,1547
0,8813	-7,9097
-11,5706	-10,9898
4,6168	-2,2735
0,4879	-19,3128
-1,8714	-1,5524
-16,0924	1,0032
2,1919	-9,1547
-10,2599	-2,4044
-14,0610	-3,7152
-7,8349	-3,8462
-12,3571	-3,3875
-10,1942	-5,6812
-10,5876	-7,4506
-5,5413	9,3263
-11,1774	-19,1817
0,9468	-7,1884
-12,2914	-1,2251
2,6508	-12,1694
-1,9368	-4,0429
18,8381	-14,7908
-4,2960	-8,0405
9,7288	2,2485
10,5152	-7,6473
14,7749	-0,0450
9,6633	7,3604
9,1389	-5,0258
10,9740	-2,1421
0,7503	10,1130
4,0273	-0,5038
0,9468	8,4746
-1,2812	-3,1909
-7,1140	-1,2247
6,1897	4,8699
-5,0170	-16,4947
-0,1017	-8,4336
-2,7232	3,2969
12,2844	-21,2789
-0,8227	-10,3998
13,7917	-15,6428
-4,9515	-10,7931
8,4180	-6,9266
3,9615	-18,0677
0,4225	-8,6303
-6,7206	-4,8950
-4,4925	-18,3297
2,5854	-7,1230
-0,3639	-3,2565
-0,5603	-7,5818
-1,5435	-1,0938
4,2239	-12,8248
0,2916	-11,5793
15,1027	8,6054
4,6824	-15,9706
11,1051	-12,6935
3,1753	1,0687
21,5908	-18,7886
2,5197	-15,2495
12,6779	-9,5481
0,8814	-16,1015
-2,4609	-5,0916
2,5854	-19,8373
-0,7571	-26,5872
-7,3107	-2,1425
-16,2235	-17,0849
1,7333	-18,9197
-3,5754	-12,7594
-8,5559	-13,4802
-11,0463	-11,1865
8,3523	-24,3592
-10,1289	-15,7082
1,2745	4,7387
-2,1990	-14,2011
4,9444	-10,7931
-7,1797	0,0858
-2,1334	-12,0383
-1,7401	-2,0112
0,0947	-14,0699
-6,0655	-8,9579
-8,8836	1,7898
-3,4440	-7,4508
-1,2815	-4,5671
-1,3470	0,3480
-19,9591	-6,9265
5,6655	-7,1885
-5,5414	-4,8292
-1,2814	-8,0405
-9,7355	1,7899
4,2237	-6,3366
0,6191	-5,7466
2,9129	10,8993
-2,1333	-9,2857
4,8135	-9,2199
4,4203	4,5424
3,1095	-0,7660
1,0126	5,0013
5,2067	8,4090
9,4666	5,7222
-5,2135	15,8146
3,6996	-5,4845
-1,4123	6,5088
7,5662	10,4406
-5,7377	-8,8269
8,8770	-4,4358
12,1536	5,0666
10,5807	-2,7321
1,8645	-2,6666
18,8382	-10,5965
2,4542	-11,0550
6,7795	1,3310
-5,2134	-23,2448
-0,9537	-8,6302
-2,3954	4,1489
1,0777	-14,0044
-6,5242	-7,5162
-5,0169	-5,2225
-7,1140	-6,5986
-6,9830	8,8022
-3,0507	-0,3729
-4,4926	-0,2416
8,6801	11,5547
-7,1141	5,5910
11,3672	2,8387
3,3717	7,0983
12,8744	4,3460
-0,9536	14,9626
4,2236	-0,9627
-2,1333	-1,6178
4,6168	12,1445
0,0949	-8,0406
-2,9198	-8,5647
2,8474	0,6756
-8,7525	-12,9558
-4,2959	-8,0405
-1,2815	-6,2056
-2,6575	-14,0044
-11,9637	0,8067
8,8768	-15,7739
2,9784	-14,5940
10,5807	7,1636
-5,5411	-11,5795
13,0711	-6,7952
2,6509	-2,3389
12,7434	-15,3805
4,9447	2,5764
8,7457	0,9378
7,6317	-1,0281
9,5976	15,4213
10,6463	-4,6327
3,8304	-3,8459
2,1923	9,2610
-5,6723	3,2318
0,6849	20,5333
-3,3129	2,1176
12,6123	-2,3385
-6,1310	20,9921
9,6632	4,8046
2,9785	12,6691
14,7749	14,5039
-3,9682	4,2804
11,6293	7,2951
0,4882	2,4453
16,2167	1,2002
1,6678	4,3458
6,7141	-2,2079
5,4033	-5,1568
4,3546	0,2825
1,0125	-5,2226
-7,2452	-11,8416
2,1266	0,3479
-14,9784	-9,6136
6,7141	-8,8270
-5,1481	-17,9365
0,4881	-9,6789
0,8813	4,7388
1,6677	-10,5310
-4,0337	-4,1737
17,9206	3,4937
-7,6383	-5,8777
11,2360	5,7222
-1,0847	7,8191
-5,6723	4,2804
-2,4609	6,6396
2,7816	-0,6348
-7,5074	3,8872
-12,1603	13,3242
-7,5728	2,3797
-11,1775	0,8725
-5,4757	8,2124
-10,7843	-6,8608
-5,7378	2,7075
-1,8058	-2,8633
-1,9369	-5,5500
-6,6553	6,5083
8,2868	-11,7761
-2,4611	-7,3195
3,6337	0,5446
-1,5435	-7,4507
-0,1674	-1,5524
-7,0485	1,3311
-3,7718	-2,7320
-8,3593	16,4699
-8,4249	-1,2904
2,4541	0,8070
-10,0634	12,9310
-1,4779	3,2972
-2,1335	-1,1591
5,6653	6,7706
-6,9175	-1,8146
13,6608	6,1808
0,1604	-4,1083
4,8135	0,1516
-2,6575	9,2609
8,0247	-11,5139
-1,6745	-4,8290
8,2868	9,0643
-6,2620	-0,7661
2,6508	-0,5037
1,8644	4,1491
-9,4734	-9,0890
1,0780	9,5231
-13,1433	-6,9920
1,3402	-13,1521
-3,7062	11,3580
1,7989	-10,2689
-2,5264	-12,6279
12,2846	1,9209
1,6024	-7,8441
17,9208	-6,8610
0,8815	-9,4825
13,2023	-10,2033
0,4884	-4,0431
11,8915	-20,4925
1,4713	-10,5309
13,6608	-4,9606
-8,6213	-13,4801
-10,5874	-7,9095
0,0949	-8,9581
-11,4397	2,2486
-9,8666	-3,3220
-14,8475	0,6103
-15,3062	1,0692
-17,6656	23,0235
-9,8013	1,7244
-16,2894	10,7030
-14,1267	15,4870
-13,4713	6,8364
-8,0975	12,7347
-24,0224	7,4262
-6,3934	12,3416
-5,2791	17,7809
-1,0849	-5,0254
-5,9343	17,7812
1,3400	30,5603
6,8453	-0,5036
6,3863	8,6717
2,6510	17,1254
-4,4925	6,5742
10,1877	7,2296
5,9931	-2,0766
8,4180	0,4138
-5,2790	4,4112
4,0270	-14,9217
-5,0170	-8,3025
2,1919	-0,1763
-13,3401	-5,1570
-2,5268	-1,8802
-18,5830	-10,4654
-8,2284	-9,2857
-12,1605	-3,1255
-13,9956	-14,8563
-11,1118	-10,1376
-12,6193	5,9839
-7,1141	-13,7423
-13,2091	-1,0282
-4,3616	-1,9458
-9,8668	-2,1424
-0,1674	4,0835
-11,7673	-13,9388
-2,1335	-7,9092
-12,4881	19,8122
3,4371	-5,0259
-1,0848	-2,5352
9,2042	8,8023
-0,4949	3,2973
-2,5265	10,4408
6,5832	5,0013
4,6169	3,5595
9,3358	13,9141
6,7142	-5,2224
11,5639	2,0524
8,1560	16,0112
12,4814	-7,9749
7,3039	8,2126
12,8091	9,9818
1,9957	1,2657
21,1321	7,3604
8,1559	-1,6180
16,6102	3,9527
4,9447	17,9771
22,1806	-3,9773
11,8915	0,5449
5,4690	13,2587
10,5809	3,4284
11,5637	9,7854
4,2895	6,5741
1,9300	12,0793
8,6804	19,2225
1,4057	-3,3873
7,4351	5,5913
-1,5434	18,9603
13,1367	7,0328
0,8158	1,6590
15,5615	4,4769
-0,1673	5,3944
4,8790	12,8654
1,9954	-15,1839
0,4879	0,2828
-15,8959	6,3773
-5,7381	-8,8924
-13,0124	8,2781
-17,8622	6,4429
-23,3015	0,6104
-10,5222	16,9943
-17,4689	7,8848
-22,9740	9,1302
-16,3547	23,1546
-17,2069	3,6250
0,0947	8,3439
-16,4860	19,7468
-7,5730	1,0691
-7,5729	15,8804
-1,0849	11,8825
-0,2984	7,2951
-1,8058	12,9311
-8,5558	4,4770
-2,6577	1,0693
-10,1287	16,4045
-0,7572	-4,7636
-19,2382	6,1811
-11,6361	11,6202
-9,4079	0,4136
-20,8113	-2,0766
-8,8836	-5,7467
-9,0149	0,4793
-11,3085	5,5254
-10,6532	-8,4993
-4,7549	-0,9624
-12,9468	4,9356
5,6654	-2,5353
-1,3470	3,0353
10,3183	5,0668
-7,7038	4,7392
3,6994	14,7005
7,1728	-3,2563
3,8304	-1,3555
-1,5433	12,5377
3,6339	-17,5430
7,6316	-1,1589
-3,5750	7,2948
5,7967	-0,0451
1,7988	1,5277
-2,6575	-5,4846
-2,8542	-9,5478
4,9445	6,2461
0,9468	-4,0430
4,0924	-14,7251
-9,6045	-1,8803
2,7162	-9,9411
-5,0826	-5,4847
-3,0511	-7,9750
-11,0463	-5,2880
0,1602	0,3480
-9,1458	-11,0551
-11,4396	4,5425
-3,9028	11,8167
-3,4443	-11,9725
-10,3908	3,6907
-7,2452	6,1809
-3,7061	8,0159
-4,6893	15,6836
10,1875	3,0351
2,3886	3,8873
1,9299	14,5694
-0,5603	-11,6449
18,3794	1,5280
-0,8225	14,3071
12,6123	-3,1254
11,5638	-5,8778
7,7625	-6,7954
-1,1499	-12,5625
2,1922	0,6101
13,3335	-18,6574
9,2700	-8,3025
8,3527	3,8869
6,0588	-7,1885
19,0350	-3,0597
1,6679	10,8993
15,6927	-4,1083
8,7458	-1,2901
20,5423	-1,5524
12,6779	3,7561
14,7095	17,5185
10,2531	-0,2417
14,9061	1,2004
10,7118	13,7174
6,0587	-3,7804
2,3233	11,8171
5,4689	8,6058
0,4228	7,2296
1,2091	20,4022
10,6463	1,7900
4,9446	8,4749
3,2409	14,1763
2,5200	-2,5353
16,8723	10,1133
14,1198	13,4554
25,2609	-0,3726
5,9934	4,0838
20,9357	3,0351
11,1708	0,2171
24,6710	-2,2735
11,3673	-22,8516
22,9670	-18,5917
13,2023	8,1466
8,5491	-17,7401
9,7289	-10,2688
6,1898	-8,6306
4,8138	-7,8440
5,2069	0,8722
14,3165	-14,7908
14,0542	-7,0573
14,9718	8,2778
3,4376	-7,0575
24,8678	3,5594
17,9209	5,5253
21,9841	-10,0721
11,8916	-3,1908
21,8530	-7,1887
5,3379	-5,9432
9,0735	16,6664
6,1899	-14,9219
7,3039	-3,5183
-2,3297	13,9139
3,3063	-2,5354
5,6002	8,1471
4,9445	8,2780
5,8623	8,0814
-5,5411	10,0475
6,9765	2,9041
0,2914	1,2003
2,7165	22,6959
-0,8881	-0,4382
9,4010	6,0501
2,6508	14,3075
6,3207	9,1302
-2,3298	19,5503
5,7965	11,0307
3,8960	16,2081
1,2091	23,3513
2,9133	1,7902
11,2360	17,9122
2,9132	25,1208
2,7821	0,4139
8,5493	15,2907
5,6656	14,5695
13,4644	7,6884
-0,0361	7,6227
19,2316	-5,4845
0,3570	-0,1103
7,5662	9,7196
5,7966	-10,6619
9,8598	0,9380
-0,5604	4,8045
4,6168	-6,7298
-3,3129	0,0860
3,1094	-4,6982
-4,2304	-6,4020
-2,9198	1,3966
-4,5581	-12,5625
-7,5074	-6,0088
-2,0679	4,9355
-16,8789	-7,9751
0,1605	-9,7444
-6,8521	-5,4192
-3,3785	-12,4970
-8,1627	-5,1570
3,4372	-10,3344
-10,7186	-9,3513
9,0732	1,1999
-6,9831	-8,9581
3,4371	-5,9433
-9,5390	-4,4360
-2,7233	0,8069
-9,2113	5,0667
-15,1096	0,5447
-12,4226	1,0692
-21,1390	8,1469
-17,7965	-5,7466
-19,3696	-0,7003
-19,0418	7,4915
-17,7312	-12,3658
-6,1312	-3,4527
-18,3211	-4,1739
-7,5730	-5,2224
-16,0272	2,2487
-1,4782	-15,8392
-15,1752	-1,3556
-1,4127	12,6031
-13,4713	-14,9218
-11,3086	-8,1059
-14,5197	-9,0890
-16,0927	-2,2734
-16,5513	0,0203
-14,5198	-7,0577
-11,0463	-10,0721
-20,1559	9,2607
-6,5242	-23,8349
-11,3086	-9,9410
-6,9830	-2,5357
-10,7842	-4,5673
-2,4611	-3,8463
-5,2792	-5,0915
-6,4588	-5,7467
-13,6021	3,1005
6,9760	-10,9241
-6,5244	-2,5353
-2,9854	14,7659
-5,2135	-8,8925
-1,2815	-6,3363
-5,2135	12,0135
-2,1334	-3,3874
-3,3784	8,1469
-11,5705	3,4937
1,7334	-0,1761
-9,9978	8,0158
-3,1818	2,5108
-4,0341	0,5448
-4,5583	16,0112
-14,2575	2,5763
-3,3131	1,3313
-7,7696	-0,9626
-13,0779	-3,7150
-6,5243	3,2973
5,6652	-7,7783
-5,4103	-1,4868
-5,2136	7,4914
1,3402	-14,0698
6,2552	-3,9116
2,2577	-6,1401
-0,3637	-13,8732
10,9086	0,4791
7,8937	-12,6282
12,4813	-16,5602
3,3063	0,4791
20,4766	-12,8249
8,6801	-10,9896
12,2191	-2,0769
-0,6259	-18,7229
11,8260	-7,0573
10,1220	0,8067