6,8296	10,5071
12,6622	8,6065
14,2352	-1,2238
13,3832	2,8396
23,4760	28,9881
20,0025	3,1668
32,5855	3,2327
9,1237	13,3905
29,9643	1,3975
31,0781	1,9873
36,0589	-0,5031
33,1753	-4,8939
35,5999	1,7251
17,7745	4,6086
29,9637	-7,9741
5,5191	1,5941
22,2961	-0,9619
12,7934	1,4630
7,8125	2,3150
11,0239	5,5262
-0,4451	2,0528
1,9144	-0,7652
-10,0133	-2,7966
4,5357	9,8517
-12,1105	-1,4205
7,0916	3,6258
-4,3773	4,7398
10,2373	-2,1414
-3,0009	3,0358
12,0723	-3,4523
6,3051	-5,4183
12,3344	-4,6975
9,7131	-13,0860
20,8540	-11,3820
6,0430	1,3318
2,1765	-17,6080
8,7957	-10,9232
6,8294	-7,3189
10,8273	-12,1685
7,3539	-11,0544
23,2136	-13,7414
7,4194	-13,6758
18,5607	-1,6828
18,5606	-13,5450
31,9299	-21,8679
17,9052	-6,8602
25,6384	-12,8240
17,9052	-5,4185
15,4803	-21,7369
7,8128	-14,5933
18,1673	-1,2242
10,7617	-11,3823
4,3391	-19,0498
8,1403	-0,5032
-8,3749	-12,2342
2,9629	-15,0520
-4,5740	0,0867
-7,3264	-9,8749
-17,6810	-10,4646
3,2903	-12,8895
-7,5232	-18,5911
-9,3582	2,0527
-16,8292	-11,7756
-7,5887	-17,3460
-9,9480	-19,1154
-9,0961	-19,3776
-7,7853	-23,1786
-10,4725	-19,3120
-7,4577	-15,2488
-19,3854	-7,6468
-12,4385	-19,5743
-19,5821	-20,0984
-21,8101	-11,1202
-28,5604	-18,4602
-25,6112	-23,1130
-26,2667	-11,5134
-18,4678	-18,7879
-29,4124	-13,6761
-13,1595	-17,7393
-31,4439	-13,4794
-16,8295	-2,8628
-26,1355	-23,6376
-10,0794	-21,1471
-21,4170	-11,5134
-21,0894	-15,5113
-18,2057	-26,0624
-18,6647	-30,0600
-29,0846	-18,9191
-24,0385	-23,8344
-21,4169	-30,1913
-26,2668	-30,7156
-20,9582	-24,1622
-30,3954	-30,5192
-24,7593	-41,2670
-27,4463	-43,2331
-19,1233	-42,1846
-33,0169	-48,5417
-22,5311	-55,8817
-25,7424	-53,3258
-25,2838	-45,0686
-25,6113	-62,1079
-24,8251	-76,3291
-27,5775	-70,2997
-26,0047	-68,7927
-32,6893	-69,9723
-35,3108	-79,0164
-31,2476	-74,6910
-48,6801	-75,2810
-30,9855	-87,1430
-51,7604	-81,5069
-41,0779	-83,8664
-57,3965	-93,7622
-37,9324	-93,0413
-52,8091	-90,4200
-41,9302	-98,7431
-59,6904	-97,9567
-46,9765	-115,1926
-55,6273	-112,3089
-49,9913	-99,3986
-46,5179	-114,5374
-60,2150	-120,3700
-62,3774	-113,6855
-65,3267	-117,8144
-60,3458	-122,9918
-63,2296	-130,0041
-60,2148	-129,8731
-73,9774	-130,5942
-58,3144	-141,5387
-77,3198	-143,9635
-67,8171	-136,6892
-75,9437	-151,8936
-73,2568	-151,1072
-75,8782	-167,4257
-69,4559	-170,8990
-78,1065	-165,3943
-78,1067	-183,4167
-80,8591	-178,5669
-89,0513	-169,2612
-92,7211	-195,5411
-95,2118	-190,6258
-104,3867	-190,7572
-109,4330	-209,3038
-106,4184	-203,2745
-124,1132	-220,9039
-109,6297	-214,5469
-122,1472	-216,6443
-107,8605	-229,1616
-124,2445	-234,0113
-113,8243	-227,0645
-119,4604	-223,4602
-113,1691	-223,2636
-116,7080	-243,1864
-127,4559	-237,8779
-128,6354	-237,0917
-127,8492	-251,1163
-129,6186	-243,2520
-142,0049	-245,6116
-138,4658	-257,6047
-140,4978	-269,6632
-146,1338	-268,0250
-157,0784	-274,6443
-151,9011	-268,2875
-169,2682	-297,5167
-152,3600	-296,4678
-169,4650	-288,1453
-163,1735	-310,4931
-176,4775	-313,4421
-176,4120	-316,9814
-167,7613	-323,1417
-179,3614	-332,3169
-184,7352	-339,3292
-187,7501	-333,4967
-199,0875	-344,5069
-197,0563	-358,3349
-196,9907	-362,6603
-216,3894	-354,6651
-210,8842	-362,2019
-224,7781	-364,2991
-207,7387	-380,4865
-230,2177	-381,9938
-214,2269	-372,4258
-230,5455	-394,2494
-216,8486	-399,8197
-235,1986	-392,4799
-223,0746	-402,6381
-236,0507	-404,9975
-229,9559	-412,3375
-236,4440	-415,3522
-236,3785	-414,6970
-236,9682	-427,2144
-240,3762	-429,5737
-241,8178	-428,1320
-244,3738	-435,0790
-230,9388	-440,8461
-248,0439	-439,4700
-240,8347	-449,1039
-246,7985	-457,8857
-231,8566	-448,9728
-252,5659	-456,7062
-243,9151	-457,0338
-242,6699	-461,2938
-239,9176	-465,3568
-240,0485	-458,0170
-235,7233	-462,2768
-240,9658	-460,9006
-235,3300	-465,5536
-238,2133	-462,3423
-239,2619	-460,7041
-223,1400	-462,3424
-232,7084	-461,8180
-222,6156	-448,6455
-237,6888	-464,9638
-216,9792	-453,1671
-209,0496	-444,2543
-203,2168	-438,8803
-211,9329	-434,0960
-187,0947	-432,3921
-185,0632	-428,1975
-184,4077	-409,1921
-173,5285	-425,5760
-174,1841	-416,6628
-182,5068	-399,2959
-175,8878	-398,9026
-180,6062	-403,6211
-175,6256	-391,3657
-173,7250	-384,4845
-180,2786	-383,1737
-167,0403	-388,2854
-176,2809	-379,8967
-167,7611	-364,1681
-177,1983	-367,5104
-164,4842	-364,7578
-160,0279	-358,7284
-151,6392	-357,0900
-159,0447	-354,0752
-144,2991	-345,4244
-144,6923	-340,0503
-142,3329	-324,3872
-140,1046	-334,8728
-136,2379	-325,6975
-125,7521	-301,8425
-137,4831	-306,0368
-134,2059	-306,4951
-132,9609	-291,4874
-128,9630	-285,1303
-133,4850	-276,2174
-113,1033	-278,9042
-121,8197	-269,8601
-119,7223	-256,3598
-117,0353	-263,9618
-96,1950	-250,3957
-111,8580	-242,9903
-103,4038	-240,7619
-100,3235	-240,4997
-93,7701	-240,4995
-103,8624	-229,3583
-96,8502	-215,9891
-98,9472	-218,4792
-92,8525	-209,1074
-96,5878	-196,7212
-97,7675	-205,3062
-85,5778	-189,2496
-94,1631	-193,1163
-91,8035	-180,4677
-91,2136	-174,1764
-66,7034	-174,5694
-81,0557	-173,3896
-71,3564	-164,6733
-84,1357	-171,6200
-66,8998	-149,1411
-64,6716	-147,5684
-65,1304	-155,3669
-76,6645	-141,7355
-62,7054	-148,8133
-71,2906	-134,9850
-78,7617	-126,0723
-68,4068	-135,7059
-69,6523	-136,3609
-71,6837	-109,8846
-77,1887	-107,0011
-64,2126	-109,9501
-73,1254	-110,4087
-57,9867	-99,3330
-69,9798	-96,7773
-54,5132	-115,0615
-59,2318	-99,2672
-49,4015	-93,9590
-52,4816	-100,9712
-41,4716	-101,9542
-46,2555	-96,3837
-42,6511	-87,7330
-44,0272	-92,2549
-38,1290	-99,5949
-38,1944	-88,9779
-42,7164	-70,9559
-32,6238	-102,2163
-39,1775	-88,1258
-24,1696	-72,9218
-42,4542	-76,9194
-27,2497	-78,8198
-35,9005	-75,6740
-24,5629	-74,2322
-35,1141	-59,7488
-24,3663	-66,5645
-28,6261	-71,4139
-25,4149	-53,9814
-19,8442	-66,9575
-24,2353	-58,0444
-25,8080	-55,6197
-29,2814	-53,6535
-28,5604	-53,6536
-37,2767	-50,7699
-20,4340	-46,0513
-30,9854	-38,3837
-29,6089	-47,8208
-27,0531	-43,7575
-23,9729	-42,0536
-24,1694	-41,1361
-10,6036	-38,2524
-16,3053	-41,3982
-11,7832	-38,9078
-22,2688	-42,1846
-15,1911	-45,7889
-14,1424	-30,9779
-16,5673	-35,3689
-17,2225	-45,9199
-15,1911	-29,6014
-16,8293	-29,1428
-24,1039	-25,2105
-11,9140	-14,1351
-21,2858	-23,3756
-3,9187	-22,2613
-16,8293	-5,7464
-7,2610	-13,2831
-10,2101	-20,7539
-2,5425	-10,5959
-16,3705	-10,6613
-3,9187	-7,8433
-12,8972	-6,0083
-9,6860	-10,0059
-13,0282	-4,6318
-11,8487	2,3805
-17,9433	-0,8308
-12,6352	0,9388
-17,9434	4,4122
-29,7399	3,2326
-17,2224	-1,6827
-16,3707	6,7715
-16,9604	5,1984
-29,2811	-6,7290
-8,6373	-10,7922
-23,7762	1,7250
-6,7367	-16,4940
-16,0428	-15,4453
-1,2319	-1,2897
-14,0113	-7,9089
-6,0159	-10,8579
-6,0159	-15,7731
-8,5064	-5,6150
-16,3705	-6,2704
-18,2710	-13,2827
-9,2926	-4,6318
-16,8950	7,9508
-14,2078	-0,5687
-20,6304	0,3489
-6,9334	1,7906
-19,1231	4,0189
-14,0769	13,0628
-20,1717	0,7421
-17,2226	-0,3718
-21,2858	12,8663
-15,0600	10,3104
-16,5018	10,0484
-20,6961	8,0823
-22,1377	3,1017
-13,9460	14,0462
-16,6327	7,4925
-19,5164	10,8350
-19,8439	7,6891
-19,5820	6,5095
-10,8001	-3,6484
-25,1525	15,4224
-11,7831	18,6991
-26,9220	13,0630
-16,5015	7,0992
-11,0623	7,8203
-16,6983	21,3205
-14,0113	2,8395
-5,9505	6,1820
-18,8609	14,0460
-10,8001	6,9682
-7,0644	13,7839
-12,3074	5,0020
-12,5694	3,7570
-14,6665	8,8686
-6,2778	1,3975
-11,0620	-0,1752
-6,1467	15,6187
-10,7998	4,2155
2,5040	1,2009
-10,5377	13,1940
-4,5082	-0,6341
-10,0134	13,2596
2,4384	9,3929
-0,5762	-0,0441
-2,6080	8,9999
-8,2438	7,6235
2,8970	3,7571
0,0791	25,1216
-10,8000	11,4901
-4,6394	4,8057
-15,5186	21,9760
-9,8168	18,5682
-16,3706	25,4495
-10,4066	18,5026
-20,3027	14,8983
-11,1931	27,8087
-15,0598	20,9929
-8,9649	15,4225
-19,4505	21,1895
7,0258	10,3106
-7,7853	8,6723
-2,4112	14,9636
2,3075	9,5241
7,8778	12,9319
1,8488	1,0044
4,6011	-0,8305
0,4726	2,0529
10,0406	3,6257
-8,4404	-2,9933
0,6691	1,5941
1,9797	4,6743
-12,3726	9,5239
3,7492	-0,6996
-15,1907	-2,8622
3,5525	12,8008
-7,5231	4,6087
-0,7073	1,7908
-10,9965	3,3637
-0,2486	7,6890
-4,8360	0,3490
1,1931	2,2496
4,6011	0,5457
0,4066	14,2426
-1,8869	-4,8939
-3,0012	-3,8451
-2,2802	10,5726
-7,7198	0,2834
-3,9840	0,2179
-7,9819	-3,2554
-0,4451	-4,6973
-12,8968	6,9680
3,5526	-1,2896
-6,4088	0,4800
11,0237	8,0820
-2,2800	-1,5517
6,2396	-2,0759
-0,7726	11,6210
8,2056	3,6256
7,0916	0,4144
15,9387	-3,4521
2,8318	-6,4010
4,2735	14,3737
11,0238	3,5602
0,5379	2,3807
5,6499	13,8495
4,9289	12,3421
4,6014	9,2620
3,3562	8,7377
18,6916	12,6043
12,9899	15,7499
11,5482	5,1986
6,8953	1,1356
26,0971	11,4246
9,0578	3,4291
18,0362	7,4924
15,8079	2,1184
8,3368	-3,0589
11,0895	4,2156
9,5163	-1,6828
11,0238	-5,5492
0,6035	13,9803
-2,6732	-0,9620
-4,1151	-5,0249
1,1933	1,9873
-10,7342	-2,9934
4,5356	6,5748
-6,7367	-8,1053
-4,0495	-5,3527
-0,1830	5,0674
5,3874	-10,5302
-8,4405	-10,3335
-4,5739	-10,3336
-3,8530	-10,3336
-3,8532	-14,7899
-5,0327	-8,4986
-15,4530	-8,6951
-5,5569	-11,6442
-9,4893	-14,0034
-9,9478	-1,4861
-15,5185	3,6255
-3,4597	-8,0398
-9,9479	-5,0906
-1,2315	-6,2704
-3,3942	-14,2001
3,2248	-6,6636
-3,2631	-15,3143
10,5649	-15,8385
-3,7874	1,5937
12,5965	-22,3268
5,9775	-27,8315
10,0406	-0,8965
13,9729	-13,9383
11,3513	-17,8701
4,4048	-13,5448
7,3538	-0,9619
4,4049	0,5453
5,5845	-7,6466
16,6599	4,0845
-4,7048	9,5238
8,0093	-6,7946
-3,0009	5,3298
10,4994	4,6742
-1,4937	-0,2408
2,8317	0,0868
-3,7875	-3,3866
3,9456	2,8394
-6,4090	4,4121
-3,2633	-12,9548
0,8654	-8,4327
-6,4747	5,9195
-11,9796	1,3974
-15,5186	2,0528
-11,2586	3,4946
-12,5039	3,2980
-4,7705	1,0042
-9,7514	4,7398
-6,9988	-7,1221
-17,1569	10,5070
-6,0157	0,4145
-1,6249	5,5919
-7,4577	3,3637
-14,2732	4,0191
-11,3898	6,3783
-8,3093	-2,7967
-3,1979	5,9197
-8,6372	17,3227
-15,1253	-0,1099
2,4385	-4,3695
-6,2781	2,9703
-10,0133	-4,1732
-13,5524	-9,5470
-2,7388	-7,7777
-6,2123	-16,6906
-3,1976	-3,3213
-6,8020	-16,2320
7,8779	-18,9843
-4,1806	-12,6274
10,1062	-9,3506
4,6667	-10,7269
15,3489	-7,6466
8,2057	-8,6297
9,6474	-2,7314
3,1595	-7,8431
6,3707	0,0212
6,5674	0,1522
1,6521	-7,5154
20,3300	0,4800
3,1594	6,3782
11,2862	5,2640
4,7979	4,4777
13,5799	3,2324
8,8611	-6,7289
10,7618	6,4438
7,9437	-2,5347
16,8564	-0,2407
8,2713	8,2789
12,5965	7,1647
5,1910	10,8349
6,4360	10,8348
-9,9477	5,1988
-5,8190	7,5581
-0,8384	4,9366
-6,4090	4,9368
-1,8215	17,7816
-13,0282	1,5287
-5,4259	1,8565
-13,0281	7,4925
4,8631	4,1501
-17,0258	13,7182
-3,6564	-2,2726
-10,2756	-4,5661
1,7174	4,6088
-5,5570	-7,6465
1,0620	-4,8939
-8,7028	1,7251
-6,1469	-9,1538
-7,0643	-4,2385
-0,9696	-7,1222
-1,3627	-2,6002
-12,5039	7,2301
-9,5545	-4,8940
-11,1931	-3,1244
-8,5060	13,4561
-7,5885	4,3464
-1,2317	1,8564
-13,9455	13,7838
-3,8530	14,8323
-14,2732	7,6234
2,3729	9,3930
-1,3628	3,4948
-1,6248	21,1894
-2,6078	4,4121
5,9117	0,2181
1,9141	6,8371
3,3560	6,3783
8,0746	-0,8962
4,7978	3,5603
4,6669	3,4291
8,4680	7,6890
16,5944	0,0213
2,5042	7,0337
7,1574	20,2062
4,7980	3,4947
18,4294	16,7331
8,9922	12,1454
21,3784	15,6190
6,5019	20,2719
21,5095	7,8857
10,4996	2,2498
20,3299	18,6991
17,1187	7,1648
10,3029	5,5921
16,3324	7,3614
9,8442	3,1016
15,2838	7,3614
4,4047	3,2326
5,8466	0,1525
5,4534	11,6211
8,9923	7,0336
0,4070	-4,0419
8,3369	10,6380
-0,5105	7,2301
16,7909	1,8562
-1,2315	4,1500
13,2519	1,2664
-4,5082	4,4122
9,7786	-1,8138
8,7300	-13,3479
-1,4282	6,0506
4,3393	2,1839
2,5695	-2,2069
4,2081	-4,1074
1,5210	2,1184
5,6498	1,5941
-7,4574	2,1839
2,5696	0,6766
-7,7196	3,2981
-0,0519	-3,1245
-9,7512	2,7082
4,7976	-1,2239
-2,8700	-3,1900
-3,3288	-5,0250
-4,3772	-2,2725
4,4699	-4,8284
-1,0349	-2,3381
-2,2802	-11,7096
2,1765	-0,5030
-0,3141	4,5430
3,6182	-9,4159
0,2759	-6,5978
7,8781	0,0867
1,7832	-5,6149
5,3223	-6,6635
2,3731	-5,6804
8,5990	-6,9257
0,0138	2,7736
9,5164	-5,1563
9,7786	-19,7051
13,2518	-0,1755
-2,6076	-2,6004
8,9267	-6,0082
16,9875	-6,2704
10,8926	-5,2217
5,1913	4,0189
8,7957	-8,2364
16,1357	-8,3017
0,3415	7,5578
7,7473	3,1013
13,7763	-0,5029
13,5142	4,8053
7,2882	2,6428
8,1403	13,4561
7,6159	-2,7313
8,0746	-2,7966
-0,3139	8,8031
6,2396	-0,4376
4,9944	-9,4159
4,1423	0,0867
-6,9987	-2,8625
0,5378	-7,8432
-6,1469	-16,2317
-13,4214	-8,6950
-16,0428	5,3950
-17,5502	-7,7122
-10,6034	-8,6950
-17,7469	9,7860
-16,8948	1,3318
-19,7784	-0,9618
-9,7514	8,5408
-11,8485	10,1791
-6,8023	1,5284
-5,7536	-0,6997
3,1591	-1,3550
-9,8168	4,6086
-1,3627	-13,4136
4,6666	-2,0757
-5,2950	6,7059
-0,3796	1,5941
-6,0814	6,9681
-5,0326	2,5117
-10,2102	4,9366
-2,3457	13,2596
-18,5987	2,1840
-6,9988	4,9367
-16,7637	20,2063
-10,7343	1,7252
-14,0112	2,4463
-1,5595	12,3419
-11,1277	3,8223
-2,6736	5,0675
-16,5016	1,2663
-11,1277	3,6258
-10,9310	5,0019
-8,5063	-6,7944
-7,3266	-2,7312
-12,8316	6,2471
-9,8824	-2,0104
-22,2687	4,1501
-11,5206	-2,9934
-5,2949	4,5433
3,8801	15,0944
-12,7004	6,5749
5,2566	6,8370
1,5864	8,2133
5,4530	8,0823
-3,2631	10,9003
16,3320	11,2935
5,0598	13,3252
4,3389	19,6165
0,1448	5,8541
1,9796	6,6407
0,2758	16,6675
-3,3289	11,3591
-0,5762	6,9028
-13,0936	6,6405
-1,5592	2,2497
-9,8167	9,3929
10,9581	2,5116
-5,4259	-0,8962
7,9435	8,6719
2,1764	-7,3189
15,8734	-7,5809
16,1355	-3,0591
22,1647	-17,1492
14,5628	-2,1415
14,1695	-9,0884
13,9731	-14,3967
19,9365	-13,6759
6,9606	-15,6419
4,7323	-16,0350
4,7324	-4,3043
-2,2146	-9,3507
1,4555	-10,2026
-4,0496	-16,2318
-8,3094	-8,9574
-9,2269	-11,9065
-4,5739	-12,1031
-7,2609	-6,1393
2,6350	0,4797
2,7660	-12,8240
1,5207	-7,0566
0,7345	7,5577
4,9286	-3,5177
-2,0180	-2,8623
5,7151	1,0698
-0,3796	6,4438
-2,8699	10,4415
13,7107	0,5456
-2,0836	7,0993
2,7008	16,0120
2,1109	0,4801
8,0748	9,5242
3,2250	11,2278
7,2227	5,0021
9,9098	16,0121
19,9365	3,1670
1,3900	1,9220
12,0723	14,8980
7,2226	3,2326
9,1887	-5,0248
13,6450	8,6722
2,6348	8,5410
-4,5737	11,4901
1,7830	-2,9932
5,9775	2,9050
-5,3604	15,4877
4,2737	-2,2725
-1,9525	0,7424
-6,7364	14,0459
-8,8991	5,1985
7,2881	-2,2724
-6,4089	6,6404
-2,1491	-0,4376
-4,8360	2,2495
0,4067	-0,9619
-5,0327	-3,1245
0,0791	5,5262
-1,5592	-4,6319
2,9626	-2,5346
-3,2631	0,8732
1,3899	-8,0396
6,2396	0,4145
-0,1174	-2,8623
10,6306	2,0530
0,0137	15,4221
11,2860	-3,3211
3,6182	1,4632
4,4702	14,8979
2,7008	-2,4036
14,0383	-0,6995
-3,1976	8,7375
3,0937	-2,3381
-3,5908	-1,7481
6,1083	-2,9280
-9,8169	-7,7120
-5,0328	-3,3212
-9,8168	-12,2341
-9,4894	-4,3042
-19,1884	-3,3213
-12,7660	-9,4815
-6,2124	-0,6997
-14,2733	-1,1586
-2,9355	1,9217
-12,5038	13,1938
-2,2146	-4,0420
-7,2608	-2,9933
9,1231	12,4731
2,3074	1,5941
4,6667	3,8879
-0,2484	5,6574
13,3173	-10,5954
-1,8213	1,1355
6,9604	-2,9279
6,5673	-3,9764
-0,5107	3,4945
6,6985	-8,1054
0,6035	-17,8045
13,2521	-4,6319
1,7176	-7,5811
14,1041	1,3973
10,1063	-10,9235
9,6476	-15,5107
9,7132	7,0334
14,3662	-10,8580
6,3708	-11,7097
20,7886	2,9702
2,7007	-4,3699
11,6135	-6,0736
7,0260	-1,8794
9,7783	-6,9911
-2,8045	-0,9618
-4,1808	-6,0080
-2,3458	5,2643
-10,9966	14,8979
-1,9526	7,7546
-17,4847	11,2937
-6,7366	21,5171
-16,5016	16,1433
-9,4891	11,7524
-15,3219	8,5411
-4,9673	10,1795
-4,8362	16,0121
-4,6397	7,9511
-10,2100	0,5456
10,6958	0,0213
4,4699	-7,0566
-1,7559	0,1523
7,4193	-2,7314
2,1763	-11,3821
4,3393	-3,7145
8,7301	-12,9550
11,8104	-13,8725
7,8126	-9,6782
8,0749	-12,6274
2,7664	-2,8624
11,5482	-7,5156
1,3901	-12,2340
6,8951	-0,6343
4,4702	-12,1685
10,5649	-4,8283
2,0454	-0,1099
7,4848	-7,3843
6,1741	-2,4035
6,3051	0,1523
0,4726	-2,4035
-2,2144	4,9365
5,2566	-3,3211
-3,5252	0,8077
2,7008	7,4923
-8,7026	-1,7484
6,6985	-5,2217
0,0136	-7,1878
0,0793	-14,7899
-3,2631	-7,2534
5,4531	-1,2242
-9,4235	-4,5008
5,3220	-3,1246
-9,8823	-8,6951
-0,5108	-1,4206
-6,0157	3,9533
-1,9526	-1,1584
-6,3434	-0,4375
-1,2973	5,9850
-13,0936	-0,6997
-18,7297	1,5942
-4,1807	-6,1392
-20,9581	-4,4352
-11,5863	10,0482
-20,1060	-2,1416
-13,2249	-5,3527
-20,1061	0,2178
-5,2296	-7,6465
-14,5357	-0,6996
-11,1278	0,8076
-12,2418	-2,4035
-5,1641	10,1792
-14,7977	-6,4012
-5,4917	-1,9446
-14,9942	12,7352
-1,1007	-1,9448
-12,3072	8,5410
-7,7852	2,1838
-3,8530	-3,9764
-11,9795	1,7252
2,7007	-9,2194
-2,5424	-7,5154
0,6035	-1,6174
-2,8044	-9,2851
8,4023	-11,0545
4,9289	-8,2365
10,6959	-5,7461
5,1256	-9,8094
11,8101	-6,4669
14,1039	-12,0375
-5,6880	-3,7800
3,2907	-11,3822
0,7344	-2,4691
2,0454	4,8707
-1,4937	-11,4477
7,7469	-2,0759
-0,0519	2,8391
-1,4935	-6,7291
2,0454	-2,6003
10,0407	-3,5179
-6,0811	-8,1052
16,5943	3,1013
-5,0326	-0,6345
7,0260	-19,5085
-7,0642	0,8076
-1,2971	-10,9234
-4,7050	-17,2147
1,0621	-6,5325
-4,7705	-9,0228
-9,8824	-8,6951
-3,0666	-14,7899
-6,6712	-7,0566
-0,9694	5,0673
-17,4190	-9,5471
-4,2461	-5,4182
-0,7728	6,5091
2,6350	0,4143
-10,2754	-4,1730
12,0723	0,1523
1,9798	-3,4521
11,8101	5,2641
5,9120	-4,7629
9,5164	-1,9446
3,2251	12,0798
2,9628	3,1015
4,6669	4,4779
4,2735	7,6235
-0,7726	0,7423
-5,9502	12,8665
1,3900	3,2982
-3,5909	4,6089
-3,4597	8,4098
-4,1807	5,0675
3,8147	-6,0081
-5,6225	-7,0567
1,3242	-12,2997
1,2587	-8,2365
4,4044	-17,1493
-1,7559	-11,6443
5,0597	-6,2705
-4,2462	-7,6467
1,7830	-12,6928
-2,8699	-2,9280
-0,5763	-1,2895
-0,2484	-6,9912
-1,8870	0,6111
-2,1490	3,4290
-10,6032	8,5408
-2,7388	-5,2217
-9,6857	1,7908
-2,2801	8,9996
-6,6056	-0,2410
-3,4599	-3,4521
-2,5424	-5,2872
0,6688	-0,5031
-3,9841	3,8877
5,5184	-16,8871
-3,9841	-11,5130
0,4722	-3,7800