10,1023	-5,0565
3,4833	1,1696
-2,8081	8,9026
1,7139	-9,9715
3,7454	7,0022
6,0392	-1,3210
-1,3009	1,6283
-1,4973	9,4269
3,7454	-7,2192
7,8742	11,5241
2,2381	7,9850
11,1509	-1,7798
4,0731	-4,6633
9,7091	-10,2338
9,5126	2,0869
15,4763	-6,3673
15,1485	-12,8552
8,5295	-1,0588
7,5466	-5,9084
1,7794	6,0191
11,3477	6,7399
8,6606	-4,0079
14,9521	-2,6970
0,3375	2,6112
3,4834	0,8417
2,4347	4,1841
14,9520	3,4631
3,9419	-3,8769
11,4786	-6,1050
2,2380	-3,0248
3,4831	0,5141
6,7599	1,2350
9,7089	0,1864
2,1723	1,2350
-3,2672	5,1671
-6,2818	1,5627
-0,5804	0,1864
-14,5394	-1,4520
-17,5540	1,4971
-10,1485	-4,7288
-9,4277	-8,5299
-13,7530	-4,6634
-15,4570	-11,0859
-10,2140	-13,5762
-8,2479	-2,6973
1,1893	-9,5787
-4,3812	-14,2972
12,1993	-8,5301
-4,0535	-13,2486
9,6436	-9,0543
11,1508	-4,4014
2,8934	-10,3651
3,4834	-9,1198
5,6459	-11,2171
6,3669	-17,6394
7,3498	-9,5785
4,9906	-1,8453
-1,8251	-10,5617
10,0368	-6,6950
2,0413	-5,1876
3,0900	-3,2871
2,8933	-2,3040
-0,4490	-2,5007
2,0415	-1,3210
9,3813	-6,6950
1,9758	-6,8915
6,3011	-4,9911
0,9928	-7,3503
-0,6457	-3,9425
-0,7112	-10,0374
-2,3497	-14,7558
-16,3744	-7,2193
-24,6318	-17,1153
-14,6704	-16,0011
-22,2073	-4,7292
-19,1925	-17,4431
-26,4017	-20,4576
-23,1904	-18,6228
-23,3871	-15,5426
-21,2900	-19,1471
-26,9916	-20,1301
-19,5861	-20,1301
-30,7927	-18,6882
-27,2538	-24,9143
-30,0063	-25,1108
-38,8537	-31,3367
-39,4433	-24,3244
-38,9193	-27,6014
-30,3995	-39,5944
-45,0142	-34,3514
-39,7055	-35,4002
-39,6402	-39,7256
-41,0163	-38,3494
-45,2761	-36,9078
-32,5622	-46,8692
-38,5917	-48,3765
-34,9871	-50,7359
-39,6402	-54,2748
-39,7058	-44,1168
-42,5238	-50,2773
-31,9072	-68,5616
-50,3882	-54,6024
-43,9001	-53,2919
-46,5215	-53,8162
-45,0143	-60,8941
-38,7228	-66,6612
-52,0266	-54,7992
-44,9485	-61,9428
-43,5068	-70,4624
-40,3610	-62,2704
-39,3780	-67,0547
-33,6108	-63,8434
-30,9239	-73,7394
-23,9116	-80,7517
-34,9871	-77,6717
-24,2393	-88,4851
-35,0527	-93,3348
-40,8854	-91,8931
-31,8415	-99,1022
-38,4608	-110,1122
-49,8638	-106,9666
-52,0267	-106,4424
-54,2549	-113,7825
-65,3960	-111,8820
-60,9394	-117,9114
-58,8426	-125,4480
-57,9906	-123,9408
-72,2774	-129,4458
-60,3498	-130,2978
-60,7433	-137,1136
-65,4617	-137,9655
-65,4618	-135,7375
-63,4302	-142,6187
-65,7240	-151,5316
-67,1003	-145,2403
-70,3770	-161,4277
-67,8213	-150,9421
-77,0618	-162,0179
-75,6201	-173,8798
-84,3364	-176,0426
-88,2030	-179,3849
-84,7952	-177,4846
-94,8223	-183,5795
-94,5601	-195,9002
-99,5410	-192,1647
-94,8223	-194,8517
-99,3445	-199,5703
-94,0362	-192,4270
-112,5828	-195,5728
-101,3762	-205,9929
-108,3887	-207,8935
-114,2216	-213,9883
-126,9354	-209,0732
-124,7729	-208,4181
-127,1321	-226,7681
-144,4338	-222,3117
-138,8631	-224,0158
-149,2180	-232,7321
-146,9242	-236,7299
-156,0338	-239,6136
-155,4439	-241,4487
-161,1456	-246,9538
-154,5921	-260,3886
-166,9784	-255,6046
-161,2113	-265,0418
-158,2623	-271,7264
-161,6047	-266,2216
-170,3865	-269,4985
-168,8793	-278,3459
-168,2238	-292,8948
-172,8116	-289,8147
-179,7582	-295,8442
-179,0375	-302,0701
-182,1832	-310,9831
-191,2272	-312,2284
-196,6666	-318,9788
-196,4046	-333,2001
-196,0769	-330,8409
-196,9290	-337,5259
-197,1257	-346,9632
-204,9901	-356,2038
-203,6793	-372,6534
-206,6285	-373,4399
-200,7959	-383,6637
-202,0411	-385,9575
-209,8399	-378,2900
-205,4488	-400,3102
-207,4150	-407,4535
-211,6091	-402,1452
-207,0218	-394,2810
-203,8760	-395,9850
-208,4636	-411,9102
-216,5244	-400,7035
-218,0318	-392,6427
-217,7040	-407,7815
-214,0997	-411,1892
-218,7527	-401,1623
-211,0196	-405,4221
-211,0851	-404,5702
-215,0172	-411,1238
-200,9925	-414,2039
-208,6603	-406,3396
-202,8274	-415,1216
-204,2691	-420,2988
-198,1744	-408,2403
-199,0262	-421,3475
-201,3855	-410,5339
-194,5697	-418,1363
-202,6307	-420,4298
-204,2690	-400,1793
-199,2882	-407,5851
-191,8173	-419,9711
-204,6623	-402,9973
-197,9775	-405,0290
-197,5844	-401,6211
-195,2907	-406,7983
-198,5674	-403,5870
-192,4726	-379,9286
-196,7324	-391,5284
-188,9336	-386,2198
-185,8534	-378,4210
-187,9505	-376,7170
-182,0522	-378,3551
-180,4793	-359,7431
-174,9086	-355,2211
-178,9718	-363,4784
-174,8429	-355,8105
-175,3016	-348,5360
-165,0779	-337,5260
-164,2259	-338,3778
-149,6770	-333,6591
-163,1773	-324,3530
-143,7785	-324,8117
-144,1719	-317,6027
-139,7808	-316,0296
-136,5696	-310,5246
-135,1933	-303,9054
-135,3243	-302,7912
-134,3412	-298,6622
-124,7730	-287,9799
-126,6080	-286,6035
-130,0812	-275,5934
-129,8190	-271,2025
-117,4982	-276,0520
-117,6949	-265,4351
-107,0779	-260,7821
-110,9445	-253,2453
-106,5534	-249,9686
-97,7061	-254,6871
-94,5603	-245,1842
-98,8857	-233,6499
-93,7738	-237,4509
-87,5479	-243,4145
-83,9434	-224,7367
-90,6936	-220,4113
-85,4506	-217,5275
-82,9603	-208,6145
-83,8778	-202,3885
-82,8946	-183,8419
-85,8438	-190,1332
-76,6031	-185,2832
-85,7782	-171,6519
-81,3216	-174,2076
-79,4866	-163,9184
-66,2483	-158,3478
-69,7219	-156,9715
-72,3431	-142,4224
-62,1195	-147,2720
-54,3208	-145,8955
-67,2969	-134,0335
-65,7894	-131,5431
-52,8789	-131,9362
-61,7263	-125,1860
-64,8719	-125,3170
-63,8234	-121,5813
-65,7894	-111,0301
-63,6268	-114,5034
-70,4424	-100,8064
-65,3961	-108,5396
-64,6753	-104,6728
-64,4786	-97,7261
-54,3205	-103,6898
-59,3013	-102,0512
-48,2911	-92,9417
-52,7476	-94,7112
-43,5725	-83,4390
-44,6866	-82,7181
-41,3443	-83,5045
-36,6256	-84,2253
-37,9363	-84,6185
-37,6085	-79,1790
-36,2978	-83,8975
-32,6277	-84,0941
-30,2684	-82,5867
-25,9430	-76,0988
-28,9577	-80,9484
-28,4988	-79,8342
-37,2150	-73,5427
-20,3068	-70,2659
-31,2514	-61,7462
-27,6468	-67,7100
-23,0594	-58,4693
-20,6347	-59,8456
-20,9623	-64,8917
-24,0426	-56,9618
-25,8120	-55,5856
-30,5306	-60,6973
-30,8581	-50,9325
-19,5862	-49,0319
-28,5644	-51,3912
-28,7610	-50,6702
-31,1202	-42,9370
-23,6492	-37,4976
-23,1904	-38,9393
-26,7947	-44,7719
-10,6074	-28,7812
-18,4062	-31,9924
-3,5949	-32,3857
-9,4277	-35,6623
-8,1825	-31,9267
-12,6389	-23,9969
-3,0052	-32,2544
-12,7700	-24,9143
-1,3668	-27,8635
-12,8355	-27,3391
-13,8186	-31,7955
-11,2626	-21,1788
-14,1463	-23,4070
-21,3551	-19,8024
-19,8478	-23,1448
-10,3451	-26,9457
-15,9157	-15,7392
-13,0320	-18,4261
-18,5370	-16,2634
-3,0705	-15,0183
-8,3790	-21,5718
1,6480	-16,0667
-7,3960	-20,1300
-2,6775	-16,2633
-11,5903	-7,7438
-4,3159	-14,8217
-10,4763	-19,8677
-13,8187	-2,6974
-22,1416	-8,8579
-17,9474	-17,2462
-17,0299	-5,7775
-22,9937	-13,0520
-12,7045	0,3830
-14,0808	-2,3042
-12,6389	-6,8916
-15,0637	3,4630
-4,8401	-5,6464
-7,0683	-4,8599
-4,3813	-3,2215
0,7961	-3,8769
-5,4954	-2,5661
4,7939	-3,6148
4,0728	-8,2023
4,7939	-6,6294
-0,9079	-3,0905
0,3375	-14,1005
-1,1044	-10,0372
-12,3765	-10,2994
-8,0511	-5,9739
-9,9517	-4,1391
-6,4784	-4,8599
-6,7405	-2,2384
-10,2140	-3,3526
-2,3497	-1,4519
-8,3791	2,7423
-5,4955	-3,1559
-7,1995	4,2497
-2,6120	12,4416
-11,0004	-1,7797
1,5824	-1,5173
-10,3452	8,6406
-2,8739	4,3152
10,6263	5,6914
-5,8231	-2,0419
-5,8884	-6,1705
2,7623	2,4801
7,8085	-6,4328
-3,1359	-7,6124
6,5635	-1,3865
5,9081	-4,7289
15,2798	-11,2169
8,6606	-4,5322
24,1926	-1,1899
12,0684	-4,6633
14,8866	2,0868
10,6922	-5,7119
8,8572	-5,9085
17,7046	-1,1900
9,1192	-0,4691
7,0222	-4,2047
7,4153	-9,9062
1,6482	-0,2069
-3,8569	-6,6295
-1,9563	-7,9402
-6,3474	-6,6294
-7,8546	-9,9718
-13,5564	-7,6780
-10,2140	-12,3966
-2,8740	-11,9378
-2,2843	-9,8407
-18,6026	-3,0906
0,1406	-9,3820
-5,4955	-3,3527
0,0095	0,5794
-10,5417	-4,4668
-0,2526	-1,4521
1,7136	-4,4667
-9,1654	4,8395
4,8594	-0,1413
-1,5632	-0,6654
1,8449	12,9659
1,1239	5,0360
13,3792	0,0555
4,4663	13,9489
14,6245	5,2982
10,6923	6,2158
15,8040	-0,1412
10,6922	1,1041
16,2628	8,0508
6,4979	5,3638
8,5950	-0,6655
3,5488	4,4463
3,5487	3,3976
2,1069	-15,3456
-0,8423	-2,2384
-4,5123	-6,6950
-8,5100	-7,1537
-3,5947	-5,7121
-9,4931	-17,9017
-1,3010	-11,4137
-5,7576	-14,1008
-3,5947	-19,0814
-3,9879	-18,3605
0,9272	-14,7561
-1,3665	-19,0159
14,4275	-18,7537
1,7792	-9,5787
8,3328	-11,0861
10,6921	-11,3482
7,5463	0,1206
6,5634	-2,3043
14,1654	-4,7290
-1,0388	-10,6272
-5,2987	-6,8915
2,0414	-6,4983
-7,9203	2,8733
-3,5948	0,1207
-10,1485	-4,7943
-6,1507	6,4778
-8,6412	-2,2385
-4,6435	-6,0394
-0,6459	-2,1728
3,1551	2,8079
-4,3814	3,4633
-3,9882	-0,6655
-0,6458	3,7910
-3,9226	2,5457
-1,8909	4,0531
-4,5780	-2,7627
-2,6118	4,1187
-8,8377	11,0653
-6,8059	4,5773
0,8616	4,6429
-3,8570	9,0992
-7,9201	10,0822
4,4006	0,7762
-2,6774	-7,2192
3,8764	0,1208
-1,7599	-3,5493
5,1214	-8,5954
1,5169	-4,0736
2,3688	-11,6757
-5,5609	-11,7412
-0,4491	-5,7776
-1,3666	-16,6564
-5,0366	-3,6804
-4,7088	-10,1030
-4,1846	-11,4136
-4,3812	-4,0082
-7,0682	-13,6421
-3,9880	-17,3773
-1,4323	-8,7268
-2,0876	-6,8263
-11,8524	-13,7731
-2,3498	-12,0691
-5,1680	-12,7900
-5,5611	-5,8433
-13,6219	-13,9696
-6,7407	-18,3604
-2,1532	-11,4791
-8,2480	-0,8624
-3,4638	-12,5278
-5,5610	-12,3310
-8,7067	2,6112
-12,7043	8,3782
-5,4298	-4,5978
-12,3112	-3,8112
-9,2309	9,9513
-3,0052	6,3467
-10,2140	4,0531
-6,2818	13,0970
0,8615	9,6235
-6,7407	4,1842
9,3812	4,7739
-0,1215	-3,4179
-2,2186	11,6552
-3,2015	-7,1535
5,3835	2,4803
-2,0219	4,5118
0,5339	4,1186
-3,0704	4,5773
-6,3473	1,4971
-12,9663	0,3175
-7,6579	8,7716
-8,8377	1,1694
-19,9133	-1,0587
-11,7868	6,0846
-15,1293	3,1355
-18,0784	-1,1243
-15,4570	-5,5807
-11,1973	-8,3988
-28,0399	-3,2215
-3,0708	-8,4645
-15,5883	-14,9525
-17,2921	-13,2486
-20,0446	-12,7244
-15,5227	-22,1615
-15,9159	-6,1052
-23,0593	-13,4454
-13,6876	-14,1662
-23,1904	-10,8893
-21,0930	-12,0034
-18,2751	-4,6635
-8,7069	-7,8748
-18,6027	-13,3141
-3,1362	1,8902
-9,2965	-3,8116
4,1383	-10,9548
7,7428	-6,4328
2,3689	-7,8746
1,5827	7,1331
9,9057	-2,1075
0,8617	0,2520
1,6483	7,4609
8,5295	3,5287
2,0413	-6,6947
-0,7110	13,1626
-5,0364	10,8031
3,8110	2,3492
-4,3812	3,5287
-2,8082	-6,2360
1,1238	10,4101
6,3667	6,8709
-3,8569	-11,4134
4,9904	0,9729
-4,1846	0,1207
3,4831	-11,1513
-1,1700	-5,1876
-2,2841	-8,2023
-5,7574	-13,1829
-0,3837	-12,4622
-12,9009	-10,9548
0,0751	-11,6758
-16,0467	-3,8115
-15,5224	-11,8068
-4,3157	-3,6804
-12,1146	-15,4769
-4,4468	-3,5492
-13,5564	0,7103
-4,3158	-11,1514
-8,2479	-9,7096
4,5315	-7,6124
-5,5610	-4,0735
2,4344	1,2348
-2,0220	1,1037
2,6311	-5,7774
-2,4807	-7,3502
3,0244	-3,8768
0,9928	5,0360
-4,8399	5,4292
5,3184	1,4315
-0,3179	3,2665
-0,3832	-3,8114
3,0901	-9,2507
3,0901	7,8539
7,7432	-3,7459
17,7045	-5,2531
8,9883	-9,7096
15,2141	-12,3965
7,1533	1,1039
14,2312	-1,5177
16,3282	-8,0712
16,3937	-2,1729
-2,3493	1,8903
10,1024	-5,1876
5,5805	-4,6632
5,3182	1,8904
1,0585	7,9852
-3,2014	3,0043
6,3013	1,1696
-1,7597	14,9320
1,9759	7,5920
-1,1044	5,3638
7,6119	11,0655
0,7961	8,9027
6,3666	10,5412
-1,3666	7,8541
-2,8084	4,7086
1,4515	5,7569
1,5824	-2,2383
-8,2478	-3,8767
2,5655	11,3275
-5,7575	-2,6972
-8,0513	-5,9739
-7,9200	8,8370
-11,5901	-3,2216
-5,4952	1,2349
-5,9540	-7,3504
6,0391	-5,8429
-2,4806	-4,7944
1,3861	-5,4498
4,5317	-7,0226
2,5001	3,0699
3,4176	-5,5809
5,7111	-8,7920
-11,3281	2,9389
-7,1339	9,1647
-16,3088	8,4438
-13,5565	-4,3357
-14,0151	-1,1241
-18,7994	5,8225
-19,4546	5,8226
-18,0129	11,7863
-21,2896	11,7209
-15,3259	13,6214
-11,3937	19,4540
-10,7384	17,0948
-5,6265	11,7864
-2,7430	5,4295
4,0073	9,7549
3,0242	12,9661
1,8447	7,9852
6,2357	7,3955
8,0706	5,5605
6,7600	3,5288
8,2672	-3,9422
6,0391	0,2520
3,3521	-4,7287
5,7770	-3,3525
2,6312	5,8225
-3,1359	3,4630
-4,6432	-1,5830
6,9565	-6,6294
-6,4128	-3,1559
-2,3495	5,1670
6,1044	-1,1244
2,3689	-8,1366
-0,5145	-0,7312
6,2355	-2,5663
0,5341	-11,2169
5,8424	-12,0034
1,5826	-11,7412
2,7623	4,1839
12,0028	-13,9040
0,8616	-11,3480
-2,6771	-7,3504
0,4684	-5,8430
-4,5777	-12,0689
-9,0998	-3,2215
-2,4807	-8,9232
-7,1994	2,0869
-7,9203	3,3320
-12,8355	-1,3210
-4,9713	-0,4690
-10,4762	-5,7118
-7,8549	-3,8112
-18,6026	-1,5830
-3,0052	-1,7797
-10,8695	-6,7603
-15,3258	3,9874
-7,0027	-7,5469
-12,4424	0,7763
-2,9395	1,4316
-14,3428	5,2983
-9,4930	19,2572
-10,6071	10,0167
2,0413	-3,4180
-1,9564	7,9198
10,3644	3,5943
3,7452	3,1356
11,5440	1,0384
5,0561	1,4972
8,9226	-0,9932
9,5125	-1,3210
11,1508	-11,0857
3,0900	1,3006
7,0221	0,4484
-0,1868	-3,7458
7,8739	-6,9570
-3,4637	-2,4350
-9,5585	2,4145
-1,6942	-1,5176
-7,8547	-2,9594
-7,7235	2,7422
-8,0513	-10,9548
-2,0220	-7,1536
-11,0004	-1,7143
0,1407	-6,1707
-3,7259	-3,6147
4,4005	-3,6803
0,8616	-9,5785
4,4661	-5,8429
5,9079	-9,5785
4,3351	-7,4811
1,5172	4,7739
9,6435	3,0700
4,2697	5,8880
4,7285	3,9874
9,9057	3,8564
1,3206	-0,0758
7,4811	-6,0395
9,5126	-9,3163
11,2165	4,2495
7,8741	-3,4838
8,9227	-11,9377
8,5296	-11,8722
13,7066	-7,9400
3,0901	-0,6001
8,4639	1,1695
-1,3664	-2,6971
7,0221	2,3492
1,7137	9,6892
4,2041	8,8372
3,3522	3,8565
4,4663	-1,8449
7,8742	7,4611
5,5149	8,5751
8,6606	4,2497
3,9419	9,0994
4,9906	7,3298
4,7283	3,4632
12,2649	9,6891
-0,3835	-3,5492
8,0706	-0,0101
-1,6287	5,0360
6,4977	-2,0418
-2,4151	5,6259
5,1870	-2,5006
-4,5121	-5,3840
1,3860	6,8710
3,7453	3,3976
-7,1992	-2,5007
-2,0873	-5,3842
-0,1870	-6,1706
0,0096	-0,0103
-8,5100	-7,5470
5,1870	-10,8236
0,4027	4,7738
-3,3982	0,3174
0,0752	0,0553
7,6118	3,5287
-0,3835	2,2180
6,6943	6,5435
2,1069	13,1625
6,6943	5,4950
-1,8252	17,6193
-5,1675	22,6654
3,3522	27,1874
2,3689	21,1582
-4,5122	23,9108
-6,6749	30,0056
-1,3666	25,5492
-14,8670	20,3063
-0,8423	24,3696
-11,3282	20,7650
-15,5224	21,8136
-12,3112	19,9785
-2,6120	10,9346
-9,7554	9,8205
-5,3645	14,9977
-9,6242	9,0339
1,7790	2,3492
2,8276	1,1041
-2,4807	3,7253
3,8764	-4,2045
0,8617	-0,9278
3,7455	-6,7604
4,5974	1,3004
18,6221	-5,1222
-0,5799	-6,3017
10,0371	-2,7628
8,9883	-14,8869
14,8210	5,7569
17,7045	-1,5833
15,9349	-7,9401
-2,0218	-0,6656
7,8741	-1,5176
1,0583	-8,0057
4,3350	-1,1899
-4,4468	-1,1245
-2,8740	3,3319
-7,5926	-14,0351
-9,4276	-8,2023
-9,1654	-4,4012
-10,8039	-5,5154
-2,2186	-11,0204
-18,4061	0,8417
-4,5777	-0,7968
2,5655	-1,8453
4,7281	3,9875
-2,8739	-0,1412
12,8547	8,2474
-0,7767	-0,7965
13,7722	6,0193
4,6628	13,5559
7,0876	6,0192
0,1409	5,6917
-2,8083	12,9661
-0,9733	11,1311
-5,1677	13,6215
-4,3811	9,9515
-10,3451	13,5561
-3,9881	21,9447
-8,9689	21,0926
2,5000	19,6509
-6,2165	25,2214
-8,3789	9,8204
-0,8424	18,2746
1,7790	7,5267
-3,5949	8,1821
-7,5924	15,5875
6,3011	5,4294
0,4027	4,4463
-6,4782	7,3955
1,0582	1,1039
-7,1991	-1,4520
0,0752	-0,6655
-9,3618	3,1354
-3,9223	-5,4498
2,6967	-0,6001
-9,6896	-6,0395
-1,4976	0,7762
-11,4591	-1,7142
-6,5439	-12,1343
-11,9179	1,1695
0,7305	-3,5492
-9,4277	-2,3695
-3,0051	-6,4983
-6,4785	-8,0056
-5,1678	3,2010
-15,3257	-7,6126
-4,6435	-10,8891
-10,2138	-3,7459
-2,8085	-3,2215
-11,1969	1,2350
-4,9055	3,9219
-2,9394	0,0553
-5,4954	6,1503
5,2526	11,5240
-3,9225	2,8734
6,1701	4,9051
-0,5146	2,0870
7,6119	2,6113
6,0390	9,8857
8,5949	0,5141
5,2526	4,6429
5,0560	9,5580
5,7114	-5,2530
-2,4807	7,8542
-8,0511	10,6721
1,9758	2,8735
-6,3473	11,0654
-9,8862	8,9683
-5,8886	3,3977
-11,9834	1,7594
-5,1021	8,6406
-8,5101	13,2935
3,3520	6,3468
-3,7259	-3,1559
4,4661	9,8858
4,6627	-6,8916
2,3688	-6,8913
-7,6580	6,8055
0,2718	6,1501
-3,0050	-4,5977
-7,9857	6,0846
-10,8037	1,3004
-8,0514	4,9705
-7,1993	2,8733
-12,7701	1,6282
-7,0683	12,3105
-9,7554	5,5603
-8,1168	10,1478
-7,3960	8,8370
1,0582	2,9390
-6,6750	12,5728
11,2162	7,3297
-0,6456	3,7909
12,2649	10,3446
9,7746	4,7083
13,1824	-2,1071
9,5782	8,5096
12,0685	9,6236
17,9013	1,5628
14,9520	2,0216
10,0370	3,0046
11,8720	9,6893
21,5712	8,7716
9,3815	10,2790
15,4109	19,9782
4,9906	6,3467
10,9545	-1,1897
12,5928	7,3954
12,5271	-0,7966
6,0393	1,3005
18,8841	-1,7142
8,7916	2,2180
13,3792	-2,5007
7,9398	-9,4474
8,3985	-10,1682
13,9036	-0,6001
8,3983	-0,6657
-1,6284	2,2178
7,2189	-4,4668
9,7092	-6,6950
1,3860	-7,6124
3,1557	1,3659
8,1362	-3,8114
8,9881	-0,2724
-3,2670	0,1863
2,3690	0,1864
0,5340	-2,0418
9,5778	-0,5999
-3,9226	0,1864
-0,0560	-3,2214
-8,1168	0,1864
-0,5147	2,7423
-8,4444	-1,2555
-5,6265	-5,3187
-5,0364	-0,6002
-0,7769	-9,6441
2,7623	-9,5131
1,9103	-7,7437
6,9566	-15,0182
0,7962	-8,7922
13,5102	-13,0522
13,5101	-10,2340
10,6921	-7,2849
5,3837	-14,2317
12,6582	-19,5400
10,4955	-14,4938
10,1678	-11,4136
10,1024	-3,3528
11,9373	-6,6296
6,7601	-9,0543
4,2041	-4,7946
4,4009	-13,1831
6,8256	-6,5639
2,1726	-3,2218
-3,4634	-4,4668
6,6945	4,3805
3,2211	-5,8431
7,3498	-5,1221
4,0729	3,1354
9,0537	-1,4522
9,3158	-3,4836
12,6581	0,1862
3,9420	-0,8622
13,8378	1,5625
-0,2523	-6,4328
9,5780	-3,1560
1,4517	2,0213
9,7091	-5,8430
2,3691	-7,7434
-2,4805	1,4315
5,3838	-5,3188
-0,8422	-1,5175
11,4787	-0,6656
0,0097	-1,8453
3,5488	4,2496
2,3035	3,5286
14,8208	-3,2870
5,4491	-0,1413
4,1385	-1,2554
6,0389	-2,8937
5,3836	4,0530
-2,4152	-12,2654
-3,0050	-3,4181
2,4345	-8,0057
-5,1022	-15,8698
-2,4151	0,6450
-4,9711	-7,7436
-0,7767	-11,6101
-0,0559	7,6574
2,1069	-2,9596
-2,0220	-10,6270
8,7916	-0,4690
5,8424	-3,6803
13,2480	0,5140
12,1338	-4,0080
13,2479	-6,3673
-0,1868	-2,5007
4,3351	-9,1198
-4,9710	-7,0882
-6,2818	-16,0667
-5,3642	-12,5276
-7,9859	-9,1854
-15,6535	-17,2464
-11,4592	-10,1029
-6,7407	-4,9912
-21,7484	-11,0860
-5,4298	-10,6272
-10,9350	-0,9934
-6,9371	-5,5811
-0,3836	-3,6803
8,9880	-3,3527
-0,5801	-3,0906
13,1824	-4,0080
13,0513	-3,3527