29,1284	5,0311
9,4675	7,2592
21,1331	8,1113
19,3635	9,7497
17,6596	6,0797
16,4800	8,2425
23,7543	12,0435
8,3536	-3,5539
19,5601	13,2233
5,4045	15,3858
10,9750	8,6357
4,0283	12,8300
13,7274	0,1160
13,0721	9,0290
14,0552	2,7374
19,3636	1,6233
16,6110	9,2254
19,3636	-0,5396
17,5285	-4,6682
24,0821	1,5576
13,1376	0,1812
20,6087	-5,2582
12,0890	-9,9113
22,3126	-13,9090
7,6982	-14,4332
12,2856	-19,8072
15,1038	-20,9213
9,0743	-8,2730
11,4338	-16,0064
10,7783	-22,2321
24,7375	-16,2683
11,3680	-19,7418
21,9195	-8,9283
14,9070	-14,7611
23,4923	-16,7270
13,3341	-7,5519
18,1838	-6,5691
12,2201	-19,8726
15,6934	-5,1270
11,7613	-13,3192
16,0866	-8,9280
4,1591	-2,7024
7,8947	-14,1709
7,0427	1,2300
9,0086	-4,3407
0,0959	-10,9597
5,4697	-6,1101
5,7319	-9,8457
-0,9529	-5,5859
0,6201	-15,5474
-2,4603	-12,7292
-2,0015	-19,1519
-10,7178	-21,6423
-0,1665	-24,3292
0,6198	-15,2853
-0,8220	-20,3972
-8,6206	-22,0355
1,0131	-19,3486
-6,1302	-14,4990
0,0956	-20,2006
-4,4263	-21,7734
2,3239	-22,1666
2,3239	-5,1274
-5,4094	-11,2878
-0,8873	-20,8559
-2,5915	-16,0718
-1,5428	-23,0842
-18,1890	-19,2830
-5,3440	-20,9215
-18,4513	-26,1645
-17,4027	-19,9385
-32,0827	-25,1161
-17,0097	-43,5315
-28,8062	-36,6502
-28,5441	-33,3082
-34,5733	-48,4469
-38,9644	-44,5147
-40,8648	-49,7578
-44,4039	-49,4301
-38,5711	-49,0369
-44,0109	-59,5883
-46,5010	-59,7848
-44,3385	-60,3093
-40,8650	-70,4674
-50,6954	-64,1104
-47,9428	-73,7443
-38,9645	-81,6086
-38,2437	-72,9580
-44,2073	-90,8494
-32,8042	-85,3443
-47,0255	-85,9999
-51,4818	-99,0415
-42,5034	-88,5559
-48,6641	-107,8235
-61,9021	-112,1488
-61,3780	-109,3965
-69,2423	-123,0280
-74,2887	-118,1128
-71,6673	-129,1232
-85,3645	-137,0530
-75,5996	-139,8711
-92,7046	-146,9492
-86,4787	-159,8596
-89,5590	-146,8838
-88,6416	-166,8724
-95,4573	-173,4260
-93,3603	-175,5888
-114,3316	-181,0284
-102,7319	-184,3053
-107,3849	-197,3470
-105,2880	-205,0803
-109,6133	-204,2284
-115,3805	-207,1778
-114,0042	-222,1855
-116,7570	-216,6808
-120,6890	-236,8003
-125,2112	-238,2422
-122,0653	-253,3811
-132,8134	-257,2478
-123,2450	-253,5780
-136,4179	-265,6368
-134,3207	-281,4309
-141,5952	-284,4456
-133,6000	-289,5576
-146,8381	-289,7544
-140,0225	-296,8324
-141,3987	-325,7994
-150,5739	-317,4108
-160,4696	-328,4869
-149,7875	-349,7859
-153,7852	-343,5603
-162,9604	-364,8597
-165,3195	-377,6392
-171,6769	-370,8236
-170,4316	-390,7468
-194,2868	-390,2225
-174,6262	-401,2984
-195,3358	-413,6846
-199,0057	-410,9322
-212,8994	-412,8330
-199,4648	-442,7174
-224,2373	-436,5570
-209,2954	-443,4385
-228,6284	-451,4340
-232,2985	-452,0895
-235,1166	-469,3911
-235,7067	-474,5685
-247,0444	-473,5858
-260,9381	-496,1303
-257,9234	-500,0625
-265,5259	-515,1361
-273,2592	-524,3112
-287,2839	-544,2999
-275,8153	-548,3632
-307,4693	-557,1453
-300,7847	-565,7307
-318,6106	-586,7023
-312,2539	-594,1735
-341,8761	-600,0063
-337,0921	-605,5770
-350,7891	-607,7400
-346,5951	-623,0099
-356,5566	-629,9568
-364,6176	-641,7534
-370,0570	-651,5183
-368,2223	-648,3073
-368,4844	-660,9559
-375,9558	-672,6214
-377,0044	-676,0294
-395,9444	-692,0203
-391,4880	-694,3142
-414,0980	-707,9459
-408,5275	-724,7887
-425,4359	-720,5291
-425,6326	-738,2896
-432,8417	-756,9018
-434,2182	-761,1619
-456,4349	-771,3201
-448,2430	-781,2818
-456,2386	-793,7993
-471,4430	-809,5937
-463,5131	-818,5066
-472,4919	-827,0921
-474,9821	-836,6604
-488,8104	-839,2166
-484,5504	-855,4697
-494,1843	-870,0186
-490,2522	-865,2347
-498,6408	-881,2913
-495,6262	-883,7160
-501,0657	-882,6022
-490,4490	-903,2459
-499,0997	-887,4519
-499,6897	-892,0397
-504,6047	-903,3772
-504,5393	-899,9038
-506,3742	-898,5933
-506,2433	-900,0350
-502,7042	-904,0328
-509,4545	-910,9140
-506,3086	-910,1931
-507,4229	-909,9965
-497,7890	-919,6303
-504,2771	-909,4722
-491,4320	-915,0429
-496,6749	-917,4019
-489,7280	-902,0012
-500,6724	-909,1446
-480,5529	-906,9163
-492,0216	-903,4430
-486,1888	-910,3895
-477,0137	-887,5831
-481,4703	-899,3141
-476,2927	-898,4618
-475,5719	-886,5999
-461,4815	-887,6483
-466,7901	-870,0190
-466,8553	-866,5457
-457,0905	-872,6401
-451,5199	-840,8551
-457,1559	-840,2654
-442,0825	-837,4469
-448,5706	-814,7059
-430,9413	-811,4290
-437,6259	-806,1202
-430,9412	-774,8596
-421,7660	-784,6242
-419,8655	-761,7518
-407,6756	-747,4650
-406,8892	-745,6952
-401,3185	-721,2501
-398,6315	-712,9269
-392,3398	-703,3583
-380,6089	-685,3358
-368,9433	-679,2407
-369,9919	-662,9220
-351,9694	-645,2928
-365,0109	-652,3048
-342,5974	-629,6946
-338,7307	-605,6431
-326,5410	-612,4585
-330,4074	-600,7929
-317,3002	-590,5692
-314,2853	-580,2799
-300,9816	-566,9761
-307,6660	-570,1871
-301,9644	-554,1961
-290,4298	-541,2200
-283,8110	-539,6469
-284,0071	-519,6583
-282,1067	-515,8571
-269,3925	-504,2570
-274,3078	-495,1474
-256,4163	-488,5280
-263,6909	-464,2140
-255,7609	-462,8377
-250,7801	-461,5921
-252,6806	-427,7101
-255,2363	-431,5766
-241,9980	-430,9207
-241,8669	-404,7718
-235,3789	-396,3178
-239,5729	-392,1232
-225,6139	-383,9966
-227,3176	-384,5207
-219,7155	-366,1049
-218,1424	-357,8475
-217,8147	-356,2744
-194,2872	-347,3614
-202,5449	-336,0892
-193,6317	-337,9896
-194,2216	-322,9818
-182,8837	-323,0472
-181,9662	-310,5297
-171,7426	-306,3354
-175,0847	-315,7067
-164,5990	-300,5022
-167,2203	-295,0628
-164,4677	-288,7057
-157,4552	-284,8390
-149,9842	-281,5620
-155,3579	-263,8019
-142,7095	-271,0764
-134,5830	-276,6465
-147,1003	-249,1214
-129,6675	-247,0900
-128,8814	-255,8714
-126,4563	-239,5529
-125,2766	-233,3926
-118,9197	-230,3122
-128,2911	-232,6714
-101,8802	-220,2849
-115,2494	-201,9350
-105,0257	-203,9011
-99,1929	-210,1266
-96,8337	-189,0240
-96,1126	-178,4728
-92,2460	-173,3608
-87,2651	-166,4793
-84,9060	-159,7291
-83,3984	-151,1436
-79,9252	-145,3763
-80,9081	-137,7740
-89,8209	-127,7469
-71,0121	-126,8292
-83,1363	-114,8360
-78,6143	-105,7265
-90,0831	-105,2022
-70,7500	-94,9783
-87,7238	-88,2282
-74,6166	-93,6675
-80,9080	-85,4099
-79,4007	-75,3174
-73,3712	-86,4583
-64,5896	-66,6664
-66,6865	-70,3366
-64,7860	-71,0572
-62,2955	-66,1420
-62,5577	-61,0301
-49,7780	-51,0688
-55,8074	-58,6054
-46,7633	-57,7531
-41,4549	-45,1703
-36,3431	-40,5828
-43,4864	-54,6728
-31,7554	-36,5193
-45,7144	-37,5024
-27,3644	-34,5531
-31,0999	-33,9634
-34,5734	-33,6355
-33,7212	-17,0550
-27,6921	-18,8246
-35,9496	-34,7495
-40,9304	-12,3362
-34,4423	-10,3703
-38,1124	-22,6909
-38,2434	-11,0911
-46,4355	-20,7249
-39,8164	-5,9137
-44,9283	-12,5986
-44,7972	-25,3123
-49,8435	-12,2707
-41,1274	-19,6108
-61,6400	-20,0694
-44,6007	-16,7927
-49,3193	-20,2660
-57,4458	-10,7633
-44,2074	-10,6322
-50,9578	-14,6954
-45,9767	-1,9158
-37,4573	-0,7363
-42,0446	1,8199
-42,6343	12,5022
-26,3815	3,8515
-43,0275	7,7838
-21,2039	7,3250
-29,0683	7,0629
-12,6843	20,3667
-22,5802	17,6140
-16,3542	14,0097
-15,6332	9,4878
-17,0096	17,5487
-18,6478	13,0923
-19,0410	21,6775
-12,6840	8,2428
-19,5654	28,3623
-21,9900	27,0514
-14,9778	14,1410
-14,1914	26,7240
-24,4806	32,7530
-16,7473	18,7940
-14,7158	19,9737
-18,5824	18,7285
-22,8423	18,4008
-19,0412	22,2018
-26,3812	15,0584
-16,8785	20,4324
-23,6287	19,4493
-16,0265	5,6867
-18,1892	23,1194
-11,8978	28,2964
-21,0727	11,1918
-12,4876	21,6775
-20,0896	27,1825
-12,8808	25,5441
-19,2377	24,8232
-14,6503	10,8642
-20,3518	34,7849
-24,8082	36,0298
-9,5384	26,0030
-14,2570	28,6245
-8,2277	26,8551
-17,9270	36,2922
3,5031	27,7726
-23,4320	28,6246
-3,5091	40,6176
-21,9247	37,6029
-20,6139	26,7240
-11,3079	24,4959
-19,2379	35,5714
-18,4512	32,7533
-23,8254	29,6076
-22,4490	25,0201
-25,2671	37,7340
-18,6480	37,6028
-32,1483	25,2166
-19,5654	31,9668
-25,3326	18,9251
-17,8615	20,4325
-20,8106	21,5465
-9,5384	17,6144
-18,6479	23,2504
-9,4729	18,7283
-19,9585	11,3884
-13,7327	22,5295
-19,4998	11,8470
-22,9732	12,5024
-7,8344	17,1555
-29,0682	13,5509
-14,9121	16,0413
-14,3226	20,6942
-13,2739	9,6843
-19,1066	12,0437
-8,3586	10,2741
-19,8930	5,7523
-1,3462	18,6627
-4,4266	16,1068
-3,7056	6,2111
-8,4895	17,5487
-1,4118	11,5849
-5,7370	16,2381
-2,9191	22,6604
-4,2296	15,0583
-1,2151	21,3497
-2,7223	17,6797
-13,8636	14,4685
1,9307	11,0606
-13,0117	16,5656
-10,4556	14,2718
-12,3564	16,4345
-6,9169	8,6358
-23,8252	17,7453
-21,0726	26,1994
-23,4974	9,8810
-4,3611	19,1218
-26,0534	27,3136
-11,7665	15,6484
-17,8614	28,3623
-16,3541	24,2990
-19,6306	23,6436
-5,2129	26,2650
-6,5235	15,1895
-7,9653	26,1995
0,8821	20,3667
-8,0309	13,5510
6,6494	10,9297
-3,0502	8,1771
-1,1495	12,5024
-9,6037	9,0945
-1,9360	9,3567
-8,4241	11,2573
-2,3293	11,4537
-11,0455	7,7838
-10,2592	18,9248
-10,7834	7,5870
-9,6039	5,6211
-15,6330	7,8492
-22,2522	7,8493
-7,6376	13,2886
-16,0264	6,3418
-18,8443	3,1306
-12,8805	8,9634
-2,9192	10,6016
-11,7009	-0,4084
-3,3122	7,2593
-1,4118	-0,6050
9,2706	14,5993
-10,3245	3,5236
10,3194	-14,8917
-0,2320	10,0775
6,9771	6,7349
6,5184	-11,9426
11,3679	1,3613
0,4236	3,1961
2,5862	0,9025
-0,1007	10,3395
1,6031	-3,5540
0,6201	7,0628
-6,2612	2,6718
5,8629	-5,0612
-3,8364	12,5678
14,9068	10,0773
7,4356	0,7714
9,2707	4,7035
-0,8873	-3,2264
11,5645	4,9002
9,9915	-0,3427
-4,1642	-5,7165
0,2270	8,0458
6,1904	1,8199
-3,5087	6,3419
-4,5574	9,9463
5,0109	0,3780
-4,3609	2,2131
-2,6567	4,8344
-3,1812	-7,8139
4,8797	3,3272
-8,3586	3,0649
1,4720	-7,6828
-3,0501	2,5408
4,9453	-4,6683
-8,7516	-3,4885
9,3363	7,1282
-6,1958	-1,7847
0,0303	5,3588
3,1759	12,1743
-5,7370	1,8199
-10,8486	9,3565
-1,6737	15,1891
6,3872	4,7034
1,1442	7,1284
1,6031	1,6889
2,2584	7,1284
5,8630	15,0582
12,6131	7,9149
17,3972	20,2356
7,1082	6,0142
12,9410	3,7207
16,1522	11,7814
20,0842	4,7035
1,8000	5,5555
21,6572	-0,5395
9,8607	-5,7168
12,0234	-2,5712
13,3997	-11,3531
9,2708	-23,6736
6,4530	-2,9645
7,6324	-12,0086
7,4360	-12,8604
1,7998	-10,8944
11,1059	-21,6423
3,5691	-12,2050
13,7928	-13,5158
4,6832	-24,0670
8,0255	-10,1078
-3,3777	-9,7802
-2,5257	-7,6829
-1,6736	4,7687
9,0085	2,6060
-0,3629	2,0819
7,6324	-2,1123
1,7998	-0,2117
5,1421	9,2253
5,7976	4,9655
12,0888	-0,9981
14,9725	2,4752
5,7319	7,9147
12,2857	4,7034
9,6640	3,4582
10,5161	-8,4692
6,7150	0,3781
18,3149	-1,5881
12,8098	-12,4669
15,8244	-6,4377
2,2586	-4,0130
14,1205	-9,8457
3,9625	-10,4356
10,5159	-16,4648
4,5523	-12,4672
5,2076	-8,7972
6,8460	-12,6638
6,1249	-5,5204
0,1614	-7,0277
-2,3292	-3,8163
3,7002	5,0309
-5,9992	-4,8648
2,7171	2,8028
-1,7395	3,0650
-5,9992	-3,6195
-10,7177	7,4560
6,4525	10,3394
-9,3416	-5,0614
-10,1280	4,1792
-12,2906	3,4582
-5,1474	-0,0152
-12,4872	-0,8016
-4,8197	-1,8503
-1,6084	-3,7508
-11,1768	-4,0131
-11,4387	-18,6930
-14,9778	-4,7995
0,6197	-5,5861
-21,1382	-18,4966
-5,7372	-13,5813
-15,1089	-17,9723
-5,2785	-22,5596
-16,2884	-12,4672
3,7655	-19,4140
-13,9292	-6,4378
-8,8172	-10,4356
-6,9822	-15,1540
-0,6909	1,4266
-11,9630	-0,2775
-7,3755	-2,3090
2,9136	-4,1440
-7,6379	-4,0129
-3,6399	-2,0468
-7,9000	1,6231
-0,2977	-7,8795
-7,8345	1,1645
-4,8852	2,9993
-10,7835	-5,5203
-2,1328	-0,8016
-15,4365	-5,0616
-9,7348	0,7056
-6,9168	0,8367
-4,5577	-7,6174
-16,8126	2,2785
-12,6184	1,5575
-8,6861	-1,7847
-5,4750	2,3441
0,2923	-1,7848
-0,1665	-2,1779
6,0595	-0,3429
9,0086	-7,0931
10,0573	2,3440
4,3556	-9,6492
12,4166	-26,2951
2,6516	-0,2120
6,8460	-17,2515
4,2245	-23,4772
4,8143	-11,6809
-4,0331	-16,2029
-10,1279	-5,9137
-3,5743	-17,1859
1,4717	-24,2636
-13,2083	2,9337
-11,1111	-5,6516
-8,8828	-12,7292
-10,5869	1,6886
-10,7834	-4,6684
-6,9168	-0,3428
10,9744	3,1960
-3,0502	-5,1269
-0,3631	12,2401
1,0132	12,6988
14,7756	6,9317
-0,0353	15,8446
4,0279	8,3735
6,4529	5,8176
9,7950	11,9780
-1,2804	-1,2603
5,4042	9,2255
3,7003	5,2276
1,0787	1,7544
2,2586	8,0458
-1,1495	11,7813
7,7635	8,0458
-0,1009	15,2548
8,4188	7,6526
2,8482	16,3035
19,4943	6,6041
5,5352	4,1795
15,7588	21,4808
-1,2149	16,5655
9,6640	8,4392
6,9770	15,4515
7,6323	13,8786
2,3896	11,7814
-0,6907	16,9588
1,4067	10,2740
1,0789	19,9734
7,1083	12,9609
10,7781	0,8370
10,3850	12,3057
7,0427	8,4390
17,1352	1,8200
1,7343	9,2910
19,6256	-1,3913
14,8414	9,5532
8,1568	4,2446
14,3828	0,4437
10,3194	1,0335
0,5548	2,8684
6,3219	3,0650
6,7151	8,7010
7,3047	5,5553
4,9455	2,2130
-1,7393	4,2446
3,4382	-0,3430
-1,2807	1,8198
-1,4115	6,9970
-5,2784	-3,8163
0,2922	-3,4231
-2,5914	-10,8287
-0,1667	-13,6466
-9,6038	0,3779
-8,2930	-6,3068
-18,5821	-9,1248
-1,8705	-6,5034
-8,6862	-18,4309
-9,6038	0,7056
-8,8172	-8,4041
-4,7541	-8,4693
-8,0963	-2,0470
-7,8998	-1,3260
-5,0816	-2,2434
-2,5259	4,2447
1,2098	-4,1439
-13,8635	4,6380
-2,1980	0,5090
-1,8704	-7,4206
2,1272	15,9101
-4,1642	8,1110
-0,6253	-6,4378
-0,4942	-2,8988
6,1904	-4,5372
-10,1278	7,9801
2,7826	-4,6684
-6,5889	-8,4037
1,2098	6,6694
-0,1664	-3,7508
-5,7371	-3,3575
2,8483	1,6887
-1,0841	-3,4231
-1,2804	-6,2411
-6,9167	3,1304
7,2392	-8,0761
-0,8219	6,0141
5,8629	8,5698
-7,9652	-14,0399
12,0889	1,5577
6,3215	0,4434
7,8944	-14,1054
3,3071	-4,8648
9,2707	-4,6028
5,5353	-1,1949
8,2877	-8,6005
3,1760	-9,4523
7,7634	-0,8672
12,0889	-4,2095
-3,3122	-5,7168
3,0451	6,0796
4,2246	0,3779
11,1713	0,3779
4,2244	-2,1124
12,2853	-12,9912
-5,8025	6,9316
5,2731	0,9677
1,9307	-5,2580
2,5860	6,6695
-2,1981	-1,1949
-0,4943	4,3757
-0,1665	0,6401
-3,1158	-10,8940
-14,9120	5,2278
-7,7032	5,4898
-12,8150	-2,7020
-15,3709	14,3373
-5,4094	5,4243
-11,7011	5,6211
-7,2445	12,1746
-13,0117	6,9973
-1,9362	6,8007
-10,7180	9,9463
1,0786	-3,9472
-10,9145	5,3588
-7,0478	2,9340
-10,5866	7,2593
5,6661	6,0140
1,0788	-6,6343
-0,4941	-0,7360
6,5840	3,1304
7,5668	-5,7822
7,5670	6,3419
9,5985	10,0772
15,9556	-4,6682
12,0234	2,4098
26,5069	6,4073
13,5962	4,7690
20,0844	4,5068
7,8947	-3,7507
14,0550	9,6187
-1,3458	3,3271
11,6956	-7,0930
-5,7369	5,9487
1,4720	0,4435
-6,2612	-4,0784
1,1442	-4,9304
-7,6376	-5,8480
-13,3392	-8,5349
-7,5065	-4,4063
-5,4752	-18,8897
-6,3926	-7,2898
-14,8469	-8,4041
-12,4220	-15,0887
-17,7959	-10,6977
-7,2447	-0,6052
-23,6942	-3,1611
-1,0188	-3,6197
-19,4343	0,7712
-12,5530	3,9170
-20,3517	4,3758
-6,1305	-1,5223
-23,3009	5,8177
-16,0919	8,1769
-9,7349	5,4245
-20,6140	6,9318
-21,6624	6,6696
-24,2840	9,4876
-15,4366	6,8661
-21,0072	-3,6195
-14,7813	8,1770
-16,7474	7,9801
-13,0119	5,9487
-24,4150	11,9780
-13,6671	6,9972
-19,5654	5,4900
-13,0774	14,5339
-21,1382	-3,3574
-17,2061	14,9272
-13,1427	7,5215
-8,6864	-1,9811
-8,0309	7,5872
-5,9338	4,7689
-5,8681	-3,2264
-12,6839	-1,5880
6,9115	-3,1609
-6,5892	-4,1440
-1,2805	-4,4062
0,2266	-16,4647
11,2366	-2,9643
-8,0964	-7,2899
7,9599	-15,2196
2,4548	-11,6806
-1,6083	-0,3430
-13,2079	-7,2899
1,7997	-8,0763
4,8143	-12,4015
2,9792	1,0334
3,3072	0,2467
4,5522	-12,8602
5,9286	2,6062
3,8313	3,1960
11,7611	2,0164
-0,9528	-3,6851
11,9576	-2,6365
-3,5743	10,0775
2,9137	12,2399
-11,5697	-3,6196
3,9623	9,6842
-1,1495	3,0650
1,0130	-2,4399
-6,4578	1,6232
1,6684	-0,2119
-8,8827	3,8513
-7,4410	-5,3893
-9,7346	-15,9404
-4,1642	0,8366
0,6855	0,3121
-0,5599	-9,1249
-4,8851	-2,7024
3,1101	-8,7972
5,5350	-10,0424
-8,3586	-6,7655
2,3239	-19,3483
-10,5867	2,9339
4,6177	-4,3408
6,8458	-13,1222
0,6199	5,6209
-1,6080	5,6208
6,3871	0,8369
-2,6567	4,9001
-6,5890	4,9001
-5,1471	8,0459
-6,5234	10,7328
3,1103	2,0822
-15,7641	12,8956
0,6856	11,9780
-10,3247	6,0143
2,1273	7,4561
-2,3949	4,4414
1,7995	14,4683
-6,5234	3,9169
1,7995	-8,8624
-4,4263	7,1283
-2,9846	8,2422
-6,3923	-4,1439
-1,6083	6,9316
-11,7007	6,2761
-8,6862	5,9486
-2,0014	2,2131
0,7508	-1,4569
-5,7370	9,3566
-9,6693	9,8151
-3,9020	0,6403
-2,3293	11,4537
0,9475	-1,6535
-8,9484	-2,7675
-1,4118	8,9633
-9,0138	0,2471
3,4380	1,6889
-3,5743	5,6210
7,8288	-2,9640
-3,1810	17,2209
-1,6083	10,1429
-0,1008	3,4584
6,8458	12,8300
4,1589	8,3080
-5,4093	10,3396
9,7295	8,0459
-0,4943	-0,7358
8,7464	15,2549
-9,3416	18,5971
9,7951	2,6720
5,7972	9,4878
5,1419	9,5532
-0,9528	4,4414
12,9407	10,4707
-8,6860	3,5894
6,1907	9,3565
10,5160	1,6888
12,1543	-9,5177
-0,1663	12,1746
8,1568	2,4095
11,4992	-4,7337
13,8584	3,3271
15,3003	6,5383
10,9748	-2,1780
17,0042	-0,9982
9,7295	-7,9450
14,3827	-0,1462
6,3217	3,0649
14,5792	-12,6636
1,7341	3,6550
-0,1008	13,4195
0,8167	0,5745
0,4233	4,1136
-4,0329	0,3780
-4,1642	1,0989
-2,8532	3,7203
0,8820	-4,0784
1,2099	5,0966
-6,1302	1,3609
3,5692	-7,1586
0,3578	-8,6004
10,9747	-9,4524
-0,4941	-1,7192
12,0889	-4,1441
2,7826	-8,9937
9,8607	-5,6513
6,9770	4,8998
9,4019	-10,0421
6,6494	5,4243
13,0062	4,8345
-1,4114	4,3103
6,7148	15,7136
5,9940	-2,4398
-4,0331	12,5025
2,5206	18,0728
0,6199	13,4854
13,1373	19,3180
0,3576	14,1407
3,1760	16,5001
5,0763	19,0559
7,6977	18,1384
-6,4579	21,2185
11,8266	11,3226
-10,9800	-0,4081
-8,2273	19,2526
-15,8295	15,0581
-5,4094	-0,0149
-5,0818	17,9419
-7,7688	9,9463
-12,8805	3,5239
-9,5382	7,6526
6,1905	7,0627
5,0106	10,9294
-2,0015	4,7688
-1,0840	-3,2264
12,4820	-4,5372
0,4233	-4,0785
9,5985	-7,7485
2,7827	-4,8650
14,0549	-16,4650
2,5206	-11,5497
5,4697	-16,6616
-3,9018	-17,8412
1,8652	-13,7126
-8,9481	-13,4505
-6,3923	-25,4435
-7,7685	-12,7295
-3,5743	-14,2370
-7,3098	-16,6617
-2,7224	-15,6787
4,6832	-21,5112
-10,1280	0,7055
1,6031	-3,3580
1,0786	-21,5767
8,2876	1,0988
0,8821	-4,7996
5,8628	-6,8965
1,7341	-0,1464
9,5984	-2,1124
-3,9674	-0,6706
-1,8048	-2,4400
0,3581	-5,7167
2,4550	11,2570
7,8291	6,1451
2,5205	5,8832
-3,2464	14,4026
8,0256	0,8368
11,1057	6,5385
-4,4918	1,8199
2,9794	-8,9934
-0,1009	3,7205
5,6663	3,7858
0,6854	-8,0761
4,9454	2,8684
-4,2296	-2,3091
8,0911	-1,5881
2,3895	-8,2728
8,1566	-15,6126
5,3387	8,4389