0,3036	-13,1420
22,2583	-7,0470
-1,7935	1,8657
16,2944	-11,8313
8,6267	-1,2800
13,6073	-8,4235
9,1511	-13,4697
22,1924	-2,3285
10,5930	-2,7218
21,7993	-11,3068
14,3285	-0,1658
14,9182	-4,6877
26,7804	-0,5589
13,8041	5,1426
23,1761	-9,3407
13,7386	1,9970
34,8414	3,0455
10,1997	-3,3770
31,6957	5,7325
18,0641	-1,8697
31,1713	0,0964
20,9478	7,7641
39,7563	1,0794
16,6224	2,1936
31,1712	7,3054
20,8822	2,9145
28,4842	8,1573
26,5183	1,8659
31,6954	0,7519
21,7342	4,6183
22,2583	-4,8844
27,7635	-7,3092
5,7432	-1,6077
24,2246	-6,3919
1,9421	-11,2415
16,4257	-16,2223
1,6800	-15,2392
17,9329	-8,2925
-1,7933	-13,7321
27,0423	-14,7806
11,8380	-8,0960
21,6682	-17,8608
8,1025	-9,4066
16,2289	-14,1908
20,1612	-10,7828
19,0468	-3,7051
18,8505	-16,0259
14,7214	-15,3048
16,7533	-6,1955
9,8718	-22,1206
22,5859	-24,2832
-8,0850	-18,9750
17,2776	-22,5139
-0,5484	-20,5478
16,2288	-20,2202
-4,4805	-22,3829
20,6852	-20,4168
0,8278	-24,3490
12,8208	-21,9240
4,8911	-17,9921
6,8569	-26,1839
4,4324	-12,8802
1,3519	-20,9412
1,8110	-20,1546
-2,9080	-12,3560
7,5781	-23,1693
-7,9543	-28,0188
-2,7767	-14,1253
-10,6412	-29,9195
0,8931	-21,5308
-20,9303	-12,5525
-5,1363	-19,3028
-25,6489	-32,2133
-9,3962	-29,3296
-21,5203	-35,2934
-16,3432	-21,5966
-29,5812	-36,3423
-24,0109	-44,2720
-26,0423	-32,5412
-32,7928	-46,1729
-25,5837	-46,9592
-39,1500	-51,5469
-39,5429	-63,4088
-47,8663	-47,7458
-38,6911	-63,8678
-54,7476	-66,4889
-46,6867	-55,2826
-63,5294	-63,9988
-48,1286	-63,2124
-63,1362	-70,6181
-54,4202	-73,7638
-71,9180	-71,3390
-55,0756	-86,2159
-64,3160	-90,8688
-54,9447	-91,8520
-68,9691	-102,4034
-63,7920	-107,5809
-68,1827	-103,6489
-79,3896	-110,0060
-65,5613	-120,5573
-77,8168	-137,5312
-61,9570	-134,1233
-90,7929	-128,3565
-70,0835	-143,2331
-90,4652	-150,6385
-76,1129	-136,6142
-93,6110	-148,3451
-84,0429	-155,2919
-98,5262	-152,4739
-88,8272	-169,5133
-98,5263	-165,1225
-98,3956	-177,9021
-110,1917	-181,1788
-108,2259	-180,3271
-102,0654	-202,2818
-114,2553	-199,3326
-97,8711	-209,0977
-123,4959	-216,0446
-98,3299	-218,7318
-121,8576	-233,0187
-104,0972	-241,0141
-121,1366	-231,7082
-108,5537	-250,4517
-121,3332	-258,6436
-107,3086	-249,9930
-133,2606	-265,6563
-108,9470	-272,6686
-120,1535	-277,5185
-118,6465	-292,5263
-120,2847	-298,0969
-127,2974	-310,8766
-132,4744	-315,4642
-151,4147	-316,5131
-139,1593	-328,0475
-155,8058	-338,5987
-152,0046	-337,3538
-174,7457	-350,5266
-158,5583	-351,9029
-181,8893	-367,9594
-170,2895	-369,6632
-197,6834	-363,4377
-174,8773	-391,3560
-195,6522	-394,6327
-192,1790	-393,9778
-207,1865	-411,9346
-202,2062	-418,3571
-214,0024	-416,9812
-219,0491	-426,6151
-218,1314	-428,3192
-232,8773	-447,0625
-225,9960	-457,9415
-254,6354	-452,6989
-236,8095	-468,8865
-258,8954	-478,7168
-247,4921	-490,4479
-272,7890	-491,1035
-259,2233	-492,1523
-274,6897	-520,9883
-274,4278	-531,7360
-284,7168	-529,6394
-279,6709	-547,9239
-289,1735	-555,8539
-302,2810	-561,9490
-302,6083	-574,9253
-308,1139	-579,7751
-309,6210	-601,5331
-322,6631	-598,2564
-319,5827	-605,4002
-345,2730	-624,2091
-332,7556	-631,3525
-353,6619	-643,6079
-343,7660	-651,1447
-372,7329	-654,2906
-357,3322	-668,3809
-380,5975	-671,9855
-371,8814	-676,7044
-391,6077	-695,2511
-382,1052	-702,9188
-393,3773	-698,0039
-397,4408	-715,0434
-401,0450	-722,3179
-409,2374	-724,7430
-400,7831	-746,1733
-420,8374	-740,6684
-412,7108	-749,0572
-427,6532	-763,4751
-418,0194	-756,6595
-434,4691	-771,7985
-432,3719	-771,9951
-449,8044	-775,7308
-429,3574	-792,6390
-448,3628	-787,2651
-435,9767	-794,9986
-448,2973	-800,0447
-443,3168	-792,4428
-448,3628	-810,0720
-446,5937	-809,2855
-454,1955	-798,8655
-456,2928	-811,5140
-441,0883	-816,1013
-456,7517	-812,5626
-443,1855	-811,6450
-456,5550	-807,1886
-431,3234	-813,9388
-446,2657	-807,9749
-428,8330	-805,4847
-434,6657	-807,6472
-423,6556	-802,1422
-435,0586	-800,7004
-418,3471	-799,5207
-422,6722	-788,5763
-407,5992	-797,9478
-418,6744	-801,6176
-409,3030	-788,9692
-410,3513	-790,7386
-408,5820	-783,4640
-395,9989	-775,0754
-408,5165	-772,8471
-392,4598	-769,6357
-409,8925	-757,1183
-378,7628	-753,3825
-393,4430	-742,8967
-376,7966	-735,1633
-387,2824	-730,1169
-366,8351	-710,9804
-375,4200	-710,6526
-350,1234	-704,2297
-362,9680	-688,1078
-349,0744	-679,9157
-333,0179	-665,9563
-330,0035	-665,1698
-326,8572	-656,6498
-318,8620	-632,5327
-308,9658	-638,2997
-324,0392	-626,9617
-292,5816	-610,6432
-310,4731	-605,0724
-296,1859	-584,5596
-307,7202	-585,2147
-279,3432	-568,3717
-292,9091	-553,6260
-276,3285	-559,0652
-283,9305	-533,9646
-266,5636	-521,4473
-283,1438	-506,5049
-259,2888	-488,5480
-253,2593	-490,3173
-255,7499	-485,4018
-254,2419	-469,5421
-236,3510	-469,7385
-230,9113	-460,1701
-252,1448	-445,5556
-222,1291	-448,1114
-236,7439	-447,6524
-211,0536	-433,8897
-237,8578	-422,0277
-213,7404	-412,5904
-221,1460	-407,0852
-206,2039	-401,1867
-219,5074	-384,5405
-195,9802	-386,9652
-207,9075	-374,9717
-198,1428	-352,1653
-194,8001	-351,9032
-182,6762	-350,2644
-175,8602	-341,2858
-184,4455	-327,7198
-173,0419	-324,4430
-175,9256	-318,6101
-161,5075	-317,6269
-172,7142	-302,9468
-150,4974	-298,4248
-171,0101	-286,5627
-144,8612	-280,9920
-163,7355	-274,5694
-143,1573	-265,8530
-151,8734	-264,6731
-134,3099	-252,7453
-148,8586	-232,6914
-130,0499	-245,9295
-130,1152	-227,5792
-128,7392	-221,0912
-123,5614	-217,3555
-129,3288	-214,5373
-111,6339	-209,4255
-133,0643	-198,4809
-108,8812	-187,4054
-125,3310	-202,4129
-99,1818	-187,3396
-114,3207	-183,6696
-94,3977	-186,8151
-108,8155	-171,0865
-85,7469	-171,9384
-93,2833	-166,5643
-74,2125	-156,0785
-84,2392	-162,3043
-75,1954	-150,1145
-70,4764	-137,5971
-69,6248	-149,0002
-68,5103	-135,0409
-66,8066	-124,8173
-60,9081	-126,1935
-75,2607	-116,8217
-52,0607	-112,1031
-73,5568	-115,9041
-53,2404	-98,7992
-73,6222	-104,3698
-54,2890	-105,9424
-69,4933	-89,6240
-50,6846	-95,5222
-66,6751	-92,6385
-51,9953	-92,1141
-60,8424	-84,8396
-53,3715	-76,2545
-54,3543	-90,6722
-53,0439	-75,5988
-58,2864	-70,0284
-55,3376	-75,7299
-47,9973	-62,6226
-58,6145	-60,5911
-47,4731	-66,0959
-63,7261	-52,3990
-44,7206	-56,3966
-63,8571	-45,5175
-36,0699	-34,1143
-63,4638	-43,4204
-35,2178	-45,0584
-37,3149	-26,2497
-34,1693	-35,0314
-46,4896	-24,4145
-21,2586	-23,4970
-33,3170	-25,0698
-33,5136	-11,7005
-22,9621	-16,0916
-28,1397	-20,8100
-19,6852	-16,5503
-24,8628	-22,7762
-11,4934	-23,4969
-39,4116	-16,7469
-0,2211	-27,1670
-22,8967	-15,8292
-10,7069	-14,4530
-24,0760	-12,4868
-5,0054	-10,8484
-17,7191	-13,5354
-14,4426	-5,6710
-25,5179	-7,1128
-15,8188	-7,9647
-20,7338	-2,1975
-30,1713	-15,8944
-26,6975	-9,0130
-28,4674	5,9291
-25,6491	3,1766
-38,6910	3,7665
-23,2899	12,7449
-36,8561	12,6138
-18,5715	10,5168
-45,7033	12,2207
-20,9307	14,7767
-45,8998	17,2014
-20,6030	9,5338
-37,5768	6,3226
-23,4867	12,9416
-32,2027	18,5776
-21,0619	3,0457
-18,6368	9,6647
-31,0888	8,5506
-21,6513	6,9122
-26,8945	-0,0346
-16,4085	8,7473
-31,6130	16,8080
-11,0344	4,6184
-24,9283	7,8954
-7,3645	13,9246
-24,0107	13,4658
-6,1849	13,0726
-21,9790	13,2038
-9,5929	13,7936
-19,6853	22,1166
-14,4426	16,0218
-25,7146	25,5247
-19,2923	33,1921
-20,4061	23,4929
-20,7996	24,2795
-13,7870	18,9710
-24,9283	7,8302
-22,1099	26,9665
-13,9182	17,6603
-7,2989	16,2843
-26,1078	33,7822
-8,3474	17,5948
-20,6027	21,4615
-2,5149	31,7505
-24,7315	24,0173
-12,6075	25,9179
-17,5226	22,9032
-20,1443	18,1191
-27,9427	38,1731
-20,0132	16,3494
-14,7701	10,7792
-24,5352	27,2940
-14,5734	20,0850
-25,0594	12,8761
-9,9859	12,2207
-29,7124	6,3881
-9,3960	17,0704
-28,8604	10,5167
-8,6097	9,7959
-27,0254	19,1019
-4,6121	8,6162
-24,0762	10,7135
-7,9544	14,8421
-14,5079	7,3056
-10,3137	20,0196
-7,5610	13,2693
-3,3669	15,8253
-5,9225	19,4298
-10,3792	19,6263
4,3667	12,6796
-6,4471	25,5901
-0,8107	16,1528
-15,3598	13,3350
-2,2525	12,5484
-15,6876	12,2863
4,2354	17,6601
-29,5155	6,5846
0,3688	11,8276
-16,7361	18,9052
-11,6900	16,8081
-24,3382	18,3155
-11,5590	17,0047
-26,5009	9,4683
-19,2923	18,0534
-18,5055	13,7280
-12,6077	12,4175
-12,8040	25,1969
-25,3870	16,9392
-1,0074	18,7744
-26,6321	17,5946
3,3836	6,9124
-10,5104	16,3495
-5,0051	9,7958
-24,4037	6,1914
-1,2040	10,5168
-19,1609	4,0287
-11,5588	9,3372
-13,6559	11,8275
-13,3940	12,1552
-21,1924	7,8298
-11,6245	17,9224
-18,3744	14,5144
-13,1318	15,3666
-0,8763	8,9440
-14,7047	15,8910
-10,8378	24,4759
-21,1270	15,4320
-0,4831	19,2332
-20,9960	24,6725
0,1067	13,8591
-23,2897	18,8399
-0,4831	14,3834
-16,5394	11,8930
-0,6798	10,3855
-15,4253	0,4897
-4,9396	3,1767
-9,6580	5,0115
-5,7915	-15,5012
4,3012	-0,0347
3,2523	-8,5546
-1,8592	-18,9747
-7,2988	-6,3919
7,0536	-17,7297
-11,8208	-22,9069
9,6751	-3,2462
-10,5102	-15,8293
3,9079	-11,2415
-18,1777	-7,1130
-0,0898	-9,6032
-12,0174	-7,4404
-1,4662	-4,2948
-10,5100	-5,8675
-2,6459	-7,5714
-6,5779	-8,6199
-7,7577	-2,1974
-3,9564	1,7346
-6,7091	-2,7219
-5,5293	-8,6856
-7,7578	-15,6979
-11,4931	-10,9793
-27,4184	0,4893
-1,7284	-12,1591
-29,3847	-16,9430
-7,8888	7,9605
-31,6129	-7,0473
-12,7386	-8,4233
-33,6446	-6,8505
-15,4912	-4,8188
-34,5621	6,1256
-23,8144	-3,4427
-21,3894	-4,0979
-28,8607	1,8002
-20,7338	-7,3093
-25,9115	-1,8042
-16,4739	-2,6563
-11,1003	-6,6538
-8,5441	-2,0008
-21,7169	-2,1974
-3,2356	-3,1149
-13,2626	10,7787
14,0658	-0,6901
-11,2311	2,7836
-1,0073	10,2545
-14,7042	5,7980
6,4638	2,2592
-7,8229	3,7009
7,1191	0,9484
0,8935	8,6160
2,9249	-2,1975
10,5274	-3,9012
8,3644	-1,4111
12,2313	-13,2074
8,4300	-2,3939
16,3600	5,6012
0,6312	-8,8167
16,0324	0,8171
2,1386	5,4702
20,6853	-4,6223
10,1339	-0,4280
19,8332	-0,7557
1,0901	-1,8042
14,0005	6,1254
9,9375	-7,9646
24,9448	-7,3748
4,4324	-0,6246
8,8886	-5,6053
7,1849	-2,9184
-0,8108	-8,2268
10,7239	-12,9452
-4,0876	11,3685
5,0877	-8,8166
-8,7406	4,0942
7,2503	9,2714
-13,5246	8,0919
12,6898	16,4805
-15,0974	6,4534
16,3598	14,0557
-1,0727	24,4758
13,4761	3,8320
-5,3324	1,6696
18,7191	17,2014
11,4448	7,8297
13,3452	8,2886
16,1634	7,7641
6,3328	5,7327
15,9668	12,5483
6,6605	4,2253
12,2967	7,8298
-7,0365	19,2328
12,0346	4,2251
-4,6773	1,4728
6,9227	4,0284
-8,3471	-5,0154
15,2457	1,6692
-0,2863	-7,1127
9,7407	-11,3069
-0,1551	0,2272
11,5102	-12,3557
9,2166	-13,9284
14,9179	-12,8800
11,9691	-11,3072
6,6604	-10,9139
6,4641	-12,6179
-0,0243	-11,1760
5,0221	-4,3603
-15,2286	-11,6347
2,4007	-12,6831
-17,3913	-0,2970
-0,8107	-4,5568
-11,7552	-2,5251
6,8568	-8,4232
-10,3134	0,5551
0,7619	4,8803
-14,9664	-8,7510
1,2207	-1,4765
-9,4614	9,3367
-7,5612	-5,8020
-19,1606	-3,7047
-12,8695	6,4532
-5,5294	-0,6902
-27,4841	5,4047
-9,9858	2,5212
-24,9938	8,3540
-9,1995	14,8419
-29,5813	11,1065
-10,7069	6,7157
-33,0545	22,8376
-1,5973	10,4513
-22,5688	16,8739
-5,3984	16,0218
-13,5247	17,2671
-0,1556	22,4444
-10,2478	12,4173
-8,5441	9,2063
1,5487	25,3279
-4,1533	16,3494
-4,9392	16,4150
-14,7699	14,8421
4,4979	5,6016
-5,2017	19,0364
8,3645	-0,1657
-12,1483	4,6186
11,7723	20,0193
-4,2840	9,5991
20,9472	-0,4277
0,8933	11,2376
16,4907	7,3710
-0,4829	13,5970
8,2987	8,2230
-0,7449	12,6140
6,8569	16,2839
2,7940	13,9246
6,9880	9,2061
8,1023	7,8953
-2,4491	-2,9181
6,7262	4,6186
1,7453	3,5042
11,9689	1,9970
-6,8398	6,9120
17,9982	-3,9014
-8,0852	-5,3432
6,7260	-1,6733
-9,1992	-11,5692
8,6919	-13,0765
-8,8715	-4,4259
3,3834	-14,7150
-4,4151	-17,2709
-0,8109	-13,2733
-2,8423	-16,0913
-9,7893	-10,8484
-1,4004	-15,4360
-11,6898	-17,9261
2,9249	-7,2439
-14,7044	-14,3218
4,1045	-13,4042
-9,2649	-9,6687
4,9564	-5,4744
-13,0004	3,2419
4,8254	-8,2269
-5,3981	-13,8627
6,1360	4,8147
-6,3810	-12,0935
14,6556	-10,7826
4,4324	-2,0665
7,9055	-5,8675
10,0686	-2,2630
10,5270	-1,6078
14,2629	-15,8944
3,7769	-0,9523
12,0346	-9,0132
-1,6625	-3,9669
14,8526	-0,3626
-10,9687	-3,7049
17,3429	-0,7557
-5,8569	-6,1296
5,2186	-5,2776
-7,2986	0,9483
-0,8107	-0,7556
-4,8083	2,4557
4,0387	11,4339
-8,8715	-0,8867
-6,3815	1,4072
-6,6433	10,1233
-8,3476	4,5527
-4,2841	-0,1003
-15,6876	-2,6562
-10,8377	1,4070
-20,9304	7,7640
-5,2671	-9,4064
-14,7700	6,5190
2,5315	4,3561
-22,4375	-0,0347
2,3350	1,8659
-5,7260	0,0964
0,9587	7,8953
-9,0026	10,4511
0,3688	-1,0177
-5,4637	11,8274
-2,2527	7,6329
-4,4152	-1,3454
-11,0345	-0,7556
-1,8592	-2,0663
-9,9860	-1,9353
0,7623	-0,3625
-9,0028	-4,4913
7,3813	-7,9647
-7,2988	-2,9185
4,3011	-9,3411
-6,2501	-13,9940
11,9031	-5,1469
-13,5902	-22,6448
3,7767	-12,2244
-12,1484	-15,3048
-4,6775	-8,7511
-5,3981	-0,2970
-9,8549	-5,8676
1,6797	-12,2243
-8,6098	8,2227
-0,4174	-10,3239
-10,1171	-3,6391
-2,9078	1,2759
-22,8964	-1,5421
-2,2524	3,7663
-21,7823	1,4070
2,1384	-11,6345
-25,5178	3,5043
-4,1531	1,0793
-10,5757	-0,9521
-9,9204	-0,1657
-14,1800	0,7518
0,2376	10,9099
-4,4152	4,9460
-7,9543	-1,4764
0,8279	6,4533
5,3495	-6,5228
11,5102	-7,7678
0,4345	1,0138
14,3939	-7,4405
1,8764	-7,1782
19,6367	-0,4281
-6,8397	-12,1590
18,5882	-1,9354
4,3013	-9,7343
19,7676	-10,1928
-11,2961	1,2103
13,0174	-12,8800
6,9226	-13,1420
-4,1532	-0,1004
-1,4003	-5,3433
-3,0392	-5,2777
-9,1992	-10,2584
-14,6390	-1,4110
-5,8571	8,0260
-24,6661	-2,3286
-7,1678	-11,2413
-30,6299	5,2737
-7,1024	0,2274
-29,4502	3,1110
-6,5126	1,2104
-15,0977	3,7008
-7,8234	6,5844
-17,5880	-3,8358
0,4997	-2,5905
-15,6874	10,1888
-4,3498	-1,2144
-14,1799	-1,2798
-1,0730	-1,0834
3,6457	-1,3456
-7,6267	-6,3262
0,1069	-10,8482
-9,5272	-12,7487
-2,9733	-5,0157
-11,8208	-11,8315
3,4492	-23,0379
-5,9882	-14,0597
4,5632	-19,1059
-19,1607	-13,6664
5,7429	-12,0937
-8,3473	-17,7297
-0,4176	1,9966
-4,1529	-15,7637
12,0996	-17,2706
-0,6141	0,0962
-3,9566	-7,3094
2,4663	-6,4572
-1,4007	-5,8019
1,6797	0,6861
-10,8378	-0,3624
8,1677	-0,9522
-19,0954	4,0286
-0,2207	6,0601
-14,7044	0,9483
8,9541	-2,3284
-12,8694	3,1111
0,6965	6,4533
-11,2309	7,7640
1,7450	-3,4427
-10,0512	0,0965
0,6309	8,5504
-5,9879	-2,0664
-8,9373	0,0309
-1,2693	12,2204
-7,4301	1,0137
-6,7743	4,9459
-2,1871	-3,3771
-1,1384	-4,2290
-14,8354	8,6814
11,0513	-3,3117
-11,4277	-9,4719
8,4298	0,9483
-15,2942	-3,1150
13,2795	-6,4573
-10,5756	-2,6562
8,9542	1,6036
7,5780	-1,2800
13,2139	-7,8336
7,7093	-3,9669
16,4909	3,8318
26,5182	-6,9162
13,4763	-7,5058
27,1737	6,0600
17,2775	-2,3942
23,7659	6,5188
10,9206	-2,3286
33,4651	2,6522
12,4280	5,4702
28,2877	-0,3624
14,8528	-0,1002
27,8944	8,7470
14,0008	-0,0349
23,9622	-2,7217
17,6053	-4,6879
24,7484	-11,8313
15,0493	-14,9115
9,0198	-15,6980
17,4086	-16,1566
2,5972	-7,7028
15,5081	-17,9263
1,9418	-12,7489
16,3599	-15,7636
-6,3812	-16,2878
18,8503	-3,2462
3,0561	-13,5353
21,6682	-8,6855
-9,0025	10,7131
15,6389	-8,3579
4,1047	-14,0592
16,1631	7,5020
-2,6454	7,5019
9,5440	4,5529
4,8257	-1,0178
19,2432	10,1890
4,6291	7,7640
8,1023	-5,4742
13,6729	-1,3453
-4,9394	5,2080
12,5588	0,0308
-5,7915	-0,4935
7,3158	4,2906
-15,7530	-4,9500
-0,0898	5,1426
-17,0637	1,5380
-3,4323	-6,4573
-14,5078	4,8149
-3,3012	-5,0811
-8,9372	-9,0131
-4,3498	6,3876
0,3036	-11,5037
-5,6605	-9,0133
3,3183	-10,0619
-0,8108	-9,0788
9,8719	-2,1978
-3,6943	-21,0064
11,9691	-15,1080
7,1193	-2,3287
23,0446	-7,8337
6,8573	-5,5398
25,7316	-8,6200
7,2506	-8,8166
22,3238	3,2419
12,4279	-13,9284
25,7316	-7,3092
12,8867	1,3414
17,9984	-2,3287
22,7827	-8,4891
20,2264	-7,7681
17,6054	-11,9624
20,2920	-2,7218
25,5351	-16,2222
7,1849	-1,3455
18,1952	6,7152
5,8742	-15,5014
15,1804	-13,6661
-1,1381	-3,6393
17,2773	-10,5861
1,7453	-6,5228
9,8716	-5,0156
-4,9394	-6,8504
0,1722	7,7640
-7,5608	-4,0325
-0,9419	-9,8650
-0,2864	9,6646
-8,9374	4,4872
-2,3179	5,7981
-6,8402	8,7471
1,5486	9,1404
-15,3598	10,1890
9,2818	5,7982
-23,6173	6,2570
-4,6118	14,7766
-25,3868	11,5653
-3,7599	4,2909
-19,7507	13,0071
-9,2651	12,3517
-17,5880	12,2207
-10,1827	7,3055
-14,0490	17,9879
-7,1025	21,0679
-10,7066	5,7326
-5,0709	2,1939
-3,8253	12,6139
-12,8041	10,7789
-5,0049	15,3664
-8,3475	6,8467
7,8400	8,6162
-15,9496	16,0872
6,0051	8,5505
-8,0852	5,6015
2,9249	16,2182
-9,9855	-1,0833
25,7969	0,5553
3,6459	1,9314
17,2774	3,0456
10,1341	-0,5590
20,6196	0,5551
14,2629	-2,2628
7,2503	-4,9500
17,0809	-2,2630
3,5147	-1,2145
10,6583	-2,3942
-2,2525	-9,0133
8,4300	-8,8822
-9,9201	-12,5523
8,1023	-4,8846
-9,0026	-2,3943
14,4592	-12,8145
-0,0242	-8,7511
11,9033	0,8825
5,2843	-13,9285
11,5100	-12,6831
8,6922	-1,0178
0,8932	-0,1658
6,4641	1,2105
3,8422	2,4557
3,7115	4,0286
0,4999	8,6161
7,8401	-5,9984
-4,2843	1,0795
8,7575	-0,6901
-13,0661	2,2591
-0,8106	0,6862
-10,1169	-2,7874
4,2355	-8,4233
-15,3597	-2,5907
2,1384	-3,4427
-11,6897	-2,5251
-7,2334	5,9289
-15,2941	-2,5907
-4,6121	1,5383
-8,9372	15,3007
-11,6900	10,9753
-8,9371	1,6694
-13,7216	6,4536
-5,7259	13,9246
-21,2581	18,1188
-4,2186	8,9438
-20,2750	8,5507
1,6141	14,3833
-24,0106	10,6477
1,1552	6,5846
-19,0298	12,2861
-4,0878	-0,9521
-21,7168	8,4196
-12,5420	2,7179
-14,9011	0,9486
-16,7364	12,0896
-21,7822	9,2715
-18,3092	9,9269
-10,2480	12,3517
-21,9137	6,2570
-11,6897	13,2692
-16,9328	6,0603
-1,2696	8,2886
-20,9304	15,1042
-4,6118	4,0942
-11,0999	1,7350
3,5800	11,2375
-23,2895	-0,8211
-0,2866	8,8127
-6,8401	0,3584
-2,3838	-0,4933
-12,3450	13,0069
-0,1556	0,0964
-5,3982	11,1721
2,0071	6,4534
-3,6287	4,3563
-5,8571	7,7642
0,0413	4,6184
-17,5225	-0,5589
2,7284	11,7618
-11,4276	2,7831
7,4468	-10,1271
-11,9519	8,2883
4,6943	-8,2269
-6,5123	-6,9815
7,4467	-5,2777
-4,6772	-7,6370
6,2015	-6,9161
0,8278	-11,1103
6,4636	-7,8990
-1,2692	6,5843
0,8277	-8,1612
12,1656	-5,3430
2,2694	10,8443
15,4425	-0,9521
3,8424	5,6672
12,1657	12,0896
-6,4465	10,1891
17,6707	19,4296
3,1217	6,7811
18,7193	9,7305
1,2869	18,0533
25,7315	5,2738
11,2482	6,5190
25,7970	10,9098