3,4296	-3,7705
13,1947	-13,6664
-0,6990	-8,0958
18,5687	-9,7998
2,5778	-1,4769
10,0490	-10,9140
4,2818	-13,2732
14,1777	-8,2270
3,4298	-4,8847
8,6071	-4,9502
8,4105	-7,0473
-1,2889	-3,0496
2,9056	0,7515
8,1481	5,0767
7,6240	-10,6517
3,1019	-1,3454
8,4105	5,4700
0,8737	-4,0325
8,6071	6,1256
2,9710	4,7493
13,5223	2,5212
2,3812	9,6645
10,0489	3,0455
5,6581	8,4194
18,7652	6,9120
-0,1092	0,6861
4,1507	6,6499
6,1823	5,9289
9,9176	0,6860
-6,0729	1,6034
3,1675	-5,4089
1,3981	-6,7850
0,1528	-3,2462
2,1844	-3,7049
-8,7601	-6,0643
1,8568	-7,0473
-14,9860	-9,9309
7,3618	-8,8168
-20,9497	-11,5037
1,2015	-5,8678
-3,5173	-11,9626
3,0363	-12,6179
-13,0854	-8,1615
-4,3036	-10,7174
-9,9396	-16,2879
0,3493	-10,9139
-6,5974	-11,1107
-6,6630	-13,0111
-2,0099	-17,3365
-7,3184	-13,6009
2,3810	-5,4745
-7,3185	-12,9456
-6,5974	-16,8121
-12,4957	-3,5739
1,0702	-6,1300
-13,2167	-16,4845
1,9877	-5,0157
-15,1172	-8,7513
-5,6145	-9,2757
-23,3091	-5,6711
-12,4957	-7,6372
-16,7555	-0,8870
-13,1511	-8,5548
-6,5974	-17,1398
-10,9231	-2,5253
-8,2358	-1,0836
-14,8553	-2,3289
-11,9058	-11,8970
-19,1150	-6,9817
-9,2844	-6,9819
-16,2315	-1,1492
-5,2214	-16,9433
-29,3386	-9,6032
-10,9884	-15,3706
-22,3918	-16,3535
-5,6802	-11,0451
-20,5568	-25,2009
-8,5637	-15,5671
-18,2631	-18,2542
-7,3185	-21,9897
-11,7749	-17,4678
-15,6416	-22,8418
-17,6074	-24,2180
-5,8766	-19,1718
-2,6654	-26,0531
-15,5105	-31,5580
-9,0221	-18,7131
-8,3670	-25,4634
-7,4494	-21,4657
-9,5467	-29,3955
-5,0903	-36,0801
-26,9792	-28,6745
-9,2846	-27,4295
-24,2924	-26,3153
-16,6904	-27,8227
-30,1907	-33,5898
-31,7636	-31,4926
-37,3341	-29,2645
-30,9118	-35,0316
-34,9093	-33,8520
-28,2905	-34,0487
-27,6350	-47,9421
-40,4146	-34,6385
-28,8145	-41,4543
-35,8926	-38,5708
-33,9918	-48,4668
-40,3489	-60,5908
-31,6326	-53,3164
-45,0674	-54,7584
-36,7443	-66,2927
-43,5601	-62,2951
-35,3027	-73,1086
-46,2471	-72,9774
-35,1718	-67,5381
-48,8686	-76,3199
-48,3445	-78,0239
-47,4269	-87,4610
-40,0871	-81,3006
-49,9173	-74,2885
-49,5898	-87,0681
-45,6575	-102,2723
-50,1142	-90,4104
-45,3300	-92,3111
-58,4372	-104,8940
-42,7086	-111,5787
-61,1243	-107,1222
-53,9808	-98,8651
-67,7433	-120,3609
-51,9493	-131,6328
-67,0880	-122,4578
-62,4350	-121,9993
-59,7479	-120,6886
-61,0588	-127,1112
-64,7286	-133,4681
-57,8476	-128,7495
-60,4033	-129,9949
-61,1245	-140,3493
-59,1582	-122,6547
-69,0543	-130,9125
-65,9085	-132,1575
-77,8361	-139,6287
-67,3503	-148,8036
-87,0112	-144,9370
-75,5424	-152,0806
-83,9311	-151,5563
-78,7539	-151,0322
-91,9921	-158,3068
-86,9459	-175,6082
-91,9922	-170,1689
-96,2522	-172,0695
-94,5481	-181,4412
-91,2717	-176,1329
-103,4611	-189,9611
-109,2940	-183,8007
-102,7402	-189,9613
-116,3064	-199,7915
-108,0487	-188,3229
-119,7143	-196,1219
-116,0443	-203,5273
-122,7946	-206,0177
-114,0129	-208,8358
-137,1471	-209,8845
-130,2657	-220,3703
-135,4433	-221,7465
-137,4095	-219,5841
-144,9460	-236,3613
-146,3880	-240,8177
-144,8806	-241,0144
-160,4784	-247,0438
-151,1065	-248,8788
-153,2696	-250,1897
-155,4976	-265,2629
-165,9835	-254,5151
-155,4321	-265,6564
-162,2480	-276,8629
-154,9079	-274,5038
-172,7336	-294,1647
-152,5485	-287,8733
-167,2287	-288,6600
-149,7962	-306,1581
-167,6875	-304,1267
-167,0976	-316,7752
-169,2602	-327,9818
-168,4740	-314,5472
-171,8162	-332,3075
-165,2629	-339,9097
-172,0785	-338,9922
-182,3022	-343,8420
-167,7531	-348,1673
-177,2561	-344,1698
-175,2898	-352,2961
-188,0693	-337,5506
-170,8989	-346,7258
-185,3824	-359,5706
-182,2367	-344,3008
-189,5766	-346,5947
-184,5961	-351,4443
-192,0670	-355,3109
-175,0934	-357,9323
-186,8244	-352,8861
-196,1961	-346,0050
-191,8048	-357,0804
-185,0550	-345,6772
-187,3485	-348,4953
-191,9361	-358,9153
-180,1395	-352,3616
-179,2877	-339,5821
-186,6930	-334,5359
-184,2682	-337,5505
-174,5689	-333,8147
-181,8433	-318,3483
-168,4741	-320,9042
-191,0839	-324,1153
-167,7530	-314,7436
-173,4547	-319,6589
-173,6513	-318,1514
-168,1462	-305,7653
-168,4085	-310,7461
-168,7360	-313,2364
-165,7870	-323,0011
-164,8037	-319,9208
-154,3837	-313,8260
-157,9224	-313,6295
-165,9178	-314,6779
-140,7519	-303,4713
-154,6457	-305,1752
-146,1914	-303,8644
-150,5822	-299,1457
-138,9168	-295,4102
-148,4850	-284,0724
-130,2660	-285,9074
-141,8658	-282,6304
-131,3800	-273,4555
-129,6759	-279,6813
-121,6151	-273,9795
-121,4839	-275,8801
-119,5179	-272,4065
-114,0127	-260,0858
-112,2434	-254,9084
-114,0782	-254,1219
-119,7142	-244,3569
-106,1482	-239,7038
-111,5222	-236,1647
-100,3810	-223,3196
-114,3402	-218,0767
-93,4341	-219,7148
-100,7742	-207,1319
-93,4997	-203,5273
-98,6769	-200,1194
-87,6670	-188,2573
-103,7231	-189,8301
-84,4557	-184,0628
-92,1888	-182,4899
-96,1209	-172,5938
-84,5865	-174,6255
-81,7687	-173,0524
-80,7200	-168,3338
-92,7131	-157,4548
-89,0429	-157,6513
-87,4047	-148,3452
-83,7347	-140,0876
-97,4318	-140,2187
-86,2249	-143,9541
-91,4025	-138,1867
-84,9799	-125,0140
-89,6983	-120,6232
-77,9675	-125,0794
-87,6666	-109,2198
-73,8385	-116,5598
-69,9063	-120,0330
-74,4938	-101,7486
-64,0733	-115,4456
-63,3527	-111,8409
-53,8498	-110,0715
-64,7288	-113,7415
-52,4079	-108,8918
-59,1582	-106,9258
-47,6894	-113,4137
-59,5514	-105,8114
-47,6237	-94,9327
-57,1921	-98,9958
-44,5436	-97,1607
-60,9275	-96,4398
-52,4078	-87,0026
-50,2451	-86,0851
-42,4465	-91,5899
-45,0677	-77,1720
-40,8080	-72,6502
-40,2180	-79,6623
-41,0045	-72,4533
-37,5309	-65,2444
-42,3151	-64,4580
-31,5671	-68,7833
-29,0114	-73,8294
-26,5209	-62,3606
-42,6427	-60,1981
-30,7806	-70,5525
-38,1862	-51,5471
-26,2587	-56,2658
-45,4606	-59,3457
-27,1762	-45,1245
-33,4675	-51,2193
-23,3097	-45,5831
-34,1229	-36,6047
-15,9041	-39,8814
-24,4892	-26,5120
-28,5523	-26,3154
-16,8212	-28,6746
-20,0982	-28,6090
-11,1195	-23,6938
-10,5954	-21,8587
-10,9229	-17,2713
-11,0540	-30,1817
2,1188	-16,2225
-11,9714	-15,5673
4,0193	-20,5479
-8,9566	-18,8440
1,9223	-18,0576
-4,3035	-18,2541
9,8521	-18,7128
1,5946	-19,1061
-4,3036	-15,3705
8,6070	-12,3560
-1,5513	-17,8608
-3,5826	-11,5694
-6,9907	-14,3220
-0,5026	-11,2418
-14,9206	-6,6544
-3,9760	-10,0622
-22,2607	-9,5379
-8,1048	-11,3729
-22,0641	-13,0112
-16,8212	-5,5402
-21,2776	-15,3050
-12,6271	-15,8948
-30,5182	-2,5910
-20,8845	-11,1764
-25,9963	-18,1885
-26,3242	-15,1084
-23,8992	-15,5016
-30,9118	-9,8000
-30,4529	-12,0938
-36,4169	-10,4552
-28,5524	-7,1785
-34,0577	-8,7513
-32,7467	-16,2222
-41,9218	1,8656
-22,9819	0,5548
-43,0358	3,2419
-22,1954	-0,1660
-28,4869	-2,7873
-26,2586	9,2057
-26,9793	9,5333
-18,0011	-4,8845
-21,9330	-1,2145
-14,5933	2,5866
-13,1512	4,6837
-8,9572	-4,4913
-21,0810	-5,2122
-16,2315	-2,7874
-6,2043	2,0622
-15,6417	-9,8652
-11,0540	0,7516
-27,8313	8,2225
-9,0224	6,1255
-27,0448	4,8148
-8,8914	0,3585
-19,7704	9,6646
-8,1706	10,5820
-17,3456	7,8951
-19,3117	18,1187
-20,8844	11,8272
-9,2847	8,8127
-12,5615	18,2498
-20,0982	11,5651
-14,1998	3,5043
-17,3457	9,9924
-16,9523	5,8635
-21,2778	11,8272
-7,8429	8,7470
-19,5739	3,5697
-10,9886	4,0285
-20,0325	6,2566
-7,1874	-1,6077
-14,0686	0,7516
-7,3185	-2,8529
-21,6707	4,2905
-4,8936	-1,3456
-17,8696	-7,6369
-10,9230	9,6645
-15,7069	5,6667
-4,5006	-5,9985
-11,4473	3,1110
-14,7242	4,7493
-14,3308	3,9630
-9,0224	6,5843
-5,1559	-0,7557
-14,5930	5,6669
-7,3185	7,7640
-13,8720	3,8974
-1,4858	9,7301
-22,6537	7,7640
-5,4833	12,0238
-14,5273	13,0069
-9,1534	6,4533
-9,6120	14,8420
-3,9106	10,0578
-12,5612	4,7494
-2,4688	7,5675
-4,5659	0,2929
-7,3840	-5,2776
3,7572	8,6159
-14,0686	-3,5084
3,4296	-8,9477
-10,9885	-4,4258
0,6116	-8,4235
-0,8304	2,7831
-5,8764	-4,2293
-5,6798	-9,6031
6,6408	0,8170
-11,8402	-2,7219
-5,8765	-4,9501
-10,3327	3,9627
2,7741	-11,3727
-5,9420	-7,7682
-1,9446	-13,2077
-8,0392	-17,5330
-9,8088	-6,3920
-1,8789	-7,1131
-13,6099	-26,0527
2,1843	-12,0280
-16,7557	-13,0767
-1,2236	-5,6055
-18,9183	-3,3775
2,1842	-12,8800
-17,4110	-1,6733
-3,1241	-7,7027
-15,3138	-9,5376
-18,9182	0,0306
-14,9860	0,3582
-11,3163	-7,6371
-24,4232	0,2272
-16,2970	-6,1953
-12,6269	-1,2801
-19,9015	-1,6079
-9,5467	-13,0110
-18,7874	2,4555
-8,0394	-4,5571
-23,7026	-10,6518
-10,3986	-3,1152
-17,4766	-8,8823
-8,7602	-9,2755
-22,1295	-8,1613
-1,4857	-6,0642
-20,1634	5,5356
-9,6777	2,7175
-16,4933	-1,8044
-2,8620	5,4702
-14,3306	1,3412
-5,6801	-11,8968
-5,0901	2,5866
-14,1343	0,3583
-1,4201	3,7661
-8,3671	-11,1760
-14,8550	-10,2583
-16,8867	1,9312
-1,2236	2,7831
-14,4620	-4,2293
-13,6754	0,8826
-18,2628	0,3583
-6,4665	0,4894
-19,6391	0,7515
-1,8134	2,4555
-7,3185	6,3876
-11,6438	4,2905
-6,5318	-0,8213
-5,3525	4,1595
-9,2843	0,9482
-4,8936	0,4240
6,4443	14,2519
-1,2892	7,2396
3,8884	0,9482
-4,4348	1,4726
8,6069	-1,2143
-7,3184	10,3855
-5,3522	8,6159
-5,6799	8,3540
7,6238	20,0193
-10,5296	12,7447
-5,1556	17,3980
-2,8619	11,8274
-0,2406	7,2400
-3,0585	23,2306
-9,6122	6,3223
-6,9905	3,7666
0,0871	16,0217
-2,2065	13,4656
-9,2844	10,7787
6,9031	12,0238
-1,4857	4,7493
4,2162	0,0308
-0,5025	7,6984
6,5098	1,3414
-6,1385	11,1063
9,8522	4,2904
-2,4031	4,2251
8,5413	8,9436
-5,2211	3,4385
-5,6144	1,1449
0,4151	1,3415
4,3470	8,8126
7,0996	10,1888
-2,9931	6,8465
7,8206	2,7178
-2,0100	5,3393
-2,2064	5,6668
-3,2551	6,9777
0,0872	8,4193
-16,6245	-2,1318
-5,4177	9,5990
-14,9862	9,9921
-7,9739	3,3076
-22,1294	9,7955
-12,4958	4,7492
-20,2288	0,0307
-11,0540	-4,2291
-15,3137	-1,8698
-4,5659	4,6836
-11,2505	-1,8700
-2,7309	-7,2438
1,2669	0,8171
-8,4981	-2,1322
-3,4516	-8,8168
1,4635	-10,2584
2,1844	-8,4235
-11,8401	-5,6055
9,0657	-12,8799
-5,1556	-5,5399
8,0172	-3,5083
-7,9080	3,6351
-1,8132	-0,8868
-1,6821	-7,3748
-2,2721	2,2590
-9,2843	6,5843
-2,2722	6,7810
-7,3838	6,2567
-6,6631	6,2568
-4,0415	14,5798
-4,5660	11,3031
-0,3715	13,6624
-9,2189	13,8590
7,2963	14,1212
-7,5150	19,5607
3,8885	12,2861
-11,0538	17,4636
8,2138	10,6477
-6,5317	17,5946
0,2839	16,2182
-8,4977	12,5482
1,1358	3,4388
-6,3351	12,8104
7,7549	10,1888
-0,8302	5,5358
-1,3547	-8,3578
-7,4492	-4,4256
1,5289	0,8826
9,5243	-20,6132
-15,1173	-13,7317
3,2330	0,4893
-14,5929	-6,3922
-0,8957	-17,2055
-8,9568	-13,7975
-1,1580	-12,4869
-14,7894	-5,0814
5,0678	-12,6180
-6,2698	-13,6664
-10,0055	-1,0180
-12,6922	-3,4429
-1,6170	-6,6540
-8,8257	0,8827
-10,7265	-0,2969
-3,5172	5,9945
-8,3672	11,6306
-1,8789	2,3245
-13,0201	12,4171
0,4149	11,7615
-7,3840	-4,6877
-2,7309	5,9946
-14,4618	6,1255
-2,2066	-2,4595
-12,1024	5,9944
-4,2382	5,4046
-10,6606	0,3584
-8,6292	5,9290
-10,9227	7,6984
-6,2699	9,0091
-9,6120	3,3076
-5,0247	3,5698
-1,9444	13,3345
-8,8913	6,3877
-0,5025	10,0578
0,6770	6,7809
8,6070	6,3877
-6,5319	10,1887
7,0342	1,7346
-5,4177	-5,7364
13,4566	-2,3941
-4,2381	-0,8212
6,3788	-7,1782
0,3494	-1,0178
5,5922	0,0962
-7,6458	4,7493
-3,3862	3,6351
-5,1554	-7,3748
1,5945	9,5334
-4,3691	2,9796
-4,5660	-7,7025
0,9392	-0,8868
-10,1366	-5,4089
-0,1749	-8,2269
-7,3186	-6,0642
-5,3524	-11,7003
-22,3916	-1,2801
-2,3376	-1,2803
-9,9399	-11,6348
1,0047	-2,3287
-16,2966	-7,7028
5,7890	-5,8676
-0,5680	-2,3943
9,1969	-9,7343
12,0150	-4,0982
12,2770	0,2926
9,5247	-19,4992
7,0342	-5,8675
18,8308	0,7514
9,2624	-7,5716
15,8816	-5,9332
8,7381	-5,2123
3,1676	1,6035
1,4637	0,6203
18,5028	-9,2100
-5,4832	0,0962
1,2014	-10,5208
-4,6312	-12,4867
3,2330	0,8825
-5,2866	-8,2271
9,0001	-11,3072
5,4612	-15,9602
1,3979	-9,4067
-2,8616	-8,5548
3,8883	-11,8315
8,6070	-15,0427
-1,2891	-7,9649
0,8738	-5,1469
-6,9250	-10,6518
9,6555	0,0306
-9,5465	-5,4745
1,3980	-0,5592
-9,6119	0,8170
8,1481	0,4894
-7,2528	2,6520
0,8736	-3,5083
-6,8595	-7,1127
-6,9252	2,6520
-7,3838	-3,4428
-0,2407	-8,4890
-8,1048	-2,1976
-11,4472	-9,2100
-2,0099	-8,5546
-17,8697	-0,9525
-0,4370	-11,3727
-1,7480	-10,0618
-3,9761	-6,5887
-13,0855	-15,3703
-1,9444	-8,0959
-13,2167	-0,4282
-4,5659	-7,8994
-13,8064	-5,5399
-6,5321	-7,5716
-10,2020	-1,8044
-15,1172	-1,9356
-6,0731	-6,9817
-7,2530	-1,7390
-9,1532	-9,0133
-4,7625	-4,6880
3,4296	-9,2101
-9,2844	-9,7342
3,6919	-2,3943
3,8227	-9,9309
-0,8302	-5,4089
-3,0585	-5,8021
4,2815	-6,2609
-14,3963	-12,4866
-7,9736	-1,8044
-16,4934	-5,9332
-1,6169	1,5380
-17,4110	2,7830
-6,2700	-4,0981
-14,3308	6,6498
-11,5129	-2,7874
-5,5490	-5,9328
-15,0518	10,6476
-0,8959	7,9606
-9,1536	7,1087
0,6770	6,7810
-9,7433	3,5697
0,1528	4,5527
-9,0224	-3,5081
6,3132	-3,6391
-14,3307	7,6985
-0,0437	11,4995
-4,2381	3,2420
-1,8787	7,8950
-3,9103	1,7347
3,1019	7,4363
-3,8448	0,5550
-2,7308	-2,5250
0,7427	9,1402
-4,4348	5,4701
-8,6289	3,6352
-6,0076	6,5843
-6,4663	10,1887
-6,7941	2,3900
-3,6484	5,0771
-16,6901	1,5382
-4,4348	13,7278
-19,0494	10,8441
-3,9761	11,4341
-21,0809	11,7618
-0,3061	8,4849
-14,8550	3,2422
0,7425	8,6160
-5,4833	16,0215
1,2669	9,0747
3,1021	1,8003
5,8544	5,2081
13,1291	10,6476
4,4128	9,3368
20,8624	0,7517
9,1967	2,0624
13,8500	1,6035
-4,5656	-1,8698
14,5708	-1,4111
-6,9250	4,6838
6,0511	8,8780
-5,0900	-1,2145
1,5946	4,6838
-6,4662	12,3514
5,5267	7,3051
-2,0098	0,2274
3,0364	9,1402
9,0657	1,6036
-6,0732	4,7494
7,0998	0,8826
6,1164	-8,4234
4,4782	2,1278
-6,7940	-5,1468
5,7235	-9,1444
-3,4517	-2,7220
9,3279	-11,3728
-1,8787	-15,1738
4,5438	-7,8993
-2,0097	-10,5863
6,3133	-5,5400
-2,1407	1,8655
17,1922	-0,2972
4,0196	-5,2778
12,0804	-3,7050
7,7552	-9,4722
6,0511	-5,9987
12,9325	-6,0643
5,0024	-7,1784
14,7674	-12,4213
-0,2404	-8,6201
6,6410	-1,7391
-2,8618	-17,2710
9,0003	-18,1884
-4,8933	-9,9310
5,9857	-12,0937
-6,2039	-10,3897
4,2817	-5,0159
-8,4321	-14,3874
11,0318	-2,9186
1,7914	-13,2078
4,9370	-15,4359
7,0343	-9,7998
10,9662	-3,2463
7,4931	-13,9286
1,3326	-5,8676
16,5371	-7,0473
3,8884	6,3876
19,0275	2,4554
2,7744	0,6861
23,0251	9,5989
-3,1894	7,6328
13,3259	-6,8505
9,0659	-1,4109
12,4082	0,3584
2,6435	5,5357
15,2917	8,0260
0,5462	-0,4281
5,3957	5,1425
2,6434	-0,1006
7,0996	-0,5592
8,9346	-6,5884
5,5923	-4,0981
9,0657	-3,3772
-2,2720	5,1424
13,1946	-5,2122
4,7404	0,0307
16,6024	-7,1783
9,3279	-3,4425
13,8500	14,9729
4,6751	3,6351
16,5369	-0,5589
2,7746	18,3154
17,1268	15,3005
4,3474	9,1403
14,8985	12,2861
12,8015	13,1380
9,6555	12,0238
10,3767	8,3538
7,6893	-0,8211
9,5246	4,2252
-5,9419	8,9436
7,4275	7,9605
5,0680	3,2420
12,2770	-2,5906
-5,5488	5,8635
10,8353	2,9142
0,1528	-0,0348
3,2331	9,5334
0,8738	1,5380
9,4589	-2,2630
0,3495	-4,0325
8,9346	-1,9354
3,5608	4,6837
2,5121	-6,5886
3,4298	-11,1105
5,9855	1,4067
8,0173	-7,1785
4,3471	-24,2177
6,3133	-11,0449
-4,0414	-5,6712
11,9495	-5,9989
1,4636	-7,8338
16,6024	-9,0789
1,9224	0,5548
12,4082	-0,8216
5,3305	-5,8676
22,3041	3,3073
12,2773	-8,5546
15,4885	-9,1443
12,6706	-4,4913
21,9765	-1,1490
21,5834	-1,4112
19,0928	-6,3264
15,9473	-7,8991
8,3449	1,0137
11,4252	-0,9524
0,3494	0,2273
5,9202	5,0770
-6,8594	2,9143
3,8229	0,8827
-8,6944	4,5528
10,1143	7,9606
-7,8424	7,8950
3,7574	10,5820
-0,1748	4,7494
9,5899	15,1040
6,1822	10,4508
-2,2066	0,0308
-3,3860	3,3077
-8,4326	8,4194
-4,2381	4,0285
-6,4010	-0,6900
-8,1704	9,8613
-18,0663	7,8951
-8,4325	3,8320
-25,5374	6,7811
0,3493	10,3855
-19,8358	11,1719
-1,6822	8,2228
-1,3546	6,0601
7,0995	10,4510
-8,8255	8,5504
6,6409	6,7810
4,6093	6,9121
4,1505	13,0724
6,6411	6,3221
7,2306	0,2274
8,9348	-1,2799
6,6408	2,5211
8,4105	-0,0349
-3,6482	-2,4597
14,3088	-1,2146
-0,5681	3,3728
3,6919	-6,4575
-7,2526	-19,9579
8,1482	-9,5377
-11,5780	-10,8486
-2,2719	-16,2225
-4,0414	-16,2881
6,3131	-19,1061
-8,9566	-16,2881
-1,3545	-17,9266
-6,9249	-16,2881
-3,0585	-15,1084
2,8398	-10,7175
-6,8595	-15,1084
11,8838	-9,0790
-2,8620	-11,2417
6,0512	-4,6225
-2,5342	-7,1783
3,9540	-6,3918
-6,8594	9,0091
6,3132	9,6644
0,2840	3,8318
2,9053	12,4826
-3,1238	8,0262
4,1505	8,6161
-1,9441	12,0239
2,1844	16,1527
12,6702	15,6285
-2,2066	17,5289
1,4636	9,5992
-10,1364	18,3155
-1,4855	19,8226
-14,6585	13,8590
-2,8620	10,0578
-15,1173	10,7787
-4,8281	14,3176
-21,5399	7,8296
-10,5297	1,6691
-19,8359	5,6014
-12,1682	14,5140
-20,0323	-1,8698
-4,4349	3,3075
-9,6776	-1,8699
-1,2237	6,6498
-6,9251	5,7977
-11,1194	-1,6732
5,6579	-1,3456
-0,1096	-5,2777
2,2500	4,2906
-9,6777	13,3344
12,4080	2,2589
0,7425	3,0454
5,3302	1,2104
-8,5634	9,7957
4,1507	15,9560
6,1823	9,9267
11,0973	13,0070
3,3644	11,1063
20,2069	6,3877
6,5756	-2,6562
4,7405	4,9459
16,0128	-6,5884
9,7210	-2,7217
4,8717	-8,2269
2,9054	-14,7147
5,8547	9,5989
4,2161	-0,1661
10,4420	-5,9330
-3,7794	5,4702
3,6264	5,3390
-3,1895	-4,2946
1,8567	-4,2946
-4,2381	-1,4110
3,3640	10,7787
-8,3014	7,6982
0,0871	-3,2460
-7,7115	8,3538
-4,1072	-0,2315
-7,9081	3,8974
-3,8451	5,7978
-1,8132	-0,7557
-7,0564	6,5187
4,4127	-4,4913
-2,8620	3,3731
0,4805	6,2566
-3,7793	4,8803
14,7673	-2,1975
-4,1726	0,1618
7,4274	-3,6393
-12,2987	-0,0349
4,0851	0,8824
0,4807	-9,8655
11,4906	-15,0427
16,1438	-12,3559
9,1969	-19,3683
11,2943	-22,5795
10,2456	-12,8147
20,7314	-23,6937
21,7143	-14,5840
23,8772	-12,0283
11,9495	-15,8948
21,4524	-11,7005
10,3767	-14,2562
20,9280	-5,8676
3,1022	-1,4113
20,5348	-9,2754
-1,1578	0,8827
0,6774	3,8972
-4,6967	-3,2461
-4,1070	1,8001
-9,9396	2,3900
-2,3378	6,9119
-14,0030	-0,6902
-21,9985	8,0916
-5,6800	12,3514
-13,8068	-4,8188
-15,2482	4,2252
-14,7897	11,5651
-3,8450	1,6038
-15,8382	14,6454
2,1843	15,1696
-13,7410	13,9245
-6,1387	20,1503
-16,4278	10,7132
-4,1071	6,7155
-11,4470	18,1842
-6,5975	6,3877
-4,4347	7,5019