30,6984	4,3464
42,3639	3,7566
34,9584	12,5385
47,8689	5,5915
37,9732	5,0675
49,2453	12,7350
44,7889	2,4457
51,1456	0,4144
49,0488	8,9339
49,3763	0,0210
53,6363	2,9046
43,6746	-5,9428
54,1605	0,6110
44,2646	-3,9768
55,6023	-5,7462
42,7573	4,3463
58,2892	-4,9599
35,2862	-5,3530
54,3571	-3,3870
40,7911	-3,7147
41,1842	-5,9428
36,5313	-1,7485
38,4316	2,1180
39,6769	2,9045
33,9752	3,2322
34,6308	2,8390
40,3321	7,3609
43,2814	-0,1757
29,1910	2,2493
49,0486	11,1620
32,7299	-8,2366
43,3469	-5,0252
29,1254	12,4727
40,7909	-8,3023
27,6837	-2,3382
31,5502	7,5574
18,8364	-12,3655
35,7446	-7,1880
33,1886	-16,7564
28,6665	-10,0062
28,5358	-13,6108
35,8756	-20,8197
37,1864	-20,6887
27,2248	-19,5746
43,7401	-30,9124
31,4192	-26,4560
42,5604	-36,4175
28,5356	-36,4830
40,0700	-29,0121
26,8317	-42,0537
33,7786	-43,6920
23,5549	-37,0076
28,2735	-47,2967
19,2296	-47,8865
26,7005	-48,0832
14,5765	-48,8697
17,1978	-46,4449
16,4770	-55,0301
13,2655	-56,0131
16,2802	-43,6925
8,4812	-57,7172
16,2146	-53,7193
-2,7910	-48,9353
7,1705	-54,9645
-11,5073	-41,8574
5,5976	-46,6417
-10,6555	-59,6831
-8,3617	-43,8235
-24,1558	-60,2076
-5,3472	-61,1249
-23,1729	-56,9309
-10,4591	-67,8754
-29,2677	-63,8778
-25,7289	-77,7715
-18,1267	-89,2402
-24,9427	-78,6891
-20,6826	-93,5004
-36,8702	-91,6653
-17,6680	-91,8621
-30,7100	-112,1127
-24,4184	-100,1852
-45,1933	-113,6203
-25,9258	-122,5985
-48,1426	-120,6327
-25,5328	-140,0314
-61,6430	-141,0799
-44,3415	-128,1042
-55,2861	-145,9301
-46,5700	-152,5491
-62,1674	-159,8239
-65,9687	-173,7829
-56,3348	-167,2951
-64,5927	-176,6669
-73,0466	-183,8102
-80,3869	-190,2330
-70,5564	-201,0464
-91,4626	-195,9348
-78,9451	-208,2557
-96,8366	-225,0329
-82,4187	-215,9236
-111,4513	-240,6308
-101,4898	-250,4611
-122,1992	-240,7621
-109,6820	-252,6899
-125,0174	-259,5711
-123,3137	-256,8189
-126,9181	-280,0844
-127,3117	-292,3394
-136,6831	-297,5171
-138,4528	-318,1610
-141,6639	-322,9453
-149,1353	-332,9725
-143,1059	-346,4731
-159,2935	-359,5150
-151,1014	-372,8846
-166,3059	-389,3342
-159,5557	-401,9174
-177,9714	-417,5806
-171,3524	-419,0882
-192,1271	-447,9898
-179,4134	-454,0846
-194,1589	-449,5632
-189,8993	-480,4307
-208,3148	-483,3143
-194,0938	-488,6887
-206,2180	-508,8738
-222,7333	-517,6558
-219,2598	-529,7146
-240,1006	-544,9846
-244,2948	-551,6696
-255,1741	-577,0320
-251,8318	-584,1755
-277,3256	-579,9161
-276,6702	-606,9826
-293,1855	-612,4877
-288,7292	-622,9737
-311,2735	-644,7974
-307,9971	-648,0088
-320,2522	-669,7670
-332,7043	-680,8427
-335,9810	-684,4475
-340,2413	-701,4871
-346,6637	-722,0000
-363,1136	-736,6147
-367,5699	-752,3435
-379,9566	-752,1471
-376,5488	-769,2524
-400,7318	-794,4182
-396,0787	-795,1394
-416,0018	-813,9485
-406,1716	-830,8569
-431,5341	-833,7408
-426,3569	-856,2198
-458,0108	-865,9193
-453,2269	-882,0414
-470,7250	-892,0686
-477,4100	-905,7004
-481,2766	-930,0143
-496,9401	-930,4734
-505,6563	-950,2001
-527,4802	-975,7592
-522,6961	-976,8736
-545,4374	-995,5517
-542,2918	-1022,8803
-572,5042	-1029,3031
-563,6570	-1046,6048
-595,7043	-1063,5132
-590,5926	-1071,7055
-623,3607	-1084,6164
-621,6571	-1103,2943
-646,4297	-1117,8436
-651,7384	-1134,1622
-668,3845	-1139,6675
-670,7442	-1162,0156
-687,9146	-1178,8584
-695,5827	-1180,3661
-695,3206	-1213,6587
-711,2463	-1218,9016
-719,8313	-1227,0285
-738,3128	-1253,6362
-730,1864	-1258,7482
-751,2236	-1281,6205
-748,9955	-1295,1864
-773,5061	-1290,2061
-763,5447	-1316,7483
-785,2373	-1320,8770
-783,7956	-1316,0933
-802,9976	-1339,8174
-796,1821	-1337,2615
-802,7356	-1337,5240
-810,6002	-1361,9689
-812,1728	-1361,3136
-811,4522	-1375,9283
-804,7675	-1389,8219
-815,9744	-1379,2053
-809,6172	-1392,3783
-820,0375	-1406,5339
-805,2263	-1412,7598
-821,2172	-1409,7453
-802,8015	-1402,5364
-822,4623	-1410,2697
-808,5031	-1407,1239
-818,2023	-1401,7500
-800,6388	-1404,7647
-811,8452	-1401,1601
-801,2940	-1405,7477
-800,1796	-1399,1939
-791,0048	-1385,8247
-788,4486	-1396,4415
-788,5798	-1389,5600
-773,5719	-1368,9818
-778,8804	-1372,8483
-770,1638	-1367,5396
-774,0959	-1343,6846
-746,5052	-1350,3691
-760,5299	-1338,0480
-744,2112	-1330,2492
-748,8642	-1319,3044
-723,9606	-1304,3621
-739,3613	-1294,0073
-720,6180	-1289,8783
-722,7149	-1268,9722
-703,4475	-1261,3043
-702,3331	-1246,4273
-699,7116	-1227,2908
-685,8177	-1224,0792
-687,8494	-1203,2385
-665,4359	-1188,0339
-669,4993	-1170,6667
-662,0933	-1148,6465
-664,9768	-1146,4180
-631,1602	-1133,2448
-642,3012	-1101,3943
-622,1159	-1114,1080
-626,3100	-1084,1576
-598,1295	-1057,8777
-603,8964	-1052,7000
-587,0536	-1025,8300
-582,8589	-1023,1428
-570,8660	-1006,6272
-570,1447	-976,0874
-554,9405	-968,4849
-546,8793	-947,1199
-546,5517	-928,4419
-531,6093	-908,5842
-533,3788	-891,4791
-512,4070	-886,8912
-518,6330	-857,4652
-500,9380	-835,9038
-514,2416	-834,7237
-479,6386	-803,2662
-486,1921	-792,3215
-477,8689	-768,7938
-480,9489	-745,7905
-460,2396	-737,7948
-458,0111	-725,0804
-451,1955	-699,5868
-447,8528	-700,1763
-447,1320	-675,8620
-425,5049	-654,6285
-430,5513	-653,7762
-416,3952	-627,6927
-423,6042	-618,9763
-400,0111	-610,8495
-408,2686	-588,4361
-378,3185	-584,4382
-394,3748	-581,0299
-372,0267	-556,5194
-382,5779	-549,1792
-358,7228	-535,4819
-363,2444	-518,9012
-350,0717	-514,0513
-344,8286	-496,1597
-329,8210	-488,8851
-337,2916	-470,0761
-318,5486	-457,3620
-310,8151	-457,5584
-306,1621	-437,7008
-286,1734	-438,2906
-296,3314	-428,0012
-271,0343	-407,7504
-275,9494	-406,5052
-261,5313	-399,1648
-265,8564	-372,5572
-241,9358	-377,0135
-244,3605	-366,9861
-233,0227	-353,6167
-230,7942	-339,1332
-220,1120	-327,5987
-217,5556	-327,5330
-203,6623	-316,5227
-202,0889	-303,0222
-196,7808	-296,0753
-191,0132	-290,7667
-186,4914	-271,9579
-164,6023	-275,8243
-174,7603	-264,1586
-159,3592	-254,2627
-169,1895	-258,1292
-154,1161	-233,5530
-160,0143	-225,0335
-145,0065	-230,6692
-148,2176	-216,7754
-139,5669	-210,9427
-135,1102	-198,4251
-125,2799	-188,0704
-129,2118	-181,7788
-121,6752	-167,6229
-114,4004	-167,7539
-107,5194	-158,4475
-97,4267	-143,3743
-108,3712	-148,8791
-83,4674	-137,0169
-102,6696	-124,0409
-89,0377	-131,1841
-92,8390	-120,5671
-80,5182	-104,8385
-96,7054	-113,0958
-75,2752	-88,3887
-91,6591	-89,6339
-81,0423	-89,4370
-90,8725	-74,8880
-77,9621	-77,1161
-77,2411	-75,6086
-75,0785	-68,1374
-68,2625	-62,1736
-70,2289	-50,5737
-63,9371	-49,4595
-75,6681	-48,1486
-57,7766	-35,9590
-57,5146	-38,9079
-50,3711	-33,0751
-61,5776	-20,6233
-41,5236	-24,0312
-56,5969	-20,1644
-44,2105	-16,8876
-55,0894	-14,3316
-51,0917	-6,7950
-48,9945	-12,3655
-41,1959	-4,7633
-43,7516	-0,7001
-38,2468	-14,9213
-40,0817	2,6425
-49,8466	-3,4526
-29,6614	-2,9935
-41,1304	14,7009
-31,6930	5,3949
-48,8634	2,7737
-29,3992	4,8707
-39,6885	-0,5686
-37,7223	17,2572
-43,5549	15,6185
-32,3485	3,7568
-47,2906	15,3566
-45,5867	7,0334
-40,0816	6,5749
-37,5259	21,1236
-41,1301	1,8560
-42,7688	-0,8962
-33,7246	8,4097
-43,8173	0,0867
-32,0207	5,5262
-44,4072	8,3441
-28,4163	3,1669
-50,4364	20,4028
-33,2003	3,8878
-43,6206	13,5217
-35,5597	20,2062
-45,5210	10,5070
-29,5304	18,5680
-45,3243	23,4175
-32,6760	20,6651
-30,4476	26,5634
-21,4693	25,5803
-22,3211	21,6482
-23,6975	27,2843
-11,8353	19,4855
-22,8455	22,6315
-12,3595	33,7069
-21,0760	30,8233
-7,3789	34,5591
-22,1245	37,5079
-11,3110	25,6462
-22,7143	39,9985
-5,8717	35,6731
-30,3820	35,2144
-30,1854	41,0471
-28,3503	38,0324
-26,4500	42,0301
-21,9278	33,9035
-24,2875	20,8621
-19,8307	42,8820
-28,6128	32,7893
-16,4884	26,4980
-26,7123	36,3282
-19,8963	18,8302
-27,8263	24,3352
-16,1607	25,3838
-27,7606	16,3399
-5,2818	30,7577
-21,9934	16,6675
-13,7358	19,7479
-20,8135	32,6582
-4,8230	16,0121
-17,4057	22,6314
-13,4736	28,3984
-14,8497	20,9928
-7,8376	24,4007
-9,6069	16,3399
-19,3719	23,8110
-3,5776	35,7384
-17,5371	21,4515
-4,6262	24,0077
-22,8454	26,9566
-11,8352	16,0123
-14,5878	28,7918
-7,8377	34,4277
-28,2191	22,8936
-4,0366	40,5227
-22,4520	31,0198
-7,1167	29,7092
-21,7311	30,5611
-9,3450	19,4200
-18,3887	17,0608
-12,4907	23,4175
-17,4713	15,8154
-22,1901	22,5000
-16,2917	8,2785
-25,6635	3,5602
-13,1460	17,4536
-27,4985	2,3148
-16,0295	-2,6657
-28,8746	15,2910
-5,8060	0,3487
-24,5493	4,5433
-14,3912	5,4606
-28,7434	11,2279
-8,8207	13,9803
-13,2771	9,5239
-16,7505	10,3760
-9,7380	23,6141
-16,4884	18,6334
-9,8690	9,1308
-14,4567	24,7283
-3,9052	19,6164
-13,9325	20,0097
-7,7719	20,2718
-6,9856	10,1138
-14,0635	18,8955
-22,1242	11,1622
1,5996	12,3419
-16,6848	3,1012
5,0075	-0,6342
-19,1096	6,9024
-3,7087	4,9361
-5,6091	-6,6636
-6,5268	0,1521
-2,3978	-5,4841
-1,6771	-4,1733
-1,0871	8,6060
-13,9978	-15,9699
1,2067	-5,7462
-4,7574	-1,4210
-2,4635	-8,6298
-19,4373	-1,6175
-6,6578	-7,7123
-23,5006	-5,9427
-13,1460	6,3124
-28,2848	0,5452
-20,4205	0,0211
-24,8769	15,4874
-16,5541	0,1521
-26,3186	7,1645
-17,8647	1,8560
-16,2261	1,1352
-24,2216	8,1474
-10,7210	-2,1417
-5,8717	1,9216
-7,5753	6,9677
-7,7720	-5,7461
4,4177	-3,2557
-17,4713	4,9362
6,2528	-3,3869
-9,3448	13,0626
2,8450	-9,1541
-5,4780	-4,9596
8,8086	0,2175
-10,1311	-3,5835
-8,8859	-1,1587
-3,8396	1,0695
-2,7912	-2,2074
-6,8543	3,2321
-9,0828	-8,8920
-7,9685	-3,8456
-17,6679	6,9676
-5,2815	-5,7463
-9,2794	-3,3212
-3,5777	5,8537
-21,4035	-0,2411
-6,4611	14,5044
-6,5267	3,6911
-9,4759	3,2324
-17,1433	18,4367
-3,0533	4,4774
-9,0825	5,1331
-2,4636	18,5676
-4,0362	6,6401
-7,6409	9,2616
3,4349	2,5114
-2,2014	5,7882
-1,0215	14,8976
-1,1528	-3,1904
11,4302	-4,7629
-7,1820	15,0286
7,9569	-5,2220
-10,7865	-4,8942
8,6778	1,4628
-10,5899	-13,8070
-6,7232	2,9701
-13,5389	5,3291
-6,0680	-4,3700
-11,7694	4,9362
-9,8036	-1,8797
-7,7717	-0,5688
-6,2647	7,2298
1,8620	-5,2874
-1,2839	0,8730
6,2530	1,6592
6,5149	-9,3506
13,9862	6,5745
3,3694	-12,5621
23,0959	-12,9551
10,3818	0,2174
19,4259	-9,8096
5,9256	-4,6978
17,6564	-4,8288
7,4984	-1,8798
13,6586	3,0354
2,9108	-17,0186
6,3840	-11,5789
-0,8247	2,4456
-3,7741	-5,6154
5,3356	-11,0546
-8,3617	-0,5690
13,3308	-11,0547
-8,9515	-9,8094
9,0054	-4,4355
-12,2938	-6,6637
8,5467	-5,6807
-3,8397	-7,9744
5,6631	-4,1733
-2,3978	2,4457
8,0224	-5,4841
2,1899	-1,5519
11,6269	-1,0932
6,5153	-9,7439
12,8721	-4,3700
1,4691	-1,1588
7,4983	-6,2706
9,5299	-3,9113
-2,5943	-14,6592
12,2824	-6,9913
-3,5775	-0,2413
3,1073	-16,6252
-2,7255	-3,1247
8,6777	-3,5181
-15,7672	-4,2388
3,8281	-5,5496
-6,5266	-9,4818
2,5829	-10,9891
-7,8372	-4,1079
4,0901	-10,8581
-1,8733	-2,6662
6,4494	-10,2684
4,5492	-14,1349
12,0201	-5,2876
17,7873	-16,9531
0,8789	-14,5935
10,4474	6,5088
3,3694	-7,7126
24,6030	-12,4308
-1,8080	3,8219
12,7412	-8,4333
-2,2011	-0,2411
11,4958	-1,4209
-7,4440	-7,5155
1,4689	15,0287
-0,2349	13,6524
1,1411	7,8854
0,3549	16,7327
4,5489	9,4583
8,4158	19,3543
0,2235	13,2593
7,4327	10,9003
-8,9514	25,6457
10,5785	17,9125
6,0563	13,6528
6,2530	13,7183
1,2723	10,5071
17,1976	15,7500
4,9423	10,4414
10,9061	10,8347
3,7628	19,6819
10,2507	8,0820
6,3188	1,5941
13,1998	12,1451
9,7267	-2,2728
13,6586	1,7905
10,1199	3,2977
5,7288	-0,3722
24,9965	5,5259
4,2869	-0,8966
9,5301	-2,9280
5,8598	7,8853
17,9840	-4,1733
-5,0191	5,1985
5,4011	14,3734
-5,6745	-0,3722
3,6970	9,9826
-12,9490	9,5237
3,8281	3,2324
-11,0484	9,1962
3,3693	5,9193
0,4859	15,4876
0,8789	14,3079
3,8938	0,0866
0,9444	9,5895
1,0757	12,8005
-7,4440	0,9387
14,9037	16,3396
-1,2839	3,1012
8,7433	-5,8769
-4,3639	16,2740
7,7603	4,5429
-3,2497	2,5771
8,4811	11,2932
4,3525	7,7543
6,4496	15,2253
9,3334	4,2808
15,6901	12,9972
16,6733	14,7666
10,1852	2,1838
18,5741	4,5432
14,4449	10,7034
13,3966	3,2979
-0,0384	7,6233
7,4983	7,8853
2,5174	-2,4038
10,1851	-5,9426
-12,6214	0,8074
7,4325	2,9701
-13,9978	0,9384
1,9930	-7,1879
-14,9808	9,5892
-0,8251	-1,1589
-12,6214	-10,0715
0,9444	14,5699
-4,8881	2,1179
-2,9877	0,6763
10,8406	1,6592
0,1580	-10,2026
8,4813	-6,0083
-5,6090	-6,9259
20,0156	-14,4624
5,2699	-9,4817
14,2485	-8,1710
2,1899	-4,3044
18,2462	0,4797
11,2338	-1,2243
18,3116	2,2493
8,8746	7,7542
10,5129	1,7905
8,9402	7,7543
14,2484	11,0311
11,8238	8,2131
8,1536	19,2887
12,6757	5,0018
5,9254	6,8370
17,0665	13,3248
5,7287	3,4946
18,9670	2,6426
-2,0701	6,9678
13,4619	-4,0422
-5,4779	4,4119
5,4665	-0,3068
-4,1017	-1,2898
-1,6115	4,2151
-10,6553	-14,3314
-7,7719	-2,4694
-9,6067	2,5111
-9,6070	-16,8875
-12,8835	-4,4355
-6,3957	-11,3825
-3,7742	-13,8071
-7,0511	-1,5521
3,6969	-11,4479
-11,1143	-0,1757
6,9738	11,1619
-4,2329	-7,8434
5,0732	-5,6150
-8,2305	-2,8625
12,7409	-1,1586
-1,8735	2,8390
6,0562	-5,6806
-3,7084	3,2979
-0,6284	8,4749
-0,0384	-8,4333
6,5149	-4,0422
0,0926	0,2831
-3,9708	-6,4016
2,0586	-1,0277
-5,3472	-6,0083
6,7117	-4,1077
-7,4443	1,5283
9,3331	0,0865
-7,3131	-1,1586
-0,6938	14,7665
-0,4972	-7,3191
7,8913	5,3295
-2,3321	-5,9428
12,0856	2,7736
-4,7569	6,3123
14,0517	-8,1711
6,5152	-6,9256
9,4642	5,9191
0,0928	-3,2559
4,6146	-2,5349
13,7898	7,5575
3,8936	-4,1734
9,6609	4,8051
-1,1526	-2,6661
7,3015	-5,6150
-6,3956	8,9338
6,5805	-4,6976
-11,3763	-2,0761
-4,9539	7,0333
-13,1457	-5,2219
-3,9053	3,1013
-13,4734	4,4774
-2,9879	-3,4524
-9,1480	7,0988
-6,5267	-1,1586
-0,2351	0,6109
-2,8568	10,3757
1,5999	-1,4208
-0,4974	4,2810
4,9421	9,1960
-5,8057	3,8877
6,3839	8,8685
-5,0193	4,6741
0,2891	10,1137
-9,9344	17,0602
1,4686	0,3487
-12,2937	2,5115
-2,2014	3,9531
-7,6406	1,7249
-5,6092	3,4288
-9,6723	-3,3214
0,0924	-0,1757
-8,2961	7,0332
-5,8714	-3,9113
10,3160	-1,1586
-7,2477	8,6716
1,5998	-4,8287
-9,2792	4,7397
4,6145	12,4727
-12,4904	-0,2411
2,4519	5,8537
-1,6114	-4,3699
-1,7425	2,3804
-6,1332	1,9215
5,3354	5,5916
-0,0384	2,7734
4,9421	-1,7484
-1,8079	2,1837
3,3037	6,7711
1,0101	-5,4186
-5,1504	-10,2680
7,1048	8,9338
-14,0634	-7,6468
1,6654	5,1328
-12,6217	9,1959
-4,1674	-5,3530
-15,0464	6,7058
-6,7889	5,8536
-17,0125	-2,9279
-5,8058	14,0458
-12,4248	-2,0106
-2,3979	0,8077
0,9446	12,4074
-3,7741	2,3149
5,5978	7,8855
4,2868	5,9849
7,4328	9,6549
-2,9221	18,1744
12,8722	5,2639
-2,9877	-0,4376
10,2507	13,9802
-3,1189	0,5452
1,5998	-4,5663
-10,5899	2,4458
-3,7742	-11,1856
-14,6531	2,7080
2,3205	-8,4988
-17,2090	-14,9212
-11,5075	2,4457
-14,9152	-9,4164
-10,2623	-14,0038
0,5512	1,2004
-14,8500	-14,6593
-4,8226	-9,3508
-10,7212	-8,3679
-0,6284	-6,9916
-9,3449	1,3970
1,2065	-15,3802
-15,6362	-7,3189
-6,2645	6,3778
-16,0949	-5,0254
-0,1698	-6,4670
-23,3693	2,5113
-4,1019	0,8729
-15,1774	-1,8796
-7,2476	-3,3213
-10,5899	-2,8626
-10,8521	0,8073
-9,0170	-8,2366
-12,7527	-3,9767
-5,0193	3,4942
-8,6894	-8,4988
2,7138	-4,7631
-18,5198	-10,2026
3,8280	-2,0106
-13,5392	0,4141
0,6166	6,1813
-15,0464	-1,4208
-1,4806	1,0696
-25,5976	-1,7485
-8,8861	0,1522
-7,0511	1,6594
-13,6047	4,7396
-13,0146	7,2953
-7,5755	-6,5981
-12,4248	0,9385
-16,9470	1,1350
-8,1651	-5,1564
-16,8160	2,9701
2,9759	-0,4379
-21,6657	-4,4354
-0,3664	5,7880
-27,8260	-5,0253
-14,6531	-6,1392
-17,3402	11,0310
-15,8329	5,9192
-21,2723	1,0041
-7,5754	9,2617
-11,4420	6,9024
-17,6024	15,2909
-14,9151	4,5430
-5,2817	-2,9279
-2,8567	8,4752
-17,2090	3,2322
9,3331	-7,4500
-12,2284	2,6424
-1,4803	-10,0716
-12,9492	-2,0106
8,4155	5,4604
-14,5876	4,6740
-5,9368	6,8367
-11,0486	-2,8625
-3,3811	9,5239
-19,1751	14,2423
-7,8375	3,2980
-9,3447	17,2571
-12,4906	9,5238
-11,2452	3,0359
-9,8691	14,7667
-8,4927	5,3294
-10,5245	0,4143
4,8111	2,5113
-5,7404	-3,0592
1,0756	-0,9621
-5,9369	-3,5181
4,4178	-4,2389
-6,4610	4,9362
6,6462	-0,3724
-4,5604	-3,0591
5,1389	16,4049
4,1559	-4,2389
3,2383	7,6233
4,9424	10,8999
7,2359	-9,7438
16,3457	5,0674
7,9567	2,2491
11,1029	-1,6174
3,7626	5,3949
19,2292	-8,2366
6,1874	-9,6127
18,7704	-0,7656
6,3185	-10,2682
15,6902	-11,3167
1,8621	-5,0254
15,6246	-8,8921
-6,9852	-6,1395
9,8575	-10,7927
-2,0700	-12,2999
7,4982	-6,7295
4,0249	-20,2299
11,2992	-18,0671
10,5785	-9,8097
9,4642	-20,3609
11,2340	-12,6276
1,5345	-11,4480
18,1153	-12,6276
16,3456	0,7417
22,3750	-12,2999
6,9085	-3,0591
22,0473	-5,4186
8,6123	-10,9235
19,7534	3,1668
3,2384	2,8389
8,2846	-8,1709
0,9447	12,7350
8,8086	4,6740
-2,0701	8,2130
-1,9393	10,9000
-9,6723	9,9169
-3,1846	6,2470
-6,3957	3,3633
-20,4205	2,1838
-5,4127	8,4096
-18,9788	4,7395
-9,6071	0,7419
-20,3550	6,5090
-13,1460	-6,7947
-20,7482	-0,5032
-10,1314	-1,6174
-28,4813	-3,9110
-13,0804	7,0989
-13,4737	3,2977
-16,4884	0,4143
-19,3062	3,8877
-17,3404	-4,3043
-13,0148	7,7545
-13,7360	23,5484
-9,8691	3,4945
-16,9472	1,9219
-4,8230	23,8107
-15,8986	10,1137
-14,1946	15,1600
-22,0588	6,0505
-7,5754	13,2595
-18,9785	16,0119
-2,2670	12,8006
-14,0633	12,2109
-2,5946	7,0335
-11,3106	3,1014
4,8110	13,5215
0,3547	3,6911
-6,3955	4,7397
7,3017	15,6841
4,6144	0,6764
7,4327	-0,9619
0,3547	16,6671
12,0202	1,4628
3,5660	8,9340
9,5298	2,7736
0,2893	0,8730
15,2969	8,7373
-9,2790	-4,0423
2,7141	-4,1077
-9,2790	9,3269
2,3862	-14,2660
-7,2474	-3,7801
-1,7426	-7,3193
-1,2837	-14,3315
0,7476	-7,0571
-0,6939	-14,9870
-10,1967	-15,7733
5,5321	-6,7295
-8,3617	-19,9677
9,1366	-22,5235
-4,9538	-8,1712
6,8427	-17,5429
-2,9877	-12,2999
7,3015	-6,5328
-4,4949	-9,2853
13,5274	-3,7147
3,9593	-11,5790
11,0370	-9,1540
11,5614	-6,5982
4,4835	-6,0739
11,0373	-1,6830
12,1511	1,8559
15,2970	-5,8118
-2,2011	1,1351
15,5592	-5,4841
9,1364	-8,1055
12,8722	0,0863
-3,9707	-14,4627
5,2700	-6,7294
-5,3469	-16,2978
5,9907	-26,7178
-6,1333	-9,9407
-1,5460	-16,7566
-8,5581	-17,8050
-1,2183	-2,2076
-7,3130	-1,4213
-2,1358	-11,1860
-2,4633	-0,1104
-1,4149	-10,3339
6,1220	-3,5181
5,2043	-6,0741
13,1343	-8,6954
0,4858	-2,2729
13,5932	-7,5813
10,6439	-12,6930
16,8043	2,9700
4,5491	-10,5960
13,5275	-8,5642
-4,9536	-1,6830
4,1559	-4,6322
-2,5943	-4,0422
9,2020	1,8559
-2,4633	-1,2242