32,9986	15,9246
25,4619	18,0871
24,0203	16,1867
22,3162	15,2692
29,7219	13,4997
20,6778	17,1698
28,8044	35,3885
26,7071	20,3808
26,7726	10,0263
20,0225	17,5629
34,9646	16,3176
12,2237	14,5481
32,6053	7,5357
22,7749	6,2905
27,7556	1,8341
22,7749	-2,8190
25,3963	7,5356
28,1489	2,2926
24,2166	-5,2440
25,3966	-4,3919
21,5298	-0,0668
33,3264	0,0643
28,2800	-8,5208
35,4891	-14,8777
30,3116	-7,3411
33,9161	0,4574
26,9694	-21,5625
44,2708	-20,4483
27,1659	-18,1547
34,2438	-11,8633
29,4597	-20,3830
40,6006	-26,8710
22,7750	-14,7469
17,5976	-17,2374
22,1853	-24,6429
23,2335	-20,4485
14,9762	-14,2884
11,1094	-18,0894
15,5660	-15,2714
11,6991	-25,1017
13,2722	-24,7739
10,5851	-21,6283
18,6460	-32,6383
12,4202	-27,4609
22,3815	-23,2012
16,7455	-32,1796
15,8280	-27,4610
15,6316	-26,6747
25,3307	-44,1072
24,3477	-40,1094
24,6097	-27,3301
18,9084	-25,8883
16,2213	-27,1335
24,0203	-33,6870
23,7579	-24,9053
32,2122	-30,7380
19,1050	-38,5368
29,6564	-35,7843
21,8574	-33,8183
29,2631	-45,0905
17,4010	-50,2022
30,7703	-52,8237
17,7285	-41,6827
15,5004	-46,9257
10,7818	-59,1809
13,2719	-63,1130
2,0653	-67,4385
5,1453	-65,1448
-1,5393	-65,6691
-6,5202	-76,2206
-7,3721	-76,2860
-17,0059	-69,2083
-12,5494	-76,6139
-19,6929	-89,0657
-16,4816	-76,6140
-16,7439	-90,5077
-9,9283	-93,4568
-24,5428	-95,7506
-24,2152	-90,2457
-39,2230	-87,3622
-30,3102	-113,4454
-36,0120	-107,4159
-44,4007	-100,9937
-58,6217	-116,0014
-44,2042	-108,9890
-57,3768	-119,2129
-58,8842	-123,0139
-57,3769	-122,5554
-69,5012	-135,0072
-69,0424	-137,8254
-77,6932	-148,2457
-72,9747	-155,5202
-80,8391	-161,2218
-67,6664	-161,8774
-84,7714	-168,6933
-80,1838	-165,1545
-81,6912	-187,8300
-81,9535	-181,4074
-95,5192	-189,8619
-87,0653	-206,9667
-94,4708	-210,8989
-98,5341	-212,0133
-104,1046	-224,9895
-101,2211	-234,4923
-101,8765	-244,3228
-117,4086	-249,8280
-111,3136	-253,0395
-115,6393	-265,0982
-116,4912	-270,5377
-127,5013	-275,8465
-111,2485	-297,8666
-130,2541	-308,3524
-124,2903	-307,9594
-135,7591	-319,8871
-134,5797	-326,8341
-144,0823	-339,0894
-149,1943	-338,6962
-156,6652	-346,3643
-156,6000	-368,0567
-164,0710	-367,3359
-169,0519	-373,2345
-179,0132	-391,0603
-177,7683	-394,7306
-175,2780	-415,8333
-187,3367	-423,3044
-185,6982	-425,3363
-194,7424	-453,8446
-189,1063	-449,7814
-202,2137	-459,8743
-201,6894	-474,5544
-210,2092	-484,9091
-203,7870	-484,9094
-231,7051	-502,0144
-216,0423	-508,6337
-236,8173	-521,6755
-251,2352	-536,4867
-246,1890	-532,6859
-263,6873	-549,8564
-267,7504	-564,0123
-279,4816	-564,7334
-280,7924	-587,8023
-302,2884	-590,5549
-295,6693	-617,5559
-315,0683	-618,9978
-309,1046	-627,7145
-330,7972	-649,3415
-330,4041	-654,2569
-347,5091	-672,0175
-342,9874	-689,7122
-357,9297	-693,9069
-366,7117	-714,0266
-382,7679	-725,3645
-387,3557	-733,1635
-392,2054	-749,4166
-409,9003	-759,8369
-413,5702	-766,7185
-420,5829	-782,2506
-424,4495	-785,7897
-433,8214	-805,6473
-433,9526	-813,3152
-447,3221	-824,2600
-454,2690	-848,9017
-475,6337	-853,4893
-467,0489	-861,0263
-493,4600	-887,0442
-494,6398	-896,6782
-510,9585	-913,4556
-527,8670	-923,0241
-541,6950	-937,9665
-551,7224	-953,9575
-559,1280	-965,2954
-571,3181	-973,2910
-576,5610	-995,5733
-602,3823	-986,6607
-596,3530	-1005,2732
-610,2469	-1024,4753
-599,8924	-1020,1501
-620,7329	-1041,0564
-613,9827	-1050,5591
-628,8594	-1049,1177
-623,9443	-1075,7254
-627,4833	-1090,7987
-626,1728	-1095,4520
-642,0979	-1113,3435
-638,9523	-1125,0746
-644,4573	-1137,7887
-652,3874	-1139,0341
-657,4334	-1144,8671
-664,7082	-1166,5596
-669,0990	-1165,9697
-675,5873	-1166,8220
-667,4609	-1182,4851
-682,3377	-1184,0580
-678,4710	-1184,8445
-688,0395	-1189,4321
-686,1390	-1190,6773
-690,3332	-1194,3474
-682,9278	-1199,5247
-695,9038	-1197,2311
-680,9616	-1207,9134
-688,3017	-1199,7870
-690,6608	-1212,1735
-677,3570	-1218,4647
-682,2724	-1203,8504
-683,2551	-1210,7318
-682,9275	-1207,5203
-673,0970	-1193,8235
-682,9275	-1211,7802
-675,0629	-1196,5756
-672,1139	-1182,9443
-665,1014	-1193,2989
-655,9919	-1187,7937
-639,7389	-1178,1598
-645,3093	-1177,3077
-615,1628	-1169,9677
-628,6630	-1167,1495
-607,5603	-1149,5202
-618,5046	-1138,1825
-601,7273	-1147,0296
-593,3385	-1134,2498
-589,2754	-1114,8513
-585,4085	-1110,9843
-587,5058	-1086,1461
-572,6943	-1089,0295
-574,8572	-1071,5310
-566,9270	-1049,9041
-566,8615	-1044,4643
-543,2029	-1026,3761
-557,5552	-1002,9141
-536,8457	-991,9038
-530,6852	-980,8934
-522,4933	-971,2594
-528,1945	-949,3702
-507,4852	-932,4617
-503,9462	-921,7790
-500,4072	-904,6084
-497,3922	-891,6322
-495,0330	-885,4060
-486,8407	-863,1891
-479,5663	-854,5382
-472,9471	-844,9042
-474,9131	-828,5855
-468,6870	-817,7719
-461,5436	-802,1086
-451,0577	-784,8070
-447,0598	-784,0858
-424,4500	-768,9467
-432,7728	-758,0676
-412,1289	-753,9385
-411,4734	-724,5782
-404,2645	-715,7306
-404,7884	-693,1861
-384,8656	-681,3239
-392,2710	-671,6898
-384,9964	-648,8176
-379,6222	-627,3872
-371,6269	-625,5519
-373,1995	-606,9394
-366,1871	-587,0819
-340,4970	-577,1202
-342,3975	-566,5687
-328,8969	-562,3741
-335,7125	-543,1717
-314,5443	-522,2658
-316,5103	-531,1129
-302,8788	-517,9397
-300,8470	-497,6891
-289,1817	-481,8294
-297,1767	-477,3727
-288,1982	-470,0325
-273,7802	-459,1533
-280,3994	-439,2959
-268,4715	-443,2279
-266,4401	-423,3048
-255,8231	-416,0957
-269,5200	-413,0153
-247,8930	-399,4491
-256,2161	-389,5531
-241,7325	-377,4288
-241,7980	-369,8265
-224,3654	-360,1926
-227,0523	-351,2140
-210,9958	-340,6626
-205,3597	-346,4294
-203,1969	-332,2736
-201,8203	-322,4432
-185,7641	-314,7753
-186,4848	-299,7675
-176,9820	-304,6171
-175,0158	-296,0316
-170,4282	-270,9970
-161,1219	-278,1402
-164,1366	-263,3943
-144,8688	-254,8092
-149,5219	-249,3040
-135,3660	-236,8519
-141,6575	-234,2959
-121,0791	-231,4776
-126,5185	-210,6372
-117,6711	-212,4720
-116,4913	-202,3793
-113,0834	-196,6121
-103,6461	-194,0560
-105,2190	-180,6865
-95,9782	-169,7420
-101,4833	-166,5962
-95,6503	-158,1420
-101,2865	-148,2459
-83,5916	-148,5079
-91,1283	-129,6336
-80,2492	-135,8594
-74,4821	-125,5046
-63,6031	-123,8005
-69,4357	-120,5892
-59,4087	-113,5768
-74,6129	-114,2976
-48,9884	-108,8579
-58,3601	-93,1948
-57,5079	-98,0444
-56,4592	-84,5438
-53,5102	-71,1745
-45,9735	-77,3348
-48,7262	-73,9922
-56,1969	-62,8511
-50,7576	-58,1324
-48,5948	-53,8725
-47,8741	-60,6881
-41,5826	-44,6973
-53,2479	-46,1391
-36,3396	-45,8769
-46,4978	-40,0443
-38,1746	-43,2555
-42,9587	-40,3063
-40,7305	-36,7674
-45,3179	-36,4397
-37,1259	-36,1119
-38,3056	-23,2014
-36,8638	-35,7186
-28,4751	-23,7909
-37,1915	-14,6815
-31,8174	-21,3661
-38,3055	-16,0575
-28,5406	-4,6543
-37,0604	-1,6396
-26,7056	-0,9842
-38,6988	-4,1953
-32,2761	4,6521
-33,9146	13,8926
-26,5090	8,7809
-26,9022	13,2375
-18,8414	18,6769
-27,3608	11,1404
-23,2977	21,5607
-22,9698	22,5437
-14,9091	30,6702
-19,3654	39,7796
-25,3292	31,7188
-23,3631	33,1607
-29,7857	42,0079
-19,1034	32,5053
-36,8636	31,4567
-17,9893	24,4444
-34,8977	35,3889
-19,5621	35,8474
-25,4605	18,2840
-19,6277	29,8183
-21,7248	27,0657
-16,8752	26,7381
-22,3145	22,3472
-14,4503	29,0973
-24,6081	26,0171
-14,7124	24,8374
-12,2217	17,7596
-13,3361	24,5098
-16,4160	20,8397
-10,5179	10,2230
-5,8648	17,4320
-18,4476	29,4248
0,8199	24,7063
-14,4500	27,8521
3,8345	26,6725
-8,4207	28,5731
3,0481	33,6194
-2,7189	26,8692
5,2108	31,3913
5,8662	35,6510
0,8199	29,9494
2,5240	30,7358
0,5578	25,3619
6,7839	21,1677
-1,8014	34,1436
-0,1630	23,0680
-5,3403	25,8862
-1,8669	31,7188
2,9171	23,5923
0,2956	27,9177
-9,0759	32,3087
2,7204	27,1968
-16,1540	34,6679
-1,6050	21,5608
-6,9790	27,4591
-12,0253	38,2723
-9,2071	24,9686
-13,6637	29,7528
-11,4352	37,4859
-7,6999	22,1506
-9,0760	27,5245
-5,1440	29,1628
-8,1585	32,2430
-9,2071	25,8204
-7,4376	22,6747
-16,0883	7,4049
-4,2264	21,8884
-10,1901	18,6769
4,6864	19,0702
-8,1585	7,2737
0,4266	3,7349
-0,8840	17,5629
0,9509	4,1934
-0,8184	15,2036
-1,8671	20,4463
1,4755	9,4363
6,3250	7,7325
6,9805	26,2135
4,5556	14,8102
8,0946	9,8297
2,7862	9,4364
13,9273	11,7302
1,0822	23,1988
11,7646	3,2105
2,5240	7,4049
8,8809	15,2034
-0,8184	14,9413
-0,7529	7,7323
-4,9472	-4,8505
-4,6852	0,7201
-10,5179	9,6328
-20,4795	1,4408
-16,9404	5,7007
-23,2321	6,8147
-20,6105	0,6544
-24,2152	10,8780
-23,6253	3,0136
-35,7494	4,8487
-21,8557	14,6790
-26,1158	12,0575
-25,8534	7,2735
-27,2953	1,1131
-11,3046	5,1764
-32,0139	8,3221
-16,8751	4,9797
-25,6569	5,1109
-18,7757	2,9481
-24,2806	-0,0010
-27,4919	1,7030
-15,5642	6,4869
-18,5792	-0,0667
-26,3120	0,4577
-18,1858	2,4893
-14,2535	-6,4236
-27,2297	14,2857
-8,4863	4,7830
-18,1859	1,0476
-7,5689	2,2927
-13,9915	-2,4913
-3,1126	13,4339
-18,9066	8,9117
-6,5858	-7,6687
-9,0106	-2,4912
-4,0955	0,4577
-1,2118	-5,4405
0,4920	1,6374
-4,2919	-5,5062
-3,6366	-2,0326
-12,4838	-0,5254
-10,3212	-8,6518
-6,1268	0,3921
-13,5981	-1,2462
-7,3721	-4,1298
-12,9427	-4,0643
2,2616	-4,3919
-15,5641	5,5694
-0,1631	-5,4406
0,0335	-12,4528
5,6695	-0,7875
-1,0150	-3,5401
7,1113	-8,9140
-0,4907	-6,8169
0,4268	-8,9141
8,0944	-7,3412
-1,5395	-1,3119
3,3759	-10,2904
-6,5858	-10,2904
-6,0613	-9,0453
-14,5811	-16,0575
2,9170	-10,0282
-13,1394	-3,2127
-0,4909	-14,9436
-5,4718	-12,2564
-10,5179	-6,9481
-13,4014	-8,8486
-13,4015	-5,3752
-10,7144	-16,7784
-5,4719	-9,6348
-16,7438	1,2439
-14,2536	-8,0621
-21,9867	-3,3433
-21,4625	7,2078
-13,6637	-3,9988
-24,2150	1,5718
-12,0908	-1,5738
-12,3531	-2,8845
-10,3870	7,6011
-22,1178	-2,7536
0,1643	4,1278
-8,8797	5,1762
-9,9282	-3,8678
-13,4014	-4,0643
0,6887	-3,9334
-7,1100	-4,0643
-3,8332	-2,5572
-0,6218	-17,4993
-4,8163	-10,1592
-5,4058	-2,2295
-8,8139	-15,9265
2,2619	-14,4191
-3,8332	-7,0791
-3,1121	-12,2564
-9,5347	3,9965
-3,8986	-5,3097
-6,5201	-2,1638
0,3612	-1,9671
-9,9281	2,6860
1,4097	7,1423
-13,0083	0,0646
0,5576	7,3392
-11,7631	11,2712
-15,8919	-0,0009
-12,2219	6,2253
-17,0716	21,2982
-13,7948	4,7832
-18,3168	5,6352
-18,3167	7,6013
-24,0184	14,6136
-15,1053	0,7855
-9,9282	1,3098
-9,2727	4,2590
-10,5178	10,3536
-2,1291	3,8656
3,5724	-3,4743
8,4220	-1,2462
-5,5369	-1,9015
1,0167	-1,5083
-4,2262	-3,2777
4,6211	3,7346
1,4098	10,1571
-3,0467	-2,1637
-0,9494	-0,9184
-3,9641	6,4215
4,6211	8,3221
-0,5563	3,5380
-1,9980	2,4894
-7,7652	6,0283
5,2109	4,7832
-7,5686	1,2442
3,6381	-6,7512
-5,2748	5,2419
13,5995	-3,4090
-7,3720	-6,6857
10,5194	-1,1153
2,1307	-10,1592
5,4730	-6,7513
-0,2941	-6,8169
0,2301	-4,5231
2,1308	-4,2611
3,1137	-8,4553
0,1648	0,8509
-1,0804	0,3920
11,9613	-8,8485
6,6526	-5,3749
6,8495	1,8994
7,5047	-4,9163
10,6503	-4,0643
0,4268	-16,1230
7,5702	-3,9332
-4,6194	-3,8679
8,6187	-14,4845
-8,3550	-4,8509
-1,6050	-5,7029
-7,8962	-17,5648
-2,8502	-11,0767
-1,9326	-3,8023
-10,7145	-5,2441
-12,2217	-4,1955
-9,9936	-8,3897
-0,2943	2,7514
-23,7562	-3,1469
-9,4693	-5,3750
-18,1201	0,5233
-4,8164	5,6351
-22,7732	11,3367
-12,4841	8,3220
-16,0230	-3,4087
-10,5181	12,3199
-16,2196	8,1254
-16,8750	-3,2777
-8,0275	2,7516
-17,1371	-1,7704
-9,5347	2,0306
-15,3020	6,0937
-3,3088	-10,8800
-6,6514	0,4578
-16,1538	7,6665
-10,1246	-7,8654
4,4242	-5,3748
-17,7924	3,5378
-5,6026	-1,3773
-5,4060	2,2271
-1,9982	1,1785
-4,2918	-2,4259
1,5407	2,2271
-7,1753	-3,2780
7,7668	-5,5717
-0,0974	-6,3581
-2,5223	-1,1153
7,3738	-8,6519
4,2933	-7,3412
1,0167	-2,4915
-6,6510	-6,8824
10,7815	-6,2926
-4,8816	3,4068
2,3274	5,6349
2,8516	-13,1081
10,7814	0,9166
3,8347	4,1277
10,2571	2,4894
-1,7358	2,5549
11,3058	-2,7535
2,2618	-5,2438
4,6212	8,4531
12,7477	-0,1322
1,9342	-4,5231
16,1556	-8,1275
10,3228	-0,3288
9,1433	-8,5864
11,5025	-4,3265
12,4856	-3,5401
5,4732	-3,4746
15,1724	-6,3580
2,7862	0,9820
5,5387	0,3920
-0,4251	-3,9987
13,1407	-3,1468
-0,3597	1,0474
2,7861	-13,9602
2,2618	1,0475
3,9002	-5,3751
2,1308	-2,4914
5,6041	-3,0158
4,2280	-9,8315
7,3080	-2,8192
1,0822	-4,3265
1,4098	-6,2271
0,0336	-6,5548
-0,5562	-11,8631
2,7861	-2,3604
-1,2117	-8,1276
6,3905	-3,5400
0,8200	-4,7195
3,7035	10,2226
4,3589	-4,9162
0,0334	4,0624
2,0653	13,2373
0,8199	9,6984
2,6551	18,2836
1,6720	6,6182
9,4709	6,9460
0,1648	15,6622
13,2721	5,2418
10,8471	5,1764
20,6120	1,5718
7,2427	3,6690
20,4810	-8,1275
11,0439	-5,5716
26,3137	-7,7998
19,8257	-4,5231
30,7045	-11,4698
10,5852	-3,2779
15,5003	-0,8531
12,3546	-2,4259
14,2550	-0,8531
2,9829	-3,5401
-3,8329	-0,7874
-2,4565	7,1423
-7,1099	-2,6226
0,4268	-6,5546
-14,4500	3,6689
-9,3380	-5,3752
-13,8602	-8,1276
-2,5225	-5,3752
-7,1101	-10,6180
-0,7531	-9,9626
-8,0930	-11,0112
2,9169	-4,9819
-10,1246	-5,6373
3,0479	-4,9818
-2,9812	-1,4429
-5,6682	3,6033
-12,0905	0,0645
-4,9472	0,5234
-1,6048	6,8803
-8,3552	7,9943
-8,0273	9,5017
-10,3867	-0,7218
3,6380	3,7347
-9,0762	5,4385
-2,0637	7,2735
-12,3529	3,2758
-1,5395	8,5188
-10,1247	12,9096
1,4096	10,7469
-14,1224	5,7007
-6,3237	11,9922
-16,2849	11,0745
-8,8795	1,8340
-7,6998	6,4872
-14,6466	7,0769
-5,9302	12,7130
-9,2728	16,3829
-9,9935	6,1593
-12,6807	9,7640
-9,6003	15,9242
-14,1224	6,4871
-4,2920	6,2251
-15,5643	19,9876
-10,1902	11,9265
-8,0930	10,0917
0,2298	13,9583
-15,3020	2,9483
-3,5711	11,0092
-3,3744	0,8511
-10,5178	12,5820
-12,2216	8,1910
-12,9426	-2,0325
-4,2918	9,6329
-17,3992	17,4315
-8,3551	5,4385
-14,8434	9,0431
-10,9766	7,6013
-13,2704	12,7132
-6,7169	16,8419
-15,6951	9,5674
6,6525	12,5167
-12,2872	16,5797
1,8685	11,5335
-3,7674	4,3902
11,3712	14,0894
6,7839	4,8488
9,0121	10,4849
7,6361	4,2589
12,2891	6,1594
22,1196	9,6982
15,2381	-9,5693
22,6439	2,4894
18,4495	5,1105
15,4349	-5,5718
14,9105	1,6373
27,8210	-9,1106
9,7986	-12,7150
14,3205	-0,4598
3,6382	-7,2756
9,5363	-3,2123
-3,1122	-4,5232
-4,4230	-11,3388
-12,0250	-5,9648
-8,1586	-6,6203
-8,2896	-0,6565
-19,1687	0,7853
-12,0907	-7,0790
-14,4501	-3,2123
-9,9936	3,0135
-18,1201	-4,4576
-0,2943	-5,3095
-14,5812	-9,9626
-1,7360	-9,3072
-5,8648	-0,1323
4,3588	-8,1277
0,0335	-8,1932
2,9826	-11,0114
-2,9154	-12,6497
9,4052	-14,4847
3,5070	-7,5379
4,6211	-10,0939
5,5388	-20,8416
-0,8839	-16,3852
1,9344	-4,1956
5,2765	-10,5526
8,8810	-19,5309
-2,5878	-6,5548
4,3591	-6,6205
0,9511	-9,3729
15,5656	-3,9990
1,7375	-9,8972
14,7792	-11,2734
6,9804	-7,6034
9,5363	-16,7784
1,8687	-9,0451
7,3736	-9,0452
4,6212	-11,8632
3,3103	-10,4214
10,3884	-9,2417
5,1453	-1,5084
3,7693	2,9479
-4,6194	-1,4430
11,8301	-9,8969
-0,5563	5,8971
1,6720	-2,2949
-1,7359	-7,5377
9,4707	-5,1784
-7,6342	-0,6565
10,6504	-5,8994
-0,0976	-12,2563
1,2787	-1,9671
-1,6048	1,4406
0,1645	-3,4745
-2,1945	-1,1808
7,1113	1,5062
1,3443	-3,6711
-0,6873	-8,1931
5,9319	-1,6395
-0,5563	-9,9626
0,0338	2,1615
2,6551	-12,1909
17,0075	-2,2293
9,4052	-3,6712
12,0923	-13,4359
11,3060	-6,7512
22,9056	1,5717
-1,6045	-9,8315
18,4494	0,8510
16,2867	-9,8970
17,7284	-4,9817
13,7309	8,2564
14,5172	-4,5886
15,8936	6,9458
11,7647	7,1422
12,7478	5,9627
6,4563	14,4823
13,9274	-0,8531
2,8517	4,0624
10,8471	15,8586
2,1963	9,2396
7,0459	10,0261
-7,3720	11,3367
0,6234	9,3707
-2,0636	6,4872
-0,5564	9,8295
-1,8015	9,5018
-3,2434	9,8296
-4,4229	8,0601
-7,5032	8,7811
-5,2093	15,8588
-5,8649	1,1133
-9,1415	7,1427
-14,5155	12,7786
-2,9811	3,8657
-5,2750	6,2250
0,7544	-5,8336
-11,5008	-4,0640
11,4368	5,8972
0,4923	-1,7705
1,8685	6,9459
-1,3426	11,7298
12,9440	-4,1297
0,9510	4,1279
-4,0298	6,5528
-8,2238	18,3492
2,0650	3,7346
-8,3551	11,7957
-14,4501	19,5288
-5,1439	15,7931
-19,6275	5,9629
-2,7847	4,3901
-19,7586	7,4702
-6,3236	6,9458
-15,9575	9,3051
-6,3892	0,2611
-17,6613	12,1232
-1,2118	4,5864
-13,4671	-6,6201
-12,5495	1,7684
-11,1076	1,5062
-13,1394	-14,1568
-17,0713	-1,7049
-12,8117	0,3265
-10,9765	0,0644
-5,9304	-0,3944
-11,6319	-8,0621
-11,6974	-10,6180
-2,8501	4,1931
-11,9596	-18,3513
5,1453	-11,0111
-5,0784	-3,9334
-1,9982	-9,9627
-12,6804	1,5061
2,4582	-12,8462
-10,8456	-9,3071
-6,0616	1,9650
-13,8602	-9,8970
-8,2899	3,3414
-18,5133	5,4382
-14,9745	-2,2292
-15,6952	1,0475
-10,5836	2,7515
-14,7122	-3,8021
-15,9575	-1,0496
-6,4547	-0,6564
-21,1349	2,5549
-14,3845	-1,5739
-20,3484	-2,3602
-11,8942	8,1910
-18,6444	4,5864
-2,5227	-5,1783
-25,6568	4,1278
-16,0885	-5,1128
-22,4455	1,7030
-16,4818	6,2247
-22,6419	-0,8530
-10,4524	7,0112
-10,1247	-1,0498
-14,0568	-10,2903
-6,8477	-9,7004
-12,8772	-12,1254
4,5556	-2,4260
-1,1462	0,1297
7,9634	-16,9751
0,6234	-14,9433
9,9295	-2,2295
4,0967	-8,0621
3,5070	-3,9990
6,3252	-14,6812
9,6017	-10,0280
5,9319	-3,6711
8,5533	-5,1785
10,7161	-4,9818
1,2133	-1,4428
15,2382	-7,0789
6,0628	1,1131
4,9490	2,8825
5,6042	4,7176
15,6312	4,3243
9,7329	-4,4574
15,2379	1,8340
1,9342	5,5694
17,9250	-13,6979
1,6066	1,3753
19,2358	5,7660
9,8640	-4,9818
9,9297	-4,8506
21,7262	-2,2948
12,6820	7,7977
17,7941	2,0961
16,0244	-7,2755
21,5296	2,6205
9,9951	6,0938
13,7965	8,0599
10,3884	8,1255
15,0416	12,4508
7,3083	6,0284
19,4324	11,5334
11,0438	-0,4596
18,5148	3,0138
8,9466	2,7515
10,5194	-0,6563
0,4270	-0,7874
10,0606	-2,7536
-0,6872	-6,1614
-3,0466	-2,0328
-0,4906	-9,1762
-3,2434	-14,8777
0,2302	-4,2609
-9,0105	-1,2464
-1,4737	0,3265
-6,9789	-7,2101
8,8153	1,5718
-10,4523	3,1445
10,9124	-10,2245
-9,3382	7,2079
3,7034	6,6835
-5,7992	-4,4574
-1,6705	6,9458
-10,1901	9,6328
-1,4739	2,4894
-16,0228	6,1595
-1,9326	-0,0665
3,7035	6,4217
-9,6002	14,4824
9,2743	6,4215
5,4730	7,6011
12,7477	7,6666
-3,2430	-0,5909
20,0879	-2,6224
10,5851	-3,8022
26,7069	-10,9455
17,4663	6,5525
23,5612	-7,4067
22,4471	-2,5570
28,5418	-1,9017
20,7432	-6,8823
17,4008	3,0792
15,0417	-0,1321
13,0099	-2,0981
12,8790	1,7030
8,3568	10,4848
8,1604	7,7323
5,9320	18,8733
9,0778	5,1108
0,9513	11,2058
11,0438	18,7423
12,0268	6,0283
18,5148	1,3753
7,4393	5,5696
18,3183	-1,3118
14,4516	0,5232