21,8846	10,9148
20,9670	-2,1266
41,9385	3,7061
19,1320	1,9365
42,3974	-3,6339
26,5376	3,4439
39,2517	0,4946
26,0790	-4,0928
34,0088	-5,1415
21,8193	-3,0443
34,7297	-2,4546
26,9966	0,4944
32,3704	-15,1685
27,3242	-8,0906
28,3069	-10,1223
24,3096	-3,4377
26,7341	-4,1586
24,5716	-13,0058
14,3478	-6,7143
31,0597	-0,8163
19,8528	-20,9356
30,3387	1,5432
17,4281	-3,8966
36,1713	-15,9549
14,7412	-4,4862
34,5985	-20,2150
17,7559	-12,4160
27,6517	0,4287
20,9673	-19,1009
24,8336	-6,5834
26,4067	-7,6321
20,8359	-11,8263
34,9263	-3,2411
26,8652	-11,7608
35,3195	-7,3043
21,1636	-3,8310
40,6280	-14,1200
22,3432	-10,8432
34,7953	-7,1732
21,1637	-16,6760
37,8753	-2,5202
15,5931	-9,5982
30,7974	-21,3945
24,0473	-10,7123
27,0617	-17,1349
13,4962	-22,0500
28,6347	-15,8898
34,7297	-34,1088
23,9161	-29,6523
33,5502	-31,2908
29,4212	-38,9584
39,1206	-34,1745
29,2901	-37,3203
43,5115	-41,1868
15,4621	-34,5678
35,8439	-43,2186
26,2756	-45,4467
38,9895	-37,3204
21,9503	-57,5708
37,3511	-36,5993
23,0644	-42,4978
29,4868	-48,1993
24,6373	-44,5948
25,7512	-49,7723
22,2779	-54,9496
12,8405	-48,0029
19,1976	-64,3869
12,4471	-64,8456
12,4471	-66,5497
-3,2816	-81,8195
7,4664	-65,5667
-3,8715	-77,3634
1,1747	-80,8367
-14,0296	-75,5285
0,2570	-90,6673
-33,4937	-81,7543
-8,9835	-91,0607
-22,3529	-103,8400
-19,4695	-100,3666
-28,5788	-98,3352
-25,1057	-103,3815
-30,9383	-96,1728
-38,8028	-118,3239
-39,9168	-122,7147
-50,2062	-120,3557
-46,8638	-138,2470
-66,9835	-135,3635
-50,3374	-151,6821
-77,0763	-156,0074
-60,6923	-153,1897
-82,6469	-168,7874
-70,0642	-175,4720
-92,5430	-178,6835
-86,4484	-198,0822
-105,7813	-186,3514
-103,1601	-198,0827
-104,4707	-215,4496
-107,0926	-215,5152
-113,1216	-221,0859
-117,7094	-221,3483
-114,7601	-231,5065
-126,0981	-252,6747
-104,4056	-258,5074
-137,4359	-262,7020
-121,4449	-280,1347
-137,5669	-287,7370
-118,3650	-303,0071
-140,4505	-309,6919
-127,4746	-308,1849
-158,3418	-331,6469
-134,4870	-336,9554
-155,5895	-347,4413
-158,9976	-371,2309
-159,5217	-365,4639
-168,9593	-375,6224
-170,1387	-389,7125
-180,7559	-384,6010
-161,9470	-411,8641
-184,3607	-416,4516
-182,2633	-415,7311
-200,4825	-443,7150
-180,5595	-444,3703
-204,4148	-456,5605
-190,7178	-476,8766
-215,8836	-478,3186
-206,8398	-504,5332
-229,0564	-510,4315
-217,3256	-517,9684
-228,7289	-532,4521
-220,6027	-540,9063
-240,1323	-547,0671
-245,1788	-571,7087
-253,9604	-569,5462
-254,1575	-589,0107
-250,8150	-607,8851
-270,9348	-610,8345
-258,4829	-642,0953
-286,6637	-646,6173
-276,7021	-652,7126
-301,8026	-673,4876
-286,5984	-677,0923
-319,6942	-681,2870
-317,7938	-718,6425
-338,3721	-711,2371
-327,3625	-723,0340
-353,1181	-748,3964
-365,5047	-757,1129
-371,4029	-770,0893
-381,2338	-778,2159
-402,9916	-788,3744
-417,0822	-813,6057
-407,7763	-815,6375
-439,6926	-831,4321
-434,7118	-845,1291
-460,4023	-855,6152
-460,7300	-881,0433
-479,4081	-891,9224
-485,0443	-891,3330
-513,2248	-922,4628
-509,0309	-932,9486
-534,6555	-943,7624
-534,0005	-961,5229
-559,6250	-974,0405
-569,8490	-991,8665
-577,3856	-1007,3331
-589,9034	-1016,3775
-597,3745	-1038,9875
-616,6425	-1048,6215
-619,5261	-1055,8308
-645,2165	-1080,6691
-635,6484	-1089,9099
-663,3705	-1101,5756
-661,6665	-1121,6297
-687,1602	-1127,8559
-679,4271	-1154,8569
-699,8088	-1159,4445
-697,1220	-1167,3094
-714,6856	-1198,7011
-708,7877	-1202,8957
-723,0744	-1221,8358
-721,9607	-1232,5839
-732,1842	-1253,2935
-742,6702	-1267,9738
-740,6385	-1270,3332
-765,4114	-1272,4308
-756,0396	-1302,4463
-773,1449	-1303,6916
-762,3314	-1314,1777
-791,2985	-1325,6464
-772,4897	-1334,6906
-796,7382	-1347,5358
-791,6264	-1355,9899
-803,4883	-1356,1867
-793,7237	-1370,8014
-809,9763	-1372,5709
-799,5564	-1367,9837
-798,9663	-1387,0547
-798,6390	-1382,0740
-800,2114	-1396,7542
-796,1486	-1398,5891
-787,3665	-1396,6232
-799,0322	-1412,4174
-782,7790	-1404,3563
-794,9688	-1401,9973
-782,1892	-1414,3833
-794,7720	-1395,7711
-775,6355	-1403,1112
-787,8252	-1390,0694
-780,0262	-1381,4842
-780,9436	-1384,3022
-768,4264	-1366,8040
-770,7853	-1359,9882
-760,2997	-1362,8715
-752,1074	-1337,1814
-746,7993	-1339,4096
-738,9346	-1339,5402
-747,5200	-1315,3574
-723,2058	-1307,8207
-729,6941	-1304,6746
-717,7006	-1275,3800
-723,0091	-1281,6713
-696,3357	-1262,3378
-708,2632	-1236,7133
-679,9515	-1235,0747
-688,4710	-1217,3796
-672,8733	-1207,6146
-666,7781	-1191,2959
-645,3480	-1175,0428
-644,8889	-1169,1442
-631,3230	-1143,5849
-624,0481	-1132,7714
-616,3805	-1125,4310
-600,1927	-1092,5317
-600,7172	-1078,4414
-580,2697	-1072,8704
-592,1318	-1049,6704
-575,4197	-1031,4512
-577,5825	-1011,3313
-562,3125	-988,0658
-571,5529	-985,5096
-552,3509	-958,9016
-564,0161	-937,2746
-541,6684	-933,0799
-548,9426	-905,9477
-520,5001	-890,4156
-529,4127	-877,6357
-514,0774	-855,4188
-515,2567	-853,3869
-495,7271	-831,8252
-494,5471	-808,8876
-489,0423	-811,1810
-478,6872	-788,0465
-481,6364	-766,1575
-460,4025	-760,3243
-471,0849	-737,7143
-444,6081	-726,3109
-459,8125	-706,1910
-436,6125	-685,4160
-445,7873	-692,0348
-414,2646	-669,8833
-426,8472	-645,5694
-412,8880	-638,5568
-400,2393	-622,7624
-392,7029	-619,8131
-382,1510	-595,4990
-377,4327	-583,7680
-361,7036	-586,7822
-366,1603	-557,0942
-350,6934	-543,2664
-356,3295	-543,2002
-325,4619	-525,7675
-344,5328	-511,8082
-318,9736	-499,6838
-338,5032	-467,8333
-298,5262	-473,9934
-309,9949	-456,5604
-293,8730	-440,8318
-295,4455	-438,7342
-283,0594	-409,7671
-277,6849	-404,9175
-256,7137	-402,6234
-255,0094	-383,9456
-254,0918	-382,3726
-226,9597	-366,5781
-236,6592	-359,9591
-213,4591	-358,6481
-219,6197	-346,3271
-201,2037	-340,7566
-204,6116	-338,5282
-186,3926	-318,2776
-199,9583	-315,0662
-185,3437	-311,7235
-196,2879	-289,0481
-168,8285	-293,1767
-186,1952	-275,7438
-171,2531	-254,1826
-158,6699	-260,6050
-151,2647	-250,5121
-157,4901	-244,5483
-145,6283	-235,3730
-135,9944	-227,3122
-146,9390	-233,1447
-132,4551	-225,8043
-126,7538	-202,8014
-118,1683	-218,0056
-125,3772	-202,0147
-109,5831	-199,9830
-124,9182	-194,0845
-106,6993	-177,8317
-116,7260	-183,9920
-99,9490	-158,5637
-104,2086	-146,2432
-102,2427	-159,8743
-95,8854	-134,1841
-91,9536	-128,0238
-92,3464	-133,7905
-86,0552	-123,3048
-85,4651	-118,4550
-89,6595	-103,4472
-76,2900	-99,9083
-83,3024	-104,7576
-68,5567	-89,2255
-80,8119	-75,9874
-62,2653	-85,0966
-76,8795	-71,7926
-62,5928	-68,1226
-68,8185	-60,1271
-53,5489	-47,2164
-71,9641	-46,6921
-57,9397	-47,0196
-56,5632	-29,3250
-62,1340	-37,5168
-58,2015	-33,1914
-53,7455	-28,4072
-47,7159	-32,3393
-58,2018	-19,1010
-43,0627	-30,3731
-51,5826	-14,1855
-35,9194	2,9192
-49,1576	-9,5981
-39,4583	3,4437
-59,5121	5,4753
-34,2154	-3,5684
-46,3394	16,0267
-39,8515	9,8664
-48,4365	6,9174
-36,3780	14,8473
-41,8173	11,7015
-41,6210	20,6145
-36,7055	22,6459
-48,3711	0,4295
-38,7371	26,0540
-41,9486	14,2574
-26,0233	12,0294
-45,6841	20,8767
-30,5452	15,6992
-46,8636	15,6994
-29,9553	18,1896
-43,7833	4,8860
-29,4311	21,2045
-51,3199	25,7917
-37,6231	8,6216
-36,5744	24,0880
-33,4945	25,0054
-39,9822	14,4542
-31,9872	25,2021
-33,8219	12,5537
-38,2786	29,1999
-27,9237	35,8188
-41,2933	11,2430
-28,9068	26,3819
-46,4050	23,3015
-22,4187	23,9571
-46,0773	31,2970
-32,7079	23,6948
-42,8004	36,7365
-25,7613	22,8429
-46,9291	13,4714
-31,1350	32,2147
-36,5744	35,9500
-34,0186	24,6124
-32,3144	26,9716
-31,1350	23,2361
-21,8942	22,7773
-27,1373	27,8236
-18,4208	15,8960
-34,8048	29,1998
-11,4083	24,2844
-23,3361	11,3085
-1,9058	21,4009
-23,4671	15,4371
-14,9474	22,4495
-22,3528	23,6290
-5,0515	4,4927
-27,5302	23,2361
-13,0468	26,5781
-19,9933	14,6508
-11,6051	27,8891
-13,9640	28,9376
-12,2604	24,0225
-3,7405	29,2653
-13,9643	22,5808
2,4199	26,9718
-18,2240	35,2947
4,1238	25,5299
-20,0590	30,3795
-0,2670	24,8089
-13,8985	19,6973
9,5633	29,1999
-10,3596	22,2530
-2,6919	21,4011
-14,6193	30,4450
-5,1168	21,1389
-17,1751	25,5299
-12,1292	32,5420
-12,6532	22,8428
-15,4716	32,0179
-8,5246	32,2144
-19,7315	23,8915
-9,5077	33,6562
-18,0931	22,4497
-10,3598	22,7119
-27,8579	32,7387
-5,9033	18,5829
-25,8263	24,6124
-14,3575	20,1557
-28,5133	15,2406
-11,6052	18,9761
-31,9212	18,5174
-29,9552	26,0541
-26,9404	29,5928
-30,3485	17,2067
-22,1563	30,0519
-30,0209	30,0517
-20,3868	25,9886
-27,7271	24,6778
-13,1778	28,1512
-28,1202	23,6948
-4,2649	27,7579
-24,9088	12,1603
-5,9034	13,2747
-25,6951	18,3206
-10,8185	3,4441
-17,6997	15,9614
-12,5226	16,6166
-29,6926	5,6722
-10,3597	10,3907
-6,4931	6,7863
-18,2897	13,6676
-5,7064	10,7839
-9,2458	6,2621
-5,4444	18,9104
-14,6196	14,5849
1,4369	9,7355
-2,1023	9,9321
0,7158	2,0679
-25,4984	21,9252
1,1091	21,2697
-19,6659	-0,9467
-8,7214	15,8960
-26,4816	20,8110
-13,9643	15,4371
-25,3019	17,5998
-21,0422	10,0631
-26,9402	15,0439
-18,3554	23,6290
-20,8455	7,9003
-21,8943	6,3277
-17,7653	15,6335
-22,3530	-3,9616
-11,3428	14,2574
-23,2705	8,6866
-12,5224	7,5071
-23,8602	9,6699
-8,7214	7,1140
-24,9742	17,5342
-9,9665	23,1046
-11,2117	9,2767
-4,9204	17,0756
-15,9958	19,5658
-3,4785	16,4202
-8,3936	29,1996
-12,7847	14,4540
-9,3110	12,0293
-16,3236	17,7964
-8,4591	13,1433
-14,7507	19,3038
-2,0366	21,4006
-15,3405	4,7547
-1,5123	4,4925
-27,9888	1,7401
5,9588	8,1625
-20,7144	13,0775
-7,0173	-2,9132
-9,1145	1,6090
-0,2673	3,6403
-10,9494	-11,4328
-7,2141	9,2766
-12,3256	10,0628
-10,4252	-2,0611
-0,0704	7,3760
-7,9350	1,4777
-6,0341	2,3299
-3,7406	6,3275
4,7791	-1,7990
-9,1801	10,9806
2,6165	9,6041
-18,0273	-9,2044
4,7792	5,6066
-9,5077	2,9850
-3,3474	-2,5198
-11,6046	-2,4544
-1,1847	-10,1221
-11,2770	-2,6511
-4,0027	-4,9450
-2,6917	-18,3142
-4,9858	-9,7945
-3,0850	-8,4840
1,9610	-13,7924
9,3667	-8,8117
-10,9495	-10,3191
7,1386	-10,5810
-13,3087	-6,7145
7,1385	-11,8262
-9,7698	-0,0953
-2,1022	-3,8965
-27,2022	-15,3650
-9,3111	6,4584
-19,8623	-4,6173
-10,9496	-4,6826
-18,2893	1,5431
-3,8062	-12,6781
-6,6895	-0,1606
-13,5054	2,3294
8,4494	-24,4746
6,0243	-9,7289
8,7116	-10,3191
2,6821	-16,9382
13,2992	-16,2829
6,6143	-26,8341
15,7239	-19,8872
-0,9877	-11,8265
12,3160	-25,4579
-0,2669	-12,0230
0,7815	-15,4310
-4,7888	-20,7391
2,4199	-6,3213
-0,1359	-14,6444
5,2378	-12,4160
-9,1798	4,7544
-2,8885	-10,0568
5,6312	-2,3889
-4,2648	9,2108
13,4300	-11,8261
-7,6726	2,5264
13,4301	2,9194
1,0437	-4,8137
6,1556	-0,6850
-10,8836	4,4267
5,6969	-2,0613
0,6506	2,2640
7,3351	-12,4815
-5,5752	-2,2578
7,2696	3,7712
-3,8713	-9,6634
1,3057	-0,7506
0,8472	-11,4984
-3,6751	-3,5685
-4,5923	6,1961
-6,4930	-7,5663
3,5996	0,2326
-9,7699	9,7350
1,3713	-9,1392
-12,0636	-0,7505
3,9272	-1,7336
-13,6364	-6,3210
-2,8885	1,2156
-8,5245	-2,1923
3,2718	3,1162
-5,3132	2,7884
-3,1507	-0,7503
-8,7210	11,4391
-3,5439	4,3614
0,1918	3,7716
-4,3960	13,2742
2,8788	5,8031
-8,3282	6,5897
-3,8059	10,5873
-14,6851	-4,0927
1,6990	10,9151
-15,6026	6,7862
0,4539	7,1796
-10,4252	12,3567
8,1215	-5,2723
-9,9664	9,8665
2,3544	11,9635
-4,3301	1,3468
2,2233	10,1941
2,6823	9,5387
1,5024	5,8687
10,2189	4,0993
3,5995	11,2426
11,5295	1,6087
-5,7720	7,3104
9,4325	-10,2533
-1,8400	-2,7821
3,8618	-3,7654
-13,2432	-18,7074
5,3691	-5,2071
-10,4252	-11,2365
-5,1168	-13,5302
-14,8814	-5,0761
-2,7575	-13,3992
-9,9662	-7,0421
-2,1677	6,7858
-1,8398	-11,4330
-5,7722	-3,8962
1,1750	3,3126
-2,9540	-0,3574
13,0369	5,1477
-5,7064	-2,8478
22,0154	-9,5977
4,6482	10,1284
19,9838	-7,3697
3,4687	-0,0951
22,4086	-0,7506
0,8474	-7,6318
13,6269	1,8709
5,5005	-4,9448
12,7748	-6,9764
1,8305	6,9171
12,5126	-6,1900
5,3693	0,3637
3,1409	9,9972
7,2043	-2,1269
1,9611	3,6404
7,3354	2,1329
-0,2671	-7,2386
3,3376	-2,7166
-0,9879	-6,9765
9,0391	-3,6341
-6,3618	-4,0930
6,3520	-15,9548
-11,9978	3,9025
0,5194	-5,1417
-6,7549	-10,4498
4,7791	-1,7992
-3,4126	-10,3844
-1,9055	-2,5856
1,4370	-2,4546
-11,1461	-7,1731
2,4200	2,0674
-10,2287	-1,0128
0,1262	-1,3403
-15,6027	-1,4714
-6,8862	-1,0782
-15,4716	-6,4519
-5,1823	1,2157
-15,6680	0,8225
0,4538	3,7060
-12,1290	8,2935
-1,3812	-7,0419
-6,9515	3,7716
7,2695	0,1014
2,4857	0,1016
12,8401	4,6235
0,9129	1,8710
5,9589	-1,3402
10,9399	9,8008
9,4323	-6,3864
13,7579	7,0485
1,4370	11,6357
18,6731	-2,5197
-3,4127	9,0801
15,1341	3,6406
4,1895	0,5604
13,7577	11,2428
-1,9054	7,1140
2,6821	17,1410
-0,6601	20,4831
2,8786	-1,6678
-0,2014	11,8982
-2,8231	6,1964
0,9783	8,5558
-9,1800	19,6967
6,9421	4,1647
-0,7914	4,2304
12,5781	6,0653
-8,9833	-2,8474
13,3646	7,7038
-0,5947	5,4755
11,4639	-0,1605
-8,0000	4,9512
15,5927	3,5093
-5,0510	-4,2894
13,3645	12,4877
-1,0532	-2,0614
13,7577	-4,7481
2,8789	-3,6996
4,1895	-6,1900
10,4812	7,9001
9,4978	-3,0444
9,8913	-3,3719
7,2696	-3,3064
17,6245	-6,0589
-1,7742	3,9026
17,2313	4,7544
5,3037	-5,0758
17,1657	1,2811
3,5999	3,7714
17,4933	1,6743
0,7162	2,9195
12,6436	0,4946
0,1264	5,0822
0,2573	4,0991
-5,6407	-8,0249
-4,3959	9,0145
-0,3325	4,8855
-15,0127	-1,1436
-0,7912	10,5872
-11,6705	0,7568
0,9781	2,1987
-12,9157	13,4051
-2,7575	-10,4498
-13,3743	9,4732
7,2040	5,4097
-11,9326	-6,9764
-2,7574	1,9365
-7,1483	4,3612
-2,6920	-3,9618
-8,5244	7,2449
1,7644	-3,6998
-8,0658	-3,7650
-10,7529	2,7883
-1,7744	-6,5176
-11,4084	1,9365
-3,9371	-6,1900
-13,8988	-2,2577
-8,8523	5,1476
-14,0954	-6,5832
-5,9689	-2,6509
-26,5471	6,5895
-8,9179	-5,6657
-31,3967	5,7377
-6,6897	11,1114
-21,3696	-1,0126
-1,7090	6,5897
-7,6071	1,5432
1,0435	-5,2724
-6,0996	6,5895
1,9610	-2,1923
-1,4466	6,3275
-2,1677	7,1138
0,7161	1,9365
-4,9858	5,8032
4,9103	12,0945
-8,9834	6,1309
5,1725	10,1940
-8,5246	-1,9956
3,9273	5,8033
-8,4590	8,2934
9,1702	-1,9955
1,2404	12,4878
6,8109	1,7398
2,3547	-2,3888
8,2527	1,6088
8,5152	-1,8647
1,8958	-4,5516
15,8552	5,4097
12,7747	-11,3020
17,6245	-10,3843
0,5851	-3,0446
23,3262	-15,2342
1,5026	-7,6321
27,7826	-18,5767
9,7601	-22,5742
13,3646	-15,7585
-4,6576	-21,8534
13,8233	-12,1541
-1,3809	-13,4649
9,6290	-20,1495
7,0732	-14,0546
4,0583	-21,3292
12,7748	-23,4917
4,5826	-10,4501
8,9081	-24,8025
-4,9857	-18,0521
10,2188	-8,4840
-0,3327	-17,7900
4,1238	-7,3041
-21,5663	2,9193
5,8278	-13,8577
-10,2287	2,6574
-1,5124	-0,1607
-27,0057	14,2573
-2,6264	12,2910
-16,8476	-0,2262
-0,2672	9,0145
-7,9347	17,9272
-4,9858	1,0191
-2,9539	14,3230
-6,5586	11,4392
9,2357	10,9807
-8,9180	16,8133
-0,9223	5,8688
-3,9373	2,5267
-5,0512	22,3183
-12,1292	1,9367
-5,5755	15,5027
-19,1414	12,7499
-7,8038	-2,5197
-16,9787	8,3593
-4,0683	5,9998
-24,3842	7,2450
-6,4930	13,8640
-4,1336	-3,1752
-4,7892	9,0146
-1,3155	9,0143
-0,6605	1,4124
-0,9222	16,8132
-2,7574	9,6698
12,3815	2,8541
-3,4128	18,6483
13,4957	10,9805
-5,8376	15,6992
10,2844	18,3206
-10,3594	8,1627
7,7284	23,8913
0,7160	19,3692
-3,4783	11,7673
-3,8057	21,4009
2,8131	19,5003
-11,2768	20,6800
-3,1506	21,2697
8,8426	2,5266
-7,2795	14,9130
-3,3470	16,4855
-8,0659	0,4950
-3,8715	15,9614
-4,4615	4,6890
-4,7236	2,4610
-17,0442	10,7183
-2,4298	5,4754
-14,5539	6,3274
3,4684	6,5894
-14,7504	-9,9255
-1,4469	-2,1266
-9,4419	5,3442
-6,2310	-3,6997
-13,8329	2,0675
-14,1607	-4,6173
2,0923	-9,3357
-16,8479	1,7397
-5,7065	-12,1539
-13,4400	-1,4713
-6,3619	0,7567
-17,6997	-9,6633
1,8300	1,8054
-15,3405	-1,9958
-6,2964	-5,4035
-12,3913	-0,2918
-0,3328	-6,2556
-16,3889	-3,6341
-4,5925	-9,6636
-12,9155	-16,8069
-4,6581	-1,0784
-15,1437	-7,4355
-15,8647	-11,5641
-10,7527	-7,8286
-8,7215	-16,6104
-6,4274	-5,2071
-8,9835	-2,2581
6,4176	-17,7244
-5,5101	-9,5979
4,9103	-10,1878
-11,2771	-8,2217
11,9226	-8,3528
-3,4783	-16,0860
6,2210	-1,9302
-5,2476	4,1644
8,3182	-17,2657
-2,8227	-0,5539
3,5340	-3,8964
1,6337	-3,6997
2,6166	7,0482
11,1365	2,7883
2,6164	-3,6340
4,5830	17,5339
8,1215	-2,0611
18,3453	9,0145
-0,3325	7,8348
15,3963	4,4271
0,9127	11,2428
11,2019	15,4370
2,7478	-1,9299
17,1001	12,2914
-8,7864	7,9659
7,7286	11,4393
3,3378	18,5826
11,9227	-2,3889
11,5297	0,8880
7,7283	2,0675
4,7795	-2,2579
3,9273	-0,6196
18,7385	-5,0761
-6,6896	-7,6319
20,1148	-9,0738
-1,0535	-14,2510
9,8912	-14,0544
-8,3933	-12,0228
9,3013	-13,4645
-8,9175	1,6087
12,1193	0,0357
-6,8204	-8,4838
-0,1359	-1,0127
7,7286	-7,6973
3,4684	4,8201
3,7310	6,8514
5,6312	-9,3357
12,6438	7,1138
2,2888	-3,3722
17,2312	-13,0057
1,8301	2,5917
14,4787	-14,5787
0,1262	-10,1877
5,0415	-4,6174
-9,3108	-15,0374
8,2526	-6,7800
-15,3402	-3,9620
11,1362	-14,1854
-9,4421	-1,0128
2,6165	-3,4376
-8,4590	-2,0613
1,6334	3,5747
-8,0001	-2,1268
3,4684	3,5093
0,8472	3,9024
-1,5122	-17,3310
10,8087	2,5264
-1,7744	-0,2918
11,9884	-3,3064
-3,2161	2,3296
7,5319	-8,3527
0,0607	1,6089
11,8572	10,0627
-4,3956	-2,9788
12,2504	0,4947
-8,8520	0,2980
11,1363	1,5433
1,1094	8,6866
3,4686	1,4777
5,5003	7,8348
-1,9709	7,6381
12,6437	-6,5831
2,1577	7,3762
2,3546	15,5678
-3,2161	-0,7505
17,2312	8,4902
0,1262	0,1670
11,2019	1,6088
-2,4296	0,1670
9,2358	-13,6610
-0,0047	-4,0271
6,5487	6,9826
7,4010	-16,6102
14,3474	-0,3573
-0,7255	-14,7098
3,6653	-14,4475
16,9692	-7,3698
10,1531	-17,3967
15,9206	-9,3358
3,5995	-6,6489
12,9058	-18,3797
-2,1676	-5,0104
5,3691	-5,4037
-8,4591	-11,1708
7,4007	7,3758
-10,6217	-0,1608
-1,9054	-5,5346
-11,0149	12,5532
0,1261	-0,0952
-9,3764	7,7693
-2,6919	10,7839
0,7162	-2,0610
2,2887	19,3037
5,9592	5,3444
-0,5292	7,3763
6,2213	13,8641
5,2380	-2,9786
11,3985	8,6214
1,8303	9,2109
20,2458	-7,1729
-7,0172	5,2132
9,1048	0,1669
-1,3155	-2,9788
3,7307	6,2617
-8,3277	-1,9958
5,6967	3,4438
-5,6408	9,2109
6,3520	2,5263
-0,9878	3,6405
0,1261	13,0121
-0,0048	-0,6193
0,1916	10,9806
5,4346	2,5920
-15,9302	8,6869
5,7624	6,0654
-16,3889	8,0314
-0,2670	6,6552
-15,2093	12,6844
-1,3157	-0,9470
-15,0127	10,8494
-1,6434	5,9997
-15,2092	-0,2916
-0,4637	8,7522
-3,2816	2,3297
1,1090	4,0992
-2,4294	11,6357
-0,5292	-10,3843
10,6776	0,8881
3,7962	2,0674
15,5929	-10,7118
-8,2623	9,9974
15,1341	1,0189