-5,3828	-9,0290
-11,9366	0,7359
-6,6281	5,5198
-10,6916	4,7336
-15,8033	4,1436
-24,7163	-7,7837
-12,9200	19,7414
-36,3819	9,3209
-23,7990	3,3575
-27,8621	19,9382
-19,2115	18,4308
-16,1965	21,4455
-5,0555	19,9381
1,0396	5,8481
-9,3150	34,5527
3,9235	14,5641
-3,8099	5,5859
14,9335	18,6274
-0,4022	5,9788
-0,2709	4,1439
-5,1207	9,9109
-3,7445	2,2432
-15,0168	8,4038
-11,8057	9,1900
-23,2088	-3,7203
-11,5435	13,2535
-20,7184	10,3696
-14,8201	-4,9001
-14,8202	11,5494
-18,8835	3,2262
-12,9196	14,6297
-10,0362	6,5686
-14,7546	-5,2276
-13,8372	9,3212
-6,0382	-0,4439
-4,2034	-16,5656
8,2485	-7,8494
-16,9173	-9,2914
-4,1378	-10,9954
-19,8665	-11,5852
-16,4588	-26,5928
-32,0564	4,3402
-28,9763	0,1457
-28,6484	-4,3103
-17,2453	9,5833
-17,3761	6,6341
-10,2327	12,5325
-4,2033	8,9279
-15,8688	-0,9024
-11,1500	12,4013
-16,1966	3,0294
-12,6574	-21,8084
-18,5558	3,4227
-12,7886	-12,5684
-26,0925	-18,5975
-8,3324	-14,0102
-27,0757	-29,8044
-18,8836	-30,1976
-33,4981	-25,8069
-21,4397	-36,1614
-31,6632	-16,4350
-24,9787	-18,9255
-26,6170	-22,3986
-23,0124	-16,0415
-15,4102	-17,6146
-16,0656	-17,1557
-15,9344	-18,6632
-26,2891	-24,1680
-8,9875	-9,6846
-8,1357	-7,4566
-5,1863	-25,8718
1,9572	-2,8033
11,9188	-13,0270
8,4455	-16,8279
27,0576	-5,2282
16,7687	-19,3183
31,5143	7,8792
36,1019	3,7502
34,5290	-7,3248
36,2332	24,0014
40,7551	22,5595
49,1438	27,9993
41,2794	34,5529
51,6343	34,6843
50,9133	58,1463
63,0374	73,8092
44,4254	60,3093
71,0332	94,0605
66,7077	99,7621
77,9801	98,7794
77,2593	113,7872
87,9416	114,2460
82,3712	127,1567
91,6117	133,9723
96,5926	113,6565
90,7598	149,3081
92,5294	143,3440
78,1768	127,8779
80,0775	143,7376
72,1473	133,5139
72,0163	137,5117
53,7972	135,7421
53,6004	138,8880
37,4784	150,6844
25,6161	151,0120
6,1519	134,7594
1,1708	151,8640
-19,8007	131,5477
-24,4542	111,4282
-36,9061	106,9715
-45,4261	74,7275
-58,6644	72,9577
-73,0170	50,1507
-72,7549	24,7227
-95,8239	25,8365
-103,7537	-0,8371
-121,2524	-30,9835
-132,2625	-33,4089
-152,2513	-66,8981
-154,0210	-76,1390
-178,1383	-92,9823
-165,6866	-126,6023
-178,5972	-138,0057
-170,4053	-150,9824
-178,3350	-181,2600
-179,1871	-183,4231
-174,4684	-201,1837
-173,2234	-221,3690
-164,4413	-237,3600
-155,8561	-266,8514
-141,8311	-262,9195
-130,8210	-281,4667
-108,8006	-303,9454
-110,9631	-303,4869
-95,2341	-314,8251
-77,4081	-334,0271
-58,7959	-341,0396
-55,7154	-351,1977
-29,5664	-336,9109
-34,0881	-335,0105
-5,8419	-339,5976
3,7266	-301,9799
18,2759	-293,3946
48,9470	-281,4665
59,2362	-256,8248
79,9461	-255,1861
83,3541	-238,0155
107,4716	-223,8597
103,2118	-233,6243
119,6617	-197,7759
113,0424	-187,1593
119,3340	-185,6513
110,0933	-159,2401
99,0176	-141,5453
90,4979	-126,2096
84,4027	-121,6220
62,2515	-127,6510
54,2557	-108,2523
34,2672	-122,0806
11,3290	-125,0294
-9,9048	-126,7992
-41,9526	-138,2026
-73,6067	-149,0161
-113,4532	-168,4152
-137,8987	-200,3313
-194,9157	-212,9146
-227,2911	-251,1883
-290,8618	-304,7314
-327,8247	-329,7670
-380,9751	-386,5222
-415,8411	-451,9933
-474,0377	-498,6559
-510,1488	-574,8751
-561,8573	-618,5885
-607,7332	-681,0454
-642,4677	-760,0169
-677,3993	-800,3226
-715,7382	-871,3648
-747,5893	-945,4868
-770,1339	-997,4580
-790,8437	-1077,6096
-799,5604	-1145,5713
-825,7095	-1217,3345
-831,9355	-1298,4688
-850,8756	-1342,5757
-848,3853	-1422,6619
-862,2135	-1496,1284
-851,3347	-1534,3370
-859,5922	-1597,1870
-852,7766	-1633,3633
-848,1888	-1671,3096
-840,7832	-1725,1150
-819,6803	-1738,0917
-808,4736	-1773,6783
-783,3728	-1805,6601
-767,3818	-1800,6799
-727,9942	-1830,4335
-708,1365	-1835,0210
-677,3996	-1831,9410
-651,2501	-1839,9362
-603,3431	-1819,3578
-580,8636	-1807,1027
-537,5437	-1810,0512
-499,0080	-1761,8165
-453,7875	-1738,0923
-415,5137	-1697,0005
-368,6549	-1665,3460
-321,5337	-1604,3311
-284,4399	-1533,4861
-249,7707	-1481,5152
-220,4757	-1433,8692
-191,1151	-1328,2242
-174,6652	-1262,1630
-140,7172	-1189,6788
-135,0808	-1109,6582
-104,8027	-1036,1911
-81,4062	-954,4665
-61,5484	-886,2426
-47,7198	-829,9459
-29,3696	-734,1968
-21,3083	-679,2767
-10,1017	-617,0161
-13,6406	-524,6750
-20,5874	-474,2769
-19,2767	-413,9826
-31,7943	-345,5623
-31,4667	-307,0262
-55,4532	-237,8194
-62,7932	-200,3978
-74,5901	-177,5903
-89,3359	-119,4595
-108,6691	-97,1769
-113,2569	-86,4284
-139,0126	-63,9493
-138,5542	-55,1017
-155,9214	-35,9652
-155,6594	-44,6814
-168,6356	-50,8415
-176,6313	-35,3751
-186,0683	-40,5528
-194,1952	-68,0121
-203,5668	-53,4632
-212,3488	-70,0441
-209,3341	-73,5175
-210,1206	-86,6250
-197,9963	-116,1818
-207,8266	-118,4758
-189,5420	-144,1665
-201,8628	-172,0194
-195,5058	-182,1124
-203,5013	-200,1350
-196,2923	-213,7667
-189,9351	-229,6923
-173,8788	-251,8435
-160,6402	-250,0743
-148,8436	-270,9152
-127,0198	-299,4232
-123,1530	-300,0788
-104,3439	-303,0938
-102,9676	-309,3853
-90,1223	-310,6961
-92,6780	-313,5139
-63,7766	-279,1075
-69,2159	-271,3743
-34,1540	-271,8979
-29,9594	-239,2610
-3,3516	-233,4937
5,6928	-224,4494
34,5288	-212,5873
32,8251	-206,4920
38,9200	-174,7069
41,6072	-154,8494
40,6896	-152,4895
52,6172	-114,3472
51,6996	-93,1133
65,9212	-75,2871
63,8896	-46,5165
80,7326	-38,0621
82,5022	-5,8180
96,2647	7,2893
82,6333	6,9620
89,5145	40,4511
67,5600	53,8204
73,5891	53,8864
57,2051	84,5574
58,8433	85,6062
45,4084	109,0029
55,6974	125,1903
43,7699	117,9163
39,6411	150,9465
51,3721	148,8493
41,8037	134,8250
49,0784	157,2381
34,6602	149,1115
34,6604	142,4926
28,6308	152,4541
32,4974	152,5851
16,1134	156,7794
32,4973	152,7816
13,8850	139,2814
12,1156	143,9997
9,2319	133,3827
6,0860	120,1445
3,9233	120,4720
-4,7931	105,5298
5,4306	109,9860
-5,4485	87,8346
-4,0721	66,4700
-11,7401	83,4436
-10,8880	65,2897
-26,0926	39,1410
-20,0632	48,0536
-35,0055	35,6671
-21,1774	26,5576
-29,8938	22,5597
-15,4758	6,5690
-19,2112	22,4940
-11,4780	5,5854
-9,6428	-14,2717
-13,8372	9,7143
-4,3344	1,9810
-5,7763	-1,4923
-7,0213	-2,0167
-3,6791	-14,3375
-0,8608	-5,6869
1,4329	-12,8961
1,8917	-32,5566
-4,5964	-7,9151
0,7775	-10,7989
-5,9728	-18,5974
-1,1231	-10,2744
-10,0359	-20,5635
2,0882	-16,8935
-3,2200	-12,5683
3,5300	-27,3794
2,8747	-24,4957
0,4499	-24,2338
9,6906	-31,2459
10,2803	-15,5831
14,3437	-29,9355
11,9187	-22,7919
12,1810	-20,7605
0,6465	-39,7000
7,0692	-8,1116
-3,9410	2,0463
9,8871	1,5224
3,7921	20,5935
2,6126	19,1517
-0,0088	25,9022
7,5932	31,5380
-2,6957	10,7632
6,4137	17,4478
6,1516	13,7775
3,5301	-17,8107
5,1030	-9,2256
-16,1308	-21,1535
-11,4121	-29,4764
-21,7671	-16,3038
-17,6383	-13,7478
-18,0316	9,6486
-3,0238	13,9085
-7,7423	4,4062
-1,8439	29,0478
-4,7274	31,6690
4,7752	16,0717
-0,2054	33,7009
11,2633	31,2759
17,3583	27,2783
17,9480	28,7856
16,2444	15,3508
9,6251	27,9336
16,5720	21,9697
2,6781	4,1441
5,7584	16,0716
-13,1817	10,6318
-0,9265	-1,7544
-21,3084	-10,1432
-20,6530	-20,6290
-30,5491	-4,4417
-30,6147	-17,1560
-36,3819	-30,7216
-39,7899	-9,9468
-38,5446	-8,8328
-29,6318	-11,7817
-18,1628	2,1119
-9,8398	-12,3712
-15,0823	9,7800
-0,1402	7,4860
8,3141	-4,4413
1,4984	10,8286
15,7198	12,2702
5,3651	6,7653
8,7730	6,2411
-2,3027	-1,0990
10,3459	5,9132
-6,1693	-0,3784
-0,0090	-14,3374
-16,6551	1,1946
-15,4101	2,8982
-24,0608	-12,8957
-25,1751	-3,6552
-20,5874	-3,6552
-11,3470	3,0296
-23,9953	9,4520
-23,1435	-4,3102
-18,8835	21,5110
-27,3377	20,7898
-6,0383	2,8989
-10,8880	23,1494
7,7899	7,9449
0,6464	7,5518
1,1709	10,0419
5,1686	-11,5193
15,9819	5,0611
-1,4506	-9,6846
7,3311	-17,2865
-4,9896	0,6046
-15,5412	-3,4586
-14,1649	-2,9997
-25,4372	8,4035
-17,0485	-7,9803
-20,8498	14,7605
-16,1966	-5,0970
-29,3694	-13,6819
-16,6554	2,1120
-28,9106	-0,3785
-11,4781	-17,8108
-24,4541	-0,6404
-9,7740	-8,2426
-15,9343	3,4228
-5,0555	-1,2304
-10,8224	-5,8176
-4,8587	20,3311
7,3967	8,6001
-1,7784	-2,2784
6,4793	20,2003
5,2339	16,9234
9,2316	20,6591
-5,9727	12,5325
4,1199	-5,5553
3,8576	9,7144
-2,1061	-0,3785
-3,1546	-16,6312
3,1368	-4,3762
-12,1331	-4,1797
0,2532	-10,8641
3,4644	1,1945
1,9570	-10,7330
-2,8269	1,4567
8,6417	-8,3083
4,7098	-22,5295
5,8237	-18,7942
0,7120	-29,4113
-7,2836	-50,3826
-7,2835	-41,2734
-20,7841	-43,5016
-6,5627	-34,4576
-6,9559	-34,3266
-1,9095	-40,0935
-1,5163	-13,5514
-6,1693	-15,4521
-3,3512	-24,1680
9,8213	-4,3762
-0,0088	-14,4032
10,4114	-9,9466
18,2103	-5,1627
16,1785	-19,8425
17,4896	1,7188
15,6544	-2,6068
14,4748	-9,0945
5,8895	11,1561
9,7561	12,7945
-3,8755	12,7947
7,7245	9,9111
-13,0505	11,4186
3,3991	13,7122
-11,0846	7,4206
-6,4316	-5,1621
-18,8179	16,7922
-10,1672	2,3742
-11,0192	-3,9826
-15,1479	3,3573
-7,0214	-5,5556
-13,6406	1,7190
-14,3614	1,5221
-18,8835	-16,5656
-20,9151	1,5222
-29,1728	-1,0995
-19,5389	-11,6505
-22,8159	-0,8371
-14,8859	-14,6653
-12,6576	-11,5194
-1,1232	-11,3231
-8,3975	-24,4300
6,8723	1,5878
-4,0066	10,7625
1,6949	-4,9657
-0,2055	13,9743
-9,6428	6,9618
-2,9579	15,2850
-0,5333	8,1414
10,0181	-6,4074
-0,0744	8,9279
16,5064	3,1605
14,7369	-11,8469
29,1549	5,2579
7,8557	0,1459
27,4511	-2,6064
12,6398	9,5832
16,8997	2,3744
4,7099	17,6443
4,3165	20,2656
-9,6426	-1,4922
-6,4316	15,2196
-4,5964	15,4813
4,7749	-3,7204
4,1199	15,2850
1,5640	11,1562
10,5427	15,5472
9,0352	18,8895
10,0839	5,7825
10,8702	22,9528
10,0837	13,1878
-2,3025	8,8626
13,4260	16,2026
3,9889	9,3868
18,9310	18,6273
5,4964	1,7188
24,0429	-14,3371
11,0670	21,1831
11,5912	7,2238
18,4726	-9,6841
8,7730	13,8432
7,0693	8,2725
7,7899	0,5393
4,6442	0,5391
-4,8586	-10,0120
1,1052	-0,8371
-9,0529	-3,3931
-3,8756	-10,8640
-5,4485	6,6997
-7,6767	0,4081
-8,2009	2,1779
-2,3684	12,3358
-13,7715	7,2239
-7,1525	13,7122
-7,6767	6,1097
-5,3830	-4,7689
-0,8609	6,8963
-5,7107	2,1775
-2,5647	-9,3567
-5,6451	-4,2450
-1,1886	-13,1580
-8,7252	-12,3059
-4,3344	-6,9321
-18,8834	-24,1680
-8,5288	-2,6722
-13,9683	-5,4904
-3,4825	-11,3883
-0,4022	10,0420
7,9209	9,1898
9,0353	1,7846
9,6906	10,3696
20,3075	-13,1577
13,4260	6,1099
4,8410	-0,3785
1,3674	-13,0266
6,6102	0,2116
-16,9827	-5,4248
-0,0090	-12,5681
-21,3085	-6,3423
-14,2305	-12,3715
-28,5829	2,8330
-15,9345	7,6825
-18,8180	-5,8175
-13,8374	9,8456
-19,1455	4,4059
-8,9221	0,3428
-14,6235	1,2601
-7,1525	-18,1386
-6,7592	-13,4856
-12,4610	-15,3865
-7,9388	-34,4572
-15,3446	-14,8620
-10,8225	-8,6364
-13,4441	-31,8357
-10,7571	-5,0969
-20,4564	-3,3932
-12,0678	-4,9658
-22,6191	1,6532
-9,8397	-12,1091
-18,0315	8,6002
-13,0508	-4,9005
-5,3173	-19,7769
2,4814	-8,7014
8,1833	-5,9491
12,1807	-18,9906
15,1958	-6,5388
10,7391	-13,5511
17,5550	-0,9682
2,0227	-10,4055
2,0228	-21,7431
-8,5288	4,0125
-17,5072	-7,8497
-21,6360	-12,2403
-13,2476	8,2724
-22,0947	-2,7376
-4,2035	13,2533
-18,2281	17,0542
-12,7232	-3,6549
-9,3152	6,5032
-13,5097	2,3087
-13,3783	-13,5509
-11,4124	-5,0314
-2,6960	-14,7966
-9,5117	-18,8598
4,2509	-25,2169
-1,7130	-38,0619
8,8385	-23,7096
-5,3829	-25,8723
3,8577	-34,5883
-13,9681	-11,5852
-6,3005	-15,9106
-15,2791	-6,2766
-15,8689	-0,9027
-11,6090	-8,4392
-12,1990	7,7481
-10,6914	0,6046
-9,6429	-19,7767
-5,3829	6,1754
-2,1717	2,8983
7,2003	-2,8032
5,5617	-0,9681
8,7076	-8,4392
0,3844	10,5007
10,8702	4,2747
-0,2055	-9,2253
6,8725	19,4793
-3,4167	11,4181
-1,3196	-9,5531
-2,2372	10,0420
-7,6769	7,4204
-15,0822	5,8477
-12,0022	13,4499
1,9571	1,3260
1,1050	25,8364
-1,5162	21,1831
-1,5819	4,2751
-1,8440	21,0523
-15,0168	6,5031
-4,6620	7,6174
-16,3276	11,2872
-16,1964	-3,0651
-17,7038	15,4161
-15,1481	6,8306
-32,1873	-4,4412
-15,5413	14,4985
-26,2237	8,7312
-22,2260	6,3722
-22,5537	19,4137
-20,6532	10,6320
-15,0169	27,9337
-5,1211	16,0714
4,3818	0,7364
-10,3637	26,3607
4,7097	14,0396
-11,2157	3,8819
-2,5648	18,5617
-6,5625	-0,9025
1,9571	9,4524
-14,5579	3,2261
-4,7276	-1,2957
-12,9196	8,2071
-15,4756	12,9255
-2,7616	-0,1814
-7,2837	15,2850
-2,8269	6,5030
1,0396	-0,6403
11,3290	1,0633
10,3458	-29,0176
9,4939	-10,6020
-3,5478	-10,7990
1,8917	-32,4256
-8,3977	-8,5705
-1,9751	-11,4541
-14,8857	-7,9806
-3,0236	-9,5535
-2,4339	-16,9588
-1,0576	7,9448
-6,1692	0,9323
-2,3028	-6,2763
-5,8415	14,4331
2,0881	11,6149
-5,4485	7,0932
-10,9536	15,6128
-7,7421	7,5518
-10,2983	12,4014
-3,5478	6,1754
-11,2157	-8,7012
7,1345	9,9765
-4,9898	-3,7861
5,6271	-2,7373
-6,4970	20,2001
3,3334	5,3235
-4,1378	13,5811
-4,8586	11,5493
-7,1523	-3,5894
-9,9706	7,8795
-14,6890	6,9617
-19,5389	-6,8006
-14,4925	6,7651
-16,2622	-3,1309
-1,3198	-4,0483
-17,1796	2,9638
-2,4337	-19,5147
-6,6281	4,9957
5,2340	1,4565
-1,0574	-10,4707
6,7413	5,3233
-10,4290	-4,5072
4,1853	-1,0335
-9,3151	4,0126
-7,7422	-4,5725
-2,2372	10,6974
-2,3683	10,4351
-3,2857	-4,2446
-3,7445	20,1348
3,2680	16,9888
6,2824	11,9428
3,3334	19,6760
-1,5163	9,6489
5,1685	13,9743
-7,4800	4,9956
4,8407	-8,0459
-7,2835	10,6972
4,2509	-7,0631
-9,1184	-3,3272
0,3187	3,6851
1,8261	12,1392
-4,1378	13,3843
-1,1884	4,0126
1,9572	-4,3758
16,0475	12,9911
9,3627	5,9785
1,4986	-10,2085
-4,4653	7,1583
10,2802	-0,0506
-9,8395	8,2726
3,0713	14,5640
-9,1185	11,0253
6,0859	24,1980
-3,8754	16,7266
11,5255	-5,2932
6,8069	15,3506
3,3334	6,6994
-7,1522	-5,3589
2,0226	7,0272
-5,9072	-2,9998
-6,3660	-5,6866
-4,0721	-2,4100
-4,7931	-15,7792
-2,4337	7,2239
-7,3490	-0,4442
3,0712	-20,6944
-12,0675	-0,9027
3,5956	-15,7140
-1,1231	-14,2065
6,1513	-18,8597
-9,1184	-26,0030
0,1222	-9,8812
-0,7952	-10,0124
6,9379	-17,1555
3,2680	7,7481
-0,9921	-0,3784
-3,8099	6,4376
-7,9389	7,8137
-9,3807	-8,8323
-19,6700	17,9064
-19,6045	15,2192
-33,7603	-3,5891
-21,2430	18,3654
-31,5322	5,3891
-22,8158	6,1757
-21,7672	9,1900
-8,4633	-1,7545
-7,7423	12,7945
0,1875	5,0612
-0,7296	-12,9609
6,3480	8,7314
4,4477	7,8136
9,3628	-12,6989
8,3798	3,4884
8,2488	-3,1308
11,1325	1,5879
11,2636	0,9979
24,2398	-12,6990
18,0138	-1,8857
25,7470	-9,1604
6,6761	-22,2674
17,8170	-2,2133
-3,4823	-3,9830
-3,0236	-2,8687
-17,3104	6,3064
-4,5311	-5,0968
-8,0698	11,8115
-1,4508	6,1096
-3,6788	-9,4877
2,3505	1,7190
5,9549	7,8135
-4,3343	-10,1432
1,8261	-5,4246
-14,5580	-10,8642
0,4498	1,9154
-3,8757	1,2598
-4,2032	-3,6549
-12,3295	16,7923
2,7436	12,9910
-11,0190	1,9158
-4,5311	11,5495
-15,2134	5,4546
-9,9706	7,2896
-4,8586	-1,2958
-4,2689	-8,8979
5,0374	-0,6405
4,1854	-3,4586
17,1617	-6,8008
13,0984	-1,6236
21,1595	-5,6211
23,0600	-0,1161
26,5990	3,3573
14,0816	-1,9510
15,0646	21,1832
3,2026	5,2579
2,7436	-1,9509
-8,7252	10,0420
-7,5458	-1,5579
-22,1602	5,8477
-21,2428	8,6001
-8,3321	-6,9972
-12,1988	18,4306
6,6103	-0,3784
3,1368	-16,6311
4,8409	-0,7061
2,1540	-12,4372
17,0306	-16,9590
4,3821	-12,6993
5,8895	-22,8574
3,3336	-14,7309
7,5278	-27,7073
-7,0866	-37,9962
5,9548	-13,9447
-10,2324	-21,1537
-2,7615	-16,3037
-5,9727	-3,1309
-7,0215	1,5877
-3,8100	4,4713
-2,9582	4,5369
-2,4993	-10,8639
-14,3614	6,3719
-4,0067	-1,9515
-20,7185	-28,3623
-14,0993	-13,2891
-17,3762	-22,5300
-11,7401	-23,9715
-18,0316	-19,1221
-12,5265	-29,1488
-14,6892	-5,6869
-1,3199	-4,2453
-13,8372	-16,8279
-6,5627	-2,6720
-12,5265	-6,6698
-15,3446	-4,3760
-9,5118	1,3910
-10,4951	-17,6144
-9,5117	-9,9466
-12,9852	-5,4249
0,1875	-19,8427
-5,3175	-2,2790
3,7921	-5,0316
-8,4630	-14,7308
7,9866	-6,3423
2,9403	-13,6824
14,8678	-12,0438
7,8556	-4,5073
13,0329	-15,6483
5,8896	-2,6066
9,4283	-14,0100
4,0544	-14,7962
-6,5626	1,9809
-7,4144	-6,4732
-6,1695	5,3235
2,0226	5,9787
-8,6598	-8,5045
3,7266	10,6974
-7,2179	5,1266
6,6102	-13,0922
3,0058	-0,7714
9,6248	-7,5874
2,8748	-3,3929
7,5277	-1,2304
3,4645	-7,5872
4,5129	3,2262
-8,0043	-6,8009
-3,6136	-17,5486
-15,8032	5,5199
-20,1285	-8,8327
-12,6574	-16,8934
-16,3931	-9,8811
-16,7863	-12,1094
-15,1479	-2,2788
-12,0677	3,1605
-17,7692	-9,4221
-4,7932	22,7560
-10,1014	5,3888
7,4622	-0,1814
7,2656	16,0059
11,0013	11,7459
14,8026	12,6636
15,6544	14,6294
14,9991	-9,4221
5,6273	5,3234
3,7267	-0,1163
-7,8078	-8,3737
-4,8585	1,4567
-14,1648	-1,6890
3,0057	-0,3782
-11,6090	3,3573
-8,9219	-9,0290
-6,6937	-5,0313
-3,6138	-14,4032
-21,5048	-25,1510
-10,0362	-17,7456
-12,4609	-17,7458
-10,6916	-29,1488
-17,3105	-13,3547
-15,8033	-25,4133
-6,8248	-9,0947
-13,6408	-4,9661
-7,4801	-15,1895
-15,0169	-0,5748
-3,5479	3,2261
-10,1672	-3,9827
-1,7129	9,7799
2,6780	-2,6064
10,8700	10,5664
4,7099	5,9132
27,7130	-6,0142
12,7053	12,5980
18,4725	12,6633
8,9043	2,0467
11,9186	15,5472
0,5810	15,2194
4,3163	18,9552
1,7606	20,5934
3,3333	0,9329
14,1470	19,9383
11,0013	20,8555
26,0091	-1,5574
15,1301	32,0625
24,3709	22,6906
20,1110	22,6908
25,4850	20,3968
11,0017	3,1610
28,8272	14,3020
13,8851	0,3425
17,4894	-20,8909
16,8997	-1,1648
16,2441	-9,7504
19,4556	-23,2504
14,5401	-1,5580
15,5233	-13,1579
3,4646	2,7019
10,0181	-0,3784
-6,4971	-13,8785
-4,8587	11,7461
-13,9682	7,3549
-2,0407	7,2897
-12,8541	21,3143
2,6125	7,1584
-9,5116	9,9111
-1,1887	12,8599
-11,4122	-9,2911
-8,1356	0,2771
-11,0847	-3,1966
-1,4510	-18,5318
-3,0236	-8,3082
-4,3999	-10,4055
8,9696	-11,4539
-5,4484	-7,8495
6,8724	-17,9419
-1,6473	2,8986
9,2316	-5,7524
-1,2541	-15,7136
4,2509	1,2601
-9,8393	0,6702
2,3503	-5,0968
-3,0891	7,0274
-1,1231	-1,1646
-8,6596	11,2217
-9,6428	2,2430
-17,4416	-18,6627
-23,7987	-3,5895
-7,4802	-2,0824
-17,1141	-11,5194
-7,0868	-2,6721
-4,5966	-10,9296
-0,4677	2,4397
-10,1670	-4,7039
2,2193	-23,7746
-7,4145	-1,3614
-2,9581	-8,9636
-13,9681	-2,2788
-0,0091	4,7335
-2,4994	-8,8325
-11,3468	-1,8856
-0,6642	-2,1478
-6,0384	-8,5048
-2,9580	6,5030
-12,3299	5,9130
-7,4145	-9,8808
-10,7571	13,5811
-5,5796	7,5516
-18,0315	6,7654
2,3503	4,6027
-15,3445	0,8670
-9,7739	5,2579
-22,4225	6,5029
-14,4927	-14,9926
-31,0078	11,2873
-16,5900	10,5661
-27,9276	1,6535
-18,0316	5,7822
-16,1309	2,2433
-6,1040	11,8115
-6,5626	0,5393
-17,7039	0,0806
-13,5749	20,3312
-22,8813	14,6294
-13,6407	2,8333
-23,6677	19,1516
-11,6090	11,2218
-9,6428	13,5810
5,3649	5,3234
-8,0698	-1,4266
8,8384	11,4838
2,0881	1,7188
-11,4122	-12,3713
-3,7442	0,4738
3,5300	3,8159
0,6466	-0,2473
4,3819	1,7188
6,7414	-2,7375
-2,6959	12,9911
-0,2055	6,3718
-7,0869	-1,4267
1,8915	17,2510
-6,7593	10,3697
3,3333	11,0910
3,9233	23,0839
8,1831	14,2366
6,5450	19,3484
15,1954	19,2171
0,8432	-15,1236
-2,6959	10,0421
-3,6134	2,5706
-8,1356	-6,1453
-7,0869	4,2747
-18,2282	-2,4098
-3,5479	6,7654
-13,7063	11,6804
-9,0530	-5,5553
-15,6723	15,7439
-8,3978	14,6294
-15,0169	-3,0651
-7,5456	8,9935
-13,3128	4,4059
-2,3684	3,7506
-11,9365	-2,1477
-5,9074	-15,0583
-15,1478	9,1899
-11,8056	-5,9491
-8,0044	-13,3543
-13,3784	7,6827
-0,9264	1,7842
1,1706	-8,1770
-6,1038	-1,6890
-4,3343	-12,3058
-4,7276	3,8815
-17,4416	-0,7716
-7,2836	-12,6989
-20,3254	9,5833
-13,9028	5,7164
-20,0631	-4,9001
-7,5459	6,3065
-10,8881	-0,9681
-5,4486	-2,8686
-2,3683	2,5052
-4,5309	-14,4685
-1,3195	-1,1648
7,7898	-11,1921
0,7120	-32,8188
-3,0235	-17,0247
8,5109	-24,5614
1,4329	-16,6970
7,1346	-11,3230
-10,6912	-16,1723
4,8407	8,7967
-0,5334	-4,1795
-3,2203	-12,1091
-5,4484	1,4568
-1,9095	-7,5873
4,5133	-10,2088
1,1707	-15,7139
5,1688	-25,2821
8,9694	-18,8597
2,1539	-20,0396
-8,5285	-36,7509
5,2996	-15,3864
-1,5163	-25,0203
7,7243	-29,2799
-2,9580	-16,3038
11,3944	-20,6291
0,1878	-9,6844
9,6250	-1,5582
4,1855	-12,4370
6,6103	-0,1163
-0,4676	-4,9006
3,5954	-23,5782
-4,2687	-6,6043
-4,9243	-20,7602
-3,8100	-10,4709
-0,7956	-6,5389
-9,6427	-14,8617
-4,1378	10,6974
4,8408	7,7480
4,3164	-10,4707
14,8679	-0,1161
11,7877	-5,1625
16,7030	-10,4054
6,8726	-7,0631
18,9967	-10,6019
8,3143	8,9934
11,1324	-2,2789
5,7585	-10,9293
3,4646	20,4624
6,7415	18,5616
4,2509	6,9620
4,1855	7,5517
-4,1377	5,8477
-8,3319	14,8917
-5,1865	15,5469
-4,7278	-4,3758
-16,1311	19,6105
-5,4486	15,1538
-14,5581	12,4016
0,0564	18,8239
-7,0868	8,9935
2,4815	14,4987
1,6952	14,5639
3,3989	-4,8346
-7,2833	4,3404
-9,7084	0,1458
-19,9976	-14,1407
-27,9932	11,4836
-25,3718	0,0147
-30,5492	3,6195
-20,3253	6,3718
-21,6361	-17,2208
-3,3515	5,2578
-12,1987	-6,9978
-3,7445	-19,9081
-5,4484	-3,3275
11,8531	-8,4393
-4,9895	0,9981
12,3119	11,4183
4,3165	4,7993
-0,3367	14,7608
-5,3829	5,9131
-4,2033	-4,0480
-11,5433	10,3696
-9,5117	0,0147
-3,4824	-13,2888
-9,1187	0,5392
-16,5898	-3,5897
-20,5220	-7,9149
-17,8351	3,2917
-27,7965	2,1122
-4,5312	8,6003
-13,1818	14,4328
2,6779	-8,0459
-8,8562	2,8331
-0,7955	-6,9976
-5,2519	-8,5704
-20,1942	-7,5876
-2,1718	-18,7940
-14,0341	2,7018
-8,8563	-0,3130
7,2654	-22,3985
12,0497	-3,8519
14,7368	-26,1344
28,3029	-24,6269
23,4533	-22,3333
26,2715	-27,7070
20,7664	-3,9831
20,6352	-8,5707
9,6907	-22,0051
7,1346	3,4882
-6,4313	0,6046
-5,0553	-3,8515
-9,4461	13,4499
-9,1841	7,7483
1,4984	8,6659
0,9085	6,6996
11,1979	-14,0096
6,2825	3,6193
6,2827	-7,4564
-3,8100	-20,2358
-1,4507	-10,9953
-7,3491	-16,6314
-3,0237	-4,0484
-9,5773	-13,1580
-11,5434	-23,0538
-9,7738	-1,0992
-10,2328	-3,5900
-19,5386	-26,9203
-13,1164	-2,7377
-18,6869	-6,8010
-17,7695	1,8500
-17,0485	8,1414
-16,1310	-3,3928
-11,2813	17,4477
-17,0486	13,7119
-21,7014	-4,4413
-20,5217	11,5494
3,9887	10,5006
-4,9242	-2,6064
7,9866	3,6850
-0,9262	-0,0506
15,1300	8,5347
8,0521	11,9425
-3,0235	1,7847
0,7122	13,2534
-0,0091	16,5955
-1,9749	2,3088
-10,3638	5,8477
-5,9071	-3,8518
-13,9682	2,7020
-8,9218	8,7310
-17,4417	-2,8685
-14,8857	17,8408
-18,2282	13,3187
-15,3446	-2,2785
-15,0169	20,0036
-5,3176	9,8453
-14,8202	-0,1160
-4,0068	6,3063
-10,1015	-16,6968
-8,2666	-7,3252
-4,3342	-14,4689
-2,3029	-19,3839
2,7437	-0,7715
-0,7300	2,1774
-1,3196	8,0759
-5,7762	15,2195
4,3819	12,7949
-6,6281	36,1912
12,3118	26,2295
-0,8609	9,1905
11,4599	27,8680
7,2001	14,4330
0,9742	4,9303
3,5303	13,0566
9,3627	2,6364
0,9742	7,7483
1,0397	5,7164
1,7608	-6,4730
8,3797	5,6511
6,3482	0,2770
-3,3513	-12,3057
-0,0743	1,4568
-16,3931	-0,7715
-5,1863	1,8500
-19,3423	3,8815
-11,8055	-3,2619
-19,6700	11,1561
-9,7085	-0,3128
-16,1310	3,3575
-10,6914	18,8894
-8,3319	18,8239
4,8406	24,4602
1,6951	31,6690
1,3673	9,5180
0,8432	24,6569
-4,4654	19,2170
1,3674	-4,5723
-9,2496	15,7438
3,3335	7,1583
-7,4145	-3,3273
2,4160	3,4885
-1,3851	-8,8979
2,6781	12,2703
3,4646	5,4544
3,9232	-16,1722
-2,1714	16,6612
12,1153	8,0101
1,1052	-1,3612
-0,2710	3,6194
3,7267	-5,4901
0,6465	16,5957
12,7707	17,1198
-1,0574	2,6367
13,9506	35,3390
9,6906	19,4792
19,6522	9,0593
15,4579	25,5742
17,6205	20,9210
7,9212	24,0014
13,3605	17,6443
2,0228	1,1950
7,0689	21,5110
-3,0890	15,6780
4,3820	-6,6040
4,5131	10,9597
2,9402	9,2554
-0,0088	-0,7058
0,7120	4,0782
7,9210	-2,3443
-3,4168	-1,5580
-0,0744	-8,7015
-3,7445	-25,9373
1,3017	-9,6190
-10,6258	-20,3672
-1,1888	-17,8765
-16,0654	-3,3931
-15,9344	-9,4879
-20,0631	2,8986
-14,0339	8,2068
-12,5920	-2,9996
-14,0995	11,6149
-7,8077	3,3572
-0,5335	-5,5555
-3,0891	5,3889
-0,3368	-5,9490
-1,7129	-13,5511
-7,3491	-6,2111
-3,2857	-18,8595
-10,8225	9,6486
-1,4507	-2,8690
-15,8032	-11,8471
-5,2519	1,1945
-15,2790	-4,9659
-13,3131	-2,4098
-30,7456	7,2239
-30,2215	1,1948
-30,0903	21,1179
-30,3528	25,7052
-22,0294	18,0378
-26,8793	29,5065
-18,6214	19,2828
-24,4542	15,3506
-14,0994	5,8478
-16,7864	-3,1962
-5,6452	1,2601
-10,6915	-4,6383
-2,9583	-8,0461
-11,5433	-0,4439
2,4814	-1,0994
-3,0236	-13,0922
0,3188	-4,6382
-2,8268	-7,5875
8,5107	-1,0338
2,9403	2,0461
-0,5333	-20,3668
-0,0743	8,2725
1,4328	5,6510
3,0713	5,4547
-2,4993	15,4161
15,1955	13,1879
12,5086	20,0693
21,0284	20,0036
8,1833	9,3870
15,1957	30,2272
2,0229	19,6102
3,7922	-4,4412
-7,0867	10,5663
1,0396	-6,4078
-5,1207	-19,9735
-2,6305	-5,7525
-10,1016	-12,5027
-19,6700	-7,5875
-18,9490	2,5050
-19,6701	-21,2188
-11,0192	3,8160
-17,1797	1,9152
-9,3151	-8,8979
-8,3978	7,0274
0,3186	-2,8031
-6,9559	5,9788
-7,8734	0,8670
-9,3151	-10,6673
-11,4780	1,1946
-18,0970	-5,6214
-13,7717	-17,8764
-9,9704	-3,3931
6,4789	-12,2405
2,2850	-6,9320
6,4792	-2,9344
15,3268	-10,7985
8,7075	6,7651
11,3945	2,9639
-2,8925	-10,2086
-0,8609	3,2918
-19,7354	-4,7693
-9,5120	-5,2280
-39,5930	-1,6237
-19,7356	-12,0438
-25,6994	-0,9027
-23,7989	-16,0418
-20,1287	-23,7092
-16,7211	-0,7062
-19,6044	-9,8159
-12,0680	-13,4855
-15,2790	0,7358
-14,9513	0,3426
1,1051	9,5178
-9,1186	12,2046
10,0837	-4,7688
1,2363	26,2296
15,1956	12,5323
7,4623	2,4401
8,9041	17,5787
0,9088	8,2070
10,3458	0,6705
3,8579	0,9324
9,8869	-19,1871
-3,8753	-1,4924
0,9086	-7,7842
-4,7929	-27,9690
-9,3151	-11,5851
4,8407	-13,5513
-7,7424	-12,5026
3,3990	-12,5682
-5,7106	-23,0538
8,6420	-4,0484
5,4306	-10,7332
12,1810	-19,7114
9,4938	3,0296
5,2341	16,4643
-3,7443	6,9620
8,4453	24,5257
3,8578	12,2706
5,8239	31,8659
13,0329	24,2634
4,7097	12,7947
-1,7782	15,9404
-1,1886	16,2024
-0,5987	13,1879
0,0566	14,4330
11,9188	5,9789
16,8339	14,1708
17,8828	9,5177
19,4556	-1,0989
22,9945	19,6103
12,0500	10,3041
13,2295	1,1294
2,9403	14,4331
1,1707	10,7628
-4,2032	-2,8030
-9,3808	2,7020
-13,8371	-7,5217
-23,8642	5,0611
-8,0701	-10,0124
-15,5413	-28,8864
-6,8904	-2,6722
-12,1988	-13,4203
3,5300	-16,6314
-7,0868	-8,9637
2,5470	-14,5342
-3,7445	1,1946
0,9085	3,3570
-6,1038	-20,2356
8,8383	-3,5894
-0,4677	-7,3253
4,1198	-18,9250
-2,1059	-4,9659
6,8723	-9,8156
-2,8268	-0,3128
8,9041	5,2577
7,0690	-1,4266
6,4136	22,1664
0,7122	22,6905
10,5424	17,1857
5,9549	18,5618
2,2849	8,0761
8,3140	8,0105
-23,6020	3,3572
-9,6429	-12,9609
-17,9662	11,4839
-23,9301	8,4690
-23,2745	-14,2716
-17,7041	15,2850
-19,9976	8,3381
-10,8226	7,6828
-11,8711	7,9448
-10,1016	-5,0967
-2,5648	6,5686
-10,0361	-6,6699
-5,0552	-20,7599
-3,6791	3,6849
-11,6745	3,7503
-13,3784	-6,2765
-3,2204	8,7968
-14,0337	-3,3273
-5,0554	14,4985
-11,4778	2,0465
-4,9243	-8,3737
-12,3951	-0,0507
-6,9559	-10,4711
-7,3489	-17,5488
-8,0700	-9,5536
-4,6621	-17,8766
-25,0439	0,4082
-12,4609	1,7843
-25,5029	-1,1646
-26,7480	16,9889
-36,0541	11,4838
-18,6871	0,9983
-25,6338	15,0884
-11,6090	13,1222
-9,2496	11,8117
-10,2326	17,0545
-0,9918	6,8965
0,1221	21,2489
7,0036	22,7561
2,0227	12,6638
4,2511	34,4872
-9,8394	15,8093
-7,7422	13,3192
-16,8519	11,0252
-13,9029	-1,0989
-24,7164	15,2194
-19,8667	9,5831
-23,6023	-3,9824
-15,2792	18,2996
-14,3614	14,4983
-0,7954	3,1608
3,0058	13,7121
7,2657	3,6851
4,8410	13,8431
6,6102	4,9301
-1,1229	-9,4876
-6,6282	10,3040
-3,9411	-3,4588
-12,7887	-18,2695
-10,1016	4,9301
-15,9343	3,2916
-9,3152	10,6317
-19,0146	11,8113
-14,1648	-4,7691
-18,6214	13,7776
-6,6283	7,3548
-27,0099	-7,6526
-3,9413	9,5833
-17,4418	11,8769
-7,8734	-0,8369
-6,4972	8,7314
-7,0870	1,2603
-0,0089	14,3673
1,4328	-0,7718
12,3121	-17,3520
19,0621	1,5221
22,0769	-7,5220
2,7437	-18,5974
11,5256	-14,4686
-0,4022	-17,5489
-3,9411	-9,8157
-11,3467	-15,4520
-7,1525	-26,9205
-6,1039	5,1267
-4,5966	2,1119
-6,1693	-4,4412
4,0543	12,6635
0,1877	1,9810
0,7774	5,2579
-2,3682	-5,8179
-9,0529	-19,3182
0,1222	-3,5896
-14,4925	-3,1311
4,9062	-15,8448
-17,9660	-4,9003
-4,9242	-6,3420
-9,3806	-1,4267
1,4983	5,6510
-4,6618	-16,5657
15,5889	-2,0823
21,2250	-9,8160
12,1155	-40,0934
26,2714	-26,7895
13,2295	-20,4984
15,1957	-27,2484
9,2973	-20,6293
8,0522	-30,1319
-6,6280	-1,7547
3,6613	-8,5051
-2,2373	-15,7792
-3,2858	7,6825
-23,6020	-6,5389
-11,8057	-6,3420
-31,3353	1,7187
-21,7672	-3,1309
-28,3208	6,5685
-24,5854	-1,4924
-32,0563	1,3259
-17,2453	15,2849
-20,8497	8,6001
-17,7696	-7,3248
-14,0993	16,1370
-14,1650	2,8986
-8,9874	13,0568
-15,4100	15,0883
-11,2811	-1,2300
-12,6575	21,3143
-5,1864	8,2724
-17,5727	1,1292
-5,7762	12,9911
-12,7884	-1,3614
2,2191	-0,7714
-15,2133	15,5470
-5,2519	-0,9025
-10,6914	12,7947
-4,2689	9,3210
-7,2179	-3,6547
-3,4824	18,0375
-0,2709	6,1753
2,8746	-2,7373
7,3967	4,9301
-4,9898	-9,4222
-4,4654	-5,4247
-9,4462	-6,2112
-1,8441	-17,4832
-10,8880	-1,8856
1,1707	4,0126
-3,2857	-7,3906
-1,5162	9,7799
-1,0572	-3,4585
9,4937	2,7019
7,5279	-2,2136
10,4114	-19,9080
12,5087	-2,0824
8,5110	-7,9153
15,5889	-21,3499
3,0058	-3,7209
5,1686	-11,8474
-1,2541	-13,1579
2,2848	-5,4247
-13,7061	-12,8957
-8,0698	-1,1647
-12,9196	-0,5749
-4,4656	-7,5217
-12,1332	5,5855
-5,5797	3,8159
-6,9558	-8,8979
-7,0214	2,2431
1,3673	-7,6528
-7,8733	5,9788
-5,7761	9,0588
-15,5411	-4,9656
-14,8857	17,3822
-21,7672	11,4181
-17,2451	2,2434
-22,0294	16,7267
-17,4419	4,6680
-19,8667	11,4839
-15,0171	15,3503
-27,4686	5,2580
0,3185	16,9235
-0,4023	19,7413
2,3503	2,4401
4,3821	15,4161
-1,1230	11,1561
-0,5332	13,6467
-16,6552	17,9064
-8,3977	14,0399
-26,4859	21,7732
-23,0122	25,1809
-29,1728	7,9452
-17,3106	26,6229
-9,3808	11,8116
-6,3661	8,7973
-9,1184	24,5911
-0,5332	4,8650
-19,2110	21,6421
-3,0238	15,4159
-28,9105	-5,6208
-26,0270	18,5619
-24,7163	11,5492
-30,6148	4,1439
-27,4688	6,5031
-23,9301	2,2433
-16,9175	12,7290
-21,7017	8,7313
-11,1502	12,9258
-16,3275	20,5279
-3,6790	22,4940
-9,5116	14,6954
9,6249	26,4264
-4,3342	26,4262
17,3581	24,4602
0,6466	18,6274
10,9357	0,4741
4,8409	17,5133
5,4306	5,1267
0,0567	-5,8830
-8,6597	14,3018
-5,7761	6,5029
-7,6769	0,0808
-7,6768	13,7776
-19,4733	11,0254
-4,4000	41,2373
-7,6768	27,9990
0,4498	19,0210
-1,1885	28,3925
8,4452	16,5304
0,0567	10,3044
4,9064	2,3744
10,4769	-8,2424
-2,1717	5,6510
10,1493	-8,5705
4,7751	-20,3667
3,4648	-4,1139
5,1686	-6,0146
13,9505	-22,2673
-2,0405	0,6702
-1,5161	-6,9975
-5,6450	6,5686
4,7096	3,4882
-11,1501	-10,0119
-5,3830	8,9279
-13,6405	1,5222
3,1366	-14,7960
-9,4462	3,2919
-0,5333	1,8499
-4,0065	0,8015
1,5638	2,3087
-0,0744	-3,8514
-13,9027	21,6419
-10,1014	12,4012
-12,7232	-2,5406
-20,5874	17,5787
-25,1095	9,1899
-15,2791	4,2749
-24,1921	13,2533
-19,6700	6,4376
-17,9661	14,1710
-4,9245	17,1200
-12,3298	6,1756
-0,2056	24,5911
-2,9581	8,4690
-8,7909	-0,2469
-11,2156	7,5516
-7,4802	-5,0313
-9,4461	1,8499
-7,4801	-8,8324
-3,3512	-14,5339
-4,8586	5,5854
9,8870	-7,7185
-9,1185	-18,4005
0,8430	-2,8687
-11,7399	-5,7524
1,4327	-11,0606
-4,4655	-5,0313
-2,2373	-7,1940
-14,1646	7,9447
2,2193	-3,9830
0,0566	-11,8469
-2,6960	6,2409
-0,3365	-2,6721
-6,6282	-3,3929
-10,2326	-3,5240
-11,9366	-5,0969
-11,0847	3,0295
-16,9831	-2,9998
-20,6531	-12,3712
-29,0417	4,2748
-12,3956	-11,3230
-28,9107	-10,7986
-16,9174	0,0146
-25,8303	-14,6653
-6,1040	-4,2450
-14,2304	-6,8010
-12,5921	-17,7452
-8,0699	4,0126
-5,0554	-4,9005
-1,2542	-20,4978
-7,8078	-0,2473
1,8260	-6,6697
-9,2496	8,8624
0,3845	14,5639
1,0396	4,6684
9,1007	27,9337
2,2849	23,2803
15,0645	10,3045
2,7438	27,0816
10,0183	18,5618
8,6421	16,7924
3,7922	15,4161
7,3313	8,9938
4,2509	24,4602
2,9404	12,7945
2,2193	-1,4921
4,4477	13,7121
-0,8608	12,1389
3,5957	-1,4266
-2,5648	18,3652
5,5617	9,5834
0,2532	19,5449
4,6442	13,7120
-1,5817	-4,4413
5,4306	12,1392
-2,1716	8,7312
-1,5818	0,4738
-6,4314	4,1438
1,3672	1,1947
-6,3004	3,5540
0,9085	5,8476
1,4985	-9,3566
-6,8248	4,6680
-6,3003	2,3085
-9,1841	-7,8493
-7,7423	2,5708
-14,6235	-0,7715
5,1683	0,2772
-0,5987	-1,6891
16,4407	-15,3203
3,2681	-0,1818
11,5256	-14,2722
5,1685	-22,9882
10,2803	-6,0145
1,8262	-0,7063
13,1639	-6,7354
9,7562	6,3718
13,0985	-7,7183
14,6060	10,6318
14,6713	6,8960
16,8341	-13,4198
6,5448	1,7844
20,1763	-12,3060
5,6273	-14,7964
19,3244	-11,5851
4,8408	-16,3693
6,0861	-4,5727
-1,5161	-4,3107
6,6102	-16,1067
7,4623	14,4985
9,9525	10,2383
8,5766	-4,4414
19,0622	10,3697
9,6251	3,5539
11,1323	10,3696
7,7244	-3,8517
-4,0722	-5,0967
2,2192	1,0635
-14,9512	-7,4564
0,8431	-24,7576
-7,8734	-7,1286
5,7582	-9,4879
-6,2350	-10,5364
-2,1062	-3,1309
-7,4146	-11,9781
1,6948	6,2408
-2,6959	-2,7378
1,2360	-17,2208
-3,5478	12,1392
-3,9412	0,9324
-2,4337	3,2919
-5,6453	15,6126
-6,2349	11,6150
-17,7038	14,1709
-6,8247	12,1392
-10,1017	-2,9339
-8,9220	20,4623
-13,8372	8,6000
-0,9922	-4,4413
-9,7739	5,7166
-3,6135	1,4567
-6,1692	14,3674
7,6586	7,8136
-4,2686	-0,7057
7,0689	16,6612
5,3652	8,7311
-0,4021	-11,7159
5,4962	-0,1162
-4,1378	-2,8034
1,3674	-17,0246
-8,4632	-14,4033
0,5810	-30,7217
-3,2202	-14,2722
5,0373	-19,3842
-13,4438	-38,3894
4,3821	-15,2554
-2,1716	-23,9063
6,1516	-23,7094
-3,6788	-12,6995
3,2024	-21,2845
0,5154	-10,6677
-6,4316	-18,9908
-0,1399	-28,8209
-7,7424	-6,9976
-0,2056	-6,9321
-3,8758	-13,1578
-1,7127	-2,6721
4,5131	-14,0099
22,3391	-6,7353
15,9167	-6,5389
31,4487	-17,5487
20,1111	-1,8202
26,9922	-10,2743
17,9483	-3,5239
19,4555	4,8646
12,5743	-3,1307
18,2758	-1,4266
10,5427	7,4206
17,4894	-3,6549
15,9166	8,2726
7,6591	-2,3443
13,2952	-3,4581
0,8431	15,8748
2,4815	9,7798
-7,3490	-0,8368
-6,6282	6,0443
-14,1649	1,3914
-8,9877	12,2703
-17,3763	4,7991
-16,3276	-7,1282
-18,2936	14,1709
-11,5435	5,5854
-8,6598	-7,3905
-11,4124	6,5685
-7,0213	-3,9828
0,7773	2,8330
2,9403	9,3209
-3,0890	-6,2765
6,6759	3,5539
-1,5818	5,1266
-0,7299	-9,4878
-20,5874	-9,9467
-12,1989	-15,4518
-28,3208	-17,4179
-21,2429	-16,5005
-16,9174	-20,8257
-4,2691	-0,9027
-11,0846	1,3908
-14,6891	-14,5340
-7,8078	14,2364
-18,6215	7,8792
-18,2936	6,5686
-14,7548	-0,2471
-9,6430	-5,0312
-14,8203	8,1414
-4,7932	3,8159
-18,3591	-10,6674
-3,6135	14,1708
-13,5094	7,9447
-0,5989	10,7631
-5,3174	23,8048
3,8578	22,4941
12,7708	24,5913
16,3752	16,5958
13,4918	-1,0333
15,9166	18,5617
15,9822	-1,0337
5,1686	-3,5892
6,8728	16,6611
5,4962	6,8307
4,5133	13,7777
1,3019	11,4837
7,5278	-3,6549
-3,6789	7,4207
7,3967	6,8962
3,2023	-12,8300
5,1030	3,4229
0,6465	0,4080
2,5470	4,0782
-1,4508	7,2238
-5,3830	-11,9126
-5,6451	4,2093
-2,4995	0,6044
2,3504	-21,2843
3,7921	2,5707
10,3460	-2,0170
14,4092	-7,1285
18,3415	-6,9320
20,3075	-24,6267
29,6792	-6,4077
19,1279	-15,8452
20,7663	-35,7678
7,2003	-15,0585
9,2318	-14,0102
-1,3851	-15,3861
-1,1886	-11,9783
-9,5117	-6,0800
-11,6089	-0,3784
-9,1840	-6,0145
-7,8735	-10,4708
-12,5264	5,2577
-12,0677	1,5877
-2,3028	7,8794
-9,1186	12,9912
-7,2180	8,4037
-23,9298	19,7414
-11,9368	10,8285
-29,6315	-0,4435
-17,8351	20,9211
-28,7140	13,7119
-15,2792	-3,4581
-27,3378	10,8942
-18,2938	3,0952
-18,8178	2,8987
-7,0215	15,3504
-4,9897	6,3066
1,8260	24,3945
7,3967	10,5007
3,9888	-1,6231
-0,0088	13,9742
-3,8099	-2,8032
9,2316	-14,8617
-9,0530	-3,5242
-4,3345	-13,2891
-20,1286	-0,9682
-8,6599	4,0779
-17,6383	-1,2956
-10,5604	19,8070
-3,3513	15,8747
0,7774	2,2435
4,5133	21,4453
8,8385	-9,3568
9,6905	-5,6210
-5,1207	-9,4881
7,9210	-23,1848
-9,1840	-1,8202
2,7437	-2,4102
-0,9919	-18,8594
7,1345	5,0612
-3,0890	3,1605
11,5256	-2,9340
2,9402	5,5855
3,1369	-7,6526
0,3845	12,9910