3,9923	0,5348
4,3857	-5,5600
2,8783	3,8116
4,5168	-1,9556
1,2400	-3,5284
5,7620	2,9596
-1,4470	-1,9556
7,2038	4,7292
-4,0685	5,7776
-0,0708	-0,8414
-4,5928	4,0082
-2,4302	-0,3172
-7,9352	3,6150
-1,5782	-2,7420
-2,8234	-7,5261
-3,9375	-0,9725
1,2400	-3,3974
1,8297	-4,7081
8,0558	0,2726
3,7303	-7,3952
3,7960	-4,7081
5,1722	2,3041
10,4807	-7,6573
2,3542	3,4839
12,5123	6,6951
6,6140	0,7970
6,8107	8,2682
3,8615	8,5957
1,6987	4,0084
-1,9713	11,4794
-4,5273	0,2072
-5,5104	4,5326
-13,1782	3,6150
-10,0324	-1,9556
-12,9817	0,9936
-12,0640	-0,3172
-10,2946	-1,5623
-5,0516	2,7630
-11,5396	2,1731
0,6501	-0,7104
-9,8357	1,7144
1,8953	-1,9556
-4,5928	-0,5793
1,8298	-0,0551
-2,1679	-6,2155
7,2037	-2,1522
-1,4471	-2,3489
-5,5103	-1,6935
-4,9860	-3,6595
-1,5128	-6,1499
-11,1465	-3,6596
-14,6855	-3,5285
-11,4086	-4,3805
-8,7873	-4,9703
-11,8019	-4,5116
-15,1442	-3,0041
-1,9059	1,7143
-10,0324	-5,1014
-6,4934	-3,2008
-11,9984	1,3866
-4,7896	-3,1354
-16,0617	-2,4144
-6,5590	-3,1354
-7,5420	-6,7397
-4,0031	-2,1523
4,1236	-8,2471
8,9075	-4,7081
6,7451	-4,7738
4,9756	-5,6912
11,4637	-5,1669
6,7451	-3,5285
5,9587	-8,5747
1,9610	-0,6448
8,1213	2,8941
2,9439	3,2873
9,6942	2,5008
4,9101	-4,7736
14,0851	1,4523
4,4513	-0,1206
12,1845	-1,0380
5,1066	8,3335
5,9586	-3,8562
2,1575	-2,7420
-3,6097	0,3381
2,7474	-4,8392
-0,3329	-3,7906
0,1259	-3,3319
-2,6922	-3,2663
1,3055	1,3867
-8,9837	2,1731
-0,7262	3,0251
-10,9498	-1,9556
-2,9544	-6,2809
-6,0345	1,7800
-4,5928	5,7776
-4,5273	-2,4798
-5,3139	1,3212
-11,0153	-1,1037
-6,6901	-1,6279
-0,0054	-2,2833
-6,6245	-3,7907
-4,4617	-6,4121
-9,5080	-7,9195
-6,6244	-5,8878
-7,9352	-3,7907
-5,5104	-5,4291
-11,0154	-2,2833
-5,6415	2,8285
-5,0516	-6,6087
4,5167	-4,5115
7,4003	0,4036
9,8907	-12,1138
8,4491	-7,6573
12,7744	-6,1501
11,9881	-5,6913
11,0704	-0,1208
7,9248	-5,8879
12,1190	-6,8052
7,0072	1,8454
2,4198	-1,1692
5,6310	1,3867
1,8299	6,1053
6,6140	-1,4312
-3,4130	10,5620
5,8930	13,6421
-3,4786	10,2343
-2,8888	9,7100
0,1258	3,8773
2,8127	12,0693
4,9100	10,2342
5,1065	5,3191
3,9925	11,6760
1,6332	3,3529
4,7789	1,1903
-5,2481	10,2342
-0,3329	7,4817
-4,9860	12,5280
1,6988	14,5596
-2,0367	8,5959
12,5778	16,2636
14,6095	14,3629
20,3111	3,1564
17,6898	5,8434
24,9643	6,3676
22,4084	8,2682
21,4252	10,7585
11,9227	8,1371
11,0050	8,5304
13,5609	9,3823
3,0751	5,1880
5,3033	4,2705
-2,4300	10,4962
-3,0854	4,6636
-9,2458	1,3867
4,5167	-3,8560
-4,1996	2,1077
5,8275	4,2703
1,8298	-3,3973
3,4682	-1,9557
0,7158	-9,9511
-0,0053	-21,1578
-3,5442	-24,3693
-1,5127	-33,8066
-3,8720	-43,4404
-9,1150	-45,2101
-12,3916	-60,5456
-14,6200	-61,5942
-20,8459	-65,1988
-26,1544	-68,9344
-24,7783	-68,0825
-34,2811	-80,9276
-36,0507	-80,9276
-45,3568	-82,6972
-41,6868	-89,9717
-44,1117	-86,6294
-43,3253	-92,3311
-45,6845	-95,8045
-40,8349	-99,6713
-47,9782	-107,1425
-49,7477	-117,2351
-46,6020	-123,1335
-56,7603	-134,0126
-58,6608	-137,6827
-67,1151	-140,7631
-58,9886	-155,6397
-69,2778	-156,0986
-57,8089	-161,0140
-56,4327	-173,5314
-57,0224	-174,2524
-54,7941	-181,8547
-53,2869	-188,1462
-54,3353	-190,4401
-47,9129	-196,0107
-55,3185	-195,9452
-54,9253	-199,1566
-59,4473	-200,2050
-60,4304	-190,1781
-52,6971	-200,3361
-57,9400	-190,6366
-53,2212	-181,7894
-55,0563	-188,9983
-47,7161	-181,7236
-48,0438	-177,3984
-43,9150	-180,9372
-42,3421	-172,3519
-35,1986	-174,7111
-29,3003	-166,7156
-23,4676	-157,9338
-25,4336	-158,3269
-16,9139	-144,0399
-13,3748	-136,1101
-10,0325	-133,0297
-10,7533	-117,9563
-5,6415	-118,2184
-5,0516	-108,6499
-12,7193	-100,3924
-5,9691	-101,1787
-12,0640	-93,2487
-8,0663	-85,5154
-9,5081	-86,4328
-4,9861	-74,3741
-5,9035	-69,0656
-4,6584	-64,0847
-2,7578	-51,9605
2,5506	-50,1254
0,4536	-44,2926
6,6794	-39,1152
2,6818	-37,7388
1,8953	-29,0224
0,4536	-16,3739
-0,1364	-12,9659
-2,1024	-8,1162
-0,1364	-8,4438
2,3540	-3,2664
-3,6097	-0,8416
7,9246	-1,3003
-1,0538	5,4500
3,2716	14,0352
4,5823	12,6591
6,2862	20,5890
4,0580	17,6399
5,2376	18,1643
6,5484	20,7857
7,6624	21,3755
8,0558	18,5574
9,6285	14,3631
8,1214	7,0231
5,7620	13,6422
7,5316	9,3166
6,6140	3,6807
7,5315	12,9868
-0,0052	12,5935
2,6818	11,8728
-0,9227	14,3631
-0,0053	13,5112
-1,1849	14,8875
2,4195	14,2320
2,3541	15,7393
-0,7916	23,0137
5,6966	9,0545
10,6116	6,2366
8,3836	9,7753
8,6457	-0,1862
10,2185	0,7970
2,0265	1,3212
9,4321	0,0105
4,0581	2,0421
14,2162	-1,1036
5,3034	-7,6573
14,3473	-8,6404
9,4976	-14,0800
6,5485	-13,0314
4,5824	-9,9513
2,5506	-17,7499
-2,6267	-5,4292
-9,1804	-12,6382
-10,0323	-11,8516
-9,7703	-10,8687
-8,9183	-18,8641
-8,1318	-15,7184
-0,8573	-16,1117
-2,2335	-20,5681
1,2399	-11,6551
4,6478	-7,5919
5,8275	-5,1669
5,3033	0,6657
11,2015	-5,4291
7,7936	-1,4968
8,0557	6,8261
-0,3328	-3,5940
-0,2019	-1,7589
-0,0053	2,5663
-5,7725	-9,2957
-7,2798	-3,5285
-3,8720	-7,9195
-6,1657	-8,8370
-8,8527	-4,5116
-4,6584	-12,7691
-8,9838	-5,6256
-4,2651	-4,9047
-5,9035	0,0105
2,4851	3,8115
-3,7407	-1,3003
5,0410	-8,7057
2,4851	-0,6449
2,4850	-0,7760
-6,4933	2,0421
-3,4787	10,8895
-8,8527	4,7946
-12,9815	7,0230
-11,0155	0,9936
-17,5691	4,7948
-8,3285	10,4963
-11,9330	2,8941
-5,0516	3,4184
-9,1148	1,3867
0,7156	-6,1499
-5,1826	3,4839
-1,1194	-0,0552
-2,4301	-14,0142
1,0432	-0,7760
-3,2821	-1,4314
-5,5759	0,0761
-5,0515	6,2364
-1,3162	6,3676
-6,2968	7,6128
-10,1635	5,4501
-9,1804	-1,3001
-15,6030	1,6490
-17,6347	3,8116
-22,2222	0,5349
-18,2901	8,1370
-21,6324	2,1733
-11,4743	8,1371
-9,0493	11,5449
-2,2336	5,3845
0,4535	6,3676
1,7641	4,7292
-0,3985	2,9597
0,4534	5,6466
3,2061	-4,4459
4,1235	-3,0696
6,8761	4,7946
2,9439	-2,2178
4,4513	-0,1861
1,8298	1,6489
0,1915	0,4038
-0,0707	7,2194
3,9269	-0,7759
-1,7747	-1,7589
6,6139	-1,4969
-2,4300	-7,1329
5,5653	-1,0381
-1,5782	-2,8733
-1,3160	-14,8007
2,1574	-2,6110
-3,2166	-5,2325
4,2546	-5,4290
1,9607	3,2872
-0,7917	-0,5794
-0,9227	-0,0550
1,8952	5,7121
-8,9181	1,4523
-0,2674	5,8433
-8,7871	4,5980
0,7811	-0,7103
-5,0515	7,8093
3,5992	-3,4629
-1,8402	-5,1013
3,0749	-5,7567
-4,2651	-10,1478
-3,6753	-5,6913
-5,5104	-3,8564
-6,1658	-9,4268
-6,8866	0,2070
-8,8527	-5,6256
-0,3985	-0,1205
-6,6245	5,8431
-3,5442	-1,0381
-6,3623	4,6636
-1,0539	2,7630
-7,6074	-3,7906
6,0241	2,8285
3,8614	-7,9850
6,0897	-10,3442
6,0898	-0,9071
11,0048	-2,3488
-6,5588	2,6320
-4,7894	9,3167
-2,8234	7,9405
-7,2144	10,3653
-5,5103	10,1031
-5,9035	2,3044
-2,0368	6,5642
-2,6267	0,4692
2,4851	2,8286
-3,2165	1,3867
1,6332	-1,9555
-1,3815	-0,5138
-2,1680	-2,6110
-3,5442	-6,2810
-2,6268	0,4692
-1,9058	-8,9680
-0,0053	-3,7907
4,5823	-3,7253
3,2716	-15,5217
7,4004	-5,3636
0,4536	-12,1140
3,0095	-12,0483
-0,2674	-6,6743
-5,5759	-4,7082
-13,1780	2,4353
-6,4278	12,4623
-9,9668	5,8434
-2,6923	12,3315
-9,9013	15,0839
-6,8867	2,5010
-8,1319	3,4184
-4,9862	1,1901
-5,4449	-3,7906
-5,9692	0,3381
-1,7747	-0,9726
-2,4302	-0,9725
0,9778	5,3189
-1,5126	-4,5770
3,9925	2,0422
-2,2990	0,2071
-1,3815	-5,6911
-8,5905	-3,0043
-2,3646	-4,9048
-4,8550	-5,2980
2,4195	1,7799
1,9608	-3,7906
0,7156	6,8263
-0,7260	7,2194
4,0579	4,5981
2,4196	5,4500
1,3055	-1,1691
7,5969	2,8286
-1,9058	2,6974
3,9925	-4,3149
2,4852	-0,5138
11,2015	0,9934
0,9124	-5,5602
13,7574	-5,1013
5,8930	-3,7251
10,0219	-3,5284
8,8422	-2,4799
12,1846	-2,3488
8,3836	-2,9387
11,2670	-1,5625
7,2694	-12,0482
7,0726	0,4036
3,7304	-3,5941
3,1404	-1,6280
4,0581	-1,4969
3,2715	-8,5093
1,4367	-2,7421
-3,5441	-6,0845
2,9439	-6,8053
-6,6899	-3,0042
1,1089	0,3381
-10,1634	5,5811
-3,2821	8,2681
-5,7069	10,2343
-3,2822	10,2998
-4,6583	7,8095
0,1912	0,7971
-1,6437	7,6783
-0,5952	-0,9071
5,6964	-7,0674
-0,4640	-3,5940
2,3542	-5,0359
2,3541	-6,3465
8,9078	-1,5625
2,8784	-8,4437
8,9733	-3,5284
4,7790	4,4014
8,6457	-0,0550
7,1383	-0,7104
13,2331	-1,8244
0,7158	0,9280
6,6141	5,5155
7,7280	1,8454
4,7789	-0,8415
1,4366	-4,9703
-0,7917	-0,8416
-1,6437	-6,0190
-7,5420	-8,3126
0,5190	-7,4607
-6,4933	-4,7738
5,5654	-9,0991
0,7812	-6,1499
8,1214	-2,4800
-4,2650	-6,8708
3,4027	1,6489
-2,9543	7,4816
5,5653	-0,9725
8,3179	3,4184
11,5946	-5,7567
11,3326	-5,8877
7,0728	-6,0189
8,4491	-8,1816
7,7281	-0,7760
9,0389	3,3527
2,7473	-7,3296
4,7790	0,5347
0,1259	-2,8077
0,6502	-3,4630
-0,3328	1,7798
1,7643	-6,3467
1,0434	-5,9533
6,0896	-5,4947
4,1891	-7,3952
5,6309	-7,7885
1,4367	-10,9997
5,3032	-3,5285
4,6479	4,5324
-1,5781	1,7800
5,6965	8,3337
3,1405	9,0545
9,6287	1,6490
6,6140	6,3676
10,7429	-3,1353
3,2062	-6,2809
9,6287	-2,0212
3,0751	-4,9703
8,7111	-2,5455
3,0751	3,4183
12,4467	-7,0674
6,0242	-2,4143
6,0897	3,1561
5,1722	-0,4482
3,7960	13,3143
7,7937	5,9088
8,7767	6,2366
8,0559	14,5595
3,3373	0,6659
9,4321	2,1733
-2,2334	1,7799
1,9609	-5,4290
-4,0685	1,6489
-0,9227	0,7313
-3,8062	6,8263
3,7304	8,8579
2,8784	4,4670
2,5506	7,8749
0,5191	1,6489
0,9121	-0,6448
-3,2166	0,0105
-2,6923	0,7969
1,3054	-5,7566
-2,3647	3,6806
0,7157	4,7946
-2,9543	4,5325
5,6310	1,4522
6,5484	-4,1839
3,4028	-4,7081
1,8299	-1,4315
10,0874	-8,1160
0,9779	2,6974
4,2547	-1,1037
3,4683	-2,2177
7,2037	8,2680
-1,5780	-1,3002
6,8760	3,2218
2,5506	3,4183
2,4852	-0,4483
9,4976	3,8771
8,7110	-1,6935
6,0242	0,0106
2,2231	4,1392
5,6310	-5,4290
1,5677	-5,8877
3,5338	0,6002
1,5022	-9,8855
6,8106	-7,9850
-0,0707	-10,2789
3,3371	-18,6019
-3,0854	-6,5434
-4,0685	-22,5996
-0,6606	-14,2110
-2,4958	-8,0507
-6,8211	-16,9635
-12,9814	-6,0845
-5,8380	-5,6258
-11,6708	-7,0020
-6,4279	-1,8247
-14,1612	-10,4754
-7,6731	-7,7883
-11,1465	-0,7761
-1,5127	-3,9873
-11,4741	-4,6426
-3,6098	-0,3828
-5,6414	-5,8878
-3,2166	1,1246
-4,5273	0,4692
-0,6607	1,9111
-1,3816	1,5178
-2,0370	-0,5793
-2,0369	4,5981
-5,7070	9,0545
-3,2821	0,9936
-6,1657	6,3021
-5,2481	8,4648
-6,2312	2,1733
1,9607	7,2196
-10,4910	5,9088
0,8467	8,4648
-6,6244	8,3336
0,3224	-0,3171
-2,8888	2,1732
-5,7069	-4,7737
-8,6560	-9,9510
-5,1172	-5,4947
-7,6731	-11,4585
-4,6585	-9,0991
-2,8889	-3,7252
-3,1511	-9,3612
0,9122	-1,6934
-5,1171	-1,1692
-1,9058	-0,4481
-5,7069	9,0545
5,2377	1,7145
2,4196	1,2558
9,4976	2,3043
8,0558	-2,6765
11,2671	-4,9703
5,6966	-3,9873
16,3134	-7,0019
11,5947	-4,2494
9,4976	-1,8901
10,1530	0,0760
10,0219	-0,5793
6,9417	3,2218
3,0751	0,8625
5,8276	5,9088
0,0603	-1,3002
2,8129	5,3846
-1,1848	5,3189
3,2060	-1,3002
-5,3791	3,8772
-6,0346	-2,6765
-9,1804	-1,7589
-7,6076	7,4816
-3,6099	-1,6278
-6,4280	5,1224
-4,9860	6,9573
-9,0493	0,2727
-8,0007	8,3336
-11,5397	2,1077
-10,8843	4,8603
-10,6877	7,6127
-0,7917	0,5349
-6,8211	2,6320
-0,2018	10,8240
-3,9373	3,2218
5,8930	13,1833
-2,2334	6,8263
1,6332	8,1371
-1,1849	7,8093
4,0579	4,9913
7,4659	1,5179
5,8930	-0,9726
7,7937	-8,5093
12,5122	-7,9194
11,7914	-10,0822
7,4660	-12,7036
12,7745	-4,3806
4,7790	-13,3591
6,7451	-6,0189
2,0920	-6,1501
7,8591	-10,5409
-1,3159	-6,4122
3,2716	-10,0167
-2,3645	-9,8200
-0,3329	1,6488
0,7156	-8,3782
0,1913	6,1710
3,7304	5,7776
3,7958	-0,3171
3,7304	4,9258
0,5190	3,4840
0,1913	7,5472
-14,1611	7,5472
-13,1780	8,0714
-10,8188	2,9598
-6,4279	11,4794
-4,9860	1,9111
5,5653	6,4332
3,0095	7,3506
13,1676	6,3676
8,1213	6,4331
1,4367	1,7144
4,4513	-2,1521
-0,0708	0,7313
-5,1826	-7,2640
-6,1002	-2,9386
-5,9035	1,3866
-5,5104	-6,5431
-1,5126	0,2072
-8,6560	8,3335
1,3055	0,0761
-2,2990	7,9404
-2,7578	0,0105
-5,7069	0,5350
3,8613	6,0398
-3,2166	4,8602
-3,2821	2,5009
-9,5735	1,5834
-4,7895	-4,3149
-7,6731	2,3697
-6,4279	-5,2980
-8,5250	-5,6257
-4,0686	0,4692
-0,5951	0,9279
-5,1171	3,2873
0,5846	14,6251
-8,4594	5,1879
-6,5588	6,1055
-5,5759	1,2558
-6,5590	4,5981
-12,6538	3,2218
-8,7217	-2,3488
-9,3115	2,3042
-8,1319	2,4353
-9,1805	-3,3974
-10,1635	1,3868
-8,3285	-4,5116
-10,7533	-6,6742
-5,2482	-10,0822
-8,7217	-17,2912
-3,6098	-14,8664
-4,3306	-20,2404
5,3687	-16,6359
0,1259	-14,4076
9,4976	-9,8857
0,4537	-9,9511
10,1529	2,1731
4,8445	-5,1670
5,8931	-1,6278
5,0411	7,4816
5,4997	2,3698
-0,8571	10,4963
7,4658	8,7268
5,3032	3,9428
5,4343	9,9721
9,8253	4,1393
4,7135	1,6490
7,5971	2,6974
5,2378	-7,9849
4,7790	-2,6109
4,3857	1,8453
2,8784	-6,2810
5,2377	3,3529
5,3687	3,4183
0,3881	0,2728
5,8275	5,1879
1,2401	2,3043
12,6433	-2,0211
3,9271	-0,7105
5,6310	-11,5894
8,7767	-3,8562
-0,9227	-3,0043
3,5994	-5,8223
6,0896	-0,1862
2,3540	-0,2517
-6,5588	-3,5285
-1,5126	-2,9387
-15,7995	-8,1816
-8,2629	-3,7906
-12,3262	-1,8902
-8,9839	-6,3466
-12,0640	-1,7591
-6,2968	-4,9048
-5,0516	-2,8075
0,0602	-3,4630
-0,2674	-8,4437
0,0604	-3,7251
2,9440	-1,4315
-1,0537	-14,3420
7,6627	-4,6426
5,3033	-7,5264
7,5315	-10,2787
4,3203	-2,9388
8,4490	-6,9365
0,6503	-7,0674
7,4004	-5,8878
3,8614	-8,9024
1,3055	-3,9873
-1,7091	-9,8856
0,3223	-9,0990
-5,6415	-1,4314
-14,0956	-7,2641
-11,2775	-1,8245
-15,0787	8,7923
-8,9838	1,4523
-15,0787	7,4817
-9,8358	4,5325
-12,3917	-0,7759
-2,6268	2,1732
-10,5566	-1,9556
-2,8889	1,1247
-7,8696	7,0884
-2,1681	2,6320
-9,5736	5,7122
-3,4788	5,9087
-4,7895	-1,2347
-3,6099	-1,0381
-2,9544	-1,2348
-1,8403	-4,9703
1,8953	-3,3319
-0,5951	-7,9850
-4,7237	-4,3149
2,3541	-0,4484
3,7959	-8,7059
-3,8062	-4,3805
4,0581	-5,2325
-2,8887	-5,9534
4,8445	-2,6111
-0,0052	-5,9534
-3,2821	-0,4483
0,0603	-3,7907
-3,5444	-6,8053
-10,9498	-4,1184
-9,7046	-10,0823
-3,4787	-16,7669
-1,3161	-14,2110
2,0264	-14,7354
0,7812	-11,3930
3,4683	-6,2812
3,3372	-11,1963
7,9902	-0,3172
3,5338	4,1392
4,1236	-0,6448
4,2547	7,9404
7,4658	7,7438
1,0434	11,0863
5,3032	15,8048
5,3032	6,2366
8,5144	8,1372
9,0389	8,9235
10,4806	-1,6933
14,9371	3,2218
10,2840	-2,8732
9,4977	-7,5261
7,4660	1,8454
11,3327	-3,8562
6,6795	-3,9872
4,9101	1,7144
2,9440	-4,7081
7,6625	0,4038
4,8446	1,9765
5,8275	-4,3804
1,5677	4,4014
4,5167	-2,3489
-3,7408	-6,2810
-5,0516	-0,6450
-0,2019	-9,7545
-4,7895	-5,4291
2,7472	-11,2618
-3,8720	-11,6549
-2,1679	-5,4946
-2,4301	-5,1670
4,4512	-2,2178
-0,8572	1,5833
3,7959	-0,5793
6,8106	6,4332
15,0025	11,6105
5,2378	5,9089
7,4004	13,4456
5,7620	11,3483
-0,6607	8,0716
-0,4640	10,7585
-3,3477	1,7145
-5,0515	8,9235
-1,1195	5,9088
-5,5759	0,8626
-8,5250	9,2512
-2,4301	9,5132
-3,4132	4,0083
-1,0538	14,8872
-6,4932	8,2025
3,1405	2,1079
-3,0854	13,9042
1,8952	3,7461
-2,8232	3,5495
4,5167	-1,4313
0,5846	-2,2177
2,2885	-1,6280
7,3348	-2,1523
-0,6606	2,2388
-0,6605	6,9573
0,3879	0,6004
1,5021	4,2704
-1,9058	1,7798
3,7304	-12,3104
0,2569	-7,0019
6,0240	-9,2303
-3,9373	-6,8054
7,4004	-4,3806
5,6965	-15,3907
14,7404	-9,4268
8,9079	-6,0191
13,6919	-15,7839
15,5270	-8,0505
9,1698	-3,7252
4,6479	-2,2833
-2,7578	6,1054
0,1258	4,5325
-7,9353	5,4501
-7,7386	5,3846
-8,9183	7,3506
-4,0686	5,0569
-1,5782	2,6975
9,8251	9,5133
2,4852	11,1516
13,8230	0,7970
9,6943	2,9597
12,6433	5,4500
7,1383	-3,0041
7,9247	3,5495
4,1891	1,9765
-0,3984	-3,2662
4,6479	8,3991
-3,3476	1,5178
-3,3475	-4,5114
-5,7725	-0,2517
-1,7748	-4,7736
-12,9159	-4,1838
-7,6074	-2,4799
-4,8551	-0,9726
-4,7895	5,3189
-5,4448	2,4353
-1,1849	-3,3972
0,1259	3,7461
3,4026	-2,5454
1,3055	-0,9726
-1,3161	-0,5794
-3,4787	-2,6766
-0,6607	1,0590
0,5846	0,0104
2,0264	-7,2640
4,5168	1,5833
0,3881	-3,1353
10,8738	-3,7250
1,0434	0,4692
4,2547	-1,3657
0,1259	2,6320
2,2885	5,4500
-3,6753	-0,7759
-2,3646	4,2049
-0,1363	-3,2008
-3,4787	-3,2663
-0,0707	-2,5455
1,6986	-8,5093
1,1090	-9,6235
1,3710	-8,3783
8,9076	-10,0822
-7,8040	-5,4292
1,0434	-3,9219
-8,3284	-5,9534
-4,5272	0,7313
-5,7070	-2,9387
-9,0493	-1,7590
-8,4595	-2,1522
-8,3941	3,6805
-9,7048	8,7268
-7,4766	4,4014
-8,1319	3,5496
-6,2313	9,1856
-1,5126	-2,8075
-3,3478	2,6976
-5,9691	6,1708
-7,2798	-6,6742
-7,4109	3,2219
-8,7871	7,0884
0,1258	5,3845
1,1088	11,9381
7,0072	5,0569
2,4852	5,9090
7,7281	7,2196
0,4536	6,3021
1,6987	9,5134
-0,7917	9,2511
-0,5952	6,4331
-3,5443	1,8456
-9,3115	0,2072
-6,2312	-2,0210
-5,5759	3,3529
-6,3623	-1,3002
-7,0177	-1,8244
-6,2968	0,2071
-10,5566	-4,9047
-3,4132	-3,3974
-4,1996	-8,6403
-0,9884	-5,0358
3,9925	-4,9048
3,3370	-6,9364
5,2377	-7,0019
5,8930	1,0589
4,9757	-3,5940
8,6456	5,9087
4,7135	4,9912
1,5676	0,3383
-0,2017	6,4986
-1,4471	2,4353
-0,0708	1,1902
-7,6730	8,8578
-1,1194	3,0907
-7,2142	7,3506
-1,7092	9,7099
-6,3622	10,2998
-1,8403	16,9844
-6,6243	10,3653
4,6477	12,0693
-5,8379	12,0692
2,4195	-2,0209
-0,4640	8,0716
-0,1363	10,4962
6,1552	-2,3488
7,3348	4,1393
5,7620	-1,2347
-0,4640	-1,1692