-10,2550	-1,4882
-13,7938	-2,5368
-8,5512	-6,5345
-14,5148	-8,6318
-15,4979	-6,3380
-9,0752	-8,1730
-6,9127	-6,9933
-4,2254	-7,5832
-6,4538	-6,2069
0,3622	-3,7821
-0,3589	-1,6193
4,8185	6,7038
2,5248	5,9175
8,0953	8,0802
2,3282	5,7208
8,2263	7,0970
-3,7667	6,8349
3,7043	0,9366
-0,0967	4,4102
-0,8177	8,6699
-4,7498	8,5389
-6,7159	8,1458
-4,3566	9,8496
-1,6698	6,8350
-2,3250	9,5875
-6,7814	8,6045
3,9010	1,1990
-5,8639	6,1797
6,3258	4,9344
-1,8007	2,5751
3,9664	1,6576
-0,1623	3,2304
4,8839	-0,6362
-0,8176	-2,5368
1,5417	-2,9300
-0,2277	-5,6170
1,8693	-5,9448
-0,3588	-9,6802
-4,2256	-5,0272
-2,7836	7,1625
-5,0775	1,5265
9,7992	4,9345
2,1315	7,4903
10,9134	5,3931
1,1485	5,2621
9,0128	5,7207
1,4106	0,8056
4,2942	5,1310
5,9981	4,1480
3,7699	7,0316
3,9011	5,3277
6,2602	6,4418
-3,5700	5,1310
-4,8809	6,1141
-3,6357	4,6722
-15,1047	1,3954
-13,0729	1,1988
-17,6606	-6,1413
-8,0923	0,4779
-15,8255	5,1310
-2,1285	4,5412
-5,8640	11,4225
3,1145	12,8643
4,0320	10,6361
-1,0142	9,1288
0,5587	5,9830
6,1947	7,6869
-2,8491	0,3469
1,5417	1,7887
-3,5700	4,9999
-2,3905	7,5559
-2,4560	9,6531
-5,4052	13,0610
4,2942	16,6654
-6,5193	12,4711
6,5225	5,6554
3,3766	8,1458
6,2603	8,4733
-1,1452	4,7378
8,6196	4,2791
9,2095	2,8373
12,0275	7,4247
9,0130	4,5411
12,3552	1,9852
2,5249	-7,5175
7,3745	-3,9787
4,2287	-8,2386
-1,7351	-12,8916
2,0661	-11,5154
-5,7329	-9,0906
-3,0458	-8,9595
-8,4854	-8,3697
-0,3589	-8,3696
-8,5509	-5,3549
4,0320	-4,8962
-2,3250	-7,8453
1,3449	-6,9277
-9,3373	-3,9787
-7,2403	-5,6826
-11,2379	-8,6317
-11,2381	-8,7627
-11,1724	-5,1583
-8,0922	-8,9595
-3,7668	-11,0566
-2,9149	-5,3550
-4,4876	-3,2578
-4,8154	-5,6171
2,4591	-0,5051
-10,4515	4,2134
0,6896	-0,7017
-6,9781	3,7548
-2,7183	2,9028
-3,8979	0,6091
1,1482	6,6384
-8,6820	3,8203
-1,5387	1,8543
-8,0266	7,1626
-5,7984	1,7231
-1,0142	2,5751
-0,1623	0,7400
4,6875	4,4756
5,6705	3,4270
9,3406	1,0023
6,5226	9,7186
15,4355	13,3231
1,4763	15,8790
8,4231	11,7502
-1,4729	10,3740
5,7360	6,9661
-4,2910	8,6700
-1,0798	4,6723
-7,6990	2,4441
-12,4832	4,4101
-10,3860	0,7402
-16,8086	8,3424
-8,2887	13,6507
-9,3374	14,6338
-2,3249	10,8328
-2,7837	12,8645
5,5394	12,2090
-1,0797	10,9639
11,3722	12,1434
2,0660	5,1965
11,2411	-3,9785
5,2773	-3,8475
12,9450	-3,5854
7,3745	-9,2870
6,2602	-2,6023
3,8356	1,7230
0,7552	2,3785
-1,2763	7,9491
-6,7159	11,5536
-3,7667	11,4225
-5,9951	5,9176
-0,5555	9,7185
-5,9295	-2,7334
2,2626	-7,1899
-7,5679	-9,1560
0,5586	-12,6950
-9,1408	-13,2193
-5,0776	-18,3312
-15,0392	-18,0035
-12,6144	-18,8556
-16,6776	-27,9651
-15,9568	-28,7516
-18,3815	-37,9267
-16,0223	-43,7595
-12,0245	-48,6748
-15,4979	-52,9347
-8,2233	-56,4737
-18,7092	-61,1268
-12,6143	-65,0591
-26,3115	-76,2003
-21,7240	-83,2128
-31,0302	-91,4704
-24,7388	-97,4344
-38,5669	-104,0536
-34,1106	-110,4106
-42,6957	-113,5565
-47,9388	-115,5882
-48,7907	-122,7972
-54,0993	-123,1249
-52,8540	-123,5182
-57,9003	-126,9916
-55,9997	-133,4141
-61,2427	-132,9554
-49,1186	-131,9725
-65,7647	-139,9024
-53,5749	-145,5385
-55,0823	-149,7329
-44,7932	-152,0923
-46,7592	-165,7238
-38,1084	-168,6729
-43,4166	-169,4595
-31,9479	-168,9353
-38,7636	-177,1929
-43,3512	-175,5545
-48,1353	-175,2268
-50,0359	-166,5105
-51,4121	-165,6584
-56,3274	-161,9883
-47,7421	-153,4686
-47,8077	-158,3838
-42,1715	-149,9295
-42,1715	-146,7183
-26,7050	-145,0798
-34,8314	-135,3805
-24,9353	-134,7250
-25,1974	-126,7950
-20,8065	-118,3408
-23,1658	-114,5396
-23,5590	-112,5079
-22,5759	-108,9033
-25,9838	-96,1893
-17,3330	-96,9757
-15,5636	-93,8298
-13,1386	-78,1666
-22,3792	-74,2344
-10,4515	-69,9089
-13,1386	-58,8988
-2,8493	-50,8378
-6,1261	-49,6580
2,2625	-42,1213
-2,5871	-42,4488
6,2602	-34,5845
-3,5047	-33,8635
0,0342	-27,4409
-6,3227	-21,6082
-2,7839	-23,0500
-15,8254	-22,1979
-14,3837	-11,7121
-12,8108	-3,5200
-8,4856	-0,4397
-5,6674	2,4440
-11,1069	7,7524
3,0490	5,2621
-7,3058	9,0632
3,3111	10,0463
-4,6844	12,0124
2,5902	11,5536
-2,7182	7,0318
4,3596	14,8305
-2,1284	16,7965
0,4275	9,5221
-0,1622	13,3888
0,3619	19,8767
0,0344	16,5345
0,5586	17,6486
0,8865	13,4543
3,1801	12,6023
5,8672	7,0972
-1,7351	7,6215
2,9180	9,7185
-3,1769	3,4927
7,8987	7,8836
-2,3904	7,6869
11,5687	2,7061
2,1315	2,5751
2,4592	1,3297
-0,1622	-6,5345
1,3450	-3,1266
-1,6040	-0,2430
0,5586	4,9999
3,5735	7,1626
2,9180	4,2135
10,4548	7,2282
9,7993	2,4441
15,1078	5,5243
2,9181	6,7039
10,9791	3,8203
5,4740	1,5921
14,7801	5,3275
3,7045	-6,6657
3,5734	-12,0396
-5,2084	-8,0420
4,9495	-9,4838
-7,1091	-8,0421
-1,7352	-15,9063
-8,0921	-11,1221
-4,9464	-2,9302
-1,1453	-7,9764
-4,4222	-4,9617
-2,1939	-2,2092
-10,2550	-5,0927
-5,4052	-3,7820
-13,1386	0,4778
-3,6358	-6,9932
-13,8594	-2,7989
-1,2765	0,0847
-6,0606	4,9344
1,4760	2,5750
-6,7814	0,0847
-2,0629	3,7547
-3,0459	-1,3572
-7,8956	0,8711
-6,3882	2,0507
-10,2550	3,7547
-9,4029	1,7887
-13,0730	5,3931
-9,2063	2,1818
-13,9906	1,4610
-7,5024	3,0338
-9,1409	4,3446
-1,2765	7,0971
-4,0945	6,3106
4,6873	4,6068
-5,2741	0,0847
-2,5872	-1,6192
-9,5339	-3,5853
-3,0460	-0,4396
-8,1577	-2,7334
-9,9272	0,5434
-7,6333	-5,7481
-6,7815	-4,2407
-6,7159	-5,2239
-9,2719	-6,6657
-5,4052	-1,4883
-5,5363	-5,8136
-6,1916	-0,3086
-7,0436	2,9682
-1,0799	0,7401
-7,9612	3,4926
-6,1262	3,2305
-12,3521	6,1140
-5,5364	5,0000
-11,6967	8,3423
-8,0268	7,3593
-2,7838	4,5412
-8,8132	8,4077
-3,2425	1,9197
-2,7182	-3,3232
3,3766	-5,9446
-5,4052	-1,3571
1,2796	-4,0441
-6,1916	-3,5198
2,3282	2,0507
-1,8007	-2,4713
7,5709	4,0824
1,1485	1,1332
11,5032	1,9852
4,7530	4,9999
11,3066	1,4610
3,8356	3,5582
5,0807	2,0508
6,4571	4,1479
3,6389	-0,5707
6,9814	-1,5537
1,0831	-3,5855
11,2412	-10,4012
1,4762	-5,8136
7,3089	1,3953
1,6072	-4,3063
1,2140	-7,8452
-3,0459	1,2644
-3,1115	0,7400
-11,6311	-2,2746
0,5585	-0,2430
-3,3079	1,9851
1,0174	-4,1752
5,6705	-5,0927
-0,6866	-9,0249
-3,7666	-5,8136
-2,2595	-4,8962
0,4931	-4,3063
-6,2572	-2,9301
0,6242	-0,7017
-6,2572	2,1163
1,8693	7,4248
-2,9149	3,8858
10,2579	7,3592
-3,1114	1,0677
0,0343	-0,2429
-3,2425	1,1333
-5,4053	0,5434
-9,5995	-7,7796
-6,1918	-3,0610
-3,3736	-2,9956
-7,9611	-2,6024
2,5904	-5,2894
-0,5556	-8,5661
3,5078	-6,1413
-5,0119	-3,2577
4,3597	2,7061
-3,7668	3,0994
10,9133	4,0826
0,0998	7,0316
4,1631	6,0486
-4,6187	6,7695
-3,0460	1,9852
-8,4199	-5,0271
-10,5827	-2,7989
-12,8108	-6,0758
-7,1748	-5,5515
-10,9757	-8,2385
-7,0436	-6,7967
-0,2933	-5,0272
-6,9125	-7,4521
3,1801	-8,3696
-4,3565	-13,7435
6,7191	-4,3064
-0,6865	-7,5832
4,4253	-11,5808
-3,1113	-9,2870
3,9666	-11,8429
-1,7351	-7,1899
3,2455	-7,9108
-5,3396	-4,8962
-10,4515	-1,8814
-2,9147	5,5242
-1,8663	2,9682
1,2796	3,4271
-0,2934	7,2281
2,3282	1,3299
-6,0606	1,8542
-0,9487	5,7863
-8,8787	1,5265
-2,7838	1,0023
-11,8933	10,6360
-5,6019	7,8835
-9,3374	6,4418
-2,6528	7,8836
-8,0922	5,9175
-1,8007	10,4395
-1,2108	4,6069
-0,2933	14,8304
5,0807	11,2915
-1,5386	9,2599
-1,8662	9,6531
-7,6990	9,1288
-2,6527	6,7039
-8,5510	5,9175
-1,8663	6,1796
-2,9149	5,7208
2,6557	3,4927
-5,4051	4,6723
5,0151	-1,9469
0,4931	0,4125
3,7043	7,2281
-4,1599	3,7547
-7,8956	2,9683
-5,5362	1,0678
-9,9928	0,3468
-5,9950	-1,8158
-7,6335	-0,8984
-8,0922	0,5434
-9,1408	0,4779
-4,2911	4,4101
-4,6188	0,6744
-0,0968	1,0023
-3,2425	4,8688
5,1461	-2,4712
-3,5046	1,9852
4,7529	-0,6362
-3,2425	3,6892
-5,4708	1,4610
-3,5702	-1,6848
-2,4562	-4,3718
-10,3203	-2,5369
-10,1238	-5,7481
-5,0119	-0,5708
-10,9758	-8,5007
-12,2208	-2,5369
-9,2063	-12,1051
1,4105	-6,9934
-5,0121	-8,8939
-2,5217	-0,3742
-12,8108	-7,6486
0,9517	-1,4227
-9,0753	-0,3741
1,5416	-0,5707
-0,9487	-1,8159
2,0659	-1,4882
-1,9316	-2,0125
-0,9487	-2,9301
0,5587	-5,7481
-2,3250	-6,7312
4,4909	-10,0080
2,0005	-4,6340
9,4717	-3,9787
10,5202	-1,4228
11,5688	-6,6657
2,7214	-7,0588
7,5054	-5,4205
-3,7668	-4,9618
-2,7838	-9,1560
-7,7645	-7,9108
-6,0607	-2,0126
-6,3227	-2,6023
0,7551	0,9366
-3,5045	1,7232
-1,1453	2,0508
8,7508	3,0994
8,6196	1,4610
11,8310	2,2474
9,4717	3,2959
13,0106	-4,1096
8,5541	-2,3402
4,9496	-2,9956
1,8039	-3,9130
10,7167	-2,6023
-0,3587	1,1987
16,0251	1,0677
4,6220	-0,5051
12,1586	1,5919
8,3576	-1,3571
6,3915	-1,0950
6,4571	-4,1752
7,3745	-3,4543
11,3067	-0,7018
1,4107	-0,2430
8,0955	1,7231
2,4593	7,5559
9,1439	9,7841
1,9350	7,2937
4,2942	9,3909
1,1485	5,5898
2,3935	6,7039
-4,8809	8,6699
2,1969	2,6407
-4,2910	1,7232
-0,1623	4,0825
2,3938	0,7400
-1,4730	-2,5368
-3,3078	-12,1052
-2,9148	-11,7775
-7,9611	-7,9765
-9,6650	-10,7945
-0,4901	-5,8137
-1,0144	-9,4182
2,9179	-1,6194
5,1462	-2,7335
13,7314	-2,3401
7,5056	1,0022
17,0738	3,2960
6,8503	5,5898
8,2920	2,3130
9,7994	1,7232
5,4083	3,4927
-2,3248	6,8350
-1,6041	7,4248
-7,8299	5,0000
-9,7961	7,6870
-3,5046	9,9807
-6,5193	10,9638
3,1145	11,7502
-10,0583	17,8451
0,1654	14,5683
-5,9295	15,0926
1,4760	17,5174
-4,5532	14,3062
-5,7985	10,8328
-10,7791	12,0124
-8,8131	3,6237
-5,1429	4,0170
-2,8494	1,7887
-2,8492	6,7694
-5,9950	1,7231
0,5587	1,3955
-3,7013	6,7694
0,3619	2,0508
-8,6821	-0,1119
-1,9318	4,5411
-4,4223	0,8055
1,7382	-3,0610
-1,4075	-3,3887
6,5879	2,6405
0,9519	-1,0950
7,7021	-9,6802
3,5078	-6,7967
7,7676	-3,3233
5,7361	-3,8476
-4,8153	-1,6849
4,2287	1,3299
-1,1455	8,2112
-1,4074	11,4880
2,3280	13,4542
4,8841	12,4712
3,0491	14,3061
9,1439	10,9638
6,9157	7,2283
13,9280	6,9006
8,1609	9,1942
14,5835	-1,4881
14,7802	0,0847
16,6151	-1,5538
12,8797	-0,9639
10,9790	3,6891
11,2413	2,7716
3,1802	2,5096
3,1802	6,5728
-3,8323	3,0995
2,5903	11,6847
0,6242	5,9175
9,9303	5,4587
1,0830	5,3931
8,6196	-1,1604
-2,1283	2,8372
-1,0143	3,8858
-5,9950	2,1818
-6,1918	1,8542
-8,0921	4,6067
-0,4245	1,4609
0,7553	-3,3887
2,5903	-6,6655
6,5226	-1,3572
4,2943	-9,9425
14,3213	-15,8408
3,1147	-17,8069
11,2413	-18,0035
8,0298	-19,8386
9,6027	-16,9550
1,5418	-6,7969
5,9325	-2,7335
-5,6017	0,8056
-0,6866	2,0509
-2,3905	7,6215
-1,9318	14,3061
-1,5385	8,3423
0,2964	1,3299
-8,4197	5,1310
-4,7498	4,8033
-4,3566	-1,0294
-13,9905	2,3129
-7,1092	3,8203
-11,9589	5,8519
1,8037	4,1480
0,2964	6,6384
9,3405	6,7039
4,0321	6,5073
11,1755	2,3785
5,8017	3,6237
12,4207	3,4270
9,2096	1,9852
14,7145	-1,0294
12,0277	4,2790
14,3214	8,4077
12,5520	3,1649
9,8650	2,7062
13,3384	2,9683
9,6028	3,5580
17,9259	-2,1436
11,3723	-6,4689
13,8626	-2,9956
0,4277	-2,9301
7,3745	-4,8305
0,8864	4,6722
9,4060	2,7062
7,8332	8,6700
8,4230	7,4903
6,3260	6,6384
1,4106	6,5729
-3,6356	11,6191
-4,8153	5,2621
-9,2719	7,4904
-14,4492	3,3616
-6,3228	4,6723
-14,3838	3,0994
-3,8979	3,4925
-4,7499	1,1333
3,0490	1,0677
4,2942	1,5265
10,4546	3,6891
2,4592	-3,1266
5,0151	-4,9616
-1,5385	-6,0103
-2,9804	-12,3018
-9,8617	-12,4983
-15,6289	-9,8115
-8,1578	-9,0904
-14,3837	0,8055
-5,6674	3,3615
-11,4345	4,0824
3,0490	2,6406
-9,9927	0,0192
2,6558	2,5751
1,8693	7,1625
10,5856	2,2474
4,0976	9,5220
12,6828	13,9784
4,0976	9,8498
2,0005	16,0101
-2,0627	13,7819
-6,6503	11,0294
0,7553	14,2406
-5,5363	8,7356
-7,7643	11,1603
-9,0097	3,9514
-2,3905	1,9853
-8,4855	4,3445
-2,0629	-4,2407
-6,0606	-0,1775
-0,5556	-3,8476
-0,7522	-8,0418
4,2940	-6,9277
-1,4731	-3,7165
1,0829	-4,1751
-0,9487	2,1819
2,9834	3,0338
1,6072	-2,3401
1,1484	0,8056
5,1462	-6,4690
2,0004	-1,4882
5,7360	-4,3720
-5,8639	-8,2385
-0,4899	-4,2408
-7,8300	-3,7820
3,2455	-2,6024
-4,1600	0,4778
5,7360	0,8056
0,7553	-0,4396
11,4376	3,1649
-1,0142	1,8542
2,2626	5,7864
-3,9633	3,4270
-2,6527	-0,9639
-8,2888	-3,0610
-11,9589	0,5433
-6,3882	-1,0295
-10,1894	4,2789
-4,8809	5,7863
-9,6651	9,2598
1,1484	14,8958
-2,8493	6,4418
3,1801	6,6385
-1,6696	9,7187
3,6388	15,2892
-3,8978	12,4056
3,0490	10,7673
0,5586	10,4396
-0,8177	13,8474
0,4931	14,5682
0,7551	9,0633
-1,6040	11,2915
-0,8177	8,6045
5,6050	6,7694
-2,4561	6,0485
1,7383	0,8056
-7,6335	-1,4226
-1,0143	2,0507
-9,5995	0,6089
2,6557	0,2157
1,9349	-2,4713
8,4230	-2,2746
4,0977	1,9852
10,6512	4,0169
2,3282	8,4733
4,2941	7,5559
-3,3734	8,4734
0,8863	6,4419
6,2603	11,7502
4,5563	6,3763
7,7022	13,7819
4,4909	12,0124
9,9959	17,0587
-1,1453	20,2044
8,6851	11,8814
-2,6527	14,8960
1,9349	7,8181
-1,2763	4,4758
5,5393	7,6214
0,9520	4,1480
9,6681	0,6091
0,7554	4,6067
5,2118	1,2643
6,1949	-0,7017
4,8185	1,1333
8,3576	3,0338
1,4762	5,0655
0,9520	7,0315
-4,2255	1,9853
-0,6866	3,1650
-10,4516	7,2281
-5,7330	0,9367
-9,9273	-0,2429
-1,4076	2,7717
-6,8470	7,0315
2,6557	2,9682
1,1485	-0,6361
1,6727	1,7886
-0,8830	-0,6362
1,0829	-0,5707
0,6898	-2,2746
2,8523	-1,1605
0,9519	-0,5707
-1,9317	-5,4204
13,1416	-6,0757
4,2286	-8,6972
7,3745	-5,2894
-3,3079	-7,9108
7,7021	-5,9447
-1,2764	-0,8328
4,6218	-2,1436
-1,9317	-0,6361
4,8839	5,3931
1,4762	4,2135
0,4276	1,7887
3,7700	5,7863
4,0976	0,3469
3,2457	1,9197
-4,8808	3,1649
2,7214	2,5751
-5,6018	1,9853
4,2942	1,8542
-2,1940	4,4756
0,6897	0,0192
-8,0266	1,0021
2,1315	-2,2091
-3,0460	0,1501
-5,0121	-2,2747
-8,6164	-2,0781
-1,1454	0,4123
-5,6017	-4,3063
-2,1940	1,8542
-2,0628	0,7400
-6,5848	-2,5368
-4,4221	-4,4373
-9,6650	-3,5853
-1,7351	-0,8330
-3,1115	-4,9616
-1,2764	0,0191
0,3620	0,3468
6,7846	3,4926
6,1293	2,4440
18,8434	5,9175
17,0739	7,0971
17,2050	3,9514
17,5328	7,8180
13,9937	-0,8983
8,8820	2,6406
9,3406	3,9513
9,3406	1,5265
1,1485	4,0169
6,3259	8,4733
-1,9317	8,5388
7,1123	2,1819
1,8039	4,0169
11,1755	5,0654
6,3914	-0,8328
11,6998	-2,3401
6,7191	-3,1266
14,7800	-1,0950
4,6875	-5,8791
2,5903	-7,5831
-0,5554	-6,8623
-1,8662	-6,0759
-1,3420	-11,0566
-5,9951	-9,4182
-4,4876	-6,2069
-3,1770	-4,6341
-2,9147	-6,0102
-5,0775	0,9367
2,0660	-2,2746
-3,2424	6,1795
6,9156	0,6090
-0,4243	1,5920
7,9642	1,5264
-1,4074	-2,2746
4,3597	0,6090
-0,2278	-0,2430
-0,8177	-5,0926
2,5249	0,6744
5,9982	-6,2724
9,4062	-3,8476
11,0446	-3,9788
16,4186	-7,5176
7,9643	-5,6826
7,7022	-5,0927
-2,3249	1,5264
0,0344	2,9682
-6,0606	1,1333
-5,6019	0,3469
-11,9589	4,4102
-4,6188	5,8519
-1,6041	3,4271
0,7552	2,3130
-1,0797	6,7694
3,0490	1,5265
-0,2277	2,0507
-6,8469	-2,9955
-4,7498	0,0191
-9,0097	-5,2893
-2,6527	-4,0441
-5,2086	-3,9786
7,8987	-1,1605
4,6874	-3,7164
11,0445	3,9513
7,0468	3,3615
10,3236	11,1604
2,7869	8,6700
1,5416	4,7380
-5,7983	11,8158
-0,2934	9,7186
-5,0775	3,1650
-6,4537	4,6068
1,9350	2,2474
2,5247	1,0677
-3,4389	-1,0950
-5,0118	3,5581
6,7191	4,2791
1,8693	9,0632
8,4885	1,5921
-0,0967	9,3255
7,2434	9,1287
2,7869	3,2305
3,8354	-0,7017
-2,5871	-4,2407
3,2455	-8,3040
-1,9317	-8,5007
-2,6528	-4,7651
-6,5193	-2,4058
-7,1092	-0,7674
-5,5363	0,7400
-11,5657	0,8711
-5,5362	-1,2260
-5,8640	0,8710
1,2140	-5,6171
-7,7644	-7,7796
3,3767	-1,5538
-3,3736	1,1333
3,1144	8,1457
-1,7352	13,3231
6,8500	11,4226
-1,5385	11,2915
4,0320	10,3740
0,2966	14,0440
2,1315	10,7672
4,8186	7,1627
0,9518	7,3594
1,2141	4,2791
-5,8639	1,5920
-2,7838	0,8056
-13,4007	-2,9956
-1,7353	-4,3718
-9,0098	0,0846
-7,8301	-4,7651
-11,3690	-7,7142
-4,4224	1,3298
-16,6120	4,4101
-7,4370	11,2259
-6,5849	10,7672
-0,4245	10,5707
-0,3588	12,6678
3,4422	7,3594
3,1802	5,7210
-2,2594	4,0169
5,0152	3,2304
-1,9318	-2,0125
4,2287	-1,6192
2,7213	0,3469
9,6682	5,3932
2,0660	7,2281
10,7823	4,6723
4,4909	0,9368
13,4693	7,7524
5,3429	-5,4204
9,0128	-7,9107
3,7045	-10,3357
0,6242	-8,4351
2,1316	-9,4182
-0,8832	-13,0227
2,7214	-16,6927
0,4276	-16,4306
11,8964	-13,3504
1,5417	-16,5617
5,0807	-16,2996
2,3282	-11,9086
15,2387	-7,3211
3,0490	-6,5345
10,1270	-2,2747
4,2943	-4,3718
7,8331	-5,8791
-0,4898	-4,8305
-2,3906	-4,0442
-7,3712	-9,2870
-11,7622	-7,9763
-12,0898	-3,9131
-9,5341	-1,7504
-9,8617	0,8712
-13,4007	12,1434
-3,7668	12,7333
-8,0923	16,5999
-4,9465	17,4519
-4,6188	20,0734
4,4252	15,4203
-4,3566	8,5391
4,7529	8,4079
-3,3080	4,9999
1,6727	-1,1605
3,7699	-5,3549
1,6072	-4,8962
7,9643	-8,8938
0,5587	-4,6340
6,7191	-6,3380
-6,3227	-7,1900
-2,6526	-11,8430
-9,2064	-7,3866
-4,2257	-7,3210
-9,6652	-7,1244
-3,0459	-2,8644
3,1800	5,4586
4,9495	-2,8644
4,3598	-2,2746
6,1947	-6,0758
-0,3589	-3,7166
-1,8663	-12,7605
-6,1915	-8,8938
-7,3058	-3,2578
-6,2572	-4,5684
-20,4131	6,0484
-11,5657	7,3592
-22,2483	5,8519
-16,0877	10,5705
-19,0369	8,2112
-12,8765	3,2305
-13,2696	2,8372
-4,2257	3,0993
-9,0752	-4,0442
4,1630	-9,8768
0,0999	-5,2894
4,9495	-5,6826
-0,4899	-9,0905
-5,5363	-5,2238
-4,4876	-0,9640
-14,3837	0,8056