19,4137	-1,5062
17,4475	-13,6957
34,3557	7,2758
4,2749	2,8193
34,0283	11,2081
14,4985	13,2395
33,7661	3,0162
24,7877	12,5188
35,9286	4,5233
23,8702	-7,7317
19,4791	7,6693
25,0499	-5,3070
19,5445	-6,0278
20,7245	5,0475
17,9716	-16,5792
15,4160	3,8679
8,9932	-10,0259
26,5571	-9,9603
8,0756	-15,7932
20,8553	-25,7544
8,0758	-18,2835
27,9331	-10,0262
0,4736	-40,6969
12,4012	-26,9340
0,8668	-18,2837
5,2575	-28,3760
-8,2427	-11,2057
-7,7187	-30,2766
-19,5150	-21,7567
-30,1975	-4,3901
-5,8180	-29,7523
-9,5541	-15,7930
-20,3671	-14,6792
-20,2363	-33,5534
-2,3448	-16,9728
-21,2849	-19,6599
-5,7527	-31,1942
-19,9084	-24,1819
4,4708	-35,1919
-12,0441	-28,6383
2,4393	-29,7526
-7,2599	-48,8889
3,4223	-35,2574
-12,8302	-35,6510
2,0462	-55,8359
4,2746	-47,9717
-15,4518	-50,1347
2,4398	-63,4382
-6,2770	-44,4330
-3,7863	-58,6545
-12,8306	-56,3606
-3,2622	-57,2781
-13,1583	-72,4823
-2,1484	-54,6566
-28,3627	-64,4870
-14,4035	-54,7220
-23,6440	-59,3754
-6,3429	-74,7104
-19,6465	-53,4114
-19,1224	-55,9676
-28,6247	-86,2448
-35,1130	-50,4623
-24,8893	-73,0070
-38,7831	-77,7908
-36,2271	-63,7008
-52,0214	-75,9562
-31,1155	-66,5845
-53,3324	-80,1505
-44,4194	-87,2938
-53,3323	-85,5898
-27,3148	-83,6895
-55,4951	-88,0803
-36,4241	-77,5291
-43,9608	-82,5754
-44,9439	-81,3956
-43,8294	-84,4760
-44,4196	-100,2699
-49,0724	-72,7450
-58,7064	-90,9643
-52,8734	-103,8745
-65,1289	-85,4591
-56,8057	-101,3190
-66,1777	-105,7099
-45,6650	-109,8387
-70,1755	-118,2930
-54,9712	-118,2930
-81,3167	-132,1868
-67,6854	-144,3107
-88,7878	-130,7450
-78,9577	-135,5294
-98,5528	-146,0150
-92,1960	-148,8988
-102,4195	-174,5887
-96,9148	-152,0444
-106,6793	-145,0326
-107,4660	-171,2467
-102,8128	-156,6979
-114,7406	-167,7737
-103,4028	-177,3418
-133,3529	-177,1453
-107,5972	-191,8253
-133,4186	-189,4660
-129,6175	-193,1363
-138,7926	-209,0614
-120,9017	-203,5563
-160,9439	-206,4402
-138,9895	-208,1441
-154,5870	-205,3262
-148,4924	-220,0719
-152,6863	-233,1789
-148,2959	-218,3680
-154,3904	-228,2640
-154,3905	-220,2033
-155,5044	-229,7061
-152,0312	-247,8595
-144,1014	-235,6699
-158,5194	-246,2870
-141,7422	-260,9669
-162,1895	-246,0250
-151,1140	-275,7784
-174,1171	-264,7027
-163,5659	-271,0602
-173,6584	-293,9320
-179,8191	-292,0971
-182,1781	-298,5197
-186,9626	-307,4326
-197,9724	-302,8453
-205,7714	-318,5740
-204,7882	-315,3627
-216,7815	-299,8966
-199,7420	-334,3030
-212,0632	-330,4363
-208,9829	-344,3957
-227,0709	-358,2892
-217,2406	-352,5224
-234,0833	-380,3753
-217,2408	-376,2466
-236,9671	-387,4538
-227,3991	-432,5424
-251,9748	-421,4013
-244,3074	-429,3318
-246,0112	-458,8227
-258,5289	-434,8370
-257,8730	-458,1026
-256,6939	-461,8378
-249,4191	-456,5297
-261,8714	-472,3239
-262,7885	-473,4379
-266,2622	-476,2564
-259,7087	-483,9895
-274,3888	-496,6381
-269,4082	-506,9273
-284,4159	-522,9838
-270,9158	-518,3963
-285,9890	-537,8608
-290,5766	-542,5138
-316,6597	-533,2082
-296,8025	-567,3524
-307,8781	-570,7602
-317,9709	-579,6080
-321,9028	-593,4361
-326,0974	-593,9605
-329,5052	-611,5900
-332,3890	-622,3379
-327,8672	-622,9935
-356,7030	-643,9650
-350,1496	-638,0671
-356,1791	-646,4559
-357,1625	-665,9855
-382,7870	-662,7088
-376,3648	-672,0806
-402,9723	-685,3189
-403,1035	-685,4500
-408,8050	-685,2536
-405,0043	-690,3654
-420,8638	-701,0479
-427,6141	-711,6647
-416,0796	-696,9848
-431,2843	-725,2311
-430,8253	-722,8060
-435,2164	-718,4157
-409,2642	-748,4966
-430,0394	-744,4989
-412,8033	-743,2542
-435,0201	-780,0855
-421,2575	-779,9542
-431,1534	-773,9255
-434,4960	-803,2855
-435,4133	-800,4676
-438,1660	-813,3129
-434,9545	-817,2449
-442,6226	-823,2089
-451,0762	-836,3161
-452,1250	-829,8935
-438,1658	-824,2578
-449,1760	-846,6054
-425,1897	-828,7798
-455,6640	-845,0327
-415,1627	-834,2191
-432,7265	-832,3189
-416,9977	-844,4429
-439,0832	-838,0204
-412,4101	-844,5085
-428,6630	-845,6882
-417,2597	-847,1955
-431,6118	-847,0646
-415,0970	-853,2250
-420,1432	-849,4893
-421,9781	-863,9073
-421,9779	-850,9964
-418,5702	-841,2976
-396,5498	-867,1184
-410,9680	-842,5423
-386,7193	-834,9404
-387,5059	-843,3944
-369,3524	-824,3232
-374,5296	-832,7775
-362,7987	-818,6867
-370,4660	-810,6259
-352,4439	-798,3705
-373,2838	-787,0328
-349,1013	-786,5739
-357,0964	-787,6878
-349,6910	-755,8373
-351,5256	-759,4420
-358,0139	-762,9806
-343,7922	-742,6645
-331,2753	-770,5170
-327,9982	-739,4528
-343,8579	-735,1931
-313,9734	-733,0301
-320,7237	-717,3668
-296,2133	-712,9759
-317,4467	-705,6357
-287,4313	-688,3996
-312,1380	-687,8096
-287,9552	-673,1948
-284,2849	-662,9712
-277,9937	-669,6555
-276,0927	-638,0015
-269,8014	-634,2661
-270,0631	-622,6003
-267,4418	-611,2626
-249,8779	-600,3179
-252,5651	-595,9268
-231,1346	-581,9675
-246,7977	-573,1200
-214,3573	-570,8260
-229,2339	-559,0949
-210,9493	-561,3230
-217,9615	-533,1424
-189,6502	-535,3706
-224,7772	-523,8359
-202,2983	-506,0103
-215,0777	-509,9422
-205,1163	-509,8764
-211,6698	-488,7083
-212,5873	-499,9146
-198,9556	-474,1590
-204,8541	-468,1297
-194,4336	-466,7532
-197,8416	-444,7330
-186,8315	-450,6312
-195,4165	-442,3078
-165,4011	-411,3750
-190,9600	-428,0864
-160,4202	-400,4301
-177,3940	-398,5950
-157,1435	-405,9347
-168,7432	-385,3562
-165,4010	-382,2761
-177,8525	-370,0863
-170,3161	-362,4841
-164,8764	-372,4452
-184,0786	-349,6387
-163,1068	-350,4906
-174,1828	-337,0557
-160,6821	-327,0941
-168,4155	-331,8782
-151,5072	-312,0861
-175,9521	-303,3698
-151,9002	-316,0181
-152,8179	-307,1048
-145,9366	-295,1775
-155,5046	-292,2937
-147,7059	-280,8248
-142,3316	-278,9899
-141,7421	-275,6473
-133,0253	-269,4870
-125,1613	-267,5208
-130,1415	-260,5738
-114,8063	-254,1513
-96,9804	-249,4324
-112,9712	-228,1990
-93,3755	-245,5002
-96,9801	-226,3634
-65,3917	-205,4577
-84,5282	-226,3633
-67,9473	-202,7702
-77,5811	-200,5421
-60,8694	-198,6413
-63,6873	-182,2573
-55,8887	-194,8403
-66,1120	-191,4320
-53,6604	-176,9488
-55,9540	-180,3566
-65,5224	-180,3564
-45,7302	-159,7783
-63,6219	-179,4389
-53,5944	-153,1589
-62,3109	-157,2878
-39,1768	-166,7903
-59,2309	-149,6198
-35,5067	-147,1294
-53,6603	-155,9110
-40,7497	-132,3181
-49,3349	-134,6119
-58,7721	-130,5485
-66,5051	-132,0557
-54,2501	-126,4195
-75,2215	-117,9653
-65,8499	-112,9845
-54,6433	-112,9189
-83,2173	-101,9746
-67,3571	-112,1324
-81,9722	-102,2364
-69,5855	-96,2726
-79,8750	-94,9619
-59,9520	-83,0998
-76,9258	-78,4468
-57,7238	-85,3933
-75,2217	-77,2013
-50,5802	-73,9900
-71,6172	-74,7109
-51,3010	-65,7325
-47,3032	-80,9367
-60,3449	-64,2904
-55,6914	-60,4896
-51,7596	-71,3683
-53,0699	-50,3967
-45,4025	-39,7801
-29,4771	-50,3967
-56,7401	-36,5029
-25,2827	-35,6510
-39,1765	-26,2137
-17,2219	-26,2792
-40,8803	-39,6483
-15,9110	-24,1819
-31,5086	-31,9807
-12,5032	-21,2328
-21,6781	-31,8497
-6,2773	-45,1533
-17,0251	-31,5875
-26,9866	-31,9153
-11,9131	-44,6948
-30,8534	-45,4154
-30,0665	-27,9176
-44,7469	-24,3786
-24,9549	-19,1358
-37,8659	-29,4905
-39,1108	-23,3954
-47,1719	-18,2182
-35,5066	-26,8688
-52,9391	-20,6428
-38,9147	-16,3176
-55,8883	-20,2496
-40,1598	-18,6111
-50,7766	-22,4123
-47,9586	-7,8633
-49,9900	-12,9752
-48,0241	-22,0190
-38,1934	-8,9771
-49,8590	3,2777
-33,3434	-17,6280
-31,1811	-1,6372
-18,6634	-5,8972
-23,4476	-13,2369
-12,0442	-3,7343
-23,5129	-13,0404
7,7476	-0,3262
-19,1876	4,6542
-11,8475	-4,1276
-14,0102	2,2296
-10,9957	7,0135
-13,0926	-15,7272
-16,1076	2,4261
-20,2361	-14,0234
-24,3651	-3,0786
-25,3479	10,9457
-26,8554	-13,9578
-17,6802	7,8658
-36,0961	14,6811
-21,4813	-1,1127
-25,2171	14,4193
-6,7359	0,1323
-20,3019	-2,4232
-9,8817	16,8440
-22,5955	-9,6979
-6,8671	0,2638
-23,3165	7,9311
-22,0057	-10,6152
-21,8746	7,9315
-32,6226	4,9166
-19,1875	11,0117
-25,3482	27,1334
-27,5763	13,8296
-43,5016	27,5923
-26,6587	27,0024
-38,5865	19,7281
-23,1199	28,9031
-24,7585	25,2985
-17,1563	14,4198
-28,0351	27,9855
-1,8210	6,6862
-33,2780	14,8783
-22,2024	15,3367
-21,4158	-7,1418
-14,0761	9,7663
-23,3818	3,2125
-21,2849	-3,8652
-10,6022	25,2983
-11,5199	5,1130
-3,0656	-3,0787
-13,2237	14,2883
7,1580	13,7639
-24,3647	7,4726
8,4689	4,9167
-6,7358	2,8852
4,6675	18,0238
-18,0078	5,6376
7,0923	2,9508
-13,5515	21,7595
-7,7844	8,7834
-8,1773	10,5530
-2,1484	20,4488
-11,4542	8,7180
-4,9663	26,4126
-11,3230	22,4803
-5,7527	18,1550
-5,5559	19,7279
-19,7117	15,2714
5,9784	19,9245
-14,2724	18,6136
-2,9345	6,6208
-17,4181	26,1505
-4,3765	3,8681
-22,6609	4,8515
-5,6217	18,7448
-19,5151	15,3370
-9,4884	15,1406
-17,6145	14,6817
-18,7944	10,0287
-18,7940	18,7451
-12,1752	35,3254
-9,2913	14,5506
-9,6848	25,4297
3,2914	22,3494
-12,3063	24,6433
-7,4565	22,7427
-14,4689	17,6309
-3,0658	25,4953
-12,8961	27,1992
-0,1170	21,7598
-29,6077	40,1753
-2,2795	30,7381
-22,9887	23,2017
-23,3166	36,9642
-18,4011	31,1970
-6,2117	34,8016
-24,8237	40,6341
-29,3457	38,4715
-11,6510	34,6048
-21,4815	34,4737
-7,3256	17,8277
-25,2825	30,2139
-10,2091	26,2161
-20,3018	15,5994
8,9928	36,8329
-6,8013	20,7110
0,0144	11,7329
-7,4566	35,8499
-9,6193	15,2715
-2,4757	18,6797
-0,9032	27,9200
-1,2961	19,8590
-20,3672	29,4929
-9,3568	14,5507
-13,6826	29,6240
-10,0123	29,4269
-18,5977	4,3926
-4,9661	18,6139
-13,7481	14,2884
-18,0734	6,8830
-22,7920	25,7572
3,3566	7,0139
-20,3018	11,2739
-10,4715	32,0486
-24,6271	14,8782
-15,3213	2,6888
-25,3479	17,6309
-24,2996	15,5336
-17,8113	22,3495
-30,3944	11,9947
-25,5446	8,3249
-35,4407	32,9005
-25,7412	11,4047
-30,9187	20,8422
-20,9572	27,0677
-35,4408	9,5699
-8,0467	22,1528
-26,7901	25,5606
-16,1733	13,3055
-27,1831	18,1552
-16,0422	13,1744
-27,3796	21,9562
-21,0228	19,0069
-23,9716	7,3417
-26,9864	13,8298
-12,8960	16,2543
-33,8677	3,6061
-6,9320	26,2814
-20,8915	6,8825
6,7647	14,0918
-26,9208	15,4678
10,2382	0,0671
-7,7843	9,6353
-3,1968	1,7054
-12,1751	9,1110
0,8010	8,5866
-6,4735	2,2297
4,9950	6,8827
-10,6022	10,1595
-7,9809	-0,3918
-9,1603	4,3924
-11,3888	8,2588
1,5220	9,5041
-11,9786	20,3830
-2,1479	1,2464
-10,8644	-3,2752
6,6993	20,1210
-12,6994	10,2249
11,4834	17,4341
-5,6216	25,6258
-0,2476	5,5065
-7,1288	9,7666
7,3544	18,2861
-14,3376	12,7811
4,4055	26,5437
4,5367	10,1596
5,5196	9,7011
9,0589	21,7596
12,4010	13,1088
4,6025	14,2230
10,8939	15,4680
19,8069	14,5505
0,2771	16,2543
28,9164	10,3560
12,5977	11,6668
30,0303	19,3343
8,3378	-4,1274
18,8891	10,6183
1,9810	12,7152
10,5005	-10,6809
0,2770	8,2590
5,0609	9,8972
-0,6404	11,0114
3,6847	9,1764
2,3742	12,9119
-7,8497	21,2351
6,3718	24,1185
-4,5074	11,6013
2,8984	15,0092
-8,7016	14,1573
11,0246	12,5189
-2,8690	15,8613
-0,9028	17,1719
-0,4440	13,8298
14,4979	32,2453
3,6192	13,1088
7,3546	26,4782
4,6024	26,8057
3,4226	20,1212
7,4206	31,9177
13,6462	14,0917
12,5979	11,6016
9,9107	27,1989
12,0081	-2,7509
4,1436	15,5336
9,6488	13,6983
5,7165	-0,1295
23,8042	9,0455
0,0802	0,5258
15,8744	1,5090
3,8812	21,0384
4,9954	5,6375
-2,6067	10,6840
3,4225	19,5967
-0,3783	1,2469
4,2089	27,0025
-1,2304	25,0361
-11,5195	7,4729
-0,1162	32,3110
-1,3615	12,9122
12,3355	25,1021
-3,0656	25,3640
10,2384	13,8299
-2,6068	21,1699
18,1682	20,9076
-0,2475	19,8591
6,0441	20,1866
9,3210	8,0625
11,4833	2,4265
-9,2911	11,4703
5,9785	1,7053
9,4520	3,5404
-9,8813	2,6882
2,4399	-8,2561
-5,4904	9,5694
5,1924	-1,1785
2,4396	-9,3048
17,7096	7,6034
-5,4902	-4,1932
25,4428	2,2295
10,1727	-1,7027
20,2653	-4,9136
4,4712	16,5820
8,6654	15,2713
-6,0799	16,9754
1,2599	26,3469
-0,3128	6,4897
-1,7550	26,2161
-18,9906	17,8928
-15,2552	16,5822
-10,3399	13,3054
-4,1143	19,9899
-8,6362	7,2760
-22,7265	11,7324
2,6360	13,0428
-15,3211	9,1108
-1,6240	-1,8338
-23,5785	-9,2393
-6,9979	-5,7003
-13,8137	-7,3389
-10,0127	-13,0404
-15,5830	-0,5887
-14,5346	-5,7660
-5,4904	-19,9871
-15,3211	0,2633
-12,0438	-10,2879
-17,8768	2,0985
-17,2867	1,3774
-21,9400	-4,9793
-4,7695	17,3027
-22,3989	0,2634
-3,1312	-9,1734
-18,8599	11,8634
1,8493	-0,8505
-17,6148	4,5892
-4,5075	15,2057
-11,0611	3,6716
5,5194	17,2374
1,5219	10,6183
3,4222	9,5697
-13,3544	15,7955
3,6191	-8,5837
3,5537	10,0941
-8,5050	9,2418
3,6848	-2,2269
-4,1142	7,9966
10,8936	0,0011
-18,8597	-10,1566
13,3185	-2,0959
-12,4373	-7,7319
20,1341	2,2295
-0,4443	6,2927
2,7670	-14,0888
-7,9151	-1,8334
7,2234	12,8464
-8,2428	10,7494
-8,1119	18,7448
-3,6552	18,4826
-0,8373	24,2499
3,5538	35,2599
-2,0825	7,4728
4,0781	28,3134
-1,8859	27,0678
7,4860	9,8321
-0,3129	24,1844
14,1705	11,6669
9,1897	12,7155
13,0562	12,2566
-2,1478	1,5743
23,7385	-2,0301
4,8644	9,6351
13,3183	0,7878
-0,0507	-4,5860
-0,7062	1,0499
7,5515	-1,7681
1,0631	5,6375
-2,5410	3,7369
-6,5391	-2,6199
-0,9027	20,7762
-17,1558	2,9504
-2,0825	14,2229
-11,5197	11,4046
2,6358	1,0502
-10,9299	18,4173
12,0074	13,8951
-23,9062	16,3201
-2,5413	27,7888
-10,2091	14,4195
-18,0734	19,5316
-6,9975	21,9562
-18,7944	19,0071
-5,6867	22,9392
-3,5899	27,8545
11,9423	10,6184
-10,2089	27,2646
20,7243	15,7956
2,9638	8,4558
23,6078	1,8365
8,7966	-0,7194
22,3625	7,0138
9,9763	7,0791
21,0518	-12,1228
6,5029	-4,3241
23,5420	-11,3364
-11,9127	4,1957
3,5537	11,6666
0,0803	-17,4966
-12,5028	25,4295
-1,2959	14,4191
-9,0950	6,8830
-4,1140	29,6238
-12,3061	17,2375
5,5852	15,6650
-9,6847	27,6579
8,6654	23,0702
-7,8497	25,6263
18,7578	31,1312
-2,9345	6,4901
7,4200	27,4615
-7,5218	37,5536
-0,7064	23,7913
7,7481	30,8036
-7,1944	15,6648
-6,4077	16,1892
-7,1287	26,6747
-2,6720	23,8566
3,9469	20,3831
10,1728	14,0916
-1,6892	6,5552
23,4767	12,5844
6,8305	2,4917
24,0009	-3,8651
7,3548	10,1595
24,1320	10,2250
4,2093	11,7324
22,6246	12,0599
12,4013	5,7689
8,4034	27,8543
5,7824	12,2566
16,9886	17,3685
16,7266	16,8442
9,5831	8,0625
11,5493	3,1474
2,8329	15,8611
21,7071	8,1279
-2,9345	18,4825
2,2430	-0,9161
-1,9513	-1,3092
18,1024	8,1278
-9,0294	-1,8337
-10,6678	4,9822
-16,6970	-2,9478
-10,4057	0,0013
-13,6168	7,9312
-16,4351	0,3289
-15,1240	-7,2730
-15,6485	-1,1128
-4,5072	1,6396
-14,2723	-10,8120
-13,6823	4,1301
-27,6414	0,0667
9,8451	5,0477
-13,6170	12,5842
-1,4928	-3,1443
-21,3501	14,9437
1,9151	-0,1296
-8,8983	12,0604
-3,0002	24,9706
-5,8836	4,9822
0,1454	8,2592
-15,9761	19,9245
-8,3742	-2,9476
-15,5174	16,4511
-25,6101	7,3413
-6,1457	-5,7001
-21,4159	8,5210
-9,4881	-1,3750
-16,4351	0,0668
15,4153	-1,7681
-19,1221	0,7878
2,4394	11,2733
-7,8498	0,5253
5,9128	-15,9238
-7,9152	9,7661
4,9952	-3,9966
-2,9998	-11,1399
0,1455	-5,9625
-6,2110	-15,1376
3,3569	-2,6202
-1,7546	-3,4725
0,9322	-21,4291
9,1243	-12,9093
-5,3591	-1,8341
14,8260	-17,4971
-0,6406	-12,3198
16,7921	-29,6866
3,3572	-29,5554
32,1274	-5,0453
11,9423	-25,2303
24,1975	-8,3874
4,4060	-12,9750
15,2847	-14,4822
6,1099	-3,2755
5,0612	-1,6371
17,5131	1,6398
-1,2304	5,3096
16,8577	-0,0642
0,5391	15,6644
13,5808	-5,8314
-1,3617	-0,3917
3,6848	8,4553
-9,0950	-11,2053
-5,0973	3,5404
-12,6339	0,3288
-4,9664	-14,8098
-21,2848	-3,6685
-7,6533	-1,1129
-17,2871	0,1979
-15,9110	6,0305
-20,1050	1,1153
-19,7777	-0,1952
-17,4181	13,1739
-30,5910	-11,5330
-17,8113	15,1404
-22,5302	12,3220
-11,4545	-1,7024
-34,9163	21,1695
-5,4251	2,2296
-13,8793	8,7180
-5,3596	16,9753
-29,6076	0,4603
5,7162	16,9754
-8,5707	12,1910
3,9465	4,9823
-9,1604	9,9630
-2,8036	19,1379
-9,4224	9,0454
-1,6238	10,8150
0,9322	-0,8504
-2,5413	11,5359
6,1097	21,7594
-3,4587	9,5697
12,5323	18,1551
0,4734	12,7153
10,4350	11,3392
3,4226	15,4680
18,2337	-5,2414
-1,5583	-10,8772
-4,3106	6,7518
3,2260	5,7687
5,1919	13,3708
-1,5581	10,4216
0,6043	7,4727
-0,6405	18,6136
1,8496	0,6568
-4,5727	1,1813
1,3254	21,3007
15,2192	7,0793
-6,6045	10,6184
12,9255	24,1185
2,4395	7,5381
6,3718	15,1405
-0,2472	10,9459
14,3014	-0,1949
4,5368	20,0556
6,5027	17,7617
-7,2596	7,8003
4,0779	28,5752
-8,0461	7,0794
-8,4394	12,9123
11,6147	8,9145
-7,9809	11,7981
-5,8833	21,1695
-1,2307	6,4894
6,4372	9,5042
-27,2483	14,8779
13,6462	-0,1952
-0,9031	7,4724
-0,5752	3,1470
-9,0293	-1,7026
3,3569	3,3436
-12,5682	0,6567
8,3375	-2,7512
-13,6824	-0,3264
-6,6702	-15,0062
-4,9006	5,0477
-21,1538	19,5964
-6,9321	-9,3704
-21,9402	8,1279
-2,7379	6,0960
-10,2748	-0,1297
2,3084	10,0282
-15,9107	-7,1421
1,1943	-4,5861
5,3231	1,5086
5,5194	-17,1690
-8,9636	1,6398
11,2212	1,2463
-18,5320	-0,3919
-3,9831	17,7615
-10,4711	-2,6203
-17,2870	-0,0640
-5,8181	21,3005
-17,7459	5,3753
-5,6869	13,4365
-14,6656	32,1794
-6,2767	12,3222
-12,8304	16,7789
3,0294	22,6114
-2,4102	11,9946
5,7163	23,9877
-2,7377	6,8173
22,0347	14,8783
0,6700	23,2666
9,7795	11,7980
5,9129	10,4873
2,8981	14,3539
1,8499	10,0942
-1,2960	19,5313
14,8917	12,1912
10,7625	14,0264
10,0421	28,8373
13,5808	14,2228
16,7267	24,7087
17,7751	8,5866
20,2654	10,8808
11,0905	12,3879
20,3308	5,3756
4,1437	24,2500
26,6876	16,5822
-13,9444	19,4003
-2,9344	20,5799
2,9638	9,3733
-9,6194	16,1236
-19,0561	25,1674
-15,3209	17,6964
-23,3817	16,9756
-22,7264	31,8522
-17,2213	25,6262
-30,5252	27,0026
-0,0511	38,7334
-25,5447	16,1236
-9,8159	31,9834
-20,3673	34,3423
-11,3888	11,2739
-18,2045	10,6187
-1,0998	7,4074
-17,7457	16,4512
0,3421	13,8298
-3,2623	9,8976
-12,6994	12,9123
-6,3422	27,4609
-6,4080	-0,9160
-0,9683	16,2545
-15,7795	13,6985
2,6363	20,7762
-9,0949	12,0599
12,5322	4,0647
-4,2451	10,2250
15,8745	3,1469
7,8791	-13,0402
13,9739	2,4917
3,8161	-4,1931
24,9839	-12,1228
21,3796	-0,8507
12,9253	-11,4021
13,5155	-6,0935
7,4857	-1,2440
6,1099	-18,8731
4,3400	4,3266
-0,1162	1,0496
-14,2066	-20,6426
-6,0800	1,9673
-9,6846	1,9016
11,9422	-6,1592
-1,3617	-4,9795
6,2405	-10,5499
3,8813	10,8804
14,0391	-5,5038
-2,4102	-11,9913
3,8812	25,8881
-1,2304	9,9627
-12,7650	9,1766
-6,4730	10,7494
4,2742	7,8659
6,1095	18,3515
-11,7165	12,1912
1,9153	7,4072
-12,1753	21,5627
-1,0339	5,8341
-4,5731	7,5381
4,2087	6,1619
-12,7650	3,4748
-5,6216	-7,9938
-6,4080	10,4216
3,0945	-8,5838
-27,1827	3,6059
-6,6702	-2,7512
-11,1265	-1,1127
-10,0126	15,9265
-3,3932	-2,2270
-4,7697	0,3945
-5,8180	8,3243
-12,3063	-2,4890
-4,5729	9,8973
-15,7795	3,4091
6,5026	1,9020
-8,6363	22,0214
8,9274	5,5719
-12,6995	7,9970
6,3059	16,0578
-12,0442	5,8343
-10,1437	19,2692
-22,5954	22,0869
-16,0420	0,6569
-17,1558	13,1088
-24,3650	11,8634
-19,5807	5,5065
-25,8068	8,9143
-12,8961	2,8195
-30,0011	17,8928
-0,3133	10,8801
-32,2951	2,2953
-17,9423	15,2712
-18,3358	20,5140
-8,7021	13,0430
-20,7606	9,2420
-1,6899	5,6376
-28,1661	12,5190
-20,8918	7,4726
-26,0034	2,5575
-24,0376	18,1550
-26,4621	14,4847
-30,7222	8,3902
-29,3457	21,2351
-33,0814	13,0430
-19,4499	8,4556
-39,0452	16,4510
-13,0928	14,7470
-20,1708	-0,4572
-4,5078	3,4750
-22,2023	6,0309
-9,6849	6,9481
-18,5321	0,3291
5,9782	2,4263
1,7185	4,1301
-3,5245	-20,5769
-6,4732	-2,4888
-2,6724	4,1299
-1,6235	-7,9941
-2,4757	-5,9625
-4,1794	-3,8655
-12,7648	-6,0936
1,1289	2,9503
-6,4735	-18,3488
14,1047	-2,3580
-14,4035	5,3096
-2,5413	-15,2031
-11,1921	-3,6687
1,5873	-5,7004
-16,8937	-6,8800
1,7184	-3,2755
-15,9106	-9,8946
-5,2283	4,0646
-0,2475	9,5694
-12,5684	-9,4357
-0,9682	3,0816
-1,6895	8,5209
-1,1649	-2,2923
-8,3086	12,6498
-3,3932	10,8803
-10,6023	0,5911
1,4563	7,6692
-6,2770	3,8680
8,5996	7,6037
-8,4396	11,0113
5,0608	-3,1443
1,1287	23,5943
-0,0510	-6,2248
9,9107	-9,7633
-2,2137	7,9966
-5,5556	-9,5670
1,0632	1,8364
2,1120	3,8021
1,7185	-24,3125
6,6994	-2,6857
-4,9660	-8,1909
16,2677	-13,1060
-1,3615	-18,4144
24,1974	-13,2370
14,3015	-8,5185
23,4110	-8,1909
3,9470	-22,5431
18,6270	-9,1737
6,5030	-7,7320
11,8768	-15,5963
12,7945	-0,9164
11,8767	-10,8778
2,5055	-13,4336
8,7968	-6,0936
16,6612	-10,4846
6,5029	-5,7005
13,5811	-3,7344
10,3039	-16,1205
19,3480	0,5257
-2,8687	-0,5231
16,0710	-3,0133
1,3910	17,4339
9,1241	12,0598
-8,5704	3,6714
-1,8204	11,4047
1,5876	-2,2267
1,7838	7,3415
-10,6675	11,0770
-3,3932	10,0285
4,1435	24,6430
-14,0757	7,7346
6,3717	21,1697
-10,7334	26,1502
12,9252	8,4555
-3,3933	7,9314
13,7771	6,2272
6,0440	-2,9476
20,1341	7,1448
6,8304	-3,8653
13,9083	3,3438
11,4181	7,0137
13,5150	2,9504
1,1291	9,6352
-0,9029	8,5865
4,4714	6,3585
-5,4904	7,0137
2,8984	-0,2607
-11,9787	12,6499
-4,5072	6,7514
-12,0442	-2,3578
0,4732	7,4725
-13,8792	6,2270
3,6190	-13,2370
-11,5199	2,4917
4,6675	2,8192
-10,4712	-12,7783
11,2210	-2,0303
-0,3131	-8,6496
-10,3402	-6,4211
-13,4856	8,1276
-9,1605	-9,1081
-15,9105	7,4726
-10,0782	10,2249
-14,9931	6,0307
-24,5615	4,6546
-10,4713	13,1087
-21,1538	12,0601
-11,0612	4,9823
-24,2994	8,3246
-2,8037	19,8589
-17,3527	8,7176
-8,8330	-3,7994
-12,4374	10,6839
-8,7019	8,1279
-16,8934	2,0987
2,5047	15,3368
-10,9297	-4,6517
-5,4904	3,4750
3,1606	10,3560
4,9954	-1,5714
10,8282	9,8974
5,3231	-0,1298
10,6973	-0,6538
7,9446	7,2102
17,0540	-6,9455
-3,3931	4,9164
11,8767	-3,3413
-0,2475	-21,3635
2,1772	-18,8731
-16,4347	-18,6766
-5,3594	-27,3273
-16,5659	-8,9773
-16,0417	-15,8587
-9,2913	-1,8339
-8,3086	-3,8657
-1,3615	-18,9386
-8,8983	6,1617
10,8282	5,7682
-3,9176	-8,3217
10,3694	11,4703
1,4564	15,0745
14,3014	9,7662
-8,7672	4,8512
13,3184	10,9461
0,7355	7,0139
2,7669	7,1450
-8,6359	11,2083
-5,0318	23,4633
-8,2428	14,9438
-5,0317	10,2251
-2,3445	15,4023
-6,9979	7,2758
7,6169	11,0770
-18,9252	9,2418
11,2870	-5,2415
-2,4757	-1,9646
11,4837	11,5355
11,6146	-4,9140
20,1343	-1,8991
-3,9828	4,6544
16,7267	-6,6832
13,0565	10,8148
12,5976	-9,8945
0,5394	18,4171
17,1196	6,6859
5,9787	-4,7825
-7,0631	13,3708
-6,8008	12,6497
-2,0824	0,2636
5,1920	9,0454
-14,2721	1,9019
-2,2135	1,1811
-5,6215	14,2226
9,5829	-8,6495
-1,2306	-6,5521
10,6970	2,6882
-2,0168	-14,7443
11,6800	-0,2608
-2,8687	-18,8731
0,6701	-6,0281
-3,8516	1,7707
8,5998	-15,7929
-11,5195	4,4577
-10,6021	-0,9818
9,9762	-5,1759
-15,7141	10,5527
2,3741	12,7153
-1,7549	0,1981
12,9253	18,1549
6,3061	9,2420
22,5589	3,2127
0,7357	5,9653
13,3841	0,2637
7,2237	9,2420
9,7795	-8,5183
10,1074	-5,1102
0,2111	10,1595
-8,2425	1,6397
-5,6216	4,4580
-9,1602	10,4215
-2,3448	9,6351
6,3060	5,8340
-16,6972	2,6228
3,4225	2,3607
-15,1900	13,3705
5,8473	-2,7511
-9,7503	6,6861
15,6121	4,3922
-1,2306	0,2636
19,0199	11,4048
-7,7184	4,2612
17,5128	-4,7825
1,4566	11,9945
-6,2112	13,3707
-0,7714	13,5674
-7,5874	16,9096
-2,1477	1,3777
4,2089	22,9391
9,3210	15,5988
-0,7719	-2,0301
15,8090	9,5041
-4,1141	9,3730
11,9424	-7,0108
5,5854	9,6353
24,1975	0,9190
4,7333	5,5066
19,5446	3,6716
2,7019	9,0455
11,8113	9,5696
12,2703	-0,6539
14,8913	-0,3261
9,3211	-2,2268
4,2090	-2,1613
14,3672	9,3074
-17,8111	2,8193
8,3381	-12,1884
-5,0318	5,5719
-0,0509	-4,5209
-12,9615	-4,5206
2,8981	10,0282
-8,8330	-1,4407
-4,1799	-5,3072
-19,8429	-3,2755
1,9803	-7,0765
-22,4645	6,0963
-11,4544	3,7367
-22,2021	-8,2560
-15,8452	18,0238
-2,4103	4,6543
-21,7435	-7,6006
-15,7137	15,0746
-7,2599	1,0499
13,1219	3,3436
-7,3254	7,7999
16,0710	-6,6179
-6,4078	-0,7852
16,4643	-14,1545
4,2090	-12,5160
8,0756	6,9480
2,4396	-6,8145
8,7963	-3,0133
-7,9806	-4,5207
-14,0757	-8,3873
-8,0461	4,7200
-16,3695	2,1641
-12,4371	-2,2268
-18,4667	3,6714
-5,9491	7,8657
-22,1367	11,1425
-13,4203	9,6352
-17,5492	9,5043
-5,6871	23,7910
-11,7165	6,9483
9,8447	7,9316
-8,5052	9,3078
-3,7867	12,7156
-2,3447	19,4004
3,4877	21,9561
-14,9931	16,7789
-3,8521	30,6069
-7,5875	25,1673
-11,2575	21,9563
2,7017	26,4781
-5,5559	22,6769
13,7773	7,2107
-5,9492	24,9709
11,4837	14,6160
-1,3614	13,2399
27,4743	17,4996
6,5029	5,5723
20,7242	17,1720
12,6635	23,5288
25,2461	9,0454
22,3628	17,6962
23,0180	-1,1781
13,5157	0,5258
25,1154	6,8826
27,6713	-5,9623
11,2873	4,4577
29,7685	-0,6541
16,3989	-0,6540
22,2974	-5,2415
2,5710	-0,0642
41,6958	-5,5692
12,9907	-5,4382
20,0033	-13,4990
2,3741	-0,4574
23,4110	-5,0451
-5,2936	-17,1035
7,8134	0,1979
0,6701	-6,4868
-12,9615	-5,7004
1,5879	3,2124
-2,5414	-8,0596
-2,6719	-7,9942
-3,0655	-9,0428
5,9132	-15,5308
2,1119	-1,1786
15,0225	-11,9265
-8,8324	-17,5624
23,2146	8,7172
11,0246	-11,9921
8,7966	-13,3026
2,9640	-1,8339
18,0370	-10,1570
10,3038	-5,7659
3,6192	-2,0305
8,6656	-14,4822
-0,5097	1,5084
-2,6721	-6,5526
-9,8813	-20,9048
-2,5411	-3,6034
-22,6609	-9,1085
-3,3277	-1,9650
-25,2169	-15,3998
-2,2139	-11,3366
-21,5471	-3,6689
-9,9473	-6,0938
-28,5594	-12,7126
-9,2264	4,5232
-18,3358	-3,9309
-17,1563	0,5257
-20,1704	3,0160
0,8008	-3,7996
-7,1288	17,4995
-1,8859	0,2636
8,9932	12,9777
-9,0948	20,9730
8,0103	11,3392
-8,5705	17,2375
10,0420	33,7525
3,7502	9,5698
23,2800	12,6501
4,2090	14,9437
23,2145	9,9631
6,5685	16,9098
22,6902	7,2761
6,5685	11,2082
16,0056	9,3733
18,4304	7,5383
0,8666	8,9145
3,3572	17,6962
-14,0756	12,2569
1,4566	28,3785
-19,1876	19,2689
-11,9128	5,0479
-27,5106	24,2498
2,6360	10,6839
-19,8431	31,3277
-4,2453	21,0384
-4,9663	10,7495
7,4855	15,7303
-12,0440	9,2422
-0,7719	13,8298
0,9321	20,8420
-15,4519	15,0748
-1,6235	13,9608
-10,5368	12,1257
-6,9321	3,5405
-14,6655	13,6986
-13,0269	13,7640
-6,5393	1,5744
-7,4565	12,5188
-23,3162	-3,2753
8,5998	2,4921
-2,4105	11,0769
4,7986	-8,4527
-13,7480	-0,3917
4,7987	9,8974
-0,3786	-3,2754
1,7183	14,6161
-11,1264	11,6668
-10,5368	1,9679
-6,0802	26,0849
-11,5198	23,5289
6,7650	28,9686
-9,3571	37,2915
9,7797	20,5145
5,5852	33,6871
13,6464	26,6091
5,2577	21,1043
20,7243	35,0632
12,5321	5,3754
19,6099	13,9609
-7,0629	15,7300
17,1195	4,6546
5,1266	9,1765
5,1264	-2,4889
-5,6213	2,6230
-1,4926	8,8487
6,9616	-2,2268
-13,2892	6,6861
-8,3736	21,6937
-4,3106	8,3899
10,7627	11,2080
-5,6215	6,0962
17,5129	-3,6031
-10,3399	7,5381
27,9331	-0,3265
7,1580	-12,0572
18,4960	-3,0788
-2,6721	-1,9648
27,6054	-4,7829
8,4035	-7,9942
17,3162	-16,2515
9,9109	5,0475
4,5369	-7,8631
17,2509	-12,1883
2,1119	11,6665
15,8092	-0,3265
-0,3130	-8,6493
15,8091	6,0306
-1,7548	-7,9942
3,6193	0,8534
0,6046	5,3096
16,7263	-14,4166
-1,6892	4,9820
14,6291	-11,7952
-4,5072	1,5742
16,2021	5,8338
-0,8372	-15,1376
4,6021	4,4578
2,5707	-0,3921
-12,9615	-16,2515
6,1096	7,5380
-9,6193	9,0451
-10,8642	-5,7656
-17,4179	12,5844
14,3014	4,2612
-15,9107	16,5166
10,8281	15,4679
-1,4272	-0,1295
11,8766	19,1380
-2,2135	6,8172
17,5128	12,0602
-1,7547	8,5866
12,4666	3,2781
-0,3129	-0,4573
-0,9027	8,3244
10,5662	-9,2393
-9,3570	-0,5886
0,7360	-7,2077
0,5389	-2,5547
19,8721	6,0304
-4,1141	-18,2834
26,6223	-2,3581
-4,1140	-1,1130
17,6438	-20,6425
1,4563	3,0815
-10,2089	-3,8656
-13,0270	-4,3240
-3,0658	17,6303
-12,9616	-4,5865
-15,7144	-3,6686
-22,0055	9,7661
-38,3896	-3,4722
-11,9128	7,5379
-10,9958	1,9672
-19,9082	-2,0959
-6,5391	12,3220
-9,4880	3,8677
-8,5706	-4,5862
4,5366	7,1447
-6,5389	5,3097
21,7726	5,9652
-2,9345	8,7175
14,3670	-1,9646
-1,7547	8,7833
7,1579	11,8633
-2,8031	-10,0910
4,9297	8,8489
5,3232	18,2858
-11,1265	5,7686
8,0759	13,9606
-7,3910	8,1935
2,9640	14,5506
-7,9152	23,4632
9,2554	13,5675
-11,9128	24,3152
22,6245	10,2250
-3,0002	4,9824
15,5465	1,5088
-7,5220	-6,0934
7,8133	8,4555
-6,6045	-4,5861
-11,8474	-12,4504
-0,7062	6,2272
-7,1945	-4,0620
-7,7185	-6,7488
-6,7357	6,6860
-5,2280	-1,3095
-14,7965	0,5257
2,1120	9,3074
-13,0926	-4,7171
7,0272	14,7471
-6,0802	6,4894
20,3309	-0,0639
10,6969	11,0116
9,8451	8,5212
3,6193	10,8150
12,2044	26,0192
11,9423	-3,9961
7,8133	1,8368
-7,7182	19,9243
-6,4732	0,1981
9,7797	17,3685
1,3255	9,8318
14,3017	7,8004
-0,3128	15,2714
27,6056	11,3393
13,2530	14,8127
27,1468	17,8929
23,2146	19,0725
37,3703	22,5460
13,9086	10,8151
29,3094	18,2864
9,8454	33,6215
16,9232	5,8345
12,9256	14,6165
14,4983	23,9877
5,9790	15,5992
23,8044	27,0679
14,1053	1,6398
17,9062	15,4681
25,1153	13,1086
8,4691	3,5404
22,6250	19,7277
8,7313	8,1277
31,3412	-12,7779
13,7119	14,0917
25,3118	3,4091
2,5055	-10,4187
25,0495	0,0014
9,5177	-10,4188
10,0417	-3,4719
8,3380	0,9188
-6,9977	2,0328
-7,5871	7,4723
-6,4735	-2,8825
1,7844	-11,9917
-1,2306	1,3775
9,2553	-2,7514
3,4224	-6,7489
2,9638	8,0621
-10,6021	-6,4213
7,5514	10,3561
-3,9830	10,3559
14,1704	-7,8628
-3,6555	6,9484
-3,2623	4,5889
-2,2791	0,9192
-0,7065	18,1549
-5,4248	1,1810
-14,4688	1,1157
-7,7184	14,0260
-11,7163	5,8996
10,1728	10,2904
-3,2622	1,5741
9,5832	-5,5692
-0,2473	3,5402
10,4352	-7,0112
10,3696	-5,7659
24,3941	0,6565
1,7844	-11,2053
18,1027	-13,6955
5,7164	-6,3557
15,6777	1,5088
2,4396	9,8973
-2,2136	-0,9816
-2,4100	6,5553
-20,4325	24,7085
-0,1817	16,5166
-11,6509	22,0874
-2,0169	24,3153
-13,6170	21,1698
-5,8836	39,9785
-13,2893	14,4848
5,5851	11,0119
-10,4058	19,6622
3,6189	3,2128
-10,9955	7,0140
4,4053	16,1888
-13,1581	2,4917
-7,2600	15,4025
-6,6700	3,2128
-5,5561	12,3878
-14,6654	22,6768
-18,4666	0,3292
-3,7208	14,8784
-10,7992	19,5967
-11,0609	15,3368
-20,3671	10,1596
-4,5729	12,0601
-8,6362	4,6545
6,8957	9,3730
-16,1071	-0,9817
8,4031	-1,4403
-14,2065	-0,7852
9,5829	-8,7805
5,9128	6,8171
-13,8134	-8,9117
8,2069	-11,9261
-5,6871	9,5694
-8,8979	-1,5717
-1,8859	6,0961
18,2336	-4,3897
-8,7017	-10,8778
6,3062	-9,5014
-8,7016	-2,7513
9,5173	-20,7735
-8,9638	2,3607
19,3476	4,9817
-5,0973	-13,5646
-11,0610	6,0306
-3,3931	-13,5647
2,7669	-11,7951
-7,0631	4,3266
0,9975	-8,7807
2,1774	-9,3702
-11,5198	-4,0620
-4,8348	-8,6494
-1,5582	7,1447
15,1535	4,5886
-4,1142	-6,9456
7,9447	1,3120
7,6824	-18,4142
7,4858	1,3122
3,0950	4,5886
19,5443	-15,0719
3,5537	7,6691
13,1218	-4,3241
2,1120	3,6059
13,3184	7,8000
12,5977	-6,2900
5,4541	10,1595
15,7435	1,6396
5,0609	-4,6516
-0,2472	6,2273
5,2577	-3,0135
17,9060	-13,0403
-23,1193	3,3435
13,7775	-17,9556
5,0608	-14,0234
-0,3130	2,9500
-9,6845	-24,5094
12,8596	-20,9048
-15,9106	-12,3198
-3,5899	-26,1477
-10,7987	-4,1280
-11,7819	-19,5943
-6,4733	-19,9874
-10,3401	-18,0869
3,8157	-30,2109
-21,1537	-8,7806
-8,3738	-10,4847
-19,5152	-11,3365
11,2867	-10,9432
-11,9786	-2,2270
6,1096	-9,7634
-6,6701	11,1425
11,0247	-2,8168
4,1436	5,5065
25,5737	9,7006
9,6485	-2,8821
10,8282	6,0963
13,0566	4,5889
1,3910	8,1935
12,4669	25,0362
1,5220	9,3730
2,1777	11,3393
-9,3569	20,7765
0,9980	15,7302
8,2721	21,9561
13,7116	26,6744
-8,3084	15,5336
10,8935	27,8543
-2,5412	13,6330
14,8911	12,4536
-5,4248	21,7596
6,2404	6,4899
-6,7356	27,9202
-17,0247	30,3445
-8,9636	16,3201
-9,9469	18,5484
-15,4517	16,0578
-8,7016	2,9508
2,4395	17,1064
-15,4520	18,0237
1,9809	5,1788
-4,0486	14,0261
9,0586	-7,7973
-6,2114	9,2421
12,7942	11,0769
-2,5413	-1,5058
2,8325	17,4996
-17,0247	8,8488
-14,2722	19,7279
-10,5366	16,5821
-13,0274	12,1258
-18,9253	24,2500
-14,9935	26,8058
-26,3965	7,9971
-36,8168	25,0365
-9,4227	22,4148
-27,3800	13,5022
-7,4567	25,0363
-20,6953	16,9098
-4,6388	30,7378
-19,9743	7,4725
-1,6241	-5,6344
-21,2850	17,4342
-0,6411	15,6644
-22,6611	9,6353
-11,5198	15,1403
-4,8351	17,5651
-7,5877	7,4071
0,4736	21,1041
2,1774	5,8998
7,9449	13,3053
3,0295	11,4703
17,0545	6,6863
15,7435	10,4873
33,3728	-2,8820
11,8114	7,9969
42,2201	21,6281
21,4451	1,5741
20,2000	3,2127
10,1732	-7,1422
19,6756	-8,5183
9,5833	2,8847
9,1243	-13,4993
3,4229	-8,4528
5,9130	11,4043
6,0442	-10,5503
-7,9806	-13,5646
18,7582	-2,0305
-4,5729	-7,4043
9,5833	2,6228
-0,4439	-6,7491
17,6441	0,8533
0,2771	6,7513
28,7196	-10,9433
16,4644	-8,2561
24,9841	-2,2268
14,5641	0,1323
18,4305	13,0429
20,2657	-9,0428
22,4281	-6,2245
11,8772	3,8679
15,3504	-2,8824
21,9697	-1,3094
10,0418	11,9942
14,5643	-4,2587
8,5345	10,7491
15,9402	3,2779
4,8647	0,0668
21,5105	3,5403
-2,4755	5,8340
24,0664	-3,1443
-6,1456	2,2952
13,1218	5,6373
-14,1410	4,0647
4,1433	4,2612
-6,6701	0,1325
-10,6024	4,3922
-15,2551	5,8341
-20,8915	7,2759
-12,6337	10,6837
-14,9278	1,5087
-5,6871	14,0262
-19,4498	26,5433
1,4563	8,2590
-17,6148	21,8250
-2,4758	13,0430
-14,9278	5,1135
6,2404	11,0771
-1,4274	8,4556
0,2111	11,2081
-12,1749	12,2566
0,6044	-0,9161
-10,4053	12,3221
10,8281	7,8654
-5,4248	0,8533
-3,1309	3,1470
8,6001	-5,4383
-2,9345	2,8192
11,9425	-2,2927
-2,9344	-23,5262
15,3502	-13,6957
3,0292	1,3118
18,3646	-24,0506
-6,2768	-14,4821
13,6460	-8,1908
-15,2553	-12,8438
-8,1774	-1,5717
-12,0439	-10,6156
-6,0149	-1,9647
-16,1728	-2,2270
-16,6973	-9,5669
-8,5051	1,0499
-25,6101	-9,1082
-14,2722	-6,1590
-16,2384	11,9942
-8,1120	-2,5547
-17,3526	7,4723
5,5195	-7,7977
-12,8961	-21,0357
-2,9346	-3,2756
0,3423	-8,2565
11,6797	-31,2594
-7,1942	-2,9480
-4,2452	-20,7084
-7,7182	-18,4145
-6,1456	-8,5843
3,6195	-30,4732
11,4178	-17,1692
3,0952	-17,4971
-0,1163	-12,7783
10,3696	-3,6035
-2,0823	-17,5627
26,5569	-9,6324
2,1776	1,4428
27,2778	-16,0552
1,9809	-13,6301
23,0179	3,6711
5,8475	-16,7760
4,9299	0,3290
0,6048	-10,0914
2,5704	-6,9453
-10,6675	3,3434
-11,4542	-12,3849
-5,6213	0,0669
-16,8939	7,2757
-4,1140	-11,5986
-11,9787	-0,5228
-6,6700	-8,5839
-7,7842	-14,4819
12,9251	-0,3920
-13,4203	-6,4869
4,1436	-11,1398
10,3695	-10,7467
18,2990	-15,2686
3,6194	-5,8314
17,5783	11,0110
4,8645	-16,2517
-5,7523	1,2466
6,8309	3,0158
1,3910	-0,6541
9,2556	1,1809
1,3910	-1,1128
7,1585	6,2927
11,9423	3,3437
14,8915	-6,0279
2,5052	15,7300
19,8721	6,6860
2,4396	4,9822
9,2553	8,1934
13,5151	-3,4720
10,1070	5,9654
-5,4246	15,4676
5,2574	-11,2708
-6,3421	-1,0471
-1,2962	-4,7828
-6,2766	-10,4188
-11,3232	5,5718
-9,7502	-6,4214
-22,8574	-10,4843
10,1072	4,9818
-15,6488	-8,9773
-8,2430	-8,5840
-24,9547	-8,0597
-2,5414	-14,6133
-16,5662	2,7536
-13,4860	-15,2033
-26,4619	-8,9771
-4,3110	2,8190
-12,4373	-14,0891
-16,3041	-6,6834
-5,3592	0,8530
-7,0635	-18,2834
-4,6384	-6,0280
-14,5345	5,7027
-3,3930	-9,8946
4,7985	-9,5668
-3,1966	5,7685
-10,4711	12,9774
7,0925	5,4408
-3,5243	-4,1272
9,6484	14,9438
-5,8180	21,8903
6,2405	10,0940
-4,3106	15,7957
-9,0293	10,1595
-1,3613	7,9969
-2,3448	14,8781
0,0148	-1,7024
0,1456	5,7031
-5,2281	5,6375
-8,3740	0,5913
-3,5242	13,5673
-11,1266	-1,1128
4,4055	-3,6030
-16,3695	5,3754
2,7670	-0,9160
-6,0804	14,4847
-12,5030	7,0135
-18,2042	-2,6202
7,2233	6,9481
-8,1776	-5,2417
-17,0904	-15,7928
-7,7840	8,9798
-8,7675	-4,0621
-14,7309	-3,7998
-5,5561	9,8971
8,9274	-2,3581
-13,0272	14,5504
-6,8665	1,7051
-6,9321	-4,5859
15,4812	9,3074
11,1557	8,2590
7,1582	5,8997
13,3843	18,0237
30,3577	2,6229
17,9061	23,3979
2,7674	13,3707
16,0715	9,0456
22,2314	12,7155
13,9086	3,9338
2,4396	9,7011
-3,1307	27,5920
5,7163	13,5019
-3,6554	19,9900
-25,2166	12,2567
-5,5559	7,8004
-18,0079	27,1332
0,9975	1,7708
-22,7921	-0,3261
-0,9031	2,4262
-10,1436	-10,1568
-0,6410	-1,8336
-21,8088	-7,9287
1,7184	-16,7759
-11,2575	-10,2879
-3,9831	-9,5672
2,5706	-18,5453
-13,0926	-9,1738
-3,9827	-18,7421
-3,3933	-9,7635
16,4643	7,9965
-2,2137	-7,9943
-1,6236	-6,9455
2,3738	-8,4529
0,9319	-0,8506
-11,9129	-2,8823
0,8663	1,5741
-12,7652	-7,9285
-17,6804	-3,7341
-10,5369	-3,0132
-14,4694	16,9752