9,4170	-14,4159
6,8614	-2,0953
-0,7409	-7,8625
4,5679	-12,7120
0,7665	-8,8455
14,3327	-10,3525
-0,6752	2,8854
9,6796	-13,0396
-6,5735	-8,7142
11,9733	6,8177
2,0773	-5,9618
20,2306	-3,2748
1,0942	-16,4475
11,1211	-7,7310
0,8977	6,8832
13,6770	-15,8577
7,9755	-0,1289
4,3707	1,0504
-10,5712	-21,8869
-8,3430	-19,5930
-6,1147	-9,5662
-14,6345	-10,8769
-5,9181	-9,7629
-4,7386	-26,6710
1,6184	-5,1097
-15,4208	-3,5372
13,9392	-25,3604
-5,9181	-8,3865
22,3279	-14,6128
6,9925	-26,4091
19,0511	-13,4985
2,9295	-29,7516
12,4976	-19,9212
11,0559	-26,1474
14,8566	-41,6792
14,8571	-36,3052
5,3538	-27,1305
12,0389	-50,2646
-2,8381	-38,7302
10,7281	-39,2546
-5,5905	-33,2252
7,3201	-37,2887
-11,4232	-53,8035
5,9438	-30,9314
-12,6029	-22,6089
0,8974	-44,1700
-12,9307	-42,1382
-5,5252	-42,7281
-8,9986	-53,2793
-18,8292	-46,3980
-25,1858	-47,7744
-24,2032	-47,2499
-26,4967	-31,3904
-38,4900	-51,4443
-25,2516	-37,8126
-40,8494	-31,8491
-33,5094	-38,5992
-66,1461	-39,5166
-34,2303	-46,9222
-48,2550	-36,7642
-38,0970	-36,9610
-43,7331	-62,7165
-42,4881	-38,9270
-44,8471	-42,1388
-31,4781	-73,2680
-47,5997	-56,2943
-44,9784	-67,0422
-42,2257	-68,8771
-41,2428	-58,2605
-42,2256	-78,2488
-44,7163	-51,7723
-50,2211	-46,4643
-48,9760	-78,3145
-36,1965	-62,7168
-66,9329	-72,8095
-40,3253	-70,1224
-58,6100	-60,4889
-45,5684	-79,6254
-67,9160	-84,5403
-55,6608	-70,9746
-53,8257	-89,5867
-46,2894	-77,7247
-55,8574	-68,6809
-52,0562	-82,5090
-43,0777	-74,5791
-48,0587	-91,1596
-41,8324	-70,6469
-53,0393	-73,3999
-37,6383	-101,3834
-51,6631	-85,1304
-42,6191	-93,5194
-65,9499	-97,1893
-33,2474	-93,4539
-57,1682	-113,7045
-39,9322	-115,7360
-51,4009	-102,4325
-45,8306	-138,4771
-56,7748	-119,3405
-43,0781	-117,1128
-63,8527	-135,5281
-55,8577	-124,2561
-64,9669	-138,8051
-71,7829	-133,6277
-73,2902	-117,5061
-79,9095	-134,2835
-73,2249	-131,9239
-100,8156	-130,8100
-86,0700	-152,4367
-101,0780	-129,1059
-94,4589	-140,2473
-116,6755	-156,0412
-88,1022	-150,5362
-109,0736	-157,7454
-115,4307	-161,3498
-117,1344	-157,3524
-118,3143	-168,6901
-119,8212	-174,7851
-114,9721	-168,3628
-109,7944	-196,1501
-123,0328	-205,6527
-104,7483	-194,3154
-130,4383	-200,2792
-108,6803	-208,3403
-118,4454	-226,1660
-103,2410	-220,7267
-126,8338	-230,1640
-110,4499	-235,8655
-124,8023	-246,0237
-100,2921	-248,3175
-123,4261	-248,4485
-117,1349	-244,3856
-116,6759	-264,8982
-126,5067	-246,4827
-136,6643	-256,5100
-139,6137	-273,1560
-134,5018	-279,1197
-152,4589	-275,0567
-139,6138	-287,6397
-157,7675	-276,1710
-149,7720	-298,1912
-161,1099	-303,6306
-148,4616	-296,5531
-161,1755	-315,0996
-161,8310	-308,6116
-179,9842	-316,1485
-168,0569	-335,3503
-178,4769	-317,3281
-175,5281	-334,3021
-171,2027	-332,3358
-190,4706	-328,6006
-185,0963	-348,3269
-204,6919	-334,3022
-203,6432	-333,8440
-217,9958	-365,4321
-211,9010	-356,4537
-228,0885	-361,5658
-218,9136	-368,9059
-237,5914	-378,9985
-238,7057	-385,7486
-243,3587	-382,0132
-232,7423	-379,4575
-245,5871	-412,2909
-248,0778	-397,2831
-258,7598	-400,7569
-260,9228	-413,3397
-258,7598	-404,0995
-259,0224	-429,4620
-260,2672	-431,1658
-266,2969	-435,7537
-263,3476	-461,9026
-279,7315	-450,1718
-253,9761	-451,9415
-290,6106	-464,6556
-258,8912	-482,6779
-279,9284	-493,3603
-265,3795	-469,3743
-283,8607	-488,9043
-269,7050	-513,0214
-275,5378	-516,8225
-299,2619	-518,6577
-295,7882	-531,6339
-304,8325	-538,9740
-287,7931	-546,8385
-317,0881	-533,5348
-310,7962	-536,8775
-321,1513	-568,4000
-310,3378	-552,8681
-328,4914	-540,4166
-312,8937	-570,0388
-321,5446	-565,0580
-306,9300	-570,4977
-320,1682	-583,4739
-301,5559	-585,0467
-312,2382	-597,3020
-298,4757	-603,0693
-300,1138	-593,9599
-297,5581	-619,9121
-294,0845	-600,4479
-300,5727	-605,6257
-291,4629	-622,0748
-295,1332	-598,1544
-292,9047	-608,8368
-297,7545	-608,5090
-283,7954	-600,1206
-298,0165	-611,4582
-266,5594	-609,4919
-300,1137	-590,8145
-276,1273	-614,8660
-268,6563	-597,8919
-259,2847	-594,0910
-268,7216	-586,5543
-260,8573	-589,4380
-252,7961	-594,0252
-247,2258	-583,5394
-247,4876	-577,1170
-246,7669	-585,6364
-241,3271	-571,1530
-247,1600	-568,6625
-228,0888	-565,3202
-245,5215	-553,7857
-217,9307	-564,9268
-241,0650	-551,8193
-218,2583	-536,0910
-229,5961	-551,9505
-213,4088	-522,0660
-227,3022	-532,0276
-210,3941	-543,1682
-222,6491	-514,2012
-207,5759	-505,4196
-213,0152	-497,4238
-210,5905	-486,5448
-199,1869	-491,2631
-201,8085	-469,7672
-202,2670	-452,7279
-205,8714	-468,2596
-179,1983	-445,9773
-192,3711	-437,5233
-181,0988	-439,5546
-196,8929	-432,3457
-179,6570	-435,1636
-196,2374	-414,7818
-161,7658	-421,4666
-177,7565	-418,1896
-178,6742	-410,8494
-189,8805	-400,9535
-169,1714	-393,2202
-180,0502	-394,1376
-187,3248	-389,7465
-184,1788	-389,4842
-185,7518	-369,6268
-171,0060	-378,7362
-176,1834	-356,8468
-161,8310	-341,1185
-180,9672	-353,3078
-142,9565	-337,4479
-161,9617	-345,6398
-133,7158	-323,2263
-144,3980	-309,7917
-124,6063	-324,2094
-141,3177	-308,1528
-133,7155	-285,6744
-134,7639	-307,5631
-121,9847	-298,8466
-126,3754	-293,9970
-134,9605	-296,4872
-125,3266	-272,4356
-135,9436	-292,2274
-123,4915	-273,7459
-127,6861	-252,7747
-121,0014	-273,8770
-131,0284	-254,6092
-118,5111	-250,2184
-129,6521	-253,5605
-120,6739	-238,8149
-127,4238	-247,2034
-125,2614	-234,1615
-132,3389	-224,2003
-122,6398	-238,2902
-110,3189	-220,6607
-125,9821	-195,0366
-116,1513	-217,9739
-109,4669	-196,6089
-98,6533	-198,2474
-119,1005	-188,8757
-99,1118	-178,9143
-106,0587	-186,1888
-84,8250	-183,7637
-95,1141	-171,4431
-72,6352	-187,6304
-90,0021	-174,3920
-74,7978	-175,9648
-76,7637	-171,5083
-63,9188	-162,6609
-60,9040	-166,8551
-66,9336	-141,2306
-64,7704	-151,5852
-68,1787	-155,2550
-59,5930	-138,9365
-73,6834	-136,1841
-53,7602	-134,2178
-65,0981	-123,0112
-37,4417	-126,1568
-50,8112	-122,4211
-35,6066	-101,5806
-43,4710	-122,2244
-19,2883	-102,5634
-35,4756	-101,1874
-30,9536	-110,1655
-35,7376	-99,5488
-29,5774	-115,2118
-38,8832	-85,1308
-32,9851	-96,5345
-30,2980	-119,3405
-41,6359	-106,9543
-25,5794	-105,5782
-50,1556	-108,9859
-36,0650	-97,8449
-30,9537	-109,1169
-31,7399	-100,1384
-46,4200	-80,4122
-20,7955	-103,6118
-36,1309	-89,9145
-32,0021	-72,5477
-34,3612	-88,3416
-30,8881	-75,8242
-30,5600	-76,8073
-24,1380	-63,3067
-28,5284	-64,6832
-17,5842	-81,5912
-21,5162	-71,2363
-39,4075	-45,6121
-25,9068	-71,9574
-22,8926	-51,9688
-21,4506	-54,5249
-41,3080	-57,1462
-14,8969	-45,7429
-27,4801	-48,6920
-23,1547	-40,8931
-41,8977	-28,5725
-14,5695	-50,8545
-32,1331	-31,9145
-28,0044	-26,8684
-31,8053	-31,9800
-31,3468	-31,5866
-31,8051	-38,5989
-30,4293	-23,7221
-21,3194	-18,8071
-26,4315	-25,4260
-14,8313	3,4752
-30,5601	-10,8120
-12,6031	-27,6542
-25,1205	-12,3189
-6,9015	-14,8748
-19,2221	-5,8309
-11,9478	-20,3799
-14,6346	-19,3311
-11,3580	-11,0082
-18,6322	-13,6298
-3,9525	-44,1037
-16,5353	-23,3944
-26,4968	-16,0548
-22,1711	-31,5866
-17,5840	-18,0863
-17,3216	-36,9607
-21,9748	-34,2079
-11,8821	-21,2975
-22,6301	-30,4725
2,6013	-23,4601
-14,9623	-13,1711
10,9899	-27,5234
-8,6708	-23,1323
7,9753	-18,1517
6,4025	-16,6442
5,6813	-0,2603
-10,0469	-21,1663
-3,8868	-7,1413
-17,4525	-3,2749
-10,8335	-27,3919
-7,8189	-3,6678
-22,0403	-4,5857
-10,3093	-1,4398
-26,8901	-10,1562
-10,6369	-20,6417
-30,2980	5,3103
-13,1928	-6,4209
-15,0935	-19,5276
-2,9039	4,5238
-20,9916	-17,5619
0,7662	-5,6995
-3,3625	1,9022
0,3073	-23,9186
-15,2243	-0,1290
-5,0665	-10,0251
-10,7679	-20,8383
-9,9816	-1,2431
-3,6245	-2,5541
-12,2100	-5,0443
-3,2968	-3,9956
-14,7658	1,5092
-15,0277	1,3127
-20,0085	1,9680
-4,8698	-8,8452
-5,9183	8,7840
4,0430	15,0096
-8,5397	-4,1921
11,7106	5,3762
-6,9668	-8,2552
-8,9330	-5,5027
-12,7337	8,7840
-3,1003	-9,4350
0,6353	2,4272
-16,4041	8,7839
-5,1316	-4,9786
1,6181	19,7286
-11,0957	4,5895
-17,9113	8,2599
-1,7894	19,4664
-8,8019	5,3762
6,1403	14,0270
-12,0785	15,9930
9,1551	4,3932
6,9269	8,8496
18,2644	17,2381
-1,0029	-1,4398
4,1744	-0,3910
4,6332	-0,3911
-3,1002	-2,1605
-1,5270	18,8762
-0,9375	-11,1391
-1,1995	-5,1095
-15,2897	0,6575
-9,3258	-7,2069
-6,2459	2,1649
2,4049	0,1986
-8,6707	-2,0294
11,1210	-1,6363
-7,8187	-3,9955
13,0872	2,0994
-3,7555	8,5217
1,5528	-3,9955
0,3078	6,5558
3,1256	3,5411
-6,1801	0,3954
-2,7071	-0,1946
-2,1169	-4,1266
0,4387	-2,4881
1,2907	13,2402
-22,6953	-8,5176
3,8468	14,0924
-12,8652	4,9825
-3,1002	-11,7288
-13,4550	-6,2238
-5,2630	-16,8407
-10,3093	-11,7288
-7,8190	-12,5810
-16,6007	-20,5763
-14,2415	-10,1562
-11,8822	-19,3314
-13,9141	-23,6566
-23,2198	-19,1346
-24,0065	-21,0353
-26,8900	-22,3458
-26,5624	-3,6027
-14,9624	-18,8726
-39,9317	-6,8793
-8,9987	-1,5711
-29,1839	-15,4643
-6,5083	2,4925
-19,6157	6,8178
-10,8337	10,6847
-17,0595	10,5536
-12,7343	14,6169
-9,1296	15,4689
-12,8653	26,6755
-9,7193	12,5855
-7,9501	29,0350
-10,6368	22,8744
-12,2754	18,8769
-6,9667	22,0881
-17,7148	19,0734
4,3708	13,2407
-25,3170	20,1873
10,9899	3,0825
-22,3680	6,6869
-4,7388	12,1263
-19,8121	-5,7650
-3,3626	2,6235
-25,5136	-9,6317
-14,9625	-12,0565
-19,8119	5,8346
-11,6857	-11,1392
-17,7147	-8,8453
-17,1250	3,2787
-10,7678	-6,1585
-18,6979	0,8540
1,8805	-10,6149
-27,6765	-2,0295
-5,9182	6,6210
-10,3750	-7,9279
-4,1491	-3,0126
-22,1057	-4,9132
1,1593	-6,1583
-36,2613	-4,3233
2,4046	5,5725
-15,6176	-16,2510
-4,1490	-13,0395
-4,6076	-12,7120
-17,8460	-9,4353
-5,5904	-10,8771
-9,6540	-23,9842
0,1110	-16,4475
-22,9577	-14,3505
-6,6390	-11,0082
-24,7928	-4,3891
-6,6393	-15,2025
-29,9046	-0,5878
-7,7533	6,4243
-16,9941	-22,2146
-1,9865	9,8326
-27,2831	12,1915
-3,4282	-16,1197
-7,4913	-1,7672
-6,8361	1,2473
-15,3555	-3,7335
-17,5838	-2,8159
-2,7070	-6,8137
-21,5816	-2,0950
-4,3454	3,4753
-21,1884	-9,6972
-9,1950	5,2449
-23,6131	9,5701
-8,0155	-5,6996
-14,3069	6,0314
10,4656	-3,6025
-7,9500	-4,3887
-5,0664	4,1308
-13,1925	-10,7459
-1,0687	-9,5661
-13,7825	-3,7993
-8,6053	-20,6419
-8,0153	-18,6758
-12,6687	-26,2780
-12,9305	-13,1054
-15,6833	-15,7925
-6,9669	-31,5866
-20,2052	-15,5956
-6,1805	-12,9745
-18,0425	-26,4091
3,9775	-1,5053
-15,9453	-6,5519
4,3709	-9,6318
-6,6392	-7,9935
3,0603	-10,6146
-3,1656	-7,4691
1,9461	-0,7844
10,8592	-15,6611
-3,2312	-5,6995
6,4684	-4,0613
-3,2967	-5,9619
1,4221	-6,1584
-0,7407	-14,4817
9,2863	-6,0274
6,9924	0,1982
6,1405	-30,2757
-7,2943	-9,8939
17,0850	-13,7608
-10,4400	-30,0135
6,2715	-8,3866
-2,3791	-13,7608
7,6478	-11,3357
0,3079	-4,6513
6,6646	-20,9040
2,7982	-5,6995
-9,6537	0,0674
0,5047	-14,6781
6,8612	-11,3356
-0,6097	-3,8646
-4,5419	-3,9302
13,4804	-12,2532
-15,6831	-12,1876
-0,6753	2,8200
-4,0833	1,6402
0,3730	-18,8723
-17,5837	-11,0078
0,3731	-6,9449
-11,6853	-4,6510
-1,3310	-3,2093
-8,0808	-9,6318
-0,5444	6,8834
0,7666	2,6232
-9,1296	-17,2338
5,3542	-0,8498
-15,3555	7,2108
2,6018	-8,8454
1,2906	7,8663
11,5143	-4,9133
-7,1634	-12,1220
5,2884	2,0335
-10,8988	-17,7582
9,3516	-7,3379
-2,8380	-10,0906
-1,3963	-8,4521
-0,9373	-2,8162
-3,8868	-15,2023
-6,9665	3,0822
0,8320	-1,5055
3,6502	-10,0906
-9,2605	-4,9788
6,3374	5,2447
-4,5419	-19,0035
9,4173	-3,2747
-16,7969	0,7882
11,3834	-3,5370
-16,3384	-1,6365
12,1042	-11,1391
-3,7556	-3,0125
-2,2484	2,0335
-0,0855	-20,7727
3,9119	-0,9808
-1,5273	-0,9812
-3,2970	-6,1582
5,1574	3,6720
-9,3261	-15,2680
0,8322	-15,5953
-5,1973	2,8854
18,5268	-14,8748
1,4873	-14,2193
12,2354	-16,9721
-8,8016	-25,9503
7,9756	-18,4792
-1,0028	-13,8264
19,1821	-23,0012
4,9608	-6,0276
10,6624	-19,2658
7,0581	-17,2996
13,8736	-10,4185
12,4321	-23,7222
8,7619	-16,4476
18,5925	-13,6953
3,1915	-10,7461
17,6752	-11,7291
1,6843	-12,7122
18,3961	-16,2510
0,5046	-10,6150
22,9179	-29,4236
9,0898	-3,7991
15,6432	-12,8433
-8,4081	-17,4305
16,5608	4,1306
1,9463	-16,3166
8,4343	-2,2263
-0,9373	-15,9889
10,9901	-16,7750
-4,8040	-2,0951
-3,2312	0,2640
-1,5273	-11,5324
-12,0785	-3,5370
10,2037	-8,5177
-13,7826	-11,8599
4,6332	-2,8817
-7,0981	-20,1831
3,5842	-0,9810
-29,2491	-0,3915
-3,4280	-24,5739
-23,5474	-10,8769
-0,2825	-7,2727
-14,2414	-14,4160
-6,0496	1,0504
-5,6561	-13,8919
-11,6855	-10,6148
-4,8038	-2,2921
20,7548	-20,1832
9,2207	-11,4669
5,2230	-4,4547
16,6920	-6,8140
-3,8208	-10,9426
11,9081	-22,0837
2,2740	-3,8646
18,3960	-0,8502
3,3881	-17,1028
15,5121	-11,6633
3,4536	-4,1924
2,4705	-7,1415
-6,3767	-2,2917
18,8543	-14,1537
-1,0686	3,3444
-6,7048	11,2739
-2,5102	-20,1175
-12,4064	-7,9933
-12,7993	-1,1779
-16,5350	-16,5132
-1,0685	-9,5663
-3,8211	-15,1369
2,4705	-15,3990
-4,3452	-4,6511
16,1018	-18,8724
-4,1485	-5,5030
17,0194	-1,0468
10,5970	-18,6756
11,6454	0,9197
-3,3620	4,3927
2,6015	-14,2847
9,2863	2,4269
-9,7195	-14,8746
-4,6073	0,9852
-10,4404	11,4706
-16,6006	-12,7120
-23,0233	-8,3864
-13,9138	-0,6535
-31,4119	-13,5640
-8,4745	-15,8575
-28,3319	-12,0566
-11,0304	-2,6849
-33,8368	3,5407
-8,6712	-15,9888
-17,8461	-6,2894
-19,9434	-4,5201
-31,2151	-11,9911
-6,5083	-11,9912
-9,7850	-16,2510
-14,7659	-12,7775
-6,5735	-9,2388
-8,1466	-20,3142
0,7009	-26,8676
-15,0933	-0,4569
5,0920	-18,7414
-3,3624	-15,1368
10,1380	-16,4476
-10,8334	-12,8430
10,4003	-6,2895
-0,4131	-16,6442
12,6939	-7,5346
2,0119	5,0481
14,9878	-21,8871
16,8230	-10,1559
11,0556	-7,2070
17,0852	-12,3843
3,5847	-11,3356
11,8424	-3,5368
11,1869	5,1793
19,2478	2,4924
5,0265	-5,1098
18,0682	8,4563
0,5701	7,0143
25,8012	1,9026
0,4390	5,5726
17,4782	2,3614
-4,8695	1,0507
2,6670	4,6551
-3,9520	-0,5877
-4,1488	8,9150
-0,2165	9,3080
-7,6878	-14,0225
-5,7215	9,6359
-15,4210	-3,9958
-0,5441	-16,7095
-14,1103	-9,6973
10,6625	-23,6565
-8,7364	-7,0103
4,3055	-4,1925
-2,5758	-23,9840
10,8590	-1,1120
-0,4785	0,6573
11,3833	-4,1920
-9,0636	14,2234
5,1574	1,4440
-2,1824	2,2962
3,9121	27,0031
6,5336	5,9661
-11,8166	12,5198
-8,2774	19,7286
-14,0448	-0,7184
2,0772	16,9108
-18,7634	21,8257
3,1258	5,9662
-5,5252	21,1704
10,4001	3,5412
-10,1126	1,1820
9,9415	11,6675
6,5991	-14,6125
2,8635	-9,0418
6,7958	-13,8262
1,6183	-18,9378
3,9779	-16,1200
14,9877	-25,9504
3,2569	-27,5887
-3,8864	-19,9213
10,6624	-27,3923
-12,0130	-20,1833
7,7135	-19,2659
-6,5737	-25,4919
4,1088	-21,3629
-16,6662	-19,0036
0,3077	-4,9790
-13,3893	-14,8750
11,5796	-23,0011
-10,3093	-2,6850
-1,3309	4,7203
-2,2483	-27,3921
6,5335	-4,7164
12,3007	-9,2387
-4,0833	-2,5539
4,7644	-2,0953
-1,9204	-15,6612
5,2888	-4,7165
3,4537	-4,3892
28,7506	-19,0035
9,1552	-12,7121
25,5395	-23,2634
13,9395	-18,2169
29,4060	-22,7392
13,0876	-16,9720
34,1899	-17,1030
8,1723	-9,5665
12,4976	-22,1495
8,5655	-17,2996
7,3857	-10,7462
8,3688	-25,5571
-5,5904	-5,8309
9,8762	-20,7731
-11,4232	-13,0398
3,1261	-18,9381
-2,4448	-25,6226
-5,0660	-12,4500
-13,9789	-6,9450
13,5461	-13,4987
-0,6098	-24,7052
13,6115	-19,5934
-12,2751	-15,4647
17,6747	-10,1563
-1,9861	-30,6035
-2,3793	-24,1809
2,4705	-10,6152
-9,9814	-28,3754
4,9609	-30,7346
-5,7216	-33,0940
-2,5756	-30,5379
-3,1657	-23,1982
-2,3791	-39,9096
-14,0444	-24,0499
10,7935	-16,2514
-3,0347	-28,7031
16,1018	-20,5110
3,3223	-17,4309
7,2544	-21,0353
-0,5442	-22,0837
2,0115	-25,1639
-3,0345	-19,0688
1,0942	11,0118
-1,5271	-4,5201
-5,1973	-3,8644
2,9950	10,7499
-2,0515	-2,4882
7,7790	12,5851
-8,6051	10,8155
8,4344	6,2937
-15,4208	18,4176
10,5969	-4,4543
-2,7069	6,3593
12,1696	15,2718
1,8150	-21,8869
2,1425	-4,2575
-12,7338	-4,2579
7,9752	-18,1513
-0,8064	-12,5153
-6,9669	-18,5447
-3,0345	-24,1152
-6,7702	-10,4183
3,6502	-16,3167
-4,0177	-11,0082
10,2693	-5,1101
-4,2143	-12,5811
22,2624	-10,0251
10,9244	-12,0566
15,0533	-8,3210
-7,7530	3,6065
25,6048	-18,0858
13,0874	-10,6801
22,8523	7,2110
18,7238	-4,8476
22,9179	-4,6510
23,7702	-12,8428
20,4931	-0,5221
25,9985	15,0752
23,7699	-3,0127
35,0423	5,1139
19,0513	12,1261
39,7609	-5,5029
18,9857	1,5095
21,4109	9,5702
16,2333	8,1940
31,3721	7,0800
22,3281	-9,6972
30,1266	3,1479
4,5678	14,8786
9,9416	-17,2992
-8,3428	5,5729
-0,9375	5,5071
-7,9498	5,1142
-16,9940	21,4324
-8,3430	4,6553
-21,7126	6,0318
-4,5419	19,1387
-4,6733	-3,9297
-2,3793	15,2068
-13,4548	8,6529
10,0070	-3,2745
-4,0831	5,1796
27,5705	1,6404
2,6014	-2,0295
23,6385	-12,8430
8,6310	-20,4450
21,0827	-3,1435
17,7405	-2,1609
12,1698	-28,2439
15,5124	-14,8743
-0,2821	0,0675
11,5803	-11,5322
4,5675	0,8539
11,3833	-11,5977
-1,3963	6,4246
3,6500	5,3103
-6,5736	-10,4836
4,3053	5,7038
-9,6537	2,4268
9,8757	-3,2747
-10,8989	-0,0635
7,6476	-11,2701
-13,9136	0,7886
3,8465	13,1745
-1,2650	-24,1152
3,1256	-5,6339
-3,4277	4,8516
3,2569	-3,4713
5,0919	3,9341
-0,4786	-1,5051
15,3156	13,7647
-5,7215	14,7475
16,9540	-14,6778
-2,9689	15,5344
8,0412	11,4053
10,2039	-4,7818
33,4033	7,0147
0,7665	6,3590
6,9925	-4,5853
-1,9857	2,0337
12,3663	-14,6125
5,2886	-10,4837
-0,8719	-16,0545
3,9125	-24,5085
-9,3914	-14,0884
14,6603	-7,1417
3,6501	-24,1154
23,0488	-9,1075
-1,9203	-9,8286
20,6239	-6,6827
2,3396	-5,6342
16,7573	-19,4621
8,1723	-3,3403
16,8227	-2,0954
-3,8863	-20,9040
3,1257	-18,8723
3,7812	-22,2146
-12,0788	-3,7991
-13,1269	-10,2874
-13,4550	-21,2316
-3,4278	-6,2894
-9,9817	-1,6366
0,5698	-15,6611
-16,7317	-4,7164
9,6794	-6,5515
-7,5566	8,7183
13,0873	0,1985
2,5360	-10,9423
6,2061	-4,7164
1,7498	4,5238
21,8034	-20,6416
-3,6243	10,4223
4,7643	-1,7022
6,4028	-20,6417
6,1403	-0,7189
5,9441	-13,6295
-7,6220	-11,3356
10,0729	-4,1923
-8,4087	-2,6194
0,5045	13,2403
-21,0572	7,7353
-11,6199	-10,2214
-16,6008	5,8349
-7,0328	3,2134
-33,1815	4,1965
-22,4338	9,3737
-22,3025	-10,7458
-20,7955	-8,3207
-28,9869	-2,1607
-14,1106	-20,5105
-9,6539	-10,6802
-22,8922	-3,8646
0,6356	-8,8453
-13,9138	-2,3573
-4,3452	-6,8138
-9,0640	1,7060
-8,6050	8,5216
-3,4935	-18,1514
4,3052	-4,7163
-28,2660	-0,1946
-0,1509	2,4269
-2,2484	-3,5369
-0,5445	-9,3040
-4,1487	14,6166
4,6329	12,4536
-0,2821	-10,8769
2,7980	-0,0632
8,2376	8,7182
-13,5204	-4,8475
14,9224	3,3446
-2,3793	-8,8452
8,1067	0,3956
-2,0515	11,2743
22,0002	-5,3062
-8,3428	11,5366
19,4444	3,7376
17,0195	2,6237
10,9245	18,2212
5,9441	3,1478
9,6138	2,2305
0,4390	13,8303
5,5506	-6,4203
0,5045	5,0488
-4,2798	18,2211
-4,2795	-5,4371
-7,6878	14,9446
-5,0004	21,8255
-5,5250	1,8373
-9,5225	15,3376
-7,8843	-4,3232
9,5482	2,0341
-14,4379	15,7306
-0,0855	-10,9424
1,7495	3,6723
11,6451	10,4222
-13,8480	-6,3549
4,8297	-2,6193
7,7132	-14,6779
5,2227	2,3615
0,3079	3,0821
6,3369	-11,1392
5,2885	-5,4374
-13,7824	1,8369
18,7236	-7,8625
-7,0979	-6,3550
11,5145	-7,2070
-5,4593	-9,5005
16,1020	4,3929
-0,5442	-11,9255
19,6409	4,5898
7,7135	21,8254
17,5438	-5,1753
22,5246	-1,6359
19,7719	4,8518
7,8447	3,8033
11,3834	11,3399
6,5994	0,1333
-3,8209	7,5389
9,4831	13,5680
-3,9521	-11,1387
5,8784	9,7018
-7,4253	27,9859
16,2984	1,1163
-7,0978	13,7649
4,1743	18,3523
-0,2821	12,8472
9,3514	17,6968
-4,3453	-7,0755
-3,2315	6,3593
-3,8210	11,6019
-0,8723	-2,3571
-2,0516	4,1966
-11,8822	3,2789
-6,6389	0,0677
-7,3601	-0,5221
3,1259	-4,3232
-9,8505	-0,3909
-3,1001	10,4878
-13,7824	-1,2432
3,6500	-2,2259
-14,1756	10,6191
9,7448	4,9828
-8,6052	8,5874
11,6453	2,0994
-9,6537	7,6700
-3,5589	13,4369
0,6355	-9,6971
4,8294	1,7062
-7,2943	9,1116
-11,2267	5,5726
4,6332	8,3907
-12,6030	-3,5368
0,0456	3,8034
-8,5398	19,2696
13,6771	1,3784
1,4873	1,9029
16,7571	17,8934
-3,4277	-4,8476
26,5221	5,7694
3,8467	2,9511
5,8129	-3,3402
3,1261	-3,5370
17,3469	-12,3187
0,8977	-7,0104
-10,8333	0,6572
5,3542	-20,8384
-6,5082	9,3735
-6,7046	-5,5689
-20,2707	-19,0034
-7,2945	-4,7822
-16,7975	-15,3990
-7,8846	-5,5032
-33,7056	-12,3189
-1,4621	-22,8700
-22,1714	-19,1346
-4,2146	-14,6782
-18,8946	-26,3435
-6,5084	-11,6634
-25,0549	-25,4261
-18,1737	-16,9719
-13,5205	-16,4477
-21,8438	-28,3096
-14,3068	-3,4715
-26,1690	-12,0571
-0,6098	-26,2123
-11,4891	-0,5880
-6,9013	-9,9597
-22,6297	-6,9450
12,2352	-4,5856
-17,4527	-20,7729
0,0457	-11,3355
-26,1686	-3,9959
6,9267	-23,3287
-9,5882	-2,3569
-1,9206	-0,7844
-12,5373	-2,8813
-8,7362	21,3668
-5,0005	2,3616
-1,0686	15,1413
3,8469	29,4278
-5,5251	9,5706
12,9564	21,4985
-6,6391	35,0641
17,4783	32,5738
5,0264	32,9014
15,6432	10,4883
2,8639	23,7922
21,2793	26,8066
5,2231	-2,8155
5,6817	17,0420
-1,7891	13,5026
2,7325	-4,9129
2,7983	-1,1773
1,6184	1,0507
2,6018	-11,2043
5,9439	5,3759
20,8206	-14,7436
1,0289	0,5919
27,9643	5,5068
16,8886	-18,3480
31,6999	-14,2193
13,6775	-8,1246
43,6274	-16,0542
21,2141	-5,7652
38,6466	-17,4307
17,1510	-1,5055
25,0150	-10,2873
11,5804	-20,1832
20,7551	-17,8894
5,4855	-13,6296
-5,0661	-11,0737
1,7497	-9,5663
-11,8819	-18,2171
7,0580	-10,6148
-23,6786	7,4728
-10,2436	-23,5910
-16,4697	-6,4860
-13,8482	-3,0129
-23,7442	-15,3333
-11,6201	-8,7797
-14,4379	1,3783
2,9942	-2,4228
-11,8164	2,1648
2,6667	-1,0464
-5,5249	15,7964
-6,8358	2,2303
-5,3281	1,6408
-2,0516	15,1410
-2,7067	14,9444
2,3394	6,0316
8,1066	24,0539
-4,9352	6,6868
1,4220	4,1311
-4,2797	12,3884
7,7788	-3,6023
-8,6706	6,0316
3,7155	5,7035
-0,0854	-6,2894
9,4170	-2,8160
-1,3962	-3,0126
-2,6415	0,5264
-7,8842	3,7375
-12,9962	-13,7605
-1,4617	-6,0271
-18,3702	-5,5031
-4,0175	-12,1222
-17,3217	-13,4328
3,9778	-8,3211
-16,7317	-18,4793
2,9948	-12,3188
-14,8310	-20,9041
9,0241	-23,6565
-0,9374	-10,8772
1,2908	-24,9674
-1,3959	-25,6883
5,6162	-22,0183
-8,6704	-32,7661
9,0897	-19,9866
17,1506	-26,6713
-4,6729	-21,3629
14,9882	-14,6127
8,1066	-30,0136
9,6140	-18,9380
-2,3790	-7,4038
19,4444	-17,2340
-1,9204	-5,5031
15,0533	-6,6828
-11,6198	-11,7289
8,8273	-4,2577
-14,1758	-8,1244
-5,0664	-11,1389
-13,9138	-5,1097
-15,3557	-21,8212
-24,9893	-7,7310
-28,3974	-11,5977
-14,5036	-7,8621
-26,3659	-6,0272
-22,0404	-0,1288
-34,6888	6,0969
-9,5229	2,4270
-23,8099	-3,7334
-16,7974	7,6045
-18,5014	12,7817
-10,8992	6,4248
-22,9576	20,4496
-2,3796	11,1435
-18,2391	23,9886
-7,8846	22,2845
-15,0278	-0,1284
-5,0666	21,2363
-19,9429	22,6122
-20,1397	7,8012
-17,1905	17,8283
-21,5159	12,7817
-15,2244	4,9176
-36,0648	11,4054
-7,6220	-6,6169
-17,1250	2,3617
-2,8379	5,8348
-9,5228	-7,0757
13,4148	11,4055
-5,5905	-0,3256
4,3708	14,4857
-3,2311	15,7306
6,0748	-9,0416
0,8976	18,0902
-1,0030	17,2380
-4,6072	-1,5052
1,0287	-5,3715
20,7551	-2,2259
-0,4132	3,3446
24,0976	10,4880
5,7473	-1,0465
22,8523	14,2892
2,0775	20,1870
22,2626	8,9151
15,7745	7,0801
31,5686	18,2212
12,3667	15,7309
25,2117	17,7624
18,3961	5,7039
21,7383	2,4273
22,0006	21,6291
22,9834	-0,4564
15,6437	11,6677
14,4637	7,6699
19,9689	5,5072
7,1237	2,8202
22,1316	-1,8984
3,2571	-0,1946
23,9666	-0,7191
10,8593	-24,8360
22,7867	-17,8892
10,6628	-2,4229
22,9833	-8,8455
18,9203	-3,3403
20,9516	-11,2047
3,6505	-3,3401
12,8908	-3,0782
8,8933	-12,6461
4,6332	-0,5876
10,7283	7,4730
-2,6414	-14,5468
9,4831	-4,1920
-4,4765	7,4076
5,6164	-1,6364
-7,2288	3,6065
16,3640	-23,2632
-3,0345	-1,3084
24,2939	-1,5056
5,3541	-21,5593
19,7719	-7,9278
6,7305	-14,9404
25,4737	-25,6226
12,4976	-17,6273
14,5293	-22,8048
14,7915	-22,0838
8,7621	-21,1009
13,2188	-30,5381
3,6502	-21,5595
14,8571	-13,4987
13,0219	-22,6737
11,6457	-17,8894
-2,5755	7,3420
24,4907	5,4413
10,6627	2,4924
24,6872	-9,0416
-2,5100	13,6993
25,4080	23,7917
13,1529	13,9614
18,1335	14,5513
12,3665	13,6338
0,3077	20,6462
0,3736	6,3593
-2,7725	1,9029
10,4005	12,9785
-10,6369	21,1048
1,8808	0,7231
-12,8651	13,5027
9,0895	17,5001
-20,6639	-7,0756
11,2522	2,7550
-14,2415	4,5897
-5,1974	1,1164
-6,9012	8,5219
-2,6418	-1,2430
-2,9035	9,8982
-1,4620	11,2742
-1,6583	-0,3255
-4,4110	-6,2891
-2,1825	-0,4564
-6,2459	14,2234
-6,6387	13,3713
-8,9983	-8,8450
6,7959	2,5582
-1,0030	3,8686
3,7157	-15,6608
-3,0345	6,6869
15,5774	9,7013
-7,8842	-11,7289
8,1063	2,3614
-6,2458	-10,1559
4,0431	2,9513
-8,7362	21,4321
-9,0641	-11,2702
-5,7870	5,3106
-10,7680	2,2957
-4,9350	-11,9909
-8,5398	-4,2577
6,4683	-6,1583
-8,8019	-5,0442
-1,9859	6,8176
0,5698	-20,9695
11,3177	-9,6315
-10,0472	2,6232
-7,2290	-18,4792
-8,8675	-10,8770
3,2563	-24,5740
-25,0550	-5,2408
-17,8462	-5,8310
-35,9339	-20,5763
-26,9555	-12,9740
-20,7295	0,6571
-28,2662	-17,0375
-6,8359	-9,9595
-24,3342	-10,0251
-24,2682	-6,8792
-19,2876	0,3951
-2,3795	-5,6343
-23,6785	-10,9425
1,6837	1,9681
-3,6902	-11,4668
-9,7196	-4,2578
-21,6468	3,8685
-1,2654	-9,1729
-8,8017	8,5872
-8,6710	-2,4886
-10,1779	-11,6633
-6,6393	-4,1923
-7,8841	-11,0736
3,5188	-10,4837
4,1088	-2,8163
-9,7848	-9,3697
2,4050	-20,5107
-9,2604	-15,2678
5,9439	-2,7506
-5,1317	-2,1608
16,4951	-14,7435
9,0895	-4,9133
7,5164	-0,4570
-8,5394	-19,7899
9,8758	-8,1245
4,0432	-11,0082
-12,4064	-12,6465
-2,5757	-4,1925
-13,6516	-16,7753
-8,1463	-7,9278
-10,5714	-2,6196
9,8104	-17,5616
-27,0209	6,0971
-13,1271	4,7861
-15,6833	-12,5806
-8,2778	16,7139
-30,7565	3,1480
-12,7998	10,7503
-20,1397	11,2088
-4,4114	-3,0122
-28,2005	10,9471
-7,7535	29,6899
-6,1805	10,8156
-6,7048	7,2768
1,9461	7,2114
-7,6222	19,2699
6,0096	30,1485
-5,5249	0,2643
12,8908	11,2091
-4,8694	19,5319
20,8208	1,9683
3,9778	5,7039
19,3134	6,5558
12,4976	7,6699
19,9685	9,7671
7,7135	8,9151
15,7087	11,5365
6,5995	6,0315
17,2160	-4,7818
10,4661	0,4611
11,9076	3,0823
16,6264	-3,7989
3,1914	-0,1291
10,7937	-15,8577
-10,6366	-18,7411
10,7937	-2,4228
-4,7385	-29,2271
16,1019	-17,4303
-10,3746	4,4582
2,7981	-11,9255
-3,7554	3,5411
9,5480	1,5094
-10,0469	9,8326
4,3707	21,6945
-7,0323	-6,9444
-5,0666	16,3865
-13,3892	13,9614
-20,8606	10,2260
-1,5927	12,6507
-12,7342	1,1819
-3,1656	-5,8303
-18,3700	8,7842
11,5802	8,5217
8,2376	-2,1605
24,5561	8,2596
1,0944	-20,6416
29,5370	-5,1093
13,8083	6,5556
15,3813	-6,4204
11,7112	-5,6996
10,4003	-11,2044
7,3858	1,9026
3,9121	-2,0952
-3,8864	-9,0419
-10,7679	7,0800
3,7157	3,4753
-22,4989	-7,3378
-7,2287	14,4856
-11,6853	8,8495
2,9294	6,8180
-6,5078	16,5172
17,1507	-0,1288
15,6434	14,9445
22,0658	4,5241
13,8085	-16,7749
27,3088	-1,4396
20,6897	-6,6827
14,8570	-8,5832
23,3768	-11,0082
6,7304	-29,1614
20,5587	-6,8137
-3,0344	-2,8818
25,8671	-27,0643
-3,7556	-0,7843
11,5146	-1,7021
-11,0955	-13,3017
5,4197	3,2788
-5,6560	-14,3504
10,7279	-3,3402
-7,7531	1,5092
14,5945	-16,0543
3,9124	-11,4011
1,2252	-5,8964
3,1918	-10,8770
13,8737	3,8030
14,4638	-7,0761
-1,4616	-9,0419
9,8108	0,8539
2,4050	-17,2338
10,0073	-2,6193
-10,3089	10,3567
7,2548	-9,6317
-4,7384	6,7525
20,9516	2,8201
-9,4571	4,4587
11,4490	8,8495
6,0750	-3,6677
13,7424	7,0147
-7,2941	12,0606
16,3640	-13,4326
8,1721	-1,2428
8,2375	9,8980
0,1113	-3,8646
-16,0762	-3,5367
6,7305	-5,8307
3,0600	-9,6972
-4,0176	-0,0636
-13,5858	-13,3018
4,2399	3,5410
-5,3939	7,4729
5,1574	-5,5687
-5,9836	-2,1608
5,2229	-7,9278
10,1381	1,0507
9,4826	-4,2579
-3,4932	-17,6269
-8,0154	6,4247
-0,2819	4,4583
2,1426	-16,8407
10,3348	-5,6341
-17,2561	-7,5347
4,3056	-10,9426
-13,2582	-11,9912
6,4027	-30,8656
-7,3600	-11,5324
16,6917	-25,2298
4,3054	-31,7177
9,4172	-21,0353
-3,2966	-18,7418
4,1744	-28,8998
2,9294	-30,9313
11,1866	-37,9436
-1,4615	-22,5426
0,3079	-10,5497
3,7813	-19,9868
-7,1633	-8,3213
4,8300	-2,4887
-8,3430	-16,3166
20,1653	-6,4205
-1,5274	-7,0759
6,7959	7,8664
-19,5495	14,1576
14,0703	-15,7920
-4,2144	2,5582
-0,6754	11,2741
-16,9936	-12,7118
11,8418	-6,2235
-10,1781	-1,5052
-5,2630	-5,6994
-15,4863	15,1408
-7,6221	-11,2047
4,9607	-7,6654
-10,0470	-2,1607
1,9463	-8,4522
-7,1634	-9,8283
3,6502	-3,9302
-19,4840	-1,2432
9,2862	-4,9132
5,0919	-9,8283
18,0022	3,9998
-10,1123	9,3080
14,7257	-10,0906
1,4219	-4,3231
0,1767	1,7714
7,1236	-11,2701
6,2715	1,9681
6,4683	-10,1561
7,5166	-1,8985
4,6988	-2,9473
6,9924	-31,3242
6,5993	-8,5831
-0,2820	-7,0761
13,6117	-17,2341
8,3687	-4,1270
22,7211	-4,2582
1,5530	-18,1515
10,7937	-2,8161
-4,4762	-14,8093
17,6091	-9,3040
5,8128	-4,0612
2,6669	-16,1853
-2,9689	2,0337
-3,9521	-6,8794
5,9441	-8,2554
-1,7239	-4,7166
9,0898	-19,9209
2,1428	-13,9571
6,5994	-4,9789
1,0944	-24,8362
12,8252	-8,6489
-4,4763	-7,7316
1,8806	-28,3753
-22,0399	-14,6127
-1,2652	-21,5597
-18,3702	-27,4577
-22,2369	-19,5935
-24,2028	-34,9287
-16,4699	-16,5132
-23,7441	-13,8264
-19,4846	-24,1809
-17,9770	-20,2487
-23,2856	-23,6567
-23,3510	-13,2363
-30,3634	-8,1249
-22,4991	-37,0259
-37,9655	-16,6441
-10,8337	-12,7780
-24,0066	-25,0330
-7,6227	-14,8092
-30,5600	-13,8920
-15,0281	-13,0398
-26,6277	-5,3068
-11,0304	-15,8579
-13,5861	-7,1415
-16,4043	-9,7632
-10,8335	-26,8678
-17,2564	-15,7266
-22,1055	-21,1009
-25,4483	-28,2441
-16,6662	-13,9574
-35,6718	-31,9143
-18,7634	-17,9550
-30,8221	-7,7318
-7,5569	-38,4679
-15,2901	-13,8262
0,6350	-19,1351
-5,2630	-33,6181
1,4870	-26,8679
-9,0640	-26,8679
2,0770	-21,1007
0,8977	-17,8896
1,1596	-19,2658
1,0289	-22,3458
2,0772	2,0990
9,4176	-20,1833
22,3278	-11,2701
23,5076	-4,9133
-4,0174	0,3297
26,7190	-4,4545
3,6503	-28,2439
11,5803	-6,0270
10,7284	0,7228
27,5052	-16,5785
18,1338	-11,1390
21,2792	-13,7606
14,1362	-10,8114
15,2501	-6,3551
17,7406	-12,7776
15,1190	-3,2093
16,9541	2,4922
1,8808	-13,2362
14,5295	-2,1605
6,4683	16,6479
20,9519	-14,8090
5,3541	-1,3084
26,5879	1,0507
0,3735	10,6846
20,0342	19,0729
-3,0999	-16,1196
12,5629	0,9199
-3,3620	8,6527
14,7257	-22,8699
8,1066	-13,4325
-3,6243	-3,3404
12,7600	-14,7436
11,6456	-11,9255
20,2310	-20,9040
10,4005	-17,0373
16,7578	0,7227
5,6821	-17,6273
37,0738	-15,2022
15,7088	4,7204
19,1825	0,6573
19,1169	5,9003
31,6342	-6,6171
9,6143	0,8542
26,2603	9,1116
16,1025	0,1987
29,1438	-0,9808
18,3307	12,2573
20,8863	-0,4567
28,7508	2,0993
22,1969	0,5919
19,4446	-4,1266
-7,6219	11,1430
26,5880	-16,7753
1,8805	-2,0295
2,2741	-14,4160
3,2570	-16,3165
20,5583	-7,4036
-1,8548	-12,7121
18,3957	-11,2704
7,9756	-10,6807
23,7695	-22,6080
-3,1655	-22,2148
15,3811	-19,0036
0,3080	-23,1980
2,9949	-11,7946
14,5949	-6,4863
5,2229	-19,0035
17,5439	-7,1415
3,1257	-10,2217
1,1598	-9,6316
-14,2411	13,1092
6,7960	-9,0420
-0,4788	-4,2576
9,5481	11,0778
-14,2412	9,1772
0,1109	15,0100
-10,3746	13,1750
-5,2630	9,1120
-10,0470	17,0417
-15,8144	2,4272
-2,3136	16,3208
-12,2754	23,1364
-6,1803	5,3107
-11,0956	7,8011
1,2909	12,7161
-9,8504	10,7501
4,9610	9,0459
1,4219	-10,0904
23,9005	1,3129
-2,0516	9,8324
8,1066	-15,0057
9,9417	-11,5976
16,4950	4,4584
8,2379	-13,4328
9,4829	-9,1729
16,3644	-9,6974
7,3201	-6,4206
21,2140	-9,3698
2,0117	-24,1152
8,4347	-11,8599
11,9076	-6,0276
14,7913	-16,1200
-6,3768	-6,0274
13,0875	-10,7460
-7,7532	-6,6827
17,2161	-3,9302
-3,3624	-8,9764
-0,8719	-0,5878
-1,4618	9,4392
-6,9015	0,7885
-17,3214	6,2937
-15,4867	3,9999
-24,1373	15,2722
-25,1206	16,1896
-19,2877	-4,9127
-34,0335	23,0712
-13,7828	29,8208
-35,9341	-7,4688
-24,7271	6,3597
-32,2639	15,2066
-17,0596	8,7185
-20,9262	9,8327
-6,3118	6,6870
-23,2199	10,3571
-6,4428	22,9397
-25,9723	-4,8473
-9,7196	14,4858
-14,8312	17,2381
-16,9941	4,5242
-1,9861	5,1795
-12,0134	-2,2916
-2,9690	11,7332
-11,8166	15,5995
7,1236	-2,4227
-9,9159	9,8982
19,1168	14,0268
4,5676	6,0970
23,1800	2,6893
13,8738	12,1264
15,5122	10,9468
10,5316	13,8304
17,1505	3,3447
5,2887	13,3063
-2,6413	13,0439
9,5485	1,7720
8,0408	10,4226
-0,3474	12,2575
-4,4108	8,0633
14,3981	10,8156
0,2420	-0,2599
0,7011	12,7162
-4,0832	16,6481
0,7666	-5,9617
-10,3091	-3,1434
0,4388	9,7668
-16,0763	-13,2362
1,6182	-13,1705
-24,6615	-12,0566
-8,6053	-15,9887
-21,3193	-11,7291
-6,1151	-21,6907
-21,2537	-20,4455
-23,4165	-21,7563
-15,4865	-38,2712
-19,9431	-32,9628
-8,6052	-24,5742
-23,2199	-19,2660
1,4218	-25,0986
-9,7850	-42,8586
2,4703	-26,6711
-14,4379	-17,8898
7,2545	-39,7784
0,7665	-27,5232
7,9752	-14,4163
-15,0931	-26,4094
-4,4109	-25,0985
-3,2311	-30,0792
-2,9693	-17,2342
-4,7384	-5,8968
-7,9499	-34,7979
4,8298	-24,2464
-10,7025	-23,6568
4,3057	-23,1979
-0,4788	-12,3845
14,5291	-20,9042
-8,2119	-6,5517
15,5122	-5,4377
4,3056	-9,5008
24,0973	-0,7189
12,4975	-6,6828
9,7449	-22,4766
9,5487	-4,2577
9,8105	-2,4228
-1,3958	2,5581
7,1891	5,6381
9,8763	-6,4859
-4,5419	5,1796
8,6966	6,1624
-4,9351	-11,5976
13,4150	4,3276
-12,1442	2,1645
5,6163	-4,3234
-3,8210	0,3950
13,0216	-17,2341
-8,9329	-8,8454
6,0749	-9,7631
3,3223	-18,8725
0,3732	-12,3845
5,0265	-11,0738
5,3540	-17,1685
15,5122	-9,8285
2,2738	-8,6489
4,2404	-5,3719
5,2887	10,2910
27,1778	-11,6633
6,1407	3,3447
26,8503	5,2449
6,9927	-0,6531
25,9327	10,9468
13,1531	7,9974
19,1824	12,7817
6,4685	7,4076
15,6433	-1,9639
17,9372	9,3739
5,2884	7,4732
11,4492	-7,7309
3,8466	12,0609
6,6650	2,0994
-9,9813	11,2089
6,0097	22,0876
-9,5882	-11,3355
7,5824	11,4057
0,7665	18,2210
6,3371	4,1965
-12,7338	10,8157
16,7573	9,8325
4,5020	11,4054
6,9269	3,9344
6,3372	-3,2088
14,4634	4,7210
-5,0661	23,2018
7,5822	2,3615
-2,7067	6,0316
1,0286	5,4416
10,4660	1,3129
-4,8698	6,4246
1,8809	-7,0103
-6,0493	2,6237
10,8591	6,9487
-10,0470	-16,9061
11,5800	-4,5196
4,8952	4,6551
0,3075	-11,2699
-6,6390	10,5536
4,5673	10,6190
-9,2604	15,5999
3,6498	23,2019
-4,9352	8,3254
-11,2268	27,9207
1,8151	23,3985
-15,6177	15,8620
-5,6559	8,3254
-5,9839	10,4881
2,7981	10,2259
-11,7511	14,6822
-1,9204	0,5920
-8,2119	7,8011
2,9290	13,2403
-12,4718	-6,8135
7,3854	14,7479
-10,4402	12,2573
5,4848	6,0971
-7,7532	15,1411
-2,2483	20,2529
-2,9034	20,3184
-4,1487	26,1511
11,1214	2,2962
1,6184	27,1999
7,5170	18,8765
-3,4932	9,0464
21,6072	24,2507
-1,1995	22,6121
9,8108	16,9105
-0,0198	9,2429
10,2695	13,2406
5,7473	12,1264
16,8883	7,3423
12,0388	5,8350
10,8589	5,6385
0,7667	9,9637
11,4488	14,4202
-7,7529	10,0947
-2,3792	-5,6339
3,7813	7,0147
-12,4063	22,2841
8,3032	-8,5831
-17,2561	0,8543
-2,3137	18,2208
-19,2876	-14,3504
-3,7557	2,6236
-24,8581	-3,0127
-2,8382	-6,4204
-11,2266	1,5093
6,5334	0,9195
-8,6707	0,6575
11,0556	6,9488
8,9586	-10,3525
10,5312	-7,2721
1,0945	18,0902
0,0458	13,1747
6,1408	-1,0464
-4,2797	-4,7163
-1,0683	0,1988
-13,5204	4,3274
-1,7893	-19,2000
-10,1128	-14,4814
-14,5036	-11,7292
-22,0402	-31,1277
-9,1955	-21,1664
-31,0844	-40,1718
-28,1353	-26,2782
-22,2371	-29,5553
-35,9342	-46,4633
-25,9070	-23,8534
-24,9241	-22,5429
-27,0210	-37,4194
-31,8707	-22,6737
-24,6617	-19,7246
-29,5769	-5,5034
-11,1614	-18,0206
-34,4266	-19,3311
-12,6686	1,1160
-29,1836	-1,6365
-2,9039	-8,4521
-29,5769	-3,9300
-5,1320	3,8686
-22,6301	2,4924
-12,3410	4,7206
-17,1905	-11,4666
-20,8606	0,3953
-14,5035	3,9997
-17,0596	-14,3501
-25,7757	10,2914
-20,7951	12,0605
-14,9623	0,9851
-21,2538	10,4223
-5,0664	-6,2893
-18,8946	5,3762
-3,4936	7,2765
-5,6563	-3,6678
9,0236	8,5875
-17,6491	11,5365
10,9245	-4,0610
-3,6244	20,6462
4,3711	9,8326
7,1893	14,6169
20,6240	22,9398
13,6118	10,0949
-1,9857	20,1875
23,0492	30,4108
14,3326	9,5051
19,6413	14,3547
11,3835	7,8010
26,5879	10,4226
11,5145	10,6845
21,2796	-3,7987
1,3565	18,8767
15,3812	11,6019
15,0536	-0,0632
11,9076	7,3424
9,5487	12,7162
13,2185	-1,7672
22,2626	11,9299
22,6555	8,6530
17,4786	16,2552
14,4638	11,7986
28,0955	-5,3060
18,9857	12,7819
31,6998	20,7768
7,5826	8,8495
31,1101	3,0823
19,7722	2,5580