-53,1216	-28,9060
-34,7710	-37,4255
-49,5170	-23,2698
-27,3655	-40,1127
-55,7428	-32,7070
-26,1857	-40,0471
-48,7959	-51,7123
-32,0185	-37,5566
-55,3492	-35,7872
-26,3170	-33,1657
-47,2883	-32,6415
-28,8076	-26,6121
-47,6160	-25,8914
-32,7397	-37,8843
-38,7032	-30,3476
-35,2957	-26,9400
-36,0815	-42,4719
-27,7590	-38,9328
-31,8874	-38,2120
-48,7301	-34,0178
-18,9767	-36,3772
-44,6014	-34,4111
-16,6830	-52,1056
-41,1934	-35,6562
-15,6346	-41,5545
-34,3777	-47,3216
-23,6301	-48,2392
-40,1448	-54,6616
-32,1497	-45,0280
-31,3630	-51,9749
-21,7297	-63,5746
-37,3924	-53,4168
-25,5962	-63,8371
-29,9869	-83,6287
-39,6862	-65,7376
-10,5882	-78,4517
-42,8976	-79,4347
-23,3021	-77,2721
-42,8320	-77,7309
-18,1906	-70,3255
-53,1212	-87,1027
-18,5837	-90,8381
-39,3588	-89,4617
-43,4220	-74,6510
-42,3731	-93,8529
-35,1647	-98,8335
-53,0556	-92,0179
-44,5361	-100,8653
-41,4557	-93,0666
-39,5554	-101,3242
-28,2830	-98,3095
-50,2376	-104,0768
-27,1031	-107,3535
-41,9801	-103,4870
-16,6174	-110,1060
-36,8682	-118,1670
-6,5252	-111,2201
-45,1257	-111,5480
-20,2221	-113,6450
-48,7955	-116,7252
-12,8823	-110,9581
-30,9701	-116,5287
-49,3203	-104,3390
-44,3391	-114,1695
-50,1067	-126,0969
-27,7587	-124,5241
-53,1871	-120,3954
-37,5890	-121,8373
-43,4878	-126,8835
-39,6209	-135,4033
-68,3912	-122,9514
-36,8684	-113,7111
-55,6774	-144,2508
-37,9826	-139,9252
-60,6580	-125,1798
-45,7815	-137,1730
-50,5654	-144,0541
-51,5489	-133,1098
-51,0896	-148,5107
-62,0346	-143,3988
-53,4489	-150,4769
-60,2652	-157,8169
-53,4492	-150,5425
-79,4015	-162,9289
-55,0877	-174,7254
-89,8217	-170,7934
-58,6268	-172,6940
-90,2806	-178,9855
-61,5104	-187,9639
-89,5598	-185,4082
-73,8968	-189,4715
-82,2851	-201,3991
-70,2925	-192,2896
-78,8118	-196,2876
-80,8437	-207,1010
-72,7168	-223,0261
-84,7102	-215,2928
-66,8186	-214,9655
-74,7488	-211,0333
-60,8550	-223,8783
-93,2298	-224,9268
-60,1341	-228,2037
-90,6085	-223,3542
-72,1274	-227,8761
-97,9484	-231,8085
-80,1886	-232,2672
-108,0410	-236,7238
-81,3027	-248,7169
-100,3081	-255,2703
-107,8449	-240,0662
-112,4976	-254,4842
-110,9252	-259,4648
-107,1893	-248,6515
-114,7919	-268,7711
-100,6359	-257,7609
-122,0010	-266,8706
-117,8064	-265,4942
-139,9577	-257,1059
-109,9423	-266,1500
-130,6517	-283,9755
-117,1514	-269,4267
-130,8482	-281,0267
-116,9549	-288,1045
-130,3895	-298,8526
-132,3558	-296,1000
-135,2390	-302,3261
-135,6983	-304,7512
-139,3023	-323,0358
-142,3829	-318,7103
-128,8824	-311,8294
-156,9976	-338,4371
-143,8246	-339,2234
-171,7431	-326,5095
-145,5942	-339,2892
-167,2213	-355,6731
-153,1311	-337,5196
-179,8696	-346,1706
-150,9686	-359,8018
-189,3724	-347,8088
-168,7944	-345,1877
-175,2824	-352,7242
-189,7006	-363,4720
-185,0472	-361,5716
-198,8104	-353,7075
-188,3898	-365,9628
-212,5075	-382,2811
-200,3176	-380,9048
-233,2824	-379,2668
-208,3131	-386,9999
-228,5641	-401,3522
-209,3619	-400,0416
-238,5256	-395,9132
-222,4037	-409,4136
-232,8893	-413,6079
-225,8774	-424,0939
-238,8531	-437,6598
-229,9407	-440,1505
-243,4408	-446,1798
-255,4997	-456,6002
-245,9967	-467,5447
-265,7890	-465,1201
-253,7957	-478,2273
-272,9982	-474,8195
-264,0852	-486,7474
-297,9674	-487,0749
-263,2990	-492,1867
-298,1643	-478,2278
-278,7001	-491,3351
-298,0331	-490,6797
-283,4190	-510,5369
-307,4048	-489,8930
-295,9363	-499,0684
-307,6013	-511,6512
-308,6504	-503,5902
-307,3392	-505,3599
-315,4661	-514,9280
-309,5020	-495,3331
-320,1193	-515,2560
-299,4098	-524,8895
-335,7168	-510,6684
-313,4345	-524,2344
-329,2288	-524,8897
-315,3352	-527,5112
-340,1075	-530,9192
-307,6020	-530,0672
-319,3329	-537,0142
-317,6291	-537,4072
-328,9664	-534,1963
-321,1025	-549,9249
-323,3960	-548,4175
-336,5690	-541,6019
-326,4104	-545,2721
-339,2560	-551,5636
-315,9903	-562,9668
-335,7171	-555,2990
-325,6243	-560,5420
-342,5984	-562,1150
-320,3815	-564,2121
-343,5815	-548,6801
-330,6053	-574,8289
-356,8851	-556,8719
-343,1228	-564,6054
-357,2784	-557,4618
-347,8416	-557,0686
-355,9678	-559,1002
-361,2111	-548,6145
-367,0433	-548,6145
-367,5025	-555,2335
-356,0989	-557,1997
-370,5827	-551,6946
-347,5793	-556,4131
-377,0706	-546,7136
-343,5815	-546,4516
-363,9634	-539,1771
-331,9162	-529,4122
-349,3488	-537,1452
-326,4113	-530,8536
-351,3145	-528,6909
-329,6224	-515,0593
-339,1903	-513,9451
-332,7026	-504,6389
-317,8912	-508,1778
-334,7343	-487,7304
-325,9519	-490,3519
-339,7146	-482,3562
-312,7135	-477,0480
-323,0685	-470,0354
-311,7961	-462,9574
-330,4082	-458,1076
-297,5747	-451,1608
-317,9564	-442,3790
-297,9024	-444,7381
-314,9416	-441,2644
-307,4707	-428,9439
-311,5992	-431,6306
-302,0968	-420,6861
-311,1404	-422,1278
-304,7181	-421,9311
-296,7880	-408,1029
-308,8467	-408,9549
-276,6684	-411,9038
-297,5747	-404,3672
-287,8749	-388,7698
-301,6375	-401,1559
-264,0855	-389,4903
-304,1279	-368,8467
-275,7507	-375,5314
-290,4307	-376,5796
-254,3206	-367,2734
-269,1971	-363,3412
-265,8549	-367,0766
-270,1144	-361,9646
-274,9641	-332,8666
-250,4533	-326,1821
-257,8593	-332,0801
-249,9289	-320,9388
-262,2498	-319,2349
-222,4693	-321,9872
-254,4511	-322,2493
-215,0637	-312,4844
-246,7832	-315,1713
-225,0906	-309,7318
-236,5593	-307,0447
-209,2310	-302,6538
-221,9448	-298,3282
-216,2433	-282,6651
-228,0393	-281,3545
-220,1098	-275,3250
-217,0947	-256,4507
-206,8716	-264,6427
-192,1912	-268,8368
-215,0634	-268,7711
-198,0890	-260,6446
-204,2498	-254,4189
-186,5548	-256,8435
-201,1038	-266,2150
-164,0106	-251,6660
-195,7955	-239,0833
-169,2534	-259,4648
-191,6666	-232,9883
-179,4772	-247,9305
-197,3680	-240,1315
-175,8727	-235,0852
-197,6303	-235,2818
-190,4217	-220,7327
-188,6518	-220,3395
-200,1865	-213,3269
-176,5276	-212,4093
-188,0623	-191,8309
-177,4451	-195,9597
-189,5694	-190,7820
-163,7481	-174,3982
-185,9649	-174,9879
-164,2724	-170,5313
-178,2971	-172,4317
-159,9472	-155,7856
-166,6972	-168,3684
-176,5933	-147,2658
-184,5227	-150,9358
-169,7120	-151,4601
-168,9252	-145,9550
-168,5323	-157,1616
-163,0925	-153,3604
-186,4890	-139,1393
-160,9296	-156,5062
-179,4110	-146,0204
-147,3637	-148,9040
-166,8280	-141,8916
-143,6281	-137,6974
-158,7012	-144,7751
-125,2780	-137,6971
-148,7397	-116,5291
-128,2269	-141,6949
-133,8628	-126,3593
-123,6395	-127,7356
-132,3553	-121,7717
-132,6833	-123,3448
-121,8695	-125,2450
-119,9694	-120,4610
-114,7916	-111,0895
-117,0201	-127,2768
-100,3081	-119,6088
-121,6729	-112,5968
-95,9827	-106,7640
-105,0267	-123,0824
-89,3638	-112,2689
-111,3835	-113,1865
-80,4508	-108,5990
-113,2840	-118,6915
-90,6744	-111,4824
-107,0580	-110,4339
-91,1333	-112,0722
-113,2839	-113,3829
-103,2572	-113,3173
-98,2762	-103,5525
-106,3374	-106,3050
-101,0943	-93,8532
-113,4152	-98,1787
-86,2177	-104,6666
-98,8663	-103,2247
-86,9389	-97,3920
-116,4299	-104,5355
-81,7615	-112,4652
-99,6528	-102,7004
-97,4247	-115,1521
-103,6502	-102,0449
-90,8712	-97,5886
-110,7280	-97,9817
-98,4076	-91,4281
-83,0718	-83,6949
-101,2256	-80,7457
-71,7995	-85,1366
-94,4752	-88,9375
-63,0831	-80,7455
-76,9115	-70,5221
-56,2675	-82,9084
-86,9383	-78,3862
-55,3499	-83,2360
-70,6854	-67,7694
-52,5975	-81,2699
-72,3892	-72,4879
-61,2483	-67,8348
-77,3043	-69,9319
-73,5690	-57,2179
-65,8357	-62,9194
-90,3464	-53,7444
-75,9936	-49,6813
-90,9362	-46,2734
-76,1903	-47,9774
-88,1838	-59,6426
-72,5860	-47,5186
-93,0334	-56,3005
-64,5253	-72,4875
-81,3679	-49,8123
-66,4258	-57,2836
-76,1904	-61,5433
-60,2652	-59,3806
-55,4810	-60,2980
-58,5615	-49,0259
-60,9856	-56,6936
-57,7748	-55,7759
-49,1892	-36,3774
-72,4548	-51,6472
-46,8298	-42,0789
-73,4379	-34,9354
-55,6116	-31,2654
-81,0399	-34,6731
-45,4538	-48,8943
-75,6661	-22,7454
-68,5226	-24,1217
-75,9280	-39,4570
-48,9932	-33,4931
-76,9111	-34,0175
-59,4134	-26,2842
-67,7361	-23,4008
-59,0856	-40,1123
-76,7798	-31,5925
-67,1462	-25,9566
-42,3734	-27,8573
-58,4301	-38,9982
-47,3541	-25,7601
-59,2818	-23,3353
-32,4777	-28,9060
-62,2308	-43,5859
-31,1014	-45,4208
-60,5924	-35,6561
-42,6357	-35,7874
-45,9123	-56,8242
-37,5895	-46,7971
-49,5167	-35,4597
-48,1408	-38,8676
-58,4950	-46,3387
-39,8176	-46,4697
-43,6185	-41,8822
-44,5361	-49,2878
-29,2005	-49,2876
-47,8129	-42,8652
-22,8434	-52,1058
-49,1889	-29,4958
-5,0178	-42,7344
-40,2761	-43,5860
-20,9428	-31,9207
-30,3144	-41,8822
-7,4427	-43,8480
-40,8656	-33,1656
-23,1712	-34,5419
-38,3096	-29,5610
-25,7272	-24,9080
-32,5425	-18,2233
-41,4557	-17,7646
-11,4399	-23,3349
-33,0672	-2,9533
-18,4522	-1,9049
-26,1858	-12,8492
-7,6391	-8,3926
-23,7609	-19,3370
5,5990	-9,5067
-44,7979	-5,1159
-8,4910	-25,0386
-22,5811	-12,6524
-22,2536	-21,0411
-25,1368	-22,6795
-17,6663	-16,9778
-27,5616	-17,4367
-26,5790	-13,7667
-12,4884	-5,8370
-18,9768	-18,6164
-7,1144	-13,7012
-26,5133	-14,3566
3,4369	-17,4367
-17,7970	-9,9656
15,2332	-11,1454
-18,7145	-20,8446
-3,7723	-15,9950
-10,7191	-17,3711
-8,4255	-7,5407
-17,9936	-11,9972
-28,2173	-9,5069
-32,0181	-19,0750
-35,4919	5,3042
-30,5762	-28,2501
-31,9529	-11,6694
-6,9180	-18,2231
-31,2976	-8,5238
-2,9857	-17,8300
-22,1224	-17,4368
-4,6896	-25,1700
-21,5324	-12,7838
14,8400	-20,1892
-9,7359	-9,8348
11,6942	-16,1917
-4,2306	-13,1114
12,7429	-20,7135
0,2914	-29,1673
7,9589	-5,5746
4,6168	-3,3465
11,6288	-20,0579
7,5659	-9,8344
-3,7720	2,5518
3,9615	-11,0141
-0,4296	-4,7881
25,9158	-1,0526
-2,9200	-4,3949
31,1587	-2,6254
2,1918	-8,5236
20,8695	-6,4264
13,0709	-3,9362
18,0514	-4,8536
9,9909	-10,7519
7,1724	-8,3270
7,5006	2,6173
12,0222	-17,9610
17,9207	-6,4266
-2,4612	-10,8831
21,1321	-2,8878
4,2234	-15,2086
25,5230	-9,5723
4,2235	-8,3272
30,1103	-16,9125
-4,1651	-4,6572
21,3283	-13,7667
-5,6068	-0,2006
12,7430	-14,0289
-6,9830	-14,1596
13,3328	4,7800
-4,2961	-3,5430
-0,1676	-5,2468
6,9761	11,0060
-1,9371	3,0106
11,4325	1,8312
-3,0511	9,3021
25,5226	-11,0795
-9,8014	-6,2296
16,3477	10,0886
-12,3572	4,9112
15,1679	-5,6400
-17,6001	-3,2808
10,3182	-9,1134
-12,2918	-2,2976
0,0289	-6,0989
-7,7043	-5,7055
-7,5735	11,1371
-16,0273	-5,7710
-24,1542	4,7146
-21,6634	4,7147
-32,6083	5,2390
-17,7314	7,7949
-49,2545	2,8141
-17,0761	5,8288
-35,3610	5,6322
-29,8557	0,2583
-40,2760	4,9112
-15,8312	1,7655
-37,4579	11,3993
-14,3895	11,3337
-29,5935	-7,1474
-11,8991	3,2730
-22,1223	1,7000
-25,9892	0,4549
-17,3380	-6,8852
-25,2682	1,1757
-6,7867	4,5836
-22,9744	-7,6061
-11,3742	4,1904
-21,4014	4,7800
0,1600	-3,7394
-25,3992	-5,1157
-11,1122	4,5182
-22,3844	17,0354
-11,3091	8,3190
-26,3166	7,5327
-4,9523	-1,5111
-30,9041	0,6516
-29,9214	9,6954
-30,9696	6,2220
-31,0356	5,8946
-29,3968	20,5744
-43,7495	23,9823
-19,6320	16,6424
-47,4195	16,9702
-13,7339	25,5553
-45,5845	23,1960
-23,8264	12,6449
-41,7832	18,7397
-19,9598	22,2785
-23,4987	3,9285
-5,7387	2,5525
-31,1662	10,3510
-16,4864	12,7102
-12,8817	16,3799
-15,2413	-4,5913
-18,3866	1,3069
-20,0253	4,8457
-6,0659	-10,6207
-19,0423	-7,8681
-6,7212	2,4209
-32,3459	9,4332
5,6652	7,9258
-23,7607	2,1588
10,1870	9,5643
-9,8669	10,7440
7,6966	5,0424
-7,1798	10,2855
0,4876	28,5698
-15,6994	17,4943
-8,7530	12,5136
-6,3933	22,6062
-10,6537	23,7857
-9,2116	13,3000
-27,9550	1,2415
-3,3789	8,5159
-28,6105	10,4163
3,1090	6,9429
-28,8072	-7,3440
-1,4130	-1,8389
-26,1856	-1,7735
-1,9373	-11,7348
-20,3527	-16,5189
1,4049	-11,0793
-20,8769	-8,1959
3,6332	-6,3607
-9,3427	-2,0354
-7,6389	0,1273
7,3036	12,7758
-10,0638	7,5983
-1,3470	0,1275
-13,7335	8,1227
5,5342	8,5814
-11,0466	8,7125
15,6266	5,4356
-9,0806	-1,7079
14,3814	-3,1497
-9,9980	-1,0526
7,1723	-18,6818
-9,0150	-15,6671
-4,1656	-18,0919
-19,0420	-6,9509
-27,8895	-12,3904
-13,8646	-12,1938
-16,1590	-11,3418
-13,8647	-9,7034
-30,5112	-14,4874
-14,3235	-4,5261
-36,2128	-7,2130
-11,7677	-3,5431
-43,6838	-2,8221
-21,3361	-5,8369
-37,4579	-19,2061
-15,1104	-2,2323
-41,5212	-1,1839
-18,3872	-24,7766
-38,1133	-8,7857
-26,6447	-7,3441
-38,6375	-5,5745
-25,7927	-2,6911
-27,8895	-11,1452
-21,8605	-4,5259
-9,4083	-5,2468
-30,5765	-2,4288
-5,7382	5,9599
-24,2195	7,2050
-6,0659	9,5644
-22,7121	8,5815
0,5531	6,0255
-25,0058	3,0767
-4,6898	14,2176
-21,7944	22,7372
1,4705	21,0988
-23,8262	26,2761
-7,9010	15,1352
-14,1923	19,5263
-14,8478	32,6988
-6,1312	27,7837
-3,3136	39,1214
7,6312	33,9442
-13,9301	21,1646
16,9372	36,1070
-24,4158	33,7473
15,4301	18,4778
-8,9493	19,2641
12,9397	26,2110
-9,5391	29,8151
6,8448	8,4506
-11,5051	6,2223
-10,1292	22,6062
-19,1072	11,2684
-7,2459	10,6132
-24,1537	8,1882
-33,7879	13,0379
-15,3719	22,6060
-41,7178	7,2707
-8,1631	11,4652
-30,6424	9,6301
-23,1710	12,5792
-40,2759	8,1883
-14,6515	10,9408
-37,9165	-2,1010
-14,0617	9,0401
-28,4137	2,2899
-12,5544	-6,9507
-18,3868	3,8626
-21,2705	-3,0187
-13,6025	-0,9215
-15,4378	-2,6909
-12,6849	10,4162
-15,5033	9,1709
3,9612	-4,7879
-25,2681	-2,6252
5,4685	13,6277
-24,6782	5,5668
0,4876	8,9092
-23,9572	11,9894
7,8275	10,7441
-22,0568	18,4773
-17,6004	4,2561
-16,3550	6,0256
-24,1542	21,0987
-11,1775	2,6176
-17,0107	0,5205
-7,5730	6,8120
-12,6853	7,9260
4,0923	10,0232
-18,1246	11,5305
-2,9856	16,3802
-22,4498	7,7950
-4,1654	17,4945
-34,8362	29,3562
-9,3428	16,6425
-31,2974	16,7737
-25,7271	27,7837
-39,3583	28,0458
-25,9239	20,1816
-42,3076	24,1138
-48,2061	30,9294
-33,8535	34,9926
-49,1893	20,4436
-34,4433	22,8686
-50,5653	30,0772
-22,0571	7,0087
-47,1574	19,3951
-22,3192	14,4142
-40,8002	17,8221
-10,9815	11,1374
-29,0692	19,3949
1,0770	16,9046
-24,1540	24,2446
-16,9452	16,0526
-20,4839	20,3126
-23,4334	12,5793
-28,0859	13,4968
-24,8752	13,1036
-24,7438	17,6910
-37,1302	6,3532
-30,0521	12,3826
-44,9943	18,1495
-10,5226	0,5860
-33,0670	4,9770
-19,0422	7,1396
-31,8218	5,9599
-10,6538	1,6346
-30,6421	3,5351
-13,9963	-4,1326
-39,8826	13,8897
-31,8219	10,2196
-22,5811	9,8920
-31,0358	4,6493
-32,5425	10,0232
-33,1328	12,9723
-32,8047	17,2978
-39,1619	-4,4601
-6,3939	10,4167
-39,9484	15,8560
-20,4841	24,9655
-37,5233	13,7587
-7,7702	10,8752
-31,0353	8,0571
-9,9328	7,5328
-22,7777	-2,1008
-16,1587	4,8459
-30,0521	-0,0039
-13,5375	-6,2298
-30,3799	-3,0183
-34,1812	13,1688
-25,0059	10,6128
-39,6863	-2,4943
-24,4816	8,0571
-36,3438	10,8095
-3,9690	7,3361
-28,0863	1,9623
3,0432	17,8874
-29,3312	11,3993
-2,1338	-0,1348
-13,2093	8,5159
-0,4300	3,7974
-7,1798	4,6493
-1,7406	7,0085
-11,9639	9,1056
-8,5562	0,1928
5,1410	7,9260
-9,3428	-2,5598
-1,7402	-1,1835
-7,7043	14,3484
8,4177	14,5448
-24,8746	-7,9994
12,1532	-8,1957
-8,9496	14,3485
10,6456	15,2659
-6,1314	-6,7540
5,7960	6,5501
-14,3232	12,1202
3,8300	17,8876
-7,9007	7,4673
2,2571	8,2538
1,7330	15,0040
-16,6173	10,4820
3,5026	6,4843
-10,5225	11,0718
-7,1800	16,2491
-26,2510	24,8997
4,0265	9,4332
-27,1032	5,5012
-17,0106	11,4648
-32,6735	1,3068
-6,1974	-1,0524
-33,1323	-4,8536
-11,2438	-3,7395
-26,3166	-14,7496
-22,5159	-9,9654
-22,9088	-7,3442
-35,0987	-14,5532
-13,3404	-23,5316
-35,2954	-12,7181
-19,5008	-12,9803
-36,5405	2,1585
-20,0907	-10,8176
-23,5644	-14,8150
-9,7364	-7,0818
-38,9650	2,0931
0,6184	2,7485
-22,8432	-2,2977
-7,1146	4,6491
-9,0149	-6,1642
8,6794	9,1712
-19,0419	2,3554
-12,2263	2,7487
-6,5900	13,7586
-22,7777	0,2583
4,9443	-1,1178
-12,2266	9,7609
-5,0172	-1,3147
-24,8749	-0,5937
-5,6726	-2,1668
-18,1248	-1,3804
-3,5756	-8,9825
-24,0228	-14,9464
-11,1779	-6,8855
-19,9595	-18,5510
-10,3261	-19,9270
-24,7436	-16,1262
-22,5814	-10,2281
-23,3674	-16,6504
-35,2298	-25,7599
-13,9304	-22,3519
-46,9607	-9,3759
-24,4816	-4,6575
-43,2252	-19,2718
-13,9960	-15,6671
-38,1789	-11,5386
-20,2218	-10,7519
-27,4309	0,9133
2,9777	-10,9488
-13,2096	-11,6039
-8,3600	-4,5262
-21,7945	-21,0412
-11,8990	-27,9223
-19,1076	-17,1746
-24,6127	-14,2910
-8,6873	-21,1069
-16,0932	-20,3859
-8,6872	-21,3035
-26,3166	-19,4685
10,2527	-26,3498
-16,7485	-13,3081
-0,5608	-15,4055
-26,1199	-11,9319
8,6140	-22,0900
-24,4161	-21,8277
-2,6583	-21,8279
-19,4353	-23,0074
-16,8798	-32,9032
-28,3481	-15,7984
-29,2003	-18,8133
-12,5539	-25,1045
-26,7757	-19,5340
-17,2068	-27,8570
-26,6443	-14,2255
-5,6071	-12,2595
-18,8455	-22,2863
5,9271	-6,3611
-23,4329	-14,6843
4,7476	-12,8490
-10,6533	-9,7034
7,3033	-20,3200
-8,8181	-8,0649
4,6164	0,6513
-1,9369	2,0931
-3,3134	-2,5599
-4,6237	-7,0162
-15,5685	-1,7077
-1,2159	8,8436
-7,1144	6,8773
3,6336	4,5183
-25,3334	13,4967
11,6945	15,7250
-18,9110	22,0165
5,2719	27,2592
-22,3188	20,2471
14,3812	20,4437
-18,1901	16,7738
-2,7236	36,7619
-4,4275	11,7273
3,3053	7,9919
-19,3041	21,4922
-18,1903	13,4966
-20,7459	0,4550
-30,6421	15,7249
-22,0566	21,0986
-31,6252	8,1880
-10,3914	-4,8535
-39,3585	11,3995
-20,8772	23,1957
-37,6545	5,4355
-11,2435	5,5012
-29,4626	1,6347
-10,3917	11,5960
-29,7900	1,1757
-9,2120	2,1589
-23,3675	2,8798
-16,2898	-2,6908
-16,0929	2,4210
-20,5497	4,8457
-10,5878	-10,8173
-25,8581	12,7757
-4,8862	12,7099
-27,3653	2,5520
-7,4422	11,0060
-17,0106	-2,2322
-0,7576	-4,7880
-31,1662	-0,7904
-3,9687	6,7461
-13,5369	-0,4629
-4,1655	-15,8637
-11,4395	-14,6186
8,0242	-10,2278
-1,4782	-10,6212
-13,4058	-32,9032
2,2576	-26,8083
-3,7067	-24,0560
3,9616	-19,9272
-1,8059	-25,8255
19,3623	-27,4637
-13,7990	-16,7159
17,1997	-15,6672
-7,5075	-23,5970
19,0345	-7,4096
-8,4905	3,2071
6,1240	8,2534
-2,9198	-2,1668
11,7598	2,2244
-8,0972	9,6954
-6,5903	-3,4774
-18,7140	-10,4895
-16,5518	2,4866
-15,5684	10,8748
-16,2242	-7,6063
4,8129	-10,7518
-33,5256	-13,7010
-9,8671	-5,3126
-33,8533	-2,7569
-7,5734	-19,0096
-22,7123	-21,3033
-9,4741	-4,5262
-38,1785	-10,1623
-5,6073	-17,9608
-14,7167	-5,8366
-9,6706	-0,0041
-16,4204	-12,1281
1,6016	-0,1349
3,7646	1,4377
-16,7483	-5,3778
4,4202	-5,7055
-11,2432	3,0107
13,8573	11,9236
-12,4884	13,5619
16,2820	2,5520
-13,2092	11,3993
15,8232	7,9914
-7,7041	2,9452
18,5757	8,1225
-7,4418	-1,1835
14,3815	3,0108
9,4664	4,8458
1,8640	-2,3632
7,8282	6,1567
8,6798	16,3144
19,5590	5,2388
1,0122	-9,0477
20,8042	7,0740
7,6970	-4,1983
30,1102	-15,9290
-1,7401	-6,5574
28,3409	-9,9655
2,2576	0,2581
30,8313	-13,8978
21,9840	-21,5652
34,8288	-13,7012
16,6100	-17,3711
15,2994	-15,8639
29,7830	-24,1214
21,5906	-17,8299
19,6906	-9,4414
19,3627	-14,2912
38,5648	-13,9633
13,7265	5,3695
45,3150	-17,8956
17,5275	-18,3541
38,6956	-8,5238
6,5175	1,3721
24,6053	-3,8708
5,0102	-12,3902
23,2944	-7,3439
8,1557	-7,3440
5,2065	1,9623
11,8259	7,3360
9,7938	2,0277
13,0055	8,7123
3,3715	1,2412
20,8043	3,7316
-5,6723	2,4863
29,9139	7,5981
10,1872	-1,8391
18,9692	-6,0332
8,3523	-7,9339
26,7678	-6,4264
-5,0170	-4,7225
30,6343	-5,1158
-4,8860	-5,5089
7,9589	-0,0040
-7,1140	-7,2785
2,3228	1,2413
11,1049	-1,7735
-2,0027	-4,2639
-1,5434	-4,1327
-1,9370	3,0762
16,8064	2,3552
-13,8646	6,4184
10,1218	-8,1961
-13,9299	-3,4773
19,6899	5,0423
-6,7211	-0,5939
8,4833	5,4356
9,7286	6,1564
27,0952	15,3971
-10,1288	10,0231
9,5318	21,8853
5,1411	17,9531
1,5363	18,4119
-3,3784	18,9363
-5,8036	24,0479
17,9862	16,8391
-7,8351	28,2423
11,4327	20,7056
-0,5606	16,4459
23,2946	13,4968
-2,3956	17,2323
20,8041	20,8366
-0,4295	6,8120
29,1925	11,2685
-10,3254	2,4866
13,2673	6,3532
-2,1990	-0,3970
2,4537	-7,3437
-13,4056	8,9089
-1,4786	-4,5259
-7,8352	-3,0841
-29,5933	5,7632
-4,2963	3,3381
-24,4161	-5,3780
-1,3474	-10,8831
-33,2634	-9,1136
2,2570	-1,4460
-24,1540	-6,9512
6,2547	-19,5993
-11,9642	-15,0775
-1,0854	-17,1746
-15,6339	-10,8832
-6,1315	-9,9001
-1,6093	-6,8855
-11,7678	-12,5216
-3,2477	-19,9270
-13,0130	-14,0941
-11,8330	6,3528
-24,4818	-5,5748
2,5192	-26,6770
-25,6614	1,2414
-2,1995	-0,5284
-26,7754	-3,0841
8,4175	-7,1473
-21,2048	2,4211
-5,6727	17,2321
-9,6703	8,3848
-10,5882	8,0572
-25,4644	18,5430
-27,3653	20,2469
-24,9401	5,4358
-27,1689	11,1374
-23,1708	3,7320
-38,2443	24,2445
-13,7336	1,8966
-27,6931	6,5499
0,0288	10,6129
-31,2318	-5,9021
1,7328	-3,4771
-18,2556	14,7417
13,0049	11,2682
-5,0828	0,3893
-3,7066	4,5182
-0,3639	5,1735
2,7813	4,8458
-3,8373	2,4210
2,3883	1,8311
2,5852	11,5959
-3,9032	0,3238
0,9469	-0,9213
-6,9177	10,1541
25,8503	-8,9168
-14,4545	10,2197
15,2336	1,6999
-2,1336	-11,3415
18,9035	-8,2613
9,7940	10,1541
18,6413	1,6344
6,9108	-3,6738
23,9497	13,4310
11,4983	11,2682
22,1805	6,4187
28,2100	10,8752
20,0831	19,9189
14,7098	-2,2977
8,4180	7,7950
26,7681	-3,9360
-3,6407	10,2199
19,4935	18,4770
-12,5537	5,7633
9,2697	14,9383
-9,6702	8,1879
8,4175	16,2490
-13,7990	6,2873
-0,1022	-4,9190
-16,8790	-3,2807
-8,5563	8,2536
-2,7233	5,3699
-6,3280	-9,4410
-3,1163	9,6299
-13,9955	-0,0040
17,8552	-1,6422
0,2257	-6,9507
19,7557	2,0277
-3,8373	-5,3125
33,8457	-13,4388
1,7987	-14,5529
31,6829	-3,1498
1,9298	-19,8616
13,6606	-6,9509
8,0902	-11,2108
5,0097	-18,9441
0,8157	-12,5870
-4,3620	-9,5725
-3,4440	-11,3419
-0,3643	-9,7689
5,2721	-7,9996
-14,3233	-6,2955
2,1265	-4,1329
2,8471	-8,1306
17,1994	-10,4244
-9,8669	-15,7327
10,5804	-8,5238
-6,9177	-6,7545
6,7791	-19,3374
-15,1096	-15,2740
5,5339	-18,5509
-4,6896	-20,5170
-18,1902	-18,7474
-10,0634	-2,8878
-12,9474	-3,4120
2,9125	-7,6062
-32,2150	-1,7079
-9,6046	4,1249
-26,5133	9,2367
-7,3110	3,7973
-25,7923	4,3216
2,6503	9,1058
-23,6297	17,2322
-8,0976	16,5768
-18,1245	7,0740
1,7981	11,5962
-19,3695	7,1395
-9,2118	3,2074
-11,5051	-2,4943
-10,2602	2,2242
0,7501	-3,4119
-23,9570	-11,0797
14,0541	-15,4049
-2,3959	-4,2639
19,6901	-9,1791
-5,8690	-9,5068
22,4426	-14,0286
9,6631	-2,2322
30,3068	-0,0041
0,7503	-2,1011
30,0447	-0,2006
17,7897	-3,2151
26,9643	7,7948
19,6902	-6,4921
13,4640	-12,8489
20,0835	0,1927
15,5611	-7,4751
23,9500	-13,3733
7,1070	-15,4049
17,4619	-5,1814
-16,4856	-5,1161
28,1442	-20,2548
-2,0681	-12,7834
17,1996	-1,5115
-4,0341	-0,5285
14,6435	-11,4728
-6,4589	-7,8026
11,0389	10,6129
0,5534	2,4864
-11,5710	-4,6568
-13,6678	11,7271
-12,6851	10,9406
-12,9469	7,7293
-18,5177	4,1905
6,1894	-8,5890
-13,4061	7,5326
6,4516	-5,4435
-20,2873	-11,4728
0,1602	-13,1768
-6,1970	-9,2449
13,0704	-33,7552
-19,6317	-35,4591
8,0899	-17,3712
-1,7404	-11,6700
2,4536	-27,1363
-7,1797	-29,0368
1,6671	-22,5487
-6,3279	-17,3060
-20,6803	-36,7043
10,6460	-29,4954
-14,0614	-25,4977
6,1240	-18,1578
-9,1461	-25,3666
10,7770	-14,8808
-2,3303	-6,0336
13,5293	-9,1137
-7,7698	-8,9825
10,1214	-6,2300
-10,2599	9,1054
8,5485	-2,8877
-16,4859	-0,4627
2,8470	12,8410
-9,9978	1,2412
-5,0173	-1,0525
-1,8713	0,3892
-3,3789	-6,4264
1,9953	-2,1667
-12,9470	-13,7010
11,1048	-8,7202
-11,2432	-8,3927
12,8085	-7,6063
-8,4249	-10,8830
18,2481	-11,5384
4,3545	-15,6016
5,7306	-0,7250
-4,3615	-11,2764
14,4469	-2,1667
6,7139	3,4037
6,3858	6,0907
-1,0849	2,2242
-12,7506	-2,2975
0,6189	18,0185
-25,5301	3,0764
3,6336	-1,5109
-27,2341	17,8877
-4,6240	18,2152
-13,7337	3,9940
-8,6220	12,6449
-15,6341	15,7248
0,8152	8,7126
-14,4545	4,6493
-4,5587	3,0109
-19,5660	14,8073
2,8468	24,7030
-8,3595	7,7947
-9,9981	-9,1788
-7,7042	-3,9359
-27,3651	4,1248
-9,9979	3,7971
-29,5279	-1,1179
-2,6581	4,1904
-27,2997	2,4209
-0,8887	2,6829
-22,7777	-3,0186
4,0920	4,9113
-15,6341	-4,3293
-2,6580	-4,0016
-5,5415	-6,9507
-4,6242	14,8071
-6,9832	12,9719
-8,0320	-1,7078
8,4832	0,0616
-24,5471	-3,1497
-4,6893	7,1395
-13,5370	-2,0356
3,5680	-0,1351
-13,4715	4,4525
-0,7574	-3,3464
-15,4374	-2,1011
11,5632	-6,3609
1,0776	-15,9946
6,9101	2,1588
-12,0949	-1,3148
1,4052	-5,5744
-2,0024	0,7169
-3,0513	6,7463
-8,0316	-4,7226
-5,0174	4,0595
1,1433	0,3238
-18,5178	13,0378
0,2913	-0,0693
-19,5665	8,4505
-5,1484	13,5621
-31,8216	16,9045
4,4198	0,5206
-14,9791	6,5500
-2,9205	5,5669
-22,9085	16,3801
-4,0344	-0,6591
-11,3742	6,6810
-7,9666	14,6762
-13,9299	-2,8875
-5,5417	-2,0353
-10,5877	1,4378
-29,9209	-3,4119
-5,7379	-10,5552
-12,0954	8,1879
3,3713	-8,2616
-32,2804	-5,1813
-6,5245	-6,4265
-25,1370	-3,4773
-4,6242	11,2028
-19,9595	16,8388
1,0117	5,6323
-13,2749	13,9555
-5,4763	15,5283
-12,2915	21,2300
-1,1508	30,4705
2,0609	24,3757
-6,6556	13,4314
13,9232	21,7544
7,5657	31,9122
33,3873	12,3171
11,8257	29,5530
28,0790	13,4311
18,6417	4,1253
34,5668	10,2856
9,5323	12,1859
28,0134	15,2661
24,6711	1,7002
39,4819	7,9916
14,1853	9,0401
22,1805	-2,8874
24,4744	0,7171
15,1680	2,4865
21,9841	4,6492
8,0900	0,5204
15,3649	6,4186
-3,4442	2,8796
30,7000	-1,1180
-15,8963	-3,1497
7,2382	-3,0841
-19,3696	-8,2616
3,6333	-3,2153
-22,8431	-11,6696
-2,3962	-29,3641
-25,9233	-14,4874
-7,8359	-3,6743
-29,9211	-20,0581
-23,1712	-19,4027
-23,4330	-19,8613
-34,4432	-7,3441
-18,0588	-3,4121
-21,0083	-7,7374
-7,9663	-1,8392
-24,9403	-7,7375
9,4006	-9,7034
-20,8771	-8,3928
0,2256	-1,9703
-24,0226	-11,7350
13,9225	-12,9799
-16,3549	6,4841
-0,1677	4,6491
-10,9153	10,5475
3,0435	1,7655
-9,2769	-1,2487
-13,7336	23,7201
-3,9029	11,8580
-15,6342	10,7442
-0,9538	2,6176
-18,6488	8,6471
5,7308	16,1834
-18,3210	8,7780
12,0876	3,1420
-18,5176	2,6177
13,2016	7,9262
-14,3233	18,6740
12,5462	13,4312
-5,6070	6,8121
2,9779	19,8538
-7,3764	9,1059
-10,3914	14,8076
-5,8035	14,4798
-14,1269	16,2493
8,6798	17,1010
-28,3482	3,6664
1,7331	16,8389
-19,4353	3,9938
9,2695	5,4357
-17,6003	10,8095
15,6919	17,6907
-14,6512	-0,5939
1,6017	-9,7686
-14,8477	10,6129
-7,8355	-4,9193
-16,8138	-13,4387
-20,9429	0,5204
-17,9278	8,8433
-29,0694	0,3892
-11,3087	-5,3778
-27,7586	13,2343
-0,1022	12,9065
-24,6783	2,1587
2,9780	-5,9021
-12,6853	3,0108
5,8614	6,3530
-25,4646	-3,8706
4,3540	-7,7371
-21,1392	-2,8875
-13,9304	-2,8875
-18,7143	1,9621
-14,9135	-9,2444
-7,8354	-6,1643
-19,1734	2,4209
-4,2307	-14,4874
-19,6320	-4,3947
2,0609	-7,4751
-8,5563	-4,0672
12,2843	1,6343
-22,5152	-4,9192
19,4279	-0,9871
-7,2455	1,8309
18,3790	-3,3464
-14,5854	-9,4411
14,1192	-14,1595
-15,2408	3,9283
-0,9542	-2,6252
-18,3210	5,6324
-13,6028	8,3193
-14,6510	13,5623
-30,3145	15,7249
-17,4690	7,7297
-28,2173	16,7081
-12,6851	11,9239
-32,8703	14,6765
-6,3938	19,9847
-26,7755	10,5475
-11,3744	4,4527
-32,1491	4,9770
11,9563	-3,2805
-19,3697	-1,6422
5,6651	-0,7247
-11,2430	-5,4434
-0,5608	-3,2806
-1,3469	7,8603
-0,2987	-12,9144
8,4835	-4,0015
-6,1969	2,2897
8,6146	-13,4389
-8,6217	-9,3101
12,4810	-11,5386
-15,9617	-19,4027
7,6968	-11,2764
-12,6194	-26,2186
10,9735	-21,2379
-14,4544	-17,7646
4,0267	-17,6990
-5,0826	-26,3497
2,1261	-21,1067
6,6482	-10,1623
-13,4716	-14,0288
-4,2303	-8,3927
0,4220	-5,8368
-4,8859	-4,7226
-19,3695	5,1733
9,6631	-2,4289
-12,2263	-4,0671
10,3182	15,7247
-20,6802	6,3529
15,7577	-4,9191
3,3057	2,9452
-2,2648	-4,4605
-0,4951	-2,4287
9,9246	3,4692
-12,8815	-7,6717
-15,1755	-7,8683
-12,1606	-4,1328
-12,0954	-14,4874
-0,1677	-8,6547
-27,4307	-3,8052
-6,0003	-1,2490
-12,0954	2,3553
3,8956	1,6346
-21,5323	16,7733
10,7113	1,2414
-6,3936	13,6934
1,6019	25,2930
-10,2600	15,3316
7,1067	9,1714
-18,6484	14,8075
0,3566	23,5236
-2,0679	10,8097
-10,9156	10,8097
10,1218	4,5183
-20,7461	15,0696
0,8813	22,7369
-16,8794	-2,2977
5,2065	1,5035
-22,7776	-1,1182
-3,2477	-5,7712
-9,0150	-11,4728
10,0559	-17,6987
-11,2432	-3,0842
8,1553	-8,3927
1,6021	-13,5045
7,8275	-17,8952
-4,4271	-3,8706
10,3180	-5,5746
-2,7888	1,6999
0,2911	-1,7080
4,6167	0,7170
-15,5684	2,9451
15,1680	-5,1158
-15,1099	-2,8874
3,6992	1,8965
-22,6464	-9,4413
7,6312	-14,6185
-14,0613	0,2579
7,4344	-11,2108
-14,2578	-24,5800
-0,2334	-17,8299
-18,7798	-13,3079
-7,1146	-12,6527
-17,0102	-13,0459
-8,5564	-24,7112
-5,1483	-15,0120
-17,2725	-14,4878
-1,1503	-11,9319
-15,2409	-27,1362
11,6948	-17,8955
-12,2262	-8,3275
8,6800	-27,5295
-6,6554	-17,8300
19,4932	-20,3204
6,9105	-16,7814
25,9811	-24,9734
-5,8034	-14,4218
2,3229	-9,8346
3,8961	-10,2276
12,1531	-22,7450
9,4010	-3,5428
-1,4783	5,1076
9,8598	4,1246
1,4708	-2,8221
6,7140	-6,5575
-13,2746	0,4549
6,0586	5,1733
0,3568	-3,6083
12,9395	10,7440
-12,0949	6,2876
21,1316	-1,4457
-12,4883	-2,0354
6,6482	1,4381
-4,1651	12,8411
0,4875	-1,0525
-11,1118	-8,7855
-14,5857	2,2245
-7,8351	13,5620
-16,4862	0,7825
-8,8837	7,1397
-20,2216	6,6808
13,5295	17,4287
-17,9279	6,2875
11,4978	4,8460
-6,5246	6,8775
6,7137	3,0763
-9,2114	11,2027
18,4445	3,0108
-5,4102	2,3554
6,0582	1,8311
-4,1650	-10,5551
2,1915	-0,6590
3,8303	17,6908
-10,5224	19,5258
0,4225	14,7417
-6,2624	7,6641
13,2674	25,8174
-15,2408	10,3509
15,0369	12,9069
-7,5076	17,0356
19,6243	16,4457
-6,7865	8,3192
18,5101	-0,0694
-6,5898	-1,8388
8,3522	12,7755
9,5975	-13,3735
-0,5608	-5,9677
-0,4293	-8,8514
-6,1314	-16,5190
9,0733	-7,8028
-3,5100	-24,7766
6,3862	-5,4436
-8,8184	-9,3759
3,6991	-13,4390
-15,1754	-10,8176
10,7112	-9,7689
-21,8601	6,4838
-5,0173	-5,2470
-10,1946	-5,8367
0,2907	16,5110
-20,6801	17,4940
-6,6558	2,1588
-6,1968	14,2175
-3,1170	17,9529
-8,6870	8,3195
-7,8354	28,7665
11,8912	17,1011
-10,4569	30,7325
13,2675	6,2877
-7,1144	16,9702
21,5906	18,4118
-9,0804	21,1642
23,9498	9,9576
1,2743	1,9623
29,1270	0,3239
1,1433	4,1248
13,2019	-8,2615
20,0834	-18,8782
12,8741	-8,7203
18,7072	-17,8299
13,0707	-17,1745
15,6927	-17,8955
11,4980	-13,2425
27,4234	-15,9950
-4,3617	-10,8832
17,5276	-19,0751
-5,8034	0,1269
22,9012	-5,5094
0,3569	-27,1359
15,8887	-7,5407
-7,2453	-13,2425
4,6820	-18,8130
-1,7403	-10,9486
-8,6875	-24,3180
-6,9176	-19,0095
-15,7654	-2,7568
-6,2623	-15,4053
-6,5905	-29,4952
-2,1336	-9,4413
-23,4986	-13,4391
-7,0487	-7,1477
-19,9597	-13,1113
-6,3280	-7,7373
-21,3357	-14,0944
15,0364	-6,8853
-16,8795	-13,2423
-12,6852	-4,8536
-21,1390	-5,8368
-7,0493	-3,2808
-13,7337	-3,7394
-21,0085	12,6444
-15,9619	0,6514
-27,3655	4,5837
-7,6389	14,4796
-34,3779	9,0401
-13,9956	8,9745
-24,4818	10,7440
-4,1654	13,4964
-22,1878	1,7000
5,5995	-1,1835
-9,0803	-5,5089
20,6728	2,7486
6,0585	-3,8706
17,8548	-3,4118
6,7141	-8,4581
12,4808	-8,9824
3,3062	-8,6548
2,2571	-10,7519
-2,8543	-10,9485
-16,1583	-12,3248
10,3838	-8,2615
-19,1078	-4,0672
4,0922	4,8457
-21,9257	6,2216
4,0265	-8,7857
-27,1684	4,4524
13,3982	-1,8390
-10,3912	-8,9823
4,0922	-8,8512
2,5196	-6,9507
9,6626	-1,1180
-1,8712	-8,2615
5,2063	-8,7856
-3,6407	17,2975
-6,5244	3,9280
14,8404	-1,9699
-9,3426	6,9429
11,3671	-2,6254
-9,4079	9,4987
26,7023	-0,5284
-9,0804	-19,8614
10,6461	-21,2375
2,1263	-17,1090
14,5125	-19,6649
-1,5436	-19,0752
13,5292	-22,7452
-17,4688	-22,4831
-4,3620	-7,6719
-9,9977	-17,2402
-11,7022	-10,8176
-11,8983	-14,3565
-27,5617	-4,7226
-3,3133	-2,8222
-23,4986	-11,8005
-0,8886	-4,7226
-27,8895	-2,8877
-1,8718	-9,1790
-30,3142	-3,4774
-2,1339	2,4863
-29,2657	-4,4605
-10,3259	-9,2445
-22,9741	-5,2468
-10,6538	4,3214
-19,6318	-0,3972
-18,9769	2,0279
-21,9255	9,9576
-36,9335	13,8898
-5,6071	13,9553
-37,1958	17,0355
-20,5492	13,3000
-30,7076	12,2514
-22,3845	17,9531
-40,8655	15,9869
1,2084	12,5136
-24,0231	20,5744
-6,8526	15,3970
-17,2071	9,4988
-0,2990	4,9768
-20,8113	14,0208
-2,6581	4,8456
7,8935	-17,3709
-5,6728	-0,5935
6,2553	9,7608
-8,1629	-0,7904
13,6608	-1,5767
-1,0851	10,0885
7,5003	10,8749
-3,1165	-1,0525
14,3157	-7,5404
-17,8621	4,9769
12,2842	7,2050
-5,4760	0,5861
-0,8231	15,2660
-14,0611	7,5327
-6,5247	-4,1980
3,0437	-0,0692
-12,6197	10,4164
-12,6847	9,1057
-23,6294	6,7463
5,6654	7,0086
-12,2919	11,3994
10,5149	11,9892
-18,5177	4,6492
15,2990	7,0085
-12,7506	11,9892
17,1992	10,4165
-10,5878	-3,2149
1,5362	8,3194
-18,3865	15,2662
-1,8061	20,7711
-11,1775	6,9432
3,1745	19,9848
-14,9786	16,1181
-16,4861	18,8051
-4,7549	11,7927
-22,5810	3,6009
4,6167	14,8075
-36,0159	19,7880
-1,4126	16,2491
-21,2704	0,7827
7,8276	-6,6228
-22,2533	14,9384
7,0411	1,0447
-16,4206	1,7658
-2,1994	11,4650
-13,4713	14,8072
-1,6097	2,3555
-1,4127	5,4358
-12,4230	16,7733
-6,8519	2,4865
-14,9133	4,6493
-4,5582	7,2051
-17,2069	11,6616
8,5488	14,3483
-26,6441	12,9066
11,3668	11,4648
-18,2556	7,0740
3,9611	4,6492
-11,1121	9,9575
5,4684	2,6176
-13,9956	-6,4919
3,5023	-2,4286
-7,4420	1,6345
-11,3089	4,1904
-1,6747	2,6174
-11,2434	-2,6908
3,7648	10,2852
-6,9836	2,2243
-6,0656	8,9745
-7,6388	4,6491
9,7283	-11,4071
-9,9325	-12,8487
-0,1676	0,8481
-12,4882	2,4864
11,6942	2,8796
-4,8206	-4,4605
10,2524	-10,7519
0,6846	-7,0164
2,3882	-2,0357
5,0101	-3,7397
1,0123	-2,5600
23,6224	-7,8684
7,4347	-8,5236
34,6325	3,7315
15,1681	-8,7205
29,4552	-15,5360
9,0081	-14,4874
44,3973	-8,5238
10,2530	-14,8152
36,5984	-11,7349
13,1365	-7,1474
16,8719	2,0275
1,9954	-4,1983
4,6821	1,6344
7,6968	0,3893
-9,6049	6,5497
-6,4587	2,8141
-8,8839	0,7827
4,2236	16,1181
-1,6094	8,9090
4,7479	10,7441
-17,7966	9,3679
19,6900	16,4457
-18,5176	10,8097
8,0901	9,8267
-2,9200	1,5691
11,4322	7,6640
-14,0609	16,6423
12,8086	0,9791
6,3861	-7,8680
13,8570	0,2583
0,0948	-2,4287
-3,9686	1,5690
6,1242	-0,0695
-4,0342	-2,1667
12,7434	8,0569
-10,9154	-8,9169
25,5227	-7,2783
-0,5607	8,3190
18,8380	-1,3802
0,0293	1,2414
32,2073	-1,0524
9,0076	11,4649
14,4470	11,6614
9,5321	-2,1011
11,5633	-4,9190
4,0271	2,4208
0,4878	-9,1135
7,6972	-9,7688
-6,7867	-5,0503
16,3479	-8,8515
-10,6533	-3,6740
10,0563	-3,7397
0,1601	-0,3318
9,9905	-2,2980
-12,5538	-4,8538
19,0344	-4,5916
-11,1777	-5,7057
0,2912	-4,6573
4,2889	-8,7858
3,5677	-9,2446
-13,3400	-5,0503
5,5339	-0,9871
6,7795	-10,6863
-9,4083	8,8436
2,9787	8,7778
-5,4104	6,5497
12,8090	15,5937
-8,6870	-1,5110
19,4279	12,7104
-8,4249	18,5429
17,5928	13,1034
-5,0172	6,6155
8,8107	23,1305
-14,6508	11,9891
5,1406	11,2685
-10,7844	8,9092
-13,6682	7,2707
-17,7310	4,6493
-21,2703	9,2366
-3,1820	10,9406
-8,9496	7,4673
-4,2305	4,7146
3,6990	-2,8218
15,6266	5,8289
-9,6047	11,0717
21,0006	2,7487
3,8301	9,2367
16,2163	6,6809
-12,0948	11,6616
23,3598	-0,2659
-1,6092	4,5838
4,1579	10,8751
8,8768	9,9576
5,0097	2,4864
5,3379	-1,3801
5,0755	9,3021
18,4449	7,5326
-9,9323	4,5835
15,0373	7,7947
1,6020	-0,2661
14,3162	11,1371
-6,0656	5,6321
21,4594	-6,2298
-4,6894	-2,8218
20,0176	-1,2490
3,3715	-1,4456
5,5996	-9,9652
-4,1648	11,0717
22,9010	3,0762
3,0439	8,8434
-4,9515	-5,9021
13,9886	1,3725
-9,3426	6,8774
13,9888	-0,6593
0,5533	4,5837
15,6925	20,9674
-4,3617	-2,3633
15,6268	12,2513
-6,7210	-3,1498
16,0198	3,0109
-9,9323	-7,5405
12,0219	1,1759
-16,0928	1,3723
-10,9158	-4,6570
-29,1344	-1,5767
-18,3869	-8,5236
-11,5053	-3,1498
-26,9722	-5,1159
-12,0951	-11,7351
-26,5132	-27,5946
-1,2818	-6,3612
-40,4066	-9,1795
7,7624	-25,3011
-24,3504	-16,1918
3,2402	-19,4686
-14,5855	-21,6312
5,0750	-20,3858
-14,1268	-14,6188
-10,8503	-26,1529
-21,2046	-13,8976
-0,4957	-6,2956
-10,9812	-1,6424
-25,3336	1,7653
-9,8012	-5,3126
-15,5687	-12,1938
13,2674	-15,2083
-17,7313	-9,6379
4,8790	-8,5893
-7,1800	2,4862
15,5612	-10,4898
-15,4373	9,7609
33,1247	7,7292
-2,3959	2,5520
2,0608	7,8606
3,2406	11,9893
4,6820	6,1568
-7,7038	13,6278
3,2403	10,2200
3,6339	24,2446
-8,2940	9,4988
8,1558	6,0911
-4,8206	7,5328
-1,4124	5,1735
-11,1774	7,6637
6,0585	-6,8198
-14,5853	0,5205
1,4708	0,4548
-11,3085	-8,6546
24,6047	-6,4918
-7,6389	7,7294
-1,6096	-1,6422
-13,0125	-7,2126
-5,1487	-4,9188
-7,1799	4,3871
-19,0422	1,0446
-9,9977	2,5518
-12,9472	-7,1475
6,3861	-11,6040
-11,6364	-21,4999
10,8425	-13,6358
-3,7065	-24,4492
24,8015	-27,1361
-9,1459	-22,9419
21,3282	-33,2310
4,3544	-27,2017
12,3496	-16,9780
-0,4295	-21,5001
6,5825	-21,4343
-7,4418	-14,8808
-6,9178	-8,3927
8,2212	-14,4219
-14,4546	-9,5722
-6,9829	-0,9215
-13,2748	3,6006
6,5172	2,6832
-14,0614	5,9599
13,0708	10,6787
-13,1438	14,4797
11,7599	7,1397
-4,4929	10,6131
8,6795	7,5984
-13,9955	7,6640
2,5847	-7,7371
-3,9686	-4,6567
-7,1148	11,2684
-17,0755	8,0567
-5,4107	-6,4920