-42,1073	-118,7880
-43,5491	-114,5281
-34,3741	-111,5792
-34,9642	-115,1180
-44,5976	-100,2416
-44,7288	-119,3125
-41,9763	-126,5212
-52,2654	-111,5792
-44,0733	-115,0527
-58,0325	-105,6810
-46,8914	-119,0505
-49,9715	-136,0896
-34,1119	-113,8076
-41,9106	-128,1602
-36,4057	-136,0899
-42,5004	-135,5003
-40,7966	-154,7023
-43,2214	-152,3429
-47,3504	-159,7489
-58,8845	-175,4118
-57,0497	-169,3172
-56,1977	-172,9873
-62,6858	-181,8347
-62,0959	-176,5264
-62,0960	-183,0145
-66,2246	-174,6915
-57,1808	-188,2575
-55,1491	-191,0754
-65,3072	-185,8326
-51,4791	-203,1341
-53,0521	-197,4325
-61,0475	-195,2701
-50,4962	-204,9039
-58,5572	-211,8507
-55,4770	-217,4870
-71,1401	-241,2765
-56,7878	-228,4971
-62,2929	-243,1776
-62,4240	-245,1435
-82,6089	-241,7359
-70,1572	-264,3459
-81,6260	-261,3310
-87,0654	-257,0060
-83,7233	-263,4284
-81,8228	-260,7415
-92,8329	-265,2636
-90,2115	-283,2857
-95,3888	-265,8534
-93,1609	-280,1404
-98,4692	-290,6259
-94,9959	-283,4172
-106,6613	-301,0465
-110,6589	-303,2091
-107,5132	-309,6975
-111,8387	-327,1956
-108,3653	-323,0013
-124,7493	-335,2569
-120,1616	-345,8736
-124,5527	-339,8445
-111,4456	-347,0536
-118,5890	-353,9349
-125,3392	-357,9329
-126,5844	-369,4016
-119,8343	-358,5229
-125,2738	-380,2155
-135,5631	-405,3156
-138,1190	-392,0121
-151,2918	-405,6437
-140,6750	-418,8167
-146,8356	-428,1228
-166,6273	-442,6720
-163,1540	-450,7328
-173,7710	-454,0755
-181,1108	-461,8088
-171,3462	-461,6125
-178,2274	-483,5015
-168,0695	-484,8777
-192,3832	-481,1425
-169,0525	-513,9759
-168,9872	-507,6188
-183,8639	-506,8329
-176,7204	-520,1367
-187,6652	-520,5301
-182,2911	-539,6667
-192,9082	-544,6474
-195,7915	-553,4949
-205,9498	-565,0293
-205,2289	-564,3086
-211,8481	-578,5956
-218,8604	-585,5424
-221,1542	-578,0719
-219,8435	-603,8275
-225,6763	-622,1776
-211,9138	-619,8186
-226,1353	-639,1519
-226,9216	-639,3486
-219,3851	-648,6550
-226,1355	-669,2988
-221,1546	-671,5927
-225,0870	-682,5373
-235,3105	-691,4502
-241,4055	-692,3679
-251,6289	-702,5261
-244,8789	-705,8684
-248,7456	-708,6868
-274,0424	-724,6119
-268,7340	-708,3594
-270,8312	-736,2778
-265,0644	-741,7826
-281,1862	-737,3267
-281,5795	-770,4878
-283,5457	-761,5093
-276,2714	-756,6602
-288,0024	-781,1051
-296,5221	-787,7241
-292,8522	-797,0960
-299,9956	-803,0598
-310,9402	-799,3245
-319,6564	-816,1675
-325,3580	-836,2214
-333,4191	-822,8525
-343,6427	-851,9506
-343,6429	-857,7835
-348,2961	-866,4999
-366,3839	-893,1077
-355,2432	-878,1001
-373,6588	-913,0312
-364,2873	-926,2692
-377,3947	-924,9590
-384,2760	-958,5792
-384,4728	-967,5576
-385,5871	-978,6335
-389,7815	-979,0927
-406,9520	-1009,5015
-418,0276	-1032,5047
-430,2174	-1047,9712
-431,3315	-1037,8790
-450,2060	-1053,4770
-458,0048	-1070,1887
-461,0852	-1075,1697
-469,9983	-1091,6193
-477,7973	-1088,9324
-497,5892	-1099,0908
-495,8855	-1120,7832
-498,7693	-1100,9916
-504,7332	-1140,6412
-518,1684	-1150,0125
-523,5421	-1148,7680
-540,4507	-1187,8929
-540,9093	-1189,4004
-559,3250	-1208,0129
-551,3298	-1214,8942
-562,4711	-1210,8970
-581,4765	-1241,2402
-570,4667	-1239,2741
-593,1423	-1250,6776
-604,0212	-1250,2845
-603,6939	-1254,7412
-611,4927	-1267,1275
-607,5611	-1275,8438
-639,6736	-1284,7569
-638,8217	-1290,0000
-645,8345	-1313,5273
-667,8548	-1311,0372
-677,8161	-1323,4237
-693,9383	-1319,1639
-687,8436	-1333,2546
-710,7814	-1359,2722
-721,3982	-1353,9640
-734,5054	-1361,3044
-727,1655	-1379,3267
-745,9743	-1366,9407
-739,3553	-1392,3690
-748,0717	-1422,1878
-745,4504	-1408,2944
-749,3170	-1436,2129
-748,6620	-1440,5385
-763,6697	-1459,0854
-771,3376	-1482,9404
-766,3569	-1469,2437
-783,5932	-1486,9387
-791,9817	-1503,6501
-808,4969	-1489,6912
-812,0359	-1499,3908
-823,2428	-1497,3591
-822,7186	-1498,0146
-842,0518	-1504,6336
-838,3164	-1495,1310
-856,4042	-1495,8519
-850,0475	-1506,3376
-852,8657	-1502,7986
-862,4340	-1502,6021
-872,1331	-1511,7116
-849,1304	-1520,8866
-860,2061	-1520,7555
-874,5583	-1509,2214
-862,6307	-1530,0619
-873,3132	-1533,7973
-872,9198	-1515,9719
-875,0825	-1535,8294
-871,2160	-1539,0404
-882,4226	-1528,9481
-878,2283	-1548,0844
-886,4202	-1531,6348
-879,0147	-1524,6227
-884,1265	-1534,6494
-870,9538	-1517,2824
-870,1018	-1514,7265
-863,4828	-1511,3839
-872,1990	-1492,9684
-866,4318	-1501,8157
-849,3926	-1495,0651
-855,9462	-1483,0067
-854,7009	-1495,3927
-861,7132	-1471,8653
-855,1594	-1476,6494
-858,4362	-1485,8896
-855,8801	-1464,0663
-863,1545	-1469,8334
-834,3187	-1450,9588
-847,5569	-1441,7840
-833,8598	-1442,0458
-824,6192	-1425,0720
-819,9663	-1430,8389
-823,7015	-1420,0251
-814,0679	-1387,1915
-809,6112	-1384,4390
-812,5605	-1378,4748
-799,8463	-1348,7869
-791,5890	-1346,0996
-802,3367	-1320,6716
-800,6326	-1327,5527
-794,7343	-1301,2068
-796,1761	-1292,0974
-800,1080	-1285,7400
-780,7749	-1273,1569
-774,3524	-1253,5617
-762,2937	-1252,9717
-757,1163	-1237,8982
-756,1986	-1233,8349
-738,4384	-1233,0482
-745,3850	-1211,0280
-730,8359	-1210,5035
-716,6147	-1198,9034
-720,1534	-1169,0845
-713,7307	-1167,2492
-712,5509	-1152,6344
-708,6843	-1140,1824
-705,5385	-1127,4026
-709,6670	-1091,8819
-697,0186	-1085,1318
-685,0256	-1081,3957
-702,3268	-1056,2297
-689,8094	-1047,0547
-690,1371	-1044,6948
-671,0006	-1021,2985
-672,6390	-1019,1356
-672,3765	-994,1007
-647,7351	-997,7705
-650,7499	-986,1703
-648,9800	-970,5072
-650,1596	-963,0359
-637,7731	-950,5838
-632,4648	-941,0156
-641,5085	-940,8187
-642,0327	-910,4754
-624,4034	-903,5286
-617,3256	-911,9825
-613,8523	-882,6220
-613,9830	-873,7747
-603,1698	-865,3202
-601,0723	-846,9700
-581,8704	-847,0354
-579,8386	-825,1461
-568,3043	-813,0876
-567,5832	-821,9344
-557,1629	-798,0137
-550,0193	-789,7560
-543,9244	-775,7967
-554,5410	-760,7890
-542,5475	-763,5412
-512,4667	-735,1640
-537,5013	-741,7175
-514,3669	-735,7534
-523,4763	-715,1094
-501,9149	-704,6237
-497,4585	-696,9557
-486,1863	-682,8653
-494,0506	-677,6879
-493,1330	-666,6120
-486,3827	-650,1623
-478,4531	-651,7350
-477,7321	-619,6877
-477,7976	-627,8142
-474,9795	-623,8160
-489,4627	-587,7712
-473,4063	-585,4120
-473,9962	-595,6352
-463,3136	-575,1879
-463,6412	-573,7460
-457,6117	-559,1313
-429,3656	-551,2673
-420,7808	-565,3570
-435,3948	-545,8929
-419,0108	-552,4464
-407,0176	-535,3414
-400,5953	-531,4093
-399,4154	-519,8092
-414,6851	-510,5687
-391,4852	-504,9981
-386,8979	-519,6778
-395,1551	-495,8881
-380,9994	-485,5992
-384,9314	-486,3854
-390,3052	-482,7807
-378,0499	-470,8532
-385,4553	-454,9934
-363,8285	-469,5424
-373,4623	-462,3985
-362,9108	-435,5289
-342,1361	-450,9297
-351,2456	-434,5454
-340,0387	-422,4870
-343,1844	-422,0282
-317,1010	-413,2461
-328,8319	-410,1659
-317,1661	-423,7316
-311,6613	-407,2819
-307,2046	-394,6990
-317,1659	-384,4097
-297,8982	-364,8145
-306,3523	-370,4504
-293,1140	-355,6391
-291,7377	-348,8233
-269,5867	-348,8887
-280,7933	-337,6819
-278,3029	-339,7790
-277,0575	-337,5506
-267,2272	-323,5914
-259,8215	-316,1205
-259,2972	-328,6376
-251,8914	-323,2637
-248,7457	-334,2080
-241,2744	-317,8239
-249,2041	-305,2413
-230,5262	-317,0375
-228,8879	-299,0808
-235,0480	-303,1439
-220,9577	-300,9810
-223,4482	-267,8856
-214,4695	-292,0027
-212,5691	-275,2908
-206,6053	-272,0794
-203,3941	-286,5627
-201,1003	-279,9432
-211,5204	-272,4067
-195,8573	-260,8721
-201,4935	-238,4590
-206,3430	-243,3742
-201,4933	-239,8351
-198,8719	-229,3494
-209,1609	-225,8759
-197,2989	-212,7032
-201,6242	-229,8079
-200,9688	-204,1176
-195,8570	-202,1518
-195,8570	-207,9842
-181,2424	-204,7727
-182,7500	-199,9885
-182,4220	-190,4857
-170,8224	-188,1918
-176,5238	-184,7184
-169,6427	-187,2740
-161,0573	-164,7952
-178,9486	-167,3512
-178,8172	-166,2369
-176,3269	-157,1273
-165,5135	-161,9116
-183,7979	-155,8165
-159,7461	-147,5592
-166,8898	-149,2630
-167,0861	-140,6122
-157,6489	-151,6879
-147,8842	-155,8163
-141,4616	-137,4664
-131,9589	-152,8673
-130,3860	-131,5026
-141,2647	-137,2698
-121,4073	-139,9566
-120,7520	-121,6720
-116,0332	-124,6211
-124,6839	-120,4920
-118,5233	-91,7875
-130,5820	-121,7372
-116,8848	-105,2873
-115,6399	-86,8066
-122,3899	-94,6708
-124,8802	-89,1656
-108,2343	-96,0470
-114,9190	-103,7145
-117,6058	-98,0784
-106,2682	-102,1416
-97,9453	-97,4884
-112,9530	-90,5417
-121,0793	-87,1994
-112,1664	-82,3495
-118,5235	-69,2424
-118,3268	-74,0919
-122,9144	-60,5914
-117,6060	-65,0480
-139,2327	-63,6059
-116,4263	-67,8003
-120,9483	-71,0114
-111,8388	-54,6931
-121,5380	-60,3949
-103,6468	-61,2468
-108,2996	-64,9168
-98,9938	-69,9630
-102,9257	-68,6523
-93,1610	-60,9846
-98,3381	-74,3540
-97,5518	-64,7856
-90,7358	-53,3825
-95,3890	-64,3269
-96,3063	-50,7608
-100,6315	-44,8629
-87,5244	-43,7486
-79,9877	-39,6853
-82,7402	-50,4986
-88,2450	-33,9179
-68,5843	-41,5201
-64,3901	-43,6170
-65,2421	-34,2455
-57,7053	-40,9957
-56,3291	-47,4181
-47,5473	-33,3281
-66,4871	-58,8871
-44,6634	-50,4327
-45,3846	-41,8478
-37,3890	-51,1539
-56,0012	-45,9764
-43,3525	-42,3722
-45,7773	-56,5933
-40,9278	-40,7336
-49,3817	-42,8964
-52,3963	-45,3867
-45,0562	-37,9157
-22,8399	-44,0104
-30,5076	-34,2456
-32,8013	-44,0104
-38,4372	-41,3888
-29,2622	-32,7381
-19,5629	-31,8862
-38,1095	-35,3595
-27,5580	-35,7526
-26,7062	-37,1289
-34,5704	-26,5776
-27,7546	-20,1553
-27,2960	-26,7744
-38,0438	-22,2524
-32,6044	-27,0365
-38,8958	-27,3640
-33,1942	-21,8591
-36,2745	-29,1992
-33,9153	-26,1187
-42,3037	-23,5632
-38,3717	-42,2407
-31,5560	-25,9222
-40,6002	-23,8908
-39,6169	-37,8498
-43,5493	-24,9392
-50,8236	-28,9370
-46,3673	-27,1674
-47,4157	-26,7742
-49,2507	-25,2669
-36,2089	-22,9731
-34,4394	-20,6793
-26,2473	-27,1672
-23,3636	-5,9337
-0,0329	-12,0942
-8,3560	-20,8756
-11,4360	-6,1301
-4,1615	-11,4386
-9,1424	-14,5841
-10,5840	-8,5548
-17,7275	-5,7368
-23,6256	5,2076
-18,2518	-8,6860
-12,6814	-1,4113
-37,6504	3,9625
-17,4653	7,3705
-29,6551	6,1907
-27,4267	7,0428
-24,6742	-0,5593
-12,8124	17,7253
-21,0698	17,2007
-8,8146	0,0960
-7,1106	18,3806
-1,1469	1,6688
-0,2293	-0,7559
-1,8678	-2,5910
-0,3604	-9,3413
-13,9917	-12,3558
-7,3070	-1,4771
-9,9285	-9,5380
-2,0642	-3,5086
-16,0888	1,6685
-2,5229	-11,1108
-22,1837	9,1398
-9,6006	1,5374
3,5064	-13,4045
3,4407	-3,8363
-0,8189	-13,5356
2,3267	-9,0791
17,1380	-18,5819
18,9072	-15,6327
20,4802	1,6687
12,8782	-16,0917
23,3640	-12,0281
15,2375	-1,6082
6,3249	-8,6204
12,4852	6,6494
13,5993	-5,5404
14,4513	-22,2516
13,7303	3,7660
6,1938	11,6301
18,8420	0,6856
1,8028	2,1275
14,2545	-4,2294
11,0433	4,1592
16,3514	2,8484
6,1934	-3,6395
12,2882	12,5478
11,3051	3,7659
-1,8021	-4,8191
-9,2075	7,5016
-14,9092	-1,2147
-3,0472	12,9410
-9,9941	6,9772
2,9165	2,3243
-17,7929	5,3388
-3,4404	16,8076
-8,6833	17,3973
7,1763	6,9773
4,5549	10,1230
1,4747	2,9142
15,7616	20,4779
11,5017	21,6575
21,2011	25,2621
-0,4257	20,6091
9,6669	26,8351
2,7856	33,2577
4,2930	33,3888
-2,5883	31,4882
-2,6539	38,7628
4,7516	44,5953
0,8848	30,1775
-7,3070	33,8475
-5,2754	34,1096
-4,3579	36,1412
2,3266	33,5197
0,0986	26,8351
3,3096	37,1241
3,0476	24,4757
7,2419	23,0340
2,1957	27,4902
0,2951	11,2375
8,4872	21,8544
3,5064	16,9391
-6,6516	16,2838
-2,7194	23,2306
-10,1250	18,5775
-17,8582	21,3956
4,1618	22,9028
-13,0743	21,3956
-7,5693	29,9151
-7,2416	18,6429
-8,1592	11,6962
-6,9796	18,3808
-9,3390	13,0723
-12,0914	12,2859
-18,1208	20,0191
-8,0282	5,4046
-35,0946	20,3469
-22,9703	13,9898
-30,8348	15,1697
-25,9197	31,0292
-44,0075	12,4825
-23,6915	16,2184
-39,6167	37,5828
-28,0169	20,2159
-29,3275	20,9369
-29,2622	27,7526
-26,2471	22,3788
-3,9652	42,5637
-14,0576	18,1845
-13,7954	28,6704
-10,2563	34,6341
-11,5017	22,7721
-9,0767	39,4183
-26,5092	41,5807
-23,6255	26,0490
-20,9387	36,8623
-15,7615	40,4667
-33,9147	37,2555
-19,0382	40,5977
-21,1353	29,8498
-16,1546	31,0296
-11,7635	32,1435
-3,3752	27,0318
-5,7999	35,0271
-4,0960	22,3130
-9,1423	12,4174
-24,4776	26,0487
-15,6303	21,7233
-35,3567	24,0171
-23,8879	19,9539
-31,4247	25,1968
-40,2065	34,6994
-39,1580	44,4642
-43,8111	31,6848
-53,1826	39,6803
-38,1751	41,0564
-51,0856	39,4838
-34,1774	42,8259
-35,4883	39,6803
-41,7798	48,3311
-48,0056	35,5515
-43,4182	33,5201
-54,4937	48,2655
-52,5932	35,2894
-49,8407	35,9450
-60,3920	51,8043
-60,4574	38,5662
-58,1637	51,9356
-53,5107	52,3287
-65,1760	46,8238
-54,7558	69,4337
-51,8722	50,4283
-55,0835	46,2999
-50,0372	71,8588
-42,6318	59,9312
-36,2091	64,9122
-41,6488	76,4463
-35,2916	61,7664
-41,7142	62,4873
-43,0247	71,6623
-40,4687	56,8513
-35,6191	76,3154
-38,1749	58,6860
-36,0777	61,3734
-34,3083	85,2937
-33,5873	64,8465
-40,4028	72,9075
-13,7299	57,7688
-32,6044	61,7666
-33,1940	83,5242
-26,7061	59,6035
-19,9561	57,5067
-25,2645	70,8758
-38,7650	55,4093
-30,7039	60,1935
-43,0903	59,5380
-34,4395	53,7708
-48,9884	49,7732
-38,9614	43,7438
-47,4156	33,8478
-38,5682	51,7390
-45,0562	32,0125
-36,9952	30,7019
-42,1726	34,9616
-31,6868	29,7842
-33,7839	36,2067
-24,6746	32,6677
-29,4587	25,7866
-32,0145	26,7042
-29,1965	24,6070
-28,6068	34,1753
-25,0679	34,4374
-32,9323	23,3619
-44,9252	35,4862
-36,5366	38,6972
-39,0271	33,3889
-42,6315	40,2047
-34,6360	45,0542
-47,8742	37,5176
-34,8326	34,3062
-33,3907	32,3402
-32,2112	41,9084
-25,7229	32,9954
-9,2738	23,4273
-23,7569	38,8937
-22,9051	33,7819
-18,2519	35,2893
-23,8228	35,1584
-27,4925	27,0320
-37,5851	37,8456
-29,2620	57,3095
-35,5536	46,7582
-38,0438	52,5911
-44,8594	43,6126
-23,7570	42,7607
-39,2234	57,1784
-32,2111	32,8645
-28,7376	42,8261
-26,7063	43,5467
-27,6892	23,9516
-26,0510	34,1752
-28,4102	34,1096
-44,2044	26,5075
-24,9368	32,7990
-47,5468	29,5221
-42,3691	36,2725
-37,7819	42,4982
-34,7016	36,0758
-43,1556	45,3821
-29,4586	42,8259
-30,1139	36,4037
-30,8348	50,2972
-25,6574	44,8576
-29,3276	53,9673
-34,3080	58,5545
-16,9413	33,8477
-23,8881	33,9791
-26,1819	54,8192
-23,1016	45,1199
-33,5219	57,9650
-11,9605	40,0737
-15,6307	51,4115
-26,6405	54,6881
-28,1478	39,6805
-18,9727	45,7754
-28,3445	49,3797
-25,8539	41,5810
-22,9704	52,7875
-18,6452	46,1683
-28,5410	45,1199
-23,1671	45,3162
-16,4825	31,0951
-25,4611	41,6464
-21,9219	35,8791
-27,1648	27,8183
-17,5310	35,6171
-20,2834	32,0125
-11,5673	28,4737
-25,9850	38,0417
-21,5285	23,3618
-23,8223	26,9009
-19,6935	28,4081
-30,6379	33,0611
-13,5332	37,9764
-24,8053	31,8159
-6,3898	31,4885
-17,3343	52,5254
-12,4192	34,3063
-19,4970	37,0589
-5,3413	48,5932
-15,8926	38,3039
-19,9557	39,2216
-17,4654	36,9278
-21,5285	30,5054
-17,3998	49,1176
-28,4097	38,6972
-14,3195	36,0104
-18,0551	45,1854
-14,3851	38,8284
-14,9093	36,7313
-5,5379	44,9887
-17,6619	34,8308
-11,1083	52,4598
-12,1570	31,9470
-16,4169	33,7167
-14,0575	45,1853
-15,5648	39,6802
-10,8463	31,9470
-23,8879	39,2869
-19,6280	18,1189
-26,3126	34,7651
-23,7567	27,6869
-19,0381	16,8081
-17,7275	33,1921
-33,5869	24,0168
-16,2856	18,9053
-20,8075	24,0168
-9,2078	9,3368
-17,7929	9,9266
-14,3194	6,2565
-9,5355	-7,1129
-4,3583	3,8971
-12,4189	-9,5380
-10,0598	-15,6325
-17,2686	-0,4285
-6,5864	-10,3899
-13,2711	5,4699
-24,6086	-3,1810
-9,0767	-13,7974
-21,0042	12,1548
-6,9140	8,6812
-19,5625	6,6500
-14,5161	22,4438
-19,6279	10,1886
-4,5547	15,8250
-12,7468	19,1671
-11,3705	8,1572
-0,0983	20,7400
-17,3999	19,2326
-5,2754	13,5310
-10,3220	15,1694
-11,8289	6,9119
-8,0934	7,3052
4,4240	23,4923
-10,5837	10,3851
5,7348	7,8294
5,4071	0,6860
6,6522	3,9629
-1,2777	28,2110
-5,9961	14,3172
10,5844	13,1379
3,7685	30,1114
3,7030	8,6814
-0,4913	17,0046
5,3414	13,9243
-1,7366	14,3177
0,0330	28,6699
-11,1082	23,8201
-2,5883	20,4125
-5,1444	12,0238
-9,9284	19,6916
-12,8119	20,0849
2,5234	43,0878
-9,9939	21,1334
-16,6130	24,3448
-0,4912	30,8327
-0,5571	19,1020
-6,2586	33,9787
-5,0791	30,5706
-5,0791	25,9834
-15,9580	48,5276
-2,1955	22,7718
-13,4021	38,3041
-1,0159	22,5754
-23,1669	23,0998
-11,3704	28,0149
-12,0912	29,5221
-2,1299	28,9322
-21,9871	37,8451
-2,0641	18,1841
-5,2098	15,4974
6,8489	9,9267
5,7348	5,6013
7,9630	19,6913
13,5991	7,1738
14,9097	-6,1297
5,9970	17,0041
2,1303	-9,6690
9,6670	1,7999
-10,8458	-0,8218
-2,6536	-22,8416
2,8511	-2,5254
-4,8820	11,1711
-9,7317	-12,7493
9,5358	-9,3413
-0,7534	-10,6521
-1,6052	-14,5186
0,6886	4,0278
10,3222	-10,9144
7,5698	0,6201
10,9119	-8,9482
12,5504	-13,2079
6,2589	-7,7684
6,4557	-3,9018
2,4579	-21,3341
8,8805	5,0768
-5,4064	-5,2126
-7,2412	6,5185
4,6208	0,0303
4,1619	-3,0496
-10,4526	10,1229
-5,0132	5,4698
-14,9746	0,6858
4,8170	7,5015
-13,6641	1,9309
-11,0427	8,4190
0,4260	6,9115
-6,2589	-16,2879
-18,5138	1,8655
-14,7130	-10,7831
-12,4847	-17,4020
-25,0021	9,2710
-22,1183	-9,4724
-20,1525	-3,8360
-22,5116	10,1884
-25,3297	-7,5717
-24,1500	2,9141
-27,1646	-6,5232
-13,0089	0,1617
-25,0673	7,8291
-8,0280	-8,6859
-2,9162	-8,0961
3,0474	4,9455
1,1471	-9,8000
-2,5885	-4,6882
11,1742	-5,1471
8,0939	-9,9965
6,9144	7,8948
1,4094	-2,0667
10,8466	-3,9015
-1,8018	16,2833
2,2614	1,7346
-5,3406	8,8780
0,0332	14,0551
-0,4257	9,2712
1,4748	13,5309
-2,9160	-6,1954
-2,5230	0,8171
-3,1782	-2,7220
2,5886	-13,6664
-2,6541	1,6034
-9,5355	-5,5403
-9,2077	-16,0914
-14,9750	9,2054
-13,7296	-10,9798
-16,6789	-4,0329
-16,4166	2,5860
-15,1714	-9,7346
-14,7128	-0,5594
-23,9531	6,7147
-6,9795	-12,8147
-20,6110	5,1423
-7,3726	7,6979
-0,5570	0,3582
0,5570	8,6156
-1,1468	2,3898
4,5547	-9,4720
1,9334	9,3366
-4,2925	7,5015
1,7370	0,6859
-4,3578	2,7831
10,6499	8,2223
0,8849	13,0720
8,7493	-3,3120
-0,2946	-1,4112
-13,8605	14,3827
-2,0639	-0,5594
5,9311	9,9265
-11,5668	16,1522
-1,7366	-2,4599
-7,8313	10,1887
1,3437	4,4869
7,1762	-9,4065
1,2125	3,1763
6,9143	-13,4044
-3,3749	-6,3263
12,6815	7,5014
3,4410	-4,6883
15,8928	-15,8948
15,5653	-10,5210
25,7886	-20,6790
-8,7486	-1,4116
7,0457	-24,8736
8,9461	-20,6136
7,7008	-17,1403
6,1281	-16,0919
4,8172	-11,5043
6,3902	-27,6917
16,3515	-29,9196
17,9243	-23,1695
6,9799	-11,5697
8,8151	-24,8079
7,2422	-7,3098
19,1041	-21,4000
-7,4379	-8,0305
15,4343	-0,4942
2,9167	-18,2541
-0,2944	-0,5594
1,9338	4,2245
12,8127	-17,9266
8,9461	0,0304
16,2205	-7,5065
5,8004	-15,8948
14,1234	-1,2806
9,2082	-12,2249
15,9583	0,8823
10,3222	-11,0453
0,0331	-11,0450
1,4096	0,3582
-7,2412	-9,0791
19,4973	-7,8993
2,3269	2,2587
0,3609	3,3728
-1,7361	1,3412
20,4805	11,3680
10,5844	2,3897
7,8976	8,8778
7,5043	-5,8677
4,0309	3,8317
16,4827	6,2562
13,7956	-2,7221
7,3733	1,5378
11,7640	-14,2565
19,5628	-14,2562
1,7370	16,4797
7,0456	-10,0624
-2,4571	-8,2270
1,3440	6,8459
-3,8334	-19,3028
-2,0638	-8,8168
2,9825	4,4867
16,4171	-10,7831
11,8297	14,9724
8,4874	2,3894
23,2985	-5,0813
23,8225	14,9070
15,3687	-3,3119
5,8004	-8,9477
19,8906	5,8634
13,5991	-3,7706
19,5629	9,9921
16,3516	7,3049
16,6793	-5,6709
1,4096	14,4485
15,1067	9,7952
1,8684	7,3051
16,6795	15,1037
10,8469	-1,4768
28,3448	10,7785
25,4612	10,0574
25,1991	1,8656
20,8738	10,6472
19,2354	-11,8316
30,9663	-6,7196
19,7595	6,2563
21,9224	-20,5479
16,0895	-13,5355
18,7767	-13,0114
8,3562	-15,7638
14,7788	-8,4896
-5,0130	-6,7202
4,4897	-12,5528
-2,6538	-4,3608
6,6523	-19,4995
4,1619	-4,2951
13,1402	-10,3244
-0,0980	-5,7367
12,1572	2,5862
22,4463	-9,8000
9,7322	-14,9115
14,2545	21,6574
8,5527	-5,1469
18,2522	-1,2145
-0,1635	21,1330
10,4535	0,4238
6,7834	24,1477
0,8853	12,8754
-2,1294	6,1255
0,6887	29,0629
10,7812	9,1401
16,6792	7,1086
9,0772	28,2766
15,6963	14,3175
22,7086	20,2159
15,7618	15,3659
27,5583	-0,2313
11,6986	20,7401
16,4829	8,4847
15,6307	-5,4742
14,5823	23,0337
8,2253	6,2564
7,8976	8,0260
5,9315	10,3851
-1,5396	-8,1614
6,9801	9,0746
9,7980	2,0621
4,4896	-7,0473
7,8975	16,1522
-2,2606	-3,8363
20,2182	-10,4551
8,0939	-1,0838
8,1597	-16,0259
29,4587	-3,2463
14,1889	-8,0307
18,6456	-13,1423
22,2499	-11,6350
30,7697	-3,5086
20,8738	-7,6374
23,6919	-4,8851
27,6241	-19,1719
15,6309	-11,9628
8,6844	-10,7176
20,1530	-19,8271
18,1868	7,7634
21,2013	-4,6885
15,1720	-16,6157
15,8272	0,0303
9,2737	-8,3582
6,2589	3,2417
-0,5567	1,0789
-1,6708	-11,2416
-3,2437	4,6181
-3,3093	2,3897
9,4703	1,9966
-11,2391	16,0213
-0,8843	-5,7367
1,3438	12,9411
0,4919	15,8244
2,9822	-8,6859
2,1301	13,8585
0,4263	3,4380
5,3413	-14,8461
0,5572	5,9942
1,4747	-11,7008
-0,4258	-8,5547
-4,8822	-7,5719
13,9266	-24,8076
-6,2584	-8,8825
-0,6877	-11,4386
-3,5713	-13,7322
-4,1611	-0,1009
-9,0762	-17,4679
3,5065	-19,6960
-0,2945	-8,0307
0,5572	-14,1256
-9,5351	-9,3416
3,6374	-22,9731
-1,5400	-30,9682
6,1277	-7,0477
-1,9988	-17,9268
2,5886	-24,9390
2,3266	-12,6182
-20,0210	-8,6206
3,5721	-14,8464
-3,3749	-0,0353
5,9314	-6,4578
-1,9985	-3,4431
7,9629	-5,8679
-4,2266	-3,1810
5,2761	0,5545
3,3099	-14,7152
4,8826	-1,2805
0,4263	-8,0964
8,4871	-23,4971
9,5358	-14,3220
16,8755	-15,4362
5,5380	-9,8001
-1,9331	-4,5574
6,7834	-1,2150
0,6228	-6,3269
-5,4063	-0,1009
-8,2898	-6,2613
10,4531	0,8167
-11,8945	-5,9991
-2,5229	-23,3002
-9,3386	1,6689
-5,0133	2,1930
-3,3094	1,0790
-9,3387	5,7976
1,3436	-0,3627
3,3095	8,5503
-5,6033	1,6690
-0,8849	13,0722
-2,9164	7,8292
-17,0721	0,8169
-12,4189	3,5696
-12,5502	12,3512
-14,1229	7,3049
-17,7930	-0,5593
-10,2564	6,3874
-21,3975	3,8971
-16,7443	21,7882
-16,4167	0,2924
-1,1469	-13,9284
-9,3388	8,7467
0,1638	-0,4940
0,9504	-3,9671
3,3751	4,0279
4,0306	-9,9966
-1,2123	1,0788
-2,7194	-13,9945
1,9335	-16,6157
4,8826	-13,0113
-7,2414	-12,2252
5,2760	-25,4631
-6,7170	-7,0479
16,4171	-28,2814
0,0987	-16,9438
10,2569	-27,6918
13,4025	-32,4756
4,4242	-13,7326
16,4827	-29,0024
13,2713	-36,6698
9,0116	-10,0624
1,6714	-16,0918
15,3686	-9,6037
5,9311	-18,0576
-1,9330	-12,8802
-12,0910	6,9116
-2,3261	-12,4216
1,7369	-11,3073
-6,4550	14,7759
-10,5180	-9,6036
7,1109	-2,5255
-3,1780	5,1420
6,6523	-12,5527
6,7178	-2,9843
16,0894	-16,2227
14,5166	-20,5479
21,0700	-8,8171
9,4047	-18,1887
11,1742	-13,4699
11,3053	-6,3267
-7,1103	-10,5207
2,8513	9,4676
-10,3870	0,2270
-3,1781	-5,8677
-10,6491	4,8148
3,9654	2,7174
-5,4718	7,8292
10,8465	15,9555
-3,4401	-3,5084
13,3370	10,5818
10,1257	-3,7706
10,3879	-3,2462
21,2015	11,3027
19,4316	8,9434
13,8614	-2,5909
15,5652	0,4893
10,7811	-12,6834
-2,3916	8,5501
8,6184	3,9623
-4,0956	-7,3096
5,7348	2,8483
-6,9792	1,7996
-2,1949	-16,3537
7,2421	0,0301
8,0285	-14,3878
6,3902	-19,6959
13,4024	-5,2782
6,4558	-10,0624
17,2035	-0,4939
10,4534	-8,6205
0,0332	-6,7853
29,1310	8,3534
4,6206	-10,0622
10,1258	-3,0496
5,0795	2,1931
15,2376	-11,2419
3,5066	-4,2949
16,0239	-7,0476
-1,8674	1,3411
6,4558	2,3240
11,5676	-7,1132
17,0723	-14,5185
2,1958	6,8461
8,9460	-6,7200
4,6861	-19,8268
8,2250	2,3241
2,6545	-8,9480
-1,1465	-1,7391
2,1301	-2,2635
-5,7342	-6,9164
-2,6540	-6,7199
-13,5329	-4,2294
5,6690	-7,8338
-9,3388	8,5501
-7,1758	7,1740
3,2442	17,2665
7,2417	10,8440
-10,7149	12,6137
9,1423	38,3037
-2,7851	21,5919
7,1107	15,6940
8,2249	31,8812
-3,1784	20,3468
-5,1442	26,4417
2,3267	7,3707
7,4385	8,3540
-8,4211	21,8541
-2,6539	4,9458
-2,7849	-4,9499
4,3584	13,1378
-4,6855	9,7297
-12,8775	5,1422
2,5891	-3,1809
-1,3434	-13,0112
1,3438	0,4892
-4,5548	-5,8025
-4,1614	-22,4484
-20,2179	-2,5255
-20,3487	-14,3221
-13,1401	-13,4699
-27,8200	-0,8218
-32,4731	-10,6520
-18,9072	0,1615
-43,0899	-7,3096
-34,1114	-0,7559
-36,7329	22,1816
-18,5140	12,0235
-27,9512	10,1232
-21,7907	11,8271
-16,0892	11,8927
-13,0746	21,7886
-16,5477	4,3561
-6,9796	3,4386
-10,5185	15,1039
-10,9772	5,5355
-3,5716	-0,4282
-9,0111	-0,4282
-3,5714	-2,5910
-16,4821	1,5377
-1,2120	-12,2903
-2,7851	-12,3557
-4,8167	15,2347
-19,6275	3,0450
7,7008	-2,6563
-2,9817	2,8486
1,6715	5,9943
-6,3894	19,5601
12,4848	7,5672
15,4339	3,7006
4,8170	16,4145
-4,4232	6,1908
3,4409	-6,5229
-2,3918	2,8486
-9,6007	0,6203
-5,4720	-2,0666
-4,1612	0,2270
-5,9309	-6,0644
-13,5328	11,4336
10,0601	-2,3291
-8,1589	-8,8824
11,3052	6,9770
8,8804	-10,9143
10,9120	-12,5524
16,6793	10,1882
17,9243	-17,4023
14,7787	-4,2293
0,8852	-15,6329
9,8636	-7,1128
4,6862	5,0764
11,6985	-11,1763
-7,9622	3,8971
11,8952	1,6031
-4,5544	-7,4407
-0,8190	0,0305
-3,9645	4,8145
4,4894	-0,4282
-0,4913	11,8926
-1,8675	-0,1006
-1,6053	-2,1319
-5,2099	20,2156
4,1618	2,2588
-6,5862	9,0091
0,4262	13,8585
-5,2756	-5,7366
-11,1082	4,4216
-18,6448	6,5840
-11,6981	-2,7221
-43,0897	4,4214
-7,5036	-2,6566
-26,0506	-14,3218
-16,8099	7,5015
-23,1014	-10,8486
-14,3852	-4,0327
-18,5139	-8,6859
-17,5966	-6,9820
-18,3174	1,6031
-22,2497	-14,9120
-23,8225	-23,3004
-15,3685	-4,0330
-22,8396	-23,5627
-32,3422	-13,2735
-29,9827	-17,0747
-29,1309	-19,0407
-14,3852	-1,6737
-34,8324	-8,2275
-21,2663	-15,6983
-24,4120	1,2099
-6,1930	-11,3730
-12,2223	9,3365
0,7537	2,5861
-2,5231	-10,1275
-11,5670	12,8101
-1,6055	2,1276
-13,5332	-2,0008
-6,9794	17,0699
0,4258	9,2710
-6,5864	4,0284
-13,4677	8,2226
-5,7344	-1,2801
-18,7761	29,0629
-12,3533	2,8483
-10,1252	-4,6223
-12,2225	10,7128
-14,9093	-0,6905
-15,2372	6,5185
-9,5354	2,9795
-10,6497	-3,6397
-11,9603	5,2733
-5,0792	-15,4362
-4,7515	-19,0403
-16,0237	-0,2318
-11,8291	-18,7130
-8,1594	-11,8971
-14,5817	-0,0354
-17,1375	-1,6738
-11,2393	-8,4238
-23,3633	-3,6397
-1,9986	-18,1230
-9,7319	-2,5253
-4,9477	-4,7538
-3,1127	-1,2146
0,2295	13,0064
1,9336	-16,6157
5,5379	-3,7050
-3,0471	-5,4090
-0,0981	-1,1492
3,1132	0,3581
-2,7851	-2,7877
3,1132	-0,5593
-9,6009	10,0574
-4,3580	9,2709
-21,7249	4,8800
-13,3364	6,5841
-24,8708	10,9094
-19,6934	8,1569
-14,5162	7,5672
-15,5649	5,7322
-11,8293	24,9342
-12,1573	12,9411
-26,9025	7,3708
-19,3661	24,6066
-25,7230	12,4825
-28,8689	20,4126
-31,4247	22,0507
-44,0077	7,1086
-41,3207	21,0023
-48,5952	11,5650
-31,2283	9,0092
-52,5931	13,5311
-51,8064	6,5188
-37,8473	-6,3918
-30,7040	0,2928
-40,2720	5,2735
-23,9535	10,9094
-14,1887	0,2270
-11,8950	-0,1007
-3,0475	-3,7708
-15,0406	-11,6350
0,6227	-5,4090
-3,4408	3,1758
-8,4212	-12,2905
-9,6663	-2,0013
-0,8190	-11,8974
-2,3262	-21,8586
3,7686	-1,0839
-13,2706	-9,4726
6,6523	-16,0260
-8,6175	2,3894
8,3563	-16,0262
4,8829	-5,9990
15,8272	-5,1473
8,7494	-13,6667
15,6961	0,2268
15,0409	-14,4533
13,8611	-20,1546
11,8297	-6,5889
5,9969	-21,0068
12,4850	-6,0645
9,7323	-6,1301
14,0577	-7,7684
-10,9115	5,2076
-11,8944	-7,1786
-2,7195	-6,6541
-11,7636	12,2857
-19,4312	6,7805
-3,0474	6,3875
-15,0405	15,2348
-13,1400	-1,8700
-26,5092	14,3173
-7,7661	4,1591
-19,2349	-5,2121
-24,0845	16,6766
-12,4191	-2,0011
-23,6913	3,4385
-13,3366	5,0113
-27,5579	-11,9623
-29,9825	12,4823
-27,4922	6,7805
-13,9918	-5,9987
-12,8122	15,6936
-3,3094	5,4697
-16,0889	-8,5547
1,1472	15,9556
5,2102	-2,5910
8,6837	8,8123
10,8463	2,7173
-0,3603	-4,1637
2,8512	10,3853
1,6714	0,1615
4,8828	-0,3626
-6,1929	15,4970
1,8026	2,3242
-18,2516	-5,4743
-5,6030	1,5377
-8,3557	-5,7367
-8,4213	1,7344
-23,8222	3,4382
-12,7466	0,3579
-11,3705	8,1568
-20,6111	3,1760
-12,2224	-15,3705
-7,2420	6,1909
-7,7006	5,0766
-19,1039	-0,8870
-16,4166	-0,2972
-6,1276	1,7344
-1,7366	12,2201
-24,5429	-3,3775
-3,7678	-1,9354
0,0331	5,2732
8,8805	4,9456
11,3054	8,2225
25,7887	3,9625
18,8419	-5,9988
14,9097	6,8462
11,2399	-8,1616
14,0576	-5,1467
8,7494	7,3048
4,7515	0,1615
1,1473	7,2394
9,5357	3,8970
18,2518	-4,0982
-3,8336	10,7128
12,8127	-2,0667
-0,5568	-2,9184
0,8853	16,8732
5,2761	3,7004
21,0701	11,5650
3,5721	16,4801
9,6669	12,6135
10,0602	23,3613
20,7425	7,1086
17,2033	9,3371
-3,8335	25,7207
3,7032	0,5549
8,9458	5,9947
-3,1128	5,7979
-12,6154	1,3413
-8,5522	4,0938
-16,0890	15,6934
-8,5523	-2,4598
-28,4754	7,1082
-17,0064	1,7342
-31,4900	-8,6858
-25,0675	9,5987
-22,0528	-3,1154
-9,1423	-0,8216
-4,9482	7,1082
-19,3659	-13,2077
-9,1422	9,0745
3,0472	4,2902
-4,6857	-1,3456
-0,3605	12,8757
3,5063	17,2009
-1,6710	16,2179
4,9482	13,7275
4,2928	14,9729
-7,1758	25,3274
-6,9135	7,8293
6,9799	4,4872
-5,0130	15,1038
15,4340	11,7616
2,2614	7,6328
11,5018	6,7807
12,0918	-3,6392
12,7469	10,6475
23,4951	4,5525
13,7301	1,7345
17,7935	-5,0156
24,3471	0,6860
12,5508	4,4869
14,5169	-4,7536
21,8569	-6,1954
16,6141	-4,9503
21,6602	-1,1493
17,6626	-6,9165
23,1017	3,6350
8,4875	3,1106
0,8196	5,2733
4,7519	14,9725
7,8317	6,5841
10,6499	14,3830
7,5040	5,8632
-0,9499	5,6013
5,4069	22,2472
6,5210	-2,9186
-0,5569	8,3539
-5,5374	10,1885
-5,6686	-3,7050
5,6691	21,0020
-13,1397	-5,0159
2,1959	-20,0233
-8,4865	30,1112
19,3663	9,7948
1,7372	-26,6427
17,9246	-6,4575
25,0681	-0,8873
25,4612	-7,1130
23,4298	4,2246
29,5901	-9,4724
28,2139	2,2587
20,3496	-9,6688
25,6580	-2,9183
2,1962	13,7275
14,4513	0,6204
8,2253	9,9267
3,6377	32,2741
-3,3746	4,8147
12,4191	23,9514
-7,1759	21,3296
-3,3749	12,2859
-3,3747	28,8008
15,1716	8,5501
-2,3264	7,2397
4,1617	10,7784
13,9265	-12,3556
0,0984	8,6159
5,8002	8,0912
-3,5060	-8,1613
7,5697	10,7130
-8,1590	13,9239
3,3754	12,4169
-9,0765	32,0119
-8,8143	6,8462
1,6714	14,7763
-1,9987	12,2202
-7,1759	7,2398
-0,4915	18,1186
-7,1760	10,3197
-9,5353	0,2929
-2,2608	24,4099
-0,8848	0,0304
-0,3603	-16,5499
-10,5840	-1,4114
-0,0326	-9,9968
-9,3387	-13,3391
-3,4403	-21,8589
-11,8944	-25,5942
1,8026	-9,6692
-5,7996	-14,5188
2,5236	-13,7979
-0,6878	-0,2977
-1,3431	-13,6012
13,2713	-0,6906
3,5719	-2,7879
10,9121	-6,4577
9,7322	12,1545
6,5867	-5,1472
8,6183	-21,9895
7,5698	8,8123
1,8026	-2,0671
16,2205	-8,8169
3,3099	-4,4917
10,9777	-15,1084
-1,9984	5,7974
3,9000	-14,3875
6,9801	-10,1931
6,7834	8,4190
14,9756	-5,9334
14,5820	4,0282
15,4342	2,8484
17,5966	-22,1861
13,3370	3,9627
16,8757	-2,1325
4,6206	-9,6689
-7,0447	-1,0837
5,4071	-11,9628
0,8193	-16,5499
-14,3193	9,1399
-11,1081	-4,5571
-1,4745	0,1617
-18,4483	2,5208
-2,7197	7,1740
-20,8733	15,6280
-11,2393	-0,1661
-8,7492	3,8319
-11,6327	11,7614
-7,0452	2,2588
-18,3172	5,2079
-0,4914	6,7806
-1,2779	-4,4259
-1,2778	6,8461
-6,0620	-3,2465
-13,3362	0,4236
-14,1227	6,1907
6,1278	-16,1570
-27,3611	-1,8699
-13,0741	15,8900
-20,6765	-0,8215
-13,2054	17,1354
-19,4314	5,7975
-18,5796	-8,0302
-19,6281	14,1863
-19,5628	-2,6565
-13,4679	-15,1081
-14,1890	11,4993
-20,0869	1,0788
-15,6960	5,1422
-14,6473	-14,7807
-17,8585	-12,9455
-7,4381	22,9022
-13,9917	-12,4216
2,5890	-8,8823
-10,7802	4,9453
-0,3600	-6,8509
3,9654	-5,1471
1,5404	-8,3584
4,5551	-11,6350
9,2080	-0,6250
2,8510	-7,7684
3,3751	3,0452
-0,6881	3,8969
-12,2880	-10,3240
-4,4893	5,1424
-16,8756	8,2225
-19,9557	0,3583
-25,0020	8,0914
-9,5354	-2,4599
-24,2154	-1,7390
-7,8312	7,3703
-17,6616	-14,7809
-6,7825	-21,1376
8,4873	-15,1740
11,1741	-12,6837
1,9994	-7,8341
8,8805	-15,5018
9,1428	-6,9821
13,2713	-3,9675
1,9991	-12,6181
6,8488	-12,9455
9,9289	5,7975
-20,7418	-15,9603
1,8027	2,1278
-5,4721	7,3704
-0,5567	-5,1468
-12,8775	12,6790
10,5188	9,7296
7,1109	4,9457
14,0577	15,6935
6,1280	-3,9016
24,0848	2,3244
17,1379	14,1207
8,8150	4,2903
17,3347	11,8270
13,7956	20,4121
12,0263	5,6666
8,3562	0,6860
5,2758	11,7615
-13,0085	3,5694
-3,7680	8,5502
-11,1737	-4,0327
-3,6372	18,1183
-17,5307	2,7172
-13,5986	-10,6518
-15,4990	6,1909
1,9988	4,9454
-10,7150	-18,5160
3,3751	3,8971
-8,4868	-12,0937
-5,2755	1,7345
6,7176	-11,8971
-3,1786	-3,9670
-4,2268	13,7929
-15,4335	-4,2951
-0,8844	-3,7049
-7,9624	8,8123
8,8149	-5,8022
-3,1126	2,5208
15,1720	2,6517
4,4242	-3,5085
10,8467	5,0766
13,8614	2,1275
22,4465	-6,7853
12,6162	11,0404
10,3878	-2,5911
20,6115	-1,3457
16,4168	-0,4283
11,2397	-4,1636
-15,4990	20,8055
-2,0639	10,9749
-5,1445	7,5673
-13,4674	14,5140
-22,7734	9,0744
-3,5060	0,6860
-4,5547	5,9943
-8,2902	1,0134
-7,3070	2,6519
-3,8339	-4,4261
-11,1081	-13,5354
6,4554	-0,6906
7,5039	-9,4725
-0,3602	-13,1423
7,2421	-1,4115
13,5989	-21,4001
5,6038	-11,5038
13,4680	-17,0746
12,2884	-10,6520
7,4389	-1,8703
14,7132	-9,0793
6,7834	-24,9386
-1,8019	6,3218
0,6232	1,0787
14,9097	3,1760
0,5575	-2,5256
13,5333	0,2925
5,8001	6,9771
4,5550	-1,8047
9,4702	5,6011
8,2247	10,7782
0,6884	-3,6395
-8,6176	12,0892
5,3414	4,0938
-1,8020	8,8780
-12,7464	16,9388
-15,5645	12,0892
-8,3556	-1,2144
-11,5014	18,3807
-15,3026	11,1716
-19,7590	17,2010
-16,0891	13,6620
-18,1862	-3,9672
-12,4848	7,1740
-22,5772	-3,0498
-13,8611	-0,5592
-16,7444	4,9454
-17,5310	-11,8972
-19,1691	-19,9579
-23,7568	-1,8048
-10,1251	-14,1910
-9,5355	0,8167
-6,5862	-8,3584
-7,5037	-13,6011
-2,1298	1,7342
-13,4675	-0,4285
-3,3093	-1,2802
-10,0597	13,0064
-5,6687	3,3071
-4,8823	0,0306
-3,5717	2,8486
-6,9139	1,4725
-9,6665	14,7107
0,2951	5,7977
-8,5523	-1,3454
-8,8143	14,7108
-8,1590	10,1232
-9,0110	8,7470
-5,8651	14,9728
-3,3095	3,8318
-15,4991	27,2936
-3,3750	13,3342
-9,4043	-0,3624
-3,3751	31,4222
-5,6033	-0,8216
-13,0745	5,4047
-9,0765	18,1184
-4,4892	2,7830
-5,9309	12,9411
-5,6032	7,9602
0,2296	-3,5740
-3,1127	8,6157
13,5334	4,2902
-8,0278	-5,8677
2,6548	12,9410
0,4920	-9,2102
5,5383	1,5379
10,3879	7,3703
10,4533	-15,2395
11,6330	6,5842
7,1765	3,9624
12,3539	-13,9286
10,9119	13,9897
11,4362	9,7296
2,0646	-2,7220
1,9336	-2,0012
-3,0472	-5,6711
-14,1226	7,5016
-13,3361	7,1082
-5,9306	-11,7660
-14,2536	5,5354
0,2297	-4,0986
-13,2708	-5,6713
-10,3215	2,9138
-7,1104	-5,0160
2,3266	-4,6882
-4,2269	-10,7175
-7,0451	-6,6540
-7,7002	5,8630
-0,0983	-5,8678
7,3074	0,6858
8,3558	7,5016
3,7030	-7,7027
-4,2268	9,3366
9,0116	7,5016
0,1641	0,9481
0,8853	12,1546
-5,6684	9,4675
12,8126	9,7954
-11,2390	14,5794
7,5697	-1,8701
1,9990	16,9388
10,1253	0,8167
-8,7490	2,3244
-9,5354	14,1861
-7,8314	-1,2148
-13,5333	-9,0790
-17,3997	10,8438
-8,9457	-6,7854
-10,9118	-1,3458
-26,4436	-2,8533
-12,8776	-7,1784
-16,0234	10,5162
5,0137	1,2754
-12,2878	-10,2584
-3,3746	14,8416
4,8828	3,2416
18,0554	5,7322
10,9776	2,5208
7,0455	-2,4598
16,5483	10,9096
25,8541	5,0111
9,8635	-12,3557
13,9923	15,1038
6,6523	4,6833
8,8804	0,4893
10,9776	15,1691
-8,2900	0,9480
-5,9307	5,2078
-14,3849	0,8169
-0,1636	8,8780
-15,3025	21,1986
-16,7442	11,1715
-21,0040	5,5357
-9,5354	21,0020
-10,8462	12,7444
-11,9603	2,3899
-8,6835	3,8972
-10,7152	-11,3725
-10,3874	20,0845
-15,9579	5,0109
-1,0156	-10,5863
-8,7491	-0,7561
-9,1419	3,2414
-0,8189	-3,7709
4,1617	-6,9822
-8,4865	-9,1449
5,5380	-0,3631
-6,3893	-13,6669
11,0431	-10,9142
6,4555	5,2074
0,4919	-15,6329
7,2420	-13,5356
-3,2438	-7,4410
-0,4911	-16,6160
0,5572	-18,5164
1,6060	-23,9559
5,2758	-14,9774
-18,1860	-5,7371
-13,7293	-20,2861
3,4408	-18,9750
-16,9409	-0,8874
-6,5206	-17,8611
-11,5668	-15,6327
2,1956	2,5207
1,8680	-10,4555
2,2612	2,8483
7,2420	-11,0454
7,7006	-15,9603
-0,8189	8,2878
10,1255	-4,4262
13,7299	-2,1978
-0,2292	-1,0183
-3,5713	-2,5909
7,8973	18,6427
-10,9770	6,9115
-13,6638	-9,2098
-5,1442	14,8417
-9,7974	-0,0351
-14,3849	6,4531
-17,2027	6,9772
0,1639	3,3728
-12,6812	14,6449
-11,6326	-6,1301
-4,9479	-6,3918
-7,9628	6,8461
-17,7274	-3,9673
-10,9773	-4,4914
-10,7151	7,0426
-16,6788	-15,3705
3,1131	1,9966
8,3558	-3,3777
-4,4892	-10,1276
-23,5597	5,7975
1,3439	-1,2151
0,0986	-14,5841
7,4387	6,2562
3,5067	-2,0669
13,0093	-9,9964
3,3102	6,7805
18,7109	1,4722
16,8104	14,3828
13,0748	-2,9842
11,5022	1,0791
19,1695	10,6471
13,0748	-2,4600
4,3585	-9,7342
0,4920	0,3579
-3,3747	-9,6035
0,4920	-2,9844
3,3753	-13,4046
3,6375	-27,9534
-3,1782	0,2924
3,4409	-3,8364
7,6352	-4,5572
5,2759	-1,3461
16,7448	-13,6667
6,5865	-3,0496
14,9755	9,9262
19,4972	-7,1785
17,2037	-1,8700
15,5652	1,8655
18,7767	-6,5886
20,7428	6,3219
23,3643	-5,6056
19,4977	-0,2971
33,7846	-2,0012
19,0391	-7,5061
36,7337	3,1106
34,0467	15,5622
42,4351	-15,6327
21,0706	1,9310
36,4060	-5,8025
32,9978	-14,2564
9,7327	-7,7683
24,8716	-6,1300
12,2884	4,1590
17,1382	-17,0091
10,0601	-14,7150
2,5235	2,1930