-11,9376	-68,7876
-21,8989	-82,0914
-7,4157	-81,2392
-30,6808	-64,3312
-13,7725	-79,8634
-23,0131	-95,2640
-19,4744	-94,0190
-20,8504	-93,8880
-36,5136	-98,6723
-17,3115	-105,5536
-29,5671	-117,8743
-28,6492	-100,7696
-41,6256	-111,0589
-26,5522	-121,5445
-49,0312	-118,0056
-36,1206	-117,2192
-50,0798	-120,9548
-44,2471	-130,3264
-57,4198	-128,0983
-37,6937	-121,8070
-56,9612	-141,4022
-50,1456	-147,7591
-50,6697	-144,1549
-49,3593	-147,4972
-49,7521	-143,8929
-43,3298	-160,0150
-41,8879	-157,5244
-39,5287	-152,0197
-33,7612	-163,6852
-39,6597	-175,0227
-33,9578	-161,2604
-32,6473	-185,3121
-26,4869	-180,2002
-42,2155	-189,7031
-35,5966	-189,7031
-47,5895	-192,5868
-39,4633	-219,2600
-67,6436	-206,3494
-59,2552	-187,0823
-69,6096	-224,5689
-65,0225	-217,4908
-66,1364	-224,5035
-77,2122	-228,1078
-66,1363	-235,1858
-74,0010	-240,2976
-71,3138	-241,5429
-88,9429	-248,9484
-57,1582	-252,2908
-74,7219	-249,6039
-64,3018	-255,3713
-78,1953	-267,6265
-77,6057	-275,6220
-90,2540	-282,1756
-86,8463	-292,4649
-89,4676	-291,3510
-88,6816	-303,4755
-91,8926	-315,4029
-103,6238	-309,9637
-111,4879	-322,0225
-121,3184	-334,6053
-108,6044	-337,8822
-124,2677	-332,7049
-104,1482	-349,0236
-124,7923	-351,9727
-118,6973	-347,0576
-128,1344	-354,7909
-117,5179	-366,9808
-140,0621	-367,3740
-123,2851	-378,1876
-148,2542	-374,9108
-137,8996	-386,9041
-145,5672	-397,6519
-151,4002	-397,9139
-148,6475	-398,8971
-159,9199	-394,5064
-144,4533	-402,5675
-165,1629	-409,5798
-149,9585	-411,1528
-172,1752	-416,9202
-155,7913	-440,3167
-165,8184	-441,1030
-160,7723	-449,0987
-182,0056	-466,4003
-153,8255	-485,5367
-179,9743	-466,8594
-178,7947	-483,2435
-183,8407	-493,0740
-175,9112	-517,2568
-183,5786	-501,2005
-184,4964	-506,6405
-183,1199	-523,5488
-184,4309	-538,7530
-176,1078	-530,6268
-189,2150	-541,3748
-172,6999	-563,1983
-189,4772	-558,2178
-165,7533	-572,7669
-195,2445	-579,3861
-183,1858	-592,1004
-203,2397	-607,5013
-183,4483	-595,3776
-221,0002	-612,2859
-212,3496	-629,4565
-211,8909	-639,4835
-225,0640	-642,9570
-235,7460	-638,2386
-231,8798	-662,8803
-232,0108	-663,5355
-257,4388	-663,6015
-234,9598	-675,2669
-257,1113	-697,3525
-239,1545	-681,6896
-263,2061	-700,9574
-245,4460	-703,9720
-264,9758	-712,6228
-255,4077	-708,9529
-275,6583	-708,6255
-267,9908	-736,8059
-283,4571	-740,9999
-272,0544	-725,9271
-296,9577	-734,7092
-300,4313	-756,9914
-306,5916	-770,2295
-314,9150	-763,4140
-319,2403	-755,7468
-336,0832	-792,4470
-320,2893	-796,1824
-360,1352	-795,7242
-341,7197	-829,1475
-360,1356	-838,1258
-360,9223	-836,2912
-379,5344	-840,4857
-382,5494	-862,6369
-397,6880	-869,9115
-382,6152	-881,7736
-395,9844	-871,2226
-417,3493	-898,6171
-400,8339	-913,9521
-412,5654	-913,1005
-407,9775	-927,7152
-423,5098	-931,2543
-406,4048	-943,8374
-432,5538	-958,0588
-409,4852	-962,9741
-440,4183	-977,7200
-426,5247	-982,8975
-445,4647	-997,1845
-443,2367	-1000,5270
-473,1865	-1024,1202
-465,9124	-1036,0476
-477,5121	-1024,1859
-477,6437	-1033,5579
-498,0251	-1059,5102
-487,0810	-1077,1392
-503,9238	-1060,8866
-523,3225	-1079,1715
-507,9871	-1095,6864
-533,6120	-1098,4393
-526,8617	-1099,5535
-554,9113	-1107,2870
-536,9547	-1136,1885
-559,3025	-1151,4582
-562,9073	-1133,7639
-586,3690	-1169,8091
-566,7088	-1178,0664
-601,1807	-1196,8757
-603,1470	-1203,6913
-615,5331	-1203,8228
-627,4611	-1225,7776
-622,4801	-1251,2056
-646,2700	-1232,2003
-644,7624	-1248,3227
-652,2339	-1270,2115
-643,7797	-1274,3405
-658,5255	-1273,8164
-641,8139	-1280,2392
-663,3753	-1307,3054
-652,8242	-1307,4365
-672,4849	-1292,1014
-672,0918	-1312,5488
-684,4125	-1319,6264
-686,3790	-1316,7431
-707,5468	-1322,7725
-704,7290	-1323,1002
-707,9404	-1334,7001
-724,3246	-1340,2049
-717,1812	-1331,2923
-738,6772	-1346,6276
-722,7520	-1345,9722
-756,0447	-1330,2439
-747,3936	-1342,1715
-762,3361	-1339,2224
-735,5321	-1366,9442
-771,0527	-1357,3103
-762,5330	-1357,8349
-772,5600	-1376,6437
-769,4800	-1387,9811
-792,6793	-1366,0270
-771,7082	-1374,2191
-783,0457	-1381,4279
-780,0314	-1376,8404
-780,4243	-1373,6946
-790,6481	-1368,2552
-776,9508	-1369,8935
-783,3737	-1365,4369
-770,6596	-1346,8903
-792,4829	-1352,5919
-752,3094	-1349,3805
-767,9727	-1337,8461
-766,6617	-1350,3633
-779,1788	-1333,3894
-748,1807	-1329,3917
-763,6470	-1324,2143
-753,4891	-1322,4447
-768,0378	-1317,0708
-758,4042	-1321,8548
-761,2876	-1304,9463
-758,0766	-1296,9510
-773,6083	-1287,8414
-777,0161	-1279,7804
-745,6245	-1283,5156
-768,0379	-1255,2040
-754,2752	-1263,3960
-765,0886	-1250,9437
-742,0855	-1227,0232
-755,1926	-1227,1540
-730,8788	-1229,9717
-746,6074	-1200,6770
-740,8402	-1186,5213
-737,4976	-1168,1711
-732,3860	-1177,2148
-721,0478	-1162,4689
-712,7252	-1139,8590
-721,5063	-1134,2884
-709,6445	-1134,0913
-684,8717	-1119,2801
-699,3553	-1091,9515
-683,4296	-1093,9831
-687,4274	-1093,5895
-668,6185	-1084,3486
-679,6939	-1061,6732
-654,9869	-1059,8380
-667,1109	-1047,7136
-642,4039	-1039,3250
-652,7584	-1031,4603
-648,1708	-1007,4742
-637,4226	-1016,6491
-629,8862	-1011,5368
-625,1672	-978,4412
-619,2691	-976,4096
-612,0597	-976,6059
-606,8825	-958,5833
-601,4427	-951,3744
-595,6102	-938,7257
-574,1798	-938,7912
-594,9545	-922,1448
-568,0192	-909,9551
-588,9249	-911,7243
-564,4146	-900,2552
-569,8538	-867,8150
-547,1786	-868,0769
-559,4992	-856,6078
-553,9286	-848,4811
-549,7340	-839,1092
-544,5569	-811,9116
-538,3306	-808,7659
-540,1658	-795,0685
-525,3544	-770,3616
-533,8742	-781,7646
-519,5214	-767,6738
-526,5995	-750,9622
-494,8800	-752,1416
-522,0775	-720,4876
-508,0526	-723,3710
-505,0379	-710,1980
-503,3343	-688,5710
-513,7540	-676,5778
-499,5329	-681,1650
-503,6615	-656,5232
-494,0934	-648,1345
-492,5857	-636,1413
-483,1487	-631,0949
-474,1045	-623,0337
-478,6265	-606,0598
-456,0819	-599,3097
-472,8591	-608,9432
-444,1542	-593,4767
-452,4772	-583,2531
-428,9497	-578,4689
-436,1585	-586,7262
-420,4298	-578,1409
-423,8375	-553,4340
-410,5336	-573,2257
-386,6128	-564,3123
-393,8876	-544,9795
-388,7096	-548,4528
-385,7607	-542,1612
-377,7649	-536,6561
-389,3649	-520,3376
-356,8590	-516,4711
-377,3065	-534,2310
-361,1186	-520,5337
-378,3548	-493,0089
-352,9924	-508,8685
-378,5513	-485,4718
-344,6693	-484,6855
-362,4950	-483,3088
-341,5890	-464,1067
-340,4747	-458,3394
-333,2658	-438,0229
-328,8090	-410,7601
-326,5153	-426,2263
-321,5997	-418,4926
-318,4542	-404,7300
-299,8415	-389,6569
-298,6623	-391,1640
-294,4675	-392,4747
-298,4653	-399,8145
-290,2075	-382,7751
-292,5012	-371,8308
-266,4179	-374,8453
-282,4088	-351,7110
-269,6291	-354,3324
-277,2311	-337,0308
-261,3717	-342,7323
-271,7259	-335,7851
-259,4710	-317,1729
-269,6287	-322,6778
-264,1238	-319,7283
-254,2278	-294,1696
-261,3060	-304,5240
-261,5677	-289,7784
-262,2887	-297,3806
-258,3565	-295,0212
-259,0774	-295,6110
-239,7444	-305,3757
-260,5847	-284,6008
-234,8291	-272,3459
-248,7882	-292,3341
-241,4482	-278,3748
-248,4603	-273,8529
-235,3533	-277,7848
-225,3261	-259,1726
-239,1543	-273,3283
-221,7213	-272,2138
-230,4380	-233,2857
-217,6580	-248,9489
-217,0028	-256,8128
-210,3180	-242,9847
-220,0826	-242,6571
-188,1012	-232,8265
-206,7789	-233,0232
-181,8096	-229,9429
-201,1426	-222,0787
-182,2682	-231,3191
-196,8827	-226,7969
-181,0230	-208,9057
-180,9574	-211,7892
-173,0278	-201,8931
-185,2171	-195,0773
-171,0615	-191,0796
-170,2093	-180,3971
-187,9697	-181,5767
-165,2284	-173,1223
-179,1223	-153,4616
-173,3548	-160,2118
-170,7336	-164,1436
-159,3958	-154,5753
-175,5831	-153,8543
-155,4637	-130,7857
-161,6241	-143,9586
-146,1578	-144,0892
-176,1729	-127,4433
-153,5631	-136,8805
-160,2476	-137,4702
-147,0751	-141,7299
-151,3346	-134,1278
-156,3156	-127,5744
-149,9582	-131,9651
-154,0217	-130,0645
-135,5404	-123,7075
-149,6308	-126,0012
-134,5574	-114,5324
-164,1139	-118,2024
-119,2874	-118,3332
-136,5234	-105,3571
-126,4309	-108,3062
-139,4723	-99,7863
-125,2511	-84,7131
-129,3141	-100,9005
-121,2534	-94,8708
-129,5762	-73,4408
-129,8385	-82,8779
-118,8282	-87,7930
-129,9041	-77,8315
-120,0734	-83,0089
-122,3019	-75,4721
-107,6217	-72,1954
-127,6102	-78,8143
-107,0974	-57,3186
-125,0541	-70,5569
-96,6773	-74,4888
-120,1390	-61,3162
-96,5461	-60,8574
-113,1921	-62,3648
-114,8306	-69,1805
-114,1094	-71,4087
-104,2138	-63,8722
-111,0950	-76,1274
-111,7504	-73,1128
-110,3739	-77,5039
-114,6339	-87,3342
-102,1819	-80,5841
-121,3840	-98,6065
-90,7785	-83,3364
-108,3424	-67,6738
-80,6207	-89,6935
-112,7988	-79,5354
-91,9582	-76,7173
-104,1478	-75,2755
-90,9097	-73,5715
-96,6767	-63,5444
-86,2567	-56,3355
-85,0110	-45,3912
-80,6859	-66,5590
-74,5253	-69,8356
-72,7559	-47,8813
-65,1536	-59,3501
-85,3386	-62,1024
-54,7987	-55,9421
-77,8019	-49,9130
-51,7840	-59,6122
-69,6753	-58,7603
-47,5898	-66,9521
-62,9906	-48,5367
-43,1334	-60,3988
-61,6144	-62,1680
-51,0633	-61,5782
-64,1701	-50,7647
-54,6677	-55,2867
-47,9172	-46,4394
-45,0340	-51,2233
-52,5703	-44,5388
-55,5850	-53,9758
-29,3705	-50,8955
-49,7524	-37,2641
-37,1692	-24,7469
-60,2377	-34,8394
-18,7537	-41,6549
-39,0699	-37,5917
-31,5986	-22,3220
-36,2516	-33,3320
-13,6420	-40,0165
-30,2224	-25,0742
-29,5016	-24,9433
-35,3995	-35,8876
-37,4312	-19,5036
-25,3723	-26,3194
-15,0836	-17,6687
-17,1803	-23,9602
-20,2607	-32,2175
-11,4131	-8,1661
-11,2821	-28,6135
5,1676	-39,4922
-6,4324	-35,4946
5,3641	-41,7205
-11,9372	-45,7838
8,3787	-48,9950
-14,1656	-40,6720
-17,5735	-46,5701
-5,1872	-38,3127
-21,5716	-42,2447
-20,3915	-40,1476
-22,8822	-42,2445
-19,5398	-24,2224
-28,4528	-36,8708
-20,0640	-19,0448
-35,6618	-21,1421
-23,0131	-30,9725
-20,4575	-33,7248
-7,8089	-19,2415
-26,2244	-21,0109
-5,5149	-24,6809
-15,9350	-22,3217
14,4080	-17,3408
-8,2672	-14,5229
2,4152	-12,8189
27,6468	-23,2389
12,1144	-6,6583
13,8189	-17,4063
17,2921	-9,0831
25,8120	-12,5566
19,0616	-5,4786
32,7588	-1,5466
24,5011	-17,1440
33,6105	-11,9666
8,9037	0,8783
26,1395	-0,2358
6,8065	-2,5950
30,1370	-2,7260
2,9397	-2,1362
14,0150	14,2478
10,6729	7,3009
16,1119	1,7306
-0,7960	21,5879
-4,4007	12,7404
-4,4005	4,5487
-3,8110	10,9711
3,6602	13,1337
-22,2265	14,1822
-3,0243	-9,1485
0,3833	0,8788
-4,2041	28,6655
5,1022	-3,3815
7,3958	-7,3789
-1,5824	14,2478
11,0659	9,3980
15,1293	-4,9542
12,1799	4,0243
10,0831	12,8059
5,6921	7,7597
14,8019	3,6310
15,9811	5,3350
13,1634	13,3303
9,6898	12,9372
34,5934	8,3496
3,9226	4,0898
22,9282	13,3304
19,2581	7,5631
33,4137	-2,0705
12,5735	5,4005
28,8262	16,2139
11,9837	2,5823
20,1754	-2,9224
17,1610	3,6310
1,1045	-1,5463
9,4933	6,1213
14,2771	-5,7406
5,0367	-1,6118
-0,4028	-4,4955
8,1168	-3,7746
-10,6266	9,0049
10,4107	8,9393
-15,2796	1,7960
4,3813	11,4954
-8,9226	-0,2355
11,7867	9,5951
-8,8570	16,6071
6,5437	2,3859
-9,3158	11,6922
-3,4832	22,8985
-6,6286	-2,2017
10,3448	12,4784
1,9564	-1,5464
-10,6264	-0,8254
11,7214	5,2693
-8,7914	-3,9714
20,5688	-6,0683
2,6119	-0,5634
28,8264	-7,7069
12,3112	-6,0028
20,8964	-3,6436
4,9715	-5,1508
32,0375	9,4637
7,3960	4,4828
11,5248	-5,3474
5,2988	14,6410
-7,5465	2,6479
-15,3450	-3,0535
-20,3916	15,0999
-7,4810	20,8670
-42,8052	27,0929
-27,7315	8,4807
-31,7298	15,7556
-20,7196	42,0353
-39,5940	22,8332
-29,3704	15,3625
-34,8753	29,0595
-17,3118	39,4796
-31,4673	38,5621
-25,4381	40,7249
-15,0832	38,4313
-15,6733	56,5190
-24,3235	34,4334
-16,5250	30,3705
-4,2695	50,1620
-6,8258	36,0719
-6,7599	38,2347
-8,0708	35,2199
-0,4685	43,0843
-22,2921	58,3540
6,6093	41,8390
-23,8650	27,5525
-3,2212	48,7205
-18,1633	50,6865
-6,3671	36,2031
-27,3384	32,0089
-19,9984	52,6527
-16,3284	59,9268
-30,1567	31,4189
-17,1803	38,2349
-39,3973	52,6524
-27,5351	33,4505
-45,4267	42,6911
-32,9091	44,4605
-44,7059	40,3972
-24,4552	37,3827
-43,6575	42,1667
-37,9557	40,7249
-50,0796	41,7078
-35,2688	32,6639
-40,2493	26,5038
-13,7730	35,4819
-39,3318	23,6854
-33,7614	28,4043
-29,7633	36,3994
-26,6835	26,7002
-36,9723	37,1203
-35,0064	30,3046
-35,6617	36,9237
-45,8854	44,1325
-38,2831	26,5034
-58,0752	35,8096
-35,2031	42,1665
-54,9296	35,5474
-37,7593	40,9214
-55,5850	33,7780
-33,9584	30,6981
-60,3036	53,1768
-39,8565	47,0819
-46,8031	45,7713
-50,7353	42,5602
-37,5623	48,1308
-38,6110	47,0821
-21,9647	52,9803
-30,0913	44,8540
-30,1565	56,9780
-33,3679	44,3295
-17,9013	35,0892
-34,5475	53,7668
-22,4235	60,9756
-41,3632	40,1352
-16,3944	44,2643
-38,4799	51,6041
-35,0066	52,7838
-51,9146	50,3588
-39,0044	40,5287
-47,1961	53,5048
-54,1431	56,9125
-42,3465	52,8492
-46,6067	41,3807
-52,8322	53,7669
-52,3082	56,3226
-45,6888	48,0650
-50,7352	42,8222
-39,3975	49,8999
-51,5871	45,1813
-33,3026	21,0642
-40,3806	19,2949
-29,1739	39,2832
-48,1791	36,5960
-28,3875	21,8506
-22,0303	25,6517
-37,8902	40,2007
-37,8897	32,9261
-32,0574	38,1692
-32,2538	45,1159
-48,5066	49,9656
-15,2799	59,4028
-33,8269	43,1499
-19,6054	43,8055
-36,4481	69,3643
-12,2653	55,9948
-29,7635	49,0484
-20,1952	64,7112
-35,3995	54,0290
-19,1467	58,0267
-24,8483	44,6574
-14,1007	52,9149
-23,8654	58,0266
-49,2277	35,0234
-31,5983	41,1840
-38,8077	44,5261
-37,8899	38,1691
-43,8536	37,1861
-12,0033	53,6355
-37,5623	36,7272
-24,5860	33,7782
-22,0956	32,8607
-9,1196	37,4483
-26,0931	45,2470
-1,6484	42,2978
-18,6221	40,9872
-8,0709	42,7567
-15,7384	41,1182
-17,8359	41,4459
-18,4909	29,9115
-32,6471	26,0450
-29,5010	46,1642
-51,5214	26,3068
-27,7316	28,8628
-36,7106	23,8822
-33,6302	25,5205
-51,4560	37,3169
-35,3342	28,6662
-39,1353	37,6448
-37,0383	53,2422
-50,1452	43,3462
-21,0477	31,1569
-49,4245	46,7545
-45,2302	50,4242
-45,0335	36,2686
-53,3568	35,5477
-48,9001	43,2154
-63,4493	36,4651
-41,2324	29,6493
-58,2720	30,7636
-33,1716	51,0796
-54,0776	41,1836
-23,2755	35,5477
-37,6936	32,0087
-16,3287	31,6156
-38,0865	48,9825
-17,5737	46,5576
-22,4889	25,7174
-18,4914	58,8129
-28,5182	44,0672
-26,4866	41,7735
-19,5398	29,7151
-23,6687	39,6765
-24,8481	59,8614
-27,2730	39,3485
-14,7555	36,2030
-21,4403	43,4119
-1,5173	29,9771
-12,2652	30,3048
-0,4686	38,9554
-13,9689	38,1034
10,8036	35,1543
-14,9519	25,0618
-5,8425	38,3000
-14,5585	40,9868
0,9075	16,8041
-3,0899	18,3116
-15,5420	43,9359
-8,0705	34,6296
-10,6924	35,2852
-9,7744	20,3429
-16,3282	30,7633
9,9519	31,3529
-1,6482	18,1149
19,2581	18,2460
3,2672	32,5982
20,3066	14,7723
-2,4999	8,9399
18,7992	18,1803
-7,9395	20,5394
-12,5271	14,7722
-9,1191	-3,4466
-7,9399	-5,8057
-21,0468	18,9009
-30,1566	9,7914
-17,1147	6,6458
-31,5985	7,5632
-17,3769	4,8763
-34,8752	12,2162
-12,7894	8,8739
-25,6347	12,0198
0,8420	18,3766
-19,1465	14,6411
-4,1388	4,9420
-12,0683	9,7260
-3,3523	12,7406
-0,4683	16,0829
9,9515	6,4491
-4,3349	-1,0874
14,1459	-0,1044
-2,4998	11,7574
-0,1407	-1,8740
11,2625	8,3496
-14,5585	2,4512
19,5203	6,7112
4,7743	5,0072
16,1776	8,0220
-8,3982	15,0343
19,3235	1,0097
-1,6479	6,1218
17,6194	35,8749
-3,0241	36,6611
13,7529	20,3430
4,5781	21,3264
13,0320	45,3778
9,8865	38,6276
19,0612	26,8312
12,7700	27,5522
-2,1067	33,8436
22,4694	32,9258
1,7599	24,8651
25,4185	24,0130
5,3645	15,6900
13,8186	21,5226
4,3159	16,0174
18,4060	13,5271
9,0345	10,7746
17,8815	-0,0390
5,4954	-1,7427
-0,2065	9,5948
-5,3835	6,8423
-8,5296	6,3835
1,4320	-3,3156
-13,7726	3,6967
-17,6389	31,3528
-25,9621	16,8036
-6,5634	15,8865
-22,0301	29,7799
-8,9227	17,7214
-21,7023	15,4935
-1,6483	31,2221
-10,5612	33,9088
-14,4278	35,8751
-13,9688	34,3022
-0,7964	25,6516
-16,0005	41,8390
-10,0369	39,2174
2,4151	21,4575
-15,0832	38,3656
-7,0220	34,5643
-17,7701	29,1905
-4,5972	17,7217
-26,2897	29,1906
1,1045	38,4308
-20,7846	21,5225
4,6435	11,9546
-6,0389	27,0276
22,2069	11,1022
7,3305	11,8889
17,1608	18,1801
8,2482	11,6266
13,5564	24,8647
11,6561	13,0682
16,1123	1,9930
11,2629	31,2874
3,0051	12,8062
16,7679	15,7555
-1,9756	11,5612
20,1757	19,9497
2,0221	31,0252
22,9936	17,9834
5,6265	1,4032
15,8502	14,1825
-5,7767	16,4105
19,2580	6,5802
1,4977	-3,1191
4,4468	9,3982
-2,8276	10,8396
11,0658	-8,3623
-0,4028	-10,3937
6,0849	-7,1171
6,1508	-7,3792
-8,4639	-13,4740
6,0199	-2,7917
4,9053	-1,2189
6,0853	-1,0222
3,3327	-4,4957
17,2918	-10,7870
6,2163	4,0897
13,8185	-5,2822
6,0199	-22,5178
14,4739	-4,0368
11,1318	-3,5127
22,4693	-13,8017
22,2729	-15,3090
20,5687	-4,2990
14,5396	-1,5466
7,8549	-13,3431
15,3261	-17,9958
-0,5993	-1,2844
18,2095	-17,1439
-2,9588	-3,9713
22,9280	-9,8040
2,6117	-8,6898
18,1437	1,7957
-0,7306	-18,8480
23,5175	-17,4060
-4,2695	-0,6946
4,3812	-13,1465
2,4153	-14,5881
-7,8740	-9,6075
7,5928	-9,4764
0,1868	-8,1657
6,4786	-11,9668
-12,1993	-7,5103
7,0028	-1,1534
-23,6027	-6,9861
-0,5338	0,9438
-4,5318	-7,1827
1,7595	-7,3792
-18,2288	-4,1681
5,9539	-11,5735
-20,3916	-24,5495
-6,2357	2,7134
-2,7623	-3,2506
-4,6629	-13,9328
-0,7305	-11,5734
1,3665	6,4489
3,2673	4,5484
6,2163	-2,8570
15,2603	10,9056
-5,0559	29,4521
5,2335	-0,0389
-3,2866	12,8064
3,7260	26,3721
-12,5270	23,2920
19,7820	14,7069
-12,1996	20,0153
2,6772	26,3724
-15,6728	27,9452
-1,1896	25,7169
-10,1677	17,9838
-6,9567	29,5180
-7,1529	19,6874
1,8253	17,7214
-0,2062	6,7768
-6,1045	1,2719
-4,0727	25,1266
0,2525	-8,9521
12,8353	-19,9616
-13,6412	1,7960
5,5609	5,2692
-16,5247	-13,0807
3,2670	11,3643
-10,4954	7,8251
7,7888	-4,4300
-11,8716	-10,7868
-0,6653	0,4199
-9,2502	6,7765
-8,0052	-9,8694
1,8910	-13,8015
-11,5442	5,4004
-4,4004	3,6307
-18,2287	-15,3090
13,4253	-13,0806
-4,5319	-5,9374
-4,0728	-2,2675
-3,2865	-8,2313
7,1336	-17,4716
-2,5655	1,8614
12,7695	3,5651
-12,2648	-16,7508
-3,6798	-14,8501
-5,1870	2,7134
-2,8935	0,4850
-7,8084	-4,9543
-5,7115	-3,5123
-4,8592	16,5415
-20,3259	9,3325
8,8377	7,2355
-15,8040	18,3110
14,6704	-2,5293
-12,5927	0,5509
6,6095	8,0876
-4,6628	2,6481
9,4929	17,5903
-14,1654	9,5947
4,7743	5,2041
-6,7598	15,4276
-2,3037	16,2796
-4,7281	17,0658
-7,7430	3,6967
0,0558	7,0390
-12,9203	14,9689
0,2527	13,6579
-4,6628	0,8131
9,0342	28,0758
-9,8400	5,9900
19,4544	-10,3938
-10,6921	-7,0514
16,8986	-11,8357
-3,4175	-15,4402
18,5369	-28,2854
-0,5994	-31,3653
10,2795	-7,7072
4,6437	-16,7513
14,4738	-20,9454
9,6244	-24,8775
-1,9756	-18,5206
12,6392	-20,2900
7,8545	-15,1125
-2,7620	-10,2631
-3,1555	-6,0686
4,3812	-10,7218
-5,2527	-18,1270
10,5413	-11,5079
-19,4084	-3,1194
-1,9104	-0,2359
-8,1362	-18,5203
4,5775	-16,8161
-11,2819	4,8104
1,8251	-11,5735
-6,1700	-4,4298
-3,4833	6,9077
-7,2840	7,8253
-5,8424	2,8445
-1,3859	12,3473
-14,8209	6,7113
7,2648	17,9834
-23,2096	7,2356
-5,3181	16,6729
-11,7409	19,1631
-9,6438	7,6944
-24,1926	8,6121
-6,4327	12,4130
-24,5858	21,9156
-10,4304	12,2817
-16,8527	3,6312
-15,6076	9,0707
-13,5757	13,2647
-15,9353	-7,2478
-7,5464	2,0583
-15,0176	6,7111
3,7913	5,1383
-11,9374	-6,5272
3,8570	-14,7846
-6,8253	-9,9349
28,4985	-6,8550
1,8910	-20,4209
34,6590	-19,1100
17,2265	-4,4301
23,5178	-3,3816
13,6878	-4,0369
19,3236	-10,4594
25,2220	-19,4375
11,2625	7,9564
12,9669	5,0070
-0,0752	-16,9471
15,7847	4,0244
-4,9250	18,3109
1,1046	-3,3814
-8,0706	-11,9663
14,8670	7,1700
-13,9689	13,7889
8,1167	-2,1362
-0,7308	-7,5756
7,3955	1,7304
-13,7068	-6,7237
-6,8912	-9,5418
-18,2943	-6,3960
-22,8818	3,1065
-9,0536	6,7108
-7,2844	-18,7825
0,5146	-17,2094
-10,8889	10,0533
-7,4151	-1,4810
-16,1972	-4,4299
5,1023	7,8908
-6,6289	7,0389
9,7551	6,1214
-12,1339	4,4175
10,2793	0,1578
-5,3838	19,7529
-3,3522	11,6263
-4,4661	-7,4444
-1,9761	-4,7574
-4,0074	4,4176
-12,3306	2,7134
0,3181	8,0873
-2,2381	-6,9202
5,1022	9,0049
-15,8039	0,2229
7,9203	-12,6874
-10,4955	-3,0537
6,8716	3,3685
-6,5632	-16,6854
18,4059	-30,1856
-7,4808	-11,4424
5,2333	-8,2970
11,3937	-30,9722
18,2091	-15,5710
-0,5992	7,4317
11,5247	-1,7432
14,5397	5,7279
18,0128	-12,9495
21,1588	20,2773
6,3476	25,8474
33,2830	10,3159
15,7846	21,0638
25,6809	29,1247
12,1148	29,1247
44,7515	18,6393
12,8356	23,2923
37,3460	28,1420
7,4617	43,4117
19,7823	29,4524
10,8696	27,7487
20,2410	37,5134
3,5952	23,0299
14,0807	16,5421
27,1224	20,9984
6,5440	25,5203
12,2460	29,5835
8,3136	10,9713
30,9892	15,0347
14,3428	25,1270
30,3993	11,1679
17,8818	15,9521
32,1687	26,3721
15,1293	17,6558
16,1779	12,7406
3,0709	0,7476
11,7868	12,7406
5,4956	11,5609
7,0681	-6,0026
7,1338	-4,0365
-5,7771	10,1192
3,9882	8,1529
-4,4009	-8,8207
-3,1554	1,0751
-17,7045	6,8421
-10,1677	-0,5634
0,0557	-14,3915
0,9732	-18,3235
-14,0345	-0,0393
-1,5172	-14,8503
-9,5123	-14,7192
12,9006	-18,7169
-20,3259	-9,8040
-10,8232	-5,6098
-5,4492	-6,3961
-5,0562	-2,5295
-10,5609	8,8082
-2,5001	-0,5634
4,6434	3,1068
-7,9397	4,4829
9,9519	5,7938
-13,9033	13,0027
16,7677	1,4029
1,7597	12,8063
19,5200	23,0952
8,1168	14,5755
22,9278	3,3690
8,0514	14,1824
16,3743	2,7135
5,2991	-12,5563
15,7191	2,9757
10,9353	4,6139
21,0931	3,1065
12,2460	-1,6775
10,5419	3,4999
30,9891	5,3348
0,9082	-4,7577
27,6470	5,4005
19,3893	-4,1677
36,1663	1,4684
9,4279	11,4298
39,3121	-4,9541
11,0663	11,7577
22,7316	13,3303
22,9940	-2,9224
32,3652	-0,4319
28,4334	16,8038
17,9474	18,1145
16,9647	9,5949
28,5644	1,4028
29,2197	4,7452
19,1927	14,5755
37,0185	-9,3452
19,7169	-16,1607
29,2853	6,5801
26,2052	-4,5612
34,3971	-9,4107
25,3534	-7,2479
42,3268	6,6457
28,1058	9,5947
38,8533	16,2138
24,9601	-2,9881
20,6999	16,2795
23,1250	-0,2357
11,1971	-4,3641
16,1780	2,9103
-8,0704	8,2185
17,4887	12,6749
-17,5077	3,3688
19,1270	-12,8838
-1,3860	17,2625
9,5586	14,0510
0,3836	2,3858
12,2455	-7,1822
-1,3203	13,1992
8,9688	8,0219
7,4616	-0,0390
3,1359	0,8129
4,6436	-5,0198
-3,4175	4,0897
5,2990	-8,1000
-0,5340	-6,0028
4,5126	-6,9860
-4,5316	-10,4594
25,4184	-9,6074
7,0682	-4,3646
24,5009	2,1234
4,4471	-16,8166
33,8070	-18,5202
9,8209	-6,5272
20,4376	1,5991
8,5103	-0,3670
17,6850	-3,5781
-3,2862	1,4028
10,8037	18,8352
7,1994	-2,1363
-0,6653	-0,1043
3,3984	16,5415
-5,9081	13,0026
8,7067	4,6141
-11,4786	9,5292
15,2602	4,8106
-14,6898	11,2986
13,5562	-6,7893
-8,2672	3,1722
18,6679	17,7865
-1,4515	-7,4449
5,4296	-15,3743
-7,2840	-11,1802
4,0535	4,2208
11,3282	0,7472
9,0341	-13,4739
3,6605	6,4492
-2,9587	20,4080
11,7214	1,7960
-5,6458	2,3206
17,6851	30,4354
-12,3961	23,8161
7,4615	33,5811
-7,9397	24,9960
6,8714	20,5397
-28,8456	40,6591
14,6703	25,4547
-5,4493	18,0495
-9,3161	36,3337
-17,7697	19,8186
-5,5148	9,3331
7,2649	13,5272
-6,3668	19,2287
3,1363	13,7891
8,5099	8,4152
16,1777	2,4514
-6,1700	8,9394
9,8210	-2,2673
4,2502	-4,6920
11,7214	0,4197
5,6266	9,6603
27,8430	2,1890
5,1679	-8,4932
23,3866	0,4854
5,4956	13,0682
20,0443	5,0727
6,0199	6,9734
11,2626	11,5609
1,3670	3,2378
-2,1723	4,5486
12,5736	8,6773
3,2672	11,8230
25,1564	20,6702
6,0197	1,8615
33,6760	-2,3982
5,8232	10,7744
30,3993	2,3857
20,4379	-1,3498
26,0084	-5,8063
14,8019	-5,9374
23,6491	-8,9521
24,5667	-25,1394
35,7730	-15,5712
23,2558	-7,3139
12,1803	-12,0981
24,5011	-25,0085
14,0808	-32,7417
12,7047	-15,3747
2,8086	-20,1589
24,5666	-28,8750
7,1993	-19,7000
14,9981	8,6114
4,3158	1,4022
16,5709	-12,2944
-0,9928	-1,2844
6,0850	7,7596
-12,6579	3,3687
3,0704	-12,0320
-7,2841	6,4493
-3,9418	13,0681
4,2503	5,6626
-0,5342	-0,3010
-5,3833	12,1507
-2,3035	-0,0389
0,6458	14,1823
-1,3205	3,1067
17,8159	0,4854
-19,2118	15,1653
7,1338	9,8568
3,6600	12,0853
0,2522	13,2647
-17,9009	6,4489
7,7232	-7,2479
-16,0661	-6,1337
-9,2506	-2,2017
-18,6875	-9,2797
-20,6538	-15,3744
-24,0613	-13,5395
-25,0447	-6,5274
-8,7261	-19,7002
-35,1371	-27,8920
-3,2210	-13,8674
-13,4449	-11,5738
-1,4516	-14,0642
-18,8185	-22,6493
4,7743	-21,0764
-15,1486	-8,6901
-6,4324	-9,7387
-3,2209	-26,9088
-1,5829	-2,8573
-9,3157	-5,4787
-12,0684	-1,0222
7,6582	-11,5734
6,4127	0,4853
19,1268	15,6894
-0,4029	-3,1849
24,6318	-5,4784
1,9563	10,6434
8,4445	5,9247
-15,8038	2,5824
3,9881	-7,9687
-12,3959	3,4346
12,3763	17,0004
-14,3619	10,1844
2,2839	-7,8376
-0,2063	1,5996
-1,7137	7,1043
3,0708	5,9247
3,2016	-5,0853
13,9498	9,3325
4,1191	-4,9544
17,9474	-6,1994
-4,1384	-4,9544
4,3815	1,7303
-0,6649	-14,3915
14,6704	-5,9374
-3,0243	-5,4131
10,2793	-3,7746
-7,2187	7,1041
3,7913	-10,1316
-3,0899	0,4853
6,5436	8,2184
-8,7915	1,4683
-13,1170	5,6626
-8,1361	7,0389
-21,4402	6,5145
-8,5948	7,0388
-26,8141	-6,0028
-6,5635	-2,8570
-29,0423	3,5653
-1,9103	-3,9058
-21,4401	-7,7068
6,0850	-4,6266
-7,5466	5,6625
5,2330	-3,7092
-7,8740	-6,9201
-1,1896	4,7450
-14,4275	9,0050
4,4467	15,7550
5,9540	5,4006
-2,4347	4,0897
7,9202	-8,8206
-11,8717	5,0073
9,2309	7,9564
-6,6288	13,1991
5,5609	3,0411
-8,0705	-7,4445
11,8525	7,6287
1,3666	11,3641
13,4251	6,3177
-10,8884	-8,7552
11,2627	-2,5949
8,9687	2,2547
4,3811	8,7426
1,9567	-6,9859
5,2331	0,9441
1,8255	13,4613
-6,4323	0,2230
8,0514	-8,4275
-15,0175	2,9757
8,4446	8,5460
-8,9226	5,2038
8,4445	-5,2163
5,7575	-4,1021
20,8963	6,5802
-3,2208	4,6794
15,0637	-5,8715
1,3669	8,6774
13,2286	7,6287
6,0201	9,0705
25,8114	6,0559
11,0006	21,7189
7,5271	15,9517
13,3599	-0,3012
-0,6651	-2,5292
15,3914	7,8253
-15,5418	6,0558
3,2671	12,5438
-14,4933	6,5801
4,3154	15,0999
-16,7872	19,6216
-12,1341	0,0267
-20,7193	3,8935
0,0554	21,4569
-27,4695	21,3257
-11,0199	-11,7696
-5,7115	14,5103
-9,4472	26,2409
-13,3790	8,8084
-12,1339	4,4831
5,2333	9,5949
-9,4470	29,2555
7,5270	4,8761
-5,2526	-1,7427
8,9033	12,7406
-2,0414	13,5270
9,2308	10,9057
-1,1893	16,2797
17,6193	24,4060
-11,6095	21,5225
5,0365	18,3766
4,4469	5,5973
7,3957	20,9325
-4,4003	11,2987
-3,6141	-3,3157
13,8840	-11,7698
-13,2480	13,1993
7,7237	4,7448
-8,6604	-17,6026
16,7674	-6,0028
-15,4763	12,4781
1,8254	-4,2993
-8,6606	-16,4230
5,3641	-8,9520
-10,2990	-9,5419
0,3834	-1,8086
-15,2796	-8,1656
-0,3376	-6,9859
-12,1994	1,8614
-9,2504	-18,3892
-9,5779	-13,5393
-13,5759	-4,4956
-11,6751	5,2691
-19,6707	-9,8042
-0,1409	-21,1417
-20,7194	-13,6705
-6,2358	0,0918
-9,3160	-14,6538
11,4587	-20,0274
-22,0956	7,8252
4,5776	0,9438
-13,3137	-2,7916
-1,5828	-1,6774
-13,4445	11,3643
1,1043	16,8037
6,1509	9,6603
8,5754	5,0074
14,0153	19,9496
1,2357	9,5948
24,1079	6,9080
15,1292	5,1385
23,3871	14,9033
17,2921	12,2161
33,9382	-5,6095
15,5227	-6,9201
39,2464	19,6872
9,6244	8,8736
13,5565	-12,2285
20,3725	-3,3812
12,6388	7,1699
14,0154	10,6431
8,6412	-8,4277
17,7509	-18,7167
9,4931	0,6818
6,4787	-5,8065
-0,0094	-19,5033
26,4014	-11,2458
-1,2547	-11,1150
16,5713	-21,4041
13,8186	-20,0934
26,8603	-9,9352
15,8504	-12,3603
27,5157	-13,6708
25,1565	-27,5642
26,7946	-15,3744
20,5036	-7,1827
22,7313	-14,7192
17,7509	-7,1825
11,8524	0,3541
8,9691	2,7788
4,5779	-8,4278
4,3814	-9,6727
-11,1508	14,5754
8,6413	1,2715
2,8083	-1,8740
5,3642	15,0998
-14,7550	12,8715
20,4375	10,2501
-9,8400	7,3010
4,5778	5,5973
-5,1214	28,4692
3,4636	7,8908
1,8253	14,7725
-1,3862	29,1902
-4,1383	33,8431
-16,2627	26,1101
-3,2863	21,5881
-6,8256	13,7240
9,0997	47,6713
-23,8649	27,0928
11,9180	-1,7425
-4,9905	26,5033
4,5123	22,8331
-9,3811	17,1314
22,2069	7,9566
-0,7305	12,1508
15,6534	19,6218
-1,9099	11,1022
10,6072	5,4662
13,8843	22,7677
6,2163	17,5902
11,3282	9,9882
-2,2378	2,3861
19,7824	15,6244
-3,6143	25,7822
12,1802	-5,5440
-3,8763	2,8450
15,9811	19,3596
0,1214	5,9247
9,0341	2,8446
-2,6311	-0,4323
7,5923	-2,3327
-4,4661	5,4657
-3,7454	-17,2097
-3,1553	-30,4477
-15,0176	-11,1803
-0,9269	-14,2607
-6,8258	-23,1079
-5,6455	-16,4233
-18,0977	-7,9692
-3,5485	-10,5906
-10,9543	-12,1634
8,5754	-17,5371
-10,3645	7,4320
13,0318	-5,0198
-6,5633	0,5510
12,8351	10,2502
-11,2163	12,8061
4,3156	6,2526
-6,5632	2,7136
-6,1045	2,7790
3,3329	0,3543
-0,2064	-4,4299
2,0878	0,0921
-3,6143	13,9200
6,9374	8,8737
-4,5316	-1,6774
14,0151	8,9395
-7,2187	6,5802
2,9396	14,1824
3,3982	-5,4128
7,9201	13,9861
-3,4175	31,1562
7,3303	3,6967
-6,6287	17,5905
2,6117	16,9350
-3,2863	17,0660
-2,3034	18,0490
4,9057	12,6751
4,7088	9,2016
6,6095	18,2456
-14,6898	15,2308
13,1632	1,0098
-10,4301	20,1463
13,4907	26,8961
-21,8332	8,2841
7,7236	9,2018
-3,2867	9,7915
-2,4346	16,9350
-11,6095	8,7428
1,0388	3,1725
-7,2185	16,1485
2,4150	14,1167
-4,8591	-0,8255
-6,1045	-9,8692
7,7238	-4,1677
0,9078	8,3495
15,0638	-5,9374
5,2332	-3,4469
19,7823	11,8883
-7,9395	-3,6437
26,0082	-6,0028
-4,0073	-5,0198
10,6071	5,4661
-6,9563	6,1869
13,0318	-2,9224
-11,3474	4,5487
-10,8887	23,5540
-13,3788	22,7676
-8,7261	10,3814
-6,4320	10,5780
-2,7624	21,5880
-8,8569	26,5031
-12,7237	7,0390
4,1191	0,9444
-8,9881	21,2603
14,7359	14,3133
-2,6968	3,6967
6,8060	9,2672
-6,6943	7,0390
1,1698	9,2671
-9,5779	-1,0220
0,2522	-4,0366
-7,7429	2,7135
2,3493	-0,8910
-17,5733	-1,8740
-11,5441	3,0411
3,0050	0,4196
-13,3136	-8,2966
0,5147	1,3373
-9,5780	5,7279
13,6218	0,6818
-3,4832	0,9439
10,6071	-2,0051
-17,0490	6,2523
3,0050	1,5991
-1,5171	-11,1801
0,7109	-10,0004
-16,2625	-4,2335
-8,5296	0,4194
-8,1361	-31,0375
-14,5590	-8,7552
-13,9032	0,0917
-10,4301	-8,6245
4,1846	-18,8479
-0,1411	-9,5418
-2,4346	2,3855
-12,1339	-6,6583
6,2817	-9,2796
-1,3206	7,8253
7,0025	7,4975
-5,7112	-6,7236
14,8014	-2,1360
6,8716	20,7358
1,7597	3,8276
0,5803	0,7475
14,0804	-8,0342
2,6119	6,2525
-4,4663	12,0196
0,7770	-1,8085
-2,5002	8,7429
-2,3689	15,2963
-12,7892	14,1167
14,3426	5,2038
-5,7116	7,8253
2,1529	11,0365
-17,8355	1,7959
3,5947	2,5826
-2,1725	-7,7067
-5,6459	4,3519
-12,1992	-3,5780
1,1698	-10,0004
-7,3496	-3,7746
-3,6798	-0,8911
-6,4975	4,4828
-1,8450	-4,6268
-9,1846	-12,2287
-14,2966	11,9539
2,3496	6,7765
-15,0175	-6,9858
3,6602	14,7066
-10,0367	17,6555
9,6894	4,3520
-6,3014	1,2064
12,5728	14,1826
-22,1609	21,6535
-5,2529	2,6483
-23,0130	12,4132
-21,0470	23,4230
-13,9036	10,3160
-20,7194	26,3722
-12,2652	13,7892
-36,6446	11,2333
-10,4300	19,4252
-26,2900	3,0412
0,1867	-5,8059
-24,3238	7,5632
-0,3375	20,8013
-2,8280	-2,9227
7,1333	11,1022
-9,2505	4,1553
-10,8890	2,6481
-5,1216	6,9080
-8,0710	13,3304
-9,1193	10,2501
-15,3455	8,8084
-17,7699	-1,2185
-7,9399	-1,3497
-20,1293	8,7428
-18,3599	-0,1703
4,7742	-7,9033
-10,2993	-4,2334
-5,7115	4,4828
-16,3939	0,1573
11,3933	-10,2626
-12,1996	0,2230
-1,5827	-8,3623
0,3835	-8,5588
12,5729	-2,2020
-5,9080	-8,7555
-7,5463	-15,4401
-0,0750	-12,6220
-0,0753	-12,4909
3,2017	-3,0539
-6,6289	6,3833
6,9373	-9,5419
-3,3520	-9,1485
11,9834	-0,0391
2,4152	12,4782
13,0320	-10,5249
2,2842	0,8131
12,6387	12,6749
-0,1408	-4,9543
13,8182	-4,4952
-9,7745	-0,3666
-12,0685	9,3328
-9,9710	10,9710
4,0532	8,6773
-5,6459	2,4515
-20,7193	18,4423
-8,1360	6,4490
-23,4063	2,1239
-1,1892	12,0853
-14,9521	16,7382
1,7597	12,7404
-4,8594	0,1576
12,7697	1,5995
-4,7282	9,1359
16,7674	-1,8742
8,5101	-5,4786
14,6049	-4,5612
2,6121	-6,3961
15,3914	1,7957
14,3429	-10,7871
3,0706	-3,7091
19,6514	11,6261
-4,9902	-17,5373
22,9937	-15,4399
3,8569	7,7596
7,1995	-0,4326
-3,6795	-17,4063
21,2895	-19,8964
-1,2549	-2,3329
5,9541	5,0725
-1,5170	-18,5202
12,3108	2,5170
-15,1484	15,6894
-3,4175	6,5800
18,8647	3,0412
4,5120	5,4661
-2,4998	13,3959
-0,2717	6,6457
27,3189	-4,7575
-2,3690	2,1895
17,1609	12,6750
-0,0095	5,7937
19,7168	7,6288
-2,6310	3,7621
28,9573	10,3812
3,9881	7,3009
13,9495	-2,3983
-0,6648	6,5146
11,6556	15,0997
-6,9564	14,9684
1,8252	0,2888
-3,9418	9,4638
-20,1949	15,8862
-1,7789	11,7574
-7,0878	1,9928
-0,9272	5,8595
-16,9182	18,1144
-2,8278	8,6116
-4,8595	3,7622
9,4272	7,6943
-16,0661	4,2207
20,6339	-14,3913
-6,6946	-5,1507
6,0849	2,5168
-13,1168	-5,2165
9,2963	-10,7870
-5,1214	-1,0220
4,3157	1,0750
11,2626	-6,0685
-5,7770	-10,5247
7,7239	0,8129
6,8715	0,3541
13,4253	8,4804
-12,9201	-16,9474
20,1100	1,2717
0,7768	-3,9714
13,2287	-1,3500
-8,2014	-21,0106
20,5030	-3,9057
2,2186	2,6477
3,0049	-11,3771
1,9565	-12,3599
-7,7430	-8,4277
5,6265	6,3178
-8,9228	-9,6075
-3,2863	-21,4036
-3,8766	9,9224
5,6918	-5,6098
-11,8718	-28,8747
6,2162	-10,3280
-20,3259	9,2669
10,0173	0,8127
-4,2041	-11,6390
9,5584	-12,4253
3,0705	17,9177
4,2499	-5,4132
-2,1067	-3,9711
17,0294	-0,9565
2,9394	-3,1190
-13,5757	21,1291
-0,8614	8,2841
2,0217	1,8617
-2,5656	18,2457
-29,9597	17,1314
-1,3203	5,7940
-19,5397	22,8333
2,1528	21,9157
-21,8334	10,1194
4,1189	11,4959
-14,7554	28,1418
-2,9589	31,2874
2,0220	23,8820
1,6940	13,7896
3,2674	13,7896
6,5439	20,0154
23,7801	19,4255
6,0196	15,6244
16,8335	18,1147
14,9327	26,3720
30,0062	5,4005
10,2796	-11,1798
30,5960	11,6921
11,3937	0,2886
25,3531	-4,8231
7,0029	-14,9811
26,7947	1,2716
-1,5823	-1,7433
15,8500	-11,3115
-2,8931	-25,0084
1,6941	-10,3284
-12,6580	-10,4598
-7,5465	-29,1373
-5,3180	-14,7849
-11,9376	-18,4551
-13,7066	-13,2776
-14,8211	-24,7463
-3,3522	-17,1439
-28,3214	1,0093
1,8252	6,4487
-17,7047	-4,4300
9,7548	3,9588
-16,7216	10,0535
-10,2991	-7,5755
-11,5440	10,6436
10,9999	7,6288
-8,9226	16,0174
-7,2189	3,6310
0,4492	-2,2014
-0,9275	10,9712
-11,3471	7,4320
-4,9249	-1,8739
4,9710	2,9757
-15,6072	13,0683
18,9303	11,2331
-3,4177	-2,2672
4,0536	-3,2501
-8,6603	9,5949
17,7505	6,3179
-5,4491	3,0411
12,9663	6,2524
4,1192	8,6771
-0,0753	4,4174
4,5780	1,8614
-3,2211	-6,9858
1,8255	18,1799
-25,4376	6,5799
-7,0218	-7,4447
-7,6122	-3,0537
-4,1385	-4,0367
-15,2143	5,6626
5,6917	-3,9056
-20,7193	5,8593
0,3833	18,5076
-17,6391	7,7598
3,1357	-10,3279
-9,9059	8,2843
-9,6437	21,3912
-6,9566	5,0729
-7,4157	-4,8883
-10,8233	14,2480
-23,0131	21,1947
-12,0685	3,5000
-28,2562	-0,4319
-18,0977	17,0005
-30,6154	6,0556
-15,4108	-10,2625
-21,1781	-8,9518
1,7596	-0,6945
-18,5566	-7,5104
8,8376	-15,0469
-6,8910	-15,7679
12,8353	-10,5906
6,0853	-10,7217
9,7552	-18,3893
12,3114	-15,3092
10,6727	-8,6900
5,6268	-4,2337
16,5710	-19,6998
18,0130	-13,5395
7,8547	0,6816
22,1417	-15,9645
3,8570	-6,1338
15,5225	-1,8087
-1,3857	-0,3668
24,3042	0,4850
5,8230	-9,4108
9,5586	5,0071
-8,2014	5,0070
11,1315	-0,6946
12,5077	-7,1825
-1,4517	5,0070
-6,8906	4,4170
-11,4784	-10,8527
6,9373	-9,4763
-9,1850	3,4999
-1,6480	10,1188
-6,9567	-10,9837
-6,9566	0,5511
-19,7362	14,1822
7,3957	10,1845
-21,1125	-1,6774
-3,8110	-0,3010
-19,6051	8,8086
11,0656	11,8228
-22,6199	-12,6219
-11,2165	-3,3812
-11,4786	-2,2018
-21,2436	-3,5782
-13,3789	-17,7338
-13,9692	-14,3259
-2,7622	-11,9012
-22,2265	4,4827
11,0659	-15,0470
-6,3014	-15,7676
11,7869	10,3811
-13,8377	-2,7917
16,4401	-5,8060
8,6412	13,6581
17,8161	15,6897
4,1848	16,0829
17,6194	11,5610
-6,2355	14,7068
2,3496	16,4762
2,5464	13,3961
-1,5827	11,2335
2,9396	20,0807
-11,3474	27,0274
17,2920	18,5733
2,3495	2,4516
12,7044	26,9620
-4,5316	26,5685
18,5371	10,8401
6,5440	1,6652
16,1121	12,2163
3,6604	6,7770
7,5269	13,5926
-4,0072	3,3690
5,8229	6,2525
-7,0218	19,4908
-3,7452	9,1359
12,1146	6,8423
-14,4278	16,4104
-9,0533	8,8081
-9,1847	-7,6412
4,7090	-6,0683
-5,8424	5,5313
16,8986	-13,3429
1,7597	1,5993
11,1315	-3,8403
5,8887	-9,5420
25,9424	-15,8333
7,9204	-13,5395
15,9156	-2,0708
6,5442	-15,8333
12,4422	-6,8550
18,6028	-10,9837
1,8908	-17,0129
0,9738	3,8929
8,2479	1,5989
9,1000	-24,6152
-8,5948	-2,9226
14,2118	1,2059
-8,5947	-5,8065
21,6173	-17,4717
-1,3204	-12,4254
10,5416	6,6454
-3,6796	-19,2414
14,6702	-18,5857
-12,3960	-7,7725
-12,5927	-20,7486
3,6604	-16,9475
-6,0394	-11,9013
-1,9756	-12,8188
-1,3863	1,0092
-5,7113	-19,7001
-14,1655	-18,1924
-0,4684	-1,4809
-18,5564	-5,5442
14,5392	-10,6559
-17,9666	3,1723
3,3981	-3,1849
-22,6197	3,4343
5,6919	-8,6242
-10,0369	-4,7576
-3,2867	-3,3814
-0,4030	-4,1023
-6,8258	-8,6898
-8,2016	1,5993
-11,7407	2,5822
7,1993	-4,6267
0,2524	-5,9373
16,3089	5,1383
1,4976	10,4465
20,5690	-1,8085
13,8841	1,4030