-10,0623	-21,1813
1,6028	-44,0529
-17,0092	-29,8316
-17,1404	-33,0431
-20,8757	-39,7931
-27,8884	-25,1787
-14,7810	-50,4757
-37,6534	-42,0213
-25,0701	-32,0602
-36,2771	-55,3909
-22,7110	-38,4824
-42,7651	-32,0604
-16,4851	-44,5119
-33,5246	-26,2273
-18,2546	-32,5844
-32,2791	-27,6689
-12,1599	-10,6298
-30,3785	-22,1638
-25,2015	-9,6464
-23,3005	-9,6465
-22,4490	-23,8020
-9,2760	3,1988
-29,1991	-6,6974
-11,8973	-21,6392
-25,8567	1,2327
-8,1617	-8,6632
-17,9269	4,5098
-14,7154	3,0676
-22,4486	-8,1386
-14,1257	19,3208
-25,2011	9,6869
-12,1596	0,7087
-18,7786	7,7863
2,4547	-11,4156
-22,6453	-5,2552
-23,1041	-7,7459
-9,4069	-39,9238
-12,4874	-6,3040
-38,1114	-16,3315
-21,6620	-35,5987
5,5354	-33,5672
-14,3878	-38,5480
-7,9649	-31,0768
-14,9117	-17,5768
14,7103	-47,7887
-19,9580	-26,4238
9,8609	-23,9994
-7,8996	-44,7084
0,4891	-29,3730
-3,7051	-43,7255
8,4187	-28,3243
0,0303	-37,5651
-12,7494	-51,3274
-4,2293	-25,1786
-20,8757	-28,9144
-2,5910	-43,2663
-22,9075	-13,9720
-1,2804	-24,9167
-26,3808	-23,8677
-7,0477	-9,7777
-19,1063	-33,3050
7,8943	-21,6394
-21,1380	-11,1539
-5,8026	-33,6979
-6,1303	-6,8282
-13,5361	-16,5278
-23,8247	-29,3069
-5,5407	-7,2868
-14,5844	-20,7219
-33,8520	-1,7820
-9,8001	-9,7778
-23,1698	-37,1713
-11,8318	-15,7413
-35,8837	-14,2999
-8,5548	-43,5288
-21,7279	-30,0281
-4,2297	-36,3199
-28,8709	-34,7470
5,6007	-42,1527
-5,6058	-53,4246
-0,9530	-29,5697
0,8823	-39,4005
-8,4897	-52,5073
-13,1422	-33,8297
-4,6230	-52,9663
-6,7855	-49,6895
-22,2521	-44,9709
-4,0985	-60,5029
-28,2159	-45,1019
-13,4045	-52,2457
-33,5897	-73,0202
-16,8780	-48,1822
-21,5967	-58,2750
-5,9992	-77,4766
-15,3053	-64,1731
-6,5236	-73,9379
-26,9050	-58,4715
-17,7957	-73,8070
-11,8319	-94,5162
-27,2987	-66,9255
-30,3129	-70,7270
-45,1901	-76,3630
-43,5514	-77,9360
-52,7923	-96,6790
-48,2048	-64,3699
-70,2906	-72,3657
-50,3021	-95,4995
-79,4657	-71,6444
-61,6400	-74,0696
-75,2716	-101,4632
-68,7181	-70,7270
-84,3810	-86,7180
-76,1893	-86,0623
-82,8081	-80,2299
-82,0222	-102,5774
-77,3033	-82,0647
-92,0491	-72,8244
-79,3349	-96,4828
-97,4886	-82,5235
-89,0343	-94,6480
-101,3552	-95,8927
-81,3013	-86,5215
-108,4987	-115,4227
-89,7555	-93,9269
-117,1495	-101,4641
-102,0764	-126,1052
-108,4334	-102,4471
-111,8414	-124,3363
-113,5452	-126,5643
-116,8879	-135,4774
-114,3317	-147,7325
-125,7354	-132,8561
-117,8707	-135,4122
-136,6799	-154,1553
-119,9679	-152,1893
-145,9861	-156,3839
-136,6142	-170,8014
-161,6491	-160,4471
-147,2967	-177,4209
-177,7710	-167,5907
-147,3625	-176,2416
-174,2978	-194,3294
-168,4653	-187,3827
-173,7736	-198,9828
-170,1040	-205,6672
-179,8686	-210,1240
-185,3085	-229,2601
-183,9977	-202,3905
-204,6418	-193,4781
-207,5251	-216,9396
-223,7129	-194,0018
-218,0767	-183,6477
-249,0753	-201,0143
-227,4485	-182,9263
-259,4958	-200,6865
-230,2014	-198,9824
-262,9039	-191,3149
-248,0272	-199,2447
-261,3966	-186,9895
-248,9451	-198,6552
-261,0691	-223,6242
-264,2150	-203,3081
-276,2078	-214,3841
-278,3052	-237,1904
-266,0498	-216,0227
-283,8759	-250,1669
-267,1640	-228,7365
-288,3978	-239,8128
-272,6035	-278,6096
-291,4781	-252,0022
-270,4411	-261,3087
-318,2823	-277,5615
-294,2307	-272,1223
-311,5324	-296,4361
-305,3723	-288,8993
-323,1325	-271,4019
-325,9510	-325,7308
-335,9778	-291,5209
-345,2188	-306,4635
-346,6603	-317,6042
-347,5783	-302,9245
-346,4638	-320,6193
-369,5984	-306,2668
-357,6705	-311,5101
-373,9892	-338,0519
-359,8990	-321,2747
-389,8490	-321,5372
-375,4312	-345,8508
-404,0703	-326,0590
-383,5577	-336,6107
-394,3058	-346,3097
-385,7863	-350,6352
-394,1092	-370,9513
-397,7795	-347,0307
-395,0922	-350,7011
-396,3377	-361,1210
-390,1770	-352,4049
-398,5004	-364,2014
-398,3033	-348,8004
-400,8594	-357,3856
-386,3104	-367,6744
-397,1893	-330,0569
-379,6912	-337,2007
-394,1091	-351,1592
-366,8463	-318,4569
-387,1623	-326,0592
-381,1331	-317,3427
-385,0648	-313,4106
-371,1061	-335,1682
-367,6978	-303,3832
-370,5162	-302,9903
-363,8966	-324,4200
-366,0596	-282,7391
-366,1902	-278,6108
-358,5883	-302,7931
-354,5249	-277,2996
-360,6198	-286,6712
-345,4809	-276,4474
-371,1708	-264,4546
-325,8201	-288,1127
-345,5464	-259,8666
-338,2718	-266,1583
-332,6354	-278,6098
-317,5625	-255,1481
-327,5235	-267,3377
-323,3294	-247,2181
-312,4499	-246,1698
-312,2537	-265,1093
-307,5347	-225,5254
-310,5495	-242,2375
-284,9246	-255,2129
-293,1824	-215,0395
-280,3371	-214,7121
-307,4033	-228,8020
-265,2636	-211,3693
-288,6600	-234,8310
-257,9892	-202,5216
-270,3754	-196,7549
-262,3800	-222,2477
-270,1130	-188,8898
-253,9912	-191,2494
-238,6556	-186,3338
-246,9789	-175,9792
-236,9514	-191,3799
-249,2723	-146,2911
-224,0406	-149,5684
-229,2183	-173,4883
-216,9627	-135,8709
-232,4293	-151,2063
-201,6273	-154,4171
-222,9921	-125,9093
-205,2972	-135,0188
-212,1784	-121,7802
-199,3334	-117,2585
-216,2415	-132,5934
-199,3332	-111,2286
-201,5613	-94,1896
-196,4497	-105,0026
-185,4393	-98,5145
-200,4472	-99,0387
-182,4900	-79,6401
-187,6021	-87,9632
-168,0722	-96,4170
-189,6992	-80,4919
-172,0696	-82,0650
-167,2203	-100,5457
-155,8171	-73,8071
-165,7783	-82,7202
-153,0645	-85,6035
-161,1249	-75,5766
-139,1053	-102,0528
-150,3770	-56,7021
-142,7750	-71,7101
-143,8233	-80,4260
-143,7578	-54,7359
-126,1285	-76,9528
-139,0393	-69,1535
-116,1668	-44,6435
-144,4129	-66,2046
-111,3170	-48,6407
-131,6332	-42,6773
-102,0764	-66,5320
-107,3847	-31,4047
-88,1828	-43,3981
-107,5811	-50,6067
-78,9421	-48,7717
-91,6558	-50,8688
-92,1147	-30,8149
-82,3496	-45,2330
-94,4741	-46,0847
-90,4105	-28,7178
-94,0152	-45,1674
-79,1384	-50,8032
-98,2094	-27,4070
-74,9441	-41,4972
-95,4569	-40,8416
-74,0265	-29,5696
-92,8353	-38,1548
-72,3880	-15,8069
-82,7426	-23,1473
-73,0435	-34,4845
-82,9391	-12,7923
-68,0627	-32,9772
-67,8004	-25,5059
-74,5508	-18,4283
-63,5404	-36,1884
-63,6063	-5,9764
-53,3167	-21,7709
-62,2298	-40,1205
-38,1778	-8,0738
-64,3267	-28,5212
-32,6070	-35,5331
-49,1222	-15,2173
-17,9926	-34,9436
-48,0078	-17,1176
-17,4682	-24,6544
-34,5073	-32,9115
-13,3395	-6,7628
-26,9052	-13,8408
-16,2886	-17,4449
-21,0725	2,2813
-22,3834	-4,8623
-18,9097	-10,4325
-28,4126	-4,4034
-10,1280	-31,2074
-33,1968	2,8057
-19,8927	-9,1222
-31,8860	-32,8458
-19,1720	-4,3378
-35,3594	-22,6881
-26,0535	-1,9786
-34,4419	2,8707
-20,8762	-22,0327
-42,7650	-3,1582
-25,1360	5,1646
-29,1992	-12,3987
-39,8162	5,3616
-33,9831	-7,5491
-42,9618	7,9831
-30,1820	7,7207
-40,3404	-6,0415
-33,4588	26,2677
-43,4204	20,6967
-18,7132	-13,3159
-30,0511	11,9810
-23,6940	0,7085
-22,9074	4,5098
-9,5383	11,6528
-19,4340	-9,3840
-9,0140	-2,6994
-17,4023	4,3126
-9,9971	-33,7635
-26,7739	-7,8768
-18,5821	-18,4284
-16,8126	-33,2394
-40,7988	-20,7220
-15,6983	-24,0645
-27,8228	-20,3944
-18,2543	-20,3946
-30,3786	-38,7443
-8,0963	-6,1731
-23,8248	-23,2126
2,9137	-37,3680
-16,3537	-21,5084
-0,9528	-29,3072
-13,0113	-16,0034
-9,2103	-12,8578
2,5207	-28,8484
-14,2568	-10,8260
-5,9334	-16,9210
-14,3879	-26,9476
-3,3776	-4,9277
-11,6354	-23,4744
-20,1548	-9,9738
-28,4778	-0,0781
-3,2466	-23,3433
-24,0215	-2,5028
-3,6399	-5,1246
-19,4995	-23,8019
1,9960	-7,4836
-22,2520	-17,1830
-6,5891	-1,8474
-12,9458	-2,5031
-3,6400	-29,8313
-8,2273	0,2498
-12,4216	-3,0274
-6,1298	-25,3748
-9,3415	-11,4156
-0,2972	-15,7412
-21,6620	-18,5590
-6,7853	8,1795
-16,9436	-7,2216
-12,0939	-0,2091
-22,9728	-7,6805
-8,4241	-26,6854
-21,7277	4,3129
-8,0310	-10,8263
-32,8687	-31,0108
-16,0262	4,7061
-13,7978	-22,9502
-24,8737	-13,3162
-9,0792	7,9827
-15,4365	-20,8530
-9,0792	-8,0076
-30,3131	5,3613
-7,2442	-20,5907
-27,8881	1,4295
-2,5912	-3,9447
-20,6791	-1,1921
4,2244	-3,0271
-15,6328	-20,7872
-2,7223	12,5051
-10,6519	-0,5368
-2,3290	-12,4639
-4,7537	7,9177
-1,2805	-15,5442
2,3242	-4,2062
-9,9312	21,6800
-2,7874	-5,1895
-4,1640	7,4590
4,1592	0,3153
-15,1083	-15,8718
14,8416	13,0294
-12,3559	2,3467
6,7152	-9,5805
-8,0959	2,4124
8,4189	-11,4157
-8,2271	3,6577
10,7126	3,1986
-8,0961	-16,9206
6,1906	1,2328
2,9794	-3,3549
-8,1618	-21,2460
-9,2101	5,5580
-8,6205	-17,8385
-4,5572	-10,8258
-22,1209	-14,0373
-14,1254	-29,8314
-20,0237	-2,7650
-7,8996	-10,1709
-20,8758	-27,2754
-10,1279	-0,2748
-22,1864	-13,8409
-9,2760	-3,3548
-18,1232	-16,0035
-4,6231	-27,7996
-20,4170	-13,0541
-11,6353	-11,0882
-6,0646	-42,4796
-22,3832	-9,9084
-10,7175	-13,2512
-26,9705	-26,0957
-0,4284	-2,9617
-21,0068	-23,3435
-6,1956	0,1186
-22,1864	-3,4862
0,9477	-18,4936
-24,9390	-0,2091
-9,4725	-9,9742
-21,3343	-12,8575
-4,8197	-4,6657
-12,4215	-17,0520
-7,5722	-3,3550
-16,2881	-8,4671
-17,7302	-39,0063
-3,5086	-15,2169
-21,2036	-21,1153
-10,1277	-8,9254
-20,6794	-12,0058
-11,6352	-31,4040
-29,0679	0,5119
-7,0478	-3,2239
-27,0364	-29,6999
-13,4703	2,2161
-22,4487	8,7692
-1,8706	-10,1049
-14,3221	7,4588
-12,6183	-20,4595
-6,6543	1,9540
-11,3076	5,6891
0,9479	-20,5249
-4,9505	11,5877
0,6202	3,7885
-20,4169	-11,2844
6,9773	5,6894
-11,1764	-0,1433
-1,3459	9,8181
-20,1546	-3,7480
2,5206	-11,4153
-12,5525	18,7311
-9,6690	15,2573
0,5547	-12,5296
6,5179	12,1775
-16,2880	13,5535
-6,1302	-0,1432
-1,3459	10,2113
-6,5236	-3,9443
-11,6350	24,2363
-21,1380	18,0099
-13,7322	-8,5316
-22,8418	20,9596
-5,3437	20,1072
-26,0532	4,9031
-10,3246	11,5876
-22,9730	0,8397
-16,0918	18,2068
-15,1086	6,0167
-1,6740	-9,9083
-18,5164	0,7087
-4,2953	-3,2893
1,5376	-13,8404
-1,4118	4,5752
-3,7052	-22,1635
-24,0214	1,3642
-0,4937	5,5581
-18,5165	-15,3478
-0,6906	3,3303
-29,7229	6,4100
2,9139	-11,7430
-17,4023	12,7016
-0,5597	-3,2891
-9,6691	9,6871
0,2922	2,2814
-13,6011	-20,6558
-5,6716	16,3062
-5,6057	13,8810
-10,8489	-10,0391
-11,8970	10,6046
-17,7956	9,6869
-2,3288	6,5413
-17,2713	3,8544
-0,4939	-12,2674
-15,5018	17,8791
0,2925	16,1748
-17,7299	-13,0537
2,9796	18,2724
-2,1324	-0,1434
7,2392	2,2817
-6,3264	23,3841
10,7783	-9,6460
1,8000	-2,4367
11,2369	17,8133
7,2395	-7,3523
2,7828	-0,5364
4,0938	-7,3524
-9,2101	-0,4055
4,6835	12,5704
-16,1569	-8,6632
10,7127	-13,7749
-23,4970	-3,4204
7,1082	-27,7341
-14,0598	-0,4055
-6,0646	-3,6173
-1,1491	-20,3285
15,4311	-2,6339
-3,5740	-7,1559
7,1083	-10,4326
10,9751	7,5241
11,2370	-17,5759
17,3977	10,5391
1,1446	2,3468
7,6330	-15,0199
7,9605	8,1797
23,3614	2,0848
-1,0835	8,0486
19,8881	-2,1751
2,6521	-7,0246
22,8372	13,5537
22,7716	14,6674
23,6889	-4,8620
11,1719	9,3593
30,0459	2,1502
7,2397	-15,4132
12,0892	8,0486
20,0847	-6,5661
11,5647	2,6747
19,4947	-7,0249
-5,9334	-34,0252
-2,5252	5,8860
-11,3728	-7,0250
1,5379	-6,7626
-11,4384	2,2811
-0,6905	-19,8700
-14,2563	-11,9400
14,5793	-10,8917
1,6687	-23,9987
16,2832	-12,8577
7,9601	-10,0397
6,5183	-25,9647
10,9750	-5,5175
-1,2804	-15,4136
9,6643	0,7085
-15,4362	-0,7990
11,1062	-16,1996
-12,3562	9,7524
-9,4722	7,5241
-17,3367	-20,9836
-1,0839	11,3256
-21,1379	4,3784
-3,8365	-7,9420
-22,1210	6,5414
-1,0186	-2,4371
-22,8419	11,7841
-19,4341	10,7353
-14,9775	-24,2605
-22,3178	12,0464
-19,1061	-6,4351
-23,6938	-4,7309
-12,0283	-5,9761
-27,1016	-7,7455
-3,9018	7,7865
-30,5751	8,9003
1,9309	-3,6822
-26,3152	18,7966
1,7997	7,1965
-22,1865	-3,1578
1,4065	19,7142
-1,4115	-0,9297
-3,4433	7,3935
-8,8168	4,6408
-2,1980	1,0365
-2,2632	8,3765
-7,8341	3,4611
1,6034	-8,4662
-16,3536	10,4079
-2,1976	-4,3378
-21,3344	-5,5827
4,6179	7,3276
-17,3368	-3,2893
2,7173	-1,7817
-22,5796	12,6358
3,1760	-18,5590
-12,0939	7,7865
-1,2805	1,8224
-1,6735	-14,2991
-4,7540	-8,5319
-5,2779	-6,0416
-10,3245	6,3447
-2,6564	5,8202
-11,1109	-11,2844
2,3898	19,9761
-17,9922	-0,0125
9,0089	4,2478
-9,8002	17,4202
2,7828	-2,6336
-5,5401	14,9303
15,3001	23,6461
-7,5716	6,8037
19,0357	17,9448
6,1910	15,8476
19,4945	13,0952
11,4338	21,0902
13,7275	-4,3375
15,6937	2,9371
2,5863	-5,6484
5,7325	-20,8526
8,0914	10,3423
12,0891	-16,0689
-18,7783	-17,9691
12,5480	-1,5200
-8,8170	-27,0787
3,8970	-1,2577
-10,5209	0,3805
10,9748	-19,0834
2,1929	-7,2869
-4,6230	-1,0611
-8,1615	-16,0686
2,3238	10,8011
-9,9967	-1,8475
-13,0770	4,9686
-8,4237	9,8180
-16,8125	-7,2866
-9,6034	22,0080
-26,0530	23,7117
-2,0012	3,5925
-22,5142	33,0837
-17,2712	25,0225
-20,3514	20,3698
-5,1472	28,1028
-28,2156	17,8139
-0,2976	35,5085
-13,0769	27,0541
-12,5528	10,1461
-18,7128	24,5640
-10,6523	15,9787
-13,7322	15,1267
-17,7301	21,0904
-2,4600	15,3887
-23,1040	14,0781
-9,8655	16,3716
-17,5989	-6,4346
1,9964	19,5176
-15,2396	17,3547
0,9478	-4,0097
-5,2126	22,2045
3,8312	2,3471
-13,5355	19,3866
-1,1494	18,8620
-13,0767	-4,9927
-2,1325	21,2872
-12,4213	29,4132
-2,6566	-9,1871
12,4821	4,3790
-14,1911	15,1267
-2,5253	20,7628
-15,4361	24,3669
1,3411	-1,9126
-9,6690	25,3504
3,3726	15,7817
-13,7321	-4,7961
10,4505	-2,8302
-12,0938	-0,2088
4,4212	-5,4516
-3,5740	9,8180
3,8312	-3,1581
2,8486	2,0193
-10,4555	10,1457
1,4724	-4,0100
-12,0283	17,3548
-5,2121	7,9174
-8,4237	-0,7330
0,4893	23,0564
-10,5208	0,4464
5,5356	7,9177
-17,4021	9,6868
3,7661	-11,0222
0,9481	-6,1725
14,5793	-3,9445
-2,0666	-14,4957
5,9286	0,5119
3,7006	-12,7263
9,8607	-6,7625
16,8732	-0,9300
-3,2465	-13,8405
6,0600	0,8397
-3,7053	7,4585
-2,7220	-17,9038
-15,1739	-3,7479
3,5038	-13,1198
-27,9535	-10,6292
-3,6396	-1,9132
-17,4022	-20,2631
5,9282	-1,1921
-29,2644	-1,5855
-11,9630	-8,4665
-14,4533	14,1432
-8,5554	-1,8475
-27,0362	-5,3862
-27,0364	17,1579
-11,5697	-19,4109
-35,6218	19,7797
-23,2350	8,3105
-27,0364	-12,1362
-19,7619	14,2091
-39,0947	4,7719
-12,5529	7,5246
-27,3639	21,0904
-15,3709	8,9007
-32,6722	11,7846
-11,8319	29,4790
-17,2714	1,0366
-9,7350	32,9526
-21,6622	23,5152
-32,4757	9,6219
-6,6544	18,7312
-13,2084	14,3403
-24,0215	26,9230
-30,3786	7,1312
-5,8025	-10,4977
-34,1142	14,5369
-7,3754	24,7601
-22,5799	-12,8572
-6,3269	-4,3374
-34,3761	-6,7624
-10,1934	18,0103
-14,8463	9,1626
-7,8999	-11,2187
-13,2734	6,3449
-8,2931	15,3231
-7,8994	-3,0922
-10,0625	19,3209
4,0281	7,7210
-18,9753	14,5369
-1,2147	18,6654
-19,1718	-4,3375
-6,8507	23,2531
-13,2079	13,2257
13,7927	-18,3620
-25,2666	17,7482
-4,6883	14,6020
-11,5041	1,5608
-6,3923	16,8961
-11,6350	-7,4176
-2,1327	18,1415
-9,3412	28,2336
-7,5721	-7,8107
-5,0159	17,8795
-12,7493	28,6924
-1,6735	6,4106
-29,5264	20,5662
2,3899	8,5077
-22,9072	34,3286
9,3365	12,8983
-20,4824	11,8501
8,4846	30,1999
-10,9796	8,1797
3,5037	-3,4198
-11,4383	10,4081
1,0788	-1,3884
-8,7514	-1,1917
-15,3052	5,5581
-4,4915	-9,7116
-13,0771	9,8180
-1,9357	-5,3866
-12,4216	-24,7195
-3,7708	-3,2237
-26,8393	-8,5980
-7,3750	-33,8291
-10,0621	-21,2462
0,4891	-37,4336
-5,7368	-12,2678
9,9916	-25,0476
-10,1277	-47,5916
1,2754	-23,1467
-1,0182	-34,0914
-5,2783	-32,0595
2,0620	-6,2387
3,3069	-33,1737
-3,3774	-13,5783
-7,4407	3,5263
8,9435	-20,8528
0,9480	4,3130
21,5265	1,8881
7,2397	-5,5827
27,9491	19,1897
15,2354	4,1164
39,2868	18,4035
31,0294	13,9468
41,2528	6,4760
25,8521	26,9888
23,0995	24,8258
32,0126	4,9033
34,1092	24,9572
26,7694	3,7890
15,1040	19,7801
24,2792	34,5908
4,2249	4,1166
15,4319	29,0861
9,0090	23,9084
21,2644	10,2772
-0,3625	27,7096
20,6090	15,0610
10,5164	14,2749
30,3737	21,8767
14,8417	-5,4516
20,3465	25,2849
6,6498	24,0391
8,2223	-10,3012
3,7007	15,7164
5,6663	-1,6508
-0,1006	2,0850
-11,0452	20,8934
-7,2440	-19,3456
-15,0430	-3,2235
8,4846	9,4244
-13,2079	-18,4936
4,8145	-0,0125
-18,3851	1,5602
17,7907	-11,1536
7,4360	2,2813
11,4990	-8,0078
1,4069	-0,7332
3,5693	10,5389
3,3074	3,5267
9,4674	34,7873
-0,4283	5,4926
-7,9650	4,1824
2,5865	26,4643
-4,0984	9,2284
12,9410	14,9302
-11,4383	32,8867
18,3806	-2,3715
-0,0351	16,2409
8,4190	16,8958
-6,0641	-1,5850
21,1328	17,4203
1,2757	2,4780
12,2855	6,6725
8,9434	4,2473
-2,9845	-22,2943
0,0961	10,6047
-12,2904	-2,6997
7,1738	-23,4741
-15,5673	0,5119
-14,6494	-5,7143
-11,7660	-10,2362
6,4528	-9,1877
-16,4191	-31,0766
5,7321	-14,3649
-1,4113	-10,2364
15,3658	-21,9017
-2,7219	-11,2848
14,9071	-27,6689
10,3852	-24,1952
5,6010	-13,7098
9,9266	-37,6301
7,2393	-8,1389
15,4316	-12,3337
0,4892	-35,5986
20,4123	-14,2338
-5,4090	-21,2465
12,7445	-35,8607
-8,6858	-20,0012
11,8924	-28,3243
-8,0961	-15,4136
7,2392	-14,4309
-9,4069	-41,4313
-1,6738	-11,2848
-9,8656	-26,4893
-2,1327	-36,5160
-13,3390	-25,8993
-18,6477	-16,4622
-5,8023	-19,3456
-16,9437	-5,9109
-5,4090	-23,5400
-17,4024	0,1187
-7,2440	-0,5370
-9,7345	-7,5490
6,7804	13,6190
-14,4531	-6,3040
14,3826	-3,6166
-14,1253	5,8857
13,7272	-4,7964
-3,9673	8,2452
5,7319	11,9149
0,8824	-19,6730
1,4064	12,8328
4,2248	-5,5831
-3,9675	-7,5488
-3,0496	14,8643
-7,3751	-6,8282
4,2249	8,5731
-17,1398	13,8155
13,6623	-15,0199
4,0282	20,1072
17,4631	1,2325
-7,0472	-7,6145
26,1795	-1,6509
9,4023	-24,1951
9,0090	-8,0733
5,3393	-5,3211
19,8880	-31,4696
21,2644	-15,8720
14,2518	-16,6588
17,6600	-23,4744
0,6204	-8,4667
21,7888	-22,4915
0,7514	-20,3942
4,4873	-8,4667
1,0135	-24,1299
6,9116	-4,7966
-10,3243	-7,2872
14,5136	-37,5644
-20,7448	0,3153
-8,7516	-12,3335
-17,7955	-9,5806
1,3407	7,3928
-8,4240	-19,6734
-14,5188	-6,9592
-5,4091	-13,9062
-10,7832	-34,4185
10,0575	3,2645
-1,2150	-6,5008
20,8709	-24,0639
0,6202	6,8687
25,7207	-26,9477
-10,3241	-1,1920
17,6599	0,2494
-4,6223	-24,9817
29,9150	-12,2020
8,7468	-5,5177
16,6767	-19,8042
18,5119	2,6089
26,2449	-5,7141
22,1819	-5,7793
17,2665	-0,3400
29,3909	-1,7161
21,1987	16,6340
23,0995	13,3570
9,7300	2,4129
28,0146	25,2192
-1,3456	10,8669
22,3129	23,1878
6,4531	30,7897
30,4392	5,2964
7,1740	35,0497
10,3852	20,4349
3,2421	-6,8932
15,1037	22,9911
12,1549	11,1944
6,9771	-2,6990
7,9607	12,1120
5,9286	3,2647
2,9143	18,6000
-5,8679	8,4419
1,9311	-1,5848
-11,8971	23,5153
9,0088	18,4034
-25,4630	14,6025
16,6111	22,3356
5,9940	0,7745
4,9455	22,7290
4,4214	13,0950
21,1328	-1,2570
6,1909	33,0837
7,5014	11,8497
2,1278	4,8378
-6,9818	12,4397
12,6134	-2,3714
-13,6666	11,3913
10,9750	-0,9953
-16,4848	-7,7453
-1,5425	20,1729
-23,4970	4,1162
3,7003	5,5583
-10,3900	3,9197
4,2900	-11,4811
-10,1278	2,0850
6,9770	10,6042
-8,2927	-15,3477
4,4867	12,7673
-4,6881	12,1771
-9,3413	-9,3839
10,8441	13,0294
-0,8872	14,8643
15,6938	6,1481
4,0936	10,6701
22,7061	2,8714
-8,4891	23,0565
24,8690	16,6992
3,4385	-4,9272
27,8833	18,9277
2,2590	0,4464
14,9728	3,7891
6,1912	12,6362
28,9318	-2,4370
16,6768	14,6022
16,8732	6,2790
14,2520	-6,8935
12,4823	6,8034
20,5434	-6,3040
0,8169	-13,5126
11,9582	4,5750
-4,8846	-11,2191
14,5796	6,8034
-4,2948	13,2257
18,6427	-10,5635
5,0769	13,2915
15,0382	10,2112
9,4679	-1,2573
17,7250	9,6216
9,2059	6,4759
24,6719	8,9008
15,2351	8,1143
21,9851	-1,7815
27,1625	11,7188
1,6690	2,4127
30,8984	1,1676
12,2858	11,8498
29,7186	4,7062
14,9073	6,0171
26,4417	4,1163
18,1842	-16,0030
28,6699	9,5559
9,6646	7,6549
24,2790	-22,4911
12,4171	2,7403
24,9341	-3,2238
10,1888	-15,0855
6,5185	10,6699
12,6136	-14,2991
-5,9990	4,8376
-1,6076	15,4539
4,9454	-7,7454
1,8654	14,2746
-19,6304	6,0169
-1,2804	-2,9613
-23,2349	12,6360
-9,6035	-6,8280
-28,7399	15,9129
-2,8534	11,6528
-23,3005	-6,5659
-1,6083	8,9662
-5,4747	3,4609
-13,6013	-20,5903
-5,0813	11,7188
-13,6011	4,3130
7,1740	6,8036
-15,2396	6,0825
1,6690	-9,5805
-15,9603	14,8645
-1,6734	12,8979
-11,7005	-16,7895
4,7489	-9,3185
-11,1763	-3,1583
3,3071	-4,3379
3,7003	-1,4545
5,6662	-29,2416
-5,5401	-3,8134
-2,1979	-1,3236
-2,3943	-28,0618
4,2902	-8,4666
8,1570	-11,7437
1,2100	-19,0179
10,0577	-13,9062
-5,4745	-28,8484
19,2326	-14,0371
-4,6881	-6,1076
15,7591	-27,4721
-8,9480	-18,0349
11,8923	-16,4621
-17,8608	-14,8237
2,3897	-20,0010
-10,9797	-16,0033
0,8821	-13,3163
-8,8171	-2,5685
-4,0988	-33,5667
-5,1470	2,8057
-25,0048	3,8538
-17,4677	-17,5104
-33,5898	-0,9954
-14,2565	-22,6878
-26,9708	8,2451
-8,6207	-1,8478
-41,3884	-36,7124
-3,2467	1,6916
-23,4317	-0,0127
-3,5744	-21,7048
-17,0091	-3,5513
-8,1619	-4,4034
-8,8825	5,4925
-6,5235	-7,8767
-8,3582	-17,2482
-11,8318	4,5097
-7,0473	-1,7820
-7,4409	-11,0878
2,5209	-1,2575
-17,6646	-12,1366
-15,1082	-14,4303
-20,0236	2,0191
10,4506	-21,3118
-21,0067	-15,2166
11,0404	-6,3041
-19,3027	-24,1296
10,3194	-2,6339
-6,8508	-13,9063
1,5375	-21,8358
-8,7512	-6,1075
6,7149	-23,6055
2,1932	-4,8623
-10,8486	-19,7391
5,4045	-34,7464
-9,0791	-2,2408
7,8294	-18,5595
-1,4769	-36,9747
19,1015	-1,3890
7,0427	-32,9118
6,0599	-21,1150
-5,9330	-14,8895
20,6088	-27,6033
9,0746	-14,8238
11,2371	-12,6613
10,3854	-40,9724
17,7906	-10,1050
13,3346	-17,9039
4,6835	-6,6970
25,1965	1,2980
12,8756	-25,7024
21,6576	7,7210
-14,1906	8,9001
18,3809	-19,2142
1,8001	13,0293
28,0144	-1,8475
-2,8530	3,4613
10,6476	19,9105
7,8950	-3,5513
25,0651	9,9492
11,6962	6,1479
21,9194	-6,8935
7,7640	8,1797
3,7006	-2,3718
13,5312	-0,2089
7,1084	-5,6485
12,4170	-15,9374
-3,9673	6,6069
2,0623	5,0993
-11,8969	-20,5250
8,4191	-2,4371
-14,4530	-8,2700
7,1084	-6,3039
-8,2926	2,4122
9,1397	-17,3796
-7,1786	-7,5490
-3,3121	-14,6927
-1,6079	-33,7632
-10,4557	-1,0610
-12,2903	-8,2702
-11,7008	-19,8042
-4,6882	-2,9616
-22,9074	-14,6927
-2,9186	-12,9886
-18,3853	0,3804
4,7490	-34,9431
-9,4067	-4,9276
22,7715	-0,1439
-6,0644	-24,5885
20,8055	-4,4033
9,5332	-8,7943
19,0359	-6,4349
11,4995	0,6429
6,0598	-5,7140
11,2374	-1,3884
4,7489	11,7840
12,8758	-3,0269
-1,8047	18,8620
6,4533	-1,7818
-7,5717	9,8838
14,3175	18,4687
-1,3459	-7,8765
9,5988	9,7528
-5,0157	23,3181
17,3319	-16,0685
-4,9502	28,6925
12,4823	5,1646
5,1425	-14,2989
28,1452	3,8542
12,1548	-8,2045
12,2201	-2,5028
18,9706	-13,2509
-1,2147	-29,6346
16,2182	-4,2068
2,5863	-9,4501
4,6183	-25,3094
-10,3897	-13,1852
16,5455	-20,7220
-14,5841	-12,1367
-3,1808	-4,6002
-13,9942	-21,1150
2,9137	7,8518
-20,7443	-0,1438
8,7465	-14,6269
-1,6082	10,0146
-6,0647	-13,6440
-1,9356	0,7087
-0,0354	-9,7774
-0,8872	-16,5272
-7,7030	11,7187
-1,6080	11,1285
-15,3050	-22,9497
6,6495	9,8838
-11,1763	-0,8644
-1,3459	-1,8472
-23,0380	4,7718
12,6789	-8,5320
4,2247	-5,7793
13,3342	2,3468
3,7662	-7,2868
24,8029	11,3253
4,8803	4,5094
13,8586	-6,9591
27,3590	3,1988
3,7659	-14,8235
4,0287	0,9051
1,9967	-7,7460
16,4803	-23,1465
-1,6079	-3,7481
7,6984	-11,2849
3,9628	-20,9183
21,7227	-6,1076
-6,6541	-20,5909
23,6887	-10,3673
-10,7175	-21,5740
13,1374	-31,0110
4,2247	-10,8260
-8,4240	-16,3969
-4,0982	-44,8389
-4,0331	-5,7796
2,5207	-21,7051
-15,9606	-10,5638
-0,3627	3,2640
-20,4824	-21,5083
-5,3434	-3,1580
-7,6373	3,4608
7,5016	-10,3669
0,2270	8,8349
7,9603	2,7401
-2,9185	3,9855
14,4483	15,7162
10,5818	-15,2820
3,8968	18,7315
-3,4427	27,5783
3,9625	0,0537
10,0575	29,4793
-14,5188	26,7265
4,6183	19,5833
4,9454	23,7776
9,1400	-3,3543
-13,2733	25,0884
15,5627	15,2575
2,4553	-5,3205
24,7376	14,6024
9,0745	14,6019
22,2472	3,4611
8,4194	-0,5366
23,6889	-10,4326
20,5435	-2,6992
16,4144	7,7207
17,4634	-10,0394
8,0913	3,8544
3,5044	-2,8962
14,7762	-25,6368
31,9466	1,4950
4,0938	-10,2363
10,9753	-6,8938
-2,1975	-11,5471
22,1817	-34,0256
1,6035	-7,2871
15,3003	-13,2512
2,8486	-43,9215
7,6980	-6,8282
-1,1490	-8,0083
7,2391	-18,7558
-0,3626	-8,6633
-0,7561	-19,3456
2,1278	4,8371
-5,6713	-5,1247
9,5989	-33,9600
-5,5401	-2,3717
13,0067	-6,0420
-13,1422	-17,4450
17,5287	-10,3016
1,5379	-11,4812
14,9727	-0,7333
12,3514	-0,0128
15,2347	-26,5543
5,5359	-1,5853
17,6596	-8,7944
10,3854	-13,8405
8,3536	-9,1875
22,1818	-17,5760
-6,7854	-6,8935
8,4850	-0,4714
-7,4408	-22,8188
3,8317	5,0994
-6,5233	-1,8477
0,6201	-15,0202
-21,9897	-10,6293
-4,5571	-14,8236
-7,5062	3,2642
6,1906	-11,0229
5,6665	-39,9236
5,4697	-8,7942
-0,8869	-4,7313
6,1907	-21,4427
4,6838	-3,6169
11,5647	-8,3357
-0,2970	-9,2530
6,6498	-8,9910
22,7716	-24,9159
-7,4405	0,6430
15,3008	5,0991
14,4484	-25,6369
27,5556	5,4928
1,9967	3,7884
20,7398	-15,1511
-10,7172	3,6576
14,8417	-7,2869
1,6689	0,9707
3,1106	-7,9425
11,5647	-19,0176
-5,3437	2,9367
5,3389	-11,2847
-11,5696	-8,6631
6,1253	-1,7819
-19,1718	-8,5975
-2,1321	1,1018
-15,3706	3,1333
-4,2294	1,1674
-18,9749	17,1582
11,5647	10,8011
-9,7999	0,1191
10,2539	19,9107
-2,5909	0,5121
1,5376	11,1947
-0,6903	13,0294
16,9384	-7,0899
4,8147	14,4712
0,0960	4,9683
13,7277	-12,7917
4,0937	11,6531
21,0022	-12,2678
-4,7536	-2,8304
22,1820	-5,5833
5,5354	-19,5422
13,8587	-8,2700
0,7515	-6,1732
14,7106	-37,2370
10,3196	-19,1490
16,6763	-14,4307
-13,6663	-25,8994
10,4507	-19,8046
4,8802	-32,7153
0,1615	-29,6349
12,9413	-20,7224
7,9601	-47,0675
5,6668	-23,8677
-8,6857	-18,6907
27,0315	-22,2950
6,6495	-12,8578
14,5141	-27,5378
0,4894	-9,5152
13,9897	6,5409
7,6328	-20,9184
13,9240	-1,9782
0,0961	11,2596
-0,3630	-7,8766
-0,8869	2,2160
2,5205	7,1310
-4,0327	3,0023
-7,8996	3,7885
4,7491	-17,4448
-20,8101	13,0292
-4,0326	3,6572
-13,0768	-24,8503
0,0303	5,0338
-21,8586	-7,2216
4,2901	-21,3769
-21,5311	-0,6679
-3,7054	-22,7535
-19,3029	6,7378
-6,3925	-11,9402
-5,6058	-35,7293
-2,9192	3,5922
-15,1084	2,4121
-11,8973	-21,0494
2,7830	2,4124
-10,1278	-19,3456
2,5209	1,2984
-13,4700	4,3127
6,2564	-15,0855
-14,1909	0,7743
10,1885	7,6551
-2,0012	-9,6460
16,6109	12,6361
1,9966	-3,0925
17,8560	4,0510
9,3369	18,5998
25,9171	-12,2674
21,9854	6,0172
29,0630	8,1139
33,9785	-8,3354
15,2352	-5,5173
39,5494	-20,8527
24,7380	-6,5003
46,3649	-1,7166
25,5244	-28,0618
46,4303	-3,0925
14,1867	2,9364
40,2044	-30,4211
24,5413	-8,7941
33,5852	-11,8745
20,7403	-4,2067
39,7454	1,6259
33,3886	-27,2753
16,2836	-6,9590
17,0049	3,3953
24,2790	-15,8065
23,6894	14,1434
7,0431	-3,4860
27,3594	-3,5511
7,1085	12,3084
24,9344	-2,5025
-4,2293	26,2677
20,0846	20,0416
1,9965	-7,5486
9,4675	27,1853
-12,6179	6,7380
3,5693	2,4130
4,0935	28,4304
-1,0185	10,6046
-8,3582	26,3991
-7,4409	34,6561
-3,1153	-3,5508
-13,0770	34,1324
-4,2293	25,1536
-17,7299	18,2727
2,3242	40,4236
-15,4361	20,9594
2,4554	29,0205
-12,0281	26,3332
19,1669	-1,3881
-1,8047	25,8748
0,2927	19,9761
4,5526	-2,5677
17,1351	23,9085
11,8925	7,6555
1,2100	12,4398
10,8440	14,4056
2,3896	-18,2964
1,4069	22,0734
-4,6880	7,9173
25,6550	-23,8017
-6,8508	3,7887
13,9243	-23,0812
-4,4914	-13,6437
25,5895	0,7738
3,6350	-20,7219
23,8856	-13,6440
18,0530	-8,0736
21,6572	-23,2778
10,8442	-9,7773
15,0382	-23,9988
23,6236	-27,2098
12,2857	-2,4374
25,6552	-26,2269
-4,8846	-7,0904
23,3616	-5,1246
1,5379	-29,6346
14,9074	-1,6508
-3,6393	0,0528
25,2619	-20,7218
-2,7875	-4,1412
10,5818	-14,2338
-5,8675	1,8226
9,1399	1,6257
0,2928	-16,4618
4,2246	2,6747
9,0091	2,7400
19,6910	-11,9398
13,5965	6,7379
-2,8531	-1,5853
11,9584	-0,9953
-11,3071	2,8712
13,5968	-8,0731
4,9458	23,5806
10,5165	13,2912
9,7955	-14,5612
23,4268	15,5198
5,1425	0,5774
21,2640	13,8815
6,7810	4,5752
29,5216	3,5923
16,2181	19,9108
17,2665	19,3206
22,5095	-7,1555
7,3050	19,6486
24,6069	6,2789
4,0938	-6,1070
18,5774	6,9344
-0,2314	-2,3061
22,4439	9,0316
0,1618	7,7206
25,7207	-15,9376
0,7515	-2,3716
11,4994	-1,0612
8,2883	-15,0203
33,9780	-10,6949
5,9288	-28,9139
15,4315	-9,6462
16,0216	-8,5325
19,2980	-34,9432
11,1719	-7,8766
11,8271	-11,9402
26,1797	-20,3285
7,6981	6,8689
10,1889	-3,4205
8,4847	1,6261
13,0721	3,0678
-7,8337	-6,3693
10,0574	7,8521
-11,5692	14,0777
14,7761	-10,4325
11,6302	-8,9251
3,0449	3,0677
-7,8991	-21,5738
13,1374	-0,4711
3,6351	-23,7365
7,7634	-3,6167
-0,5592	15,2570
-2,3289	-14,2992
11,3027	-0,6677
-13,2733	-1,1265
12,2857	-1,1264
-18,2541	18,4031
-2,5255	-16,5928
-5,4746	3,9201
6,1906	18,2720
2,7828	-6,6967
-0,7563	20,3039
-1,8701	9,3593
-0,8218	-1,6504
2,4553	16,4373
1,2098	-4,5341
-0,8869	23,6463
-13,3389	7,5897
11,6960	-7,8763
-9,2102	21,0249
6,4532	15,1263
-23,1691	-4,2719
14,2518	14,9300
-10,1932	-0,0122
0,4891	7,5245
-10,0621	3,0023
-4,5573	-12,9882
-20,2857	8,0488
-13,0771	5,6236
-10,3900	-9,2528
-13,0772	-3,0269
-11,8318	-3,9445
-27,1018	0,2498
-14,3875	-2,5685
-19,8928	-19,8698
-8,9480	1,6915
-20,8757	-4,2070
-4,9504	-24,4574
-12,4214	-6,6316
8,0257	-11,6781
-8,9479	-21,5083
4,4869	-2,6996
0,4239	-18,1661
9,4021	-7,9422
12,6137	-10,4329
16,2178	-22,2290
10,5166	5,2304
14,1208	-6,1076
23,8204	-21,9668
7,1084	-12,8575
17,3980	-21,2462
10,5163	1,1016
14,7763	-6,9598
8,8124	-39,0719
16,0867	-2,8305
-5,2123	-4,5348
10,6473	-23,4089
-0,9527	-10,4983
8,4843	-11,2848
-11,3729	-12,2677
-7,8340	-4,3379
-9,8655	-15,2167
-1,5428	4,1820
-7,3097	2,6745
-17,1401	-15,7407
7,5670	3,7235
-6,8511	9,2938
-1,6735	14,6023
-9,4722	12,2429
11,3026	-4,7963
-11,8315	16,6340
12,8101	10,8009
5,0113	-12,7260
8,4191	11,1289
11,2374	2,1502
21,2640	-4,2065
-0,5591	14,5364
0,2272	-26,6200
16,9390	-1,5197
-2,1324	-7,4182
6,0600	-30,4866
-11,1763	-7,4181
-6,0643	-13,3165
-17,5987	-18,0349
-0,2317	-5,7797
-15,9604	-24,3918
-0,1663	1,3639
-23,0383	2,4778
-4,1639	-15,8720
-9,8001	8,3108
-0,8218	1,6914
-11,5695	-5,1240
-11,0454	12,6360
-4,8849	-17,1172
-12,4871	3,7233
-5,9333	6,9997
-12,4216	-22,1635
-0,0351	-3,1580
-8,0305	-10,9571
14,0550	-13,8405
-10,3243	-4,7967
11,4991	-15,5446
-10,6519	-13,7094
8,7465	-8,6633
-7,5063	-17,6417
2,7171	0,5119
-23,8901	-0,8646
-5,9336	-25,4403
-5,9336	-2,6992
-18,9097	6,2132
-8,9482	-3,8790
-21,5967	-3,2238
-9,0136	-4,7310
-16,2227	5,6236
0,2270	11,6528
-16,1572	-16,2653
4,9455	2,9368
-19,1717	3,0020
9,6641	-12,3332
-5,6714	-10,1051
4,0934	-15,6100
-11,5039	-10,2360
-1,3461	-6,8939
-14,9117	-32,4528
-14,1913	-1,9784
-16,3536	-0,0128
-17,6646	-19,6732
-11,8973	-1,5853
-21,0725	-15,1513
-5,6714	-7,4179
-22,2521	0,7738
-6,1957	-16,8551
-20,3514	9,2936
3,7002	-3,8138
-10,3899	-19,8697
9,2707	-2,5682
-1,7391	-11,0881
10,7781	5,0995
-7,1784	-1,1922
11,7612	-11,4811
10,0575	1,8883
5,0110	6,1478
7,5018	-19,0833
1,5376	4,3131
-4,6224	9,2279
-3,9671	-11,7433
19,5602	7,2620
-11,7660	-15,6756
19,5602	1,3640
-2,9841	-5,0589
19,4947	-27,9305
0,9481	10,2769
22,1162	-3,5516
7,5017	-12,3330
16,0868	4,4440
8,8782	-10,0394
14,0552	2,2160
17,9876	10,9321
22,3127	-12,9884
15,1695	10,6047
0,4892	6,8687
15,1041	-5,5828
2,3898	10,6701
14,8418	-3,8789
-3,1151	13,8814
20,2810	10,7355
-3,4429	-6,3034
18,9047	20,7628
12,6132	20,8281
1,8651	1,6264
5,7977	17,4206
0,6200	10,8669
-4,8846	13,2263
-0,3629	13,4883
13,7275	-1,8469
-8,6204	23,7119
14,9729	8,3763
-2,6566	4,2479
5,7323	27,5128
-5,0155	3,7232
25,0653	7,2624
3,6352	2,1504
31,4222	-14,4956
4,2907	4,3133
26,7038	2,1501
15,4973	-16,9205
21,6576	-0,9297
17,2668	-7,6802
18,3806	1,1673
23,8859	-6,4350
13,3342	-12,1364
12,0238	11,1942
-8,4235	17,0922
28,2766	-17,2482
-21,8586	14,7990
4,4872	7,3275
-9,8655	-2,6990
5,6664	21,9422
-18,4506	9,0317
2,3240	21,8769
-15,3049	25,4810
-3,5088	3,7891
-9,3411	30,3967
-5,5405	15,1266
-7,0476	15,5202
-12,3562	28,1030
-13,4700	9,8184
-17,9923	29,3483
-11,2417	42,1274
-21,0724	3,0683
-1,6736	29,8071
-20,0892	34,1975
8,5500	3,9203
-13,4701	34,0667
6,9772	20,6971
5,6009	8,3765
6,0595	18,6000
-4,2291	-4,2720
21,3950	12,7019
6,1253	6,3445
-1,6080	-5,7793
-1,0178	12,8327
-3,9672	-6,6971
17,1355	6,8035
4,2901	-4,7310
15,7591	-12,2018
-9,0134	12,1774
20,0191	10,8664
-8,6202	-11,8088
12,0893	13,4880
2,9143	6,8685
16,8077	-18,4280
8,2227	-4,9277
10,1229	-17,9039
1,3414	-14,2993
9,5331	-3,6829
5,6012	-37,3024
4,8799	0,5773
-2,5253	-9,3191
-9,0791	-32,5183
9,7954	-12,2678
-15,5017	-11,9402
2,6520	-9,7773
-20,0891	-0,3403
6,7152	-23,0154
5,5354	4,1822
10,0573	3,4608
5,7977	-12,5294
20,1498	13,1605
10,3197	0,5119
4,6179	3,9201
25,1309	9,3594
12,7441	-0,8640
8,4192	9,4250
0,0304	11,9808
6,0599	-10,2356
-8,7513	12,6363
13,2688	6,2136
-15,8948	11,9809
13,8586	8,3107
-2,9843	-14,7577
5,2077	9,8183
-10,8484	15,0606
8,6155	-19,0177
0,0305	18,1411
5,6007	-2,8308
6,2563	-13,1851
2,3895	-0,9300
-3,1809	-14,1683
-7,7685	-1,1266
6,7151	-5,1900
-15,6984	-25,5059
1,6032	3,8543
-23,3005	-3,6827
-2,8532	-14,2336
-21,3345	6,6066
-7,8996	-9,9083
-19,1061	-6,6313
-0,4287	7,1965
-7,5063	-12,2675
-8,4241	4,3788
-11,8314	2,3468
-3,9675	-17,5756
4,1593	16,8305
-9,4724	2,4779
14,9729	1,6917
15,3657	7,7865
24,9340	-16,8548
-5,0157	5,7552
24,8032	13,2914
11,2372	-6,9588
27,9489	5,0342
0,0307	0,3809
29,8496	14,2091
6,9121	5,4925
30,3082	-21,8357
16,6112	6,0171
13,2033	10,4075
16,8079	-26,6855
1,7343	-4,9275
7,0430	-10,3673
-3,5741	-17,5760
5,8632	-2,9616
-12,0939	-15,0203
3,7004	1,0363
-14,0600	10,4731
1,4067	-26,7510
-11,8316	2,1506
-2,3289	16,6335
-0,1005	-4,2721
23,1643	7,2622
-8,2269	-0,4056
4,4213	5,6895
14,3830	16,5681
0,7511	-16,6583
10,7786	12,6363
0,0303	5,6891
10,9753	-13,1194
-3,7705	12,8327
12,2859	-27,9962
-9,7997	2,8059
27,7522	3,7884
-3,0496	-18,1658
11,7615	-3,4201
0,5548	11,3249
15,8901	-27,7995
7,5016	5,0995
10,9748	-6,2386
4,4870	-0,2745
6,1907	-4,7311
12,0892	-24,5882
0,9478	-3,7479
4,6182	-15,5447
0,9478	-40,1856
12,2202	2,9367
-16,6157	-11,9405
10,4508	-22,7534
-7,1787	-3,0929
8,4190	-12,5301
-9,3412	-13,5130
9,2709	-6,6320
-4,3604	-28,5862
8,6810	-14,1683
-5,5400	-19,3458
4,0280	-16,2000
3,3729	-18,4938
2,4550	-16,3966
-0,1005	-23,1467
-2,7877	-5,9765
11,1061	-33,8290
-15,6327	-5,6485
5,9945	-11,6125
-11,0452	-13,6439
13,0065	0,7085
-5,4745	0,1840
15,6935	-2,3715
-9,7999	15,9782
18,7737	-16,4618
6,7807	7,0658
13,2685	10,8666
-4,1637	-14,0369
7,8289	-1,2573
-12,4867	-9,3838
-2,1979	1,8884
-1,9356	2,3468
2,1274	-14,2991
-7,8339	4,1165
-16,8122	15,1262
0,6859	-12,2021
-1,8046	-1,9783
11,3681	4,1163
-6,7196	-8,9906
13,4653	-1,2574
6,2564	-0,8642
12,1543	10,8013
0,2271	9,6868
-3,9674	-2,6990
0,5548	20,2384
-12,2904	2,2159
0,9480	-6,1723
-6,5888	16,0441
7,3049	-5,3862
-15,1084	5,2308
4,0938	17,2236
-10,8485	-15,6753
9,7953	3,3303
-10,6518	-1,2576
15,4313	-2,5027
-9,6689	2,2158
2,4553	-12,1366
2,0621	4,5095
-2,7224	-3,9447
-1,8699	-28,0617
15,4965	-0,7331
-1,7391	9,0969
-7,0476	-16,9206
8,0259	12,7673
-13,4047	-4,1412
2,9141	0,4466
-14,1910	13,5536
-1,9355	-2,0439
-16,5502	21,6147
-5,3434	6,0167
-10,6519	-9,7113
9,9916	18,0757
-9,8000	-2,1750
3,8969	4,2477
1,9964	3,4611
-3,0500	-3,4856
-6,7198	10,4735
-15,1085	8,6382
6,1909	-9,7771
-1,2806	7,9832
0,1615	6,3446
-20,8101	5,4272
4,8800	17,0925
-15,8950	4,1821
-1,7393	14,7335
-26,3806	14,7988
3,6346	-6,0413
-21,5967	10,0807
-6,9167	20,3694
-16,6159	7,4590
-8,8174	17,4859
-17,4679	2,5436
-21,1381	2,8716
-16,6813	16,8303
-24,9391	-9,1217
-8,0306	11,3257
-26,9053	15,7817
-11,3729	-11,5463
-25,0046	35,0496
-13,2081	21,6800
-27,6915	21,1560
-7,1789	24,8260
-21,7278	3,1336
-12,2908	10,7361
-23,8248	25,2847
-8,8174	-0,3397
-19,9582	14,7991
-11,1767	18,7965
-23,6281	4,3132
-6,4581	3,7233
-8,4895	-9,1216
-25,6600	8,5075
0,6202	0,1842
-25,6599	1,2330
-2,0012	9,7524
-10,5210	-0,7989
4,9455	0,9052
-8,8170	9,9490
8,0258	-10,4325
-19,8268	21,4180
17,1354	12,8981
9,9265	-15,0853
10,8439	15,6512
16,6113	16,1750
16,8076	-7,4829
15,4972	27,7097
1,0791	10,4080
22,5751	13,0952