-141,1379	-812,2340
-90,1489	-940,1625
-124,6223	-836,5464
57,8931	-900,7086
-134,6499	-1023,7175
-149,1997	-854,1763
-230,9888	-903,0017
-327,7843	-868,9869
-321,7563	-731,9539
-349,4784	-909,6865
-382,9027	-828,0272
-402,7612	-770,4234
-346,6626	-970,3070
-445,0328	-939,9626
-280,0138	-963,4906
-443,2645	-1056,0919
-431,5323	-884,7820
-445,3589	-925,0868
-389,1308	-914,9283
-503,8818	-786,8721
-348,9547	-978,3019
-419,3405	-1137,6811
-346,7919	-842,7059
-352,0991	-1017,6883
-364,0926	-865,8392
-406,2964	-763,9355
-273,2606	-990,1631
-326,8025	-821,0795
-360,8817	-810,0061
-371,7612	-962,1786
-430,7436	-713,4043
-446,6696	-825,7337
-413,7047	-721,2679
-431,7295	-725,1358
-430,8767	-844,8016
-493,9903	-579,1214
-600,8153	-814,8525
-625,8480	-903,4538
-922,5299	-800,3678
-790,5408	-755,6713
-876,6570	-611,2327
-963,4924	-759,4731
-853,3918	-715,4966
-779,5358	-547,6600
-985,9723	-708,8799
-842,7105	-522,8206
-693,0276	-416,7868
-934,3954	-617,5864
-887,6659	-455,0587
-554,7444	-596,1580
-644,1368	-590,3245
-736,4087	-620,2085
-600,5517	-608,4794
-527,0202	-736,9291
-557,0368	-593,8641
-639,6743	-708,6194
-562,0805	-703,1130
-580,2981	-685,8126
-562,5391	-708,2256
-485,1400	-711,3713
-595,9629	-766,1605
-540,0582	-872,3933
-552,6433	-851,3566
-552,7079	-1031,5150
-485,2727	-958,6396
-624,6670	-1034,2721
-547,0726	-1360,3765
-555,6585	-1073,5918
-603,3699	-1090,8344
-603,8287	-1256,5718
-750,4982	-1134,7407
-897,9525	-1250,9384
-841,8551	-1282,3264
-819,7712	-1041,3525
-702,0044	-1338,8193
-821,7408	-1219,0829
-867,5481	-984,1392
-910,5394	-1255,1308
-740,8687	-1100,2664
-767,4769	-1104,5292
-828,4237	-1178,1235
-868,7266	-1063,9622
-636,5996	-1122,7471
-739,7531	-1152,9588
-741,1925	-1041,6117
-682,5379	-1089,7823
-710,8492	-942,8496
-712,4863	-957,7930
-731,6237	-1086,6333
-639,3492	-835,3687
-646,6910	-906,8061
-682,4743	-868,3970
-810,3347	-879,9992
-803,9129	-904,9667
-930,0059	-926,1359
-915,2587	-915,0590
-1026,6079	-999,4704
-1059,1116	-901,6258
-1114,8853	-1020,5762
-1078,1197	-1260,8936
-1206,1120	-1021,2952
-1262,2739	-1171,7687
-1147,6532	-1137,3603
-1155,5838	-1119,0795
-1085,5918	-1294,9104
-1097,9128	-1218,8232
-1098,3048	-1314,4402
-1058,0657	-1379,7138
-1058,7194	-1320,2746
-1106,9553	-1369,8848
-1018,0218	-1403,6358
-950,1266	-1234,8183
-1020,9726	-1550,7665
-1130,3493	-1495,4517
-960,0209	-1577,9628
-943,5084	-1511,4429
-941,9344	-1310,1859
-1015,2033	-1541,0026
-970,6397	-1507,2490
-1100,1366	-1352,0632
-1014,7441	-1463,7363
-1182,4511	-1292,6871
-1091,6847	-1390,0095
-1101,6472	-1611,8454
-1178,8504	-1459,0821
-1284,4932	-1594,0207
-1193,1383	-1481,7583
-1407,9660	-1388,9628
-1454,4289	-1551,0969
-1185,4720	-1561,7148
-1341,9742	-1719,5902
-1371,0691	-1768,1514
-1332,4035	-1561,1898
-1262,4119	-1632,9536
-1530,9112	-1733,2878
-1257,0352	-1676,5320
-1359,6001	-1747,0518
-1427,6903	-1705,7610
-1362,4171	-1578,7570
-1338,1049	-1739,3844
-1317,0671	-1778,5106
-1456,3977	-1774,3817
-1501,8791	-1946,2162
-1538,9079	-1765,6015
-1500,3086	-1961,0968
-1676,7964	-1905,4545
-1528,0312	-2146,4959
-1600,5812	-2074,0768
-1662,5759	-1748,8253
-1533,6674	-2006,9074
-1650,0611	-2022,7628
-1543,2341	-1693,3821
-1444,6705	-1888,8762
-1517,0862	-1930,6862
-1374,8732	-1910,5659
-1459,0219	-1997,0073
-1344,5953	-1806,8232
-1344,5313	-1765,0775
-1497,7518	-1991,2417
-1430,1192	-1924,8516
-1558,8317	-1859,6444
-1462,8219	-1792,0773
-1519,1816	-1755,0505
-1546,5111	-1840,3116
-1567,4810	-1916,7907
-1372,1852	-1882,5141
-1546,2498	-1833,2983
-1439,8175	-1779,4269
-1493,0990	-1946,0193
-1399,5129	-1819,7306
-1438,5082	-1637,8713
-1517,8705	-1886,9069
-1428,4129	-1774,1176
-1280,8929	-1687,9401
-1332,8640	-1834,1514
-1320,5438	-1712,9732
-1388,4367	-1798,9578
-1417,5348	-1758,3252
-1451,5492	-1746,8571
-1424,0881	-1932,5856
-1432,6098	-1915,4125
-1445,6499	-1805,8405
-1515,3817	-1914,4332
-1538,6458	-1918,0378
-1455,2867	-1909,7158
-1625,3513	-1940,9116
-1753,0809	-1977,9404
-1715,5933	-2003,8937
-1763,8299	-1995,3733
-1659,4972	-2068,5128
-1605,3662	-2147,4830
-1691,9404	-1936,3277
-1731,7842	-2113,4063
-1697,7695	-2402,9415
-1518,3980	-2065,0365
-1565,7821	-2120,7472
-1584,8494	-2085,7492
-1470,8829	-2119,2392
-1517,3474	-2402,7451
-1363,9921	-2234,1195
-1461,3143	-2055,8661
-1411,5056	-2331,5101
-1393,7465	-2188,8350
-1415,3720	-2186,6764
-1478,6793	-2314,0780
-1510,5299	-2277,3745
-1427,3651	-2298,6107
-1586,2908	-2097,4819
-1309,9915	-2193,2966
-1575,8726	-2293,5637
-1615,0622	-2302,1484
-1588,9801	-2225,5370
-1476,7841	-2192,7024
-1646,3259	-2134,9003
-1737,3545	-2174,4842
-1738,5984	-2144,9902
-1644,4906	-2040,1340
-1723,2634	-2152,4617
-1723,4609	-1891,1690
-1540,4835	-1953,6943
-1532,4248	-2107,1112
-1731,1928	-2015,9511
-1627,9090	-2155,5431
-1518,4637	-2195,7819
-1544,8763	-2110,7833
-1716,7752	-2159,0183
-1643,7018	-2182,3489
-1552,7378	-2097,4147
-1573,4491	-2206,2035
-1527,1131	-2102,9185
-1580,6557	-2059,2710
-1403,2481	-2135,0940
-1462,4948	-1939,9941
-1487,9857	-1982,8548
-1346,4270	-1926,9506
-1240,7208	-1845,8846
-1319,2975	-1914,6318
-1346,6897	-1867,1140
-1409,6705	-1949,1034
-1417,5345	-1929,5710
-1236,2635	-1910,7612
-1475,4710	-1920,0693
-1408,8185	-1793,6493
-1384,8344	-1833,3665
-1333,5215	-1931,9951
-1427,6954	-1710,0252
-1464,4601	-1606,1543
-1421,1393	-1891,3631
-1294,7217	-1642,1292
-1549,3270	-1856,8907
-1300,0910	-1781,3905
-1244,3889	-1634,3299
-1285,2177	-1769,0705
-1310,7743	-1639,5045
-1408,1632	-1635,3790
-1432,8691	-1696,1935
-1401,9393	-1445,7164
-1565,5145	-1561,7176
-1550,3129	-1758,3209
-1699,2091	-1608,1804
-1528,3572	-1706,8107
-1486,4818	-1628,4301
-1567,8118	-1720,2472
-1677,1892	-1804,9828
-1567,6134	-1808,7178
-1503,3235	-1835,5228
-1476,1262	-1685,1167
-1452,9913	-1538,5818
-1446,9611	-1604,5768
-1466,1630	-1592,7770
-1227,6116	-1484,8427
-1312,0237	-1806,8816
-1267,8498	-1298,5196
-1235,2125	-1405,4784
-1261,0990	-1530,2552
-1171,9697	-1486,2785
-1253,0366	-1627,5721
-1126,8129	-1348,0622
-1039,5877	-1299,6990
-1093,7167	-1578,0930
-1089,7864	-1316,0778
-1152,1087	-1316,0819
-1086,9649	-1513,2772
-1070,4520	-1287,0465
-1201,6547	-1445,1217
-1120,6537	-1363,0693
-1294,9146	-1379,5179
-1306,9721	-1265,0958
-1364,4499	-1273,5472
-1420,7446	-1343,0182
-1350,7533	-1411,1717
-1133,3057	-1292,8155
-1334,6327	-1277,6114
-1367,1336	-1299,3700
-1252,8389	-1383,9757
-1132,5815	-1505,6101
-1032,3102	-1376,5029
-1132,7764	-1336,5944
-1121,6994	-1322,5027
-985,7118	-1239,0106
-1156,1686	-1319,2929
-1027,7846	-1121,7018
-800,8339	-1061,3450
-792,4464	-1332,7917
-897,6943	-1164,1002
-913,0951	-1193,9852
-830,1909	-1102,4964
-771,3408	-1011,4671
-773,4390	-1139,6539
-855,2902	-1140,4383
-743,2247	-982,4336
-768,1297	-1087,6855
-794,5384	-923,8451
-637,1875	-1093,0605
-725,4004	-1094,3060
-772,9098	-1079,6266
-662,5508	-1311,1651
-690,6629	-1320,9921
-694,6637	-1217,3827
-748,5981	-1299,6950
-806,4014	-1216,5291
-664,8458	-1130,6778
-767,7394	-1054,4595
-875,2818	-1110,3598
-926,5321	-1155,4480
-871,2868	-1040,7569
-956,2864	-947,1074
-1253,1626	-922,0074
-1078,0491	-855,9446
-1045,4799	-910,6690
-1043,5806	-800,0425
-1088,1442	-793,1626
-1099,6110	-745,0601
-992,9208	-925,9388
-872,6635	-826,3233
-979,6170	-1027,6517
-984,6618	-905,7521
-839,8274	-869,9742
-736,6077	-1101,0521
-831,9629	-930,1988
-710,7188	-825,7384
-678,2123	-1057,5380
-679,5221	-849,7876
-493,0069	-1017,1020
-632,2041	-1138,9314
-532,2606	-795,2605
-528,7881	-968,3441
-628,3338	-1046,2636
-534,4882	-1057,2734
-303,4093	-1046,8517
-569,9447	-1091,9403
-515,9412	-877,6394
-410,4288	-874,3632
-415,4104	-846,9031
-443,3295	-881,3071
-452,1097	-884,6494
-413,1823	-740,2739
-611,0335	-847,7516
-408,0674	-841,3922
-465,9396	-721,3316
-429,2373	-864,1974
-404,7297	-670,8031
-591,5702	-543,9244
-503,0979	-576,5619
-448,4416	-485,4010
-566,6689	-594,7147
-645,2452	-510,2372
-494,1841	-601,1369
-537,9629	-762,8768
-607,3004	-641,1115
-515,0893	-594,7792
-439,6599	-625,5815
-462,8592	-595,6982
-675,4570	-660,4476
-548,7105	-541,4336
-622,5048	-566,7972
-553,7576	-610,9017
-580,6939	-467,7711
-546,2877	-497,9856
-463,6484	-659,2007
-657,8298	-527,6716
-666,4127	-598,1885
-523,6118	-573,8739
-574,5980	-543,2718
-439,0706	-614,0496
-476,2275	-606,9068
-498,5755	-697,8714
-327,7219	-827,4349
-330,8677	-671,1322
-248,0961	-777,4327
-287,3506	-787,7855
-246,7816	-745,2543
-194,1579	-846,7036
-295,3434	-830,2519
-319,9852	-733,7188
-341,2836	-743,8763
-299,6689	-675,3917
-302,6849	-716,2870
-413,7696	-667,2639
-272,9987	-758,8846
-555,0009	-603,6948
-569,2194	-677,0955
-434,8061	-707,7658
-491,6941	-753,4441
-401,9733	-703,1768
-373,7952	-764,5205
-338,7334	-784,8319
-374,3827	-461,3528
-413,8367	-704,2944
-428,5158	-755,9321
-446,1441	-459,9753
-410,4272	-790,4065
-468,9515	-635,4105
-385,4591	-549,0362
-472,5563	-648,1902
-516,0706	-493,3944
-406,3645	-642,0288
-452,4374	-393,1226
-441,0998	-403,3478
-480,4849	-466,7197
-617,7166	-333,3551
-340,4352	-453,9419
-310,2248	-564,1715
-455,2552	-286,8899
-431,6607	-495,5601
-176,0068	-643,5360
-310,5524	-371,6965
-437,4271	-751,1508
-373,6594	-845,4521
-284,1388	-583,0511
-367,0413	-708,2256
-290,9525	-757,9010
-391,5507	-789,6225
-465,0159	-889,8884
-269,0646	-844,9996
-400,6623	-777,6943
-363,3719	-871,5425
-412,6580	-782,2825
-418,9501	-983,8694
-633,6442	-823,5685
-605,4642	-765,7695
-502,2474	-881,5026
-633,0572	-691,2529
-553,7571	-858,3038
-512,0774	-924,9508
-574,2044	-472,8218
-542,8108	-714,1905
-407,6108	-696,1012
-241,3469	-765,6996
-361,4734	-741,9733
-195,3375	-503,2268
-249,6009	-495,8896
-246,4553	-528,3251
-85,3663	-478,4537
-190,2901	-441,5539
-273,9774	-280,7295
-249,4657	-353,4741
-314,8707	-344,5582
-112,9558	-7,1824
-185,6362	-326,9972
-136,3537	-347,3109
-192,2567	-235,4401
-312,1861	-187,6657
-229,6780	-124,5569
-110,2086	-128,2922
-235,2497	-485,5246
-338,9282	-147,2294
-424,6475	-239,1786
-221,7501	-383,7475
-573,0227	-190,8777
-527,7353	-225,5472
-563,1261	-210,2109
-626,0428	-245,0773
-666,7396	-286,2320
-741,5830	-191,5315
-563,0644	-103,5842
-763,6716	-350,9152
-796,5034	-78,5473
-760,3281	-336,3000
-765,5053	-170,7539
-733,1313	-114,4616
-607,8273	-238,1936
-723,3006	-125,0765
-622,9646	-51,5497
-578,9908	-348,8844
-597,3384	-166,6292
-486,9777	-281,0568
-455,1914	-374,6401
-443,5269	-336,6310
-574,5306	-316,1200
-356,6881	-397,1859
-443,9826	-569,5465
-355,6398	-458,2647
-261,8572	-351,7061
-325,6221	-527,0142
-378,0513	-426,0229
-103,5194	-436,2483
-12,2962	-526,0305
-215,5221	-539,2677
-253,0051	-405,3152
-97,6871	-642,0940
-185,3736	-512,9879
-151,6882	-421,3705
-272,8647	-445,3553
-235,3118	-343,3170
-206,0849	-469,1450
-330,1448	-451,6453
-435,8512	-269,6533
-319,1340	-554,4705
-402,4965	-271,2901
-286,6295	-380,2114
-250,8482	-352,6853
-473,5394	-159,0301
-271,8840	-392,3371
-328,9673	-499,2889
-437,3636	-333,4861
-330,9966	-571,7075
-278,9615	-377,7203
-330,8663	-362,9134
-154,5107	-543,5921
-341,7452	-374,5094
-494,1807	-347,3150
-469,7344	-412,3241
-460,2987	-475,1732
-311,2731	-228,7564
-404,7941	-176,5300
-414,5601	-370,1184
-539,4044	-316,8386
-504,8022	-218,7963
-525,1841	-352,0985
-457,2239	-420,5130
-456,1746	-161,9115
-350,7282	-363,7624
-417,5071	-322,4072
-421,5053	-317,2974
-434,4138	-286,8232
-439,7211	-177,7065
-268,4750	-339,4497
-351,4440	-286,4964
-362,5823	-281,1890
-232,5607	-365,1408
-217,0930	-431,7228
-192,5184	-331,2594
-82,7461	-356,3603
-257,9883	-377,2002
-213,6205	-492,7404
-252,6140	-624,8589
-173,8416	-429,8912
-326,2766	-496,7398
-290,2313	-643,8658
-401,0537	-580,5568
-278,8300	-519,0208
-306,7467	-449,7492
-448,5039	-376,8741
-353,2776	-535,7308
-463,7728	-359,0458
-332,5700	-376,2157
-402,8251	-433,1648
-424,0590	-222,8604
-232,8925	-437,0970
-405,3188	-262,7694
-453,4198	-146,6420
-487,1061	-374,7719
-599,0396	-295,9965
-618,3073	-306,3540
-442,2790	-385,7173
-523,8059	-307,2051
-385,8528	-578,3304
-391,8834	-718,5738
-485,5329	-552,5087
-468,8868	-713,6627
-283,1570	-638,6236
-458,1382	-727,7549
-375,1027	-968,1391
-361,9299	-684,5008
-313,6942	-892,6460
-346,0038	-843,8846
-227,4498	-817,0819
-418,7483	-770,6838
-358,5854	-732,3446
-244,6220	-725,4633
-408,0682	-792,4379
-444,3753	-525,2487
-417,8987	-643,6068
-593,4050	-653,0405
-495,0362	-476,5537
-404,7286	-661,3644
-583,5775	-487,7575
-518,1060	-502,1793
-808,0370	-609,7205
-636,1356	-489,3325
-584,5627	-565,2234
-815,4449	-419,6012
-732,8044	-419,0802
-822,3924	-687,7078
-806,9262	-683,8394
-810,5973	-528,0619
-993,1787	-412,7854
-885,3711	-395,2223
-691,4519	-500,6695
-710,4587	-535,0083
-707,9649	-389,2574
-592,0331	-599,8893
-494,4483	-620,9900
-488,0909	-483,1040
-320,5802	-628,5276
-474,9812	-354,4593
-264,7403	-411,2802
-294,6894	-659,2002
-234,2642	-534,5508
-265,9172	-509,9751
-139,6288	-464,8872
-208,6382	-400,9246
-123,2455	-667,1936
-242,6510	-428,0542
-135,5011	-399,4815
-85,8274	-596,8093
-337,0256	-357,6687
-347,9042	-456,3021
-294,7561	-540,3177
-400,7269	-473,8653
-373,7923	-535,6653
-285,9752	-654,0229
-282,5033	-492,6070
-362,4540	-536,5184
-270,2463	-587,4382
-280,9946	-562,4055
-381,3278	-520,9861
-155,7529	-610,9672
-264,7390	-659,4651
-227,7098	-600,1527
-93,4280	-602,9085
-178,1663	-586,5236
-174,6924	-481,3379
-159,6857	-747,4807
-397,8431	-594,6458
-427,7261	-505,7834
-362,3240	-526,8206
-321,6278	-550,5435
-578,2660	-442,8665
-504,5379	-621,5844
-449,4889	-476,8134
-539,6673	-485,8585
-422,0296	-444,6346
-508,9969	-210,8040
-541,2406	-458,3994
-544,0569	-493,6524
-588,6209	-252,2870
-529,7037	-320,2485
-669,6887	-471,7657
-507,7487	-335,2548
-525,7058	-467,8994
-427,5994	-204,9046
-386,9670	-375,2345
-520,9881	-441,7508
-590,0607	-477,7956
-385,4589	-497,8476
-442,9338	-358,3227
-444,6393	-250,4533
-509,7134	-467,3095
-375,4328	-390,4354
-452,3073	-525,0440
-440,9021	-238,7178
-509,9101	-237,2802
-388,6062	-260,6089
-415,4077	-298,2922
-423,8624	-346,8542
-398,5001	-389,3187
-389,6512	-166,5655
-282,8281	-196,1888
-321,1680	-308,1880
-292,6577	-188,9138
-80,2564	-365,2041
-216,4434	-257,4632
-237,8687	-363,2397
-155,9500	-568,6914
-200,4501	-495,0934
-422,3514	-325,2932
-349,7367	-385,8480
-217,2250	-384,0795
-305,7641	-435,4589
-240,8185	-307,3351
-402,8228	-302,6185
-286,1693	-375,6888
-196,7145	-299,7314
-358,0009	-186,5525
-300,7200	-313,5585
-598,3196	-238,3894
-359,7679	-264,6690
-474,4589	-263,1603
-431,3352	-153,4555
-603,1690	-301,8297
-541,1717	-285,2473
-542,8107	-423,9226
-513,8436	-323,5867
-396,9283	-387,6831
-473,8681	-388,0767
-584,1634	-407,8677
-453,1581	-322,0837
-463,3163	-466,8523
-477,4074	-441,8172
-319,5326	-359,4388
-625,7156	-429,3672
-474,1968	-384,8013
-704,7514	-496,9999
-643,2787	-604,4760
-691,5786	-419,0095
-515,8136	-483,7620
-550,6791	-562,3360
-611,0386	-466,0656
-549,3040	-484,6112
-736,7363	-472,0957
-678,4715	-430,8728
-579,7793	-495,0305
-653,7016	-328,9641
-667,3322	-333,3569
-680,4406	-393,2554
-887,7955	-344,6941
-762,3574	-415,1436
-841,6584	-251,1747
-565,2951	-465,6733
-596,8211	-540,8385
-690,0771	-278,6971
-811,7100	-278,5674
-714,8470	-306,7456
-657,7005	-401,9035
-567,7184	-338,1351
-686,4038	-179,1460
-685,8761	-132,9457
-489,6609	-343,0521
-411,6094	-336,2346
-458,4657	-228,9529
-362,3232	-279,4163
-245,4070	-77,7640
-356,9503	-354,8508
-337,3509	-423,4634
-216,3098	-418,8784
-275,6173	-434,5410
-306,4854	-371,0378
-202,8734	-525,5737
-181,2471	-527,0132
-207,0699	-342,5329
-441,3579	-601,5964
-327,7846	-522,7529
-375,7574	-516,0068
-377,7245	-562,4033
-504,7979	-526,8174
-474,1299	-382,7712
-482,7142	-532,0606
-416,0013	-454,5954
-532,3940	-412,1946
-565,5556	-414,0287
-640,3981	-218,4693
-693,3495	-300,7182
-755,5430	-439,3879
-672,4437	-8,0979
-649,4421	-301,5043
-688,5001	-245,0080
-626,7656	-252,6778
-463,8450	-420,9719
-611,3015	-216,3036
-704,8173	-230,8543
-671,4606	-283,3488
-645,5066	-267,9473
-475,0503	-326,6689
-444,5097	-233,7381
-461,8774	-432,1177
-475,4422	-435,8513
-619,0974	-409,1141
-494,1160	-493,2627
-601,4038	-585,5361
-532,4554	-327,6528
-548,3154	-532,9134
-486,0589	-356,7504
-494,2492	-552,0484
-425,7644	-456,6244
-437,5611	-197,7600
-458,5976	-386,6348
-458,2677	-447,9716
-302,0317	-168,8568
-328,4423	-88,0511
-345,4146	-378,0454
-330,6690	-99,1251
-257,3337	-164,8558
-142,7781	84,3777
-250,0595	-48,0076
-305,3062	-40,5981
-391,7464	15,0410
-227,5800	-57,1778
-314,6126	-27,4891
-282,1070	112,2319
-326,4750	-8,2911
-328,9645	-78,6752
-299,3435	-162,3643
-396,1406	-180,5845
-346,9857	-79,3329
-351,8382	-128,4876
-339,5158	-218,6651
-103,1954	-145,5274
-292,9879	-301,3733
-415,2756	-265,8531
-374,6421	-437,5584
-262,9707	-642,3536
-222,7989	-435,7209
-390,8307	-491,6253
-180,6594	-395,2854
-320,1195	-522,5587
-435,9854	-572,1007
-254,2546	-498,2430
-300,8518	-426,4162
-287,3511	-408,5253
-273,3248	-317,6267
-367,8301	-434,0863
-397,9068	-478,0574
-413,4405	-333,9454
-336,2390	-455,5814
-296,7203	-453,6791
-326,2143	-579,7044
-386,2410	-510,4322
-271,6202	-333,6842
-350,3943	-439,5254
-301,7659	-545,6905
-368,4165	-323,3937
-253,7936	-516,6576
-302,4882	-445,2217
-292,2628	-303,3377
-184,7186	-318,4097
-174,5623	-166,8900
-263,6907	-250,3196
-206,7366	-325,9439
-302,0952	-163,4161
-436,1128	-122,7842
-369,4641	-87,3285
-372,6768	-20,4838
-339,1890	-304,1848
-330,6708	18,3178
-368,8139	-47,9413
-471,3762	-116,8819
-393,6517	35,6195
-521,5133	-30,5083
-462,0710	-79,9833
-565,3581	47,6116
-493,3985	-6,3900
-678,7329	-10,2550
-452,6357	116,1617
-556,7063	-34,7016
-507,7500	-26,9674
-530,6207	-79,2665
-397,1905	-158,1688
-462,3978	131,3658
-488,2828	-81,9546
-367,4993	-46,8246
-368,3522	129,0045
-374,0524	-117,3411
-221,6163	94,5368
-168,5337	-56,9839
-196,4512	-113,0767
-277,0578	21,7936
-375,8850	-9,5993
-301,1737	81,2998
-67,8678	2,4581
-200,1196	-260,1425
-241,3420	23,9547
-374,9025	57,9637
-263,6235	-321,6833
-278,8291	-23,2333
-181,5077	-100,9624
-229,0898	-205,1629
-143,1052	-205,8833
-231,7747	-344,6238
-186,4233	-191,3999
-136,8793	-280,0073
-253,8584	-340,4290
-202,1513	-236,5561
-220,9582	-430,8707
-133,7961	-403,0144
-154,3747	-256,9405
-115,4467	-499,0275
-120,2957	-514,6894
-46,8959	-228,3647
-115,0529	-395,8753
0,8810	-233,4122
69,3001	-431,8549
-11,5707	-442,4035
71,0062	-335,7781
158,8890	-500,6652
107,3773	-199,4626
-47,5463	-395,1543
56,3919	-456,4922
-6,2602	-29,1999
-158,8280	-113,2850
8,0918	-216,0419
-50,1059	-148,6033
-213,0937	-145,8526
-218,1395	-84,3110
-80,5803	43,5462
-228,3016	-161,5139
-264,9323	-51,7399
-276,9935	45,7757
-298,9477	-156,9922
-397,1194	-45,5140
-237,3431	-123,3067
-203,6601	-195,1309
-99,5232	-7,5699
-202,9380	-160,7278
-138,0563	-87,6532
-89,6900	-118,7853
-87,0034	-152,7305
-67,2756	14,7769
-57,6407	-84,3807
103,9045	17,2009
30,3071	-136,4159
-0,5581	-339,0511
66,0924	-101,8759
125,1380	-45,7166
32,8671	-222,7263
148,2089	-192,7777
163,4127	-357,2067
173,5047	-452,2316
-1,6054	-325,2238
-42,5649	-227,1826
26,6398	-239,5043
-102,5988	-103,6485
-118,0647	-152,6691
-10,2615	-45,8453
-151,0990	-248,7443
-186,9475	-288,6527
-168,5331	-111,2489
-181,8377	-135,2371
-209,8208	-311,0021
-229,0888	-237,6673
-272,0795	-251,4961
-304,3218	-77,5013
-231,7724	-231,1170
-309,6299	-334,7934
-297,8982	-125,9968
-220,9587	-296,6539
-84,8433	-337,8717
-182,6866	-201,4281
-226,6620	-282,1673
-236,0970	-136,4154
-137,4656	-133,9266
-26,4496	-252,0847
-82,7448	-66,1595
-101,4191	-103,7157
80,3755	-176,2600
89,6818	-82,6119
98,9883	-251,6305
55,6051	-484,4767
66,2229	-389,4498
31,4884	-420,8422
36,9947	-141,9243
55,2125	-277,7166
19,5625	-323,9158
47,1510	-325,4900
46,4305	-306,6142
-25,4629	-314,0193
26,9657	-192,8449
-77,8912	-366,7759
-69,8323	-197,1043
-162,5646	-406,9501
-155,1591	-353,4051
-132,0900	-309,2367
-81,6957	-349,6709
-219,2539	-329,9450
-134,5154	-109,2213
-79,3365	-254,7113
-126,9145	-245,4036
-185,9616	-354,9791
-91,9840	-379,3553
-100,3088	-82,3498
-237,9312	-198,7410
-170,8222	-301,0404
-154,8337	-112,4936
-113,4126	-223,0543
-131,5039	-80,7069
-90,4089	-88,7719
-69,1115	-132,9403
-21,9276	-6,9820
1,2085	-54,6265
27,6187	-232,0298
-169,1205	-102,1393
-233,0803	-160,9891
-48,9268	-195,6575
-186,0280	-46,1050
-140,2181	-232,0309
-75,4048	-121,6023
-164,2056	-202,8011
-158,8968	-102,5965
-174,8871	79,1325
-103,3212	-139,4305
-194,2201	-189,6922
-80,6461	-93,8149
51,8015	-40,9933
-48,0089	-109,1503
3,1104	-153,5183
-5,6720	-142,3747
111,9008	-58,6867
-16,3524	-43,8105
77,4307	56,3932
192,7055	102,4647
238,7788	-54,2311
92,9617	7,2428
74,0232	95,8453
151,3562	4,3580
97,9438	-20,2841
121,4057	-184,1238
58,4919	-35,3569
84,5741	-66,5554
109,0861	-223,3161
107,0507	-311,9850
137,4602	-182,8153
38,7618	-303,6636
-61,8342	-193,8907
42,8916	-34,2481
73,7571	-148,6728
-27,4303	-35,6881
-166,2320	-248,1545
-146,5716	-154,4366
5,8653	-121,9316
126,8419	-265,6499
101,4153	-6,7838
70,1550	-117,2801
229,3412	-219,2524
164,3294	-187,8605
19,8907	-289,2457
48,2029	-196,5783
172,0647	-182,0313
233,1422	-346,6555
255,6879	-230,9203
171,7999	-334,2691
149,8472	-377,9137
187,4006	-245,3358
164,7237	-119,7714
148,2093	-337,8722
42,3035	-163,6777
180,4543	-363,8911
-28,4768	-163,8745
7,5026	-263,9501
-59,6713	-284,1362
21,9181	-119,1172
-77,9600	-424,7777
-71,7998	-425,1022
-147,6266	-261,2000
-285,2506	-471,7003
-245,4696	-353,9958
-240,2285	-313,4977
-226,5962	-497,2564
-184,1956	-244,9453
-316,9045	-273,7808
-189,7644	-312,0518
-158,6336	-1,6763
-158,7662	-304,4518
-347,1807	-165,9713
-232,0314	-165,0562
-143,3637	-233,9326
-227,2516	-252,3480
-106,5324	-303,4008
-201,6930	-353,0093
-127,7688	-178,5543
-62,9536	-287,4116
-214,4730	-221,5471
-258,3143	-264,1454
-159,6824	-144,4782
-119,9693	-51,6158
-178,9489	-284,2026
10,0574	-353,6673
-16,0948	-90,6072
40,7272	-209,9499
-85,3636	-268,4063
-110,5283	-133,0089
-32,2796	-336,5633
57,4397	-312,4436
-76,5831	-316,8372
57,5028	-428,6399
-62,2971	-266,6359
-48,8610	-413,8317
-64,9854	-479,5617
-209,7530	-242,9140
-341,6075	-345,6760
-95,8515	-350,1953
-65,7040	-235,7724
-117,4125	-508,5300
-100,3717	-328,5019
-132,0229	-311,7264
-29,7880	-397,9696
27,2274	-211,7847
24,6069	-237,0143
-37,1269	-212,5038
21,6579	-266,1136
90,8631	-431,7855
-81,7590	-138,5764
39,2870	-234,2634
12,8738	-407,2079
-30,6410	-216,1048
-34,9025	-172,2646
-176,3915	-243,6315
-6,6578	-125,9944
-21,9257	-226,7902
-166,8915	4,5522
-86,2170	-64,1307
-64,1979	-287,2121
-198,6767	-20,3499
-151,6861	-209,2903
-126,7846	-182,5499
-215,6508	-62,5542
-98,5383	-128,6812
-167,4834	24,2794
-211,9162	-16,5529
-333,2868	-335,9715
-132,2250	-176,0628
-228,6290	-136,0250
-183,6035	-312,2481
-97,1619	-134,1236
-213,5537	-351,3104
8,4829	-431,1953
-79,5983	-397,1822
12,3509	-262,7706
-75,6002	-131,1739
-31,1667	-355,6356
38,3012	-189,7615
-181,3761	-37,8518
-188,3867	-257,5256
-190,4847	-217,0219
-238,0639	-4,6222
-213,3573	7,2397
-167,8106	-19,5614
-210,4100	-129,2044
-269,9807	-167,5390
-153,5250	185,0426
-254,7126	113,1462
-206,3467	4,0970
-291,0846	68,5846
-297,8337	-11,3048
-253,4667	88,6383
-291,8061	72,5793
-301,7002	-52,8531
-403,8057	-44,8579
-312,5139	-111,6388
-327,0642	-88,3740
-259,5633	54,8872
-334,2081	-105,8711
-350,1340	-71,8582
-314,4833	-21,0682
-372,6119	-53,8360
-181,2480	-51,5423
-326,6735	-48,5268
-311,2059	46,4338
-353,2779	243,6952
-251,6325	-17,7937
-199,1399	42,7661
-316,1865	224,6247
-215,1934	107,5117
-265,5258	187,9912
-261,1998	-29,5897
-189,5013	-160,1988
-113,9391	-64,0590
19,6228	-65,3076
-98,7989	5,3392
16,6751	-59,6744
-35,5545	-234,5245
54,7521	-280,4641
-90,2772	-274,6982
43,6800	-371,4293
105,0199	-321,6213
-11,5688	-330,7333
38,8309	-388,8609
126,8448	-351,4412
85,0310	-505,0554
73,5651	-294,2256
197,0315	-317,4276
14,5796	-316,5073
47,6780	-58,4943
46,4297	-256,3487
-108,1031	-132,2206
-214,0745	-6,6561
-70,6179	-155,4881
-104,4351	-274,8267
-177,1179	-188,1222
-194,6145	-131,0416
-215,7193	23,1633
-312,4485	-290,7549
-322,4107	-318,0133
-267,6227	-137,2018
-332,5026	-198,0876
-237,4741	-278,3661
-189,3725	-217,7474
-134,9100	-474,1225
-77,1739	-381,1258
5,4677	-476,8745
-77,8935	-435,5195
-101,9440	-225,8066
-75,8597	-252,0868
19,1661	-270,4366
-173,7039	-184,4543
55,3420	-218,5973
43,2841	-261,4570
-39,0317	-270,8297
-96,9641	-289,6379
-159,2222	-131,1736
-59,2805	-410,1612
-124,3600	-416,2517
-79,4682	-137,7280
-269,7172	-371,7571
-210,5376	-299,0774
-143,4957	-330,7309
-284,5292	-352,7513
-51,6773	-293,1133
23,0295	-431,4623
-209,0303	-405,0484
-138,0535	-287,8728
-1,6076	-429,3656
0,5537	-354,3247
-126,1266	-361,4706
7,1737	-465,5377
-16,1583	-291,9984
-100,4382	-252,0221
-47,8109	-256,5432
-91,1967	-83,0697
17,7892	-194,6110
-134,1231	-71,4672
-146,0481	-56,5932
-9,3415	-246,7752
88,5022	-88,7702
-85,2333	-167,7397
36,0747	-164,9222
-109,4807	-114,9193
-4,2291	-234,4567
92,7614	-190,6126
-105,1574	-180,1932
-51,0217	-255,2316
-112,8899	-304,3179
-137,6624	-41,7823
-107,4513	-272,4035
-44,3419	-169,7729
-66,0338	-257,2640
-165,3213	-158,5019
-274,3068	-150,3765
-202,8710	-312,1846
-106,4027	-416,6468
-300,3901	-209,7528
-229,4766	-554,9291
-84,8417	-274,6971
-245,9928	-408,9183
-161,5820	-339,6437
-186,2242	-190,0288
-135,0408	-283,8759
-9,3439	-458,2620
-126,4576	-276,2698
-107,4523	-438,2744
-348,0984	-155,3548
-161,5827	-305,7616
-226,9247	-308,4466
-67,6062	-56,0702
-128,5565	-295,5386
-219,3872	-331,9108
-169,5793	-246,4524
-273,9128	-411,4721
-226,6594	-390,8924
-112,8239	-421,5664
77,8169	-469,0770
-90,3473	-364,1559
-173,9054	-510,3026
-207,4584	-490,4427
10,7071	-386,8328
-240,0339	-453,4163
-393,2543	-460,2972
-289,4454	-431,6591
-180,2658	-574,1972
-372,8747	-245,5343
-341,3502	-146,4473
-178,0360	-332,6978
-102,0156	-210,2102
-126,4585	-269,5860
17,4575	-244,8752
-272,4049	-26,8409
-113,9374	-153,9131
-73,4358	-11,8303
-13,1439	-117,6061
117,4030	-151,3546
-92,1150	-9,7323
-69,5035	-117,0809
-125,7976	-146,3081
10,1219	22,9692
-84,5125	-91,4573
28,5396	76,1831
66,7440	-265,0626
-70,6181	-233,7331
98,5318	-88,5746
3,3064	-307,0048
5,4714	-230,3937
85,7520	-227,8385
158,8241	-310,6109
40,9242	-148,8694
0,8189	-294,7537
-19,1049	-426,0839
-33,5242	-209,6863
-28,0182	-258,2505
-58,6905	-397,4461
-11,0449	-179,2775
-64,2631	-350,1293
-31,0990	-83,4621
-0,1690	-102,6037
-83,4631	-286,4276
-60,0017	-214,5999
-42,5685	-281,1192
-26,7751	-202,4101
-34,5059	-62,9518
-71,0108	-397,3163
-80,7732	-297,1110
88,7005	-449,0884
164,9834	-447,7119
-19,4343	-261,7238
25,9829	-441,8819
-17,6655	-482,5131
58,8153	-295,9329
-65,5076	-344,5616
-15,6325	-461,7378
14,9047	-336,6952
-55,3498	-250,0579
-52,9233	-233,0832
-166,0384	-320,7703
-74,9412	-315,2625
146,7643	-187,0102
85,2904	-334,5299
47,1519	-315,5231
122,7147	-27,8875
160,3980	-223,1196
172,1299	21,1986
113,4114	-122,0638
360,2182	-180,1909
195,7250	-146,0470
186,8118	-126,8467
332,0394	-231,2423
210,6001	-78,2847
110,5279	-182,8793
60,1967	-126,8455
100,6977	-31,5594
50,3641	-246,4494
39,1577	-60,5894
65,8297	-211,5852
34,2405	-240,4834
65,5015	-61,6377
-34,1127	-43,1573
-24,0201	-41,9118
63,6671	-35,5564
-54,1024	-178,1599
33,2590	-139,5596
14,9078	-114,1990
28,9322	-158,7611
-14,6491	-85,6269
-7,4411	-274,1729
-25,1356	-304,5148
-131,6971	-270,1091
-64,7848	-382,9613
18,6393	-168,2655
-36,6081	-103,7807
-149,9196	-140,2831
-244,4205	-29,5273
-121,4768	-200,7051
-13,7359	-137,0661
-148,4149	79,0029
-338,7261	-10,7138
-138,5797	140,3485
-49,7142	113,7374
-69,5711	27,2990
33,9095	244,2222
-102,7970	-140,4103
-63,4080	-127,4959
-63,4073	47,4162
-15,4362	-202,9320
-89,6205	-201,5553
-111,0506	-171,3465
111,9680	-400,6535
-53,6427	-103,9093
60,6529	-114,9876
101,9387	-234,5896
-73,6307	-138,7750
-50,2348	-197,5628
-38,5699	-161,5142
22,1804	-194,6123
-109,9388	-175,7369
-134,5159	-65,4393
-37,2610	-158,6309
22,9669	-154,9608
28,0124	-27,8215
-239,0441	-160,9913
-122,9766	-44,6635
-33,0625	11,6942
154,6953	-157,3222
96,2385	-90,1464
77,2990	-237,8648
161,5777	-130,7790
168,3935	16,6758
238,3199	-245,5332
101,4827	-357,7282
140,2791	-244,3511
91,9804	-367,8210
141,3290	-265,4548
106,3329	-220,3016
79,4628	-424,5100
95,5843	-131,1732
-73,8917	-226,3980
75,3990	-238,5195
-86,8049	-18,9781
-223,2498	-229,7404
-53,0543	-208,5718
-71,2778	-268,7337
-243,3086	-429,2962
-214,8002	-296,7163
-238,6586	-299,6022
-195,4680	-387,0901
-270,1153	-258,6388
-233,9370	-165,7104
-307,7965	-34,6369
-178,4926	51,1474
-233,8696	-163,2830
-142,3162	-38,3031
105,8021	16,2853
-100,7676	-33,3879
-79,4660	118,5223
-28,0200	-107,7736
8,0228	-133,5273
-52,0741	40,7956
-207,3261	-52,9231
-201,4287	-144,6070
-241,2090	-222,6617
-77,4355	-396,1996
-133,5367	-171,4768
-215,7829	-265,7208
-50,6990	-314,1484
-215,7845	-62,8859
-116,6275	-222,3982
-206,2804	-153,3877
-126,0651	-30,4426
-182,3575	-130,5795
-107,8442	67,2745
-1,6111	-44,9893
-158,3722	57,9691
-21,4660	-31,8160
-136,6131	-1,1440
-15,6995	170,2966
7,5010	123,5666
5,9276	-84,8359
-55,4138	-63,4029
-79,3976	3,9631
0,8849	-230,3903
89,9448	57,1807
-48,9874	-108,3015
185,1054	-113,2786
55,0156	-158,8942
108,3639	-197,6246
234,6517	-117,7350
121,6658	-140,8719
188,7757	-215,2533
175,5364	-129,5329
92,5033	-268,7973
114,6536	-234,5848
43,2175	-115,4427
-52,8571	-172,5261
-0,7569	-195,7242
-57,4461	-118,7866
-115,7750	-187,9919
-200,3130	-192,5802
-138,5140	-176,1966
-55,4153	-375,9481
-145,0684	-177,4396
-132,6142	-329,7467
-95,3250	-210,6659
-144,9343	-46,0453
-62,1644	-152,8012
-82,4787	-177,2475
-114,0020	-247,0419
45,9708	-360,8762
-69,7005	-248,5477
-17,4691	-440,1762
-149,8507	-341,2797
-4,1648	-185,1094
-202,0162	-350,3915
-90,4096	-191,9902
-12,1600	-187,9284
-131,5014	-258,0502
-31,2286	-60,0017
11,8921	-75,3383
33,4549	-200,0503
119,5024	-42,1752
91,3228	-82,2814
74,1535	-26,7731
198,0813	-72,6467
55,0842	-11,6306
142,8367	317,4889
122,5201	-61,2426
186,2867	-41,4464
77,6943	188,6464
210,3374	-29,2581
139,6910	-4,7472
262,9616	33,9833
4,4233	117,6719
102,2045	308,1822
118,7194	-102,7273
87,2608	-22,2466
206,7991	161,7760
110,3961	-65,5695
154,3711	1,0170
144,2783	138,3767
160,5974	-168,9192
187,0746	24,3475
191,0707	28,9309
241,7954	-141,2628
191,7910	-46,7598
118,5875	-20,5448
180,9758	-8,6829
-61,1114	21,2015
64,7815	-31,6192
6,9765	118,3289
4,8823	256,5409
-45,9103	120,3589
-10,3898	239,5043
72,9709	307,6616
-40,4058	138,9722
53,7690	268,4068
-3,9691	194,2851
-101,6831	56,6612
-221,0878	111,5810
-149,6540	221,6800
-215,6503	401,5729
-210,3426	72,0577
-224,4974	-31,3524
-211,3928	130,3872
-308,6463	89,4250
-228,8905	-23,4917
-155,1618	-75,0675
-251,1742	22,7775
-168,0063	107,9721
-294,8190	75,9260
-5,8704	91,5231
-27,1727	147,5581
-111,1876	119,0492
-22,6482	154,2440
-165,7773	364,6130
-103,8457	288,1334
-82,0225	409,6365
-76,8440	388,7949
67,7901	236,4273
-180,5888	245,6672
-84,8382	267,4250
-57,8406	300,5858
-107,3854	334,2039
-143,2317	57,7758
-61,3136	263,8864
-135,1720	172,7892
-90,8716	271,7504
15,8860	503,5473
-259,1692	245,8589
-44,9970	46,1764
-109,6189	170,5625
-279,2234	94,6056
-377,1988	261,9180
-409,1793	145,1296
-263,0354	175,2132
-327,4574	209,4213
-243,8971	139,2953
-75,2753	-100,0384
-205,6903	203,5236
-132,8777	15,4969
-19,9600	-143,4876
-15,3729	-4,1607
2,3893	-231,4382
-68,2589	71,3391
8,6804	-67,7318
-7,4419	-169,7016
-120,5564	169,6412
-184,9773	133,3320
-126,7819	67,9945
-119,4442	124,4205
-133,5360	-54,8185
-178,0352	88,6402
-300,9800	130,3195
-182,2310	148,3434
-368,2863	173,8348
-279,6806	109,0862
-266,9692	96,3751
-162,3055	79,7271
-193,5029	100,2400
-36,8690	54,9566
80,5704	149,5231
128,3465	91,9829
-93,0962	238,4552
51,1502	111,6396
131,1686	11,3104
203,2586	225,0865
-25,8537	98,2707
93,4890	53,7751
63,8647	26,7741
31,2270	8,2282
13,1409	228,7543
122,2549	7,5043
24,6724	76,9087
-1,0194	103,9086
41,8427	-22,4452
-52,0716	101,2899
-29,7886	244,6122
64,7134	113,5422
-48,2693	106,6614
-3,9010	16,5499
128,4798	13,0778
67,2692	88,5729
-18,9106	-24,5414
-132,0862	-12,6149
88,5050	-121,7326
123,3679	-76,7087
128,4166	16,8740
110,7871	-6,9168
48,5940	-95,3240
223,5761	-58,2299
250,3131	-193,1699
197,7525	-175,6691
65,0458	-54,3651
69,1714	-173,3112
116,6882	0,8160
187,4652	-174,6251
33,5204	-241,4027
134,1201	-169,3150
124,8130	-245,1406
206,4695	-135,7596
112,8207	-143,7575
229,9313	-190,4824
198,8029	-160,0736
26,1817	-111,9054
131,6962	-199,1312
49,1193	10,9110
213,8125	-92,3741
271,6126	4,2950
125,9911	170,4906
182,7465	23,2314
73,7587	89,0996
-29,5887	92,1116
77,8878	-21,1995
120,9433	92,7689
-4,0978	-33,3893
48,3307	-58,4889
87,1941	-100,6280
133,1355	-16,7449
49,4485	-89,1628
24,2176	-69,1754
221,1536	-176,3920
212,5016	-65,1804
243,6308	-189,5024
217,4165	-282,7583
143,5570	-245,7961
167,0177	-369,2655
79,2640	-353,2062
-113,3453	-134,1869
-158,6285	-185,5681
21,9849	-139,6905
-58,8222	83,2619
-149,3921	48,9208
-61,1160	-24,3475
-253,6592	52,9203
-135,2355	-28,9325
-59,3460	211,3199
-112,8893	28,8670
-4,7547	9,2745
-35,2949	-53,3140
36,2054	-113,3406
1,3387	214,9257
-27,4290	139,6872
-8,2927	74,2875
39,2199	150,8322
14,3834	130,0553
-40,9953	13,0120
-43,6792	61,5074
-28,9993	-105,3472
7,5696	-22,8365
219,5113	-85,6885
113,3431	-8,2882
116,8180	10,9098
94,9289	-163,2182
48,7912	-124,0910
93,8143	87,9142
125,7300	-174,6217
-85,6234	-198,6700
-130,0548	36,0769
122,6502	-115,8343
33,3215	-49,9696
-132,8753	45,8425
-182,6180	-19,0366
-59,9345	41,7149
-8,6224	-37,3214
-161,3863	82,8714
4,3526	18,0554
-171,4142	-55,1455
-182,4886	117,6705
-130,3882	31,3592
-241,3408	194,3489
-78,6125	140,4099
-316,6419	84,3777
-236,4214	-25,1956
-137,0715	82,3470
-66,8176	-77,9541
-102,4044	-32,0114
-119,7699	0,7541
-165,6441	32,4738
-62,0343	58,2271
-104,6971	-191,5273
-75,7303	-157,0526
-149,7222	171,0157
-145,1312	-83,9196
-117,4762	15,8940
-101,3554	-168,0014
-107,5801	-131,7570
-118,9840	39,8138
-62,1625	-31,6227
-88,5743	-72,4492
-64,1295	-17,8583
-0,3621	-3,1130
17,1347	-27,5584
-71,4030	-88,4397
66,4178	-89,6844
-0,6254	113,6725
-23,9565	44,3982
-18,8441	-21,1329
29,5851	117,6691
-182,8795	61,1787
-37,6513	34,1785
-63,8015	40,8618
133,7892	20,6131
185,6929	70,0910
161,3796	-47,0210
181,2376	-64,7138
202,0131	168,0007
226,9179	-61,1131
137,3959	-143,0304
265,7809	24,2155
280,7223	-184,6460
187,9882	-25,3941
141,5919	-34,7672
165,7067	-105,8075
27,9517	-5,5381
-17,3977	-123,9617
42,6330	-73,4329
134,9055	0,2278
40,7945	-213,1561
205,6182	-345,1438
45,6426	-192,7731
38,5651	-145,3920
13,3987	-1,3460
-98,3406	-246,1882
-61,3787	-331,5771
-200,7075	-35,6856
-172,0714	-128,7479
-134,7140	-145,5226
-199,5316	-17,4683
-254,3836	-221,0201
-242,9804	-32,6701
-96,4426	-189,9570
-119,7092	-46,8914
-143,9547	-56,1988
-216,3723	-347,5685
-155,5533	-76,3146
16,5442	-124,6829
-64,7215	-34,7025
-74,8128	26,0473
-21,0736	-200,5086
-52,9234	-265,1903
-195,3976	-61,7691
16,2170	-155,8147
-66,4911	-200,3763
-181,6366	-67,8653
-112,4307	-257,7215
-91,0005	-7,0467
-22,5833	-38,6375
38,8258	-197,8220
-131,5697	-171,9342
-311,2650	-209,4882
-126,1254	-225,6083
-15,5049	-142,0498
-73,6353	-339,1809
-131,3723	-36,8645
-165,8455	2,0610
-238,1300	-250,5113
-252,6792	45,1882
-151,4929	-173,2451
-253,2701	-81,0977
-323,1307	173,5052
-277,0577	40,0741
-239,1778	3,8992
-309,6285	-38,7004
-180,1961	-165,3778
-104,3046	41,5171
-157,3889	-205,0961
-16,8812	-106,2006
-40,0804	-70,2225
-71,6018	-62,5562
-79,1396	-193,1680
-105,0254	1,6699
-50,5634	-224,2980
-21,7936	60,5877
-59,6740	-75,4011
106,9836	-271,6779
9,1397	3,0499
-107,6435	-6,6532
42,9572	5,4071
-0,5594	118,3243
-4,4264	-100,2370
-32,4776	21,4651
-108,7595	-47,1516
-137,3345	-94,7941
25,9144	211,6494
-11,3129	117,0798
-178,5589	145,3938
-262,9016	138,9026
-86,5449	-55,2121
-291,7372	0,7564
-157,1268	-44,7279
-225,8741	-85,6207
-216,2383	36,6666
-48,7302	-56,0670
-97,3582	-362,7064
-38,1131	-88,6364
-110,1357	-25,6581
-35,6204	-126,8446
-144,6726	110,7863
164,5266	-94,6684
176,7791	-90,0782
3,3725	-105,2181
41,3191	-192,7052
155,8743	-9,7974
-63,0807	-28,1473
-54,9528	4,2266
-29,5920	-24,0174
-13,3402	-98,7932
-36,8015	180,9790
-96,8981	80,0515
-96,0461	-98,0060
-103,3872	149,6544
-190,0236	145,3938
-148,5397	-2,5216
-104,8930	25,9235
-98,9306	19,3043
-13,3395	173,1826
-170,0359	199,4596
-1,0177	-82,0801
53,1132	163,9426
-112,2314	89,2288
73,7594	74,4202
84,0465	264,1428
21,4614	-58,6854
60,2579	-8,3511
-54,0352	65,5697
-103,7114	106,7922
2,6545	138,6407
-70,8152	-116,7520
-69,5022	-64,7812
-1,1486	-15,7619
-47,2215	-153,7135
48,7239	-45,9064
116,2249	-0,0340
50,7541	-80,0502
163,8043	172,4590
-2,8507	5,8647
47,0867	-14,6446
246,7750	146,3772
248,8030	46,7607
86,7358	-6,9115
86,2775	69,6342
130,5790	53,9044
17,2669	46,8275
-28,1471	114,1308
47,0206	-198,8662
122,9093	36,7367
8,1569	35,0948
23,1651	-3,2410
3,8323	140,9352
76,4452	-9,2062
81,2954	65,2434
112,9501	-22,1823
82,7383	76,5181
164,0690	237,3393
252,6068	215,7130
172,7194	182,1631
123,1094	404,1278
110,5287	131,9610
192,5769	207,2646
197,8846	386,3712
67,3385	100,3077
28,3426	350,1977
28,5410	316,0487
-78,0878	179,0818
-79,7905	227,2495
-32,9334	154,8979
139,2256	244,9458
10,1879	281,5779
-72,7811	330,2693
-156,9933	171,7395
22,1823	22,1221
-92,2454	220,5009
-135,2337	258,5710
4,6840	96,2396
121,4012	-24,2141
70,9385	55,7389
77,7560	-206,9291
8,4172	104,3013
5,9307	101,6759
76,1823	-49,6434
55,0153	119,9629
156,9227	-5,8664
69,3017	-92,3057
98,3991	46,6295
25,2625	-40,4018
-90,7370	-21,3967
43,9405	-159,9390
-13,6679	-38,0418
-63,7361	140,7373
-39,4887	-141,8543
-69,4405	-234,0590
-204,0489	15,1723
-178,6209	-124,6833
-95,4592	-87,0630
-157,0609	83,5238
-203,8541	-114,1328
-92,9005	-37,9129
-83,3336	-68,7154
-40,7341	37,1251
28,6696	-9,6048
-12,7494	-143,1641
-20,7428	-101,2845
165,1826	16,8725
119,5032	-189,2998
116,6212	-13,1404
287,4066	-14,4517
17,9896	-117,4086
171,1484	119,6350
89,2942	18,1182
245,5967	-140,4758
241,7288	-108,2319
163,0869	-264,4026
143,8205	-9,5322
307,7903	55,3443
230,3923	-147,0946
224,2318	-43,4811
187,4031	-136,5433
244,2856	-68,5160
266,7657	-71,7281
213,7471	-94,9931
112,2316	52,6579
115,0513	-159,2185
208,7661	-32,0766
130,5793	150,5026
65,4399	-42,5646
-25,6576	-141,5214
28,5424	211,6499
120,1574	110,9180
89,8806	127,2373
-0,1002	71,5303
68,1880	-214,7274
-14,8457	22,5786
40,0085	-62,2273
57,8992	-65,6983
128,1529	185,1726
5,0779	118,3908
-19,2998	206,9971
79,4619	230,7211
224,0981	114,7903
26,8361	197,5636
90,2109	110,2040
142,1777	171,7450
5,0146	445,2880
79,1995	185,4387
-7,5698	417,1095
164,1995	278,2358
-3,7052	91,6593
-75,5955	333,8140
141,8509	281,5121
130,5760	313,4300
9,9268	442,4681
15,7591	176,8507
16,7423	186,5528
4,0924	220,7613
-14,7794	160,2076
-1,6735	311,9875
120,5512	263,4882
123,8256	143,6265
120,7468	258,1819
1,0799	71,9288
76,9039	-6,3850
135,6884	53,0561
134,8364	44,4038
-31,2963	115,8382
23,0317	224,8873
-203,4582	-113,9313
-5,9989	187,4039
-1,5432	232,0945
-144,0832	-88,3080
-32,4740	105,5474
38,2380	72,6455
119,4366	-178,0273
119,6983	-132,6754
-113,6099	-119,5044
-11,6326	-60,0631
64,7787	-106,2673
-118,9187	-154,1715
-12,4884	75,7268
-123,9668	-55,9367
-96,3086	-61,3076
-96,1146	8,6833
-243,7664	-75,1371
-275,3520	36,4043
-102,8639	23,0331
-135,1738	-136,0862
-320,8345	-40,6675
-63,9981	-291,5380
-61,3797	-263,7478
50,1640	-82,7402
-50,3020	-135,3010
88,1752	-136,8716
17,7917	-87,4579
27,0961	-234,3860
-168,1978	198,9355
195,0665	100,3008
177,7600	-132,7402
26,4397	6,0000
-120,6866	-209,9424
-66,4897	-57,6336
-146,7042	57,5058
-165,3826	-157,2526
-81,2997	2,1295
-113,2793	-203,2623
37,8446	-257,7842
43,6779	-80,6453
68,4520	-184,0601
201,4907	-139,9551
406,9448	-209,3577
333,2821	-334,7260
150,7670	-47,6790
104,5682	-173,0513
299,1420	-89,9485
291,4740	51,3464
413,5657	-183,6652
250,9057	-111,7019
223,1852	71,4683
163,4831	73,3680
239,1119	-58,4215
324,2411	28,9358
195,0700	21,5316
298,9466	231,3755
228,4930	60,7836
366,9690	-97,6776