-2548,6139	-4451,9550
-2604,9741	-4464,4056
-2644,4948	-4350,5702
-2624,0443	-4548,9449
-2681,4563	-4419,5789
-2528,9528	-4469,7808
-2645,9376	-4584,5984
-2729,4919	-4549,0095
-2710,4223	-4426,3960
-2792,6672	-4565,1343
-2712,0600	-4387,9258
-2676,4742	-4499,9263
-2715,2066	-4540,0332
-2639,3848	-4305,4812
-2889,7284	-4401,8862
-2727,3987	-4384,5162
-2783,9550	-4528,5648
-2791,7558	-4606,3533
-2704,8520	-4401,1607
-2769,9969	-4368,0678
-2637,0868	-4379,4052
-2612,3806	-4490,8156
-2527,3797	-4519,4561
-2579,9394	-4578,8290
-2459,7440	-4475,3500
-2523,4476	-4519,8504
-2484,8445	-4628,4430
-2525,4786	-4689,2605
-2572,4679	-4585,1895
-2657,3354	-4480,9248
-2641,2822	-4698,2417
-2653,4070	-4666,1933
-2744,3062	-4665,8024
-2771,5049	-4828,5257
-2994,1951	-4668,4215
-2870,2677	-4677,2076
-2959,6600	-4896,2903
-3014,1188	-4870,1427
-3035,2229	-4952,1282
-2952,5166	-5059,3439
-3121,5336	-4854,7445
-3018,9704	-5036,6734
-3168,9827	-4922,3785
-3185,2349	-4860,2569
-3108,6896	-5215,7208
-3113,4781	-5286,4329
-3353,3379	-5327,1975
-3226,1326	-5347,6434
-3403,8024	-5242,2013
-3434,1451	-5434,8741
-3208,4425	-5323,5934
-3349,3462	-5381,9234
-3545,4933	-5384,4135
-3597,2009	-5403,7464
-3415,5369	-5405,1896
-3528,7197	-5542,1590
-3453,6805	-5441,8904
-3643,7354	-5437,5009
-3649,7649	-5514,5069
-3519,0867	-5676,3790
-3699,8368	-5521,4545
-3817,6674	-5787,2033
-3666,7404	-5958,3132
-3812,2957	-5770,4258
-3670,7401	-5631,2308
-3720,2179	-5980,2101
-3773,2398	-6032,7672
-3763,8014	-5956,7488
-3995,9955	-6175,5726
-3921,4798	-6092,9314
-3992,8513	-6081,2026
-3933,7375	-6163,3849
-4126,8084	-6106,1072
-4113,0444	-6147,3954
-4223,2786	-6247,9275
-4160,9537	-6183,9654
-4302,3806	-6331,2246
-4267,6497	-6345,2495
-4320,2738	-6390,7987
-4224,6618	-6557,3906
-4392,8917	-6424,3534
-4707,7258	-6513,2894
-4555,5507	-6568,7330
-4599,1392	-6665,4014
-4736,8266	-6884,8800
-5047,2713	-6874,0022
-4742,3990	-6861,6846
-5119,5613	-7177,9618
-4969,2193	-6984,4984
-5243,6219	-7157,7142
-5222,1263	-7118,9815
-5224,4208	-7126,2572
-5235,5663	-7246,9109
-5398,2252	-7351,2423
-5510,4908	-7472,0258
-5504,8524	-7516,4609
-5383,0267	-7572,2322
-5616,3319	-7618,3725
-5644,9076	-7767,1397
-5482,6403	-7684,2387
-5525,3730	-7849,3912
-5516,1960	-7931,5073
-5827,6236	-7886,5520
-5685,9329	-8112,0620
-5788,7611	-8002,8780
-5692,0302	-8097,2543
-5944,9995	-8183,2344
-5841,4533	-8083,7544
-5862,0994	-8380,7623
-6060,1498	-8320,0756
-6052,8754	-8300,6139
-6130,5378	-8450,8867
-6089,1192	-8396,7547
-6367,7805	-8364,7785
-6028,6978	-8587,3342
-6404,2229	-8558,9593
-6464,3164	-8705,8252
-6582,3487	-8728,8294
-6471,8566	-8682,4305
-6803,7307	-8756,2267
-6640,6120	-8664,0177
-6802,2259	-8788,7342
-6823,0667	-8869,6723
-7019,1496	-8870,7863
-6815,8593	-8969,5511
-6987,4341	-9215,4401
-6991,2358	-9204,2336
-6988,0250	-9131,0975
-7069,4241	-8939,2107
-7156,8468	-9122,5839
-7348,8702	-9230,3224
-7239,8824	-9341,0790
-7414,3439	-9330,3303
-7360,7328	-9368,9987
-7677,4060	-9437,8129
-7499,8672	-9570,9807
-7755,0671	-9383,9445
-7585,5920	-9611,3568
-7600,2084	-9779,8466
-7759,9215	-9702,7782
-8045,7203	-9877,6298
-7872,3132	-9892,5064
-7818,1837	-9844,2091
-7725,2559	-10132,8953
-7945,0626	-10057,3983
-8041,6624	-10210,4921
-7849,5109	-10447,2060
-8087,0809	-10290,9041
-7963,4119	-10272,1636
-7954,7620	-10410,4437
-7962,5635	-10215,3458
-8084,7860	-10290,9754
-7929,3992	-10412,8700
-8119,2570	-10339,8005
-8037,6001	-10553,1184
-8076,3947	-10509,4052
-8018,5964	-10443,4780
-8279,8840	-10486,7985
-8022,0030	-10619,3116
-8067,2890	-10701,2957
-7954,2429	-10628,0935
-8031,9670	-10647,2326
-8217,1076	-10706,2137
-8198,7551	-10708,1818
-8325,5686	-10830,6059
-8230,2778	-10886,5708
-8343,8530	-10890,3099
-8288,9998	-10879,8263
-8241,4887	-11272,7134
-8350,1482	-11190,7934
-8522,9633	-11215,2399
-8371,7097	-11187,2575
-8571,9860	-11199,9733
-8563,2082	-11163,3389
-8592,5652	-11188,9627
-8632,2838	-11183,3933
-8633,8546	-11229,0047
-8754,6406	-11330,2572
-8721,6750	-11428,4274
-8745,2698	-11378,6853
-8735,4389	-11251,7454
-8996,4690	-11353,4565
-8886,0396	-11342,1846
-8969,8601	-11316,3652
-8731,7707	-11324,0328
-8832,8932	-11406,2828
-8998,5669	-11335,4379
-8851,5019	-11360,6031
-8890,6964	-11356,7380
-8938,9944	-11459,1706
-8901,5082	-11440,2954
-9036,2499	-11411,0675
-9016,7877	-11521,4943
-8994,1120	-11398,7459
-9009,8445	-11553,8693
-9205,1389	-11515,1365
-9285,4222	-11475,6200
-9290,0079	-11504,3227
-9383,5290	-11381,2480
-9114,5710	-11456,9427
-9257,5052	-11422,4690
-9205,8628	-11354,8370
-9158,7404	-11611,1482
-9214,1849	-11569,0698
-9100,3465	-11305,7508
-8997,7854	-11474,7034
-8999,6168	-11602,1674
-8911,9335	-11474,5712
-9010,9532	-11513,6942
-8874,7057	-11263,8736
-8819,0647	-11373,7131
-8847,0487	-11529,2260
-8843,5075	-11339,9561
-8760,1468	-11256,7280
-8606,4639	-11174,0207
-8738,9119	-11190,7317
-8669,5729	-11289,9513
-8716,1026	-11115,1648
-8655,2187	-11051,0072
-8635,4266	-11063,3933
-8542,2354	-11102,4523
-8628,6101	-11146,8198
-8444,0635	-11064,8350
-8580,5731	-11098,5874
-8717,5442	-11269,5041
-8470,6033	-11201,4769
-8581,4292	-11202,7894
-8496,2311	-11249,9078
-8773,9066	-11067,4575
-8645,1263	-11080,5622
-8770,6296	-11082,8566
-8711,0572	-10807,2784
-8748,7392	-11017,1896
-8600,4317	-10934,6755
-8686,0226	-10806,1618
-8556,6564	-10904,6619
-8763,2878	-10838,7291
-8620,6146	-10709,2984
-8424,9925	-10633,3421
-8460,8415	-10810,4202
-8560,9114	-10843,4458
-8441,3731	-10788,1333
-8347,6577	-10608,5646
-8389,5331	-10459,0129
-8304,2690	-10476,1823
-8322,4231	-10479,1953
-8050,1856	-10437,9046
-8324,0584	-10318,3675
-8174,9637	-10278,4547
-8159,1025	-10140,1737
-7898,5342	-10069,1333
-8034,5855	-10056,8097
-7934,2498	-9958,6368
-7930,7761	-10039,9020
-7855,4766	-10118,9993
-7860,4562	-9870,8152
-7912,0976	-9891,7223
-7845,8391	-9948,2794
-7983,2025	-9842,8938
-7805,9901	-9828,6095
-7815,0999	-9750,1607
-7614,6911	-9574,3952
-7671,7720	-9787,5801
-7471,1665	-9526,7462
-7556,8861	-9588,8095
-7519,5951	-9476,8713
-7497,0489	-9443,3179
-7472,0153	-9530,9372
-7265,4454	-9276,1984
-7402,8094	-9189,8895
-7280,0581	-9321,8115
-7283,9929	-9330,6567
-7269,4408	-9332,1624
-7295,3290	-9156,7882
-7327,1764	-9065,1033
-7344,0852	-9077,5547
-7198,0046	-8873,7354
-7262,5575	-8874,7209
-7165,4976	-8889,0702
-7293,2915	-8765,8606
-7096,0931	-8690,8235
-6927,6661	-8860,2958
-6958,0757	-8708,2507
-6987,5633	-8559,0277
-6785,2565	-8458,0357
-6789,1196	-8446,6315
-6820,9722	-8494,9943
-6606,0773	-8237,7663
-6793,2493	-8219,8741
-6672,3973	-8352,5150
-6789,1825	-8034,1407
-6606,7943	-7951,4342
-6543,8810	-7851,4270
-6489,9447	-7804,6984
-6482,8008	-7810,7251
-6516,0917	-7685,0269
-6573,2369	-7626,5688
-6380,6281	-7601,0078
-6335,8673	-7452,5028
-6384,3634	-7384,7375
-6478,3391	-7245,4736
-6255,0601	-7321,1005
-6250,6015	-7369,2662
-6271,1809	-7303,9895
-5961,5224	-7106,3355
-6132,8339	-7090,9351
-6039,3764	-7090,6048
-6047,8960	-7116,3610
-5843,6185	-7083,8540
-5843,5542	-7203,5855
-5769,8236	-7044,1376
-5884,0515	-6987,5140
-5794,7244	-6803,8828
-5765,9521	-7051,3425
-5644,7126	-6674,5114
-5556,7605	-6645,0853
-5405,1137	-6658,2575
-5414,3504	-6673,5897
-5512,5898	-6493,6268
-5273,2494	-6342,8284
-5326,5318	-6268,9046
-5342,4539	-6208,2178
-5229,2078	-6310,4497
-5133,0666	-6168,4338
-5273,9682	-6300,0296
-5016,7370	-6272,1735
-5273,9020	-6212,2745
-5051,7314	-6050,4663
-5130,0467	-5915,9228
-4809,7093	-5986,2416
-5012,6060	-5882,6269
-4778,9052	-5827,8392
-4724,5740	-5825,2152
-4694,5609	-5801,2923
-4547,3630	-5506,0525
-4552,0163	-5518,3081
-4543,1683	-5477,3462
-4733,5479	-5589,1476
-4525,0105	-5342,6648
-4659,4929	-5309,8984
-4508,8902	-5231,3201
-4644,4210	-5169,3229
-4586,1596	-5244,9508
-4734,7952	-5042,7708
-4734,7947	-5242,8529
-4637,9346	-5123,0519
-4559,7506	-4983,8528
-4589,1762	-4873,2301
-4562,6998	-4951,1510
-4609,0311	-4897,9993
-4540,1531	-4875,4523
-4507,1862	-4851,0059
-4363,4021	-4816,1384
-4458,4921	-4680,8730
-4444,7951	-4605,8962
-4494,7322	-4411,4539
-4419,3642	-4534,4613
-4277,4148	-4377,8949
-4447,9401	-4146,4238
-4303,9565	-4221,1994
-4501,4808	-4146,4872
-4335,0205	-4163,1332
-4348,1925	-4116,7988
-4267,5848	-4011,6146
-4138,9363	-4227,6191
-4210,1100	-4228,9940
-4129,7605	-4160,3120
-4142,6047	-4174,6661
-4119,6656	-4002,8966
-4123,9901	-4148,8455
-3901,4942	-4316,6806
-3938,9820	-4054,4057
-3843,8878	-4192,1633
-3957,0021	-4073,4766
-3920,3004	-4079,6394
-3974,3007	-4162,4090
-3773,3689	-4083,7650
-3834,6459	-4190,3923
-3858,3693	-4047,7848
-3895,5917	-4065,1525
-3684,6999	-3897,4466
-3671,7889	-3883,7506
-3825,9955	-3873,0001
-3894,4119	-3888,5343
-3718,7117	-3845,3430
-3697,1495	-3810,4144
-3868,7884	-3947,7758
-3661,7585	-3847,6351
-3734,1107	-3842,2617
-3510,2415	-3814,6694
-3783,9158	-3559,0162
-3556,1788	-3627,1731
-3569,6793	-3655,8103
-3540,5819	-3698,1458
-3499,8170	-3641,6522
-3508,6003	-3390,9139
-3388,0773	-3582,4752
-3471,4413	-3570,4804
-3329,8828	-3552,8512
-3517,7735	-3503,8961
-3370,1193	-3436,0663
-3331,1924	-3667,6043
-3358,4540	-3555,0763
-3381,1944	-3394,1217
-3243,1761	-3378,0657
-3369,9207	-3288,4781
-3223,0562	-3380,2916
-3468,7484	-3310,1667
-3197,5606	-3229,3587
-3185,6341	-3174,8331
-3125,0145	-3115,7834
-3275,0898	-2872,2530
-3275,8773	-3130,5290
-3257,3273	-3018,2607
-3275,6806	-2939,6197
-3169,9054	-2849,4422
-3219,8461	-2707,8189
-3316,3780	-2673,0867
-3485,5922	-2823,6849
-3233,8679	-2809,5283
-3381,5873	-2738,8149
-3398,4937	-2569,2102
-3313,8214	-2717,1256
-3162,6316	-2778,9894
-3311,2011	-2691,1719
-3164,3358	-2825,2590
-3151,5555	-2880,6356
-3212,1115	-2692,7450
-3168,6597	-2712,4079
-3157,3232	-2832,2695
-3142,5760	-2666,7285
-3228,6918	-2674,7239
-3105,0239	-2791,7019
-3152,8657	-2767,3231
-3105,7446	-2870,4760
-3246,7123	-2740,1895
-3178,2252	-2598,2415
-3176,5871	-2776,7614
-3109,8071	-2622,4905
-3081,2312	-2691,7626
-3051,3480	-2918,1867
-3071,5972	-2776,8930
-3019,4310	-2897,3470
-2958,7425	-2722,3006
-2941,0502	-2763,1965
-2831,9958	-2878,3414
-2911,2310	-2747,3333
-2841,9576	-2798,6493
-3051,7382	-2780,3624
-2890,5850	-2446,6556
-3008,0249	-2653,2246
-2775,5700	-2634,8071
-2969,6880	-2560,2924
-2855,0653	-2617,5044
-3015,7589	-2592,8625
-2928,8601	-2489,4491
-2869,4178	-2622,7476
-3003,8342	-2565,1439
-3019,7575	-2622,8156
-2982,7961	-2831,1539
-2974,4726	-2685,0744
-3009,4024	-2780,2997
-2880,8218	-2700,5418
-2930,7588	-2743,4696
-2790,9700	-2724,9871
-2905,0020	-2632,7797
-2792,1468	-2613,5755
-2969,1587	-2539,9153
-2670,6401	-2707,6199
-2695,5467	-2714,6948
-2726,6759	-2592,4715
-2702,2282	-2656,3047
-2615,9865	-2619,7330
-2762,7846	-2429,2232
-2663,8285	-2608,0703
-2670,7101	-2717,2503
-2772,3576	-2495,8703
-2848,2456	-2465,6599
-2907,4293	-2520,7087
-2903,8217	-2430,4651
-3046,8233	-2308,6346
-2864,2397	-2485,3834
-2993,1503	-2367,9409
-2869,7474	-2294,8699
-3128,8091	-2363,2229
-3023,5592	-2434,3934
-3079,5279	-2222,3192
-3082,8038	-2261,7730
-3131,6297	-2197,6787
-3102,3359	-2206,1989
-3067,9285	-2280,0587
-3039,5555	-2566,7086
-3214,9934	-2259,0843
-3147,3588	-2416,6338
-3173,3754	-2343,2340
-3121,1458	-2332,5535
-3053,2492	-2457,5280
-3114,5908	-2345,3961
-2913,1326	-2266,4945
-3063,5369	-2462,2478
-2859,5889	-2233,9218
-2956,9745	-2471,0295
-3033,1254	-2289,2328
-2933,5754	-2351,2966
-2833,3736	-2433,2148
-2848,7079	-2313,6126
-2878,0688	-2359,0949
-2889,1460	-2545,0832
-2932,3328	-2287,9883
-2984,0404	-2313,8113
-3054,8213	-2421,3544
-2862,7999	-2246,8336
-3023,8892	-2453,9274
-2963,4640	-2487,4141
-3035,2279	-2457,0064
-3044,8600	-2359,6197
-3176,7819	-2331,5061
-2994,1343	-2390,3567
-3222,2005	-2382,8190
-3128,6127	-2392,8462
-2983,5815	-2499,7995
-3060,5885	-2292,3116
-3064,7797	-2393,5025
-2967,5925	-2371,9381
-2847,7929	-2185,5566
-3107,6442	-2335,1092
-2936,2001	-2247,7484
-3134,1868	-2356,2118
-3187,8581	-2312,6286
-3162,0395	-2339,6951
-3122,8484	-2295,7838
-3362,5144	-2242,6347
-3222,0030	-2227,6282
-3373,5901	-2145,0519
-3244,0912	-2103,8960
-3332,7601	-2296,7686
-3250,8449	-2282,6104
-3389,7136	-2260,7881
-3403,8699	-2274,9447
-3402,2327	-2355,6849
-3442,2762	-2248,4682
-3529,3710	-2431,7733
-3507,2862	-2460,9355
-3256,6133	-2323,6382
-3384,5399	-2480,4660
-3431,5263	-2312,4999
-3508,2030	-2397,4332
-3376,4753	-2590,2402
-3469,8636	-2367,4832
-3254,7771	-2358,4420
-3204,9692	-2520,1170
-3278,5021	-2497,1147
-3322,9329	-2586,5046
-3292,3298	-2411,4588
-3301,6351	-2490,5611
-3606,3751	-2469,3927
-3334,2691	-2388,7187
-3233,3481	-2509,9597
-3417,7652	-2522,4105
-3446,5996	-2546,7235
-3370,8396	-2536,9594
-3601,2637	-2456,8106
-3320,3744	-2476,8005
-3330,6665	-2654,8604
-3199,3290	-2515,3996
-3313,9527	-2708,7330
-3158,3037	-2753,0345
-3137,4635	-2697,6563
-2976,6402	-2533,4925
-3127,0444	-2760,5744
-3247,6972	-2713,9774
-3179,8659	-2830,4335
-3320,0498	-2750,6107
-3229,8716	-2717,3187
-3380,2794	-2829,4488
-3301,8303	-2678,1263
-3409,5085	-2443,2464
-3298,2272	-2496,9878
-3482,9085	-2455,8954
-3332,8962	-2522,2822
-3457,0209	-2469,9828
-3367,8934	-2405,4333
-3504,2065	-2554,8535
-3490,3133	-2537,8775
-3484,9385	-2520,7749
-3421,8294	-2540,6961
-3466,7185	-2553,4773
-3481,3363	-2563,1761
-3352,1618	-2615,1445
-3463,3791	-2429,4816
-3463,4412	-2638,6745
-3482,9066	-2375,7420
-3313,5621	-2537,2896
-3432,7075	-2558,1287
-3433,2322	-2559,3072
-3429,2340	-2458,7769
-3568,8920	-2533,0939
-3491,8850	-2487,8096
-3372,4835	-2584,1478
-3600,4799	-2503,4079
-3504,5355	-2491,4167
-3485,0049	-2623,2102
-3382,7064	-2663,9072
-3355,5719	-2764,0463
-3558,8004	-2676,8840
-3445,4869	-2690,9748
-3640,1944	-2801,7957
-3358,1271	-2755,0674
-3483,7620	-2754,2168
-3448,8311	-2729,3773
-3585,4071	-2699,2312
-3513,3833	-2652,2434
-3494,1827	-2713,2582
-3521,3804	-2659,3856
-3615,3592	-2779,5138
-3667,9853	-2645,1002
-3757,5701	-2775,5164
-3714,6474	-2785,7403
-3646,6212	-2818,7034
-3756,9858	-2910,7822
-3775,3985	-2889,9407
-3747,2210	-2732,5913
-3741,3878	-2880,3750
-3878,2265	-2920,6136
-3739,9463	-2912,8800
-4022,5359	-3054,6338
-3853,5843	-2782,9228
-3987,9982	-2773,2919
-3846,1144	-2837,5817
-3848,6703	-2896,0386
-3675,3297	-2924,6774
-3748,0740	-2901,3469
-3671,9868	-2804,7469
-3838,0502	-2994,0797
-3726,9694	-2882,0132
-3561,0299	-2867,0731
-3609,1353	-2926,5121
-3454,3383	-2815,3651
-3558,2121	-2998,8648
-3508,8634	-3020,0973
-3706,9766	-2910,5876
-3607,4916	-3053,2593
-3657,1043	-2839,2190
-3517,3832	-2914,4573
-3710,0579	-3070,9549
-3593,1437	-2937,0648
-3666,6090	-3127,5789
-3797,2901	-2991,9855
-3657,4329	-2967,9344
-3696,1030	-3030,6540
-3724,8076	-2903,9068
-3843,5581	-3149,0789
-3853,4511	-3303,1493
-3846,6383	-3112,5710
-3791,5868	-3129,2853
-3979,0199	-3171,6860
-3787,5885	-3060,4073
-3769,1746	-3214,0210
-3716,2213	-3196,1299
-3872,5231	-3154,2519
-3590,6538	-3080,4597
-3653,3052	-2953,9771
-3644,0665	-3043,1084
-3727,6884	-3241,2859
-3639,4116	-3256,2286
-3721,3973	-3297,5178
-3620,0802	-3304,8571
-3570,0756	-3193,7099
-3781,2330	-3402,3782
-3733,7813	-3230,0155
-3787,1949	-3223,8585
-3580,8864	-3483,3777
-3717,3977	-3292,9947
-3547,8561	-3127,1909
-3591,2394	-3138,5956
-3559,3243	-3081,5124
-3612,4731	-3266,2589
-3478,3203	-3130,2012
-3536,9106	-3197,1826
-3425,2390	-3018,9223
-3554,0831	-3049,8570
-3629,7116	-3023,3786
-3561,0949	-3136,9508
-3690,7936	-2962,2313
-3841,3261	-3012,5656
-3646,4914	-3078,4903
-3706,5220	-2994,1472
-3942,4518	-2970,4917
-3800,5004	-2898,9239
-3849,5860	-3045,2010
-3718,7127	-3172,4042
-3778,8734	-2975,0110
-3688,1066	-2893,8787
-3584,6896	-2910,5242
-3658,7469	-2951,7458
-3635,7385	-2993,1628
-3593,6008	-2782,5954
-3451,3218	-2736,5265
-3520,0029	-2843,2165
-3369,1379	-2795,7679
-3494,1159	-2852,3261
-3392,0736	-2833,7123
-3449,8118	-2927,8238
-3238,4591	-2940,3403
-3648,0558	-2892,8281
-3416,6482	-2957,4473
-3370,7096	-2986,7428
-3411,7349	-3056,2114
-3448,3682	-3101,3004
-3252,4834	-3215,3977
-3311,7286	-3251,1819
-3512,2020	-3256,5563
-3468,6160	-3092,1932
-3408,2610	-3158,6502
-3247,5660	-3307,6111
-3317,0355	-3323,6003
-3224,1684	-3234,9981
-3228,1019	-3149,0141
-3162,1064	-3101,2386
-3263,1618	-3149,7333
-3146,5074	-2888,2457
-3210,4706	-3035,7012
-3119,0499	-3041,7928
-3311,3300	-2980,0555
-3187,0765	-3012,4301
-3324,2429	-2799,9629
-3258,0527	-2810,6441
-3401,4443	-2964,1943
-3416,1918	-2699,0995
-3444,3049	-2575,1738
-3521,7046	-2773,0271
-3242,4551	-2683,7652
-3473,8002	-2704,0813
-3464,6211	-2789,0139
-3450,4003	-2652,5047
-3340,8241	-2631,0086
-3394,6301	-2605,3181
-3344,6901	-2510,8803
-3374,9676	-2526,2822
-3207,8516	-2687,1701
-3194,1536	-2647,2569
-3088,8382	-2589,3218
-3126,3216	-2354,6418
-3033,1969	-2398,6808
-3050,1020	-2468,8026
-3023,5592	-2417,8834
-2761,7444	-2568,7428
-3047,3506	-2442,8500
-2976,2410	-2344,5478
-3101,2856	-2419,5197
-3150,4355	-2427,6458
-3111,1153	-2452,2876
-3014,4523	-2517,5610
-3294,4856	-2414,8679
-3259,8838	-2469,7868
-3178,0284	-2495,5410
-3147,5557	-2474,0484
-3150,1112	-2540,0406
-3093,4248	-2293,6925
-3096,6985	-2399,0775
-3080,6444	-2626,2859
-2948,0615	-2534,3393
-3094,6689	-2542,4669
-2978,2733	-2484,8591
-3123,3705	-2325,5457
-2880,4929	-2664,7585
-3097,1570	-2717,7718
-2998,2611	-2483,9429
-3023,3616	-2587,2279
-2936,8554	-2461,9225
-3104,4286	-2410,6753
-2844,6465	-2488,9899
-2878,2660	-2527,5899
-2882,5926	-2596,0066
-2837,0425	-2426,5972
-2737,0365	-2420,1093
-2788,4150	-2447,8953
-2895,3686	-2331,0441
-2804,9263	-2314,5964
-2902,9035	-2361,0578
-2764,0302	-2302,0119
-2814,1023	-2370,4305
-2704,7852	-2372,0021
-2704,2635	-2220,3529
-2713,7005	-2314,9893
-2813,3781	-2219,4357
-2576,2068	-2279,7953
-2693,9741	-2319,6391
-2645,5442	-2281,6944
-2730,0855	-2265,8334
-2620,1827	-2051,0727
-2734,2133	-2167,3979
-2848,1154	-2256,3920
-2613,6911	-1900,1396
-2614,7434	-2045,1050
-2623,7849	-1924,3840
-2758,8515	-1695,6004
-2335,1633	-1789,7752
-2600,9785	-1635,0427
-2441,6568	-1775,4877
-2503,0657	-1952,0373
-2511,2561	-1707,9838
-2521,8715	-1680,9199
-2495,7246	-1799,9980
-2405,2162	-1771,6860
-2294,2023	-1831,5880
-2330,7687	-1793,9694
-2297,6748	-1884,1474
-2433,2645	-1967,1138
-2254,4183	-1794,9504
-2098,7720	-1732,1059
-2362,2928	-1847,4463
-2307,1732	-1803,2071
-2427,0382	-1802,0960
-2311,3675	-1762,2481
-2351,6072	-1818,4784
-2196,1587	-1773,5189
-2371,0058	-1599,3922
-2242,2944	-1793,9687
-2293,2812	-1855,4365
-2206,9051	-1841,5445
-2292,5586	-1611,3189
-2274,3408	-1691,2710
-2206,1164	-1591,3971
-2239,4754	-1720,6964
-2091,2972	-1701,0357
-2229,3186	-1590,4105
-2189,4040	-1656,7344
-2315,8213	-1548,5990
-2041,8828	-1670,0375
-2295,9646	-1635,3677
-2023,4668	-1701,8222
-2121,8361	-1815,8522
-2215,0263	-1555,0857
-2153,3579	-1536,8717
-1991,9442	-1648,0180
-2259,5257	-1541,7839
-2115,2821	-1464,1912
-2006,7553	-1683,3426
-2139,0740	-1534,2462
-2233,3763	-1656,1433
-2174,8543	-1577,3673
-2141,2339	-1457,6993
-2129,6986	-1543,3549
-1955,7684	-1354,8046
-2005,7058	-1307,9487
-2022,2204	-1295,2980
-2166,7891	-1156,6242
-1974,2460	-1093,9069
-2022,0202	-1211,4105
-1797,0373	-1210,9507
-1847,5664	-996,7138
-1974,5731	-1052,6835
-1880,3305	-1073,2593
-1814,0767	-1198,5639
-1721,9325	-1185,2586
-1947,6392	-1007,2644
-1828,9481	-1029,5465
-1865,8501	-988,9165
-1830,5236	-1049,2745
-2044,0406	-1171,1678
-1817,2187	-1051,9596
-1904,7780	-1230,6749
-1939,7736	-998,8741
-1995,6093	-962,2404
-1944,1630	-1039,3101
-1859,5568	-892,0492
-1672,6497	-987,5363
-1643,6161	-1049,2668
-1721,8014	-809,4065
-1713,9974	-805,9992
-1671,8597	-657,2986
-1514,8996	-816,4199
-1608,4218	-976,3893
-1616,6127	-752,0603
-1912,9640	-844,2051
-1718,5173	-810,9123
-1641,0564	-938,7709
-1590,0721	-846,3009
-1684,9650	-749,8323
-1535,7423	-634,2293
-1904,5739	-807,7004
-1509,0664	-710,3140
-1537,1176	-672,5662
-1543,0796	-764,7731
-1633,9131	-617,8415
-1689,0276	-777,4858
-1673,4938	-564,2324
-1536,9190	-585,3352
-1539,6076	-620,5931
-1685,2937	-544,2412
-1648,1315	-539,7222
-1674,5456	-665,6137
-1689,7495	-440,8270
-1699,0537	-515,3431
-1548,6529	-651,9179
-1723,5014	-473,8572
-1644,5963	-494,9612
-1764,0700	-423,3970
-1705,9379	-691,3068
-1710,4605	-697,5955
-1789,3662	-633,8311
-1669,1708	-737,3124
-1625,4615	-656,0465
-1637,7792	-646,9400
-1635,6153	-739,7370
-1480,0984	-689,9958
-1618,1164	-516,9166
-1453,8805	-601,5902
-1442,3472	-617,9069
-1370,1264	-568,0985
-1440,9672	-601,9828
-1182,1027	-518,5536
-1236,8881	-686,2610
-1101,4250	-534,4774
-1035,8866	-546,6049
-943,0882	-662,7339
-732,5862	-629,1788
-847,2086	-692,1601
-854,0211	-711,6874
-760,1078	-597,6573
-810,1779	-676,8249
-771,7739	-585,5988
-805,3274	-685,8695
-980,2430	-797,4749
-810,7678	-664,8307
-921,9823	-665,2911
-848,3869	-692,6852
-917,5936	-623,3475
-830,5623	-747,2760
-857,5640	-639,5341
-956,5892	-634,8153
-1159,2237	-580,6819
-976,3782	-580,6815
-945,7091	-457,8022
-1069,1144	-544,8328
-830,4316	-599,3591
-1101,2278	-664,2365
-967,7941	-517,8965
-1103,9137	-424,9701
-944,5934	-604,3417
-1006,9213	-519,2110
-962,6172	-686,3265
-1127,1766	-716,9973
-797,9248	-743,2788
-890,2018	-772,7028
-893,0179	-646,8747
-934,6322	-590,8440
-923,8202	-856,8519
-719,3461	-694,7802
-979,1343	-600,4764
-900,0938	-725,2557
-863,0685	-676,6265
-831,9378	-711,2957
-993,6156	-626,4912
-853,6279	-530,2852
-1072,7159	-609,9776
-838,0294	-488,1447
-872,6343	-596,2797
-653,7444	-631,2085
-856,8417	-451,5082
-834,1628	-343,1823
-821,9745	-590,6436
-805,1990	-526,1540
-1033,4568	-558,4652
-842,5539	-587,1040
-889,2804	-643,2677
-921,9845	-728,5960
-740,3848	-697,4656
-885,2202	-684,9500
-996,7594	-617,2524
-913,3322	-656,2470
-960,0593	-742,2966
-973,2288	-1015,8403
-844,6498	-912,4253
-1038,9615	-892,5679
-751,7182	-754,0925
-787,5010	-958,8278
-769,8080	-745,5712
-787,5667	-740,6596
-659,2508	-961,1182
-813,3226	-735,8056
-840,7842	-632,1946
-774,7227	-866,7470
-801,1344	-638,8764
-707,7458	-562,9229
-764,3037	-724,8622
-710,1703	-665,6163
-868,7670	-703,1703
-686,7728	-701,9907
-820,2715	-617,7787
-728,2590	-830,5742
-894,7842	-842,8263
-749,7558	-746,4912
-913,8551	-753,3070
-880,1078	-656,6421
-803,4286	-720,5384
-909,6648	-673,3525
-949,2456	-654,4782
-882,9923	-840,5326
-850,4193	-715,1606
-1001,9390	-656,8353
-850,0906	-730,1035
-901,0139	-561,8743
-820,2078	-611,4853
-1001,3463	-644,8439
-818,8940	-571,9027
-767,2526	-876,6432
-823,8107	-735,7404
-859,8512	-669,8802
-731,7973	-790,6622
-677,8577	-784,3692
-580,4760	-842,1737
-742,5431	-831,7522
-797,6585	-768,3799
-664,8155	-805,9324
-747,3925	-873,8266
-554,5211	-854,6255
-844,9774	-792,1708
-793,9218	-892,2430
-894,7180	-769,8897
-692,8014	-939,5611
-966,6778	-829,4635
-872,8291	-895,9816
-800,8715	-798,5292
-733,1086	-880,1238
-708,9909	-1067,0302
-823,7454	-976,6540
-789,0729	-1026,8574
-633,1664	-1040,0286
-607,6088	-952,9318
-882,5954	-1134,7306
-816,0087	-1154,6514
-965,8247	-1148,6240
-858,1500	-1205,8394
-1066,2895	-1292,5422
-879,5812	-1298,9659
-873,8136	-1277,6031
-804,7416	-1269,6739
-1068,0626	-1236,9063
-970,6114	-1427,3516
-934,6321	-1220,7191
-900,8847	-1284,0895
-955,6031	-1241,0973
-1007,6403	-1127,5245
-937,7111	-1221,3699
-816,9310	-976,4612
-749,1656	-1010,9349
-959,8615	-1150,9828
-769,4144	-948,9346
-941,3794	-1080,6643
-715,6079	-1008,3093
-890,7859	-972,0714
-826,8228	-993,6322
-813,5205	-1029,1528
-767,0558	-1172,3476
-893,7357	-1218,8786
-735,9925	-1097,9648
-725,1137	-1136,9610
-862,8707	-1120,9697
-802,7060	-1224,5832
-799,3649	-1293,1977
-850,5478	-1111,0090
-822,1708	-1137,2256
-731,5335	-1395,0412
-903,6322	-1217,6348
-679,1701	-1257,2862
-876,3027	-1128,2455
-660,4268	-1187,2941
-823,0867	-1206,4949
-606,7539	-1137,7465
-708,8568	-1074,8334
-728,1909	-1146,5929
-723,9277	-1106,0257
-611,1446	-1060,8047
-550,8491	-1025,0879
-607,7370	-951,2298
-564,0222	-1119,5242
-542,5926	-949,4568
-436,7520	-959,3576
-589,7796	-1059,3616
-495,7335	-964,8602
-622,8069	-1048,3535
-483,6755	-1090,2951
-575,4239	-995,6616
-666,1919	-908,2395
-541,5410	-1186,5020
-578,7021	-1188,2713
-642,2038	-1050,3831
-531,8441	-952,1492
-512,7071	-1021,4226
-601,9677	-1245,0281
-431,7701	-1190,1096
-465,8533	-1272,4254
-676,7422	-1281,4676
-649,8088	-1208,7269
-549,9313	-1392,3570
-805,2594	-1433,1849
-577,5870	-1323,4793
-612,5191	-1424,6024
-539,7762	-1319,2203
-697,5848	-1497,7390
-453,3343	-1287,6970
-727,9948	-1308,9978
-709,5127	-1393,0797
-680,5457	-1343,2713
-811,6194	-1472,7048
-748,5058	-1383,0481
-896,3582	-1231,5326
-862,6703	-1366,6666
-768,4986	-1374,6594
-812,5379	-1262,5290
-948,0677	-1299,0973
-968,9704	-1260,2995
-1135,2350	-1117,2365
-820,7259	-1188,4080
-749,4915	-1141,2887
-555,2453	-1197,5177
-894,9144	-1032,4975
-702,4995	-1207,6123
-624,0540	-1443,4704
-611,0146	-1215,2083
-537,9389	-1149,8753
-615,1423	-1250,6654
-728,4519	-1309,3881
-705,5791	-1183,8206
-541,2805	-1324,8567
-586,1739	-1374,4646
-588,6629	-1530,1787
-656,9503	-1443,2110
-615,3347	-1187,1004
-692,4694	-1524,8720
-589,1869	-1199,8772
-803,4866	-1230,0929
-513,1017	-1373,2189
-694,3721	-1309,5854
-621,2376	-1367,7788
-799,0337	-1322,6883
-783,0449	-1031,6479
-645,2871	-1279,7642
-663,8367	-1223,9259
-648,1058	-1102,1629
-683,8893	-1227,0710
-538,9876	-1184,7343
-569,6584	-956,6715
-596,0676	-1051,4367
-720,1257	-1020,1742
-425,3452	-1042,3916
-594,0356	-1038,9829
-449,7257	-878,9451
-592,0030	-1081,7141
-372,5256	-1065,5901
-444,6143	-1136,7615
-482,3642	-1083,1549
-362,3001	-993,7652
-354,3733	-1206,3624
-242,4352	-1197,9735
-328,7464	-1068,8681
-417,3487	-1216,0636
-431,8308	-1074,3734
-214,3164	-1192,2085
-328,2185	-1210,6888
-36,9769	-1141,2199
-463,8768	-1223,6660
-216,8050	-1183,4906
-368,1282	-1083,4194
-303,9683	-1379,5093
-348,3365	-1201,5782
-302,5295	-1174,7102
-203,9624	-1326,2947
-188,3702	-1221,3691
-373,3753	-1209,0512
-577,1916	-1321,6406
-399,9161	-1284,6121
-602,8167	-1211,2771
-447,1012	-1071,3618
-602,3579	-1221,1091
-470,4989	-1217,7653
-736,1810	-998,8131
-620,0504	-1150,8542
-471,0258	-1221,1083
-674,9066	-1032,1672
-679,3607	-1130,0135
-487,7377	-1088,1348
-529,8757	-1157,4056
-407,3254	-1231,2646
-426,9196	-1039,9002
-444,6812	-1170,5792
-526,0072	-1338,8740
-461,3240	-1138,1376
-359,3504	-1143,6439
-526,0739	-1183,2927
-446,5771	-993,8290
-568,3426	-1122,1481
-455,7525	-1013,4874
-569,5884	-932,6830
-507,3305	-864,5265
-485,3101	-866,0986
-604,1939	-1029,6089
-605,4391	-836,1477
-527,0600	-962,3704
-595,6756	-917,3459
-584,5382	-1031,4440
-754,2079	-975,7388
-762,8590	-1017,8134
-752,1761	-920,8859
-649,3511	-986,6864
-594,2365	-1097,3749
-753,2248	-1100,9140
-575,6864	-1242,9293
-772,4896	-1120,2484
-455,1663	-1079,6170
-669,4651	-1287,0383
-550,2576	-1179,2978
-609,8931	-1259,7764
-536,3639	-1354,0171
-301,6155	-1339,8597
-506,5485	-1294,8397
-555,0424	-1323,2799
-561,8572	-1334,3559
-559,5001	-1284,1564
-554,3885	-1254,5326
-643,8436	-1221,0452
-610,5513	-1282,6476
-511,6587	-1326,3597
-600,7871	-1315,8077
-580,4063	-1129,4886
-621,8222	-1118,6769
-473,1901	-1181,3285
-617,8261	-1089,9041
-579,3568	-949,3301
-491,9948	-1091,2796
-431,4443	-900,9634
-638,0106	-999,9219
-463,4891	-916,6891
-472,4012	-935,7619
-523,3242	-1089,1769
-468,9924	-860,8507
-609,3071	-801,6748
-471,4156	-915,0489
-683,6212	-761,4336
-513,8820	-837,2605
-478,4295	-746,8191
-484,5891	-826,2498
-461,8464	-834,7691
-285,9502	-874,6790
-267,7315	-793,4801
-413,7463	-830,3791
-358,4954	-765,9549
-192,2991	-691,1820
-242,6956	-883,3979
-411,3192	-808,9497
-130,9529	-961,9091
-253,2472	-951,2928
-286,6003	-831,6276
-323,6941	-1087,0204
-124,2676	-1043,6986
-270,0207	-1046,2573
-144,5844	-921,5431
-396,7646	-898,4769
-129,9037	-1113,3020
-117,9777	-1142,8574
-203,1753	-879,3387
-166,7991	-1185,7197
-225,8520	-1005,1006
-165,4249	-1191,6810
-338,3750	-1025,3508
-95,8928	-991,2733
-295,2552	-1099,9976
-266,4184	-1178,1784
-441,2683	-948,2154
-296,3029	-1096,7872
-527,7101	-1224,0540
-391,0695	-1087,8057
-529,5441	-993,5013
-332,5457	-995,9275
-381,9591	-1186,3062
-356,3999	-1162,9741
-488,5185	-901,1616
-249,9678	-979,0182
-173,1595	-1017,7479
-247,7413	-926,1952
-166,1448	-1036,4267
-249,9663	-1047,9599
-9,7771	-1152,6189
-43,5292	-1030,5252
-117,0596	-898,9974
-171,4529	-1167,9549
-86,9779	-990,6128
-99,5622	-968,9207
-75,0526	-834,7059
-290,4017	-835,2302
-236,7950	-848,6651
-261,7635	-838,1807
-371,8643	-942,3162
-314,1264	-1185,9778
-320,4866	-1094,1583
-263,2714	-777,4945
-204,7509	-1007,7880
-184,6962	-1024,2323
-372,5869	-810,5889
-250,5561	-795,9073
-268,5142	-815,4384
-199,0456	-848,4673
-396,8306	-750,4226
-197,9958	-672,8984
-253,7024	-811,3056
-111,8176	-807,9637
-383,7251	-804,0318
-250,0328	-988,0534
-295,6460	-771,7852
-229,0635	-803,6379
-124,6642	-804,2252
-273,7614	-801,0799
-378,6807	-651,3963
-421,1495	-479,2356
-346,1750	-663,1951
-462,4368	-664,5688
-369,2453	-605,0603
-494,0249	-594,5765
-389,8228	-534,8070
-505,9515	-562,6592
-341,1966	-480,5420
-345,2567	-436,1751
-190,9233	-433,9488
-344,9300	-643,8568
-229,8490	-562,2641
-155,6613	-539,2638
-192,2977	-577,8636
-280,9652	-531,2677
-223,2297	-839,4810
-301,3464	-496,4661
-297,2188	-459,3750
-256,2581	-530,2196
-306,5267	-502,3000
-233,6510	-387,1533
-384,7748	-453,5410
-363,1495	-543,5217
-285,8174	-594,1781
-242,6972	-439,1868
-475,8708	-386,0390
-300,0384	-498,1693
-275,5936	-322,5332
-363,0849	-495,5499
-293,4844	-460,3546
-189,9396	-439,6461
-214,8404	-494,6315
-414,5949	-421,8210
-306,4578	-523,6000
-324,9383	-432,3085
-220,6058	-670,6623
-273,1000	-585,0073
-27,6027	-596,0176
-298,7890	-643,2713
-42,5435	-760,1195
-60,2393	-691,7660
-31,2071	-596,9367
-79,5047	-666,8633
-31,9913	-594,9044
77,6521	-809,0746
8,8367	-766,0173
152,8877	-558,8581
-47,7857	-692,5546
90,0398	-636,7801
-114,3040	-562,0065
16,9658	-776,4381
-83,1771	-618,2978
-194,9140	-544,5082
-186,9195	-743,4061
-220,3461	-621,7705
-384,4465	-536,7057
-314,7177	-345,8007
-444,9381	-373,2622
-317,9968	-573,7336
-366,8222	-455,4406
-440,6172	-485,4567
-495,0749	-586,0512
-504,4494	-350,7792
-430,1301	-410,2214
-453,0038	-532,7710
-498,6151	-482,5694
-500,5151	-342,9788
-603,3386	-360,8708
-576,6653	-256,7341
-318,3231	-413,4289
-458,2410	-231,1731
-223,9522	-264,2066
-456,5367	-353,6599
-161,4951	-301,3614
-233,3211	-169,5715
-232,6671	-174,0282
-210,9724	-292,1902
-199,7677	-388,9848
-99,0380	-300,7068
-299,1197	-380,3349
-177,6161	-419,5220
-330,0520	-310,4059
-138,2946	-259,8785
-361,0533	-223,8335
-267,5981	-115,6360
-322,5161	-307,3266
-303,2528	-156,0690
-487,7333	-301,8880
-345,3225	-329,2807
-209,6667	-368,2077
-290,2105	-210,2672
-269,8257	-192,9682
-269,3696	-356,9365
-173,0279	-369,0599
-288,8988	-367,4860
-315,5014	-392,1288
-235,3533	-271,7362
-289,0256	-141,2587
-364,1303	-171,6665
-139,0146	-292,1855
-465,1210	-66,9387
-204,2219	-239,2995
-369,0462	-82,2731
-214,2509	-63,8607
-230,3723	-336,6182
-255,0177	-195,6499
-272,5781	-159,2142
-342,8328	-153,2502
-222,2461	-101,3476
-298,1394	-381,5777
-423,8342	-369,1903
-391,7869	-362,6374
-236,9912	-313,2902
-357,3161	-272,3957
-274,9356	-294,0894
-274,5441	-355,0349
-220,7386	-124,4148
-354,5612	-41,9730
-141,0448	-122,1873
-184,1679	-103,4423
-78,7233	-136,4066
-124,5944	-111,7629
-95,4985	-87,8443
-72,1668	-93,6752
-34,3531	-136,6677
-26,6870	37,7231
-295,1851	-82,0129
-132,6557	-265,6426
-127,0863	-255,6810
-123,2194	-276,0630
-255,3387	-220,5575
-218,4421	-236,9418
-111,6825	-345,9284
26,4645	-309,1634
-51,3909	-433,5505
104,5197	-322,2052
-74,7854	-431,7811
45,5380	-296,6447
281,5340	-271,7426
15,0627	-300,5762
176,4170	-243,4284
97,4419	-157,1182
122,0879	-269,7748
144,4328	-170,1583
108,9134	-224,1624
69,0685	-167,4056
197,7133	-315,7821
-9,7739	-221,2759
14,3433	-153,4476
-232,5294	-137,9815
-96,8721	-198,4702
-51,1297	-171,4675
-54,8023	-78,2088
-203,2384	-128,8682
-296,8253	61,5140
-135,0818	-51,3381
-71,2510	76,5236
-50,6086	62,3017
-191,5099	4,7615
-62,6642	82,6208
-223,4907	55,8143
-91,1703	184,3312
-145,8293	111,3220
-60,3702	113,2219
-285,8776	-13,9815
0,2507	-154,8840
-250,4244	-121,8531
-61,0906	7,4466
-156,8392	-142,7636
-39,9906	-253,6470
-81,4073	15,5051
-243,0196	-253,1282
-262,7413	-137,9137
-92,5480	-272,1333
46,5184	-158,2314
-270,2152	-106,1337
-43,1979	-163,7385
-185,0840	-275,5432
-153,4295	-171,4713
-32,7793	-328,0375
-35,8599	-192,5067
-205,3336	-182,1559
-84,0941	-210,9890
-48,5712	-338,1276
-50,0164	-261,6458
-27,2072	-41,6431
-43,1333	-226,0616
-15,1476	-224,1586
43,8969	-114,0585
-118,6958	44,8629
-163,8491	-163,4720
-131,5412	-46,0313
-282,2734	-35,2836
-261,8908	54,5011
-79,7029	84,1251
-135,8698	110,8635
-316,4838	180,5291
-88,8782	310,3562
-55,9780	138,3251
2,7407	43,8893
3,2008	170,4401
-38,4141	29,6689
42,4608	125,5472
118,5446	200,2553
76,9978	36,8748
125,2957	164,8649
145,2220	-122,1173
-12,7860	-26,3699
120,8429	-182,6740
42,7905	-151,6100
173,9260	-143,9439
82,5695	-144,4038
209,1825	-317,0237
37,3477	-142,6329
92,8550	-153,5778
-61,8094	40,3432
119,4612	-42,5611
-14,1670	-215,1791
-139,1450	-208,4934
-95,1700	-147,2162
-349,3831	62,6276
-42,6108	26,7131
-298,8582	31,4959
-235,6145	-113,9904
-342,9625	-112,0247
-163,5261	-11,8855
-439,0389	17,9979
-148,8457	-2,3858
-272,5777	-251,8774
-281,4271	-74,5382
-329,3944	-174,6122
-158,1532	-150,6907
-312,6836	-7,3009
-192,0326	-129,8546
-106,7041	-303,5209
-155,9237	-152,9867
-3,8780	-57,8293
-149,4354	-13,3980
-126,6261	-102,7225
-195,1752	-127,1014
18,7985	2,5289
-191,8325	-225,6016
16,4416	-264,4604
59,6309	-202,4636
150,0680	-114,5154
202,5643	-7,2338
240,2445	-49,0458
60,0909	-28,9908
97,9700	-149,5111
158,7215	-68,9011
120,8400	117,8103
173,7933	26,5154
-50,6684	-14,8350
-40,5077	-50,2901
-55,9768	-143,6140
-88,0876	-162,8132
-19,2117	-30,8919
64,0196	-165,6358
-71,4427	-120,8721
98,3601	44,0774
-43,7858	-142,6988
83,9423	-89,6787
26,1424	-56,3226
4,3163	-142,1073
120,3167	-5,5303
102,9457	121,6070
123,5262	-107,3062
-35,2036	78,6192
-48,1123	-95,6409
-146,7456	51,4892
-119,8738	102,9325
-227,2893	27,0431
-156,3134	77,3743
-134,2928	45,6550
-69,4801	-41,7041
-40,8415	37,3336
-70,7905	34,5786
-137,2432	-27,0882
-25,4381	136,7504
-37,2348	-157,0458
-30,7493	97,4311
-166,9927	173,1213
17,3556	14,5919
34,5263	164,8006
-20,2622	56,8610
-212,2138	204,3171
-112,7303	84,1234
-47,6522	-49,6348
-52,6347	65,7097
63,6277	-9,5291
-37,2982	-124,2136
226,1555	-144,3997
18,6690	-258,0396
37,1508	-113,4665
86,7623	-21,7205
236,1163	-124,8718
177,2657	-79,3262
62,1850	-206,9229
181,6583	-91,8421
144,8249	-57,6984
10,9378	-312,5003
69,5905	-136,7305
186,1801	-66,6762
2,2827	-104,5541
84,0089	-129,5892
-137,5051	30,2527
-58,6626	-103,0475
-128,7217	88,4476
28,6279	-67,7245
-44,8368	-55,9266
-70,3979	59,6121
-41,2309	-36,0692
-74,8537	-76,5701
43,6381	-24,7965
-24,6515	-101,0795
171,4324	-15,1629
29,3505	-148,7255
113,5006	-132,9303
127,7208	-101,3430
95,4127	-107,3078
26,5351	-273,5708
-22,4844	-12,2141
20,2444	-163,6026
163,7644	-9,7239
-79,3718	33,7901
106,3559	103,3915
41,0162	131,8983
33,0857	10,9195
118,8066	-99,1770
35,1164	91,2048
-32,0555	45,3283
-54,1419	90,2220
198,3028	75,6723
112,3174	71,9375
61,0045	295,3484
-66,3957	78,0964
13,9529	87,7325
88,8588	200,2557
134,3409	165,9156
135,3254	193,7674
211,8675	227,7791
140,6981	172,1396
152,2968	103,6542
206,1038	-3,3640
140,1717	142,7800
219,0138	37,3962
30,8584	66,6272
114,0278	102,7354
68,0848	-1,5321
151,2497	-61,9558
99,3461	60,6612
144,3037	-20,3441
40,8878	-161,4395
216,3932	-124,8068
24,6349	-256,7953
194,9620	-81,6167
227,3360	-59,6637
174,7098	-191,4560
69,7230	-82,0095
102,4220	-90,3967
245,7511	-3,8228
-49,5581	17,1461
-41,4276	-19,1592
-160,3786	63,8777
-36,0559	258,7764
-160,2484	60,1392
-65,3520	136,0313
-123,4168	260,3497
-189,4109	16,2310
-130,8848	230,5341
35,1813	51,7500
-22,6187	59,3561
44,0290	182,2338
87,6134	137,1452
-40,4446	198,6817
3,7308	105,1636
58,7762	32,2224
-23,2725	104,4412
-52,9590	-12,2128
84,9255	10,2669
-15,4750	127,0488
21,1609	10,1985
109,8939	-71,7858
130,3412	-37,9040
36,8881	-92,4290
105,5697	24,7482
133,8156	14,5231
145,9379	160,9307
1,8935	-88,4345
114,7447	-216,6181
157,4750	-47,8641
22,4691	95,3955
195,0936	-2,3199
-29,6313	67,4769
217,1120	8,0366
48,6184	-193,7462
65,2018	87,0082
16,7032	-59,5311
282,3196	93,1049
13,2945	77,6352
105,1789	-46,2242
77,1923	145,4676
92,5946	146,3184
170,0583	104,3112
200,9239	89,8929
328,6542	158,7715
185,4562	38,0543
6,2206	28,5522
4,6466	61,4518
185,9184	100,9027
79,2232	66,4311
188,5375	-106,7139
-153,0359	-62,4118
-13,6386	103,9809
-238,5598	-73,6862
45,3422	-122,8392
-28,9787	-48,1945
-10,0379	-21,7172
-205,3974	-119,7603
178,5088	-13,5265
-132,1951	-118,1217
78,0443	-167,7976
79,2893	-133,0636
141,0875	-110,7818
185,2613	-247,1623
27,7116	-193,6851
133,2254	-266,3662
-45,9512	-266,6924
65,6579	-313,2244
-170,5354	-311,1262
-104,7365	-401,1715
-191,5740	-153,4467
-166,3429	-207,0571
-265,8282	-213,5441
-164,5751	-144,9276
-283,9810	-228,0275
-282,8683	-221,0785
-193,8011	-198,5359
-143,2094	-191,1951
-111,5531	-211,9692
100,2569	-240,4779
24,3672	-110,2572
-165,0297	-56,4535
118,6764	-220,7506
-157,2317	-12,2802
-88,4835	49,9117
-197,0753	15,0481
-72,7551	98,6717
-266,4775	-79,0611
-33,4335	60,5320
6,1486	84,9735
-45,8876	-81,9445
-145,3674	-51,2066
25,6143	85,3011
69,2607	-80,7675
-76,6245	-147,0206
-34,8092	-81,1583
-220,9335	-71,5903
-66,7251	-1,9250
-334,7046	70,6873
-211,2336	131,4394
-245,9688	52,7303
-173,2910	-96,4920
-516,1090	26,1910
-290,9259	-87,4482
-402,1412	-188,4366
-305,3462	158,3115
-391,6567	168,2044
-204,0935	102,9984
-120,9292	112,1090
-276,1863	112,8952
-316,3544	70,1680
-248,4626	195,0781
-297,5456	-45,7011
-301,6103	133,6728
-115,0939	26,9119
-336,4109	68,8557
-209,2691	80,9778
-322,3814	-212,3600
-91,6328	84,1244
-162,2798	49,3202
-105,0012	-231,4334
-24,7174	-23,8809
180,9967	-181,7583
23,1875	-220,9478
67,4927	-333,6697
126,5410	-240,2793
140,7611	-28,6017
76,8668	-173,6999
191,6839	-359,6208
120,1850	-115,2398
57,0081	-209,4814
230,1533	-199,6505
-100,5419	-471,4916
34,9870	-280,2570
-148,9737	-145,4513
-164,3087	-73,6931
-140,9785	-297,1673
-25,2451	-416,7020
-101,8557	-298,0173
-144,0618	-176,0551
-158,2798	-201,4863
-33,5014	-186,1481
-34,8126	-184,2482
-38,0246	-126,0533
-66,7925	-246,8991
-143,6668	-142,1724
-82,3904	14,1941
-332,8671	-182,7403
-242,4921	-144,8582
-197,7326	-286,9394
-102,4451	41,5915
-186,6586	61,8405
-107,4920	84,3851
-291,8433	-57,9588
-230,0420	-64,9676
-243,1480	-41,6387
-196,2912	84,1241
-111,4861	-62,0871
44,0270	-13,2612
-3,2226	-6,5786
-165,0290	-25,5184
130,4084	-92,8892
20,8952	-18,8999
41,2132	-179,7900
-41,2944	-217,0117
102,0336	-15,3606
125,4936	-153,1831
250,0128	-189,2931
85,9771	-108,9457
152,5623	-178,1532
210,6283	40,5390
213,6399	-185,6268
336,3906	-310,3389
283,0412	-93,2186
302,7037	-204,1084
130,0810	-239,7585
190,3753	-457,7937
25,6831	-198,3373
76,3427	-129,9863
-78,2570	-271,1494
123,9869	-102,3281
29,4161	-202,2718
-5,8419	-164,7167
149,4779	9,0159
-25,1766	-206,3332
-15,5395	-125,9853
65,5911	-177,1023
48,0941	-35,4137
26,0724	33,0710
38,0675	-14,3762
80,9913	65,2522
-89,4666	303,6702
-85,1385	69,6421
-94,7075	137,0147
-51,4535	245,9356
76,3407	91,6634
9,0362	168,3419
121,4952	116,6973
-79,1090	184,6591
34,1375	212,7722
65,3975	182,8870
165,5998	210,4133
186,3760	174,1707
45,4071	36,1544
208,4617	182,6288
131,4562	286,3039
226,7459	132,6894
-27,7302	150,1897
45,4773	217,0350
88,5968	184,8590
152,8882	521,8420
-15,0141	354,3966
36,4310	294,6295
138,8640	225,3578
193,6482	231,3902
56,2870	262,5185
70,1151	291,2854
52,6842	166,3100
69,1963	272,0192
71,8214	57,5843
114,6121	-7,1638
54,0613	160,5407
-15,3423	-12,8028
200,2053	-96,9516
74,0467	-116,4151
186,7711	-162,4208
-13,3121	-91,5785
165,4057	-161,5059
-80,2235	-4,6127
22,4061	-241,5920
-122,0349	-71,2625
34,4639	-3,8285
-6,9548	-65,4329
151,5075	-234,9062
-13,7055	-73,8846
-61,0230	-132,9326
114,1560	-254,5638
111,1390	78,1588
76,9320	-23,0932
190,0448	72,3290
224,5185	102,4723
30,2708	96,8401
227,5346	134,3258
110,8807	79,7340
246,9990	-7,0326
162,2622	86,6180
271,7046	169,3232
302,3108	136,4887
146,5966	120,9576
115,5998	-31,4112
114,3532	109,7527
99,0174	169,7152
-43,5253	196,5864
113,9587	214,1473
-133,9660	114,6630
-34,0886	114,4023
-120,9258	4,2359
-33,6312	-89,6751
-206,4508	85,5658
-115,4205	119,7739
-448,4733	17,7357
-127,7405	140,9434
-291,9739	-56,5825
-102,1175	64,9891
-199,5674	60,7283
-203,6319	-0,7436
-72,2946	156,1496
119,7872	168,2070
14,8014	-53,1042
229,2339	159,6247
182,8352	0,5698
180,6069	108,7056
117,8263	221,7533
-0,9244	19,8360
189,3927	243,1208
156,2963	254,0586
136,3064	266,5120
-1,8412	245,4098
2,8756	242,3273
-61,2152	4,8922
26,2046	56,0127
-0,0739	10,5959
-18,8849	25,4724
62,2510	184,1983
32,3624	-1,5275
-1,1900	196,1935
-114,1737	370,2537
-25,1736	105,4899
23,2540	135,9010
-12,1986	43,4950
-179,0522	36,9417
37,2164	175,8126
-57,9425	114,0089
131,7819	213,3619
-110,1739	65,5776
-62,0728	95,6596
11,1984	-33,5762
-108,4724	197,4384
-203,0388	89,6964
-120,3995	91,3359
-57,4861	172,9294
-122,1708	315,2085
-34,2228	206,8769
-330,4428	217,4306
-75,9023	454,4714
-201,5348	368,2921
-203,4336	324,3180
-32,9752	342,4706
-86,9782	173,4553
-129,7029	245,4139
-30,2218	348,4985
-4,0055	119,3862
91,0193	225,0314
-24,2570	249,2119
82,1704	334,8668
-36,8411	172,9277
-90,0596	131,3148
-19,2797	200,7819
-306,1337	138,0635
-320,5471	113,6205
-325,9896	119,3878
-193,7384	257,5988
-391,2623	38,7091
-143,7991	-23,4833
-165,1631	-152,0661
-113,9139	-26,2383
-49,0968	-97,4120
-15,2151	-242,3131
-123,6727	-82,7980
76,2075	-240,3479
28,4365	-247,5548
134,0113	-174,0904
82,3038	-86,0104
107,5997	-219,7011
32,6926	-62,0225
-76,6219	-122,7738
-110,3065	91,5301
-170,5995	60,1366
-50,7361	108,3734
-159,5921	131,7688
-49,6892	45,4592
-261,5641	170,6985
-31,6006	165,6520
-180,5636	-67,3927
17,4881	114,1426
12,3099	108,3740
39,8330	63,0891
-39,9199	248,7494
93,5098	2,5981
139,4520	-120,5423
-3,8771	-47,1418
75,2946	-147,0844
32,1051	20,4249
129,9527	157,7194
36,1698	21,9302
241,3638	-116,0872
196,6674	19,9660
152,9560	169,2565
178,1226	167,9434
341,4367	-24,3378
256,1720	112,2410
126,9358	75,3433
292,6769	-29,2525
46,2576	-117,1339
49,8006	-30,8235
-22,8819	81,7643
-54,0091	0,2388
-47,3262	29,0074
5,5631	-167,4023
-46,9327	73,0477
74,0468	79,0769
-0,9926	25,0744