-898,2486	-1504,7013
-837,1049	-1542,7141
-956,0516	-1564,4032
-793,9813	-1572,3985
-975,4496	-1846,5352
-988,4254	-1625,4132
-824,5190	-1388,4384
-836,1224	-1501,2268
-892,6124	-1444,7322
-1029,7129	-1393,6151
-871,3126	-1627,5088
-1029,7144	-1289,1486
-938,4221	-1387,8487
-931,3456	-1366,3507
-860,1740	-1444,3393
-763,1831	-1504,6961
-1004,7484	-1339,5484
-986,5916	-1476,3883
-1012,1531	-1565,7767
-1072,5752	-1433,0021
-1090,2065	-1545,3320
-1012,4138	-1510,7264
-1139,8829	-1558,8316
-1103,7047	-1620,4355
-1079,0004	-1573,7070
-1076,9015	-1551,1008
-1068,8414	-1607,5265
-1032,4683	-1650,9779
-1036,9248	-1782,7042
-993,0820	-1711,0739
-1088,4993	-1656,6148
-964,4409	-1647,5044
-1018,9642	-1513,5502
-855,2578	-1582,6242
-851,9803	-1634,5931
-765,0154	-1615,1925
-933,6378	-1580,0002
-959,8516	-1663,5573
-953,9544	-1536,6153
-1031,0254	-1615,3247
-1097,8061	-1500,5714
-1028,9952	-1668,9359
-1042,3017	-1735,5195
-1300,1837	-1704,9140
-1162,1007	-1616,5094
-1288,1925	-1783,9558
-1345,2092	-1828,3862
-1167,9356	-1954,2188
-1288,3266	-1934,2931
-1435,7164	-1928,8555
-1282,6249	-1956,3803
-1282,4952	-1865,5474
-1508,1350	-1873,4798
-1566,8528	-1915,3558
-1392,3326	-2065,0374
-1517,5733	-1884,4880
-1482,3144	-1908,8019
-1592,4146	-1931,2159
-1440,7665	-2053,8974
-1550,4083	-1967,1940
-1696,7491	-1923,9406
-1611,2246	-1902,4464
-1635,9315	-2009,9235
-1559,5817	-2060,0608
-1412,7835	-2035,3511
-1593,2027	-1940,7855
-1411,8612	-2165,3123
-1383,9451	-2111,7004
-1255,8873	-2109,4766
-1254,4458	-2205,6815
-1299,4664	-2075,5938
-1363,3631	-2055,3454
-1270,3680	-2135,7577
-1231,3749	-2213,1557
-1238,3214	-2238,0603
-1192,3840	-2283,9349
-1371,8212	-2425,2958
-1508,1334	-2395,6744
-1607,2909	-2344,5581
-1587,1708	-2312,9699
-1535,2681	-2515,8044
-1661,0978	-2376,9982
-1517,7070	-2436,1114
-1593,5320	-2482,3148
-1682,8570	-2374,0486
-1675,9094	-2455,4435
-1678,7932	-2488,4063
-1626,1678	-2462,9134
-1654,6105	-2329,7441
-1633,7705	-2143,7542
-1649,8930	-2338,5274
-1690,5906	-2195,9193
-1730,5664	-2167,2821
-1802,6576	-2389,8400
-1750,0315	-2284,9157
-1635,2144	-2268,7949
-1796,0404	-2312,1151
-1803,8368	-2343,7695
-1698,1291	-2400,4585
-1705,3393	-2557,0228
-1828,4796	-2410,8801
-1822,1872	-2438,9969
-1730,5687	-2714,9011
-1952,4082	-2515,4123
-1896,7003	-2610,8986
-1852,3350	-2677,2222
-1822,7140	-2809,9322
-1875,8645	-2853,3804
-1905,4885	-2787,9778
-1961,2578	-2833,7236
-2022,1427	-2669,6888
-2056,9412	-2784,6401
-2137,2877	-2872,1305
-1978,7572	-2905,7488
-2002,5502	-2871,2132
-1984,7220	-3008,0515
-2113,5023	-2951,9517
-2259,4476	-3051,1090
-2194,3055	-2992,3881
-2158,6565	-2888,7128
-2233,4337	-3065,8561
-2384,9508	-2967,0927
-2255,7815	-3132,6384
-2331,5427	-3203,7430
-2381,9412	-3146,0055
-2385,4801	-3148,4323
-2400,6180	-3335,9955
-2574,6835	-3180,0207
-2494,7294	-3268,1005
-2532,0207	-3231,7291
-2629,8640	-3226,0295
-2621,4119	-3355,9208
-2543,6858	-3291,1706
-2672,5952	-3373,4841
-2494,4696	-3170,6525
-2593,6254	-3283,7685
-2572,7840	-3331,1499
-2579,5338	-3282,9809
-2413,1406	-3319,8788
-2606,2078	-3414,9053
-2493,6172	-3461,5000
-2575,6672	-3421,9179
-2547,4892	-3361,1668
-2549,5865	-3404,5521
-2570,6222	-3444,1376
-2662,3741	-3491,7161
-2619,0542	-3580,4527
-2669,6488	-3610,2049
-2718,2755	-3484,6410
-2602,8685	-3688,2609
-2725,6835	-3760,4153
-2754,0595	-3557,3860
-2801,9657	-3776,1475
-2791,2200	-3751,4375
-2807,1458	-3844,6973
-2896,0135	-3867,8960
-2906,6951	-3667,8166
-2949,1651	-3734,2069
-3118,1820	-3938,2186
-3129,9766	-3788,1412
-3022,7631	-3860,1663
-3206,3299	-3840,1105
-3133,5831	-3697,3750
-3119,4939	-3907,8771
-3165,6316	-3839,9795
-3132,2070	-3748,6226
-2958,0136	-3871,5042
-3013,7837	-3815,2063
-2926,2934	-3846,9285
-2904,9946	-3854,1350
-2959,3870	-3819,3379
-2889,3297	-3922,4253
-2841,4218	-3964,8908
-2910,0364	-3835,4596
-2847,1229	-3970,9239
-2932,0571	-4030,3616
-2731,3195	-3884,6124
-2828,7074	-4035,7396
-2704,3206	-3973,6089
-2734,3351	-3992,4193
-2859,8357	-4027,6756
-2727,7143	-3966,5972
-2692,0641	-4056,3160
-2866,0607	-4034,0327
-2801,5058	-4055,7253
-2785,9104	-4044,1910
-2734,9241	-3927,6052
-2631,1809	-4084,6295
-2771,8884	-4206,9185
-2711,6574	-4229,9212
-2721,2295	-4186,6021
-2923,2742	-4162,8799
-2873,3340	-4271,4735
-2810,8156	-4171,1369
-2949,7511	-4158,9502
-2913,3791	-4379,2135
-2981,1433	-4078,8626
-3023,1530	-4108,9479
-3038,4248	-4279,9914
-3138,1033	-4164,7135
-3110,5153	-3993,9281
-3263,9358	-4093,4755
-3231,2979	-4057,7578
-3261,1855	-3836,5076
-3143,5489	-3939,0704
-3313,4177	-3850,3994
-3313,9421	-3865,8656
-3380,3948	-3900,3349
-3296,9028	-3764,6112
-3324,2961	-3804,2603
-3223,4376	-3852,1019
-3350,3130	-3895,8797
-3220,0948	-3876,8738
-3308,4361	-3745,2152
-3257,9078	-4036,5864
-3146,0397	-3812,3217
-3186,5401	-3775,3623
-3188,7683	-3842,3398
-3208,6243	-3818,3527
-3191,9117	-3704,1247
-3156,4563	-3903,3528
-3097,3437	-3783,0277
-3129,3886	-3758,5197
-3043,6681	-3944,5738
-2998,2517	-3816,5816
-3043,0138	-3752,2281
-2961,6154	-4000,0167
-3089,0825	-3991,6915
-3048,7773	-3785,8462
-2852,7623	-3594,4824
-2942,8064	-3681,0572
-3077,3522	-3741,9401
-3023,8085	-3775,2293
-2940,7767	-3793,1221
-2996,2854	-3782,8969
-3040,5847	-3793,9737
-3089,6736	-3830,7378
-3005,4568	-3686,0356
-2904,3364	-3790,5660
-2940,7079	-3734,0063
-2795,4145	-3744,4929
-2802,4283	-3758,3220
-2792,2684	-3750,1265
-2874,5800	-3641,3410
-2803,3422	-3760,4817
-2716,5724	-3735,9073
-2714,5409	-3627,6411
-2645,5306	-3713,6240
-2602,0154	-3708,1174
-2658,1143	-3594,9381
-2785,4480	-3691,0122
-2602,2764	-3580,9129
-2620,2340	-3685,3106
-2748,9462	-3625,5419
-2725,6816	-3576,0652
-2750,6502	-3585,6327
-2773,0633	-3623,4478
-2586,9443	-3918,0950
-2743,7063	-3783,2198
-2784,4021	-3579,0785
-2796,0007	-3697,5016
-2802,2275	-3628,4906
-2756,9411	-3487,5233
-2642,7773	-3480,4451
-2655,7540	-3405,0137
-2531,1034	-3557,0546
-2518,7832	-3406,0573
-2598,0802	-3386,9894
-2392,8862	-3444,7869
-2507,3790	-3122,9412
-2380,1719	-3043,9071
-2427,1626	-3124,9729
-2596,1781	-3180,6761
-2549,3184	-2994,6198
-2433,5849	-3048,8834
-2429,7181	-3000,7793
-2483,2613	-3100,5908
-2565,3763	-3001,1701
-2438,4346	-3014,3451
-2334,2327	-3090,1023
-2394,2634	-3007,9868
-2480,8351	-2936,7491
-2258,3401	-3013,8854
-2316,2749	-3055,8929
-2383,1198	-2972,0049
-2287,1088	-2920,2995
-2320,4014	-2832,4159
-2355,0032	-2918,9886
-2265,2860	-2918,3980
-2334,8202	-2948,8069
-2485,3551	-2987,1442
-2407,3674	-2866,6900
-2473,7570	-2840,2801
-2390,1340	-2825,2732
-2401,7352	-2744,2689
-2533,6581	-2889,4972
-2582,4148	-2882,2822
-2160,3011	-2665,1000
-2403,9639	-2595,9573
-2526,1174	-2605,1325
-2227,2751	-2560,6321
-2195,0316	-2496,2096
-2325,1172	-2510,1694
-2166,0616	-2479,3016
-2015,5262	-2476,9406
-2084,0111	-2405,4426
-1857,1262	-2397,7098
-2074,2472	-2516,5247
-2006,4789	-2619,6762
-2048,8165	-2584,7460
-1885,5003	-2404,3257
-1867,1514	-2411,8643
-1940,5504	-2478,1184
-2003,3310	-2371,1653
-1885,6940	-2389,8423
-1762,5533	-2239,6991
-1868,2624	-2292,3907
-1746,2976	-2426,0780
-1788,7667	-2214,2026
-1688,3641	-2118,9128
-1624,4677	-2067,0722
-1866,9490	-1929,7760
-1790,2043	-2053,1791
-1684,3642	-2086,9917
-1603,0355	-1851,8517
-1568,4335	-1901,3961
-1631,4769	-1882,4576
-1601,9205	-1955,5948
-1711,4973	-1888,0253
-1743,4749	-2065,4981
-1704,8761	-1865,0874
-1695,7012	-1991,4406
-1566,2027	-1734,1470
-1675,6470	-1979,7098
-1545,0353	-1821,3082
-1564,6318	-1756,8204
-1574,0016	-1844,7688
-1724,1451	-1699,4121
-1695,4402	-1845,3590
-1711,9529	-1661,2673
-1686,1349	-1669,2663
-1608,5411	-1755,9666
-1820,4823	-1857,1547
-1665,9471	-1652,7470
-1748,5259	-1689,3192
-1520,7874	-1698,4266
-1802,2622	-1839,7224
-1628,3303	-1753,4099
-1576,4908	-1526,3312
-1575,9019	-1771,6327
-1602,8349	-1666,0510
-1437,3584	-1524,5625
-1537,9553	-1757,9350
-1570,7870	-1723,2651
-1375,8172	-1755,2467
-1406,5558	-1725,1008
-1392,9214	-1684,7312
-1341,7375	-1682,7664
-1343,3120	-1899,8183
-1310,6068	-1856,5646
-1346,6526	-1707,0765
-1346,3900	-1537,9300
-1195,1981	-1856,4351
-1310,6732	-1817,4376
-1345,3413	-1626,6636
-1258,0452	-1712,0581
-1342,1298	-1617,3588
-1315,0624	-1602,0224
-1196,3766	-1681,8464
-1315,5217	-1601,6286
-1234,9122	-1614,4097
-1203,2581	-1629,6125
-1259,5547	-1606,6760
-1284,3253	-1474,0967
-1241,8587	-1661,9224
-1111,2465	-1668,8031
-1233,6013	-1873,0765
-1142,1128	-1656,4805
-1214,2679	-1694,5597
-1122,5821	-1662,9691
-1220,4284	-1557,3933
-1085,0936	-1673,6527
-1108,5598	-1461,1192
-1174,8800	-1330,3115
-1315,3208	-1452,4679
-1143,1594	-1234,6259
-1122,1225	-1309,4665
-1148,4043	-1359,5974
-1225,9947	-1100,6004
-1109,9326	-1112,5287
-1091,0576	-1168,4279
-1047,4124	-1164,3656
-957,3653	-1238,6831
-1191,3289	-1091,1616
-1086,9926	-1253,2337
-967,7855	-1295,3726
-932,2658	-1122,8834
-971,5222	-1314,9044
-1076,1162	-1251,3982
-1126,7090	-1178,3944
-988,1675	-1316,1482
-1152,7284	-1309,7913
-1156,9867	-1168,8900
-933,9705	-1340,3315
-1201,0959	-1065,5389
-1209,8739	-1132,8471
-1217,4119	-1229,4451
-1116,2253	-1238,1595
-1164,0014	-1180,5526
-1235,8943	-1102,1064
-1281,1792	-1272,4347
-1155,3506	-1109,5730
-1210,8627	-893,0466
-1325,8100	-1003,0813
-1349,2724	-1128,5142
-1386,7609	-811,3867
-1428,1117	-1021,1030
-1345,3423	-961,9218
-1243,5005	-915,4570
-1249,9897	-1037,5510
-1475,3000	-971,3574
-1362,7083	-1021,2321
-1416,9080	-1120,6471
-1385,9738	-916,4374
-1347,7015	-1048,6903
-1356,6798	-1027,8474
-1251,1678	-862,7640
-1169,0505	-919,5843
-1177,1126	-704,4955
-1245,7917	-902,6770
-1076,7750	-954,7758
-1158,9548	-938,8509
-1116,2925	-1000,6501
-1197,2273	-961,0667
-1166,6862	-759,4152
-1230,0604	-965,1334
-1213,6755	-876,9848
-1012,5477	-872,0070
-1069,4343	-1069,9228
-1127,4312	-878,6248
-1135,5572	-1000,4548
-974,7321	-840,8765
-1062,8788	-823,9035
-1033,2540	-930,6616
-967,3254	-902,1510
-1091,7768	-866,3707
-974,6625	-955,2382
-963,1301	-926,5963
-870,5934	-930,7276
-1021,6524	-894,0282
-792,9325	-979,6163
-876,2307	-1018,9390
-944,8445	-1039,5159
-1036,5941	-889,8980
-1009,4611	-964,8722
-832,8449	-952,8768
-863,9075	-825,4102
-901,6561	-950,1897
-811,6743	-804,4369
-742,2072	-900,3157
-747,1854	-968,3420
-732,4398	-851,7522
-672,4076	-787,2662
-513,9437	-911,7194
-645,4742	-927,6436
-684,5988	-852,6697
-703,4075	-802,0790
-900,9983	-715,0490
-821,5688	-912,3111
-871,6395	-915,3904
-1016,9340	-1017,6271
-944,5815	-1045,2168
-985,0180	-865,8473
-940,5195	-1036,4377
-1069,1678	-1024,8350
-1012,2816	-811,7150
-1010,5119	-940,6880
-905,8526	-840,6142
-987,0523	-774,3563
-939,2106	-814,7255
-1084,3058	-724,4181
-866,0711	-793,8179
-1077,2282	-718,7136
-1005,2008	-759,7399
-791,5557	-814,9194
-718,6149	-669,5634
-865,8091	-853,9148
-795,8139	-790,5402
-617,9512	-729,9213
-833,2372	-750,5014
-860,9563	-769,4383
-872,7521	-757,5780
-730,5424	-748,2032
-837,1683	-690,2056
-950,2156	-652,9156
-783,1665	-647,6696
-888,9422	-575,3846
-983,8353	-583,6428
-888,9398	-483,1092
-805,3160	-529,0518
-846,1475	-728,6717
-833,1687	-747,1526
-761,1467	-703,5071
-701,0525	-753,7726
-941,5028	-764,1951
-919,4814	-862,7613
-1031,8087	-777,5005
-937,5700	-787,7911
-890,7782	-980,7952
-984,4935	-963,8860
-815,6731	-1079,6882
-948,0579	-892,1913
-911,6155	-967,9521
-768,4883	-1055,3769
-946,8102	-1099,7428
-988,4243	-904,9709
-779,7576	-1184,0881
-731,5254	-1007,7287
-944,0579	-890,1603
-846,2771	-926,7931
-795,7505	-881,8361
-781,3994	-985,9063
-898,3805	-723,1069
-1024,9935	-695,9135
-997,4694	-973,2566
-879,8322	-925,6116
-948,2539	-728,9400
-949,9567	-863,3537
-885,5353	-830,7819
-984,8231	-1028,5035
-1003,4334	-823,8334
-1014,5111	-749,1259
-1006,1210	-1006,6171
-902,0532	-898,4804
-1037,0553	-1018,1514
-917,3874	-1000,4573
-1100,8892	-879,4785
-930,2318	-1069,5992
-992,3605	-1076,6752
-1091,1242	-875,6135
-1143,3541	-1200,9320
-1159,0832	-953,9917
-1098,0037	-1054,3296
-1084,3092	-971,0954
-1171,3395	-918,1467
-1232,7477	-1100,2030
-1163,6729	-907,7884
-1128,2842	-937,8056
-1134,8400	-921,8136
-1167,2788	-872,2029
-1124,7462	-924,1729
-1116,7503	-779,0762
-1228,3583	-738,5749
-1107,4417	-822,3951
-1029,3253	-776,5843
-883,4429	-748,9284
-1034,4378	-925,4782
-1179,2042	-725,5950
-1267,1524	-575,4530
-1188,6400	-718,7809
-1180,9724	-589,9351
-1003,2428	-699,9711
-1185,4314	-679,3262
-1317,9416	-735,6217
-1122,6465	-739,2269
-1109,8678	-718,7798
-1199,9789	-787,2650
-1072,6435	-824,0965
-1196,7030	-650,5584
-1117,3396	-747,6837
-1089,4226	-911,3897
-1130,1200	-646,4305
-1191,5285	-797,1626
-1291,4683	-1030,8623
-1153,9745	-655,4723
-1220,6259	-605,5374
-1252,5386	-788,5128
-1167,4744	-824,8184
-1149,8455	-864,2031
-1173,2398	-661,1087
-1098,7252	-743,8817
-1099,9714	-720,1552
-1018,1804	-659,4694
-1060,3222	-815,3132
-959,7865	-625,5860
-994,7192	-645,1155
-942,8127	-564,5710
-851,7851	-458,1436
-966,9329	-571,9127
-1138,5031	-652,7829
-1013,0029	-520,1380
-931,0192	-675,2625
-1081,5568	-644,1975
-1031,2888	-592,0984
-1179,4008	-726,7093
-921,3184	-609,6623
-1102,1317	-680,1166
-972,5664	-924,6948
-912,6672	-838,9082
-1017,2595	-970,3098
-825,3698	-1016,5760
-745,4176	-887,5378
-815,8019	-887,6713
-750,9211	-939,7057
-721,9548	-1034,4697
-888,8086	-1036,2387
-814,1626	-957,7920
-817,8344	-998,2283
-987,5724	-954,8414
-1023,9444	-689,4234
-1036,5296	-866,3039
-1032,3361	-765,6388
-1060,8447	-746,7653
-1068,3826	-766,4247
-989,4133	-622,1151
-1095,9739	-657,8332
-1116,6824	-755,2187
-1041,9726	-677,9520
-1101,8716	-743,0303
-1061,9596	-691,9111
-1030,3077	-749,3221
-1070,2839	-825,9346
-1249,2613	-920,3039
-1164,3914	-888,4547
-1069,2356	-1049,8694
-1158,9541	-929,6122
-1095,2524	-959,4988
-1165,1140	-1125,5002
-1206,0738	-1028,9675
-1210,2665	-1126,7466
-1067,7292	-976,4100
-1074,2175	-1141,1660
-1312,1774	-1157,2862
-1101,0853	-1111,2153
-1239,6308	-1099,6804
-1125,7949	-1091,7488
-1191,3959	-905,8903
-1097,9421	-975,2916
-1099,4487	-919,3882
-1155,8757	-863,7486
-1141,9137	-847,1019
-1091,9113	-829,4708
-1128,6764	-846,5112
-1227,8297	-876,4594
-974,9926	-684,7683
-1063,3374	-879,0170
-989,1511	-810,5962
-969,0300	-1030,1418
-1031,0281	-1079,4893
-965,9513	-868,0714
-879,1814	-875,6764
-1198,9299	-953,7952
-1137,1930	-847,2995
-995,7687	-873,3830
-1018,9025	-1016,1861
-1090,9930	-907,5255
-1079,0640	-976,7332
-1084,8970	-934,5915
-985,6765	-963,6904
-1078,0171	-972,0129
-1039,5459	-713,0158
-1121,1388	-941,7379
-1160,3293	-960,8714
-1115,4376	-885,7703
-1169,6999	-1096,7950
-1068,1884	-997,6396
-1165,3129	-984,2060
-1152,5985	-1076,5478
-1175,3395	-1114,7534
-1219,3799	-1046,5321
-1255,0959	-1104,2039
-1075,3320	-1051,2502
-1155,5487	-1164,4299
-1253,7842	-1143,5227
-1199,7834	-1151,1922
-1228,2262	-1227,1452
-1100,5634	-1044,3010
-1274,6933	-1075,4972
-1362,7722	-1180,7467
-1381,7125	-957,9900
-1330,2682	-996,5920
-1211,4532	-1022,2802
-1386,8285	-917,0961
-1413,8929	-1009,8950
-1399,5412	-1002,8814
-1501,4480	-961,1343
-1368,2787	-1013,4330
-1264,2742	-897,1062
-1142,8351	-843,6955
-1283,5410	-1004,7815
-1304,9684	-883,6052
-1099,6443	-967,7533
-1151,8125	-1011,6597
-1220,0995	-905,4273
-1274,9540	-795,2624
-1247,2331	-855,8185
-1361,0046	-980,5316
-1299,9916	-960,0832
-1454,6585	-948,7468
-1515,5407	-874,1690
-1486,6403	-1037,0250
-1528,3887	-957,2022
-1614,1752	-972,9312
-1716,9990	-1046,5952
-1618,6295	-1057,4736
-1643,2720	-1037,8140
-1550,0790	-1223,3479
-1538,8071	-1301,5948
-1438,6002	-1191,8887
-1441,1576	-1159,8450
-1280,2007	-1104,3367
-1405,1763	-1126,4879
-1394,8180	-1167,5132
-1248,1506	-1160,3706
-1118,9791	-1135,0059
-1224,8192	-1193,0706
-1132,0856	-1091,6199
-1185,9547	-1023,7919
-1076,3794	-1034,4722
-1200,6357	-979,4877
-1190,2129	-1027,6571
-1030,9620	-1114,4215
-1023,4909	-1009,3697
-1032,9277	-806,7330
-1056,9137	-860,6048
-1107,3751	-800,7030
-940,7825	-893,1724
-999,5023	-744,9318
-818,1664	-837,1392
-856,5705	-976,7935
-952,2512	-689,1578
-983,6437	-806,9925
-1008,0871	-659,0778
-1081,6846	-790,7399
-912,9324	-838,1872
-1086,2737	-806,2055
-1064,5824	-894,0239
-1053,9654	-861,1891
-1108,5584	-682,9991
-1291,9253	-716,2913
-1073,9542	-776,5830
-1163,5421	-542,2276
-1061,5675	-695,9095
-1122,6479	-638,8260
-985,5451	-592,3614
-914,3737	-839,0383
-1009,1406	-542,6173
-1036,2682	-608,3544
-1011,4319	-617,8526
-1079,4566	-561,5584
-1070,6757	-622,9012
-869,2208	-462,0731
-1026,6389	-573,0927
-1100,5614	-622,1102
-1107,1138	-653,2394
-1067,6618	-472,4284
-929,3165	-508,0136
-997,2111	-570,9276
-970,9961	-613,5923
-835,7947	-615,1645
-907,8190	-628,0749
-866,2681	-614,0512
-970,6007	-621,1938
-961,8177	-695,4463
-932,9170	-759,5378
-912,2078	-536,3905
-934,4263	-595,6374
-1094,7919	-643,6075
-1086,0087	-513,1274
-1033,0568	-792,1801
-957,6272	-702,3280
-1038,2345	-775,2082
-909,5227	-777,2394
-960,3788	-843,8239
-856,1757	-959,4305
-924,3980	-883,9327
-921,9073	-960,2825
-1014,9659	-946,3239
-848,5064	-876,7257
-991,8981	-978,7000
-789,7227	-923,1901
-884,4863	-794,9365
-1029,0600	-818,5304
-976,6294	-889,5692
-939,8007	-712,4250
-906,7690	-832,5523
-1035,0243	-673,8225
-1040,8535	-718,3884
-961,2292	-797,3565
-990,9161	-667,2020
-908,7348	-548,1907
-865,8090	-844,0196
-1018,8364	-705,7359
-883,3719	-697,2174
-989,4114	-715,6988
-1011,4957	-676,0496
-1062,6791	-681,6864
-988,4929	-737,1283
-964,9656	-699,8393
-1072,9691	-677,2295
-1100,0988	-665,8916
-837,6927	-611,6287
-893,0738	-741,6506
-899,3642	-554,3500
-1021,5209	-686,4042
-873,9991	-593,4069
-942,2230	-630,5671
-965,8805	-656,1901
-734,6712	-501,0003
-939,4703	-538,5534
-860,4986	-546,4156
-879,5702	-577,5445
-850,2100	-474,0613
-739,5839	-440,7056
-757,8707	-265,6584
-786,2449	-311,1413
-682,6989	-248,6855
-594,6837	-424,4525
-719,7914	-451,8451
-834,4772	-300,8518
-680,5982	-441,4275
-702,0950	-493,3301
-730,8012	-435,7264
-756,8170	-473,4084
-731,1940	-460,1045
-680,6660	-463,3174
-723,2002	-450,2756
-817,1131	-329,3613
-757,0818	-551,5291
-792,9306	-690,5266
-752,9537	-379,3640
-806,6927	-418,8193
-820,7837	-444,9014
-800,3355	-519,2854
-675,9486	-459,3841
-857,4178	-323,0737
-788,3413	-584,8869
-632,9576	-595,1083
-720,7766	-428,0609
-829,1709	-540,5841
-698,4271	-684,1710
-856,7627	-523,4784
-798,7623	-545,7595
-812,8529	-440,8364
-889,5303	-492,2172
-845,4915	-486,3818
-880,0272	-335,9118
-709,1782	-267,2959
-888,2865	-251,1100
-926,4283	-263,5584
-925,9017	-319,7893
-796,9288	-141,5317
-688,2058	-213,3605
-680,2754	-314,8087
-655,5019	-388,0115
-714,4179	-346,2016
-624,6996	-320,6418
-608,5757	-207,3319
-700,1947	-530,6200
-699,8662	-344,4309
-656,0228	-326,0832
-719,5927	-409,9016
-566,9584	-409,4422
-625,4852	-228,8929
-724,5075	-287,8744
-652,5478	-280,7321
-611,2640	-350,1317
-594,0267	-239,5085
-601,6950	-285,2531
-606,2813	-509,5142
-588,7199	-457,6739
-609,6909	-274,3070
-766,2541	-338,8612
-720,5108	-271,2935
-584,8530	-334,4049
-697,3770	-276,7984
-885,9904	-185,9667
-743,1862	-475,8296
-660,8093	-221,7460
-757,2795	-320,3136
-840,9669	-179,4747
-816,3249	-177,2482
-803,3496	-105,0929
-763,2418	-104,1115
-690,4319	-112,1717
-686,4353	-243,3074
-681,0604	-163,4195
-752,0359	-355,2428
-613,6896	-206,5392
-669,5909	-221,2880
-545,5318	-357,7320
-804,3321	-203,6580
-639,4415	-135,9612
-548,8083	-323,7854
-733,4200	-256,1535
-577,4438	-209,6895
-590,6842	-296,7214
-697,3740	-74,1627
-613,3566	-219,2602
-493,1000	-295,4105
-501,8821	-322,0842
-476,9773	-481,6616
-328,6709	-389,5824
-442,9652	-292,7241
-448,0094	-249,3382
-507,3836	-264,8067
-439,4898	-475,2413
-404,0341	-416,4531
-530,6503	-303,6703
-416,2892	-437,7551
-544,1519	-336,1092
-533,7310	-315,9925
-577,5738	-409,5109
-339,2219	-392,2090
-461,3830	-520,1352
-726,6011	-489,9220
-529,9929	-310,1599
-394,0733	-430,2203
-348,7882	-420,3222
-451,6776	-337,5526
-373,8193	-424,7771
-351,6033	-211,1955
-391,5783	-103,6533
-288,4922	-163,3542
-316,1472	-207,9837
-418,0553	-266,4376
-303,1722	-9,8656
-391,1199	-104,8281
-159,3218	-33,5894
-359,9288	-33,5907
-413,9925	-10,7179
-361,8927	-1,9376
-259,5927	-7,9681
-434,0467	-155,5547
-228,0674	-353,6027
-144,0526	-247,4357
-291,1145	-256,2187
-248,8406	-184,3269
-75,7627	-333,6199
-238,2267	-436,7041
-248,6461	-316,3817
-271,6480	-277,1922
-342,1019	-386,6374
-553,1910	-235,9051
-351,4063	-413,5719
-349,9034	-322,0837
-452,2047	-448,2403
-525,0806	-392,3368
-560,4683	-222,4701
-499,2590	-317,6944
-544,2837	-151,5614
-461,3792	-265,9846
-502,5359	-350,7876
-395,4504	-282,5638
-456,9240	-159,9464
-378,8052	-341,1500
-587,0762	-56,5290
-583,2069	-47,2240
-406,8516	-48,9262
-452,8581	129,2636
-378,6724	6,3192
-425,3316	67,9895
-259,6574	-16,6835
-254,5476	-22,8416
-309,0055	-108,1696
-300,2248	78,2790
-298,9786	38,8908
-437,3886	104,2298
-381,2225	-182,0964
-294,6504	-205,8179
-253,8233	-101,0935
-157,4190	-102,0789
-339,6744	-41,3933
-216,9242	-269,1970
-348,0606	-383,0308
-301,5303	-244,8174
-262,4070	-313,3686
-310,0509	-307,0773
-173,6720	-260,0888
-345,6392	-411,3445
-276,3012	-301,0455
-267,9148	-255,4992
-378,8671	-382,6388
-403,1153	-377,1316
-363,5992	-335,5814
-403,6407	-323,7205
-474,0933	-298,9475
-519,5094	-197,2374
-677,3171	-223,8445
-468,1278	-136,7470
-494,2126	-258,3819
-402,8543	-242,5203
-423,5638	-5,0867
-455,0205	-40,6719
-461,5716	-86,0242
-381,8157	-236,2960
-377,9490	-193,7611
-279,7749	-109,8122
-194,4495	-215,5206
-288,6223	-222,5975
-192,1536	-173,5784
-225,5762	-213,9479
-140,0511	-218,6687
-171,4418	-424,7769
-53,1506	-254,9746
117,3094	-414,0960
-110,6909	-359,3751
-52,2956	-331,7188
45,1564	-453,2878
-39,9101	-404,0018
6,4910	-311,5985
-25,3593	-248,1603
117,8361	-294,6874
78,3174	-147,2333
27,9865	-209,4924
94,9671	-253,5953
251,4634	-211,0645
21,3044	-209,7520
39,6556	-265,4596
289,8034	-170,2353
114,4324	-257,7284
111,0890	-381,1322
195,1714	-438,8046
113,8418	-413,1803
74,1904	-396,2755
-46,2611	-582,8545
166,9248	-542,4856
57,4767	-611,2314
8,1313	-566,9280
148,1129	-268,4810
120,9151	-568,1740
17,7636	-522,8846
-30,9949	-279,0274
146,8694	-194,4211
0,5260	-288,3979
-2,3562	-252,6795
65,8663	-274,8955
71,8930	-36,5418
-123,5339	-150,3134
-70,4481	-109,5477
-56,4267	-82,6145
-109,3778	-67,7373
-168,1648	-96,7692
-195,0349	-167,3526
-12,4505	-165,0569
-175,1154	-163,6807
-100,0742	-230,5265
-123,2766	-217,0926
-221,0544	-161,9109
-294,8475	-305,2372
-180,0953	-272,8611
-185,6664	-201,6911
-272,5647	-204,2476
-250,7419	-266,8340
-348,1276	-139,1042
-180,4195	-150,8367
-273,2868	33,9736
-226,4262	-253,7288
-220,6600	-233,7370
-73,5983	-144,4127
-158,7292	-170,4979
-103,5489	-249,3354
-231,2119	-172,3977
-213,6470	-245,0126
-179,0450	-268,8670
-112,2651	-230,6624
-238,2275	-204,3822
-338,6913	-229,6805
-449,2488	-380,7411
-405,9964	-350,9201
-211,0280	-364,6841
-294,5231	-411,9345
-304,8097	-324,5088
-238,5524	-506,9613
-219,6779	-349,9348
-136,7749	-283,2886
-193,0695	-465,4765
-168,4272	-458,5292
42,0735	-414,4914
-65,9295	-472,4238
-130,1537	-493,3313
-16,2511	-685,8104
55,1818	-583,9003
-153,4853	-436,0556
-189,5258	-592,4892
48,6953	-464,3011
-17,1052	-516,3373
-78,8388	-576,4989
85,1968	-589,8657
-126,5506	-422,0939
-83,8183	-518,3669
-0,5885	-465,4135
-54,2636	-416,1294
-83,4907	-473,7363
-4,1933	-395,9435
-14,9390	-422,8807
-11,4018	-326,9357
-78,1166	-399,4852
-133,8862	-549,8867
26,0853	-274,4399
-24,0506	-383,1005
-16,1206	-365,4704
-35,9785	-321,6270
-23,8564	-529,5713
-160,1708	-428,8413
-154,4688	-365,8630
-127,6662	-392,8625
-235,4083	-352,2963
-275,7772	-296,3290
-177,7361	-302,2266
-167,3827	-236,6914
-289,6699	-344,4986
-209,3247	-401,1180
-104,0720	-405,7718
-287,9647	-338,6002
-137,4296	-385,3922
-116,0635	-381,2001
-313,5226	-468,5594
-128,3827	-580,8233
-37,3552	-672,3759
-48,5641	-566,2743
-142,4756	-661,4336
-177,0796	-682,6662
-254,2138	-668,5111
-232,8509	-716,4827
-320,4717	-435,2691
-216,7961	-548,3858
-278,7936	-624,7332
-372,9018	-463,4476
-321,1295	-534,1632
-356,0606	-539,0774
-299,9610	-502,6368
-354,2249	-464,3647
-320,3420	-523,1499
-318,8362	-472,2935
-315,8194	-430,4158
-189,8603	-470,9162
-358,2209	-187,1472
-229,9017	-334,2112
-236,5220	-374,2524
-230,0995	-346,5289
-135,4651	-239,3135
-112,5286	-303,2140
-261,4907	-526,0969
-272,8940	-422,8128
-247,9895	-333,2917
-262,2757	-356,2957
-290,9816	-472,3582
-182,7814	-304,7177
-160,0416	-193,3724
-127,9282	-276,7361
-195,5617	-347,6422
-112,6579	-300,1948
-205,3251	-261,2673
57,9976	-427,0057
-148,4411	-331,3880
-121,9619	-206,8073
-27,7871	-376,6085
-139,2651	-249,7977
-89,4553	-234,3966
-23,3983	-273,3249
-110,1006	-238,1969
-115,9337	-235,9045
-326,3678	-234,5276
-154,4682	-321,2324
-73,4666	-350,2633
-192,5468	-350,9203
-221,3798	-334,4707
-284,0349	-430,0235
-234,4883	-448,5695
-312,4770	-373,8586
-216,6645	-391,6854
-304,6145	-463,1200
-376,6388	-396,3385
-277,0880	-550,2157
-333,7126	-416,5895
-340,8559	-513,5826
-288,9499	-534,6840
-228,7888	-462,5298
-341,9683	-391,3579
-191,8903	-448,3755
-281,9355	-540,5173
-121,7665	-437,8861
-127,3370	-441,6240
-238,8786	-402,4344
-237,1730	-519,4150
-67,8288	-503,5540
-39,6504	-459,9090
-3,3438	-571,2534
-227,6718	-391,6855
-70,3193	-499,4928
72,8087	-481,2735
-149,1612	-571,8429
-43,6470	-436,1847
-149,5552	-410,8239
-110,6887	-526,2319
-41,0932	-394,3738
-202,1794	-480,4244
-170,1951	-661,6941
-146,8003	-601,9898
-108,9201	-538,0947
-30,9348	-531,5402
-123,9282	-525,8405
-73,3999	-640,1988
-45,0258	-589,2132
-217,1211	-687,6472
-99,1558	-628,9274
-117,7705	-605,7292
-79,8240	-734,5062
-108,3352	-609,4648
-265,6183	-529,1839
-249,0382	-579,1879
-284,9504	-512,0782
-306,7093	-521,1215
-240,7159	-567,7823
-250,4145	-422,5530
-152,7014	-312,9791
-235,8681	-418,5554
-198,3140	-394,9611
-197,8572	-323,1336
-300,6816	-396,2713
-182,4552	-303,6690
-199,9535	-340,5660
-214,3057	-382,2462
-191,1060	-414,4238
-143,9188	-400,5303
-34,8698	-431,2674
-216,0088	-348,7578
-247,0049	-211,4640
-52,7583	-501,3263
-147,4562	-479,8289
-86,3113	-441,4920
-135,0701	-409,7059
-111,7398	-292,5948
-173,7357	-318,2188
-163,2508	-435,4595
-105,5153	-263,1666
-208,4058	-96,9028
-168,8893	-364,5503
-377,7516	-312,5120
-257,9512	-165,1225
-354,1609	-136,7453
-507,5775	54,0925
-472,0577	-51,1581
-285,8065	-151,4246
-420,0240	-66,6886
-489,5574	-274,3053
-366,3496	-173,3788
-372,3797	-122,3280
-357,3714	-205,7564
-309,4638	-153,7218
-244,1261	-209,4901
-242,6816	-110,1394
-106,6290	-204,0534
-190,9076	-307,5312
-124,4518	-228,2339
-30,4085	-263,5568
31,7867	-191,4031
36,3729	-129,7356
-26,2116	-415,0124
-147,9756	-164,5994
211,4875	-298,4925
182,4528	-338,8603
140,1181	-165,9144
86,6424	-418,9494
85,8552	-534,8123
101,6507	-292,3986
180,7532	-475,5703
224,3984	-536,1241
181,4733	-466,9834
179,7034	-501,8480
220,8596	-334,4040
88,6748	-465,0831
155,5863	-411,0142
63,7706	-286,6289
118,7558	-462,9859
122,8821	-477,4663
156,5037	-165,1251
14,0266	-232,3015
-19,3935	-252,5515
196,6083	-339,5820
69,7307	-299,9985
-104,0700	-238,0657
-195,9508	-71,2795
-97,7772	-284,3365
-147,4555	-167,5509
-190,1194	-279,6805
-147,4557	-217,8152
-47,1861	-235,3122
-231,4082	-200,1195
-54,2647	-150,7693
-152,2395	-91,3301
-161,7428	-147,8218
-127,1393	-145,0020
-112,0667	-191,7302
-35,1270	-134,6484
-35,0625	-204,8389
-57,2794	-263,7546
-198,7694	-224,6962
-32,8967	-332,5703
-167,5090	-406,2305
-64,2884	-326,6061
-125,3035	-387,3578
-10,8113	-257,8593
-38,4681	-268,4126
30,2786	-414,0971
-24,4436	-242,5892
78,1207	-301,2458
58,6553	-370,1197
-36,5011	-412,3909
78,7776	-332,6985
52,0379	-107,5828
90,3111	-94,8721
-27,1935	-266,2443
23,0075	-102,0767
0,7244	-72,8499
148,6378	-84,1852
125,8953	-23,1711
-4,8497	-86,9386
-110,4270	-113,8737
-101,8436	-86,0855
-162,7919	-136,7458
-231,5410	-201,8863
-229,6376	-204,0494
-132,1887	-65,6386
-124,6529	-63,0823
-231,2126	-57,5128
-185,1420	-140,4798
-167,0544	-58,1637
-426,0508	-18,6475
-255,6567	136,2160
-232,9836	156,2005
-309,0702	-115,0466
-356,8426	108,8886
-272,6953	74,0875
-155,7794	32,0145
-4,3902	90,6027
12,2538	18,4467
-97,7784	70,5472
-52,8189	48,8529
82,8401	-31,0995
59,1146	-106,2042
108,7914	-203,1323
30,6718	-259,2293
-70,7120	-117,8060
-117,4378	-164,3382
-270,2041	-356,2278
-30,2096	-186,9465
-134,8742	-240,6910
5,2438	-421,1093
-11,0130	-461,4780
-12,8450	-488,7396
-214,6287	-199,8607
-18,6754	-240,7570
-59,1772	-353,8704
39,2587	-197,5012
106,4979	-365,6011
119,9310	-368,2213
-56,1620	-284,7272
19,5320	-219,4549
57,7373	-164,7328
31,0637	-247,7004
-97,6480	-310,1523
-18,4170	-31,1684
-97,9122	-294,9493
-182,5832	-115,1825
-12,5189	-171,2814
-166,2010	-196,2504
-314,1122	43,1512
-247,2009	-131,3063
-202,8315	-100,2404
-170,2620	-120,2958
-268,3673	-54,7600
-48,9531	-74,0923
-10,6152	-5,8061
79,9545	-201,4294
166,9210	-128,4222
151,9789	-156,3387
220,3977	-248,0243
116,6554	-156,6004
213,2564	-146,5088
129,6321	-72,2578
82,9708	4,0250
-16,6419	-117,9380
-8,0567	-163,0250
49,6789	-143,6278
84,0845	-47,4862
20,1873	-99,2612
52,1028	-248,2226
25,0354	-55,8072
22,5449	-101,4874
-128,7773	-181,3760
-69,6641	-188,8428
-230,9464	-170,6901
-119,1438	-182,4207
-188,2198	22,4439
-129,7612	-100,4370
-124,2568	17,9216
-150,8656	-14,3234
-178,0635	61,6328
-204,6026	100,0342
-137,6267	-131,0433
-143,8539	-115,3142
-187,1705	57,5677
-190,5778	-151,1006
-65,4055	-299,3378
70,7130	-68,2601
-89,9811	-150,3778
-98,5640	-78,1559
-112,3923	-248,9432
-48,0352	-133,0076
-2,0297	-107,7777
-79,2964	-33,0669
-107,8709	-118,4617
10,7497	-191,3330
-32,0473	-51,6801
-132,3833	42,7575
-82,4415	-135,9609
-47,1879	-255,1663
-143,5882	-25,9242
-208,0736	-169,2528
-0,8501	-295,4066
-28,2451	-248,2870
6,5555	-111,0579
-30,9952	-371,9548
122,2271	-259,0358
95,1587	-284,2690
-50,4588	-179,6736
71,3067	-234,5274
82,3145	-375,3636
65,0779	-261,3289
-49,6753	-310,0224
-114,1627	-212,7665
-188,6776	-166,8936
-153,0929	-124,1634
-251,8559	-243,1755
-64,5557	-112,1709
-447,1542	-35,3631
-277,8094	-164,5989
-415,7616	-262,1810
-309,0696	-11,4401
-234,4899	-41,1303
-188,1572	-71,2730
-286,7876	-190,1545
-229,1139	-44,9267
-98,6325	28,2757
-41,4214	-23,1685
-70,0593	30,7007
-48,1048	-58,6894
-211,6825	4,0282
-133,2325	138,7682
-98,3045	-1,2186
-55,2475	-118,5247
-57,5428	-206,8665
-266,8613	-179,8663
-76,0870	-227,7068
-177,0129	-145,1984
-91,0948	-69,8970
-71,0422	-231,7058
-13,6987	-141,9202
-109,7064	81,5564
-170,7848	32,7300
-55,9655	-19,8932
-28,1790	-25,9221
30,6727	-21,5304
60,6226	205,7486
72,8779	47,8041
-54,3258	-7,7007
100,4039	42,6299
66,1936	-7,8326
-60,8158	34,5687
87,1664	-0,7574
-81,3936	-82,2172
52,8244	-168,3326
88,8671	-108,3011
-37,7469	-216,5693
49,1539	-149,4594
11,9287	-159,6840
-52,5584	-162,7653
-78,9691	-221,9440
-3,6693	-342,7253
-64,6191	-155,0314
-115,3435	-290,1682
-154,0749	-371,1025
-147,2610	-270,6367
-221,9064	-279,8120
-257,8851	-231,7740
-280,4956	-175,2184
-337,3165	-175,1514
-371,9846	-259,1676
-491,5859	-178,8852
-222,8908	-126,0641
-377,3590	-103,2572
-345,5065	-218,1420
-129,6319	-172,2635
-209,7163	-59,7416
-80,5421	-125,4738
-154,3378	-62,6888
-58,1279	-66,7543
-59,9637	-119,5089
29,4922	-41,3224
-18,7426	58,8787
2,8851	-183,0121
-107,2164	88,6364
-18,8075	51,9989
-216,0057	67,5988
-17,4972	14,9728
-40,8288	-39,4867
-134,0203	6,9794
-95,2234	15,4972
-109,2485	4,6185
-174,0621	27,6858
-155,2527	-216,6312
-49,7423	-100,0422
-109,1162	-113,4788
-129,0390	-184,9124
-64,5517	-92,5075
-122,9447	14,4462
-100,5311	12,0200
17,9583	48,0656
-79,6266	-13,3410
-25,5593	-23,8248
-213,6466	-17,7323
-80,7396	-97,2911
-124,1262	-29,0664
-87,1649	-49,4512
-188,5482	-78,3503
-221,6437	111,8965
-125,6350	-90,3466
-232,7852	-84,9697
-236,7838	-30,9050
-225,1822	67,3328
-228,1330	84,0443
-279,3803	-115,4478
-182,7804	-116,5588
-176,5558	-172,1338
-201,3283	-142,4463
-239,4688	-148,2131
-210,1748	-96,3758
-186,3848	-57,3822
-220,4651	-10,9176
-153,7491	-33,3309
-222,3649	-257,3967
-169,8067	-205,3576
-325,5843	-146,0493
-277,9383	79,5247
-388,1063	107,7679
-241,8927	12,9379
-196,0213	-137,3963
-206,9645	36,4665
-168,7585	-216,5012
-191,2366	-113,8689
-380,4385	-69,3071
-264,8307	-57,0528
-291,7682	-75,7966
-145,8844	-216,1091
-259,7866	-57,9041
-315,6212	113,5334
-86,8354	-150,6414
-187,6958	-149,5236
-120,1916	-287,3476
-83,9503	-108,6283
158,2685	-45,6512
-21,7582	-88,5115
-45,7418	-130,1254
101,3205	-80,5141
-0,7853	-108,6294
32,8357	-129,8630
46,9910	-88,6409
-12,1218	-121,5397
-37,4175	-111,1199
-43,6437	-131,4364
23,5956	-141,7245
-57,0794	-36,9342
-7,3365	-9,0173
100,1402	-263,4253
25,6890	-9,8662
-93,2564	-42,4397
-81,1979	-150,7684
0,0000	-33,9838
-55,9032	-42,2407
-71,3676	-49,3195
-45,1543	-26,1848
-85,6549	-85,1671
7,2085	45,2497
-137,5607	-116,1654
-132,1853	-3,4438
-180,0935	111,7014
-193,7923	-5,7376
-336,0035	-34,6389
-369,4928	10,4500
-212,4052	-45,4532
-389,4183	81,6214
-384,3055	-23,4335
-275,2530	-33,4600
-367,7911	-88,9036
-318,1787	-163,0895
-310,5110	-180,1942
-172,1653	-167,9395
-136,5785	-211,7184
-87,7557	-231,3798
-221,9716	-301,5673
-139,4601	-218,8623
-292,2252	-263,5597
-107,4135	-342,4618
-192,8746	-150,5722
-215,8768	-208,9672
-320,2759	-106,7937
-357,4348	-66,5536
-380,6994	-11,3079
-415,6957	27,5556
-290,4572	6,3242
-251,0704	-7,8973
-316,8683	84,6367
-66,9139	97,5482
-126,9451	85,3569
-25,6910	-75,5990
78,8380	-120,1631
103,5452	-57,8398
13,7635	-238,5199
-42,9225	-177,9651
162,5961	-144,4759
134,2849	-54,6257
-13,4308	15,3005
217,3225	81,4908
136,1878	71,8557
180,2302	77,2977
260,0530	87,3224
183,1135	-82,4796
361,3726	-18,3191
351,4097	53,0460
337,7776	-43,6169
341,7098	68,3168
240,5222	-27,6927
235,0804	34,5665
46,1421	81,6213
77,8608	-224,1015
73,1394	23,3636
-53,0154	245,9208
23,1352	76,8383
-62,5851	43,8752
-34,6661	-61,1761
8,5870	146,2453
147,0649	180,7790
30,5404	296,6475
16,0601	181,1077
47,0576	174,8825
47,5816	215,2515
-4,9129	128,0901
88,9983	107,5778
-47,9718	22,3822
-84,2790	170,8851
-79,8887	99,9090
-48,3027	120,3583
-292,0291	181,1066
-121,4407	120,0941
-238,2246	246,9061
-286,7230	162,4281
-302,9078	165,4451
-283,9691	341,2097
-369,4281	104,1017
-475,5959	103,3180
-274,6626	221,4120
-281,4145	94,5999
-297,6690	177,7674
-262,0817	205,8805
-374,7375	155,5491
-297,2072	284,6547
-218,1064	22,5106
-200,6084	-56,0624
-203,1655	195,2655
-213,1903	155,7465
-233,6387	228,2281
-294,8475	68,8456
-211,8139	4,8197
-293,0127	213,4837
-248,4471	181,4999
-98,8288	145,0621
-153,9464	53,2462
-82,9032	-29,2641
-92,6691	-58,4263
-0,7870	-91,1952
14,0248	-74,2205
-134,2157	64,7132
81,6609	-59,8039
101,1901	-132,0238
193,4651	-64,3240
201,2656	-99,9766
218,6325	-174,0968
168,2356	-85,7548
356,6521	-169,0510
187,6330	132,3464
139,1398	18,4427
270,5373	-142,7730
225,1855	-19,2368
119,9364	-177,0496
180,6223	-64,5861
284,2352	25,6533
184,0290	-126,2578
157,6205	-43,4190
261,4934	61,9611
138,4163	16,8727
192,4192	130,6431
214,4358	22,5090
45,2233	92,6339
11,2764	186,7423
9,0464	38,8292
40,6345	110,4623
32,7689	271,2186
71,8271	254,1146
-77,9230	324,5652
-185,0728	58,7534
-152,5013	89,2295
2,0305	239,1094
-0,4604	60,5887
-54,6568	96,8325
-156,8262	166,2972
17,9591	260,2129
193,8569	225,4745
185,9934	201,8844
262,2785	83,6580
190,9111	206,8661
235,8688	226,9849
306,3873	311,9840
278,0075	270,0405
221,3867	127,8296
166,5971	281,2487
233,2457	87,5227
30,1504	50,1045
13,7652	161,7759
-15,0063	171,6692
-111,7363	37,2570
-63,1096	97,2202
-109,3790	-2,3940
-27,9182	-63,6048
-217,3161	49,9682
-19,7910	-4,0337
-94,6981	72,7078
-67,3040	-25,9241
55,7068	-94,9970
-68,6786	9,2699
183,1746	-72,8462
62,7181	-25,7256
77,5326	-36,6061
159,3853	-79,7929
73,0733	-9,0799
25,8900	-161,7139
21,6289	-115,5109
-24,1131	-129,0750
8,7847	-100,4387
2,2978	-86,2825
204,4080	-41,2607
-5,1088	-102,0774
42,3396	-131,6349
97,0622	-235,5720
19,4011	-112,6265
-20,9674	-20,6166
54,9876	-41,6528
-0,7191	-28,8077
58,5913	-49,7135
41,7482	-58,2322
-16,4490	9,0744
-5,7662	-7,7713
-103,5463	-32,5412
-135,3308	-35,6873
-6,2907	-97,8142
-122,6848	86,6696
-127,7288	57,3725
-147,6517	-92,1771
-54,1337	25,3283
-186,0552	40,7275
146,7336	-163,8080
-131,6625	-64,8486
-201,2598	17,2649
-122,6152	-70,9456
-149,4848	22,3105
-9,9579	-182,1618
-23,1973	-98,0125
135,7943	-87,9880
201,0000	-165,3189
216,9921	-90,5420
136,6456	-207,4585
173,2817	-286,6882
134,2872	-138,4463
176,6890	3,6999
54,0728	-36,3407
210,6367	117,6675
-2,4197	108,8873
157,5533	165,0521
152,2425	190,6767
18,3530	307,7232
-18,7394	265,5180
-49,7403	190,7441
-134,2150	378,6350
72,9414	233,7332
-113,5092	262,3089
-157,2215	227,3793
-202,9636	326,9910
-151,9129	348,8146
-36,0460	413,5637
-93,6530	243,3006
-164,3625	177,3734
-89,5867	220,2353
-60,4890	126,8445
10,5526	198,4771
-158,5281	227,8361
9,9007	225,2778
188,8109	146,2443
62,3285	-55,8699
77,2042	27,6258
95,8830	168,1960
154,2096	-15,4374
13,5698	-47,0889
-10,2868	-28,4788
56,1684	-68,4556
82,2488	-18,9763
41,1560	-48,0754
-89,7170	-120,7511
-150,1405	53,1135
-32,0453	111,1779
-40,2390	56,1318
-38,0778	229,2094
-141,3619	103,4490
-197,6560	387,7439
-177,8662	210,3361
-173,4103	162,8259
-255,0029	231,8341
-381,0274	54,8869
-320,2755	97,1593
-332,6625	76,4454
-296,9451	-136,1509
-173,8680	34,7646
-162,0073	-3,3788
-252,5767	-186,2233
-242,4806	-110,5965
-182,8440	-86,1522
54,5932	-181,0468
84,9348	-188,9138
-59,3737	-366,2517
-18,7394	-214,0776
41,8817	-100,4419
159,9776	-337,8776
26,8067	-262,7056
10,4929	-312,9082
134,8123	-277,4505
198,9722	-197,2370
133,1736	-133,6661
181,9343	-200,6438
206,1819	-47,6833
262,6732	-379,0950
240,9802	-148,8674
300,8151	-88,3125
194,3839	-97,2268
167,5147	-47,0906
133,8274	-71,6670
88,2809	-27,1015
46,4688	-60,0683
57,8711	-52,5302
-20,4445	-57,5102
169,6085	-55,4812
11,0763	-54,8240
-55,3745	1,4054
58,0012	-42,8969
-0,3250	-17,5989
-52,3580	-9,4056
224,3321	156,1371
49,4830	121,0761
120,2651	208,4360
311,1683	44,0071
271,7161	154,6976
234,6895	118,6524
428,6094	70,8767
249,5002	121,6005
307,6299	-21,2694
417,6649	-37,4546
221,5161	-98,0779
140,9734	-71,8635
227,8745	-41,6521
33,4959	-271,6832
177,1490	-37,7191
180,8846	-92,2477
210,7665	-94,8028
129,9600	-3,9023
-22,0821	17,5244
2,3619	-99,1917
-17,9550	-226,0016
-127,2690	-46,6311
-60,6197	-56,2650
-117,3728	-35,1634
-38,0116	-36,8687
-76,7423	-32,6743
-16,5152	-162,8950
-161,5456	-274,9598
-9,3044	-125,0798
-53,0197	-268,6050
-80,5422	-276,5982
-117,1111	-191,9933
-109,3132	-221,6817
-159,7087	-274,9610
-95,6815	-77,9603
-229,5708	-195,9920
-93,9775	-110,7929
-144,6382	-53,2541
-59,9663	-265,1945
-179,8315	-62,0966
-154,4695	17,7237
-274,5305	-61,7698
-98,7628	139,1636
-260,5070	118,8467
-177,1432	-18,6447
-79,6926	205,0953
-119,6714	150,0449
-84,4752	303,5959
-198,3779	360,8722
2,6203	111,4463
-225,7706	352,4225
-113,4418	441,2222
-3,5371	406,0282
-170,1307	263,8840
-10,8114	286,8222
66,0616	400,3949
102,6949	412,9116
-158,8573	121,1468
107,9405	304,1250
-59,0468	235,8990
-137,1626	525,1739
-88,9273	374,0435
85,0025	290,7502
141,8862	144,8689
95,7498	78,9382
48,1050	57,4420
2,2972	72,4498
43,3882	-54,7565
123,5385	23,2312
127,7322	128,4140
116,7882	-51,6790
42,6692	-42,1741
218,8946	-57,1834
245,8931	-76,9725
151,1295	29,0629
120,6559	-82,6091
196,2834	90,0790
132,5806	94,7960
12,5871	183,7286
6,3606	79,0682
156,6989	81,1665
128,8443	41,1253
-36,5004	194,5440
38,2102	92,8310
35,3265	71,6637
111,0222	37,7836
100,4032	125,7287
34,9999	131,9564
196,1545	34,5687
258,4761	22,7749
195,1714	227,9642
255,7258	15,1046
314,1862	-45,5138
340,0714	143,5550
268,0490	77,6247
297,6071	-123,5682
173,0239	61,8320
318,1848	-50,7589
281,2864	-32,6048
243,0773	2,3248
211,1620	-37,3242
181,4712	-75,3352
205,1956	35,7475
44,1717	67,2038
-192,7389	-8,4906
21,5634	-214,0751
-163,6433	-109,1524
-156,8926	41,0552
-155,8438	35,8759
-219,4796	113,0772
-172,0317	-187,7975
-56,6225	-22,4467
-127,2717	-33,1318
-140,8996	-19,5652
38,6688	-31,9502
121,6347	189,0348
84,0864	-152,1445
212,0116	-193,9529
236,9158	-78,3485
75,7000	-21,2691
234,8223	79,3295
252,6472	-63,5418
232,9221	-78,6122
252,3205	-89,6230
256,3191	-49,5137
417,2741	-49,8427
233,1174	-96,8319
254,0903	-153,9119
273,2904	71,5314
247,1403	-11,1107
9,3098	16,6126
128,4548	26,6396
127,5983	83,7880
17,8257	138,3786
7,6669	100,4328
-210,6973	103,5135
-150,6664	153,3207
-81,9201	83,9816
-154,4015	-41,5185
-25,8207	24,9994
-92,9286	-161,4520
-12,3192	-40,3420
-43,9726	-164,9934
2,4916	-192,7790
-186,5790	-134,9139
1,0514	-244,4231
-96,2060	-276,6021
-104,3324	-300,7831
-63,5036	-308,8443
-124,8455	-187,8006
-24,1816	-212,4434
-65,4039	-341,0238
-90,9624	-180,1328
0,0673	-327,0641
24,7098	-153,1308
46,2711	-210,7391
7,0810	-351,8354
63,3111	-158,7001
222,0383	-11,5083
109,8419	-340,8253
137,3008	-108,4338
55,8418	-64,7887
197,2014	-314,0846
101,9127	-218,5977
266,3420	-161,1894
80,8751	-39,8179
204,1492	-62,9533
36,6390	-102,4051
87,4301	-61,7079
81,8591	-150,7045
250,1524	-195,5294
96,4715	-56,5283
11,3399	-120,1000
-49,4111	-178,9483
-26,6689	17,9858
12,7154	-29,9866
-27,2604	-75,4690
0,5915	-5,0162
24,0526	-77,8928
91,2935	-2,2627
-13,9580	-7,3095
4,9814	64,9117
69,5346	174,2246