-2050,3721	-4326,9366
-2305,2440	-4283,0287
-2137,2741	-4166,1805
-2217,6215	-4403,2884
-2115,2549	-4399,9451
-2190,5536	-4337,6871
-2017,6075	-4287,2905
-2134,1939	-4529,1162
-2339,3851	-4466,6574
-2103,7823	-4284,7971
-2147,8267	-4220,5077
-2095,7227	-4371,6312
-2226,2737	-4342,1398
-2238,1990	-4260,3517
-2334,2107	-4291,8088
-2258,5166	-4193,7675
-2375,1077	-4259,7615
-2322,4143	-4336,3088
-2448,1815	-4345,7449
-2385,3306	-4373,9916
-2405,5167	-4535,2088
-2306,1663	-4543,1403
-2425,7018	-4280,5386
-2401,2577	-4497,5973
-2472,2316	-4501,5935
-2495,0387	-4450,6746
-2521,3832	-4600,0306
-2601,4696	-4671,5292
-2489,7297	-4752,4013
-2662,4222	-4674,8713
-2755,6759	-4570,0830
-2855,2285	-4634,6331
-2684,0508	-4586,9249
-2988,7269	-4511,8204
-2706,3339	-4588,8908
-2858,7725	-4684,5045
-2848,2206	-4620,0178
-2942,7217	-4521,6506
-2731,9607	-4763,1502
-2730,3213	-4868,3975
-2832,2966	-4852,0158
-2861,7853	-4631,4239
-2936,9570	-4957,5330
-2945,9340	-4850,9696
-3072,7468	-4897,0435
-3100,1390	-4956,2901
-3078,7105	-4986,3710
-3004,5912	-4972,2163
-3175,7065	-5107,2212
-3159,4522	-5109,4467
-3268,9644	-5043,7186
-3148,8386	-5167,9722
-3257,6942	-4962,5840
-3252,2562	-5084,8086
-3377,8861	-5143,4626
-3402,6615	-5092,4076
-3439,0973	-5089,0023
-3382,0181	-5208,0813
-3315,9586	-5202,6401
-3546,7135	-5186,0607
-3551,1663	-5174,5938
-3647,8994	-5324,8038
-3413,4808	-5326,8983
-3849,4242	-5314,4488
-3662,1235	-5275,5887
-3821,1128	-5460,1379
-3733,1005	-5555,9514
-3922,5648	-5561,2607
-3887,2414	-5580,4661
-4027,2910	-5843,8535
-3928,7282	-5868,6280
-4081,1644	-5868,8246
-4114,6547	-5876,6922
-4225,2787	-6017,1380
-4225,2147	-6002,7192
-4167,4788	-6042,5020
-4337,6769	-6126,3250
-4232,4254	-6309,5600
-4388,3367	-6296,3900
-4298,6828	-6325,0291
-4410,8151	-6388,0762
-4251,4341	-6564,2349
-4545,8214	-6392,4011
-4375,5573	-6423,2070
-4384,0146	-6586,9139
-4499,8838	-6697,6702
-4500,7331	-6757,2436
-4592,8810	-6690,5949
-4618,4382	-6917,3501
-4746,4325	-6981,1170
-4651,7976	-6946,6462
-4802,7318	-6991,1481
-4779,1362	-7099,1506
-5055,7658	-7051,9661
-4954,7731	-7053,2138
-5049,8027	-7182,7778
-5154,1355	-7151,5834
-5149,8741	-7239,3372
-4981,3203	-7420,5430
-5182,6459	-7323,2895
-5090,1770	-7425,1976
-5274,8551	-7490,8001
-5178,1925	-7510,1337
-5126,4844	-7457,3774
-5385,0922	-7540,8079
-5405,1409	-7681,3147
-5366,3486	-7577,8987
-5362,1525	-7688,1333
-5577,1786	-7713,8221
-5438,5661	-7726,4728
-5412,4218	-7731,7160
-5425,4622	-7816,5211
-5590,8743	-7964,3693
-5373,2322	-7894,0497
-5580,7184	-7936,0593
-5554,6347	-7999,4998
-5793,1225	-7989,1455
-5728,5057	-8080,8312
-5954,1471	-8116,5500
-6007,4971	-8233,6625
-6221,9316	-8260,0743
-6308,3757	-8232,6173
-6547,3862	-8464,5475
-6628,4578	-8380,1400
-6674,5275	-8330,6633
-6884,7708	-8475,6276
-6692,7508	-8725,3850
-6944,1479	-8791,3139
-6800,4291	-8561,3509
-6912,8240	-8803,5081
-6874,1587	-8682,2668
-7029,6096	-8794,6627
-6931,6994	-8874,5516
-7105,8273	-8919,0496
-6967,0910	-9011,7852
-7034,0659	-9151,1136
-6999,6614	-9118,4122
-6978,2311	-9083,4833
-7035,2486	-9157,6725
-7046,5168	-9296,6731
-6924,6248	-9393,7334
-6922,0016	-9298,0519
-7107,7300	-9466,4810
-6945,6584	-9610,9862
-7046,0600	-9677,3094
-6936,6820	-9491,1897
-7182,6354	-9568,0664
-6984,1290	-9799,6015
-7125,6223	-9670,5613
-7106,3552	-9684,7200
-7346,0859	-9640,3515
-7333,4406	-9755,8246
-7437,8369	-9715,4549
-7466,4161	-9785,4466
-7612,9539	-9657,1288
-7639,4325	-9790,4928
-7669,3159	-9846,9857
-7712,2441	-9766,7714
-7721,9431	-9986,3829
-7822,7367	-9956,0387
-7743,8973	-9875,5001
-7771,6205	-10059,0665
-7721,0936	-10085,0852
-7787,5461	-10312,5600
-7811,5360	-10259,0810
-8003,2901	-10128,9321
-7986,7130	-10139,5498
-7940,8365	-10293,3614
-8012,2102	-10356,2757
-8077,6117	-10458,8402
-8123,8831	-10449,1397
-7952,2436	-10391,5355
-8261,5090	-10382,0998
-8145,4430	-10365,7181
-8347,2944	-10370,5677
-8104,4838	-10663,9723
-8210,6531	-10574,9061
-8125,1293	-10667,3808
-8124,6711	-10632,7125
-8130,8321	-10667,1207
-8318,1309	-10719,0905
-8201,8727	-10869,3640
-8171,5264	-10898,0041
-8086,0710	-10801,9276
-8094,1965	-10962,8195
-8312,1046	-10918,4503
-8312,6257	-10813,9218
-8323,7027	-10836,7274
-8158,8150	-10839,6779
-8313,2192	-10675,5082
-8327,9639	-10734,4259
-8426,2011	-10714,6329
-8171,3342	-10557,8046
-8383,4083	-10677,2108
-8158,2910	-10725,6408
-8187,8498	-10658,1374
-8068,4441	-10651,3239
-8287,1341	-10697,6575
-8142,7592	-10692,6765
-8084,2340	-10784,5603
-8027,4844	-10683,2403
-8235,2276	-10805,3362
-8233,1321	-10840,5289
-8310,0701	-10721,7133
-8397,1027	-10810,0555
-8264,2601	-10956,0688
-8411,3239	-10748,7125
-8309,2853	-10886,3401
-8418,6644	-10745,8286
-8188,1748	-10734,1638
-8246,8338	-10695,1697
-8167,7302	-10694,6447
-8316,6921	-10636,2521
-8234,3150	-10734,4239
-8274,6168	-10668,9529
-8284,9075	-10526,6103
-8161,8957	-10602,5648
-8313,1539	-10656,4370
-8307,8415	-10671,3093
-8223,3025	-10475,8831
-8280,3825	-10478,3091
-8259,6078	-10475,2923
-7987,6345	-10421,0262
-8097,4732	-10369,6488
-8127,7485	-10240,8685
-8093,5357	-10369,3827
-7853,3509	-10244,6021
-8006,0453	-10190,9257
-7914,7548	-10177,0332
-8002,1752	-10139,6766
-7759,6284	-10137,1859
-7630,7191	-10044,5822
-7809,7642	-10154,1595
-7764,2782	-10182,0101
-7815,8562	-9999,3625
-7689,9615	-9997,0023
-7748,8137	-10010,8314
-7710,9998	-9911,2819
-7759,2998	-9947,9148
-7537,0043	-9981,2062
-7844,9557	-9817,3667
-7640,1551	-9844,4975
-7790,7570	-9788,2684
-7613,4825	-9693,8964
-7708,1156	-9889,5859
-7775,4203	-9593,4929
-7594,8681	-9564,6609
-7675,2847	-9779,3529
-7739,1795	-9677,9682
-7736,6231	-9664,4023
-7750,1887	-9545,3890
-7839,1872	-9564,2633
-7519,2393	-9575,0759
-7580,3195	-9616,6234
-7503,8386	-9574,1538
-7510,1268	-9505,8022
-7481,5525	-9404,8090
-7366,9275	-9317,5807
-7207,9390	-9429,7776
-7183,4264	-9246,2757
-6962,0489	-9263,2483
-7151,1143	-9186,6366
-7027,5146	-8986,0974
-6934,4523	-8966,0440
-6935,3063	-9040,4239
-6995,3326	-8929,4704
-6901,9465	-8882,8744
-6862,3599	-8828,4781
-6998,6758	-8768,4477
-6734,5641	-8786,9912
-6799,8393	-8744,6537
-6772,7711	-8394,3645
-6716,8674	-8616,4008
-6584,9458	-8431,9776
-6586,1214	-8376,3378
-6484,6742	-8267,9409
-6593,3276	-8311,3884
-6432,4381	-8091,5147
-6381,6458	-8195,5863
-6452,0313	-8203,1853
-6285,6983	-8127,0986
-6350,7780	-8047,6054
-6110,6519	-8140,4046
-6279,3456	-8133,8485
-6160,1966	-8157,9015
-6197,6212	-8201,2846
-6212,3642	-7959,0001
-6377,6459	-8037,8406
-6264,2678	-7907,7494
-6220,6877	-7958,6066
-6088,9619	-7935,9284
-6257,1261	-7794,9602
-6225,4704	-7718,9390
-6197,0256	-7676,8622
-6041,7736	-7537,1376
-5952,5098	-7452,2030
-5927,0176	-7325,1264
-5808,9848	-7099,4186
-5798,5634	-7193,9864
-5603,1989	-7100,9881
-5516,1686	-6994,8179
-5444,5344	-6993,8996
-5534,7769	-6811,9716
-5235,5371	-6989,8338
-5300,4839	-6886,0224
-5105,1872	-6622,6349
-5263,3884	-6632,3348
-5114,3596	-6632,5313
-5262,0763	-6642,0965
-5228,1279	-6656,1864
-5120,1899	-6588,9462
-5196,2128	-6553,6879
-5101,5111	-6606,1166
-5106,8214	-6378,3125
-5032,1088	-6431,0059
-5172,2897	-6420,7789
-4972,9274	-6383,1617
-4965,0012	-6380,2106
-4993,3095	-6320,2438
-5103,9320	-6238,3897
-4828,6842	-6049,8416
-5078,1788	-6076,1862
-4946,1883	-6018,4467
-5032,1701	-5928,8582
-4975,2230	-5860,1772
-4939,7651	-5800,8622
-4981,5133	-5823,4734
-4762,9498	-5602,7470
-4996,6529	-5564,7361
-4904,4399	-5381,2351
-4843,0357	-5446,1141
-4751,0213	-5469,5735
-4834,7781	-5346,4956
-4786,3448	-5281,6154
-4833,2030	-5279,4512
-4655,0108	-5096,2788
-4781,4308	-5233,3781
-4762,4902	-5118,0328
-4738,5010	-5026,1517
-4867,5420	-4986,9602
-4616,9973	-4795,3983
-4580,4317	-4849,0713
-4676,5026	-4812,2361
-4670,3436	-4743,6847
-4545,8891	-4538,4929
-4549,2331	-4529,5792
-4750,2926	-4552,6479
-4669,8797	-4586,2647
-4336,6970	-4329,4961
-4564,5000	-4448,7077
-4262,5096	-4559,1307
-4352,2301	-4410,9542
-4342,5300	-4432,5164
-4389,9109	-4287,2862
-4286,6926	-4219,1301
-4301,3707	-4308,3899
-4237,4101	-4244,6875
-4303,2698	-4138,3228
-4323,0618	-4303,0793
-4153,2549	-4212,1157
-3940,3314	-4264,6091
-3935,3502	-4258,4488
-3984,7626	-4145,3997
-3720,3230	-4218,3407
-4004,6173	-4166,4363
-3649,8679	-4211,6551
-3648,1011	-4083,7299
-3565,4593	-4140,1552
-3688,0727	-4120,1666
-3531,5090	-3974,0218
-3522,4655	-3957,9656
-3446,3130	-4088,8391
-3689,7748	-3927,4880
-3514,4021	-3823,8764
-3529,9999	-3818,0445
-3662,2512	-3882,3329
-3436,4129	-3828,4613
-3639,0521	-3774,7234
-3487,5302	-3852,3830
-3606,0861	-3851,8577
-3536,4196	-3681,4018
-3386,8692	-3815,2922
-3324,7408	-3824,9891
-3496,6408	-3694,0516
-3286,0092	-3940,8575
-3372,9076	-3975,1293
-3333,6521	-3703,4194
-3341,1865	-3629,8235
-3284,6296	-3680,1537
-3284,7575	-3615,7959
-3127,9317	-3540,4297
-3097,9810	-3501,1074
-3079,2399	-3499,9915
-3227,4793	-3387,4654
-3312,2163	-3370,5567
-3116,3319	-3472,3315
-3346,6253	-3404,7624
-3209,7214	-3135,6733
-3351,6087	-3236,9251
-3274,4083	-3249,8341
-3562,1102	-3187,0510
-3316,8116	-3105,1297
-3573,5814	-3093,8589
-3501,2965	-3039,7249
-3407,3822	-3077,9317
-3583,3478	-3027,5357
-3646,5222	-3140,1247
-3547,3011	-3063,7747
-3403,5802	-3104,2104
-3494,2170	-2899,8048
-3470,5561	-2987,4284
-3383,5268	-3123,8703
-3294,0679	-2964,8801
-3459,5460	-2780,7274
-3266,8706	-2875,2290
-3395,9092	-2935,7177
-3245,4392	-2876,1430
-3240,5235	-2853,0749
-3183,6415	-2751,4955
-3309,7922	-2890,3651
-2967,1079	-2916,7073
-3238,8828	-2738,9764
-3226,6917	-2719,9056
-2910,2172	-2839,7040
-2997,9725	-2712,5636
-2855,3631	-2606,7251
-3061,4733	-2673,0462
-2803,1299	-2692,5104
-3002,7528	-2585,9489
-2649,7103	-2553,3117
-2877,9739	-2614,1314
-2818,4656	-2796,7759
-2914,6064	-2897,0434
-2854,8380	-2661,5759
-2850,2497	-2711,8432
-2784,7827	-2735,1059
-2878,4963	-2651,6153
-2836,3587	-2613,2110
-2964,2160	-2709,4837
-2888,3933	-2579,1314
-2894,2900	-2646,2409
-2988,4656	-2541,7772
-2811,6499	-2617,2724
-3060,8175	-2541,1856
-2882,2951	-2559,6686
-2970,1824	-2606,7203
-2808,1781	-2486,2639
-3007,0782	-2608,0322
-3043,7139	-2446,2881
-2995,6742	-2416,0134
-2776,6566	-2494,1306
-2879,1540	-2459,5937
-3013,1766	-2539,0890
-2921,1588	-2492,1003
-2853,3987	-2688,8376
-2884,0011	-2673,9609
-2907,5292	-2501,4707
-2805,1597	-2661,0505
-3022,8712	-2592,1059
-2664,9112	-2488,4297
-2683,1345	-2427,7417
-2746,7012	-2516,4773
-2738,8368	-2389,7299
-2514,9024	-2352,4414
-2697,4195	-2466,2744
-2557,6309	-2390,3826
-2781,3683	-2359,3201
-2530,8909	-2366,4625
-2577,6822	-2355,1249
-2575,1272	-2288,4751
-2553,3017	-2358,7937
-2814,7245	-2279,4298
-2592,9469	-2095,2105
-2569,8846	-2276,0869
-2480,6229	-2152,8139
-2678,6746	-2037,4068
-2574,2088	-2274,3160
-2742,1130	-2109,0337
-2580,6985	-2178,3058
-2852,2142	-2074,6266
-2621,3950	-2006,6681
-2652,4594	-2093,1074
-2563,8577	-2107,0659
-2734,3776	-1859,1458
-2489,3411	-2090,6172
-2574,7982	-1946,2432
-2583,1890	-2258,3213
-2657,6345	-2027,4415
-2748,3366	-2153,9268
-2634,1089	-2196,1314
-2766,5562	-2333,3643
-2699,1866	-2119,7178
-2746,7659	-2124,8325
-2619,4299	-2326,0261
-2677,6277	-2270,7128
-2706,6604	-2305,9701
-2764,2649	-2182,9593
-2604,8197	-2209,5010
-2905,5612	-2097,6958
-2629,3966	-2155,0391
-2751,7502	-2231,7140
-2847,9587	-2045,6593
-2919,9150	-2106,3477
-3014,5506	-2176,9292
-3034,0767	-2081,5101
-3131,6615	-2284,6068
-2918,0794	-2246,8590
-2791,6633	-2226,4780
-2804,7070	-2472,8932
-2946,3913	-2425,6400
-2817,3513	-2324,9785
-2834,0628	-2384,7485
-2621,2026	-2451,4609
-2710,9845	-2497,4669
-2773,3776	-2355,9752
-2798,1434	-2249,8068
-2601,2773	-2130,0745
-2742,4391	-2221,9551
-2780,4521	-2254,5245
-2593,0171	-2275,8878
-2822,5284	-2007,8483
-2750,8952	-2171,2282
-2923,1271	-2126,2684
-2919,5861	-2104,8402
-2976,6711	-2135,6410
-3001,7725	-2101,3641
-3127,0110	-1974,6868
-2989,9777	-2086,4240
-2996,0068	-2206,6164
-3061,4783	-2139,9019
-3057,6097	-2201,5076
-3139,0052	-2235,8475
-3164,4969	-2303,2856
-3041,1603	-2337,9543
-3005,3117	-2367,3792
-3140,7732	-2405,8502
-2912,5137	-2280,7424
-3113,7745	-2278,1215
-3079,6940	-2388,6797
-3179,7007	-2222,8747
-3042,7307	-2327,5350
-3009,1113	-2360,5635
-2930,7978	-2254,7896
-3088,5384	-2322,3572
-2913,2980	-2312,7877
-2922,4723	-2259,5068
-2801,9540	-2238,9944
-2896,5855	-2284,7379
-3024,3169	-2232,6367
-2992,9228	-2173,9164
-2984,6037	-2186,0413
-2967,6285	-2224,9041
-3161,4869	-2305,0538
-3055,1858	-2368,7550
-3394,2074	-2294,7640
-3245,3714	-2288,6058
-3333,3888	-2325,2415
-3106,9650	-2377,3409
-3431,4985	-2284,2152
-3257,4331	-2400,4756
-3326,8375	-2316,0650
-3320,1529	-2260,8843
-3428,0216	-2326,1579
-3288,9571	-2350,6671
-3448,0088	-2242,0096
-3289,5466	-2085,9053
-3248,1915	-2281,8572
-3321,7899	-2440,7800
-3203,8892	-2524,2054
-3270,2128	-2267,2406
-3262,5428	-2428,7218
-3289,4785	-2471,3853
-3061,9378	-2315,0167
-3348,5920	-2374,4578
-3250,2859	-2277,4013
-3312,1517	-2246,6653
-3053,6148	-2433,9647
-3329,5191	-2511,3634
-3136,2551	-2422,0359
-3178,2626	-2360,3028
-3094,9672	-2410,9617
-3177,6724	-2476,1715
-3214,4388	-2428,6543
-3058,4619	-2459,5232
-3287,8388	-2195,2851
-3100,9934	-2265,3444
-3298,7829	-2531,9421
-3146,6071	-2405,1292
-3141,4968	-2512,2813
-3154,3407	-2445,3047
-3182,7847	-2533,8413
-3000,3991	-2489,9334
-3109,1875	-2412,9315
-3091,9537	-2564,7759
-3190,9749	-2590,9247
-3136,7123	-2466,8651
-2965,2042	-2417,8471
-3127,8662	-2530,4366
-2925,6847	-2614,1244
-3050,2708	-2543,7388
-3039,3240	-2486,4599
-3272,8932	-2291,0992
-2888,9829	-2455,0693
-3011,7349	-2376,4903
-2892,0653	-2346,8038
-3064,2294	-2406,3089
-3075,8288	-2257,6742
-3228,3299	-2339,3989
-3169,6756	-2374,3286
-3153,0312	-2419,5494
-3214,4413	-2453,5620
-3298,1946	-2500,6818
-3355,4735	-2479,1221
-3376,1824	-2476,9602
-3404,6268	-2449,7631
-3248,6498	-2464,6394
-3331,0983	-2613,8652
-3302,0633	-2592,1720
-3454,4993	-2472,3072
-3325,1976	-2570,8086
-3338,8300	-2597,0218
-3385,5573	-2714,7899
-3497,9496	-2788,1228
-3431,9571	-2571,5930
-3460,4637	-2550,7552
-3530,4574	-2644,0137
-3466,5584	-2596,2373
-3464,9244	-2718,0030
-3518,1346	-2653,1222
-3638,2648	-2709,2209
-3429,4665	-2688,7745
-3475,0829	-2652,5992
-3464,5305	-2763,8781
-3601,4352	-2705,8136
-3526,9856	-2650,8957
-3760,3580	-2754,0494
-3406,7273	-2781,4438
-3757,0182	-2860,3478
-3480,9144	-2839,2456
-3607,9888	-2760,5386
-3607,7916	-2906,9460
-3489,1719	-2920,7719
-3531,5115	-2771,1565
-3498,2142	-2853,3377
-3525,3491	-2816,0484
-3547,7592	-2788,1316
-3517,6808	-2931,3250
-3350,1686	-2887,0234
-3481,3074	-2931,3903
-3356,7895	-2984,4726
-3534,8487	-2804,2505
-3353,3798	-2699,9191
-3651,5677	-2901,2434
-3383,2642	-2788,4545
-3539,1081	-2767,5491
-3500,5738	-2874,4380
-3418,9800	-2937,5471
-3398,7980	-2786,3556
-3484,1212	-2672,3918
-3229,2544	-2751,4941
-3297,0173	-2782,1634
-3301,5395	-2743,2366
-3239,1458	-2773,6456
-3362,2240	-2881,5824
-3142,5445	-2816,8989
-3308,4187	-2963,2408
-3116,6592	-2950,8534
-3263,3280	-2904,2602
-3049,3556	-2911,1411
-3268,2437	-3027,7301
-3192,5501	-3030,5481
-3352,8506	-2957,9349
-3200,2837	-3018,5557
-3317,7229	-2868,6107
-3212,9349	-2887,8135
-3143,8584	-3061,0215
-3354,6890	-2787,0196
-3245,8972	-3071,4429
-3406,6594	-2963,4391
-3329,3246	-2957,6725
-3559,9475	-3014,2290
-3366,4174	-2949,3493
-3449,0628	-2826,6028
-3311,3709	-2923,7925
-3437,8565	-3045,0323
-3460,5969	-3071,4426
-3593,9627	-2969,0767
-3503,5232	-2934,3432
-3429,0085	-3036,6453
-3500,6409	-3018,8833
-3568,1408	-2974,3830
-3622,2731	-2981,7898
-3329,5233	-2989,0637
-3389,6243	-2925,0333
-3403,5141	-2916,5150
-3524,0357	-2900,8506
-3401,2184	-2739,4365
-3425,7981	-2736,0280
-3317,2678	-2741,9918
-3476,7838	-2810,7369
-3233,7759	-2792,3856
-3409,0191	-2659,4798
-3384,7708	-2636,1502
-3406,3956	-2669,0498
-3379,9218	-2833,0201
-3234,7564	-2858,8393
-3272,7064	-2835,5104
-3264,4446	-2806,3475
-3212,4756	-2816,1794
-3236,0669	-2875,2252
-3327,1621	-2733,9311
-3202,9026	-2856,6133
-3290,1989	-2690,2179
-3069,7336	-2697,7544
-3204,9360	-2628,5485
-3006,7547	-2691,6587
-3162,1393	-2696,4415
-3005,8367	-2664,0003
-3217,7771	-2656,5302
-2923,9808	-2729,9299
-3044,5001	-2721,6710
-3006,3586	-2688,1828
-2895,4731	-2741,9226
-2997,6440	-2705,2222
-2947,8997	-2587,3230
-3228,0685	-2589,0932
-3022,5444	-2544,7254
-3185,3388	-2663,8668
-3000,5250	-2639,6182
-3043,0608	-2426,9547
-3050,2022	-2484,4309
-3181,2733	-2392,8771
-2967,3642	-2522,7021
-3136,5126	-2470,3408
-3062,3934	-2548,5242
-3054,0023	-2476,1082
-3016,1271	-2572,9707
-3129,4363	-2538,4970
-3122,8184	-2487,5778
-3124,3244	-2681,8918
-3154,9977	-2580,2439
-3052,8256	-2582,6715
-3042,1450	-2728,7486
-3136,0574	-2720,7546
-3185,3372	-2618,5847
-3005,6394	-2682,6797
-3172,9534	-2814,0124
-2976,3428	-2774,8218
-3145,2954	-2646,8957
-3079,6289	-2529,6531
-3150,2741	-2668,8515
-2896,7850	-2572,8387
-3014,8782	-2676,9094
-2967,1707	-2424,4637
-2958,0575	-2337,0396
-2878,3033	-2310,4335
-2961,0061	-2254,9229
-2806,1455	-2300,0097
-2635,0303	-2320,9797
-2733,3357	-2253,7401
-2627,7534	-2357,5459
-2675,9226	-2179,6823
-2580,5677	-2053,5917
-2762,1648	-2251,3124
-2582,3346	-2108,4419
-2620,7386	-2016,7586
-2477,2818	-2054,6398
-2557,7593	-2047,1669
-2414,1060	-2064,4021
-2577,3534	-1876,4475
-2426,2296	-1960,5948
-2593,0161	-1979,6674
-2574,4049	-2044,0217
-2448,9670	-2219,0023
-2748,3383	-1985,5637
-2549,7601	-2008,5692
-2598,9152	-2188,0714
-2435,2069	-2215,9896
-2716,9471	-2253,0164
-2529,7091	-2274,1848
-2775,2088	-2167,2314
-2677,9526	-2046,4487
-2668,6479	-2157,5968
-2656,3286	-2022,8540
-2673,3021	-2029,1455
-2782,0931	-2041,9872
-2692,8959	-1844,9205
-2687,0665	-1851,0806
-2745,5868	-1773,8133
-2779,6653	-1750,4805
-2634,3697	-1804,1556
-2600,6874	-1814,1798
-2551,7277	-1688,2210
-2638,9561	-1677,6711
-2277,2624	-1661,8769
-2483,5704	-1692,1541
-2249,8674	-1780,4960
-2360,6893	-1876,1760
-2304,9179	-1738,8807
-2423,8628	-1795,6339
-2259,2378	-1708,8656
-2268,2164	-1730,6252
-2299,2810	-1809,2031
-2190,0976	-1925,0050
-2295,0885	-1974,0235
-2319,6629	-1820,4095
-2405,0564	-1802,4527
-2341,8804	-1899,1833
-2532,4593	-1709,1286
-2398,8301	-1813,8556
-2527,6118	-1865,1653
-2468,6282	-1548,1066
-2500,0845	-1648,9008
-2385,3334	-1803,8910
-2526,1685	-1663,0529
-2397,9151	-1693,1357
-2294,6940	-1592,6027
-2307,2120	-1492,5310
-2187,0811	-1523,3982
-2185,4443	-1541,9437
-2011,7689	-1592,4709
-1833,7113	-1559,7669
-1813,1979	-1356,6709
-2039,4235	-1376,0064
-1803,7542	-1596,2034
-1938,1708	-1403,3963
-1773,4134	-1462,9032
-1950,2280	-1438,1298
-1872,1112	-1349,2650
-1992,1733	-1373,7738
-2012,3575	-1340,0230
-2051,6129	-1369,1204
-1840,1994	-1287,2004
-2043,0296	-1189,4201
-2039,2312	-1311,9059
-2122,9162	-1159,9924
-2028,5456	-1014,2416
-1896,2933	-1083,9721
-2065,9677	-1028,7244
-1905,0735	-1128,8608
-1866,9981	-950,2773
-1800,3477	-1051,1377
-1979,2583	-1079,2514
-1706,6945	-1239,8134
-1748,5075	-1109,3963
-1626,8066	-1098,0614
-1645,2235	-1107,7600
-1694,7033	-1150,0300
-1702,7619	-1182,4063
-1594,1073	-1372,2624
-1642,6680	-1389,5620
-1730,0947	-1389,1701
-1707,3507	-1258,8865
-1926,1745	-1294,6718
-1685,5934	-1257,7074
-1799,4941	-1386,4213
-1658,5913	-1196,0383
-1644,1741	-1101,5365
-1640,8977	-1175,3944
-1688,2777	-1244,9237
-1471,8148	-939,6567
-1583,4209	-796,3326
-1499,5361	-863,9621
-1637,1582	-872,5462
-1367,5452	-809,8280
-1599,3441	-831,8478
-1614,5478	-666,8285
-1484,5875	-863,1736
-1524,4377	-763,2966
-1487,9945	-678,0343
-1439,6315	-812,0544
-1447,4284	-595,7867
-1380,6471	-543,8170
-1240,1393	-714,9306
-1399,2579	-606,0075
-1340,3413	-655,4865
-1238,4320	-622,1945
-1194,5270	-656,9273
-1381,4300	-684,2564
-1356,0715	-547,7450
-1349,6472	-574,2888
-1208,9441	-681,6350
-1425,2775	-680,6530
-1401,0310	-644,0832
-1433,2725	-622,7850
-1650,9851	-588,4458
-1387,5280	-574,4856
-1586,4338	-592,5092
-1407,3208	-592,3126
-1452,8064	-680,7201
-1431,9646	-733,9991
-1685,7830	-630,9780
-1395,9176	-648,4113
-1384,1217	-602,2082
-1254,1671	-726,6604
-1303,8406	-683,5364
-1256,9166	-603,7160
-1373,8309	-566,4903
-1164,0505	-623,9654
-1155,2019	-462,8137
-1317,6002	-694,9409
-1075,1803	-630,8431
-1199,4378	-473,0357
-1115,4845	-613,4775
-1114,5023	-481,6190
-1128,0686	-413,5956
-1149,8265	-521,9237
-1082,6530	-514,3217
-1295,9728	-457,1091
-1082,0003	-419,4268
-1287,2570	-373,6164
-1294,0084	-491,4508
-1291,1898	-474,4078
-1258,6851	-513,8617
-1176,0416	-472,2454
-1136,7236	-208,9236
-1101,7869	-351,7275
-1115,0278	-354,0841
-937,5534	-343,2052
-1029,8944	-317,9738
-897,0524	-347,3338
-926,5432	-415,9466
-907,5383	-309,7800
-1151,3970	-174,4494
-1051,5852	-190,3097
-960,3601	-345,6953
-1100,0219	-371,1203
-1127,0187	-245,4250
-1098,6453	-440,1319
-1104,1484	-649,5816
-1208,8768	-367,0584
-1274,3436	-374,8620
-1350,9563	-625,1410
-1161,0977	-601,4834
-1220,0176	-617,8032
-1156,1170	-689,7605
-1114,3725	-663,6793
-1072,1011	-633,0754
-1144,9113	-669,3162
-1115,4189	-738,0638
-1082,6490	-699,1343
-882,1779	-571,1446
-1029,1714	-676,5942
-870,3800	-761,0013
-985,9840	-851,1125
-962,1941	-712,5035
-967,1727	-714,6674
-895,3461	-633,3391
-699,2632	-646,0519
-846,9828	-602,4720
-774,7594	-679,0163
-913,6951	-745,9945
-668,3282	-780,0735
-907,8633	-767,1618
-761,1930	-710,0158
-903,6681	-673,8402
-680,3899	-779,9439
-979,5595	-678,0346
-956,8206	-712,7026
-987,1612	-724,3034
-1002,0397	-709,6880
-795,7327	-710,1466
-914,9469	-680,0663
-1050,4697	-653,3271
-978,3823	-626,2609
-1054,5981	-634,4541
-1136,5195	-805,6314
-749,6603	-786,3632
-943,5190	-756,0207
-916,3851	-844,1001
-982,6395	-636,1560
-866,3151	-698,8114
-766,7001	-906,2939
-715,4541	-713,7498
-914,2847	-683,2793
-747,4323	-855,5705
-619,8982	-803,2732
-917,1051	-786,4962
-829,9375	-799,9306
-722,3305	-701,1684
-766,5663	-749,9937
-764,7988	-655,9484
-660,1357	-681,9678
-879,7472	-845,3466
-780,4589	-713,5538
-848,0934	-758,3806
-700,0466	-729,0857
-838,3934	-731,4434
-697,6241	-568,9168
-914,3492	-679,5419
-817,0298	-716,8295
-777,0535	-642,1190
-826,5353	-700,3817
-841,2784	-706,7378
-931,2633	-796,5882
-822,4695	-885,5189
-965,2102	-749,4031
-919,3341	-702,1539
-956,2947	-851,8376
-843,1135	-831,8489
-923,3311	-923,4684
-728,8197	-784,3376
-834,5946	-861,3426
-808,6424	-1002,1115
-810,8694	-863,7005
-932,0463	-907,8084
-953,0150	-1123,5503
-695,3318	-1073,6103
-837,1524	-994,0513
-1057,8776	-922,7495
-865,0682	-1071,9094
-1117,1227	-895,2243
-1033,3651	-1081,2820
-1209,2646	-945,6223
-932,8996	-970,7893
-1049,9485	-918,9498
-1074,6535	-996,9396
-1022,4216	-1064,1111
-908,4567	-986,7142
-1043,1962	-1008,9317
-815,3309	-958,7964
-974,8423	-1130,4997
-875,4265	-1174,3416
-1004,7254	-933,8267
-820,5716	-953,6839
-877,3249	-908,9238
-1018,3579	-1222,9019
-949,3464	-926,0254
-1025,8281	-743,1811
-828,9578	-891,1617
-957,8677	-994,1829
-695,3958	-902,8243
-869,7893	-931,9243
-671,0159	-979,7644
-840,9520	-1024,3290
-803,8559	-878,2513
-764,0747	-1028,5239
-602,7938	-961,0876
-750,1826	-883,1014
-672,3258	-1141,5095
-642,0482	-970,5235
-755,0340	-911,6101
-670,2934	-1178,9950
-858,3179	-885,8538
-783,0151	-1145,4419
-890,2984	-1027,6743
-823,1884	-1205,8000
-891,2158	-1085,2144
-658,8923	-1068,9638
-830,7923	-1102,1258
-705,0960	-1108,9408
-871,4239	-1220,4822
-759,8847	-1278,4159
-817,6847	-1291,8497
-773,6473	-1183,8466
-733,5353	-1057,9525
-736,1588	-909,3856
-675,9940	-1070,4068
-689,2352	-1122,8317
-667,9308	-1052,4451
-739,2353	-976,4905
-576,7055	-944,8371
-708,4990	-1090,7833
-430,8887	-1121,6490
-662,5609	-922,4877
-555,0792	-1100,2209
-687,2006	-1108,5432
-614,3917	-956,5015
-767,1550	-1084,0992
-558,1627	-1185,6805
-730,7852	-1071,8438
-855,1721	-1046,8760
-845,6680	-1020,7268
-932,6374	-996,4158
-856,8763	-1068,7659
-872,6724	-1051,9882
-942,7964	-1131,0920
-1063,3137	-1199,4441
-897,7054	-1044,0605
-988,1453	-1195,9088
-793,3707	-1199,7090
-879,2254	-1396,2509
-750,3797	-1328,0936
-858,1852	-1282,6123
-704,5698	-1326,2609
-715,3149	-1383,4725
-703,2575	-1324,5554
-559,7972	-1379,0829
-532,4050	-1418,2068
-531,7471	-1212,7524
-550,7520	-1373,8409
-475,5168	-1440,2923
-528,0782	-1372,9206
-572,2466	-1442,3232
-714,9846	-1244,9951
-429,5773	-1227,9547
-847,8928	-1222,9752
-637,1940	-1314,9864
-694,2771	-1228,6100
-701,7493	-1247,6788
-762,7616	-1278,7445
-590,9944	-1156,5189
-575,0038	-1262,8187
-713,8091	-1125,7820
-655,9393	-1002,3799
-744,0213	-1056,5130
-647,4849	-1166,8743
-869,6528	-1174,4753
-489,0197	-1129,9772
-658,5645	-1155,4048
-595,7785	-1277,6967
-683,2709	-1361,9725
-593,6835	-1191,3844
-884,7264	-1315,1166
-703,4571	-1244,0760
-870,6374	-1194,7936
-761,5241	-1171,3326
-982,2459	-1185,6191
-903,9324	-1119,4265
-849,1443	-1181,8840
-917,8935	-1325,6010
-931,6521	-1122,4412
-931,1967	-1247,2214
-787,2125	-1191,7121
-901,1140	-1322,2590
-842,7868	-1213,2091
-893,9691	-1157,1779
-800,9077	-1223,6309
-934,5985	-1353,2599
-567,5335	-1230,6422
-628,7446	-1351,5568
-510,9755	-1267,6030
-515,4305	-1299,5856
-619,1745	-1047,2082
-694,0760	-1215,5685
-475,0581	-1264,3906
-443,8612	-1301,8765
-539,2182	-1071,2562
-259,7064	-1120,7365
-558,4880	-1176,5067
-560,3180	-1045,7622
-524,2106	-1315,5077
-465,2947	-1077,8723
-620,2867	-1062,2121
-528,2093	-1086,7877
-654,9546	-1183,3201
-488,6924	-1151,4033
-658,1662	-1056,0501
-499,3084	-955,6492
-628,6752	-1079,0545
-579,6550	-1090,5884
-464,2451	-1245,2507
-546,6252	-1189,0879
-584,0438	-1091,8996
-467,8503	-1149,5074
-482,1357	-1312,4934
-680,3171	-1038,9478
-479,1200	-1199,0543
-588,6313	-1279,5954
-465,0977	-1085,0863
-665,5710	-1320,2946
-526,7678	-1190,9245
-695,6542	-1181,9482
-677,3711	-1074,6659
-699,7849	-1098,3235
-720,3639	-1118,3136
-840,8189	-1210,9774
-776,6586	-1258,8218
-785,0483	-1231,6871
-817,4230	-1293,2277
-798,0882	-1424,2339
-811,9194	-1270,4855
-679,8629	-1197,4828
-827,3197	-1265,6405
-686,2851	-1318,8532
-870,6377	-1290,1484
-679,9281	-1247,0924
-892,7875	-1109,7945
-651,3533	-1327,9623
-742,7761	-1269,4361
-804,0510	-1109,7931
-646,9592	-1237,2590
-572,3826	-1022,3660
-471,5211	-998,3818
-534,8957	-1130,3709
-572,3141	-1082,9845
-534,4348	-1113,7885
-553,8976	-1289,6201
-650,3683	-1243,2196
-424,9902	-988,3517
-731,0452	-1214,2555
-638,7038	-1168,5747
-854,3178	-1117,3273
-684,5164	-1119,7512
-973,5942	-1037,4385
-820,5691	-1026,0350
-772,9232	-934,2193
-812,9683	-951,1931
-739,9564	-979,4374
-675,2107	-904,0071
-644,7330	-1046,6127
-584,1796	-1101,5952
-608,8168	-1088,8177
-683,3979	-1218,9062
-492,2930	-1144,5231
-633,8529	-1219,5641
-435,4063	-1303,8423
-478,9909	-1326,7165
-551,7345	-1212,0943
-611,9600	-1247,0256
-492,9486	-1352,4745
-503,3029	-1307,2530
-383,3747	-1310,5319
-521,6537	-1292,9013
-423,1556	-1373,5765
-480,9566	-1391,0731
-537,5161	-1383,6663
-356,5698	-1204,6877
-540,4676	-1260,3956
-559,3401	-1230,1806
-711,6433	-1043,9933
-703,6488	-1086,8564
-787,0755	-1149,1774
-617,4032	-1119,4232
-666,2290	-970,5270
-672,4560	-1001,8522
-649,9751	-1029,0494
-706,7310	-925,0439
-620,1560	-1128,6646
-492,2992	-1109,6541
-650,6973	-1064,1079
-686,1523	-859,3082
-557,7668	-1027,0158
-660,0708	-781,2528
-617,6671	-701,0388
-765,7130	-762,1845
-697,8846	-730,9210
-631,6278	-741,9969
-710,3360	-841,6784
-769,0565	-826,2093
-711,6453	-728,2352
-719,7069	-850,3955
-617,0139	-960,1014
-707,3844	-812,9737
-613,8661	-950,4701
-607,9003	-911,8686
-503,7633	-976,4227
-370,5958	-1049,4302
-575,0016	-980,7487
-408,7992	-1049,0384
-532,3367	-1033,4397
-390,2520	-1024,6596
-485,4783	-1080,6270
-366,7248	-932,0573
-555,9938	-1128,6665
-187,8786	-1082,8543
-462,4082	-1144,5248
-390,8441	-1111,7567
-349,0306	-1095,5701
-304,4683	-1237,1926
-361,2222	-1251,4784
-356,8970	-1153,2405
-358,0742	-1098,9123
-426,1044	-1167,5941
-517,3273	-1139,6734
-629,5243	-1059,9182
-451,1359	-892,8007
-602,4610	-968,7571
-606,2591	-887,9507
-552,0608	-924,7791
-540,0724	-838,5339
-745,7872	-907,2812
-452,5151	-808,1244
-583,4578	-760,8069
-556,7194	-846,8547
-740,5457	-735,9017
-512,9406	-638,1225
-658,4942	-698,1529
-542,1690	-543,6178
-608,9495	-547,8134
-632,8706	-460,7143
-469,2251	-423,6871
-720,4930	-387,7053
-565,3009	-450,6208
-639,0304	-375,9723
-518,7711	-417,5864
-670,0941	-259,1224
-397,5970	-321,7741
-657,0509	-394,7815
-310,6961	-415,6193
-577,8182	-263,1210
-457,9521	-414,3787
-281,1368	-564,2575
-404,8027	-499,5732
-428,1972	-666,9518
-411,7462	-404,6127
-330,7461	-520,2855
-438,7483	-562,7506
-171,8881	-421,4569
-472,9605	-507,3097
-453,3632	-518,5163
-567,9840	-590,9988
-424,4637	-616,9531
-576,9631	-633,1386
-326,8154	-639,3669
-355,2573	-694,6793
-225,0425	-697,8242
-532,0066	-587,5937
-430,1661	-808,8438
-562,4136	-789,1803
-310,6290	-680,9158
-440,1913	-698,0861
-453,4303	-577,4350
-293,7831	-568,9809
-549,9664	-595,0649
-274,3190	-631,3700
-459,8534	-619,1152
-403,2303	-626,1273
-601,7377	-660,0754
-362,0066	-633,0096
-533,5818	-706,8694
-478,4649	-660,2077
-436,3249	-678,0358
-387,5685	-744,9458
-366,7251	-747,8304
-506,2531	-706,6081
-470,0734	-701,3649
-386,9105	-720,0415
-379,8968	-625,0145
-401,8521	-633,0079
-161,9903	-453,1142
-246,9922	-478,0839
-258,1965	-581,6934
-309,9034	-663,7428
-100,3854	-540,2090
-224,9685	-656,5358
-101,3695	-652,1437
-334,4781	-676,1300
-155,6326	-478,8035
-351,5177	-469,2379
-211,5353	-615,5781
-258,7203	-802,8769
-409,5859	-542,8313
-191,6125	-624,0972
-470,8645	-698,2167
-413,5168	-761,9817
-408,5407	-700,2454
-445,3048	-498,4627
-611,5700	-504,3628
-472,7638	-546,6320
-516,4789	-612,2320
-382,4580	-448,3920
-640,0774	-517,6658
-408,0812	-558,0991
-526,8964	-562,0324
-400,0204	-679,4727
-367,9705	-703,7203
-455,2012	-694,2191
-423,8051	-672,9876
-476,5644	-739,1131
-456,0469	-927,8551
-487,4413	-819,4584
-242,8605	-717,1570
-485,8022	-500,5641
-163,8236	-661,2567
-309,5110	-598,4053
-48,0890	-508,2292
-361,8743	-537,9800
-203,0793	-513,0782
-310,7565	-596,9596
-367,9030	-505,4730
-272,2854	-408,4136
-231,5921	-363,8472
-334,7424	-268,6244
-459,7871	-179,8886
-612,7420	-270,9826
-360,8262	-286,5118
-252,4952	-134,9931
-424,8566	-292,7383
-226,1482	-238,2104
-304,9248	-131,0617
-121,6196	-223,5976
-243,9750	-292,8692
-90,7521	-83,7458
-295,9430	-233,9540
-140,9510	-180,2804
-91,6664	-220,5221
-78,6281	-215,4097
-148,0921	-373,0241
-150,8471	-460,6446
-14,1374	-384,4933
-98,9439	-449,9640
-102,3513	-552,1997
-238,4034	-568,3213
-273,2036	-451,0112
-596,4931	-406,4471
-411,4180	-423,2259
-554,2895	-443,6057
-491,8344	-385,3447
-635,3579	-339,6007
-397,0075	-297,6584
-597,4798	-404,9407
-478,8611	-436,9858
-478,2701	-260,2369
-589,3537	-267,5780
-435,6033	-381,6095
-404,6083	-371,5163
-345,3600	-520,8718
-467,0611	-327,5402
-407,5514	-387,1151
-459,1943	-486,7923
-234,3405	-258,1383
-291,6857	-337,5699
-156,0260	-519,7577
-309,9055	-343,2027
-252,2335	-374,0067
-378,3222	-284,6160
-345,5575	-347,5985
-501,5946	-434,3657
-248,2365	-472,2458
-348,5707	-404,2210
-391,4986	-496,2327
-250,5286	-457,8303
-322,6208	-496,4288
-180,7326	-505,4081
-356,5666	-324,9875
-211,4007	-442,8227
-40,4215	-354,4118
-32,0970	-281,8642
-183,4828	-217,0487
12,2073	-230,4181
-218,6102	-251,9784
-80,7218	-141,8113
-62,8328	-176,2833
-180,7325	-122,4128
-376,5500	-188,7987
-182,2370	-88,7920
-154,8457	-136,6979
-232,3095	-167,8253
-201,8329	-70,9653
-192,5930	-105,8959
-83,2795	-151,0495
-195,4112	-253,4162
-236,1726	-56,4158
-317,2399	-134,1448
-54,6388	-313,6463
-244,6937	-217,3744
-137,4773	-193,9806
-215,2042	-372,3687
-247,5788	-301,7863
-266,5825	-371,6497
-208,9792	-459,9239
-213,2367	-463,6606
-221,8901	-469,7544
-124,2389	-407,5607
-239,3884	-464,5107
-319,7324	-325,2465
-309,3774	-187,8850
-13,6816	-257,5495
-287,4273	-219,9961
-306,3643	-207,4787
-295,8803	-315,2187
-188,6628	-385,0782
-230,2789	-397,9880
-182,5707	-352,4409
-278,4462	-321,9013
-230,9332	-157,4721
-221,2977	-246,2072
-168,2150	-150,8543
-70,4336	-154,3249
-201,1783	-80,2055
116,3433	-157,2778
-146,9160	-267,3082
-115,1258	-177,0672
-329,2325	-162,6501
-74,6893	-182,7038
-97,1711	-101,4399
27,9381	-133,9469
-102,5468	-270,5862
-83,1462	-92,1983
-115,7183	-9,1649
-172,8024	-185,4566
-236,8951	-160,5520
-223,3968	-241,6184
-355,9750	-156,4886
-331,8589	-200,7265
-224,7758	-190,7640
-336,3173	-265,7381
-300,4699	-281,5322
-368,7594	-289,4621
-328,9100	-348,4454
-397,5276	-401,5942
-289,1285	-273,3420
-263,5066	-307,3578
-85,7076	-322,4960
-362,7262	-462,2179
-185,9778	-461,5616
-451,7888	-225,3060
-389,2034	-135,5229
-476,8909	-308,1445
-533,1872	-279,6323
-300,6014	-192,1419
-508,0264	-277,7324
-512,6745	-182,5045
-632,7392	-102,2266
-519,5562	-47,5674
-531,8758	-10,1489
-297,3891	-195,0248
-352,6370	-204,5904
-391,4309	-28,1708
-378,9128	-201,0554
-176,0143	-227,9898
-357,3514	-290,8391
-261,4085	-348,3121
-257,4089	-184,9989
-196,4633	-267,0508
-350,2082	-307,3526
-439,7311	-153,0180
-266,2553	-187,0315
-404,7386	-170,7789
-398,3771	-289,5290
-405,5230	-288,4787
-425,5767	-170,9756
-446,3521	-245,4903
-287,8214	-271,7038
-425,2493	-206,0378
-263,2455	-273,7350
-364,6940	-124,3807
-314,9505	-309,2579
-273,8595	-260,0364
-233,4248	-357,7528
-230,1453	-339,5967
-132,1723	-260,6261
-197,8366	-93,0532
-377,2749	-275,7020
-290,0434	-239,3269
-233,6863	-192,8639
-237,2902	-335,3373
-392,2176	-297,6534
-272,6791	-227,3358
-273,0080	-349,6236
-189,5809	-213,0484
-412,9258	-183,4279
-242,4678	-258,9239
-343,4576	-284,2210
-243,1223	-249,8148
-224,8383	-320,3962
-223,9225	-239,4601
-194,0361	-421,3858
-309,1852	-183,2284
-276,4133	-95,4777
-342,9357	-233,4966
-169,9183	-183,6202
-363,6430	-185,3920
-126,5327	-123,1304
-5,1620	-126,6062
40,6482	-146,6574
-191,3474	-164,6799
75,5165	-205,9666
32,5913	-13,0929
126,1094	188,9508
82,9910	-149,6720
76,4997	-1,8188
81,8791	100,0229
238,1789	82,1301
253,1221	104,9383
72,7659	66,4686
254,4329	168,2478
125,9149	305,0186
44,3251	407,4500
20,7319	193,7383
235,1631	161,6279
28,7906	144,3266
17,7827	140,3933
15,8157	84,8855
192,2354	226,1798
48,7785	186,3982
110,1855	33,8301
50,5477	18,2348
-4,3728	58,6684
6,7725	-108,9724
-119,2577	21,1161
-99,1342	-15,2583
-72,6621	-69,9160
-99,7925	-121,0984
-148,4882	-45,8654
-1,4918	-113,9580
-356,3016	-226,2877
6,6336	-387,6988
-255,4442	-237,5570
-202,8841	-169,8603
-303,7422	-159,8319
-229,6236	-188,4711
-235,7838	-137,8742
-288,9999	-0,8394
-339,7231	54,9336
-456,4450	83,9651
-455,9172	49,4302
-434,8844	73,0889
-408,2748	176,1765
-584,0429	166,6716
-449,4974	99,7617
-541,9676	19,3479
-374,5889	66,7955
-458,4083	-29,5425
-223,0703	-19,1887
-476,0365	-115,9204
-160,6129	-89,5749
-314,2944	-43,4401
-319,7337	-195,9416
-192,6589	-284,9364
-194,4968	-25,0898
-235,7831	-19,7827
-259,2451	-251,1226
-248,4965	20,9165
-330,8774	-135,1913
-202,8830	-87,3485
-523,7484	-179,4920
-222,8724	-121,8861
-497,4040	-354,6666
-381,4044	-35,5071
-573,5557	19,0158
-389,5970	-2,4127
-481,9371	-72,4058
-307,8757	2,8966
-411,6818	64,5006
-414,6332	102,3796
-434,8797	23,0149
-350,2102	127,8742
-352,1745	166,0811
-308,5943	111,1627
-263,5704	115,0298
-314,1002	25,3787
-218,0870	49,8228
-333,0385	220,5449
-187,2828	344,2741
-186,7599	160,6410
-43,3678	-3,1292
-212,0546	222,5109
-22,0011	105,0686
-125,0230	88,6834
4,1464	-13,9446
-82,8839	-5,7512
25,9685	123,0232
-150,5823	-38,0633
-176,8653	74,0690
-47,7568	88,8777
-182,8288	76,7528
-69,3186	-29,1510
-151,8929	15,1495
103,6307	-27,7106
-233,2892	-58,4475
30,1691	-112,7115
16,3396	-169,0053
123,6865	-113,0384
76,1092	-163,5673
69,9474	6,3678
104,8819	-168,4186
143,5436	-84,0055
179,8527	-31,5798
89,4768	-86,1065
21,0598	-218,5518
-34,9766	-190,7647
138,1697	-79,0271
-110,2770	-266,3931
-13,7425	-153,0801
-123,5832	24,8496
-68,5320	89,5312
-203,3397	4,5990
-148,6835	-43,9609
-202,8818	-25,1514
-159,8902	145,6999
-151,2400	-31,3766
-141,2130	185,1545
-260,8789	140,4563
-22,0036	127,0230
-72,9223	26,7538
-188,4646	89,0803
-241,4790	396,3749
-161,5267	129,4479
-113,0307	113,5262
-177,1246	276,8404
-0,3085	156,3198
-185,7756	310,4600
75,2541	114,1149
20,8590	168,8372
-17,5460	194,9188
-54,1786	294,5984
62,5388	123,3534
11,4226	183,9086
-141,7374	149,6990
-138,6525	156,5792
-240,5637	141,1808
58,2136	100,0242
-151,4382	200,0307
-150,0585	170,8680
-178,1744	237,9772
-92,8469	254,0303
-263,6978	87,1785
-50,1159	122,3063
-161,7889	25,4424
-16,2357	-76,5952
-162,3123	56,5722
-23,3786	3,9453
-11,1221	-102,7467
20,0044	-84,2649
-48,6095	-51,7605
-60,6019	75,7053
64,8347	-133,0928
-166,6382	-138,0695
112,0895	-111,0719
121,3920	-140,3648
312,0379	-170,5121
150,1639	-63,2297
190,3403	-26,0725
221,4707	-119,7882
163,1426	41,6923
72,7072	-28,7593
380,5899	33,3036
189,4893	-25,6102
323,8361	-15,1224
302,0130	174,7339
151,2793	243,2191
258,3677	156,4518
123,6227	217,8607
214,5894	292,5704
83,7762	193,4822
162,2260	243,2240
219,6997	368,1337
264,1311	405,6197
88,7596	340,8043
260,0707	194,4626
177,1671	220,0219
256,9889	232,9977
167,4042	178,2083
240,9309	217,4627
206,5259	84,1631
147,8050	-4,4397
10,7709	127,1546
115,1667	263,3360
57,3001	146,8130
-87,7984	18,6914
93,7365	16,5286
-164,8705	-31,3113
-32,4197	33,4355
-78,5608	-296,6663
-132,2338	-121,4228
-328,1835	11,6120
-37,3375	37,1704
-190,6265	13,3144
-83,9344	-94,4894
-195,4084	66,6619
46,0861	-132,1714
-137,2146	52,9021
-158,2525	65,5491
-135,1156	111,6206
-127,7785	117,1257
-13,4171	49,8865
-182,8926	43,6619
-65,6467	217,3962
-231,5188	155,1378
26,3013	228,5382
-86,7497	165,4271
27,6754	254,3604
-146,2548	240,1386
118,5078	149,7000
-40,7425	148,7831
-89,0440	264,2563
43,0136	156,8435
-14,2027	130,8907
119,8217	-37,6013
145,1141	27,4112
83,1866	124,3369
-117,1577	211,2346
5,0692	-18,2075
-28,4220	-45,4027
20,5991	-90,8858
-57,5851	-140,1031
-55,8829	-120,3114
-120,5668	-107,4022
-92,3866	-78,2369
-115,5213	-85,9726
60,8986	-316,5256
-178,9627	-24,2335
-189,5122	-6,1492
-118,7320	-55,2343
-142,8515	27,3415
-31,8963	56,3740
-181,6474	134,7540
35,0834	54,8670
19,5490	201,5368
89,0193	167,7846
102,5860	169,5550
198,7919	161,7575
123,2959	140,7207
252,3387	290,6655
223,6313	226,7043
251,8785	278,6723
202,5968	49,8228
438,2608	76,1038
221,2076	169,5575
231,1678	112,2117
285,5649	20,3973
73,1601	262,1574
59,4012	310,5868
254,9570	90,1234
156,3893	28,4581
-12,6914	-17,0906
33,5124	123,8112
-33,0087	73,9374
199,7094	110,4399
77,1544	61,2884
133,3185	51,2621
-20,2301	-38,7203
121,9812	8,0747
33,9023	-71,5532
106,3844	-146,8521
-17,4092	-87,7394
248,7303	-231,4596
179,3290	-199,1510
58,8755	-71,0294
313,8130	-156,7506
421,5490	-187,4880
376,6586	-183,1610
159,6703	-95,3438
247,4899	-111,7286
98,8546	-21,2232
172,7788	-43,5702
227,0414	56,0442
266,2952	-134,6655
205,0858	-50,6468
219,8937	-72,3388
183,0647	-137,4836
152,4575	-116,0518
151,2798	-97,0471
47,3367	-174,5780
79,2566	-143,5108
102,9777	-72,9954
68,5719	161,6866
-45,3936	96,0194
218,5837	-49,0090
-24,7512	44,5130
244,2724	41,2363
-99,1998	206,9098
88,1676	65,0907
-43,1005	327,1028
210,9139	9,3193
109,2030	80,9515
50,6796	133,8376
160,2588	39,0059
222,4488	-111,8552
170,5480	2,4379
175,4616	1,1912
365,2562	86,0592
289,4939	-62,5111
267,3467	-141,0852
188,9005	-6,1487
385,9648	16,9204
167,3382	27,2761
257,5806	91,3685
135,8814	138,2291
81,2223	69,8091
12,8719	78,5276
278,2207	193,6729
205,1484	124,2707
48,8437	34,8157
-72,7861	150,4871
-33,4029	86,5212
-11,7089	185,3498
-22,2613	44,8394
15,5519	113,5872
-106,1495	26,9475
-6,7289	21,4433
-159,4957	90,4517
-109,6869	254,2901
-117,7492	143,2085
-29,4740	35,4028
-48,8695	200,5557
-27,5100	238,5640
-155,8910	165,6265
-164,2139	294,0091
-83,4076	360,3960
-116,6370	173,2916
-67,8750	14,5663
-79,6091	238,1737
-132,2976	182,1372
-73,2503	48,9038
118,7030	-78,2991
-102,2850	11,8775
33,8359	-82,7579
-170,3100	-108,1852
49,8247	-99,4032
-139,3112	-121,4893
-80,7232	-18,8616
-181,0574	-87,6742
-79,2167	-43,3075
-78,5610	65,8082
-132,7595	-89,4470
-206,4205	-41,6043
-151,1080	-53,0088
-38,4524	-152,8852
-206,3552	-180,2129
52,1203	-322,1635
-261,5354	-258,5938
109,7915	-294,0482
-100,7749	-229,1699
39,0777	-267,3118
-176,7300	-160,7509
-18,0678	-345,0381
-3,3215	-335,4024
113,3287	-143,8421
-41,7910	-213,0503
-78,3616	-224,3863
21,1897	-265,1507
-22,0007	-325,1157
-52,0148	-249,2902
-104,1810	-335,2740
80,0398	-421,3877
-96,8435	-358,0802
-26,1946	-281,4690
-196,6522	-319,9400
60,5747	-471,7193
-163,8204	-487,4472
0,7399	-273,1452
-84,8481	-392,1592
-70,1054	-304,6026
-56,6005	-194,8320
19,0905	-294,5099
84,1695	-248,8293
156,4535	-6,4147
182,6706	-120,0538
24,9253	-198,6934
201,3491	-168,2181
104,6174	-16,1104
255,2849	37,3021
101,0783	-54,9063
158,1610	2,7001
-159,4241	-16,5665
226,5147	66,1403
-78,5565	136,5241
58,0857	111,4244
-72,9860	98,8415
14,5660	110,9004
-85,6999	134,2312
-27,6406	120,9257
-90,9444	59,5851
-51,7564	60,1756
-170,9608	39,6625
-22,4606	-51,4977
194,6607	26,4250
-78,3621	50,6065
66,9339	42,2178
-85,6345	60,3712
28,2030	-38,9795
-14,3962	2,5037
114,7089	-6,3433
25,5157	8,5335
240,2748	-86,2967
60,3803	-68,7977
131,0272	33,0429
86,2683	66,7291
-6,2036	123,4829
103,4388	111,4230
53,3669	145,6364
57,6289	188,5609
115,6907	259,7341
87,7063	264,7147
-97,2353	154,7471
86,9868	109,5285
-15,9068	234,2441
-155,3671	318,6509
-199,6659	186,9897
46,2876	161,0373
-149,6653	129,2529
60,3770	26,7536
8,5394	60,1109
104,4811	60,1097
29,8391	-111,8561
96,5530	-117,2963
152,9162	61,3517
158,0914	-186,7678
113,2662	-70,2439
-22,7188	-103,0796
206,8544	-154,7873
203,5106	-184,5377
156,3259	-98,8846
39,4780	-39,1146
192,1746	-108,7147
40,0688	-21,8114
306,5354	-105,0437
272,9789	-232,9669
241,0631	-112,3816
93,6742	-6,0195
195,8445	-148,3641
154,7518	-248,6341
114,2480	-242,6689
60,8408	-233,3001
-13,1518	-373,1531
130,6353	-337,8951
46,0275	-266,1345
250,0402	-443,8699
175,1986	-436,1344
270,8129	-377,5457
201,3488	-532,7361
229,3960	-298,9674
14,3743	-392,1623
155,3419	-321,0500
199,7772	-352,9686
128,4056	-221,4351
137,9107	-75,9459
99,1775	54,3388
130,0471	-115,8560
237,1955	11,6134
316,9520	79,5074
65,9499	28,6517
12,4766	71,8403
219,6989	-17,2221
238,7037	-55,1678
82,7281	1,5213
342,1841	-11,8485
164,3202	-91,6713
82,6621	-14,7320
97,7366	63,2546
116,9366	2,2411
21,5195	-31,9037
157,3056	-73,4523
114,1852	11,0232
-130,7882	-83,1529
213,0152	-3,6575
172,5735	-34,9832
96,5560	-26,1367
63,3280	-60,7396
104,5511	-79,0238
142,8211	-30,8546
48,7779	-45,9937
-1,6826	-18,6650
-76,9839	-26,6603
74,9958	-22,2027
219,0391	130,2986
135,0264	151,4664
166,7449	104,7396
347,1657	10,3701
104,2877	118,1112
247,1611	162,8720
265,6386	0,3434
278,5505	143,4082
93,5435	-13,0914
205,7410	195,9014