6,7787	7,4656
15,6915	17,2960
3,8951	19,0654
8,4826	9,9560
9,5968	21,3593
5,6644	18,0823
6,3200	22,9977
12,8733	18,9343
3,4364	7,9900
-3,6415	23,7841
7,4341	14,3468
7,0408	2,4195
17,3299	19,1310
-0,6268	10,0214
13,9877	18,5411
7,9583	9,1694
19,2303	6,7447
-2,0687	6,8756
7,3684	4,5818
6,3854	0,9119
5,7298	12,8393
-0,0372	-4,3312
-7,3773	-0,1367
-9,9986	-2,9550
-10,9162	-10,0983
4,5503	-3,8070
-8,4916	-15,6691
-5,4112	-11,4092
-14,9139	-11,6059
-5,8044	-21,7641
-11,5717	-28,2520
-5,0836	-11,2128
-16,1592	-23,9268
-1,4137	-21,5018
-10,7853	-23,4680
-7,3120	-15,4069
-11,3095	3,3362
-4,6906	-17,3730
-14,3898	-13,3095
-19,1739	0,3219
-11,9648	-1,1199
-15,9626	13,2325
-11,3750	2,3535
-10,5887	-0,7921
-0,2995	7,9242
-12,7513	0,1909
4,0260	-5,3139
0,4215	11,2010
10,1208	0,5840
4,5503	-2,8892
6,5819	0,3875
13,3323	-2,7582
11,3005	3,9263
4,3540	-8,5911
9,7278	-12,8508
10,1867	-3,9381
10,9075	-14,6860
17,3301	-10,0985
3,6985	-4,6591
12,4148	-13,8997
2,9776	-15,8657
9,3346	-11,3437
-1,0202	-15,3414
14,8394	-12,5233
-1,8722	-9,7053
15,8224	-6,3630
-2,3966	-5,1177
6,6475	-12,0646
6,6475	-3,3482
0,4214	-10,2950
-1,2822	-5,1177
11,0383	-2,1686
5,2713	-10,9503
0,5527	-0,9233
3,1087	6,2200
1,3393	-4,9211
10,7109	-4,2655
7,5651	4,1229
14,1843	4,6474
15,2984	10,0867
19,8858	0,0598
11,1042	5,7616
19,4271	16,5750
16,2816	6,2858
25,9808	9,4972
24,2114	20,2450
20,7380	14,8055
19,0999	14,2813
25,7844	14,6090
39,3503	24,8982
24,3426	38,3984
36,4013	9,4971
25,1290	22,2769
27,2919	23,0631
20,4104	17,1650
21,3279	15,3300
11,9563	15,2645
26,3085	20,7039
12,2182	24,5049
11,8248	12,9706
5,5991	10,3494
13,9219	33,4834
3,3707	26,8642
6,0576	13,1675
6,1233	27,1921
-3,5762	29,0926
6,6475	33,4180
-1,8722	21,0973
10,8418	26,3403
-1,3480	33,5491
5,2057	27,9785
-7,0496	10,2183
6,1232	26,9299
-3,2486	20,2450
1,0111	17,2959
-15,7005	9,5626
-7,9017	-0,3988
-17,2734	7,7274
-14,1278	-9,3775
-18,7152	-16,7173
-13,4725	-8,1979
-19,7638	-11,4094
-23,4993	-20,5188
-11,5718	-27,1381
-23,7616	-38,0170
-18,1908	-24,4512
-26,3829	-37,3620
-11,8996	-52,7628
-25,7277	-43,3258
-19,6329	-54,6636
-29,5944	-69,3435
-30,1844	-55,7122
-44,9299	-53,3531
-39,4250	-60,2345
-46,9617	-67,7055
-49,9765	-82,7786
-57,2509	-57,8752
-61,3799	-75,5701
-65,2464	-82,1890
-71,2103	-77,0773
-63,5425	-82,5825
-73,9628	-88,3496
-63,5426	-91,2987
-78,0917	-88,7429
-61,6422	-94,6412
-77,5676	-104,7992
-73,5042	-96,0829
-76,5190	-88,6776
-77,8297	-104,7338
-80,3857	-100,2772
-84,3180	-101,9814
-89,4953	-101,4570
-99,9157	-100,1464
-100,9641	-108,0763
-107,1248	-116,5959
-102,2095	-104,6685
-119,9045	-117,9725
-118,9213	-130,9485
-130,2592	-127,9996
-125,1476	-138,9442
-151,9518	-148,5126
-140,6797	-165,4209
-150,1171	-170,7294
-158,8991	-162,0135
-172,6615	-191,5049
-167,0256	-211,2967
-176,7906	-218,3749
-188,9148	-233,7761
-191,7328	-240,0679
-199,2698	-261,3673
-203,6605	-289,2203
-211,3285	-288,7619
-207,5930	-317,6636
-227,7127	-340,2081
-228,7613	-348,1383
-240,2303	-372,3870
-235,9050	-397,2908
-250,6508	-414,3304
-261,8574	-426,6515
-273,1951	-447,4923
-263,6272	-469,8403
-274,3751	-488,1251
-278,1764	-491,7956
-286,5650	-521,1560
-293,8397	-548,4191
-298,4272	-558,9706
-313,1731	-566,1145
-314,9423	-592,3293
-324,3143	-622,6068
-321,5616	-637,0249
-331,7201	-630,8650
-330,7368	-653,0820
-335,9144	-671,3010
-330,1473	-676,8063
-357,4102	-687,7510
-335,1280	-699,4166
-334,2763	-708,4606
-343,5823	-713,3759
-345,4172	-715,0801
-333,8175	-726,8766
-346,6624	-732,3816
-338,7981	-726,2868
-342,1403	-725,5006
-340,8296	-730,3501
-324,9698	-728,0564
-330,3436	-721,8304
-313,1730	-717,9638
-306,8161	-720,9129
-291,0873	-713,9658
-287,9414	-692,5357
-270,7053	-699,7444
-266,4452	-691,6831
-247,0465	-673,2019
-248,0948	-662,5194
-227,6475	-645,7419
-221,9455	-634,3385
-210,8700	-613,6288
-211,6560	-600,2594
-202,3499	-591,0185
-189,4390	-576,0105
-185,9003	-545,4050
-171,1544	-534,9845
-178,0357	-514,5370
-160,8649	-508,2453
-153,1973	-479,0813
-133,7985	-454,7019
-142,4491	-449,5897
-117,8729	-426,4552
-110,6639	-405,6801
-101,3577	-391,6550
-102,2092	-377,4990
-84,3836	-368,9791
-76,5846	-349,8422
-69,8344	-318,7782
-67,2127	-328,7395
-60,7247	-314,5176
-53,2534	-285,6163
-53,2534	-277,6864
-46,3064	-269,9528
-46,2409	-260,7120
-38,1798	-235,9393
-45,5854	-229,0578
-27,8250	-219,0961
-32,0194	-215,2947
-30,5120	-182,5922
-31,2327	-191,8326
-23,0408	-176,7590
-23,4338	-162,1445
-20,1571	-153,5592
-13,8000	-154,1489
-12,4239	-156,5080
-9,9333	-149,4956
-18,1909	-133,3739
-6,6564	-147,5296
-7,3121	-142,2209
-5,2146	-125,2473
-11,1130	-139,0097
-9,4090	-129,2447
-14,5207	-125,0505
-1,8068	-122,8876
-12,0960	-113,1228
3,5015	-109,9770
-8,0327	-120,3315
-1,6758	-101,1294
-11,4405	-102,7023
-3,5763	-99,3598
3,1084	-91,9542
-1,4137	-85,2695
-3,1174	-84,4174
-7,3118	-89,0048
6,1887	-75,1765
-3,9039	-58,2684
-1,1512	-66,9846
-5,7388	-63,0521
10,3831	-47,9790
2,1911	-46,2750
13,2012	-46,0128
5,6646	-43,2601
19,6237	-37,4274
13,3323	-32,0535
21,3277	-35,7890
17,6578	-36,7719
23,3593	-27,0071
21,5244	-25,8930
20,1480	-25,2375
21,3934	-29,3663
11,0386	-22,8125
17,6579	-8,7880
18,5097	-19,0115
18,2476	-17,6351
9,2036	-4,2659
17,9854	-3,9382
7,8928	-8,5255
18,9684	0,3874
4,8126	3,2711
14,6430	12,2495
10,3831	4,3853
12,7424	18,8034
9,4001	26,4055
13,0700	24,4395
10,3831	21,1628
2,1257	32,3040
22,5729	34,2701
2,1255	45,8044
9,5969	36,4983
4,0262	35,3189
14,0532	54,3241
3,9606	43,5108
8,5481	53,6034
2,9120	57,4699
3,6328	48,9503
-2,1343	50,5888
2,9118	46,9842
-7,5739	42,5278
-7,9017	45,0181
-5,4768	31,5831
-11,8340	32,1731
-13,7999	42,0031
-17,1424	23,9152
-12,9479	19,9831
-17,1423	11,0700
-2,9866	10,3491
-17,0767	16,7715
-2,3311	-6,7559
-8,0982	-10,9500
-4,1661	4,9750
-2,5932	-2,4961
4,9434	3,1401
-2,3965	9,8901
0,6181	5,4338
-4,2315	5,8927
4,7469	5,4339
4,4192	10,7424
-12,8823	18,9998
0,6183	12,6428
-9,4090	3,6646
-2,0687	21,6868
-18,3219	9,8247
-2,0033	5,3685
-13,4723	5,1717
1,2733	4,7785
-16,4215	11,2009
-9,6057	1,6326
-17,7321	-7,0834
-9,0814	15,7883
-15,3072	-6,3629
-2,5278	-6,1004
-4,6904	1,5015
-8,3605	-5,7730
-4,2971	0,5185
-2,5933	-8,9187
0,3560	-4,5933
0,9457	-1,9720
3,1741	-8,3945
-5,8699	-5,7730
12,5459	-3,3482
-0,2337	-2,8240
10,9730	-0,0059
13,6599	-5,7075
8,8102	-5,3140
5,5991	6,6789
19,5581	0,0598
13,8566	-1,3818
15,5604	7,0067
8,1550	8,7106
5,8611	5,3028
8,0239	4,7786
4,1571	8,3830
1,7324	22,0144
-4,4935	4,5163
7,8272	-0,5297
7,1062	13,8880
9,8586	3,9921
-5,7388	11,5287
8,5480	5,7614
-2,8552	2,3535
11,1693	1,7637
-1,2168	-11,4745
11,5626	-6,2972
5,1401	-0,2025
2,3220	-10,0985
1,4047	-17,6349
6,3852	-2,9550
-2,9207	-8,5911
-7,5082	-4,3312
8,6136	-2,6928
0,7492	-4,4623
4,4848	8,9071
-3,0519	-3,1516
11,4317	-4,0688
1,0113	13,1014
6,9752	-3,2826
8,9413	5,4994
19,3614	-0,5300
6,3853	-2,7582
4,5504	1,1740
4,4194	0,3219
10,1208	-5,5762
4,6159	3,3365
0,6181	4,2540
0,6837	0,3219
-9,1468	-12,2609
-7,5738	-4,2655
-10,2609	9,1036
6,5162	-5,6420
-12,7513	-2,3651
-15,1760	0,5183
-9,7366	-13,3752
-7,3774	-16,1931
-10,0643	-1,7099
-7,9017	-12,5234
-7,3773	-15,0136
-6,0668	-14,6859
-14,1275	-12,7853
-12,0961	5,5646
-12,9479	-10,3606
-16,1593	-5,3795
-15,5694	15,9194
-15,8316	12,3149
-4,8215	5,6305
-13,1447	13,1017
-6,7220	16,3128
-12,0304	21,7523
-0,9548	8,9073
-7,0496	13,4950
-2,8553	23,9150
0,0284	7,7932
11,4315	10,7425
8,4825	11,0701
9,0067	5,1719
1,6669	13,5605
3,0431	8,6452
18,9028	9,7595
1,0113	23,7840
7,4997	6,8101
11,4316	2,4850
7,4340	18,1478
-6,3941	1,4361
14,9707	2,2226
4,6158	-6,9525
0,6837	-4,7898
-6,1974	5,4991
9,5309	-7,0183
-6,7875	-10,2949
-3,0519	3,4675
-9,8021	-6,5595
-6,7220	-2,2995
-11,7026	0,6496
-4,5594	3,9920
-10,2609	10,8076
-9,3434	3,2056
-1,8069	1,6983
-15,1761	13,9535
-6,2631	2,8779
-9,2779	7,4001
-4,2972	14,4122
-14,3897	8,0553
-2,9208	13,4292
-4,7560	0,6498
-9,2124	6,2859
-8,3603	16,7059
-6,7220	-0,0057
-9,1468	1,3052
-4,9525	16,1162
0,6836	5,4337
-11,5061	7,2034
5,0091	10,2180
-6,3288	12,8394
2,3877	14,6088
-8,2948	3,4679
3,7639	8,9074
-9,6055	19,3274
-0,0372	6,0891
-3,9039	0,7809
2,1253	6,5479
-11,3095	3,0746
-2,6588	2,8779
-12,4237	4,4507
-15,0452	4,2542
-19,8947	6,4168
-18,2566	-2,9548
-11,7685	4,6473
-26,6452	1,5670
-17,6667	-4,2000
-25,0724	0,7151
-16,8803	-4,6589
-26,2519	0,5185
-16,6181	8,7103
-27,6281	-4,2657
-6,3944	-6,1006
-12,4237	4,5161
-1,4793	1,6980
-12,0959	0,1907
0,5524	-3,6104
-8,2294	-2,1685
-14,6519	8,9069
-8,2291	-13,2441
-5,4114	-7,3457
-11,1785	5,4991
-12,7513	-4,4623
-3,5764	-4,7899
-21,3366	-1,1853
-1,3482	6,6789
-20,3536	12,9047
-8,6226	-2,6271
-12,9481	-0,5299
-5,8047	10,8732
-15,5694	5,0405
1,8632	-1,4474
-8,0984	8,3174
1,2734	9,2348
-0,1029	11,7250
-7,1808	-1,1853
-5,2799	7,3999
-3,5764	15,1331
-1,6100	1,6327
-13,7343	1,0431
-3,5106	14,7400
-12,1614	14,7399
3,4360	4,2542
-17,0767	6,2203
-2,3966	7,2034
-8,4260	23,9803
-12,2270	0,6495
-8,7535	-1,5128
-2,5279	6,0891
-14,4551	-8,3944
-5,0836	-9,1151
-4,2315	0,5841
-8,4915	6,2201
-4,9523	2,8122
-3,8384	-3,6102
7,9582	-3,3480
-4,2971	12,6426
4,1573	-3,1516
5,6644	-1,9717
13,9220	11,1353
0,0285	5,1716
22,0485	7,5965
13,5288	-0,3989
8,0238	-0,2021
9,2036	14,4778
12,6113	6,5479
7,6307	-6,8868
11,8248	9,0384
4,6160	8,3173
2,2566	-1,3164
8,2859	-8,6564
-2,0687	0,6497
9,2690	8,7759
-3,1174	-10,5571
0,4873	-9,5085
-2,2653	6,9409
8,8103	-8,0013
-0,1682	-8,8531
19,9513	-5,7729
-0,4303	-3,9379
6,0579	8,9071
9,2691	-6,8214
14,1186	3,0746
4,0261	18,9341
4,0261	-0,4645
14,9051	-1,3817
1,5356	12,5117
7,0408	13,8879
-2,6587	6,1547
9,0068	10,2836
-8,9501	9,3660
3,5018	15,7885
-3,0519	7,7275
1,9288	1,6985
-5,3457	19,3929
-6,8531	9,3003
-2,1999	7,5965
3,8292	8,1862
-5,7389	-13,7026
1,3389	4,3198
-6,2631	-3,6759
3,8293	-7,4112
4,7468	1,1739
-9,3434	-8,5910
3,7640	-5,1176
-1,5447	-2,3651
-1,6755	-4,0034
-3,7071	1,9602
5,9921	-2,5617
-4,0349	1,1739
5,6645	6,0891
1,7979	2,9433
5,9921	5,4337
-2,0032	4,9094
-0,3648	-4,9208
-0,9546	4,6474
2,5842	0,5185
1,2080	-10,0326
-9,1467	9,7592
3,4363	5,0403
-6,0012	-15,1444
-9,4743	6,0235
-13,5375	-1,5788
-0,2338	-4,4624
0,3559	-14,6204
-2,7897	-6,9527
-5,8699	-1,1857
-0,0373	-16,7831
-1,8722	-7,8701
2,5185	-0,5958
-2,3310	-14,5549
0,4869	-6,4283
3,7638	-8,9844
-8,6226	-10,6882
-5,9353	-8,3945
-5,3458	-6,8871
-0,3649	-11,8023
-11,3750	1,5014
-2,1343	-7,8702
-8,3604	-7,4769
-1,7411	6,2855
-12,7512	-5,8387
0,6182	-4,1346
-5,5422	-3,0861
5,2055	-7,1493
-4,8214	3,7951
1,8633	-12,8510
4,9435	-23,7952
9,9241	-2,7583
5,5989	-6,3630
2,3220	-5,5109
4,5504	-2,8239
2,2566	-13,3097
4,2883	1,4359
-1,0201	-4,4625
10,2520	-5,8385
-1,4790	-1,3822
13,5944	-14,2926
-0,6925	-2,6927
9,4656	-2,6273
3,8295	-3,0860
13,8565	1,4360
5,4024	-2,8893
6,9751	2,8123
1,0115	8,3828
8,8101	-4,4623
0,6181	1,8294
-4,1005	3,0089
-2,4620	7,2688
-12,4891	3,3366
3,6983	5,8926
-15,5039	10,2179
2,4531	15,9195
-10,7853	1,1740
-2,6586	0,6499
-8,4915	14,8056
-5,7388	16,3783
-0,5615	9,5626
4,8779	8,1865
-6,1320	7,7934
4,4192	19,3276
0,6837	9,4970
-0,9548	6,3515
-5,0178	11,4631
-2,5276	-0,3989
-0,9547	-2,4959
-2,2000	3,3366
2,8464	5,6959
-12,7513	3,5986
4,8780	-11,3434
-6,3288	-1,8407
-1,6757	4,9093
-5,4768	-9,0498
-5,0181	-8,1321
-8,8191	-5,9696
-6,3289	-5,1831
-9,9333	-0,0714
-8,0328	-11,4091
-8,1638	-4,2001
-15,7660	-5,9042
-2,5931	-8,5911
-7,7052	-13,1785
-9,3433	-8,7221
-7,1152	-6,4284
-5,6733	-4,6589
-10,6540	-7,2803
4,7469	-3,0205
-6,3287	4,2540
9,2033	-1,3165
-5,6733	-1,8407
7,5649	5,3026
-2,0688	-5,9039
8,5480	4,7785
1,0770	9,5624
-1,6756	3,7298
6,5166	5,6303
5,9265	4,9750
4,8781	3,3365
1,6012	-2,5616
3,8951	0,3874
6,1887	-9,8361
5,2057	-4,5932
-3,5106	-2,3650
8,7447	3,5986
0,0939	-0,2679
4,1570	7,2032
0,2906	9,1692
9,0722	2,0914
-4,8213	-1,5784
2,3221	14,8054
0,4217	5,3682
-1,1514	7,3999
-2,3964	0,2565
1,7976	8,9073
-8,6224	8,5138
-10,3263	-16,1930
4,0915	-7,6077
-13,4067	6,9410
0,0284	-8,1979
-10,3265	-12,1300
-4,5592	-12,7853
-14,7173	-14,0306
-1,0203	-11,0815
-9,1468	-23,4679
0,2247	-18,5525
-12,6202	-0,3993
-3,5762	-15,4726
-5,0181	-16,5864
-9,9333	-3,6760
-4,1660	-7,4771
-4,1661	-4,2657
0,9458	-6,0352
1,8632	-3,4136
5,2056	2,8779
0,2905	0,0597
11,8904	-0,0056
-1,5445	14,3466
13,4634	5,0405
7,2374	1,4362
21,5242	8,0553
11,1695	10,2179
14,1186	15,2643
11,1039	8,3174
6,1232	6,8758
10,9074	18,8687
3,6328	-0,4643
9,2690	8,1865
-0,7582	9,3004
-2,1997	10,1524
4,2882	12,7083
8,9412	3,4021
-6,4597	0,7808
3,1086	7,3999
-3,4450	-2,0373
8,0237	-0,5954
-5,1490	4,1230
-0,2994	5,0406
0,1594	12,6426
5,0744	-3,6102
-1,0859	-1,6439
-6,9841	13,2326
-6,9184	2,4847
-7,4428	4,3199
-8,0326	21,3590
-10,6540	9,0382
2,7153	3,9921
-7,2462	-0,3988
1,7322	3,6643
-8,3603	6,0890
0,1594	-2,1685
0,2249	-8,8531
-1,4136	4,9093
-4,7558	0,8459
1,5355	-11,4091
4,4191	-5,7074
-2,8554	0,2563
-1,8722	3,1398
-1,6102	-1,1855
-0,1027	-10,4258
-3,9040	7,9895
-4,3625	-8,7876
-12,4235	-4,3310
2,4532	1,5671
-12,9479	-0,5957
-1,4789	-2,6928
-5,5423	-2,4962
-3,2485	-5,4452
-5,0834	-0,0058
5,9265	-4,5934
-1,4135	-0,9888
2,9774	5,4992
-6,7218	-5,6419
5,0090	1,3706
2,4531	4,7783
-2,0035	-2,4960
-9,0156	2,6157
-8,2948	2,8124
0,6836	6,4825
-9,6712	18,0821
1,8633	1,7637
-7,1152	-0,5954
8,0237	3,5988
-2,9864	6,4168
2,5187	2,0914
2,0600	-6,1661
10,2519	-1,5130
-0,5614	16,6401
5,5990	-4,0691
6,6475	-11,1469
5,0745	-2,9549
-8,0980	3,3364
-4,0349	-3,3481
2,5842	-5,7074
-7,7707	1,8293
-12,2924	8,1862
-16,9457	1,0428
-11,3751	3,5333
-21,8609	12,0528
-10,7854	6,6789
-18,5185	4,1231
-14,0622	0,2564
-20,8122	7,3343
0,0281	10,4800
-6,5255	-0,0058
-4,2973	-7,2146
-3,4451	12,3149
-6,9187	3,0743
-3,6416	-1,3820
-4,6904	1,0428
5,8611	2,3535
-6,0010	12,7738
6,9097	1,6982
8,5479	-0,2677
10,6451	8,3830
-6,0009	10,4145
10,9073	5,8927
0,0938	11,3320
6,5819	7,3344
0,4215	8,1208
0,1593	4,9095
-6,3942	7,5309
1,2734	15,9849
-0,9548	0,0597
-2,4622	-9,1151
0,5527	3,6642
-4,8215	-6,8871
0,4216	5,1717
-5,6078	-2,8239
-1,0856	-1,8407
0,6837	5,6303
11,1695	-3,6758
1,9944	6,8101
20,4755	17,5578
1,9288	0,9773
3,6984	7,5311
-2,2654	15,7229
12,6766	15,9196
-8,1637	18,8687
-4,2971	-0,0055
0,1593	9,8249
-5,2148	16,8371
-9,4744	8,2518
-7,6395	3,4023
-0,1684	15,5919
-17,0767	9,3003
-2,5931	3,8610
-5,1492	0,6496
-2,3310	5,1717
-9,1467	11,8562
2,7153	-1,3165
-8,5569	1,1085
2,8463	7,8586
-0,2993	5,8924
15,2980	-0,8576
-2,1344	-1,1853
2,2565	8,8417
6,3854	13,4291
12,7422	-5,7074
13,9875	-4,7897
-5,6732	5,0404
9,2036	-6,5593
5,8610	3,9263
12,4146	-6,2317
-3,5760	5,0404
9,7933	1,1737
7,2373	-8,6565
3,7638	-5,4452
-4,5591	9,3003
9,5309	-2,2341
0,9457	-9,3773
-3,1175	-3,3481
-9,8020	-0,2023
0,6181	10,9387
-4,2315	-5,7730
-2,4621	-4,0688
8,4169	5,3681
-0,4305	-2,8238
0,8149	-1,6440
1,2736	7,0720
3,8294	-10,4261
-5,6732	-1,9062
12,0215	7,0064
-4,8868	-13,2441
2,6499	-0,8577
0,7494	-5,9696
11,7593	-2,4305
6,0578	-2,1686
3,6328	-10,8192
2,0602	-1,5786
9,3343	-2,8239
4,7471	-1,6442
-7,5083	-4,0036
4,9437	-9,1808
-3,9694	0,2565
2,9119	12,1838
-13,6031	5,7613
3,6327	1,5018
-9,0813	20,3105
-0,5617	11,5942
-15,8970	11,9875
-2,0690	8,6453
-13,9966	17,2306
-7,7706	20,7038
-12,1615	5,0408
-14,8485	10,3493
-3,7729	17,8202
-19,3705	6,0238
-5,1490	1,3052
-11,7684	5,1063
-11,0473	10,8078
-12,1615	16,1817
-3,5107	7,7931
-12,5547	8,5796
-1,5446	14,4122
-9,4089	0,8463
7,9580	6,6136
-6,2631	13,9534
-1,8722	2,8778
1,8634	3,8610
6,9095	-7,2146
2,0600	-2,2994
1,4045	7,9241
-2,5275	-3,4792
-4,1659	-8,0665
4,6159	1,2394
-4,1005	0,7152
-5,6076	3,8608
6,0576	-2,0373
8,6790	0,6497
-6,8529	16,6403
8,8758	-2,0374
6,7129	-4,5275
0,4871	8,1863
2,2567	3,4677
11,7592	0,5187
3,9605	-0,2022
9,5310	1,1740
6,7786	6,4824
3,2396	7,5309
10,4487	0,5187
6,6474	14,8710
12,1526	9,3659
7,4339	8,0554
4,2228	17,7546
-4,0347	11,2010
12,4803	16,7717
5,0092	10,9389
12,4147	11,3322
4,4850	17,4925
18,7716	4,1231
1,6669	-0,1365
7,7616	7,0069
-1,3477	8,4485
7,4338	11,7909
0,3561	8,4485
0,1593	7,9900
-5,2145	24,7014
-6,4599	14,5434
0,5526	21,3593
-12,8824	30,4687
-6,0010	17,0993
-13,6687	23,9808
-2,6587	22,2112
-2,5932	21,5560
3,8948	23,9152
-6,4598	25,2914
4,2225	15,0680
2,1910	26,1433
0,8802	14,3469
-3,2483	11,3978
-0,6926	18,8033
14,1185	19,1308
0,0939	11,0044
0,1595	3,4679
-4,1003	13,5604
7,4340	23,3907
-0,0372	10,6766
8,0238	7,7933
-4,1659	23,7839
3,4362	14,2812
-0,6270	11,9220
10,0552	16,8371
-6,6564	16,9027
-0,3649	23,4562
-3,1829	5,1718
1,5354	7,3346
-7,1151	18,8033
-7,3774	22,8009
0,7493	16,1163
-7,7706	14,0192
7,1062	17,5582
-5,1491	32,5657
3,1087	8,9729
-1,9377	16,9684
11,2350	18,9999
-4,3626	11,5287
4,4194	4,0577
-2,7896	10,7422
6,0577	3,2056
-4,0349	8,9727
9,0722	1,6982
-7,7050	-4,4621
-12,0304	7,7275
-10,3264	-0,3335
-9,4747	-0,5299
-11,6373	10,1523
-23,4994	5,0405
-15,5695	5,3683
-24,2203	4,8440
-17,6012	10,3491
-27,9559	12,3806
-13,4069	11,6598
-21,0092	7,6622
-20,8780	19,0653
-23,7614	11,0700
-8,1640	13,7571
-7,1809	14,0847
-12,4239	14,8056
-15,7003	22,3422
-5,0182	13,7570
-6,5254	15,4611
-13,9310	27,1918
-2,2000	12,3807
-10,9164	14,2159
-7,3117	22,2766
-10,1299	9,6938
-4,2315	22,5388
-9,3434	14,0846
-3,6418	7,4000
-8,3603	12,7740
-0,8238	9,4970
-7,1807	4,8441
-3,3797	11,9875
-5,4768	10,0868
-11,5717	6,0892
-9,9986	4,6473
-4,4938	2,4193
-6,4599	16,7059
-14,3242	2,2879
-8,6226	-2,1683
-18,6496	14,2811
-8,4259	0,6495
-25,3343	-1,8407
-8,0327	6,1547
-13,0791	5,5648
-8,6882	5,3683
-19,9603	0,9773
-9,0814	5,8271
-6,4599	10,6767
-7,0499	9,6937
-9,2779	1,8950
-9,4748	12,0530
-10,7853	8,7763
-17,8634	16,5095
-18,6496	2,6159
-23,3683	10,4803
-16,2249	21,5557
-25,7277	13,8224
-16,7492	3,9267
-32,2812	17,0338
-20,8124	8,8417
-22,1888	7,7277
-13,0138	6,2858
-24,8757	11,0699
-21,9920	13,5601
-17,9287	-6,1662
-4,6907	-8,8530
-17,2079	9,8245
-12,0305	-1,2513
-2,5278	-10,2950
-17,0113	-6,8872
-9,6055	-4,7246
-21,4021	-5,9042
-6,5254	-15,0792
-7,1153	-14,1616
-5,5425	-1,0546
-17,0112	-4,5280
-1,1515	-6,1006
-3,9040	0,0597
-4,1661	-9,1153
-7,9015	1,8949
2,4531	-1,1855
-1,6101	-6,6248
7,8270	4,9094
6,6475	-8,1322
12,6766	-6,8214
0,2906	10,0866
0,1595	-5,3799
4,2229	-6,4939
2,9120	-5,6420
13,5944	-12,9819
-1,8065	-2,2997
11,1041	-7,7392
-1,8721	-9,6396
8,4170	-0,5958
3,1741	-5,8386
0,4216	-7,5425
-1,3479	-8,2634
0,2248	-3,2171
-2,3966	3,7296
-2,9865	-9,0498
-6,0666	-4,1345
-1,7413	4,7782
-5,7390	-3,8069
-13,7998	-5,7073
-2,8552	0,7807
-15,5037	8,9726
-4,2970	1,4361
-6,7874	-4,2655
-0,8237	2,2882
-3,1829	23,1283
10,4483	-0,2024
-9,0812	1,3707
-3,1175	11,2664
-4,1659	-1,2509
-1,0859	4,7129
3,2395	0,9117
-5,7391	-6,6248
-9,7365	12,1839
-9,6057	2,2223
-7,5739	-15,4067
-13,9966	0,1908
-12,4892	-7,4115
-15,7006	-13,1784
-11,2441	-5,2488
-27,9558	-3,4793
-3,9040	1,0427
-15,7661	-4,6589
-11,8994	-1,1198
-11,1128	6,7443
7,3682	-1,6442
4,4192	1,8293
15,8224	4,1231
3,5673	2,8125
7,8927	10,4801
17,7232	2,6159
10,8418	10,5457
14,0533	13,4947
12,0215	8,0553
10,6455	0,9774
9,4002	11,6597
14,3809	-0,7267
11,2352	-2,9547
18,7717	8,7761
11,1698	1,1739
20,4756	8,4484
8,6138	-1,4476
18,2475	3,5333
12,6770	10,8076
13,7909	8,9070
4,1574	1,4362
3,1742	15,2642
9,3345	13,1670
6,1887	22,6699
8,0894	12,4462
4,6814	13,1019
1,7979	28,3716
-3,7726	21,0315
5,1402	22,9978
1,1425	31,9761
3,5017	26,4711
-6,7873	30,9275
0,9458	13,3639
1,4046	18,0172
5,4020	29,0924
-9,6055	15,3955
3,2393	14,5436
-13,7343	23,8494
-13,9964	10,1525
-7,5740	7,0069
-13,4722	9,7592
-5,8045	8,7107
-10,2610	20,7692
-6,4599	-1,1199
-18,5839	1,6983
2,3220	11,5941
-10,4574	3,2710
2,4531	-1,3164
-0,2993	1,1739
2,7808	3,0089
-5,7387	2,2225
7,7616	-2,2340
7,3685	0,9774
4,0260	15,1330
2,2567	7,5964
4,8125	3,5990
4,8125	14,3467
-5,8043	12,8394
2,3877	8,0553
-1,2168	6,3515
16,0846	6,0894
-5,0179	25,6188
5,2714	9,4970
7,4339	5,7616
11,2349	18,8032
-3,0518	7,5309
6,9751	10,6768
-2,0032	2,8779
-4,0350	8,8419
-1,8066	16,7060
-8,4260	6,4169
-11,7025	-3,8065
-5,0181	20,2450
-8,8846	8,6450
-9,4089	0,1911
5,5987	12,5773
-13,9309	4,1886
2,9775	11,2665
-1,6102	-4,5277
-2,5276	-4,4620
-8,0981	8,2517
1,9943	-2,6274
-3,1174	-13,3096
-3,1831	-7,3458
-8,4914	-6,8217
-11,8337	-2,5619
3,3706	-18,3560
-2,0037	-9,9017
-6,9185	0,0596
-12,4237	-12,5233
-3,7727	-3,8068
-7,5085	6,8754
-3,1174	3,7296
-5,4767	-2,6928
4,2226	-2,9549
-2,1999	-4,4622
7,8926	3,4020
-3,2484	-8,1323
7,6960	-3,2170
11,8249	1,9602
7,8270	-9,1808
2,9122	-5,6418
15,8879	-0,9888
6,0578	0,7807
5,4679	8,8416
15,7571	-2,5617
9,2034	0,7809
5,6645	18,6719
0,0940	-6,9526
10,0554	-1,9716
-4,8213	7,3344
0,4871	15,0020
-9,0811	9,5625
-2,0033	11,3321
-12,0303	3,6645
-1,2825	18,1478
-15,1761	10,2179
-7,1153	4,1887
-10,0644	9,6281
-15,5696	-0,7266
-14,5864	-3,0203
-15,3730	-1,1854
-9,3436	-6,6249
-18,3220	6,1545
-11,2440	-8,8533
-12,6204	-7,6734
-8,4259	-1,9065
-11,5717	-5,4454
-3,2487	-5,5764
-17,2733	-11,4091
-7,2465	-7,4768
-13,4068	1,8291
-14,2589	-9,4430
-20,2226	-5,5762
-20,2227	6,5478
-21,4022	-8,7219
-21,6646	-1,5129
-27,9559	6,6135
-36,8688	10,2179
-19,8295	7,3999
-28,8735	1,1741
-19,5017	4,9752
-36,8688	20,1793
-19,1740	0,3875
-29,0700	7,9244
-15,6351	20,4414
-26,3173	8,8417
-11,1130	6,6791
-8,6882	6,5480
-7,0499	7,9900
-10,3920	19,3274
-5,0837	5,6305
-4,2317	9,4972
-13,0135	22,9974
-8,2291	5,7615
2,0598	5,4340
2,7807	10,6767
-2,9863	12,7738
9,3344	16,3783
0,5526	10,3489
3,8950	3,1401
-0,2337	14,3466
8,3514	1,8292
2,5842	-1,0542
3,3051	6,2857
-3,1173	-0,5955
4,2225	3,7954
1,8633	3,9919
-5,3458	-8,1976
-3,2484	9,5625
-5,8701	-0,4645
-7,2462	-3,3480
-7,9017	10,4145
-11,5060	2,4190
-7,1807	11,1354
-2,9209	8,8417
-15,4382	11,7253
-1,7412	12,7083
-7,1151	11,2666
1,1424	8,4487
-2,5931	16,4441
3,6983	16,0507
8,7446	10,6769
1,8631	16,8372
3,6329	9,1040
2,0598	14,0846
-2,3964	4,2543
-1,4790	12,7084
5,3368	16,4438
-1,4790	7,0722
0,2905	-1,7750
-4,8868	11,0044
4,8124	8,7761
-10,5230	1,5017
6,5163	1,6982
-8,3604	-1,8406
-0,6926	8,3173
-5,6079	-3,8069
-10,4575	-9,7049
-8,9501	1,3050
-5,0182	3,2054
-9,2779	-2,6272
-10,3921	-2,1029
-8,8192	-2,8892
-17,0767	15,1330
-5,4768	-3,4138
-7,7052	-6,6902
-6,3287	10,4144
-9,2125	2,8122
-7,8361	-1,1198
-8,0982	7,5964
4,5500	-0,1367
-6,0011	9,4315
-0,2995	8,7761
-1,0858	3,3367
5,5988	18,7375
5,9267	-0,2679
11,4315	5,9583
0,8149	17,0991
6,1889	4,6474
9,0725	12,5119
5,0747	2,8781
7,7618	17,4271
0,2905	27,3883
10,8419	4,3855
5,9265	13,0363
8,0892	26,0122
-0,1026	15,5919
14,7739	5,1064
11,1695	13,6915
15,1671	18,4100
14,5775	16,9681
24,5388	4,8441
13,7256	5,5651
7,1719	22,2111
17,8544	2,4847
9,7277	6,6793
8,1550	15,2642
-3,8382	12,8395
8,9414	10,7423
1,7977	7,4000
5,0091	5,8272
-6,1320	14,9366
6,9095	4,1231
0,6836	1,7640
3,5016	7,3344
-4,8868	7,0067
5,1400	4,5163
2,3876	-1,3164
0,3559	0,3877
2,9119	15,8539
-3,3797	-4,5278
-6,3941	-0,0056
-12,0959	8,6450
4,9435	-3,6102
-9,9989	-2,3650
-6,1975	0,1908
-9,0814	0,7151
-6,1322	0,4528
-10,5231	-6,0351
-3,9040	-4,1345
-12,6202	5,1059
0,1592	-1,1854
-5,8701	0,0599
-2,9210	1,7637
-5,8045	8,5140
-15,0451	8,2517
-8,9500	5,3027
-4,2972	2,3536
-6,9185	8,7760
-9,5400	-5,7074
3,8294	-4,2654
-11,8338	9,5624
-0,2992	3,4675
-1,7412	0,7807
11,4971	-2,8238
-5,8699	-0,4645
7,6305	7,2687
2,4532	-4,7243
5,2712	-7,1489
3,8295	10,8077
6,6474	4,3196
3,1741	4,7785
4,2881	0,5186
6,5820	13,7569
-2,0034	14,2810
2,7154	-4,7898
-2,2000	1,8951
-1,4135	14,4121
-5,5422	-6,4282
11,1693	4,7786
-4,6903	14,5433
7,2372	3,0744
-5,9355	8,5139
8,2858	3,6643
0,4214	-3,5445
-3,1175	7,3343
-2,3967	-5,4451
-14,1276	-1,9716
-4,4938	12,1185
-14,6521	-3,2825
-18,7151	2,3538
-22,2542	3,0090
-11,2441	12,5118
-23,7615	11,0699
-9,9988	11,3321
-14,7175	11,2012
-5,8045	23,5873
-11,0474	7,3999
5,2056	12,7740
3,6328	10,8733
5,9921	12,8396
0,3562	14,4121
10,5797	0,5187
6,1890	4,4508
13,4633	9,7591
9,7934	7,0720
10,1866	-1,6442
13,7912	-4,9865
10,0555	0,0597
17,8543	-6,3629
10,7764	-10,4261
21,9831	-12,9163
1,1425	8,4482
13,8567	-10,2295
8,5481	-10,2293
5,6645	-0,2679
2,8465	-2,4307
8,9411	-5,9040
1,6667	-7,8045
5,8609	-5,3796
-4,6903	3,5331
-12,7512	-4,9865
1,6667	-5,3796
-9,4091	0,5185
-11,4405	0,5185
-16,0937	-4,7899
-7,9016	-3,7413
-19,4361	7,0066
-12,2926	14,1498
-15,5040	-4,3311
-16,2249	-1,3164
-23,8270	8,3172
-17,2735	-1,9063
-15,7007	0,2564
-16,0941	1,6327
-26,3174	2,5501
-20,8125	-0,7267
-24,6135	-5,9040
-25,9243	0,2565
-20,9434	13,6255
-13,9313	-10,2950
-9,7369	-3,1514
-19,3051	6,2856
-11,5717	-0,0059
-22,3851	8,4482
3,5672	-4,9211
-8,0983	-3,4791
1,2734	8,0551
-8,8190	-4,7245
3,1740	-13,7027
2,3876	3,0089
2,4530	0,1907
-1,3478	-6,7559
15,2980	-8,6565
2,5186	-10,1637
-0,4304	5,6958
4,4192	-5,1176
-4,4281	3,7953
0,6838	15,0018
0,3559	-4,7244
3,3052	5,6304
-4,0348	9,0381
7,5649	1,5671
-1,2824	2,4191
5,2712	-0,6610
-3,7727	-1,4474
6,1231	9,5625
2,3221	-0,5300
-6,4598	-1,9717
5,1402	10,4144
4,0258	11,4629
-13,0133	-3,2170
-3,7073	-6,0350
-3,8383	-1,2509
-8,1638	14,0189
0,2248	0,1907
-16,1593	3,3366
-3,1830	10,8076
-17,7321	2,5501
-8,6226	8,6451
-18,9117	9,3659
-12,9480	7,4655
-14,1932	12,4463
-7,9018	11,0045
-12,4892	13,9537
-4,3628	21,4901
-6,9186	18,9998
-10,7196	9,3005
6,2542	9,8904
-3,8384	6,7445
6,5820	6,6791
-2,5931	8,0551
6,9753	-2,4305
0,4872	14,0189
12,7423	-1,7754
-4,8213	-6,6903
17,1987	2,2225
-1,8068	-2,1684
6,5163	-0,1368
-6,5908	-8,9841
-1,0204	0,4532
-4,2970	11,5940
-0,1028	-10,4915
5,8610	0,1255
-2,5277	15,6573
5,2713	5,6958
-0,8237	1,9603
6,0578	0,8463
1,1425	1,8949
9,4000	7,7931
-2,0032	1,8293
12,0214	3,5988
1,7978	8,7761
7,6305	-3,3481
-1,2823	-1,1198
14,3151	1,5016
0,0939	2,4191
7,1061	8,4484
2,3877	-1,3820
5,8610	7,5965
0,0940	19,0652
3,2396	-0,2023
3,1742	1,5674
-1,3479	18,8686
8,4170	8,5140
-1,4135	13,1672
-1,0857	14,1501
-13,0788	9,1693
11,8248	16,6405
-11,5717	9,9557
-1,6756	0,1911
1,9286	11,7253
-2,9210	6,8101
-6,7876	9,6281
-9,4747	2,4191
-5,0181	-0,8576
-8,2951	11,2665
-12,5547	4,4506
-10,9163	-7,8044
-8,0327	8,7105
-9,0812	-5,1176
3,1739	-12,5229
-16,2246	3,9920
2,6498	2,2879
-5,8044	5,2371
0,4870	-1,5786
-0,6270	2,5502
3,8948	11,9217
-2,8552	0,6496
3,5017	0,6499
4,6814	15,3297
-0,9548	-8,0666
-0,9546	5,4339
4,4847	-3,6102
-6,5252	-3,0203
-10,3919	4,7127
-1,0857	-10,6882
-12,4890	-7,8045
4,8124	6,0889
-7,9016	-11,9336
3,7638	-13,9650
-5,0835	-5,9696
6,3853	-5,9041
4,1571	5,3024
8,9412	-14,9481
10,3175	-8,6565
16,1502	-2,0375
7,4996	-9,2464
10,7763	-9,1152
9,7279	6,4823
12,4804	-0,3336
15,1673	10,3488
4,0262	-4,2657
2,1258	-2,6270
0,9460	6,5478
6,6476	2,6811
2,6497	1,6327
5,9921	7,2031
-0,6926	-0,2024
-6,7874	-1,4475
1,0769	-2,2995
0,8801	-1,4475
-8,8189	1,5671
0,8147	-5,7074
-0,2993	-4,5277
-5,0835	0,9117
-0,9547	-3,6103
-2,7242	-2,8892
-0,6924	4,7783
-0,2338	0,0599
-0,9546	8,5139
-1,3479	0,8463
4,4848	-3,0202
-2,9207	17,6891
5,2713	5,3027
6,5164	6,8102
10,5795	10,0213
-0,7580	9,1694
5,9266	13,1015
8,7447	1,4361
5,4022	6,8758
0,2907	16,3127
-3,1174	6,7444
9,9900	4,8441
-0,2339	8,7760
1,2735	4,3197
-3,1830	8,3829
3,3707	-3,0203
-7,0497	4,8441
-2,1999	12,3805
-8,1637	-0,3334
-2,1346	8,3175
-13,1444	11,3975
-4,1006	-1,3163
-12,5547	5,1717
-7,8362	4,3197
-6,1322	3,7954
-13,2757	7,0066
-6,2632	2,1568
-3,9696	-4,7242
-6,7876	11,4630
-3,8385	-0,3336
1,0113	-12,8507
-8,1637	3,0089
0,4216	-7,2804
-4,9524	-0,9889
12,1525	-2,4964
-1,5445	-12,2610
10,7108	-4,5278
9,7932	-13,7028
7,2373	-8,2633
2,1256	2,4844
8,6791	-9,2464
-1,3478	-6,5594
6,0576	-8,6566
-0,0372	-5,1831
-4,7558	3,9919
-1,8722	-7,0182
-3,3797	-7,2801
-1,7413	8,5794
-21,2054	2,7467
-7,3773	8,6450
-9,4091	3,2055
-11,7028	6,8101
-12,0959	6,9412
1,6664	9,8248
-10,3265	8,5796
-4,4938	15,9853
-4,1660	10,8078
3,0428	11,4634
4,5502	19,7208
4,4191	14,3468
1,4046	11,0046
-0,7581	14,2813
10,6452	6,3515
-2,8552	15,6576
5,4681	7,0723
1,7324	17,6237
22,1140	11,1354
2,4532	8,5796
3,1087	13,7570
8,8105	8,5140
17,0023	4,9097
14,5119	9,9559
10,0555	8,0553
9,6623	3,8610
2,5844	10,6767
8,0895	9,8246
2,3876	8,6451
0,5528	2,5501
-2,8553	2,2882
1,8634	12,9704
-7,0496	0,8462
-1,2823	2,9436
-5,9354	14,3467
0,6180	13,2980
-11,9648	4,3198
1,0112	6,8102
-10,4576	6,5481
-9,2780	12,7084
-16,2902	10,4147
-4,3629	10,2181
-15,4383	21,6213
-15,7005	12,3151
-0,4961	0,7811
-14,4554	26,2089
-7,1807	16,4440
-8,2950	10,1527
-10,8507	22,0146
-18,6496	20,1796
-2,1346	29,2890
-14,8486	20,6382
-13,0791	22,3423
-15,0451	21,9489
-21,0745	9,5627
-14,2587	3,0093
-11,1787	11,3977
-18,0597	13,6258
-13,0792	9,5625
-6,5254	1,1740
-7,8363	5,8926
-4,1005	12,3150
-5,1493	3,4021
-8,2947	-3,3479
-5,4767	9,7591
2,3221	-0,2679
-6,7874	5,7615
12,6768	-2,4961
3,4361	5,4340
7,2373	21,0968
-1,5444	4,4507
8,6135	1,7639
6,3854	13,2326
7,3028	13,6258
1,4703	3,2712
5,2712	7,0067
2,7810	11,5942
3,4361	14,0846
-1,7411	6,8100
-2,8552	-2,4303
5,3367	14,7400
-5,0180	12,5772
3,0431	11,7908
-2,0033	12,5117
1,7978	6,2859
-0,0371	16,5094
13,3976	7,3343
-0,6925	3,4023
11,0384	7,9897
8,4826	-4,7243
13,8564	-2,1027
6,1888	0,7151
3,5018	0,7807
4,9438	5,6958
5,5990	-2,9549
8,4171	3,0744
1,4702	6,6132
11,0386	-0,7268
4,1572	-3,3481
10,4487	4,9094
2,4533	-0,5301
16,4124	-5,9040
2,1912	3,3366
20,0169	-2,4961
11,6938	4,9095
17,7887	3,7952
13,8565	-1,3819
13,2667	0,5842
18,0509	-7,6079
7,2373	-1,3819
7,1065	3,1400
3,2397	1,5016
9,9900	-2,1684
2,8464	0,5841
2,4533	-1,1198
-7,3115	11,8562
12,4147	-8,2633
-5,0835	-9,5738
5,7956	9,5624
-0,4959	2,4845
1,0115	-0,3990
7,7617	-11,0813
9,2033	-0,8576
3,6985	5,3025
7,9582	-8,9842
7,2374	-8,5253
2,3877	6,5477
10,0555	-2,4963
1,4047	-1,1855
10,1867	-2,0375
12,2181	-9,0499
9,0725	-7,4114
1,9292	-8,4600
15,0363	-6,2974
7,4996	-7,4115
20,4101	-12,9820
10,6453	-9,2464
9,3346	-9,8363
10,8419	-13,9651
14,5118	-6,3629
8,0239	-10,6882
9,2034	-4,5279
12,6769	2,0257
4,8781	-4,5935
19,2961	-8,2633
10,7763	4,5161
10,0557	-3,6103
11,8251	2,0259
15,2985	5,4993
15,4295	4,0575
22,1142	18,2133
13,6601	11,2664
30,2405	4,3854
15,2984	17,7546
13,4635	17,1648
17,7890	12,3152
29,1264	7,9899
21,0656	15,1333
16,2814	10,0870
14,9053	5,2374
10,3831	15,5265
8,7448	15,1330
1,9944	1,3706
-2,2653	1,6327
-6,9841	0,7808
-10,7851	0,5185
-5,4768	2,8778
0,4212	4,7782
-10,6543	-8,1978
-11,2441	2,6156
-16,8145	-5,1833
-3,0521	-9,1153
-9,0813	-4,6588
-12,8825	-4,7900
-12,4235	-2,4963
-1,9379	-11,5401
-6,3287	-7,1491
-5,8045	6,8754
0,5526	-5,3143
1,6665	-4,9209
0,4215	18,3443
-8,5569	1,8291
-1,4791	-0,6610
-4,8869	0,7808
1,2734	8,0553
-4,1005	14,9364
4,5502	-0,9232
-1,3480	-0,3332
-1,8068	16,9681
-6,0665	2,6156
-3,9039	-0,1368
-6,9840	1,1084
0,9457	4,5817
-5,3457	9,4968
-14,5863	0,2563
-9,9332	2,2881
-16,4869	13,0358
-6,5910	0,3220
-13,7999	6,1548
-8,8848	12,6427
-11,7028	7,2033
-8,2294	9,8904
-0,3650	8,7107
0,3557	10,0871
-12,4891	23,8495
1,2079	13,4948
-5,6734	7,0724
1,5355	13,2982
-2,1344	13,3637
-5,4112	7,9898
1,7979	-0,9887
-8,2949	3,5990
7,0407	19,3274
-3,9696	2,8122
2,3876	-0,6609
-6,8531	9,1692
-0,2994	2,3535
-4,1660	-3,6758
-1,3480	3,0744
-2,0689	-5,7730
-2,3310	-0,4647
-0,2339	-14,4238
-1,7411	-17,4383
1,9290	-3,4794
5,0090	-17,8318
7,3685	-21,1738
9,7931	-7,2148
-0,2336	-2,7586
-1,0201	-12,5888
6,7131	-8,6566
-7,3117	-10,6882
-2,0688	-8,4600
-6,9841	-6,5594
0,1592	-9,6394
-13,7999	9,4969
-10,1954	-7,9356
-12,6858	3,9920
-5,6737	-1,5785
-23,9580	3,7299
-16,4213	6,0235
-3,2488	-2,6928
-9,0161	-6,6903
-16,4869	8,3828
-19,2395	-7,7392
-11,1785	-12,0642
-8,5572	2,8778
-8,0329	-3,6759
-18,1907	-7,2148
-0,6272	-10,0983
-11,2440	-15,7345
-0,1029	-5,6419
-3,4451	-12,7200
-2,9208	-13,3751
1,9290	-4,9867
-0,8892	-12,9165
7,3029	-14,1616
2,6497	-15,0136
0,1596	-12,6543
5,5989	-6,5595
-0,5615	-15,2759
-5,6732	-18,0282
5,5990	-4,5934
-6,0009	-2,3654
12,8734	-5,2489
-6,7874	-10,0328
8,4825	-5,1177
10,3830	-1,7098
15,2981	-3,0862
6,0577	-10,9503
6,8442	0,9117
2,9776	0,5839
8,6136	-8,1322
4,2228	0,5841
1,0769	0,8463
2,9120	3,7953
-2,8553	-1,5786
7,6961	-2,4305
-9,8022	11,0698
2,5188	-3,2826
-3,7728	-1,8407
9,1378	3,8608
-2,1344	-5,9696
-1,8067	6,0236
2,0600	2,9432
2,7153	3,9265
2,3877	3,5332
4,1571	3,1400
5,0747	0,9775
10,0553	12,9049
6,5821	2,8124
3,9606	13,8881
12,4804	13,1670
8,4170	9,0384
13,4634	11,3976
7,2373	8,6450
12,4803	7,1378
1,9945	10,8732
0,8804	0,3875
-0,6925	0,9774
2,7808	4,9094
-8,4258	2,0258
-2,9863	5,4336
-11,0473	-7,8701
-2,2656	-4,0689
-12,7512	0,3218
-9,1468	-5,5109
-6,7219	-6,2972
-13,6689	-3,6759
-6,3942	-5,5109
-12,1616	-2,9549
-12,6856	-3,1516
-18,1253	-3,8068
-7,1807	2,3535
-17,4044	-5,7729
-1,2171	-0,6610
-20,2880	10,7420
-9,0813	3,1399
-2,7244	-3,8724
-0,0376	-1,5785
-7,1808	-0,3334
-8,7538	-5,1175
-6,9841	-1,8407
-8,4916	5,6958
-9,8022	5,3025
-5,2147	-2,9550
-4,5593	-2,1029
-13,3412	-0,9233
-8,6224	2,8778
-4,6248	7,9896
3,3705	2,6157
-12,8168	7,0067
-8,8190	16,5093
1,9944	7,3342
10,0551	6,3514
-6,9840	14,6088
1,1424	3,2711
-0,8236	2,4192
5,0744	-6,5592
2,9775	3,7955
0,0282	13,6910
-3,8384	-11,2780
-6,0011	-8,8529
-8,5570	15,1984
-17,2732	-1,7755
-6,5254	-10,2949
-18,7151	-10,0327
-3,7730	-3,0860
-25,5309	4,4505
-9,4746	-7,0839
-15,2419	-11,4090