-13,7083	5,9598
-5,6474	10,2195
-17,2470	13,6929
4,6417	16,3143
-6,4993	12,9063
-4,4679	6,6806
-1,3219	13,1030
1,3647	7,2047
-6,5647	0,3236
0,6439	2,4863
5,2972	3,1416
-10,3661	3,6659
6,8047	9,9573
-4,7954	3,2726
18,4699	5,8941
-7,7444	5,6975
17,1592	7,5981
-2,7636	10,8093
13,4237	6,6805
-3,4189	6,2873
9,5569	8,3845
-1,8459	4,7144
3,7898	9,8261
13,4893	5,4352
7,9840	-5,9024
14,0136	-1,7737
5,7558	4,9763
16,9627	-3,1500
1,3650	-7,4754
15,9796	-2,7567
-6,4337	0,5855
20,8948	4,8454
-5,9093	-0,2009
16,2418	2,4862
-2,3048	-1,3804
18,0112	-1,5769
1,1031	5,3043
12,7684	5,2387
13,9482	9,8918
14,5378	5,5008
9,0987	-5,2469
14,2757	14,9380
21,9436	1,6997
13,5548	-2,3634
23,3854	1,6998
9,6227	-1,3148
26,7277	7,5325
7,3946	9,2363
25,1548	-6,3611
8,5743	9,3021
19,9119	8,7120
4,5767	1,6343
17,2248	7,1394
14,8002	9,8918
16,1761	14,2172
3,9212	9,8263
2,7413	12,9066
15,3899	12,0545
-1,4533	9,6954
2,2172	10,2196
-1,1911	15,7247
6,9355	13,2998
-14,7570	6,4842
6,8044	18,2806
-11,4147	20,3777
2,0203	22,6061
-10,8248	26,5381
6,4767	24,4411
-7,0236	32,6331
1,4960	29,0287
2,4793	29,4219
4,4451	30,4050
1,6929	30,5360
5,2972	38,5969
19,1255	24,8343
5,2315	27,0625
15,3244	23,9823
3,0034	18,4117
21,2880	15,7903
-11,5456	23,9822
18,7978	19,8532
-2,5672	-2,0355
14,0135	7,5327
-6,1060	9,4331
17,6835	2,4207
-0,9287	3,9936
5,2972	-5,5091
-0,9941	-2,6256
3,8553	-4,3296
0,1854	-11,2764
-4,9922	-11,2109
2,7412	-6,9512
-9,1867	-10,1625
-8,5967	-13,3081
-20,1967	-10,8833
-11,9391	-6,4269
-36,3841	-8,6551
-19,2137	-7,5409
-46,8044	-12,9149
-26,2918	-8,0652
-49,7535	-10,4245
-29,2411	-12,7838
-49,4260	-8,2619
-48,1154	-7,0168
-50,5401	-13,8326
-40,1857	-15,6019
-39,6612	-14,1602
-52,7686	-22,2867
-38,2193	-23,2697
-45,7564	-17,6994
-33,4354	-29,0371
-53,0962	-35,5252
-37,8263	-42,2099
-53,2928	-44,8314
-36,1880	-45,0938
-58,4701	-64,0337
-40,5134	-68,8833
-66,2033	-64,2305
-45,9529	-72,0294
-54,1448	-86,4473
-54,6693	-81,0079
-65,4169	-91,8214
-60,1089	-88,6102
-57,5526	-96,4092
-69,0875	-111,3513
-62,3369	-104,2735
-71,5779	-116,6600
-66,7280	-121,9684
-86,7167	-122,2307
-69,8083	-136,7142
-88,9449	-132,7166
-74,1339	-147,9212
-92,2217	-160,2419
-84,8819	-150,8050
-100,6758	-163,7814
-89,6662	-185,7359
-108,7370	-189,1439
-112,8004	-191,3068
-109,7856	-202,8413
-116,5364	-211,2300
-129,3155	-216,8661
-132,8548	-224,4685
-125,7768	-230,9567
-146,8797	-250,0931
-139,3429	-246,2922
-151,5982	-253,1736
-129,9715	-258,3511
-156,2513	-272,2447
-141,3748	-277,6188
-161,1010	-279,9783
-150,8776	-297,6731
-160,7733	-297,6076
-151,9919	-300,2949
-174,2084	-319,3004
-170,6697	-323,4293
-172,8979	-341,1241
-186,5296	-356,7873
-181,1556	-358,2292
-205,3387	-362,0307
-188,5614	-376,5143
-215,2349	-391,6534
-211,4336	-403,8432
-232,8641	-419,1132
-212,8103	-425,1428
-246,1680	-447,4252
-231,6848	-455,1586
-250,2970	-470,4288
-256,1955	-483,6671
-265,5669	-495,3329
-262,7494	-502,8042
-274,6113	-525,6109
-283,7211	-538,8493
-279,9199	-552,9398
-293,5518	-564,2122
-301,0227	-590,8855
-312,3607	-595,7352
-305,0207	-600,3232
-330,4489	-619,7221
-323,4365	-637,3512
-343,7528	-637,0894
-342,1144	-655,3741
-354,0419	-659,8962
-344,2775	-661,4039
-373,7683	-688,7324
-360,2683	-692,9268
-373,6375	-698,2355
-378,2253	-718,0274
-378,0286	-708,1972
-380,5193	-730,0210
-385,2377	-747,9777
-395,4616	-747,3226
-383,0752	-761,6095
-402,7362	-764,1656
-388,1216	-773,4719
-406,9305	-787,5621
-399,9182	-775,7659
-417,8094	-791,1670
-391,9228	-807,8130
-418,7925	-796,4754
-396,5104	-805,5850
-411,4524	-804,0777
-401,8189	-810,4347
-403,0637	-803,8154
-398,5420	-796,4100
-390,8083	-796,1479
-386,7454	-795,2958
-376,5214	-783,6959
-381,4367	-791,1670
-361,7756	-787,3656
-368,7226	-770,2608
-349,6514	-773,1443
-365,1832	-764,6901
-339,2309	-765,4763
-347,4884	-755,7113
-317,0797	-741,4244
-333,6601	-736,5747
-311,5745	-732,4458
-323,3051	-723,9914
-306,3970	-711,3429
-298,3357	-701,0537
-292,1756	-698,8907
-282,5413	-681,9167
-282,7381	-661,2728
-269,1717	-666,2534
-273,2351	-652,8182
-249,1175	-634,3369
-261,0452	-624,7686
-233,6509	-614,8724
-244,7920	-602,6170
-222,1820	-592,6553
-240,3353	-574,4361
-220,6744	-558,6419
-222,6404	-559,6900
-207,1085	-537,8664
-216,7420	-524,1692
-206,3875	-516,8944
-211,8266	-495,9227
-201,8654	-479,2766
-185,5467	-467,7420
-199,5061	-465,8412
-175,1264	-452,4715
-191,8383	-427,6334
-178,1408	-428,2229
-187,8402	-417,3436
-162,1500	-392,2433
-180,5000	-393,9471
-155,3997	-374,0239
-166,9337	-370,0261
-137,4428	-359,3434
-155,8580	-340,7967
-138,6221	-332,7356
-132,3958	-313,5334
-117,3229	-310,0599
-114,3078	-303,5060
-115,8808	-284,8936
-97,3337	-273,8181
-101,0696	-271,6551
-86,9790	-258,9410
-101,2004	-252,3874
-83,5056	-245,6369
-103,1663	-233,5128
-79,7700	-239,0176
-100,1516	-232,0706
-80,0976	-220,4052
-99,0375	-214,9001
-80,0977	-211,2955
-82,3913	-191,8313
-79,1147	-193,1420
-85,9300	-180,6900
-75,7722	-178,0030
-68,6940	-170,5971
-78,0659	-161,4221
-59,2567	-160,6355
-64,1722	-154,4093
-50,4093	-146,6106
-62,1404	-141,3675
-43,2659	-132,1925
-61,9436	-138,8770
-40,3822	-126,4905
-55,8485	-120,1992
-30,4862	-111,0240
-47,9841	-115,6115
-28,5856	-109,3854
-36,7119	-102,6353
-31,4036	-94,5743
-30,7479	-93,8534
-28,7821	-100,6033
-16,3955	-85,6611
-27,9301	-80,8770
-4,1404	-84,5468
-21,6387	-69,5391
-9,2521	-64,9515
-27,3400	-59,2498
7,5907	-64,8203
-17,2476	-63,7059
-3,8125	-45,4214
-7,6134	-44,9627
11,1951	-39,1298
-3,9434	-35,1322
3,1999	-41,1614
5,0352	-32,4450
3,9863	-33,8869
4,7731	-39,3262
8,5739	-25,1050
4,1833	-28,3164
3,5932	-35,9183
15,0622	-21,9592
-5,5163	-20,7141
13,0306	-19,2723
-8,7931	-17,3717
10,5402	-22,4834
-2,7638	-7,0169
11,7851	-13,7670
-1,2563	-4,9196
0,8406	3,7311
-8,7274	-5,1162
0,2507	2,5517
-0,0112	5,0420
-5,7132	2,0930
-5,2540	4,1901
-5,3198	3,0105
5,0350	0,7168
-2,1741	4,8455
17,6179	3,2726
-6,9582	-0,8561
17,4870	0,7822
-3,8778	-0,5940
9,0983	-2,8222
-0,9286	0,3889
17,8146	-7,2787
-0,0767	-0,1353
11,9163	1,1097
3,0036	-5,7060
6,2146	-2,6913
2,2173	-5,2473
8,7050	-4,2642
12,7685	-11,9975
8,1151	-11,9973
13,2271	1,9618
-9,0552	1,5685
7,0012	-6,2301
-2,1740	2,5518
6,1490	4,9110
-23,9319	4,0591
1,2994	3,0105
-17,9027	4,3869
-12,9220	14,0206
-22,7522	5,8286
-11,5459	13,9551
-21,0484	18,4770
-15,6747	13,2342
-6,6961	11,4649
-16,4612	23,1957
-11,5456	16,9042
-13,0533	18,6739
-4,2713	18,1495
-21,4418	17,0356
2,4133	24,6376
-23,3423	19,1326
-2,4363	12,1204
-20,1965	16,1835
-6,1718	17,3630
-14,1015	10,4161
-2,5674	8,3845
-5,1230	-3,4119
-5,0577	2,9450
-5,0574	-4,5262
0,9717	-7,1475
3,6588	-2,4290
-6,6305	-4,9850
5,6249	-3,3465
-4,7301	6,4182
7,8532	-1,5771
-9,1864	2,4206
2,9379	0,0613
-12,0043	3,0105
8,9672	5,5008
-4,8609	-6,2301
16,4382	-4,0017
-4,0089	5,7630
2,2170	-3,2154
-6,9579	-0,1352
2,9379	-1,7081
3,5277	-10,4243
-2,4363	12,3166
2,4793	7,0080
-2,6330	-12,0627
7,8530	-1,9046
-16,5266	1,6997
-1,9773	1,3065
-23,8666	-10,4899
-5,9096	-3,2809
-14,3639	2,8137
-4,7958	-7,4755
-31,9929	-15,4051
-7,3516	-4,8540
-28,8473	-12,6528
-14,3640	-14,8809
-21,4417	-8,2619
-12,0704	-18,2233
-19,5412	-5,1817
-16,5267	-7,4756
-7,3516	-18,6820
-20,0656	-7,2133
-3,8780	-16,1916
-17,9684	-0,5287
3,5276	-7,9997
-12,3322	-8,0652
10,2123	-14,6843
-14,8880	1,8962
1,9548	-9,6381
-5,6472	-2,8879
11,1297	-10,5556
-2,6326	-9,9656
7,1320	-2,2324
-0,4043	0,8476
3,2654	-9,3759
6,2148	-3,4121
-0,0113	-1,1839
7,9843	2,6172
-0,6668	2,6827
10,1469	-6,8854
-5,5819	2,7484
11,7196	2,8793
-11,7423	0,3890
-2,8949	8,3844
-16,7885	-3,5432
-0,0770	-2,1012
-21,7037	0,7167
-3,0261	-3,8709
-8,2033	-1,8393
-5,9754	-12,9804
-15,6743	-12,3906
0,2506	-13,6358
-3,6157	-15,8641
-18,2961	-12,3252
-4,9263	-12,7184
-7,8103	-10,6212
-3,4849	-10,2281
-29,8303	-17,3059
-4,8610	-12,5217
-16,8543	-8,6551
-7,4172	-10,7522
-26,8811	-1,9704
-3,0917	-5,6404
-23,3422	-11,0142
-4,5334	1,1099
-7,4169	-2,4947
-4,1403	-6,1646
-8,2031	2,8138
-2,4362	-6,6890
10,3435	-3,2154
2,5445	-2,1014
13,2926	-5,5747
-1,2565	1,3721
9,8848	-1,7081
-3,1569	-1,2492
23,6473	8,1879
1,0373	3,9935
11,6543	6,7462
0,7754	13,8240
14,9965	7,2704
-2,9601	7,2705
9,6881	12,9064
3,1347	2,9450
3,0034	16,0522
12,3097	-2,0358
5,1659	-3,8707
0,3822	7,2047
1,5615	-5,7715
11,1954	-10,8176
-11,7422	-7,3443
11,1299	-19,2063
-12,1354	2,7482
8,5739	-11,8011
-14,2325	-22,4175
13,4236	-9,8347
-5,5162	-6,4925
1,9547	-13,6358
-5,1229	-7,2132
1,3648	-7,7375
-8,0065	-1,5116
4,4449	-3,2156
-2,3050	1,6998
-6,2374	6,9425
0,3820	1,5687
-12,3977	0,0615
-0,4701	15,0036
-13,9705	7,9257
-3,1570	11,7270
-15,4779	14,9381
0,2508	7,2705
-18,9513	19,1981
-0,0114	15,5935
-18,0993	8,9745
-6,1720	16,9043
-13,3151	16,7076
-11,7426	15,3970
-6,4339	14,6105
-8,1382	5,6976
-7,4169	14,8727
-10,4973	14,6105
-2,9604	9,4987
-8,0724	6,7462
3,3965	14,0862
-7,8101	10,5472
10,1467	9,3676
-13,9049	1,8965
10,6712	2,5518
-3,4846	1,1755
8,5738	-4,5260
-8,7928	7,8601
12,7681	4,4521
-4,6642	-3,5432
0,6440	7,7289
3,3967	-3,8056
-3,6159	-5,8370
11,1299	-10,4245
-4,8612	-4,2640
4,3797	4,2555
-10,7593	3,1414
7,9841	-6,6232
-10,3006	4,1247
-0,4045	6,2873
-15,4123	5,9597
4,1173	15,3313
-25,0461	0,7823
-10,4973	3,6660
-11,3491	4,5834
-6,8274	4,9110
-17,2474	6,8115
-17,3131	4,3867
-11,8078	4,9109
-16,9855	2,5517
-8,0067	-7,0819
-20,0656	8,8432
0,4475	4,4523
-14,2329	7,4671
2,5445	7,7292
-20,7864	10,0886
-1,2565	13,1687
-16,1333	7,6637
-8,1379	5,6977
-16,4608	11,9891
-3,2229	13,6929
-20,6551	6,4184
-11,6114	11,3991
-15,2157	2,1585
-14,2984	0,6513
-8,3999	12,7753
-13,6431	0,9788
-2,6328	2,7484
-19,7380	2,6828
-4,5989	1,3721
-21,3108	8,7121
-6,5650	1,1100
-27,7987	-2,8877
-0,6013	6,3528
-29,8959	3,2725
-13,7740	-1,2494
-19,8033	-4,3950
-17,5097	-1,0528
-22,3590	7,4668
-10,0387	-3,4122
-18,7547	-8,0651
-16,2645	3,4691
-4,7300	-0,9874
-21,5730	-5,8369
-10,0384	6,8770
-27,2091	-0,2665
-12,9219	2,8138
-28,5197	-2,4947
-5,8443	-4,7228
-22,2937	-4,0019
-8,0724	-2,0359
-21,9658	-11,9973
0,7093	1,6342
-12,7908	-8,7206
-2,6984	-1,9048
-4,9264	1,5030
-1,2566	-2,1014
0,5131	9,0397
1,1027	4,2555
8,9018	-1,3148
-0,4046	7,8602
5,4283	-1,9047
-9,9072	6,5495
10,3435	12,5787
-9,5139	-0,2008
16,3071	-0,8560
-15,1501	5,6974
1,7583	-0,9872
-4,5988	4,9111
0,8406	-0,9872
-7,0890	-3,1498
-2,6984	-2,0358
-2,6980	-2,8877
2,7410	2,0275
3,7900	6,4837
4,1173	-8,1306
3,4622	1,6343
-6,8926	-3,4121
12,4406	-5,8369
-2,6983	-1,5771
4,9041	-2,5602
-4,7297	-7,0166
17,8146	-9,7037
5,4939	-12,6528
17,8145	-12,1940
1,4308	-10,5558
11,1954	-16,6507
4,5765	-15,9952
11,0643	-21,6314
11,9165	-22,4832
7,2631	-16,5851
13,4894	-17,8303
2,2169	-12,5219
14,6690	-25,0391
-2,8947	-18,4853
23,1230	-6,8857
-4,1400	-15,3397
13,0305	-7,1477
-3,5500	-9,5071
11,7197	-8,1307
-1,7806	0,5200
10,2122	-2,2981
-6,3680	-9,4415
1,4960	-10,4900
-0,8630	-9,0482
7,6563	-5,5093
2,8724	-6,8200
-2,9605	-8,5895
0,3822	-7,7375
0,6440	-2,8224
15,7174	-12,7838
-3,0917	-2,2980
10,3435	-1,7083
-9,4484	-8,1962
11,4575	-2,2980
-5,6473	2,3551
15,5862	4,0590
-2,5015	-2,8877
20,3048	-3,2153
-0,5354	12,1855
8,9016	5,7631
4,9042	2,1587
8,7706	12,3167
15,5210	11,7268
7,9841	3,7970
12,4408	18,0183
-1,0598	6,8771
16,1763	4,0592
1,2994	5,1077
9,8847	-2,0357
-1,4530	1,6998
13,2924	-3,2154
-11,2177	-7,6718
7,7875	-5,4436
-11,2177	0,1269
10,8676	3,9933
-2,9602	3,1413
10,6710	-3,3466
4,9697	4,2556
8,0496	0,9133
13,6859	-4,6572
1,0373	1,1100
16,9628	-4,7882
8,1151	1,8309
14,3413	3,3382
2,5447	-0,9216
13,4893	10,0885
0,1199	8,6466
7,6565	4,3214
-4,8608	7,9914
9,6225	11,3994
-4,0744	13,5620
6,3457	13,7586
0,9064	5,7632
5,9524	19,7224
7,9187	9,4330
-1,1255	3,0761
11,5232	7,9912
-0,6012	1,3720
10,6712	-6,1646
-8,1378	1,5687
7,2633	-7,8686
-4,0090	-7,3442
5,5592	1,5032
-12,9218	7,6633
4,1174	-10,5554
-14,2980	-1,2493
-5,0577	3,4037
-9,7104	5,9595
4,7726	7,4013
-7,2857	0,9789
-2,7639	6,1561
5,4938	4,0591
0,7094	2,8138
2,8724	0,5200
-2,5673	-4,9194
15,3242	-3,4120
-1,8463	-4,0675
22,9263	-0,9873
-4,6643	4,6486
18,0113	-11,2764
-2,1738	-2,6912
18,1423	-1,7739
6,0837	-11,9317
2,6757	-0,3319
2,9382	-0,7908
6,1490	-6,0991
0,4476	-4,0674
-0,4702	-4,5918
1,6928	0,5200
-4,0091	-0,7908
1,8238	-10,4901
-10,4315	-8,6550
11,6541	-5,4439
-11,0215	-12,8493
8,7050	-4,0021
-17,3128	-11,0144
7,5909	-9,0482
-9,9727	3,1414
5,8214	-3,6087
-5,1884	-3,5432
6,0179	-3,4775
-8,6618	5,8942
-1,7807	14,7414
-0,2076	9,8262
3,8552	10,4817
1,4307	15,5280
-2,0430	19,1324
14,0790	8,1225
-8,2690	16,1178
3,3966	8,9745
-14,8881	17,1664
4,9695	9,4332
-8,3345	10,8749
-0,0770	12,8409
-19,7375	5,3698
3,2654	3,7315
-9,3174	12,7753
0,9060	7,3357
-5,4507	6,0251
1,8891	7,6635
-2,4360	-1,7081
-15,5434	-2,2324
3,3313	1,5687
-6,6306	4,3866
2,7414	3,4036
-5,4509	-4,0675
13,6202	-4,0674
-5,7785	-6,8855
6,2803	-2,2324
-3,7469	13,8894
2,8068	1,2409
-14,5600	-10,9484
19,6494	15,8556
-9,1863	7,4669
-8,4653	8,1880
-1,3873	8,9743
-2,5018	2,3552
3,1346	8,8433
-3,8781	11,0058
5,2972	5,2388
-8,5967	10,0883
7,1978	-3,3465
-6,4995	0,5858
6,9355	8,0567
-14,3636	-3,7397
9,7537	4,8455
-6,1716	3,1414
7,0011	-3,4120
-3,7466	5,3042
7,9187	-3,3466
7,8533	-6,1645
9,9502	3,8624
14,2759	-8,3273
18,8631	-5,9024
22,3368	-4,4607
16,7660	-6,3613
17,8149	-9,4414
7,7223	-11,2765
28,1040	-6,2302
8,1155	-0,0700
34,5264	-0,2666
10,0815	-11,2110
24,8926	-3,6087
0,7756	6,4181
18,5356	-0,5286
1,6931	-1,5116
20,6982	1,6997
9,3607	-1,6426
10,8677	-3,2810
9,8194	-2,8222
11,3263	-1,7736
6,0837	-2,8222
-7,8756	-2,0357
15,4553	4,9110
-18,2304	-0,2663
6,2147	0,7823
-15,6745	-1,0527
-3,7470	0,6513
-19,6067	5,3042
-9,5798	-2,0359
-30,2890	3,9935
-9,3177	2,6826
-28,4540	-7,4098
-14,8228	1,0444
-14,8881	2,0273
-20,6556	-5,3782
-15,0191	-1,2494
-12,4636	-1,0528
-5,2544	7,5979
-26,0294	4,1244
-0,7322	-7,0165
-18,4272	3,5348
-1,8463	-2,6912
-18,8202	-1,9701
6,5423	6,0250
-12,7908	1,6342
9,0982	3,5347
-1,6496	-3,8053
9,6223	-2,0358
-6,1715	-4,1330
-4,3366	-2,2980
0,6443	-4,6574
2,8721	-9,8347
8,5085	-6,3614
-6,8927	-16,2572
15,5863	-0,3321
-11,2182	-10,3591
3,5278	-10,2935
-13,3152	-6,0993
2,4791	-16,3227
-15,2156	-3,7399
12,1127	-6,0337
-15,5433	-10,6867
6,1491	-2,2981
1,1685	-7,9343
2,2169	-3,8055
3,3313	-11,5388
7,0010	-15,9951
7,3945	-9,1795
1,1683	-16,0607
9,5572	-17,8956
-2,2396	-6,0992
11,6543	-4,0022
-5,8441	-15,7985
9,1640	-7,7375
2,4136	-6,8201
12,6373	-4,1330
2,0205	-4,6574
23,9095	-4,5263
2,3483	-4,2641
14,8657	-4,0020
22,7956	-13,0459
19,9772	-5,1161
8,5089	-6,8856
11,5887	-3,8054
18,0115	-7,0822
14,9308	-15,7328
11,3267	-2,9534
1,6926	-5,2471
11,9820	-2,0359
-1,1910	-3,1500
14,7344	3,2725
-3,6813	-3,7397
13,0960	5,3042
-0,9286	3,4692
16,8315	4,3867
-0,8630	1,7654
15,2587	4,5180
4,9042	9,8919
7,2633	8,6468
14,8657	18,3462
8,8361	22,1471
10,8681	12,2514
11,6541	28,8974
19,9774	11,9236
0,4475	15,9214
14,5379	12,9722
-8,2687	16,7077
17,0938	10,3507
-3,0914	7,7292
18,9287	7,2049
-5,9749	1,3067
16,9626	6,8772
-4,0742	8,5154
6,4769	7,2703
1,9551	2,3551
14,4066	0,8479
5,9527	5,6975
-0,6010	5,3697
15,1933	2,9450
1,6270	-0,2663
6,6736	9,9573
1,4303	4,2556
9,5570	0,4547
-8,4000	5,0421
6,5422	1,8965
-9,1208	15,8555
4,9037	-1,9702
-10,3004	2,8141
6,6732	10,2195
-11,2835	14,7414
-4,5334	12,7098
-3,4845	3,6660
2,2167	16,7076
-4,2054	10,6127
1,7581	7,4671
3,3968	19,8532
2,6101	5,5664
18,7976	1,3068
-5,3852	11,7924
17,7492	1,3066
1,3650	12,2511
17,1592	8,7120
-3,8122	-4,1983
10,0814	11,7922
-0,9286	2,8137
6,3457	-2,2980
-1,1252	2,1584
6,2800	-14,4222
-4,0088	0,3890
-5,3853	-4,9196
0,1200	-11,5385
-4,1402	-4,4607
9,6227	-11,9974
-4,2713	-9,3759
6,8046	-6,8201
-1,5186	-7,7375
13,8169	0,1267
-2,5016	-11,7353
17,0282	-5,6402
-6,1060	2,8792
15,9795	-8,5239
-4,7297	-2,4945
4,7073	4,0589
-9,1861	3,1414
4,3796	5,8283
4,9695	-5,1161
3,3309	1,3720
9,3606	-2,4947
4,2485	-5,6403
17,7492	-2,0359
4,3141	-2,8878
20,6326	-3,6744
-6,8268	-9,0481
24,3683	-3,0845
3,8555	1,1099
22,7954	-2,0358
4,3144	5,6319
12,3097	-2,4946
10,3438	2,8138
15,5209	-3,8709
14,8002	-7,5408
13,4892	4,0590
14,6692	-9,9003
11,5886	-8,3272
13,4240	5,3041
3,6589	-4,6574
23,3853	-1,1838
-5,1230	3,4035
16,3729	-7,0165
3,0689	-0,9216
13,4891	2,6172
-16,6574	2,2241
10,0157	4,8455
-6,9582	6,6150
-0,0770	8,5154
-16,8539	-4,8538
1,4303	2,3552
-7,9411	8,1878
-2,8950	1,0443
1,9548	-4,8539
-3,3538	1,1754
2,8725	2,2239
4,7073	-3,1502
18,0766	-3,0189
-5,7128	-9,4415
21,7468	-4,5918
-2,3050	-4,7885
14,9312	-10,6867
5,2317	-4,3296
11,7198	-10,6867
-2,6979	-3,8054
11,5886	-4,8540
1,0376	-9,5070
10,3434	-0,3975
1,0375	-3,6088
4,0519	-5,7059
7,3945	-5,5747
5,0349	0,9789
10,0813	-2,2980
-6,0406	-2,4945
17,4214	-1,7080
1,4960	11,1370
11,0644	6,8115
-9,6449	-4,1984
22,4021	8,7122
-5,7784	6,9426
11,4575	-0,5939
-6,1715	10,8093
0,8407	9,3674
-2,8947	4,8456
1,7580	11,4646
-5,0574	4,8455
2,8722	13,1686
13,4891	6,8771
-3,8125	3,4693
20,6982	0,8479
4,0518	-1,1182
18,6666	2,4864
-0,2079	-1,8391
19,3874	-1,7735
-9,2518	7,1393
11,4576	3,9279
-10,3003	4,1902
4,6418	5,2387
-4,8609	9,2363
-1,9774	0,3890
-0,2733	-7,0166
2,2167	-14,3565
3,2001	3,0759
-1,6498	-8,1963
7,8531	-5,3782
-5,5820	-2,6258
12,3096	-8,1308
-6,9583	-7,9341
9,8191	-5,0505
-5,7129	2,6172
17,6834	-0,9219
-11,0868	-4,7883
8,5085	-0,0042
-3,8122	8,7119
1,5616	-0,7251
-5,1884	1,3721
5,2970	1,6341
-3,2224	-10,4244
-0,0771	-7,4097
-4,4021	-1,5770
-10,1040	-5,4437
-1,0599	0,2580
-15,6091	-0,4630
3,2653	-4,1329
-22,1627	3,1416
-1,7809	-1,9047
-17,2474	0,3892
0,6439	6,0252
-19,8032	4,3213
-0,2735	7,5325
-10,2349	6,4839
0,0541	4,2558
-4,7298	0,9790
-7,7445	13,4308
4,7731	8,5809
10,2777	-1,4459
12,8995	-5,4435
7,7874	8,7121
13,9481	-3,1501
3,5932	-3,4775
14,6034	7,8601
-2,3049	0,3234
14,9965	0,9790
-0,8632	6,6150
13,9478	9,1709
-9,4483	7,7292
5,1660	14,1517
-1,3219	4,1248
3,1997	19,4602
-9,5138	18,4115
-1,8465	10,6129
-2,1084	12,7099
-9,0554	12,6445
0,7753	17,2319
-9,9074	8,1224
10,8022	7,0083
-14,1016	9,3021
4,5763	10,8748
-13,3151	8,3845
1,6271	11,9889
-5,3196	3,3381
11,7195	6,0253
-5,6472	5,6319
11,5230	1,2410
1,3652	2,6828
7,3287	5,6974
6,7393	-0,5940
6,6079	4,0590
15,9799	-3,6742
14,0134	1,4376
21,8125	-4,7884
4,7073	-5,9680
22,2712	-1,4461
1,4961	-8,4585
14,4068	-9,5069
1,7582	-1,0529
10,8022	-9,5071
-10,3658	-5,0504
7,9841	5,1730
-8,0721	-0,4631
6,6078	-1,6426
-3,5502	3,4036
3,2655	-2,6256
1,6928	4,3868
6,0834	5,8285
6,5425	1,9619
-6,1717	5,3044
13,6859	0,8478
0,1851	5,4354
9,2949	3,2726
-14,0360	-2,3634
9,6881	2,8139
-12,4631	-2,1014
12,4406	-1,6425
-9,1207	5,0420
3,0690	-1,1185
6,0837	-4,5262
9,8846	-6,9511
6,1494	-7,8030
13,8168	-3,0188
8,3122	0,0612
10,6711	-5,0506
20,2396	3,2726
3,2000	1,5687
14,2759	-1,3804
6,5424	5,0422
21,6157	5,0421
3,0691	4,2558
16,1763	7,2704
1,2342	3,6659
24,2372	3,6660
-0,4697	11,3990
14,5378	1,8964
6,8048	6,0251
12,6371	2,6827
2,4138	-6,2300
13,0302	2,6172
1,7584	-11,4074
-4,1401	3,8625
13,8825	-1,5772
-4,0748	-8,1306
3,9209	3,4036
-17,2473	-3,9365
5,6248	-9,7690
-15,6745	-0,3319
2,8067	-1,0528
-9,6450	1,5031
10,9331	0,7168
-11,0212	-0,6595
2,2170	8,5812
8,2464	5,1731
3,3965	10,6128
6,0183	11,2025
15,1273	4,6490
5,1663	9,6297
-3,5503	15,5279
13,4892	1,7655
-8,9899	13,6929
3,0690	7,1392
-9,1208	-3,0187
1,4305	-0,2663
-16,8540	-0,8561
14,7342	2,8138
-10,1039	2,4861
7,5252	-1,5115
-12,0698	-0,7905
-3,6814	5,3697
-8,6618	3,9280
-0,0115	8,4500
-4,0089	6,2217
-2,4364	0,0615
2,9378	8,3845
-16,7888	-0,2008
-0,4701	4,4524
-18,3617	2,4861
-7,6136	-5,0504
-24,6530	7,5325
-3,6815	2,0274
-24,9151	2,7484
-5,7786	8,9087
-18,9513	2,4207
-5,3200	8,4502
-19,4099	10,4816
-2,8296	2,4208
-11,7423	12,2512
-11,3493	5,3043
-2,6328	7,9914
-12,3978	11,2680
-2,6982	0,7168
-6,5651	-0,8560
7,9840	8,0568
-16,1332	-2,4945
6,8700	1,2410
-7,0236	-5,3126
16,1106	4,0591
-0,1423	0,3234
9,0327	-1,7737
-4,7951	-5,5747
8,3774	-9,5724
2,8727	-0,9872
14,7344	-7,0165
2,4794	3,9934
12,7684	-0,4630
14,9967	6,8770
4,5764	1,8962
23,1231	-3,4120
-0,0112	5,1732
17,5527	2,1585
4,2487	5,0422
21,6158	0,3891
10,2125	9,6298
18,5356	9,9574
1,4309	12,6444
27,8416	8,2535
5,1663	11,6615
12,5717	16,7077
8,1810	12,0546
3,6587	15,9213
4,1178	12,3168
0,9062	17,8873
1,6274	12,8410
0,9715	-4,8536
5,0351	16,8388
-16,3953	10,3504
5,1006	-3,8051
-19,9998	10,9403
4,5763	3,7969
-4,4678	-1,9702
7,2631	1,5686
-14,8879	-5,6403
5,0349	0,3235
-4,5333	-1,3150
3,0032	0,6510
1,3650	-6,8200
-6,5651	-5,0505
0,6443	-0,9218
-0,8635	-1,7082
8,9016	-2,6911
-13,4463	3,6658
4,2488	4,5178
-6,3684	9,1709
11,8508	6,4839
-1,2565	7,4670
8,1808	7,5980
-9,9069	4,3212
25,6788	3,3382
-3,4844	10,8093
15,1277	5,8284
14,4069	5,2388
15,5207	1,6998
6,0185	6,2873
13,7513	0,9134
21,5503	2,3552
5,1005	4,0591
18,3391	1,8964
4,9695	0,3891
26,3999	-1,0527
9,3603	0,5201
16,3073	-5,3781
-0,7320	-3,7397
16,1107	-6,8199
-0,7974	-8,7205
18,4045	-6,6890
6,4771	-7,4099
18,7976	-15,0775
7,0669	-4,7230
14,6034	-9,6383
22,2713	-19,0753
13,1615	-5,9681
10,9337	-10,8834
12,6372	-19,5995
24,3028	-3,4123
5,8870	-17,6334
21,7469	-7,6719
-3,0914	-3,1501
16,5040	-11,4075
-0,6665	-2,4290
16,7662	-0,9873
3,3313	-7,4752
18,5356	6,0907
12,3099	4,5177
21,3536	7,0082
20,3053	14,0204
25,1546	7,0736
14,1450	13,0375
12,1786	-2,4946
23,0578	-1,8390
9,0983	6,5494
16,7662	3,9280
3,7899	4,3212
13,8824	4,2557
-3,9435	-0,2007
11,5885	0,7167
-11,7423	-2,5600
1,2993	5,4354
-18,8856	8,0567
3,5930	8,7120
-10,9558	-1,5115
-4,0092	2,6827
-8,2032	-3,9364
-4,4680	-4,8538
-2,3050	-6,9510
-11,8080	-4,9193
-2,8293	-1,9048
-20,1966	-3,4777
2,6101	-2,6911
-24,7841	2,9447
4,9693	-15,8639
-23,4735	-7,9339
-11,3492	6,4837
-28,3884	-11,9318
-4,2058	1,0444
-18,8203	7,7289
-7,8104	2,7482
-17,8372	-0,0041
-19,2791	2,9449
-11,8733	4,4523
-7,9415	12,6442
1,3650	3,6003
-7,0895	9,4331
3,5932	13,2341
-10,1040	3,2728
4,8384	11,7925
-15,4779	5,6976
7,6564	9,6954
-11,8078	17,8873
11,9817	12,9065
-18,8857	12,5133
6,4767	4,9767
-4,5332	5,1078
-3,8780	14,0861
-6,4336	7,0737
7,3285	1,5687
-1,3220	-3,2808
-3,6158	8,3845
5,1006	4,3211
-11,2836	5,0421
12,8994	1,8963
-4,1403	3,9935
2,0859	1,3066
-17,8371	6,8771
5,6247	7,7947
-12,8564	7,2048
-0,3391	6,9428
-16,5263	10,2195
-1,1911	8,7777
-15,5433	2,6830
-11,0216	11,2681
-20,0651	1,1756
-4,9266	5,8287
2,8066	6,8772
-9,9730	4,5834
0,8408	0,8478
-5,3855	-7,9339
14,2099	8,6466
-14,9537	0,5200
4,2487	-4,1985
-7,4825	-2,4945
11,0642	1,7652
-16,5919	4,6488
6,3457	-0,5941
-17,7060	-0,3973
-5,7785	7,6635
-15,4777	5,3698
-1,5845	3,4693
-8,1378	16,3799
-10,1042	2,3552
-8,5310	5,0424
-15,0848	15,9867
0,5784	6,5494
-22,0315	5,6976
5,6247	-1,3803
-11,4803	3,9281
-0,2735	0,8477
-19,8031	2,9449
3,9209	-2,9533
-18,0336	-3,8709
3,7898	-8,9827
-5,8439	-1,1840
2,2823	-4,3953
-6,2371	-4,0019
-2,0430	-8,0652
-2,6325	-2,2325
-0,9288	-3,4120
4,1831	6,8770
-8,1378	-2,2324
10,2780	-0,3974
-4,5333	-0,0042
13,0303	-5,1160
-12,9219	3,2726
10,3434	2,7481
-11,1524	-9,9002
4,9039	-3,0188
-5,1230	-3,4122
2,2823	-8,6550
-12,9873	0,2579
2,8723	-1,5117
-3,8778	-8,5239
-6,9581	-1,1839
3,8556	-3,4122
-2,5018	2,2240
4,9697	-3,8054
-4,2056	-13,6356
10,9333	9,7607
-5,8441	0,0612
10,0813	-2,2322
-5,5164	8,0567
11,2610	3,9935
-6,4992	9,1055
15,2587	5,0421
-1,7151	8,7777
7,9186	7,8602
-0,0765	11,0060
12,6371	2,4863
12,0475	7,4670
1,8892	7,8602
5,4940	6,0907
-11,3490	2,6173
10,4746	-2,5601
-12,2011	-4,2640
6,2146	-2,1669
-19,6066	-3,4777
2,0857	-10,4900
-22,4903	-8,2618
-1,1912	-0,0699
-25,7015	-5,3128
0,5783	-13,7668
-23,7354	2,4204
-8,2035	-6,9512
-17,3783	-9,7035
-12,1357	-1,2495
-8,3999	-4,6574
-12,0047	-8,9827
-10,6281	-0,7906
-11,0217	2,4205
-10,7593	-5,7714
-19,4758	4,1246
-1,7810	-3,6742
-21,2453	-4,4604
-6,8272	11,4646
-20,3276	-0,0697
-2,5673	6,8117
-13,7739	-3,3466
-3,2227	2,5518
-10,3658	6,6803
6,6732	1,5031
0,9064	0,1924
-0,4046	-2,8223
4,5109	-1,1838
4,5762	3,9279
18,6011	2,4206
9,1637	-4,7884
15,3899	-2,6256
5,0351	-9,0482
23,9751	-3,4121
4,1177	-4,7229
26,5965	-7,8031
-1,5838	-2,7568
18,1424	-2,7569
9,0330	-4,5263
15,3242	-5,5094
-1,1251	-8,2618
6,6735	-1,5771
5,1007	-4,5263
-0,0114	-6,9510
7,8532	3,8624
-6,4340	-0,5286
-2,7636	-5,0505
-6,8927	-4,9193
5,2971	-2,2980
-12,7255	-1,9703
0,1852	-2,8223
-19,4101	3,4691
1,5614	-0,3320
-20,0654	-7,4753
0,9060	-6,4267
-27,2742	9,0397
-2,1741	-1,7083
-4,6644	-5,5092
-5,3200	-1,8392
-6,6302	-11,8008
-1,5188	-4,5917
8,3119	-2,6913
4,1829	-11,4075
14,1446	0,3888
-4,0089	-8,1963
17,2905	-8,9171
4,8384	3,9279
23,0576	-12,5872
2,5448	2,8139
20,7638	2,7482
5,2975	-7,7374
16,5040	-0,1352
6,6738	2,3550
22,7953	1,2410
16,7662	-5,4436
7,6565	1,5688
11,8512	0,2581
15,0620	8,1879
18,4045	-0,2007
-1,3220	6,7462
12,3098	10,8749
1,0373	7,2704
16,7004	13,1686
-2,5016	4,0591
17,4868	4,1248
-8,5310	6,3529
5,6248	6,9427
-7,0236	4,8455
2,1512	1,4376
-18,7545	7,3359
-6,1720	13,6928
-14,3637	2,3550
-15,9369	-2,3634
-14,4948	10,8092
-16,1992	-0,9217
-15,8055	3,2071
-17,3786	-1,7736
-0,9944	-2,1013
-17,7718	6,4183
0,5785	-3,1500
-13,6428	-0,6595
9,4258	-0,3975
-14,2980	-4,5917
11,5230	-6,9510
-2,8292	0,7166
7,8530	-8,6550
-1,6494	4,6488
8,6395	0,3233
8,9019	-1,0528
16,6348	3,6658
19,6498	4,0590
9,8847	-1,7080
24,3684	2,8139
1,2995	3,9935
23,3198	13,0375
-1,6495	0,6512
22,5333	6,6151
-3,0914	11,6612
11,4577	1,5033
-3,2879	10,0229
12,1129	9,6952
-3,2224	11,0059
8,1807	8,9743
0,3822	6,2873
4,0519	0,9134
7,7878	8,7777
1,2338	5,9596
9,1640	3,4693
6,7388	7,4670
11,6542	4,8455
-2,5016	-2,8876
11,9164	-1,3148
-9,3828	6,8772
13,5548	13,1030
-5,3195	4,6488
15,9796	0,3235
-2,8290	2,2241
21,2879	9,1053
4,1833	1,4375
13,2270	3,2070
4,8387	-4,1986
15,5207	3,5346
19,3875	-8,8517
3,7242	-15,9295
16,5694	-4,0020
-2,8951	-8,3275
13,4892	-12,0629
-6,8927	-2,1670
5,6903	-4,6574
-12,7254	-0,7252
4,3794	-3,9364
-21,7037	0,5856
-2,1086	2,0929
-19,1477	2,6827
-10,6284	-0,3319
-20,7861	7,8600
-3,2228	-6,2302
-5,0577	-1,5770
-5,7787	4,1244
-3,8124	-3,7399
-14,2326	-11,2765
8,9017	-5,1161
-1,5843	-11,2766
11,9163	-4,4608
-9,0552	-11,4077
16,3728	-11,8664
-7,0892	-4,3298
4,9041	-9,9004
-9,3172	-11,5386
8,2462	-11,8007
-11,2178	3,7967
-5,9750	0,9131
1,6928	-10,7523
1,8890	-7,7375
-8,7929	3,3380
-6,3684	-9,5070
5,5593	-7,1476
-9,9075	4,2555
4,2486	-6,3612
-12,9221	-2,0358
6,4767	-0,5940
-23,0146	-3,2154
1,4961	9,9573
-10,3005	7,8600
0,3817	4,4523
-23,7352	3,6003
0,1852	-2,2324
-13,3807	9,2364
-10,4972	7,3357
-6,6303	-2,6911
-7,4171	5,3043
-6,5647	5,8285
-1,1911	-5,1159
1,1684	-0,6594
-8,7933	5,6974
9,3604	4,0591
-10,3006	10,9403
5,2971	0,6512
-15,6744	8,4500
5,8868	3,0106
-14,1016	3,2073
-1,5843	5,5664
-14,2982	4,2558
-8,4002	5,6976
-11,2835	17,0351
-13,4465	7,4668
-11,6111	1,1099
-9,7765	-0,1351
-9,9073	4,3211
-9,1866	-0,6596
4,8383	-4,3951
-10,7595	-4,5262
-0,4044	1,3720
-9,4485	-3,6744
18,2078	-17,3713
-2,5017	-1,5771
15,5864	-6,6236
-1,7150	-11,2764
21,0913	-6,2303
-1,2563	-12,5218
7,8531	-8,7863
1,7585	-24,2527
7,5253	-11,5386
3,0691	-10,4903
-6,1063	-13,4393
10,0813	-11,3421
-14,1018	-9,5072
1,2340	-12,8494
-8,7278	3,5345
9,9502	-13,9636
-11,9390	-9,5069
9,0981	0,7821
-15,8709	-9,1138
9,0327	-3,6087
-12,7251	-0,4631
12,7027	1,1099
-4,9918	7,1391
4,9039	-3,6743
1,1686	0,9134
9,6880	2,5517
12,1131	3,7970
7,6564	10,6782
19,1255	-0,5284
1,3650	0,3892
26,9243	9,8918
6,6734	8,6466
24,0407	-0,2007
0,1200	7,4669
19,1911	9,3674
8,8362	2,0274
13,1616	-4,0674
-0,9284	-5,7058
18,4698	-0,0697
-9,7104	12,4476
0,3164	3,2725
3,8555	2,0274
-1,3223	1,6342
0,4476	6,9427
-0,7980	3,3381
7,0010	-0,9216
-2,8296	10,8749
1,7582	4,1246
-11,4146	4,8456
7,1977	6,6150
-5,0577	-1,2492
10,8020	5,4356
-14,4946	14,2171
10,6711	8,2534
-4,5331	9,8263
2,2170	9,1710
-4,2708	6,8117
8,1152	9,8918
6,6736	9,0398
-2,3051	2,8795
7,1980	9,7608
9,1636	6,5494
9,3605	7,8602
-2,3051	10,8094
13,2926	7,5327
-4,2056	16,2488
9,7535	12,9720
-6,9581	7,2705
3,0033	11,6614
-9,3173	12,6443
8,4427	7,7291
-5,5163	1,8964
-1,5843	7,6636
-6,4992	4,5177
0,0541	-4,1329
-0,0112	9,8262
1,1027	6,8115
6,5424	-12,1939
5,8212	6,6150
10,2780	-0,0043
-4,2711	-7,8685
13,6203	-2,3635
-7,7445	-7,2788
17,3559	-12,8492
-4,5987	-6,0335
15,5864	-7,8031
-2,1738	-6,4268
15,0620	-4,6574
-0,1422	-6,3613
6,0836	-2,9535
1,8240	-3,3468
3,3966	-11,4732
9,8849	-5,9025
6,2801	-3,7400
10,6713	-7,6722
1,1027	-7,7376
13,7514	-9,5727
-8,3344	-16,3883
15,5864	-9,8348
-1,4531	-20,9759
8,4431	-15,0121
2,0205	-11,8666
19,1253	-21,5658
1,1686	-10,9489
10,0159	-10,9491
7,9188	-15,4054
7,2632	-13,5049
8,5742	-14,1602
1,6271	-7,4100
7,9844	-15,0121
7,2631	-11,6697
23,2541	-11,6699
-2,2397	-17,1092
12,0476	-23,9248
-2,6982	-8,5240
21,0914	-11,8010
-4,2055	-12,7183
18,6011	-10,0314
0,9719	-14,2257
10,8022	-9,7037
-3,9431	-6,6891
7,5908	-7,8030
-6,0403	-1,9705
9,4259	-5,1816
8,5084	3,9279
3,1344	0,2578
9,0984	-6,3611
1,2338	7,5980
15,7175	-2,8223
-7,6135	3,8626
15,5209	6,7460
-0,6667	4,9765
12,5062	4,7800
-2,7637	1,5031
18,5354	-1,3803
-5,2540	8,8431
8,1153	-2,3637
0,3168	-8,1961
8,3119	-1,3805
12,8341	-2,6258
16,8969	-0,9874
7,1980	-1,7738
7,3943	-6,1647
17,6837	-5,2471
-0,9288	5,3697
13,3583	-6,6233
4,1174	1,0445
13,6858	4,6489
-5,1231	0,3236
3,9865	10,9404
-4,4677	-0,7906
3,7897	2,6174
-14,8878	3,6003
8,6394	-8,9825
-9,9071	0,1270
6,6732	9,9572
-3,4191	-0,3975
-5,7130	-1,2493
1,2995	-4,5263
0,9060	-2,4289
4,3797	9,1052
-9,1209	-2,6912
8,6395	-2,5599
-13,3152	-2,4289
1,0374	3,3383
-5,9751	11,7923
10,5398	0,6512
-19,4098	1,3066
14,9308	11,9888
-8,7931	-4,5918
-0,0768	-12,0628
0,5787	-1,8393
7,0009	-12,1940
-3,8122	-8,5895
3,3966	-8,8518
10,3435	-22,3522
-3,8780	-7,9342
5,4939	-17,1750
0,7750	-20,9104
11,1954	-21,5658
-11,9388	-25,4323
11,1299	-18,4201
-8,3343	-17,8303
14,3411	-22,2211
-7,7444	-13,9636
15,1275	-15,4710
-4,2054	-11,7353
7,5909	-4,9197
7,7223	-10,2935
12,0472	-4,0675
11,5234	-3,8710
6,4768	-6,8200
13,4894	-1,9048
3,2000	-0,3975
17,1594	-8,7859
-0,7977	5,3697
17,0283	0,8477
2,3481	1,7653
12,4407	4,5832
-6,5646	-6,7544
23,5817	2,7483
0,9064	-8,1961
11,3264	-5,4436
1,4308	5,5663
7,0010	-4,8539
-1,8460	-4,4605
1,1682	1,2410
5,7560	0,9133
0,2505	2,3551
-0,5356	-3,6742
-11,6115	-5,6402
-3,3538	0,4545
-27,3401	-11,0798
-6,8272	-8,3272
-19,1481	-2,8223
-15,0848	-2,4946
-28,1264	3,3380
-5,5166	-4,1985
-19,4101	5,1732
-14,3640	2,8794
-16,7885	2,4207
-12,0702	3,6003
-7,4168	8,1223
-5,1234	0,1269
5,5593	0,7823
-1,7155	9,0397
9,6882	-3,0844
-5,4509	1,4376
15,8485	-8,7861
-3,8779	-4,7884
9,8192	-2,3636
-1,4530	-13,7013
17,1591	-3,0844
-11,2833	0,5855
11,7852	-5,9680
-3,0914	-4,5262
-0,6013	0,8477
-9,3827	-4,3295
-5,9096	3,6003
-1,7150	-1,3805
0,0541	-4,4606
8,0498	-0,6596
0,6440	-2,6912
11,5887	-1,3805
-8,7930	0,6511
17,0937	-9,2448
-9,7761	7,4668
10,3434	-8,4584
-11,7421	-2,2979
10,9332	-7,7375
-8,9897	-3,6741
3,1344	3,3380
-9,7761	-12,1939
-0,0770	-9,3758
-4,0089	4,5832
-7,4171	-1,5772
-5,9093	-2,3635
-9,0555	5,1730
5,9525	-0,5286
-15,8712	-4,7883
1,8894	0,6511
-15,4124	-10,8177
6,1491	-6,2957
-15,0190	-1,8394
6,8700	-15,8639
-8,9897	-1,9703
4,2485	-11,1455
-16,1985	-8,6550
1,4960	-0,7908
2,0860	-12,6527
5,1003	-6,6233
-2,3048	2,2238
-1,4532	-2,2980
2,5448	-2,4946
4,1829	-2,6257
11,0644	-4,9194
-7,4825	2,4862
17,8146	-4,9193
-6,3029	-2,2978
2,9378	5,5008
-8,7931	-4,7882
11,9161	6,4840
-20,1309	4,1901
2,6101	4,1246
-12,5287	3,4693
0,5128	-9,2446
-10,2349	3,0106
-8,8588	3,4037
1,2995	1,8308
-9,3831	3,8624
8,7050	-2,4291
-6,2374	-3,4121
3,4622	-0,7907
-6,1062	-5,0505
1,0374	-6,7544
-4,5332	-6,2957
16,5036	-10,4899
-13,1184	-5,9024
14,8654	-5,5748
-0,9941	-4,0673
9,4914	4,5834
-9,4481	3,0104
9,2293	-2,2978
3,2002	2,1586
-2,1084	0,0615
10,0159	8,7778
-3,2882	10,6781
16,4383	6,4185
-4,0092	6,3530
4,0520	13,1686
-18,6237	10,2852
11,6541	10,5473
-16,5921	12,3823
6,8044	11,4648
-17,8370	15,5280
5,2315	7,5982
-6,8270	16,7077
3,0033	16,1833
-7,5477	3,5350
2,6756	13,3653
2,8725	11,0715
1,6926	6,4185
7,5256	12,4477
0,2507	-1,4459
7,0669	8,1880
-3,6158	6,3528
12,7684	4,1903
-8,6621	11,1369
1,1031	15,4622
-4,9264	-0,2008
12,0473	-0,5937
-12,2665	2,4862
0,6441	8,8432
-5,1230	3,3382
-0,7979	-0,3972
-7,0890	8,9088
0,5783	4,0590
-7,3512	1,7654
-4,2057	8,3190
4,7729	5,7630
-11,7424	2,6829
6,2803	11,6611
-7,4825	-5,7058
5,9526	2,2241
-10,4971	-5,6404
6,2148	-9,1793
-4,2056	-5,7715
11,0642	-11,4076
-12,8562	-11,0799
4,2485	-2,8880
-10,6280	-10,2280
-0,9289	-7,6065
1,2994	-10,4900
-3,8782	-2,1014
0,9063	2,1584
-2,6329	6,3527
3,7244	0,5200
-0,0114	7,4013
8,4430	-10,8176
0,2509	-2,4288
16,6349	2,0929
-1,3875	-4,0018
10,4090	7,3358
-7,9410	-0,4630
9,4259	1,3066
-1,3874	6,2872
4,7072	2,0274
-12,9216	3,9280
4,3796	1,3721
3,2657	1,1100
7,1977	12,7753
4,1833	3,0104
7,4600	-6,2956
23,9752	6,9427
11,3921	4,1900
27,7763	3,6003
3,5279	-2,2980
28,3006	1,6342
6,0838	2,8793
17,8147	-2,3636
-3,0256	0,1269
14,8000	11,0712
-4,7296	0,1923
6,2146	-0,6595
-6,9579	6,2217
1,8235	5,9595
-6,9579	7,2703
-0,4048	9,7607
-4,9264	5,1077
-9,2521	8,8433
3,7243	10,9405
-7,0239	7,2051
7,3287	12,7756
-14,3638	17,8873
1,3649	13,0377
-15,5434	14,0863
4,3795	16,3145
-15,4122	10,4162
4,5106	17,6907
-11,4800	13,7585
-1,8463	13,2998
-0,6010	9,9574
-7,6136	2,2243
-1,6494	6,7462
2,5444	8,9088
2,0204	6,9427
-3,8780	3,1415
7,6564	1,1100
-12,3322	4,0590
10,3434	-4,4607
-11,3492	-4,3295