23,9978	-20,7468
26,8810	-21,7954
16,8543	-12,5548
16,7887	-11,1132
28,3887	-21,0091
6,6305	-17,3389
19,8037	-16,9456
13,5119	-9,2125
15,8714	-9,9334
16,5267	-10,7197
31,0757	-1,4792
16,2646	-10,3922
28,5854	-20,8122
27,1436	-12,6202
31,5344	-7,4431
14,9541	-9,0815
33,2384	-17,8633
33,5005	-20,0258
21,3762	-6,8531
15,3471	-5,9357
10,8906	-12,3581
16,9854	-9,3434
-1,1026	-4,5593
14,4295	-10,7196
-3,3309	-9,5399
9,8419	0,5525
-5,1005	-3,5763
11,4802	-1,4136
-5,2316	-8,8846
8,9898	-4,4282
-0,5784	3,6327
8,9898	-6,0667
5,0577	-11,0473
10,8903	2,9772
8,9899	-5,6735
12,3321	-9,9988
9,1865	-11,8339
5,7131	-7,0497
11,8080	-12,0960
15,4778	-13,0135
15,5435	-16,8146
2,6330	-4,2973
14,1018	-4,6250
3,9436	-15,5039
23,3423	-9,6056
5,5820	-9,6056
12,9220	-6,0666
13,6429	-5,4113
22,6210	-7,4428
-7,5252	3,7637
11,0214	-10,1953
5,9751	-6,5252
10,1692	0,5526
-0,3163	7,7614
-1,2339	-3,1829
2,5673	2,8465
-6,8045	7,3029
-3,5275	6,1232
-5,7559	11,0386
1,8463	13,5944
-10,6056	10,5798
-2,3480	13,9876
-5,4283	1,2737
1,2563	9,5313
-15,0620	15,1016
4,0087	1,5357
-10,4090	1,6669
-1,3652	6,0577
-2,3481	-2,0688
-7,4600	-7,1149
-0,1198	5,9921
-5,4283	-3,9038
-2,2824	-3,3795
-9,7536	2,9774
6,3028	-4,7558
-9,6225	-0,1683
6,1062	3,5673
-4,8384	9,8587
4,0746	5,9265
-3,5931	-1,0200
8,4655	10,1209
0,9289	7,9582
13,5116	5,5990
13,7084	5,3369
10,7591	20,7376
14,4949	0,6836
12,3320	-8,1635
5,5164	3,1087
2,5017	4,4847
3,4849	-0,7580
-3,6587	6,5164
10,1694	3,9604
-10,7367	3,5016
-3,5276	-2,9864
-12,1129	0,2248
0,2077	-4,8215
-17,6835	-5,0836
-2,4792	-10,3265
-3,7244	-5,3458
-8,3776	-2,2656
-10,5400	-3,7730
-3,3313	-8,9502
-7,6566	-1,3479
-18,0113	7,3681
-8,5740	0,0938
-23,2542	-0,1683
-12,8994	7,3682
-25,1548	-0,7583
-6,0838	-8,2292
-22,7957	-5,3457
-21,7469	-7,1807
-26,8587	-6,7220
-11,3925	-17,2732
-28,3663	-13,2755
-24,6962	-16,3558
-29,7424	-5,8701
-27,1868	-20,4191
-25,6137	-20,8777
-41,7358	-14,7831
-30,3323	-19,5673
-40,6873	-28,0870
-38,6554	-29,2667
-40,4250	-25,3346
-37,7380	-30,3810
-42,8498	-46,6994
-26,9246	-45,4541
-38,1313	-33,2647
-32,2330	-40,6049
-32,1674	-54,1051
-29,2184	-50,5662
-36,2305	-46,1754
-18,6671	-56,5301
-29,2183	-55,4160
-32,1674	-59,8069
-36,3615	-58,0375
-25,6139	-64,8534
-35,6408	-81,7615
-42,9153	-70,1617
-33,4780	-70,7518
-42,2601	-80,1234
-31,8398	-82,8759
-41,9324	-80,8445
-33,4783	-88,3156
-44,7504	-92,7065
-24,1723	-100,1776
-40,2939	-88,5123
-31,5778	-91,1339
-35,6408	-104,3721
-28,3010	-107,5176
-40,6871	-97,4253
-38,9178	-103,8478
-35,7065	-111,0567
-42,9156	-104,5687
-44,0951	-101,0954
-59,6273	-111,7123
-51,5662	-123,4432
-62,8387	-114,0061
-59,9550	-119,9046
-76,4046	-132,5529
-61,1349	-135,5677
-84,8589	-134,1915
-80,7958	-137,5340
-92,1991	-140,4832
-80,0096	-159,4887
-93,3790	-162,7654
-94,9520	-159,4233
-108,5833	-175,8074
-100,9814	-177,1837
-105,5034	-188,2594
-116,4479	-187,2765
-109,8287	-194,8789
-119,3972	-213,1632
-113,4333	-207,9205
-125,8852	-209,1659
-109,6979	-222,2076
-125,6232	-224,3047
-123,5260	-222,6009
-123,9848	-220,7005
-120,7736	-229,8756
-128,5068	-237,5433
-115,1375	-240,0337
-125,3611	-245,8011
-124,6402	-258,5150
-121,8876	-265,9861
-130,2762	-255,5006
-123,1327	-272,4746
-129,4244	-275,9480
-136,0433	-279,4870
-143,7767	-281,1256
-132,5046	-294,8881
-155,3112	-292,5944
-140,7622	-298,4271
-146,9884	-298,5583
-143,1218	-294,8228
-157,4086	-312,1898
-144,3016	-303,4735
-164,1587	-312,5831
-146,2675	-310,5515
-148,8889	-319,7266
-153,2799	-315,9255
-144,1047	-306,4229
-150,6585	-320,4476
-144,4324	-318,2848
-157,2775	-318,7437
-150,8548	-315,2047
-150,7893	-307,1438
-143,3182	-319,5300
-148,2990	-305,3742
-135,3228	-304,6534
-144,7598	-298,5585
-127,5240	-309,3718
-140,9587	-302,5560
-124,1161	-292,4634
-127,1961	-298,0340
-128,3758	-296,4609
-124,9022	-285,9753
-120,5115	-287,1548
-118,6107	-285,1230
-121,0357	-264,6758
-118,7417	-264,8070
-120,0524	-266,3140
-103,4062	-258,1874
-114,2197	-244,4904
-93,1170	-249,4711
-107,4693	-240,5579
-92,5926	-236,7568
-90,8886	-226,4675
-91,6750	-222,4699
-89,5777	-228,0403
-75,0289	-217,2267
-81,9755	-204,5128
-76,2083	-202,0880
-75,4873	-207,9205
-65,1983	-201,6290
-71,0307	-194,5510
-70,3099	-183,8032
-53,3359	-195,2718
-61,2005	-179,0843
-62,9040	-159,0961
-57,9234	-172,7928
-46,9134	-166,2390
-65,0667	-156,9984
-48,9449	-146,5127
-58,5787	-147,3646
-45,5371	-151,2966
-49,5348	-143,6942
-47,6344	-132,0289
-49,9935	-139,5000
-48,7485	-131,3078
-54,3843	-124,2956
-50,3868	-125,4750
-51,1074	-118,0696
-53,2703	-124,7540
-41,9978	-107,7801
-39,1144	-102,9306
-36,4928	-116,2342
-41,6045	-110,4669
-21,8128	-92,8378
-28,1041	-92,9689
-21,0262	-107,0590
-14,6692	-100,0465
-10,4095	-86,5462
-21,9435	-89,8885
-12,7686	-89,2331
-8,6397	-86,0217
-5,6252	-69,8999
-12,8994	-77,6331
-17,0938	-81,3028
-6,3458	-67,5403
-16,6351	-59,0862
-10,3435	-51,6807
-14,7346	-63,6734
-16,1763	-44,2748
-23,9750	-44,4060
-8,5086	-49,3209
-26,3999	-41,7188
-10,0160	-39,6216
-18,6012	-38,2453
-14,2104	-35,0996
-18,4045	-37,1312
-13,5551	-34,7719
-18,4045	-36,7380
-12,1788	-45,5197
-6,3459	-44,9953
-10,9992	-28,0215
-11,3920	-23,4998
-13,0961	-37,9176
-7,5254	-36,3445
-9,9502	-25,9244
-4,3796	-27,6285
-7,5253	-32,5434
3,6813	-18,9121
4,7955	-25,3345
7,5480	-27,1694
11,0870	-17,9944
17,2473	-14,9142
14,8227	-15,1763
13,3808	-18,8463
18,4929	-17,1423
26,3570	-14,7830
20,3934	-11,1786
18,4272	-17,6667
23,9323	-22,9095
17,8373	-10,1300
25,7017	-7,3121
6,1719	-23,1061
22,8182	-16,0282
19,4101	-7,7053
19,6066	-15,8972
8,7278	-11,7684
21,0484	-9,9335
8,5966	-9,9334
9,8418	-16,4870
14,1671	-21,1399
10,1037	-17,7976
-1,2993	-7,2463
-2,3481	-11,8338
0,2736	-6,0666
-1,2340	-6,3287
0,5356	0,4870
-13,6201	-3,9694
13,7083	-2,9208
-12,5062	2,7808
4,2712	1,9944
-5,5593	2,2566
1,5841	-0,6925
2,6327	5,7300
0,6009	9,6621
-2,8068	1,8634
-0,1856	8,3515
-8,6394	5,4678
-11,0645	-0,8235
-5,6904	7,3029
-5,9528	0,5527
-9,5571	-0,2338
-28,1693	8,2859
-3,1346	-3,4451
-18,3391	-4,8213
-10,7367	-0,6926
-13,9481	3,8294
-6,8047	3,3705
-20,2394	-4,6248
7,8098	4,6158
-14,2757	-0,6927
2,8947	0,8803
4,3365	1,4702
3,2878	10,7107
2,2396	4,3538
-0,0544	2,1913
0,9289	9,5313
-1,4305	19,7547
12,6598	4,6815
-0,5786	4,0263
1,0600	10,9729
-9,9501	10,3175
7,7446	-1,4789
4,4021	6,1889
3,8123	5,4679
-4,4450	8,6135
10,4314	5,5989
2,7637	-2,0687
0,2078	6,5820
3,4847	6,4509
0,7320	7,9582
-2,6757	12,2180
-7,0011	7,6961
-3,9864	9,0724
-15,7829	4,7470
-6,6734	5,2714
-13,5547	5,7300
-3,0690	17,1987
-12,7683	-8,0982
4,7298	-1,4789
-4,9695	9,2032
7,6133	-10,6541
-0,1853	-8,4258
13,6426	-4,2971
1,8464	-1,4792
15,4777	-14,5207
11,8733	-8,9501
-0,7096	-2,5932
5,3855	-7,4430
-0,7097	-14,9139
6,4995	-2,5277
-3,1344	-2,5934
9,1208	-13,3411
-12,4406	-7,3118
3,4848	-13,6689
-2,5447	-4,3627
-6,6079	-8,0329
-8,1151	-9,7367
9,3828	-9,8022
-5,2971	-11,7683
5,1230	-11,5717
-2,0203	-14,0620
-3,3311	-8,4259
1,5186	-4,4939
-9,8192	-11,7028
-4,4450	-15,8314
-9,0328	-5,8045
-8,7049	0,0280
-11,7197	-9,6057
-4,3141	-15,4383
-16,7660	-8,4915
-8,3772	-7,7707
-0,3165	-11,5062
-1,7584	-11,1784
-7,5253	0,1592
1,4529	1,7975
-2,6757	-8,4915
6,0404	-9,8676
-0,2509	-4,2315
-2,8069	4,8124
-2,1513	-9,2779
-0,9719	-6,2630
5,0575	12,8077
-11,3920	1,6666
2,4362	-4,1004
-6,3458	-0,0372
-4,8384	7,8926
-17,5524	-0,8892
1,3219	0,6838
-12,6375	8,0237
-11,1956	2,8463
-8,3776	0,1595
-2,0863	-7,3116
-22,3366	9,4655
-6,5425	4,4192
1,8461	-1,7412
-8,1809	-5,5422
2,1086	-2,9864
0,4044	2,5186
12,7909	-0,7583
-2,6757	-4,5593
6,1065	-2,3967
-1,3648	2,2563
17,1819	-9,2125
7,9411	-19,0427
13,1841	-0,0373
-5,6901	-1,4793
11,0870	-7,0498
-0,5129	-11,2439
5,0575	0,5526
-0,3819	-5,1492
5,2539	-11,8336
-4,3797	3,7639
-7,7876	1,4044
-7,1321	1,7322
-4,1832	-3,2485
-3,4622	1,2080
-19,3874	3,5018
-1,9547	14,4462
-6,3457	-1,2823
3,8124	8,2861
-5,0349	13,9877
21,4416	9,6623
-0,5129	2,0603
16,2644	18,1165
16,5921	19,0338
16,3299	8,2861
5,8444	12,6114
18,1650	14,1186
21,3107	8,2859
10,2350	-1,9376
16,0678	2,5188
2,0430	8,8757
8,6623	5,2712
2,4361	4,8125
-0,5129	1,0770
-4,5761	7,4995
6,1061	12,4801
-8,9671	-3,5761
8,9242	11,3006
-2,6102	7,2372
10,3003	0,2906
-4,5762	-1,6100
3,0915	-3,5760
7,6790	18,0508
-3,3967	9,3999
-3,9862	-2,6585
3,2880	7,6306
5,7784	15,3637
-14,7343	6,1232
4,4678	-2,2652
-9,6882	13,7256
3,4847	17,5265
-11,4575	12,6113
0,6011	12,5459
-6,4767	9,4002
-1,5616	12,8080
-1,4960	9,9244
7,6788	6,2546
-4,9694	14,1843
6,1716	10,7109
8,3344	9,2036
10,3659	10,7764
2,2398	11,3661
1,3222	2,4533
14,4950	5,4680
4,4023	14,3153
9,9076	13,5287
5,4509	2,4532
22,8180	-2,9861
7,5480	16,1503
16,3299	13,3976
3,9436	1,6668
12,7254	0,0286
9,2519	9,6623
9,5796	9,3344
9,9728	2,7809
7,1547	-1,6754
13,6429	-0,1027
8,5964	4,1572
11,2181	2,7153
1,2566	-3,1173
7,9414	9,5311
-2,4134	5,9264
17,1819	-6,7874
4,0090	-5,0179
11,0215	2,4531
-1,8236	1,4045
4,4023	-8,6223
4,9921	-6,3286
3,0914	8,6791
3,1571	5,7954
5,4506	-1,4135
-4,1174	6,0577
-4,2486	7,2371
1,7808	1,6668
-1,1684	-3,5107
0,6011	-11,8336
-7,5910	0,6181
-4,8383	-2,8554
-14,1445	-11,1784
4,9264	-8,8847
-9,2294	-8,8193
-0,2508	-13,7344
-3,5932	-14,3899
9,4484	-14,9797
0,6011	-8,5573
12,7906	-13,7345
2,1739	-16,0282
10,4313	-13,5378
0,4045	-10,8508
-1,7583	-3,5762
3,2881	-4,8869
-4,7730	0,8148
-0,6440	3,5018
-3,9866	1,7979
0,4045	10,9075
-7,7876	16,2157
-3,3310	12,2182
-12,1129	13,3980
0,2079	12,8081
-2,2826	24,7356
1,6495	12,0871
-1,8237	4,4852
3,8121	15,5606
-8,8360	17,1333
5,2539	6,7131
-1,0374	2,9122
-8,7052	6,9098
-5,1661	8,8102
-12,8995	3,2396
5,1884	2,3877
-15,7831	4,2226
-2,2825	-0,5615
-11,5232	1,3390
4,9919	-2,6587
-4,4452	5,3366
7,1546	5,1399
-6,0835	-8,6881
11,3489	-4,8214
3,8780	0,1593
3,3535	4,3535
6,8926	-1,0204
4,6642	-4,6903
0,8633	0,6837
2,1738	0,6837
1,0599	-6,8529
-8,5085	0,4217
-3,8553	19,0336
-9,6881	-2,2656
1,5841	-8,6879
-13,8169	3,3706
-9,4259	7,5647
-12,1786	-3,7074
-7,9189	-20,2879
-12,8340	-9,9331
-9,1642	0,7489
-15,3245	-21,0089
-15,5212	-12,6202
-11,7855	-13,6034
-14,8660	-8,2294
-28,7592	-16,3558
-14,2759	-14,3897
-15,9142	-6,8532
-24,3684	-2,7900
-9,3605	-11,6373
-16,1108	-19,3704
-10,0158	-2,0690
-13,5547	-8,2295
-1,7583	-6,0667
-2,8068	-11,5061
3,7467	-2,5277
0,4046	-2,8553
9,1863	-8,3603
5,9097	-7,8359
8,4654	3,8294
2,6330	-0,7581
11,6112	-2,4620
7,9413	1,6013
2,6984	4,9434
10,0386	-10,0642
4,7955	-7,1150
17,3785	1,5356
1,1910	-0,6928
14,4950	-16,1593
-1,7580	-15,0450
20,9174	-4,8216
3,0261	-15,7005
12,0045	-13,9966
5,5820	-8,2949
9,1863	4,4190
-4,3139	0,8800
4,9264	-11,9648
4,0091	-6,1975
-3,9210	2,7808
2,8294	5,5989
-8,0496	2,7153
2,1085	12,7423
-3,9209	13,2011
2,6327	10,3175
-5,7559	10,0555
8,3999	7,3685
-1,6272	16,8056
0,1423	13,3321
-8,3772	-4,0348
9,8416	2,4533
-3,5276	5,7300
7,6135	11,4315
15,7400	-3,7729
4,0090	-11,8991
14,4295	-0,0373
7,3515	-5,4768
17,8374	-11,8338
5,2543	-8,0983
19,6068	-5,8700
2,6329	1,5355
18,2962	-4,0350
14,8881	0,8147
13,7085	-1,2825
4,6647	-6,0664
27,4710	4,0261
13,0531	10,1864
14,4949	4,4193
18,0995	3,1087
27,0776	10,3176
12,1357	12,8079
15,5435	10,5141
15,0849	8,6137
9,1210	10,6452
8,7934	15,6259
2,4364	1,9943
18,5582	-5,5420
6,3027	11,8904
6,1719	5,5988
3,5504	2,7153
21,4415	2,3222
0,6011	6,0577
12,6597	5,5990
1,9774	10,7764
8,8585	9,4656
-0,5786	13,3324
4,7298	24,0802
5,1231	20,2135
0,9287	6,7134
10,8903	23,5560
-0,5130	11,5629
2,4363	15,8883
-3,7897	11,1041
11,5458	19,7547
0,9945	4,5503
16,3955	-1,8721
8,0068	-0,0372
9,7108	6,1231
2,1742	-13,8000
15,8710	-14,7828
3,2226	-11,7684
6,4992	-11,8994
0,4046	-16,9457
2,9602	-14,1932
-9,9501	-16,5526
-6,5423	-18,1254
-0,2509	-18,7152
-4,1176	-19,6327
-1,3649	-16,2249
-11,1298	-8,7538
9,6451	-15,6351
-8,4428	-13,6034
7,7446	-18,8462
-5,9524	-7,1809
11,0214	-16,2249
6,3683	-19,0427
7,8099	-14,6519
-3,2654	-16,4869
4,6642	-15,1105
-0,9062	-5,5423
-4,9696	1,7321
-3,3310	-4,8214
-7,0013	1,7978
-5,6904	-0,1028
-14,0135	-1,4790
-2,5446	8,7446
-15,8486	-0,5616
-3,7243	0,8148
-16,9626	11,7592
-2,2170	16,0845
-8,9673	-0,1683
-5,4284	4,9438
-12,7028	10,3831
-3,8556	7,4340
-9,1640	3,2398
-10,0160	7,1065
-20,1740	15,3639
-26,5310	7,8928
-12,3752	15,3639
-26,5312	14,7739
-20,2395	12,0869
-28,5628	2,4532
-24,4339	-0,1027
-36,4271	2,9120
-24,5650	5,8610
-31,6430	-0,7581
-19,4533	-9,4744
-24,3029	0,4215
-19,8465	-0,4961
-15,7176	-1,2825
0,3385	-6,6564
-17,4215	-3,6418
-1,1030	-7,9016
-4,7728	-13,1444
-1,6272	-6,8530
6,2373	-5,9355
0,6667	0,5525
13,3153	-7,6395
-1,2338	-10,6540
12,0701	2,1255
-2,3478	-1,2169
15,0192	-0,1683
0,2079	10,4485
3,6814	6,6474
-2,3479	-3,1174
7,9410	-6,6561
-15,2586	6,1889
-5,5594	7,1063
-4,9040	7,7617
-15,3900	6,5820
-15,6519	11,1041
-9,9506	9,8588
-19,9117	7,9584
-19,7808	8,6792
-10,9991	11,1039
-22,7956	10,1864
-19,7808	0,8803
-26,2033	0,9460
-12,3754	3,6328
-25,1548	4,3537
-14,2759	-0,6926
-16,3730	1,2736
-9,1643	6,3197
-20,0429	-2,8552
-6,5427	-8,2947
-7,0012	-3,4449
-6,6737	4,4848
-7,7220	-9,3433
-4,7075	-9,6053
-8,5740	2,5843
-24,0404	5,9265
-4,5106	-1,8066
-13,5549	-1,3480
2,8947	-2,4619
-17,0938	5,3368
5,0574	-1,1513
-5,3628	2,4532
3,4191	5,7300
0,0113	7,7615
8,6620	-8,2946
10,4971	4,0261
5,3197	3,9605
10,8250	3,5673
14,9536	-6,2630
16,3955	0,7493
2,6328	-1,0857
15,0192	-1,1513
6,5649	-8,8845
8,7277	5,7299
-8,0496	5,3365
5,6474	-7,7705
-5,4281	-2,5276
4,4677	1,8632
-1,6271	4,2881
4,4676	10,9728
-1,0371	3,2395
9,6450	3,0430
12,4632	8,6136
5,7785	6,5164
15,9369	0,6838
16,9852	5,9267
16,0679	11,4316
23,0147	2,3222
25,8981	-0,3647
5,8443	11,8248
18,3617	4,0915
12,4634	1,3391
13,7085	-2,6586
13,0532	4,0260
18,4924	1,9943
2,3708	-2,5931
11,6767	-8,2292
1,4532	-2,2654
11,2834	0,6180
-1,7581	-11,1128
0,4044	-5,4767
-1,2338	-3,4452
-6,6078	-11,4407
1,2566	-17,4699
-4,2486	-5,5425
5,7786	-17,0769
0,9943	-20,0914
8,9243	-13,7345
-1,6926	-10,9166
8,4656	-15,7007
8,2689	-18,9774
7,2858	-18,1910
3,0916	-9,8024
4,5989	-14,3899
6,3028	-17,6010
4,7298	-6,0011
13,5118	-10,3266
-10,2123	-10,9163
7,1549	-11,8336
0,0768	6,1231
4,4025	4,4191
1,4531	2,2565
14,2328	-5,5422
0,2736	5,6645
10,0385	12,7423
5,8443	0,0938
32,1241	-3,1828
16,1332	11,1039
28,1919	7,8925
23,8010	-0,8236
21,0485	-10,6540
21,9662	-2,3310
24,4563	-4,0350
20,3933	-13,4066
15,1503	-9,0157
23,4735	-2,3312
10,5628	-9,6712
19,8035	-10,8508
11,4147	-4,4939
15,4126	-12,0960
8,0069	-10,6542
18,5581	-4,4282
9,2520	-9,7367
8,2034	-3,9695
6,3029	-0,0374
10,7592	-10,1954
1,6499	-8,5569
13,9049	0,2248
7,0893	-3,6419
11,5456	-15,5693
13,7741	-2,7242
10,8248	-5,1492
16,5266	-9,1468
9,0555	-2,8554
20,7210	-6,7220
16,2644	-1,7412
22,3594	-9,6056
14,1674	-7,4428
33,8282	-3,5763
16,3956	-3,6419
25,1775	-11,6372
25,7018	-11,7683
28,6507	-7,1808
16,5267	-0,0375
21,6383	-14,1932
26,9469	-16,3557
13,7084	-8,9502
10,7595	-1,6102
10,9560	-13,7999
17,6406	-8,6879
0,6012	-0,4961
1,4533	-3,5107
-2,7411	-8,2947
9,3830	-0,7581
-3,9864	9,9897
6,6304	-6,0011
5,4509	-8,2291
10,3658	2,1255
1,9775	-0,1683
8,7276	-2,9208
3,9436	2,1255
14,1670	-0,7581
0,7978	-0,2338
-4,7728	-4,3625
6,4340	-8,2291
-8,3774	2,3220
0,2081	-4,4938
-5,1005	-13,3411
9,5795	-16,2246
-8,7049	-6,7876
3,3538	-2,2002
-0,5129	-11,8339
7,2203	-11,5062
5,9752	-4,7561
10,8902	-13,3414
2,6329	-15,2417
16,6573	-19,7636
5,1232	-9,9333
0,7977	-3,8385
9,0554	-9,6712
1,5185	-12,1613
-1,2337	-2,0034
-4,7728	1,4699
2,6984	-7,5084
-11,2608	1,6012
8,2034	0,7492
-6,6079	1,0113
8,5965	-0,6270
-6,1491	-1,4134
8,6620	1,2736
5,6474	2,4533
9,4484	6,5165
1,1910	7,6306
7,8101	5,0092
3,7470	7,6306
6,2372	12,5458
5,9752	12,9390
5,3198	7,3685
13,9050	6,9753
-2,7412	6,5821
10,7593	9,8589
-0,8407	6,4510
6,4339	6,2544
-3,5275	3,0431
12,7252	12,2181
1,0599	0,8803
9,5140	-0,6269
3,2883	-1,8066
22,6868	2,7808
18,4271	-0,1683
21,9659	-11,1783
21,4418	-6,6562
20,2621	4,3536
35,7942	-2,5932
16,8542	-14,5206
16,1337	-5,4766
23,3424	-2,2656
26,8158	-8,2293
18,0995	-8,5571
22,6870	-11,3096
15,9368	-12,5548
16,0677	-11,7030
-1,3646	-21,2712
19,2790	-13,0792
11,6113	-19,6985
10,9558	-25,1377
9,6453	-18,7152
7,0236	-10,6544
5,7132	-21,6643
7,1546	-9,7367
9,1209	-5,6735
-2,0858	1,5355
4,0748	4,7467
1,2566	2,3221
15,7401	2,6498
2,6984	5,2058
21,3107	8,0238
10,3662	-0,2336
19,4757	7,1719
7,2861	14,2497
24,6530	7,0407
15,7402	0,9461
24,5874	4,1572
15,5436	8,3515
9,9729	8,0238
14,7572	6,4509
8,5311	7,7617
11,4803	13,9220
0,0115	7,9582
21,5728	2,8466
-2,0857	9,4001
14,4950	13,5943
5,7131	7,5650
10,8248	13,4632
3,3539	9,5311
14,9535	2,3877
15,0191	2,7810
10,1692	2,7154
5,5165	9,7277
8,7275	2,3222
3,2226	1,0770
1,0598	-2,1342
1,6498	4,8781
-5,3627	2,3222
-1,4305	1,6012
-20,9601	-2,2654
2,0430	9,1379
-9,0983	5,9920
1,5186	-3,5105
-5,3628	3,4362
-2,8069	3,9605
-11,2608	5,4023
2,2393	2,9120
-6,3458	7,0407
-3,7900	6,0577
-7,5254	13,0699
-0,6443	-1,0202
-0,7097	-2,7240
-12,1787	7,5650
-8,2462	2,1254
-9,0984	-0,2993
1,3874	8,3513
-21,2881	4,5501
-9,0982	-3,5107
-14,5378	-6,0665
-2,7412	0,8146
-12,4406	-10,9163
-3,6588	-13,2100
-7,6563	-9,8678
6,5648	-8,9503
-2,7413	-14,9797
-1,6272	-19,8292
-2,0858	-22,7783
0,9286	-17,4699
-1,0372	-6,6566
-0,5131	-16,4869
0,9287	-11,0474
-10,2124	-3,3797
2,2396	-6,7221
-6,0182	-8,6226
8,2688	-6,7876
-4,1831	-8,3605
8,1377	-8,6226
3,8778	-12,4236
4,9919	-6,7220
4,2057	-2,3968
14,1014	-15,3073
0,7323	-17,2732
11,3490	-3,5763
13,5117	-5,0182
-0,9062	-9,2124
6,4996	-16,4212
4,5333	-2,2001
5,3855	-7,3775
2,8950	-14,5208
10,4317	-6,2633
7,9412	-8,6227
15,1502	-13,7999
2,4363	-13,8653
12,8564	-7,9017
10,4317	-6,2633
18,4269	-1,4792
7,2858	-13,0134
10,6937	-6,5252
2,2396	4,9434
11,1523	-4,1661
3,8124	-7,8359
-2,5447	1,0113
-1,1027	-1,0203
-10,5400	-1,8066
0,7978	-1,1513
-10,0158	2,7154
-2,2170	5,8611
-12,7027	8,4825
-3,0690	2,9775
-11,3265	2,0601
5,1229	5,5335
-11,3920	6,2543
0,7321	-1,2168
-2,7412	1,6668
7,5478	-1,0202
4,4022	-7,6393
2,4361	-3,7727
9,5140	1,9288
-2,3481	-9,0157
5,1888	1,2079
-3,4622	-0,4962
0,6012	-5,9356
-5,8870	-9,6056
9,7761	-8,7536
-0,0544	-13,5378
2,8948	-11,7682
-10,2778	-10,7197
12,7253	-12,7514
4,2710	-13,6033
-2,0859	-7,3119
2,4362	-13,0135
-1,4962	-16,8145
-5,9524	-3,9038
-2,6758	4,4846
-2,7412	-1,4135
-13,4893	-0,2338
-7,9184	7,2373
-10,4090	3,9604
-5,3626	-6,5908
-4,1176	1,7979
1,7151	1,2079
-7,7875	-3,1830
-3,7243	-6,8529
-6,7389	0,8803
9,7759	-1,7413
-12,2440	3,3706
-2,2826	-7,9016
1,6496	-7,9669
-3,3313	6,9097
0,1423	-1,3479
-9,0329	-2,4618
-4,5106	5,7301
-4,2486	8,6791
4,2056	2,3221
-18,2733	8,2859
1,7809	4,4192
-5,3627	2,7809
7,5479	3,8295
-5,8870	8,1548
9,1207	14,7740
-4,3797	8,9412
7,6134	10,0554
0,8632	4,4194
3,2880	19,9514
6,6305	9,9243
-1,8238	18,5097
12,5944	9,8589
1,4530	13,1357
0,4703	15,2983
0,8634	9,2691
19,9343	9,0725
-8,3118	18,1164
9,7109	5,1403
2,3705	6,5165
-1,7582	7,1063
-3,2655	13,1356
-0,5131	2,9774
2,3049	-1,4133
-4,0521	4,2227
-8,3772	2,8463
-3,2657	-4,5593
-2,3480	-1,0857
-5,1661	2,5185
-2,9377	-11,2440
-0,9062	-15,4381
-0,9062	-4,8870
-4,9038	3,1738
2,9605	-2,9210
-4,8383	-7,1152
3,4192	-3,6418
-11,6540	-1,2826
9,2519	-6,4599
-0,9062	-11,5716
4,6642	-2,2000
0,2079	4,8777
6,0405	-4,3628
-1,2993	-14,8483
-1,0374	-2,9863
-2,9376	10,1206
-0,4475	4,0259
3,0261	-6,0665
-3,7243	-3,0518
9,8418	6,3853
-4,0520	5,1401
6,7615	2,1911
-12,3749	8,1549
6,5649	10,1864
-10,6056	-1,2167
-3,7898	6,3856
-13,8823	8,7447
-1,9549	6,6476
-4,7075	8,0894
-2,8726	3,8951
-14,2756	5,9267
-9,4261	6,5165
-12,5061	0,8148
-9,6883	-1,9376
-11,3920	3,7639
-14,2102	3,0430
-7,2632	-1,4134
-17,4213	0,4217
-0,7752	5,7300
-10,9989	5,6644
3,8779	5,4678
-5,8871	4,3538
-4,2487	9,1379
-9,2948	0,8804
3,8121	-4,2312
-7,6566	10,1211
-7,3945	8,5481
-12,3096	4,4848
-11,0646	-3,0517
-16,5694	3,4363
-17,4215	5,6644
-9,6881	-5,2146
-7,9188	-0,2338
-5,6905	-5,4768
-9,8848	-6,7219
-7,1322	-9,2123
-13,4891	-5,8044
3,4846	7,6304
-4,9039	1,7977
6,4993	-3,7728
4,4677	4,7470
11,3488	13,7254
7,1548	6,6475
5,9749	0,5528
8,9243	8,6793
0,9943	14,8396
6,8272	10,7764
-5,8869	15,4295
7,3515	5,1403
-0,9718	12,8736
1,2565	14,4463
-16,8968	3,6984
11,0213	2,3223
-6,2802	16,3468
2,9604	1,4046
-2,8068	-2,0686
5,5161	4,6814
-10,2779	6,7785
-4,3798	-0,6926
-0,3164	0,8148
-5,2974	-1,2169
-9,3603	-9,1468
-12,8995	-3,5105
-4,2485	-0,4305
-11,7199	-3,7073
-6,9356	-4,4283
-20,3050	-13,7342
-4,0521	-7,7049
-20,5016	3,3705
-9,2949	-2,1347
-16,7660	-12,8168
-0,3166	-9,5400
-20,5672	-6,1977
-7,7221	-5,0836
-6,0181	-4,4938
-5,2975	-4,1660
-6,6078	-8,6227
-3,4624	-16,5522
1,7807	-4,9524
-8,9672	-2,5278
1,2566	-9,8676
-12,6372	-6,0011
3,3537	-6,8529
-12,8993	7,4994
2,5672	-2,0034
-10,2124	-2,2655
3,4190	-2,5275
-12,4406	4,6813
-2,5448	-2,9864
-1,6928	-8,5569
-9,9505	-2,1344
-15,3240	8,4824
-4,5109	2,5841
-4,4452	-4,8214
-5,9527	-0,4959
0,6011	10,5141
-9,0328	5,7300
0,5357	4,6159
-4,7729	-0,1026
2,2396	10,4487
-7,9841	13,5288
9,0554	4,4194
-0,5130	11,8904
4,7298	9,7277
1,3876	7,3029
10,4968	11,0384
-4,5763	8,8757
2,8947	1,6668
-7,6564	5,6645
-0,5132	1,7979
-2,6101	12,7424
-4,9695	3,8294
-0,4474	2,1257
-2,6103	11,1696
2,7639	14,9706
-6,6734	8,9413
13,0530	1,9290
-2,9379	6,7788
7,8101	11,6283
-3,7898	13,2011
5,4508	8,7447
1,8464	6,1233
9,3828	5,5990
-6,2145	12,2179
1,2565	-5,2800
8,5310	-3,0518
0,6010	-0,8892
-2,0202	-4,5592
-0,9063	-13,4721
-7,6563	-1,9378
-8,3773	-4,0351
2,3051	-5,0836
-9,4914	-4,7558
8,0722	-0,9548
-10,9332	0,8802
8,2033	-3,5763
-6,7390	-13,6031
3,2225	-8,0326
-4,5763	-6,2632
1,7805	-17,8631
-11,2611	-13,3411
-8,1155	-8,9503
-20,1084	-15,7660
-12,1787	-20,7467
-11,3923	-16,8800
-25,0894	-13,2101
-24,2371	-4,4283
-24,6306	-6,0667
-17,3560	-7,5085
-25,1548	-4,7560
-10,8024	-3,3142
-24,1062	-8,8192
4,4675	-11,5060
-11,7199	0,6834
0,4043	-8,0328
-6,4768	-12,8168
2,1737	-8,1638
-7,7218	-4,4283
5,0574	-15,9625
-1,1683	-2,9209
-0,6440	-8,6880
5,5164	-4,8870
-2,0203	-8,0327
5,7786	-0,2994
1,9118	-4,3627
8,4000	-5,1491
-4,3140	-9,0812
8,8587	-2,9208
4,1401	4,4191
10,8902	-6,8530
1,3877	0,1594
11,6112	-5,8699
9,0554	6,5165
2,7639	6,7785
13,7086	-0,1027
12,2664	2,2567
9,7764	7,7617
3,9434	5,0091
8,4657	5,3368
-5,9524	5,0090
7,2860	2,3221
1,2565	4,3536
3,2882	-9,0811
-9,6224	-1,3479
7,2858	0,0283
-9,2292	-8,8845
2,4361	-2,1999
-2,7412	-4,3626
5,2540	3,6328
2,8293	-5,0181
8,4652	-7,5738
5,4508	0,2904
3,4191	-4,6248
4,5988	-11,4405
-0,1852	-5,0180
16,1987	-3,9695
-2,4790	1,8632
15,6091	-8,5570
5,9096	-7,4428
13,3153	-1,1515
9,1209	-8,8191
23,0800	-9,1467
7,2204	-2,8553
17,5750	3,6326
5,5819	-7,2463
18,6891	-16,5522
9,7106	-10,3919
1,1909	-3,1175
5,4509	-10,7852
-1,1030	-9,5400
-0,8405	-10,7852
-9,0328	-0,6272
-1,2338	-10,2609
-9,8847	1,2735
6,0406	-5,4112
-8,7706	-4,4282
2,6982	-10,4574
-7,3288	-8,8844
5,2541	15,6913
-6,8700	-3,2488
7,2856	-12,0958
-2,6102	-9,4744
-1,9549	-5,0181
0,0769	-1,8724
-1,1029	-5,3458
-0,7095	-12,9479
-1,1684	-9,1468
6,1717	-11,7027
-3,4621	-8,3603
7,3514	-6,7875
0,9288	-5,7390
7,2203	-11,1129
-0,9716	-7,3773
14,6914	-3,7074
-3,2654	-4,1661
13,5774	-7,6395
18,9512	-10,6541
15,3466	-5,8700
15,0191	3,5016
13,4460	-8,3604
10,4316	-6,1975
16,5262	4,4192
6,5649	3,8294
-0,1853	1,0769
8,7277	2,7154
-1,1028	11,8248
5,9752	8,1549
-4,3795	9,9243
18,5580	1,7979
-6,5423	13,5289
11,1525	13,3321
2,5017	12,8079
8,6620	9,7933
0,3391	15,1672
15,9365	-1,4789
4,0091	-2,6584
5,3197	0,2250
10,3662	6,0577
6,1062	8,6791
25,4394	-3,5106
3,5502	-1,7410
10,6284	10,3830
7,3515	7,8926
19,2791	1,5357
7,5480	8,9413
16,5921	10,9073
7,5482	0,0939
20,7864	1,9290
12,3979	5,9265
20,5242	0,8802
12,8566	0,0283
8,9244	-9,8677
8,5313	-3,3141
14,2326	-9,9989
7,4826	-14,5863
5,3853	-16,3558
10,9559	-18,2564
0,0113	-8,5571
1,5188	-14,9797
-1,1682	-11,0475
19,1479	-16,4214
2,0429	-9,2780
11,9390	-8,0328
1,7808	-11,0473
10,3005	-6,5910
4,4023	-0,4306
11,0869	-5,9356
3,3538	-1,4791
11,7421	5,0744
-1,6270	-3,2486
-1,3650	-9,2122
5,9096	-1,4134
-2,7414	0,7491
2,5017	-5,6078
-12,9649	-4,2315
-4,7728	-3,5762
-12,9648	-3,2485
5,2541	-5,8700
-11,6541	-5,0180
6,8925	3,4361
-2,7412	-2,2000
12,0044	-7,5084
-0,7095	-9,7365
8,4000	-1,4791
10,1695	-8,9501
17,3783	-7,1150
8,9243	5,2711
12,8564	-1,6101
11,2837	1,9289
8,8587	5,2712
14,7571	1,0114
1,1910	4,0260
11,6770	0,8802
6,2374	-4,4937
9,1209	3,3706
1,6499	-5,9355
23,0800	-6,0010
2,5017	-5,7389
4,5988	-6,4598
2,1086	-6,0667
9,1862	-12,7513
2,7638	-10,4575
-1,3651	-8,9503
-0,5785	-7,5085
-7,3944	-6,9842
5,1887	-9,8023
-7,2633	-12,2270
-0,2507	-7,3774
-3,1345	-11,0474
6,3684	-7,8361
-1,2339	-0,8894
9,7762	-8,1638
-3,2654	-3,4452
15,3467	-11,7028
1,5841	-4,6248
6,3028	-4,7560
2,3707	-12,3581
6,7613	-10,1299
-3,6586	-9,0157
-0,7097	-1,0859
6,0406	-12,4236
-6,7390	-7,9016
8,2689	1,3390
-9,8191	-6,7220
-2,4789	-0,1682
-4,1829	3,9605
7,8101	7,8271
-4,1830	8,3514
-2,1513	5,1403
-3,4620	14,5774
9,7762	7,4339
0,0113	-1,6098
9,9072	1,8635
-0,4474	4,0916
3,6157	-0,6926
6,8926	-7,3773
4,9918	-14,0619
-0,9061	-11,8994
-4,5108	-9,9334
-0,9061	-17,4700
-10,2125	-19,0429
-1,8893	-16,6836
-12,1785	-16,8148
-8,7706	-24,5479
-11,1299	-13,2103
-9,4261	-15,1764
-23,6472	-20,6814
-3,1347	-27,8248
-16,1763	-15,9627
-3,6591	-12,5550
-13,1617	-17,8633
-13,0962	-22,5163
-12,0475	-12,5548
-7,7224	-7,0498
-15,2589	-20,4190
-20,2396	-8,7535
-15,2587	-2,3311
-20,0430	-0,6926
-9,0329	-3,5107
-16,5696	-4,8212
-11,3266	7,4339
-18,2733	8,6791
-1,4963	9,2034
-16,1108	2,4533
0,6664	6,5166
-8,2465	4,9437
-12,2442	-1,4133
-8,5739	1,2082
-16,0453	6,9751
-12,4406	4,9435
-9,0985	-10,2608
-9,5571	-1,8722
-18,2734	1,0768
-9,3604	-5,0180
-18,2734	-3,9039
-2,8069	0,0283
-12,1131	5,2711
-12,6373	1,1424
-17,8146	5,9265
5,5160	2,3221
-13,4238	6,5164
-8,0499	9,4656
-12,8338	9,1379
-3,7901	11,4317
-10,8023	7,6961
-3,2657	6,3199
3,8778	2,9121
-11,4576	11,0385
1,6498	7,8926
-4,9039	-6,6562
11,4802	-7,5737
-2,2824	7,2372
15,5435	-0,8894
5,0577	-12,6202
11,6114	-5,2147
4,3368	-5,8702
13,4462	-6,8532
6,5649	-13,4723
-0,9719	-6,9842
0,1423	-3,9695
-1,2342	-7,1151
-3,7899	-2,2654
-10,2126	-4,7557
-15,0621	5,7301
-19,2565	2,7809
-3,7245	-0,8889
-28,5627	10,9730
-14,1445	19,0994
-25,6790	13,4633
-11,1955	11,8905
-22,9920	18,5095
0,6008	12,8079
-12,3097	10,9074
2,3703	10,6452
-5,9526	8,1548
-0,9720	6,1233
-0,0542	4,3537
5,1228	9,9243
-3,9863	9,5965
3,2880	-7,3116
14,2981	0,1595
0,6665	7,5649
1,7154	6,3853
5,4508	6,2542
16,6575	4,3537
-2,8067	1,7323
12,7255	9,7931
7,9412	-1,3479
13,9051	-5,6076
12,4633	7,2374
14,8225	9,7276
6,9584	8,1548
23,9320	-0,2992
16,9197	8,0893
17,9026	2,6498
13,5774	0,4217
7,5480	-0,0371
14,3639	3,6984
3,8780	3,7639
16,9198	-1,8722
2,7640	-0,7581
14,2329	3,4361
4,7957	2,4529
18,5582	-9,4090
6,1064	-8,6225
25,1117	-0,4963
11,4147	-11,7030
7,6791	-22,8439
12,7256	-21,5986
12,7907	-13,4724
3,6816	-20,4192
8,8586	-19,8292
10,6282	-17,3389
-9,9502	-10,6543
1,4534	-13,9311
-4,2485	-10,1955
9,3829	-7,0499
-8,8360	-4,9527
9,4486	-9,2126
-1,4960	-12,0306
10,5626	-6,9843
-3,1999	-12,3582
6,4338	-24,1547
0,1424	-16,0936
-1,8893	-14,3898
-8,8359	-15,7005
2,9603	-15,2417
0,5355	-4,5594
-7,7221	5,9918
-4,9039	-8,8848
-17,6835	-9,2123
4,4677	-2,6586
-15,9797	14,5116
-4,9038	3,6982
-3,5278	3,3708
5,3851	10,3175
-1,2340	16,8056
5,5818	12,3492
-7,7219	12,7425
10,1693	9,4657
4,5989	8,8105
2,3050	21,5243
7,4825	12,6114
2,7637	8,5483
3,9436	15,6916
-1,4306	7,5651
-0,3819	3,4365
-9,8192	8,0894
-2,6101	8,4171
-13,4237	6,3854
2,5671	-0,2337
-9,7537	6,1232
-2,6102	6,9096
-6,1492	-1,0202
3,2879	-1,3479
-7,3288	1,2735
5,6472	9,9896
-4,7073	-13,4721
0,9287	1,1425
0,6667	-1,3480
-2,6102	2,1911
3,6814	-1,4789
-10,3433	4,6159
2,9607	14,5774
-3,7242	2,6497
18,0337	-0,3647
-5,8869	5,9267
4,6645	13,0700
-2,4135	3,7638
4,7298	1,4047
-5,4282	14,7740
2,1738	5,7299
-9,3603	7,5651
3,3534	13,0701
-2,1516	11,1696
-0,9065	13,0701
0,9942	13,7254
-7,6567	8,0894
-5,3625	10,7109
-2,4137	3,2397
3,3536	2,9121
-11,4576	6,6475
1,9774	7,6305
-8,8361	-0,1028
6,9580	2,1910
-5,3628	8,6790
5,6472	0,2904
-0,7754	-6,7219
6,3025	-0,4959
-6,2803	1,7322
2,6980	4,3537
-2,7412	-6,3287
2,4359	-6,3941
-7,6564	-1,4134
-5,7560	-2,9208
-6,2801	-0,6926
-9,4915	-0,3649
0,8633	0,5526
-12,1784	1,1423
-2,0859	-6,1977
-7,1977	-1,8067
-0,9718	-4,2972
-8,7705	0,2903
0,4699	-4,7559
-11,2609	-3,7728
7,2200	-5,6734
-5,2316	-2,3966
1,8461	-5,4768
0,9943	-5,1491
1,3218	-3,5763
4,5989	-7,4429
1,5840	-15,7659
5,1232	-3,3797
-3,5932	-13,7344
5,9097	-9,4745
-6,2145	-6,5910
2,8950	-12,4893
1,3220	-10,1299
6,1717	-6,5256
-1,6927	-14,1931
1,9117	-16,4869
-10,0812	-10,6543
2,0427	-20,6157
1,0597	-13,5377
-2,0207	-12,4237
-8,7051	-11,6373
-6,0839	-11,5717
-8,1808	-5,3458
-13,4895	-8,9503
-16,4383	0,4213
-21,7468	-10,9820
-8,0498	-17,2733
-19,1909	-4,1660
-5,9527	-0,5618
-22,1400	-12,4237
-12,7029	-9,8677
-8,5741	-9,4090
-3,7246	-15,7004
-7,1979	-13,8653
-7,4602	-8,4259
-20,1083	-5,1492
-14,9966	-6,6565
-5,1662	-10,7196
-13,2274	-5,8699
-8,9673	-5,9354
-15,2589	-2,1999
-13,4892	-7,5083
-10,7369	6,7130
-17,3560	6,1885
-23,0574	-0,3649
-0,4477	-2,1344
-21,4192	0,2249
-7,5255	-6,1321
-14,7344	-0,3649
-0,3166	-8,8846
-3,4623	2,5187
-0,2511	2,5840
-2,3480	-12,1613
1,2563	-11,8335
0,1424	9,2688
-3,7243	1,3389
11,6113	-7,4428
-3,5277	1,0114
7,4170	0,2904
8,2688	3,5016
13,8394	2,3220
-7,5908	-4,6903
15,2158	1,0768
8,3343	-2,5932
16,3298	-2,0033
1,3875	0,8802
5,0576	6,8439
-1,1027	-8,4259
4,5987	-7,1150
-0,5130	7,8926
-4,5109	1,9288
2,8294	-4,1003
0,1421	3,8296
-0,7751	5,6644
-10,7366	4,7470
13,9050	-4,2970
-1,6927	3,5018
11,7424	0,8803
3,3537	-6,4598
18,0337	-6,3941
2,7639	-0,8893
16,9196	-9,3434
2,3051	-7,4428
12,7908	-7,4430
-1,5615	-5,6080
4,4022	-9,3435
2,0429	-13,6033
-5,4281	-19,6982
16,3953	-15,5693
-4,6419	-3,9697
0,3392	-11,3753
0,2080	-15,7660
13,1841	-11,0476
1,8464	-11,5062
11,4802	-9,7368
4,9267	-11,3751
20,8518	-9,0159
7,4170	-10,1300
27,4054	-12,0960
16,4609	-6,3289
16,3298	-11,6374
7,1550	-14,1275
13,3151	-2,8554
12,3322	-8,8191
2,3706	-4,3626
2,2397	5,4677
-3,5932	-7,3773
2,8949	6,3199
-7,1322	14,3151
-2,3480	5,4677
-5,8870	2,9776
-0,6442	9,6622
-7,5910	3,6984
5,4506	5,8612
-2,4793	7,3685
-7,5255	9,8589
-5,5593	6,6475
-0,1856	-1,8065
-1,2339	5,4024
-3,3968	-0,8235
-6,9355	3,0430
-8,8362	0,1595
-0,3164	-1,5445
-16,1107	4,2881
-7,7219	2,7152
-18,6665	3,8949
0,6010	-0,5616
-10,2125	3,4362
-5,1662	6,9096
-8,3119	-1,6101
0,6009	3,1741
-4,3797	4,8124
-6,6735	3,1740
-4,8383	-3,5106
3,9433	-0,5614
1,3876	6,5818
-3,2001	0,4870
1,9774	-0,2995
-7,3287	-11,5715
2,8949	-0,4961
-11,5231	-3,2486
1,9775	-8,1638
-5,2316	-0,8893
8,0722	0,4868
-9,8847	-8,0328
6,6959	-9,3433
-2,4792	0,7491
0,2733	0,2247
-4,1175	-8,9502
-3,6590	-5,8043
-14,7343	3,8950
-7,0012	0,2248
-1,6928	0,5527
-10,7369	7,4340
-13,7513	7,6305
-17,4214	7,8928
-3,5277	11,7594
-13,4237	8,5481
-1,2995	10,5797
-8,9673	5,3368
1,5185	3,2397
-13,0960	5,4679
2,3049	5,1401
-13,0960	-1,8066
-2,2171	1,5357
-10,0814	3,5017
-7,4601	-3,1174
-15,6519	-1,4134
-12,6374	-1,7410
-13,5548	7,8926
-23,9095	1,6667
-10,9988	5,3368
-26,0068	9,7932
-9,9502	1,1425
-14,1447	15,2983
-3,1345	9,4000
-9,9504	6,8443
-1,0374	6,5821
-11,7197	12,2838
4,8609	13,3978
-2,1515	6,8443
-0,0544	13,9877
-0,3163	14,2497
5,9749	0,9460
5,5818	-1,9375
-3,7900	4,9436
-10,4087	5,4679
-3,2000	-1,6100
-1,6271	8,6136
-13,4891	10,9728
-1,7581	5,5334
-8,7050	-2,6586
2,3050	1,9290
-11,8508	9,9243
-6,7390	12,2180
-7,5909	-8,8190
1,0596	1,9290
-14,1445	3,6983
1,6495	-7,3116
-3,0034	-3,7727
3,6811	1,2735
-1,0372	0,7491
4,2710	-1,1514
9,5796	-9,9331
-4,6417	-0,2993
12,7255	3,1085
-1,8236	3,9604
11,1527	-1,4791
7,2859	0,3560
14,7570	3,0430
6,6306	-2,8552
16,3954	-6,3285
9,7107	7,4340
5,9096	-0,3649
3,8126	4,9436
9,5796	2,3221
2,3707	4,4193
4,0090	4,5503
9,7108	1,7978
3,4192	3,3052
12,8565	8,6135
-3,1999	6,3198
11,6113	-2,0033
-2,1514	2,9121
10,8248	12,8734
-5,5593	10,2519
12,7907	2,9120
-5,7559	7,8928
3,4846	6,2543
-7,1977	6,5164
5,7783	0,8803
-3,2656	2,1911
-0,3821	5,1400
10,1692	-5,6733
-1,1031	-4,2970
5,7129	-2,5276
-6,0837	0,1593
6,9582	-12,9478
-10,7366	-4,0348
6,0408	0,8146
0,0768	0,5525
8,8587	-10,5885
-5,7558	-9,0155
3,4848	7,3682
-4,1830	1,0112
8,7275	-8,5569
-1,4961	-1,2824
-0,3166	-0,0373
-1,4960	-7,9670
-0,7754	-3,9693
-6,4768	6,1231
-13,4893	-0,7581
-8,7706	-0,5615
-10,0159	-2,2654
-5,4283	5,9921
-11,9821	10,9727
-3,9210	4,0915
-13,6858	-0,0372
3,7467	11,8249
-11,9163	8,4169
9,5794	-1,6756
-8,2463	-1,0201
-0,3165	2,7809
0,0113	-2,6586
5,5817	-3,7071
1,1254	-1,7411
4,4676	8,1547
3,0260	2,5186
-1,1029	-7,1151
6,1719	2,4532
5,3852	1,0768
11,6113	0,8802
-5,0348	2,2564
15,4779	-5,3457
3,1570	-1,8723
14,3637	-0,2995
-1,6270	-9,9987
14,0360	0,0282
1,9774	3,1084
4,4677	-2,2000
5,4508	-4,1004
7,8099	1,0114
-0,7750	-5,0834
2,6983	3,8294
11,8734	1,9944
0,4045	0,0940
8,0724	1,4047
1,3876	2,1256
12,4633	5,9922
-6,4767	9,0722
8,2691	3,6983
-0,9061	-3,2485
13,3152	-2,5275
5,2543	-3,3140
14,2981	2,3221
-1,3648	-3,1831
19,2788	-2,9208
0,3390	8,6134
3,1570	-6,5254
3,3537	-7,5083
0,5355	-1,6102
2,7638	-2,3311
-2,8724	-8,6881
-6,0835	-11,5061
-14,4066	-10,9818
-1,5616	-1,5448
-14,2101	-16,9457
1,3875	-18,3874
-8,4429	-11,1129
-1,1030	-4,4284
-8,1807	-12,3583