9,7129	9,5099
17,9049	4,9879
2,5696	11,0172
19,9365	3,0873
19,7398	2,7598
17,6426	1,5145
11,2203	7,8060
6,9602	6,3641
10,8927	7,7404
4,6010	-1,7624
15,7422	4,1360
-0,3141	2,4319
24,1964	-3,3352
-2,6735	1,7109
23,2790	-4,3838
4,2735	-7,9884
21,2473	-5,4979
14,7592	-4,9083
26,4900	-4,8426
7,6158	-4,3184
27,7351	-1,6969
4,1424	-5,5636
9,9094	-1,5003
15,7422	-2,6799
5,6495	-7,9227
15,6112	-4,2528
0,6031	-12,1826
9,4507	-1,6313
-7,7198	-0,3207
2,2418	-3,7285
-4,5740	4,0703
12,2687	0,5968
-5,8848	-5,8255
16,4629	4,4636
3,9456	14,8181
10,8267	11,4758
2,1107	6,9539
18,2323	4,0050
15,0212	10,4930
9,7127	-0,9102
16,5942	7,8062
11,0235	8,7891
21,6405	9,1168
10,2370	10,5586
8,2714	8,2649
6,5018	14,6218
23,0168	15,3427
5,0601	9,1823
33,3059	19,7335
12,3345	9,2477
33,7646	1,8423
14,3006	10,2962
26,4901	0,7281
15,8080	3,5461
28,8494	-0,7137
14,6283	5,9709
21,0507	10,2963
21,9029	3,0873
19,9366	0,5970
26,2282	7,7404
9,1232	6,3640
24,3933	1,1212
16,5943	0,3347
22,0993	-10,2165
7,0261	4,9222
23,3445	1,2520
7,4193	-4,9737
21,5750	-4,9082
14,3006	-3,3354
18,8879	-4,1217
12,2034	-4,4495
11,1546	-8,3160
17,5773	-2,7454
7,3534	-0,9105
10,3685	-7,4640
11,8754	3,1528
17,4461	4,5946
-0,7073	5,2500
23,8687	7,0195
-8,6371	9,6409
22,5580	10,1652
3,5525	4,6602
17,6427	4,1360
5,1254	4,9880
13,3172	6,1676
5,9774	7,4127
5,3218	3,1529
8,0745	-0,0583
8,4018	4,7258
4,1423	3,0873
-0,4456	-3,4006
4,0112	2,8252
-4,8364	5,0534
7,9433	0,1382
-19,5163	12,6555
5,4530	-3,3353
-8,1131	-10,8063
5,0597	-6,6776
-10,1446	-9,1025
7,0912	-9,6269
-4,6398	-16,1805
-4,9020	-19,6539
-5,8193	-23,9138
-9,4896	-26,2732
-4,5087	-29,9432
-0,0526	-23,6518
-12,3075	-26,0767
-14,3392	-33,0890
-2,6081	-33,2857
-16,0432	-30,4021
-3,1978	-28,3050
-15,9776	-32,3683
-2,9359	-36,0383
-29,6090	-30,5333
4,6663	-36,3660
-18,3370	-40,3636
-6,4095	-39,7082
-22,3346	-32,9581
-10,2107	-36,4315
-18,9268	-36,0382
-10,5384	-43,3127
-9,4895	-39,4461
-12,9633	-43,3782
-14,9289	-32,9581
-22,0071	-33,9413
-3,3291	-51,4393
-29,8714	-43,7060
-10,5380	-42,3955
-21,2206	-51,3740
-10,8659	-58,8451
-32,1651	-60,0902
-10,6694	-56,0927
-38,5876	-64,4814
-23,4490	-67,2338
-28,9541	-53,6025
-36,4254	-57,2726
-37,6047	-71,2972
-36,8187	-66,3164
-41,8647	-73,1322
-47,2389	-68,4791
-34,8524	-72,6079
-60,2151	-76,9988
-51,9573	-82,3072
-63,8849	-78,7028
-40,8818	-80,2759
-57,2004	-85,9119
-47,8942	-80,1448
-59,9528	-90,5651
-46,1248	-91,0894
-55,6930	-92,8590
-47,4357	-97,9707
-55,8240	-103,1482
-47,1082	-109,4396
-61,0670	-114,5515
-66,9654	-118,8114
-56,4140	-121,1707
-72,5361	-120,5811
-64,0817	-135,7855
-80,4004	-141,1595
-71,8806	-140,5699
-86,8886	-156,2985
-73,7812	-153,4806
-90,8862	-158,3961
-77,8447	-169,6027
-95,1461	-176,5496
-72,3399	-190,5743
-97,4401	-181,5306
-89,3793	-200,1429
-97,1125	-210,4319
-98,7512	-197,8493
-101,8310	-214,9544
-113,1037	-226,4230
-116,5767	-220,4594
-127,3905	-229,8968
-120,0503	-236,5814
-140,4323	-233,5668
-137,2865	-243,4629
-148,4933	-249,2957
-132,1750	-248,9680
-159,2413	-258,4708
-140,0394	-259,8471
-155,0471	-258,0779
-138,0080	-275,8381
-158,0617	-280,6223
-151,9670	-274,8553
-146,0686	-287,5038
-149,8044	-291,7637
-138,5975	-298,3829
-153,3434	-308,9344
-149,7385	-312,2112
-159,2416	-317,3232
-142,9884	-329,9717
-165,5331	-333,5763
-151,9014	-343,8654
-168,8754	-348,2564
-151,5083	-349,3706
-168,7443	-348,1910
-155,5716	-349,7639
-166,5160	-347,5358
-157,5378	-353,3029
-166,3193	-345,1109
-151,9671	-356,1864
-152,7534	-344,9142
-150,1976	-344,9799
-136,3038	-339,8024
-148,7558	-334,5597
-137,1555	-351,2712
-145,2166	-337,7052
-122,9998	-339,8680
-143,2504	-349,6327
-120,1817	-342,2272
-143,7090	-342,8825
-121,5579	-341,0474
-131,9781	-326,8262
-118,1501	-333,0520
-125,6865	-327,0880
-118,3467	-314,6362
-112,9725	-320,0755
-112,0553	-305,5264
-110,8753	-298,7106
-113,6281	-291,7638
-103,1420	-287,9625
-111,2686	-283,9648
-100,4549	-272,2993
-115,4627	-270,2675
-93,6389	-265,0901
-96,4571	-256,9635
-77,9103	-250,2133
-95,7360	-246,6742
-71,2254	-234,1568
-80,5970	-221,3117
-65,6549	-223,6709
-70,7009	-216,3962
-58,2494	-217,0515
-68,4072	-208,5316
-61,1329	-196,9318
-62,3778	-196,9318
-66,5724	-195,4897
-66,0478	-184,6107
-69,9147	-175,5012
-59,6253	-178,9089
-65,8514	-168,1609
-53,9238	-162,7869
-72,7981	-160,8862
-48,7464	-152,6942
-64,0162	-148,4998
-44,0932	-142,0116
-53,6613	-136,5066
-34,2629	-137,5550
-43,8963	-126,5449
-33,2797	-124,4477
-32,6240	-117,6319
-29,1509	-122,4159
-28,9539	-112,8475
-29,8061	-104,8522
-19,9755	-105,3108
-40,8160	-102,8203
-18,4680	-89,9753
-38,6533	-88,0093
-10,9314	-95,4146
-32,4929	-84,2080
-18,0748	-78,9650
-27,5119	-70,3144
-1,3633	-78,6374
-21,1550	-78,6371
-4,1812	-70,9039
-10,6037	-63,9571
-6,8682	-59,1731
-2,6737	-68,0858
-8,5723	-56,8791
-14,0769	-57,9277
-20,4341	-52,6193
-4,8364	-59,5005
-18,5337	-53,9955
-6,0816	-60,4180
-16,0432	-60,2868
-7,9166	-56,8791
-18,1402	-59,6315
-1,4285	-48,1628
-10,3413	-55,1751
1,1928	-50,7186
-8,1786	-47,0487
10,2366	-54,1264
-9,5549	-48,9490
-1,6253	-45,4755
-2,0183	-38,1356
-9,4240	-36,4971
6,6325	-37,8077
-6,2784	-26,7322
5,1907	-31,5818
-17,0916	-29,3534
0,0790	-23,7174
-15,1909	-24,5694
6,1739	-15,5254
-13,7491	-18,9333
12,0065	-20,5060
-1,8215	-14,8046
16,7250	-18,2779
10,1715	-27,3218
17,9700	-19,1297
6,5016	-16,3118
16,9216	-15,1976
17,3151	-19,8507
7,8122	-24,8967
21,7716	-9,4302
5,7152	-3,3357
25,0485	-15,6561
6,6327	-5,4980
25,5728	-7,2019
12,7276	-4,5149
18,1672	0,7936
1,8488	3,3493
23,4755	-1,2381
5,2566	2,6941
29,1769	1,2523
15,1523	4,0704
8,7297	10,6895
9,6474	5,6432
5,0596	12,1315
9,7785	14,6872
-0,7731	11,7383
2,8973	14,1631
-2,7390	13,5077
16,4630	16,2603
-12,8972	23,9935
5,3875	11,2795
-9,2272	13,6390
4,8631	15,9325
-3,6566	8,8546
7,0911	5,1192
-8,3098	9,5755
-3,5913	2,8907
-12,8316	-1,2381
-4,0503	-7,4640
-14,9288	-8,8403
-14,2739	-9,4302
-12,3730	-17,3600
-17,0920	-5,1704
-20,8928	-12,3794
-33,6724	-12,9035
-14,2736	-4,3839
-26,3324	-5,2359
-18,3369	-1,7624
-23,7764	-0,3207
-9,0309	-3,4008
-24,8250	4,0047
-3,1983	-3,7286
-17,3539	-1,6313
-4,9023	-5,0392
-17,1572	4,6601
-9,6207	2,4973
-6,0161	-0,4517
-11,9145	-8,3159
-4,4431	2,6286
-25,4148	1,9076
-6,4091	1,5801
-15,4533	6,1675
-0,4454	-3,0075
-13,7493	0,0073
-0,4454	10,8205
-6,0160	1,4488
0,2754	5,3155
-1,3627	-5,1047
12,2684	-1,7623
-0,9041	-0,1896
6,2392	-8,9713
-3,5909	-1,1726
7,1567	-6,9397
0,9311	1,5799
-1,5595	-6,9397
5,4530	-2,8765
-7,1956	-11,3306
14,9558	-4,3838
-12,3728	7,0193
8,8610	-4,9738
-1,4282	-1,8280
16,1354	-8,4471
0,3413	-0,9104
20,0674	-2,2214
3,2904	-11,8549
7,4845	-4,2528
5,9774	-9,2992
9,9091	-5,7601
-3,7876	-6,0224
1,3239	-6,4810
-1,8871	-9,6267
-12,5042	-8,7092
1,5863	-6,5465
-18,4024	4,7911
0,5377	-3,7942
-7,5888	-6,1533
3,1592	3,2182
-16,5016	2,3662
10,1716	-9,1025
-7,1954	-9,2335
15,2834	-6,6122
1,5209	-8,7092
13,7104	1,4488
15,2179	-7,1364
12,4651	1,2523
9,2541	2,0386
4,1421	8,3301
6,7638	0,5969
-5,8193	-3,2696
2,1108	6,6918
-14,1423	12,1968
7,6158	0,2037
-4,5085	7,3473
8,0089	8,8545
-3,6565	5,2501
12,9896	-0,3859
-2,4768	8,1993
15,2177	15,6702
-3,3287	7,4127
17,9046	-6,2186
11,0891	4,4637
6,0425	9,1821
-1,0349	-1,6313
4,6663	-2,2211
1,6519	1,5799
-14,8633	-5,5635
8,5988	-2,5489
-10,6691	-6,3500
2,3728	-2,2868
-7,8509	-2,2869
5,7151	-9,6269
-5,2294	-13,3624
9,5161	-19,1295
-5,8192	-13,0348
1,4552	-10,9377
5,3874	-20,3748
6,3701	-16,3770
-1,4938	-12,5761
10,1057	-13,7557
0,4721	-10,4788
-11,5208	-6,8744
9,5817	-3,2699
-10,9967	-2,9422
7,8779	-7,8572
-12,9627	2,4319
4,6665	8,7888
-5,0984	-2,6799
16,7250	4,4637
-6,4091	7,2816
11,7442	-3,8595
-4,5740	-1,1724
4,9941	4,7257
2,1762	-1,7623
5,7804	0,5969
5,1909	-3,6629
2,3069	-0,7794
10,9579	-2,2213
-16,0431	-20,7024
1,3242	-11,1340
-18,5990	-6,9400
1,2586	-13,6901
-19,9752	-17,6879
6,3047	-10,2168
-13,0940	-10,4790
1,1274	-7,0712
-11,1933	-16,8359
-1,9528	-12,2484
-0,5765	-8,7094
7,2877	-17,2946
1,2586	-13,1657
-0,3144	-12,9036
4,9943	-8,1850
8,2053	-10,6098
7,2880	-8,0539
-2,4115	-7,1363
15,3489	-0,1896
-8,1787	-4,5149
13,7105	-11,9204
-6,1470	-3,6629
5,4530	-5,3014
-7,1300	-2,0246
11,5477	-12,1825
-2,3458	-4,8425
3,4868	7,0193
6,7637	-4,6461
16,5937	-18,4084
2,1762	-3,6629
6,5669	-2,6145
16,3320	-5,1703
1,4551	-13,6244
16,7908	-9,4301
2,4382	2,2352
11,5480	-1,5660
-3,7876	-6,1534
16,5286	-0,0586
-6,9988	-0,6484
17,3150	-1,3037
-6,6712	-3,9251
9,5817	4,7912
-0,1176	0,0070
8,0742	5,1845
4,4044	3,3495
5,9115	1,8422
4,2734	-4,9734
6,8291	5,9711
12,7930	9,1822
3,3557	3,5462
2,3073	10,8206
0,2100	-1,7622
14,1037	9,8377
-5,6227	16,7188
8,6642	7,0195
-11,7174	8,7891
5,1908	12,9833
-15,3874	6,5608
5,4528	6,5607
-3,0013	1,0557
-3,5913	-2,8764
-8,1786	4,0703
-8,7031	-3,9252
-0,6421	-5,6289
-20,9584	3,4804
1,8483	-9,1680
-21,4171	-1,2382
-15,3876	-6,9397
-25,2181	4,0702
-6,8680	5,7085
-18,2714	-6,1534
-4,6399	-4,1217
-22,5966	3,8080
-2,8049	-7,9227
-15,2566	-3,7285
-6,5405	-6,0876
-14,1424	8,7889
1,5859	2,1042
-1,3631	-0,9759
-11,6524	6,2986
-8,6374	6,5607
-13,6840	6,0365
-7,1301	7,2162
-17,9438	6,2332
0,4720	10,4275
-25,3493	9,3790
-6,7368	7,1507
-13,8804	12,2626
4,4697	18,8160
-11,6520	9,7721
10,7612	12,5246
-5,6226	4,9879
11,2855	3,8083
10,3026	0,2038
8,6639	-0,8448
6,0428	-5,6290
0,4064	-6,6776
5,9117	-6,1533
-7,9167	-5,6291
-6,0158	-7,6608
-12,0453	-13,4278
1,6517	-9,2991
-24,3005	-17,4255
-1,7561	0,2036
-17,7469	-0,7795
2,2415	-6,7432
-10,6691	-1,3037
1,9138	1,5143
-3,9844	-3,3353
-1,9530	-5,1702
-12,8317	-4,7770
-6,4750	-3,1386
-9,2929	-2,4833
-22,0724	3,0872
-4,1810	-3,4663
-22,8591	-3,4007
-8,3753	-5,8912
-18,8613	-4,3182
-9,1618	-1,6968
-24,7593	-1,2381
3,9455	0,4659
-7,9166	-2,3522
0,1444	1,3179
-8,6373	2,2352
8,9918	4,4634
-0,1832	-9,1024
6,2392	-0,3205
8,2711	1,0556
5,8460	9,1166
6,8949	2,1698
-1,7561	4,7913
10,4338	5,9709
-5,2950	0,7936
8,7299	10,5585
-8,1131	11,6069
3,9457	-0,1895
-6,9989	9,0512
7,4845	-0,9104
-19,2540	-1,3689
5,5185	12,8521
-5,6227	3,1528
2,3726	3,8739
-1,6249	8,8544
7,9430	0,1382
-6,2124	-2,9419
0,6032	-1,6969
4,2732	-1,6968
-4,2466	-5,0393
2,1761	-12,9690
-20,3684	-4,2527
-8,4407	-7,2676
-21,2204	-8,0539
-1,8217	-12,4448
-22,7933	-9,3647
-3,1980	-12,2482
-19,2542	-4,0562
4,1421	-3,5976
0,7998	-2,8767
11,9407	-9,4956
8,7954	-1,5003
19,1498	-4,5149
11,9412	8,7888
13,5795	6,7571
22,4925	-0,4517
7,0259	0,9901
21,1819	-6,7431
4,4045	-3,5319
22,7547	-8,4470
3,8146	2,6940
19,0191	4,4633
9,5164	-9,7578
26,6211	-5,4324
5,3221	7,3469
26,4245	-11,0686
13,0553	-7,5295
20,3952	-12,2481
10,8927	-7,5951
27,4075	0,8589
22,2304	-1,8281
13,1207	-8,6436
21,4441	3,3494
8,7299	-7,5295
20,5265	2,3665
5,1254	7,2815
24,0654	-0,9759
3,4870	3,8738
13,8417	1,3834
-2,5422	6,7573
20,9850	3,8737
3,3559	2,5629
10,3681	3,0873
3,4869	1,1866
5,5182	-5,3013
-3,1978	-5,9567
-5,4919	-2,4177
-6,8024	5,7742
-12,8320	-4,7115
-14,9289	-0,3861
-26,1358	0,7280
-7,3268	-0,7794
-32,4273	2,6285
-14,1425	0,5314
-32,4927	-0,6482
-14,7980	3,7426
-25,5458	-1,8934
-3,3293	2,9562
-13,3561	2,8251
-8,7688	0,7280
-3,9843	2,2354
0,7995	-0,0584
0,9310	7,4127
7,2876	0,4658
6,9603	0,3349
-1,7561	4,2669
10,8927	-4,3183
3,1592	8,5924
20,1332	1,5143
2,4384	2,6941
22,8858	-1,7624
11,8757	3,9392
22,6891	4,7256
14,8904	3,3494
28,3906	4,6601
17,9050	5,7742
22,5578	-3,8595
16,7909	6,4298
14,9557	13,3110
20,0021	5,5122
2,6348	7,6750
12,1379	15,9325
-6,5402	14,9494
7,1570	10,8863
-5,3606	10,6897
5,5186	13,2455
-4,0499	15,4081
9,1885	2,3009
-3,5255	1,5145
14,6278	3,5461
-5,2294	-5,6290
12,3340	-8,0538
-10,5378	-4,2529
6,3046	-9,6924
-0,7076	-9,4303
-5,7540	-16,8358
-7,3266	-13,4279
-13,3562	-15,3285
-6,0815	-10,3478
-23,1865	-12,1828
-8,7684	-8,3161
-20,3030	0,7933
-0,3800	-6,9399
-18,1403	-4,9082
-3,3946	-1,5002
-17,2227	7,5437
4,0108	7,2815
-17,6814	6,4952
-5,2297	11,2139
-8,2442	5,9710
-0,1181	13,1800
-6,0816	8,4614
-8,1134	14,4908
-7,9165	13,6387
-13,3562	-4,1869
-7,3922	8,2650
-13,8803	15,3426
0,7998	11,4761
-12,7662	7,8716
12,0065	0,0074
-9,3583	14,2286
10,3682	13,3765
-0,1831	1,5145
14,8245	4,3982
0,8656	10,9516
15,8732	1,6455
17,4462	-5,9566
15,2833	-5,0391
19,3468	1,6455
9,7129	3,6771
24,0000	3,6115
8,9265	-6,2843
28,3909	-6,4808
13,7106	3,4150
24,4586	10,6239
-1,6246	-3,9250
20,0677	7,0851
10,3684	8,7889
25,1793	0,7280
7,4847	3,3494
18,1014	2,0387
16,9220	0,3347
26,8831	-5,1702
17,0531	-5,4323
19,1500	1,8420
24,5897	-6,1533
12,5309	-8,9713
19,2159	-6,0222
4,0112	-7,3985
12,2036	-7,5297
4,6012	-11,9860
16,6598	-5,7603
7,6813	-13,2314
16,9218	-10,3477
-0,5106	-8,6439
18,6912	-6,8088
5,8463	-7,1365
6,6980	-9,1680
7,0915	-6,8087
8,5329	0,8590
3,6180	-4,9737
3,4211	-1,0415
11,8099	-2,2211
-6,9337	3,8737
-9,0959	-0,7138
-12,4385	-5,7600
-2,3460	2,0387
-12,5696	2,3008
-1,3630	-2,8110
-15,1911	-2,0244
0,0132	8,8545
-17,2882	15,5391
-3,6568	9,1821
-7,5889	6,7574
-2,6740	11,1484
-9,0962	13,5076
-6,4749	8,0682
-2,0183	9,9689
-4,3123	18,2262
1,9139	10,7552
-10,5381	11,8038
4,9286	12,3936
-12,4386	16,7190
5,9772	16,3912
-6,0815	9,9687
11,6788	10,9517
-7,9164	9,5099
10,3680	7,0196
-12,5694	2,4321
-0,3143	10,7551
-4,5085	7,8059
0,7996	10,9516
-1,1663	-7,2017
-1,2976	7,9371
-5,8849	12,6554
-9,8173	-2,4833
0,8653	2,6286
-14,4703	-3,9251
3,4868	-0,4516
-13,6838	-3,2697
3,8145	0,3347
-9,9482	2,9560
7,7466	2,2351
-2,6736	-12,5759
8,4675	-6,0222
-5,2949	-9,7579
16,0040	-9,3645
-9,6203	1,5143
4,9941	-9,6923
6,9603	-7,4640
6,7634	7,7402
10,6958	-5,6947
-5,1641	-0,6482
6,4361	6,2984
-5,8194	-7,8572
6,2395	-0,5827
-17,6158	3,2183
6,8948	-2,2867
-24,8247	8,3957
1,5207	0,4658
-12,8317	2,5630
-1,0354	11,2792
-11,9143	-4,7115
-2,4773	4,5291
-3,2636	-0,7794
-8,4411	-7,9227
-6,1471	-2,0245
-11,6523	-5,5636
-0,9042	-1,3693
-14,4048	-8,6439
-4,3120	-12,5759
-21,0238	-9,4958
-3,0668	-16,5082
-16,3707	-16,5736
-8,1786	-11,0031
-9,3583	-18,3431
2,6346	-6,4812
-14,6012	-11,3309
-2,0840	-16,1805
-8,5063	-7,7919
-1,1666	-13,0349
-11,8486	-17,5568
1,2583	-13,4935
-4,1155	-7,2022
-14,8634	-16,4428
2,8315	-15,2629
-9,6861	-7,7920
3,6835	-13,2970
-10,4069	-19,7850
7,2225	-16,6391
-5,0983	-13,9523
15,7421	-12,5105
-2,6079	-14,4110
15,7421	-13,0348
5,5842	-13,6246
15,4144	-12,1171
5,9774	-2,4179
12,2686	-7,7263
12,6621	0,0725
12,4651	-11,7238
15,6767	-3,3352
0,6687	1,0557
13,6452	-3,7284
7,4190	0,7281
12,1377	3,6116
-1,3626	-1,6313
23,0822	-2,7453
1,9140	10,8204
17,2495	-3,2699
12,5309	-9,1678
25,1791	5,7086
0,9967	-4,7116
17,1183	-0,1241
18,1014	-3,3353
13,3171	-2,8766
5,7153	-6,5467
9,3850	-11,3962
15,2835	-15,6560
6,0426	-8,6438
1,1278	-1,5660
-5,2294	-14,8697
7,0259	-10,2823
-6,2124	-12,6416
10,8925	-3,1389
-9,6202	-14,9354
12,5963	-14,8697
-2,0180	-11,3964
14,0381	-16,0495
6,1084	-18,2121
16,9216	-16,1805
1,9797	-16,0495
15,0211	-5,7604
17,5116	-16,2462
8,2054	-26,0763
15,1524	-8,7749
-1,5594	-15,0009
10,2373	-19,4572
-5,8192	-16,4426
6,5672	-3,7943
-1,5594	-13,8213
9,7783	-12,7726
-7,0644	-6,2847
4,4698	-16,9015
-8,1785	-18,1465
15,1520	-10,0857
4,6664	-9,5615
6,3701	-12,3139
3,6179	-13,2969
-6,6060	-17,4911
-4,7705	-17,1634
-6,6059	-8,8404
0,8654	-8,9060
-13,4216	1,1866
2,8970	1,8418
-12,1764	-2,8111
-1,2973	-1,5660
-11,3900	-16,3114
3,4212	-0,3206
-6,8024	-5,8913
4,6663	-6,6121
-2,7391	-8,7092
10,3023	-4,9082
-3,6567	-5,6946
-1,3630	-7,9229
2,5694	-19,4570
4,0109	-8,3815
3,9456	-4,9083
-14,9945	-14,1488
1,7831	-14,2797
-9,2928	-2,6144
-3,1978	0,5312
-14,7977	-0,9105
10,5647	-2,1558
-15,9118	3,8081
6,3048	4,9877
-5,4916	0,0726
6,8290	-1,6313
-8,4407	6,8227
0,1444	-5,6290
1,8486	-0,9104
11,8751	1,3178
-1,3627	-7,9228
-0,2488	-6,3499
8,4676	-0,6484
-3,3290	-4,9082
2,8971	-5,8257
-6,4746	-3,9252
8,7953	-10,2166
-8,3751	-0,8450
16,3974	-5,7603
-3,7877	-9,6268
5,7806	-7,3331
0,4723	-3,5320
16,9215	-1,2383
5,1253	-4,6461
15,9384	-10,8065
7,6157	-11,8550
5,1907	-5,7602
12,6621	-9,5613
10,3024	-13,0346
7,4847	-5,8912
-0,9039	-8,1850
18,5603	-11,0685
-2,5423	-5,2359
21,6406	-4,0562
4,7321	-1,2382
21,6405	-4,5804
1,3899	10,5583
22,8201	-1,0416
6,6983	-3,5318
19,7398	-7,7916
19,4123	7,8715
26,3588	0,2692
18,6258	-0,9103
24,1962	2,1043
21,7715	10,6894
5,3219	-7,7917
12,6623	-1,5656
-0,9694	4,3980
20,5919	-2,7454
-3,0011	2,3009
12,2688	-6,6121
-4,3118	-8,8402
7,0259	3,9392
-2,5424	-1,1072
2,8970	-3,0076
-2,7389	2,3006
13,2515	-9,8234
12,5307	-15,1972
6,8944	-10,5442
3,8802	-5,9567
2,6347	4,3978
8,2710	-11,5929
-3,0669	-4,5149
8,0744	-3,3353
-8,3753	-6,2844
3,3559	-8,7747
-11,8486	4,1357
8,5331	-0,5174
-4,3776	-3,6631
9,9092	-13,1001
-6,0814	-2,4834
11,2854	-2,1558
-1,7560	-8,5783
5,5838	-8,1194
8,8608	-4,4495
4,3386	-8,2506
8,6643	-6,6776
0,0788	-2,8111
8,4677	-6,2844
-3,4601	-1,8280
10,4992	-5,7601
-13,4215	-6,8086
4,1423	4,1358
-12,8970	-4,2529
14,9556	-4,0561
-6,4746	-6,8742
10,3026	-3,8595
-2,1491	1,3832
17,8391	-8,9059
9,1230	-2,8109
20,0016	2,8250
3,7491	-1,3037
14,9555	-5,2357
10,3026	-7,9227
-4,4431	-1,0414
4,2735	-4,9081
-3,2635	-13,1654
1,5208	3,6116
-17,0259	1,1866
4,3388	-4,1216
-13,5526	-6,6775
1,5207	-2,9420
-5,5572	7,1504
0,1442	-6,0879
-14,7977	-5,7601
1,4549	1,7764
2,4382	-8,3817
-5,0987	-15,5250
-3,5254	-8,8403
-0,0524	-11,9206
6,8292	-4,1873
-4,3121	-11,0687
13,9726	-15,1317
-5,9504	-4,2529
9,8439	-1,5004
-10,2101	-3,6630
8,3366	-7,3985
-1,4283	2,6285
12,6618	-0,5172
-3,7221	-1,5002
4,4698	7,2816
-0,4453	2,8252
4,5353	1,5145
9,1230	3,2184
10,9577	2,5630
3,5524	4,7258
-2,6080	12,5899
9,5164	-0,3861
-0,9697	1,9733
7,0915	5,1844
-10,3412	-1,9589
8,0744	1,9077
-8,6374	6,9539
8,2709	11,9346
-9,7514	0,5969
11,4165	2,7599
-6,0160	9,4445
5,8460	9,1167
-6,4746	14,6874
6,4358	18,9472
1,4553	14,2287
6,0425	17,3089
7,8123	14,6875
6,9601	22,8795
10,0405	26,8115
-5,6882	21,5032
13,9072	16,5226
-3,8533	22,0276
8,1400	25,1077
-9,4892	20,6512
14,7590	18,7506
-3,5911	15,2118
5,7805	18,6850
0,8654	11,4761
12,7271	7,4129
-1,7561	10,4275
2,8313	15,4081
2,0451	2,1043
8,7950	3,6773
6,5014	4,0048
-7,5889	2,7598
5,5186	6,3642
-5,9505	6,2987
7,4190	10,8861
-8,8339	9,3788
10,5649	8,0026
4,5354	10,6895
20,5917	10,6896
2,7006	3,6116
22,9510	5,3156
7,6158	0,0071
21,1815	5,1189
12,5965	-0,1897
13,1206	-9,6922
10,5649	-12,3792
6,6980	-6,3499
12,0068	-4,5150
-0,8386	-4,4495
4,8633	-1,8280
-0,9041	-6,4810
6,7637	-5,4325
-8,6372	-3,9906
2,1762	-3,4008
-8,8994	-1,8935
8,7951	-1,8935
-12,8972	-3,0076
1,4551	-0,8449
-9,4893	-5,1047
-5,1642	3,1528
-6,4747	-1,3692
-8,7687	-1,5002
-6,7369	-0,7138
-11,9145	5,7743
-11,0623	-2,1556
-24,5629	-8,7746
-9,2928	3,9392
-21,1551	-1,6969
-6,4749	0,7280
-22,0724	-4,3184
-7,4579	-0,2551
-21,6136	-4,6461
11,8752	-0,5828
-10,4725	8,1333
3,6833	-0,5829
-0,9041	-3,8595
3,0279	-2,3522
6,3705	-0,0584
7,1566	-3,3352
10,2372	1,9733
3,3557	0,4660
13,6451	-0,1239
1,7829	3,3495
15,0213	4,7912
-6,8023	2,2353
11,8100	-1,8280
-10,6689	-3,8595
15,0211	-4,1217
-14,2735	0,0725
6,5014	-7,5952
-7,7199	-4,7772
5,9113	-6,8089
-7,9821	-11,7895
-1,6907	-5,0394
5,4528	-12,7726
-2,8049	-9,1025
0,9965	-3,9907
-11,4554	-4,5806
11,0892	-8,3815
1,2584	-7,7261
1,9796	-1,3036
-7,7852	2,2352
8,2710	-0,6482
-8,1785	5,3810
7,9433	-2,0901
-5,6226	1,8422
2,6347	1,0556
-4,0497	0,5969
10,3679	5,6432
-1,4939	-5,1048
2,1758	-8,4470
1,3897	-5,1703
-6,6715	-9,1681
1,5863	-5,8913
-10,4725	-4,6461
4,5354	-6,7433
-13,9459	-6,6778
8,0745	-15,7217
-6,5403	0,5313
13,5138	-5,1050
-1,3628	-5,6292
17,7736	-8,1850
-2,4114	-8,3160
16,1351	-5,8257
0,4723	-4,1217
5,8460	1,9731
0,6033	10,5583
-2,5426	-4,8425
9,7128	6,3642
1,9136	9,0511
-1,7561	8,5270
-17,1571	10,2964
2,3726	6,2988
-22,0724	11,4106
1,9794	8,3959
-28,2984	14,4253
-7,3922	16,1946
-19,4509	6,5609
-1,0354	18,3574
-14,7323	20,7165
-0,1180	8,0026
-3,1324	3,1531
3,0277	8,1337
4,4696	8,4614
-4,7710	8,0681
3,3557	-1,6967
-8,7031	10,1653
6,3705	3,2839
-5,4918	-6,4153
5,5840	1,6456
-14,8633	0,5313
5,3220	-2,4832
-1,4939	-2,1557
9,9748	-1,1726
-0,6419	-0,5829
15,6108	1,9076
1,8485	-2,3523
1,7828	-2,6799
9,9750	7,2815
7,9430	-4,1217
10,8269	1,8421
-6,0161	1,1867
5,6497	3,7427
-3,1981	0,7936
-1,8871	2,8252
-14,9944	-2,5487
-7,5887	8,0025
-22,9243	3,0873
-1,7562	1,5800
-25,2181	4,3325
0,1442	4,0047
-17,3539	-2,0245
-2,4774	-0,8448
-20,6961	-0,8448
-6,8683	3,4150
-14,2080	1,5145
-7,1959	2,2354
-3,8533	4,7913
-6,0162	7,6748
-2,4769	0,4005
-8,8341	5,5123
2,8970	15,2116
-12,6351	18,4228
9,3196	13,9664
-6,2126	13,9666
5,0597	28,9741
0,2100	13,9010
12,2685	12,0660
-2,7389	23,0105
7,8777	21,9618
8,8609	19,4060
16,9215	11,1484
4,6011	10,5587
3,0281	17,3743
15,8078	1,3180
3,1591	3,6118
12,9241	4,5292
0,9309	7,4128
11,2857	13,4419
-4,1809	2,6940
13,7760	-2,6798
-6,1469	5,9053
11,5478	-5,3014
-5,2949	-3,4663
3,8800	8,7887
-3,7875	-8,2506
8,9262	-12,7069
-1,3628	-4,9082
-4,0499	-5,6290
1,3242	0,4658
-2,1495	-1,6969
7,2879	-0,5828
-7,7201	5,0533
-0,7730	-4,3839
-18,9921	-3,4663
6,1083	-4,7770
-11,8488	1,8419
-1,5594	-10,6753
-10,8656	-1,4347
10,8921	2,1696
-11,4554	-1,4348
6,6324	-11,0029
2,3070	3,2840
-3,9845	8,2645
-4,9673	2,9562
2,2414	2,4976
5,9115	2,0389
-9,5551	4,4637
6,5016	7,3473
-9,0963	1,3180
3,2248	6,7575
-16,3706	7,0852
9,1885	3,4807
-3,5256	10,1652
7,4845	13,7697
-6,7368	11,5415
8,3363	7,0194
-5,2950	-6,1531
5,8459	14,3595
-9,4893	4,5291
0,2754	2,3010
1,9795	5,3156
2,9622	2,6941
-0,0521	-2,2865
-6,4092	1,5801
10,4992	3,2840
-9,1617	0,8591
-0,3141	3,0873
-1,6905	4,3324
7,6811	-2,5488
-10,0136	-9,1025
7,0257	-13,8865
-14,9288	-1,1071
6,3702	-10,2167
-7,3923	-7,5297
-8,3755	-1,0417
-8,4407	-12,1171
-4,3124	-3,9906
-9,6861	9,5752
-10,6693	-0,7794
-4,3121	-3,0730
-17,6817	0,8592
-9,1617	7,7404
-22,4657	9,2477
-2,9359	8,7234
-19,9753	10,4273
-10,2759	13,2454
-16,5018	10,9516
-1,8874	5,8399
-15,5842	19,2746
-1,4286	10,2306
-5,2295	7,8715
9,0570	0,5315
1,3240	5,1846
-7,9822	11,9347
-0,1175	9,5754
1,1928	2,6287
3,1591	4,9880
-13,7493	11,5415
4,1423	12,3935
-14,9944	13,1800
3,6835	15,0150
-13,5525	11,9349
7,2879	12,8523
-9,8825	19,0127
4,4699	12,8521
-1,4939	6,2331
1,7172	2,6286
3,3559	-0,5827
3,8799	3,4805
2,3728	2,1697
1,8482	-7,7918
5,5840	-13,4932
-0,3800	3,6116
8,5987	-11,7895
-12,8318	-12,1825
1,7174	-0,7139
-15,3877	-4,2528
0,0790	-2,0900
-11,8487	-0,5172
4,4698	-0,3861
-10,9967	5,3811
0,2099	6,6262
-1,4283	0,4003
10,8921	5,6433
-2,6080	5,2500
5,9115	-4,6458
-0,2487	4,5948
4,0765	9,1166
-2,2147	13,6385
-7,7198	11,4103
7,0259	2,4975
-13,8802	13,9007
0,0791	6,3640
-15,7807	2,7597
4,6665	3,4806
-18,5332	7,0195
9,9748	4,3980
-13,2250	3,4151
-5,8850	6,7573
-13,3560	11,4759
4,1417	-0,7792
-12,8318	5,5778
-12,7008	3,0873
-1,9528	6,8885
-12,7665	5,2500
-5,4261	-2,1555
-10,8659	5,9055
-5,0984	7,0195
-10,4070	11,2138
-6,9335	4,3982
-19,7785	9,7721
2,9624	9,7719
-14,0114	10,8861
2,5691	1,5144
-16,7639	-1,6313
-1,6253	-4,4494
-3,9189	-7,7263
3,2898	-10,9375
-9,2272	-9,1681
1,6514	-19,3262
-12,1763	-13,5590
-6,7370	-16,1151
-7,2611	-13,5591
-9,9483	-16,4428
2,6349	-20,4404
-16,9605	-19,5229
8,2054	-18,0156
-17,8779	-16,1807
5,5840	-22,7997
-5,2949	-23,9794
13,4482	-18,5399
-8,3096	-19,8507
13,9070	-16,1151
4,0767	-11,5930
2,4381	-11,5275
0,2757	-16,7703
4,4697	-16,3770
-1,4938	-1,4349
-7,4578	-16,3770
4,8630	-4,3183
-19,5819	-9,4957
0,7344	-1,0415
-8,1788	0,3346
4,2732	-3,1386
-19,9096	-2,6143
-0,1177	10,2307
-12,7661	6,1019
10,9576	7,2818
-10,4069	6,6264
-0,6422	8,8547
-2,2150	18,0296
-3,9846	13,3767
-7,4578	11,2796
-5,2954	18,2263
-10,5379	7,5440
-21,1550	5,7746
-5,3606	12,6557
-26,1357	15,0805
-11,9142	10,4274
-23,3831	2,6287
-7,1956	10,0342
-10,2103	11,7380
0,4720	0,3348
-8,7029	-2,5487
5,4527	4,5291
-2,8703	-0,0585
4,6663	-7,5949
-3,1979	-0,2550
-3,4601	-3,4007
7,0258	3,2183
-4,0501	-1,8935
2,6350	-1,5657
-9,4894	0,4658
9,6473	2,6940
-4,8363	-2,6144
10,6302	2,2354
-11,3242	0,0070
16,0698	-0,2551
-8,7684	1,9732
10,9580	-0,7793
6,1739	1,8421
14,1691	-0,3861
9,6473	6,5606
15,7419	0,3347
7,8124	-2,2212
17,2493	-9,1025
11,9411	-4,1218
1,3897	-0,9105
14,1694	-5,1704
-0,2487	-8,9715
11,4168	-12,0516
-10,4067	1,0556
9,7130	-6,6122
2,9627	-5,4325
19,6087	-8,0539
3,6180	-3,2042
19,5431	-3,5975
14,6936	-11,3307
17,9702	-6,4810
13,9727	0,9244
16,5940	-5,7602
18,5603	-4,7116
9,8438	-7,0709
21,1818	-1,3693
10,4336	-7,2019
10,6961	-2,6801
-0,4452	-10,8065
13,7106	-6,0879
-8,7027	-2,2869
18,4291	-8,0540
-7,7198	-9,8235
16,0697	-9,1026
1,2586	-7,9885
9,6471	-11,9207
-2,1492	-8,3818
10,3024	-6,9400
7,2224	-17,6877
2,3070	-16,1148
-3,3287	-6,6777
5,5839	-9,4303
4,9942	-4,6461
-6,8023	-8,5782
11,0236	-6,2845
-8,0476	-3,4010
11,0236	-2,3523
-5,3605	-4,4495
11,5478	-3,2698
-3,1322	2,1041
17,0528	-8,5127
-6,2778	2,0387
23,8030	-4,2529
14,2348	-8,3816
17,2494	-0,7794
21,0506	-4,0562
18,2324	-2,6144
19,6088	-10,2165
7,2879	0,0072
19,4779	-10,0200
3,0281	-7,3329
19,8055	1,5799
6,1739	-1,3694
18,6913	1,2522
0,0792	-0,1896
20,3298	-0,5173
4,0113	-2,3522
20,2641	3,9393
3,3560	-0,6483
20,1984	-3,7284
4,3389	4,1359
4,9941	-0,0584
5,1253	6,3640
-9,3584	-3,1387
-1,8870	-8,7746
-16,3053	0,4004
-3,1978	-1,7623
-19,3854	1,1213
1,1274	0,2692
-26,2667	-4,1872
3,2901	5,9053
-13,3561	-9,6923
6,5667	-4,6460
-5,7539	0,9245
0,5375	-8,4472
1,5862	-17,6877
8,2050	-8,9059
0,4066	-7,9230
0,2097	-17,6223
1,2586	-15,0008
0,4063	-12,5105
1,2586	-20,3749
-12,5042	-18,0811
0,6687	-15,7218
-13,3561	-13,0349
3,6833	-20,8336
-23,3830	-7,5298
1,0619	-12,8382
-13,4215	-15,7873
7,4189	-10,6100
2,6348	-14,4110
7,2877	-9,2337
-3,3943	-10,7411
16,0696	-18,6709
10,7614	-15,7217
8,7296	-14,4111
15,8734	-19,2607
7,4845	-11,5275
18,7570	-18,6710
1,5864	-19,1951
16,0046	-10,7410
-0,9038	-14,8699
29,7015	-15,7218
4,2734	-12,7727
20,5921	-10,2824
12,6621	-10,9377
16,6596	-15,5251
9,1232	-3,5976
17,9701	-7,2021
-0,2487	-6,6777
0,0132	-0,9760
1,3897	4,5946
-7,5235	0,1381
-1,4285	-1,3035
-13,2907	6,4296
-7,7855	6,3641
-20,0407	8,7890
-3,1979	7,1505
-17,5504	6,8229
4,2077	11,2792
-17,3536	-3,6630
4,2733	-0,5826
1,1276	1,3178
16,7249	1,5144
9,3852	1,0556
12,8584	-9,1024
15,8079	-8,5781
17,0528	5,5120
23,4102	-8,9715
19,6743	-17,3599
28,2599	-5,5635
18,6915	-6,4156
23,5413	-10,8064
12,0724	-5,1049
27,9977	-4,8427
5,9775	0,5312
30,8155	-12,2483
1,7176	-3,2041
25,8348	0,5312
7,6158	-13,4933
25,9657	5,6432
-0,9038	-7,5296
16,1355	-3,1385
17,7740	8,6579
21,9024	-4,3838
15,4803	5,7089
20,1330	8,2647
18,6259	0,9246
-1,2316	-1,1068
14,4317	5,1191
-5,8846	2,7597
17,1841	7,4128
-0,1831	7,4783
14,6935	7,2818
-5,6225	23,9934
14,6280	8,3958
3,1592	13,8354
12,9894	8,5925
0,6690	13,9665
17,4459	11,0173
9,3851	4,7260
5,5183	13,5077
8,9920	6,1020
6,9600	2,4977
8,4676	8,2649
-8,1131	10,4930
5,3219	3,8083
-7,9821	3,5463
-2,6735	5,3811
-14,0768	7,6094
4,4697	5,2500
-8,4408	-9,5610
1,1928	6,1675
-13,2903	3,8736
2,5035	-8,7747
-8,8341	-6,6775
-4,5088	-7,5952
2,3726	-10,1510
-12,6354	-1,4347
-4,7707	-9,4302
-14,1427	-7,3329
-2,4115	0,8590
-26,1357	-2,6144
-5,0329	-5,8255
-20,8929	2,4975
-0,7731	-3,1387
-14,4047	-0,7137
6,6978	1,3178
-13,8148	-0,9104
2,5036	-0,9759
-6,1470	0,5314
3,4866	2,4975
-3,6566	5,6432
-0,4455	-1,3036
2,2418	-2,0245
-3,2636	3,3496
0,7345	1,9732
-5,0330	-0,4515
-3,0666	5,5777
-7,7854	1,2522
4,8631	-2,4177
-13,7491	0,2036
15,5455	-4,5806
-2,8048	-7,9884
10,8268	-15,8528
-3,5255	-12,1174
8,8607	-16,1151
5,3219	-21,6201
5,9114	-25,6832
6,5671	-22,3410
0,9307	-18,2122
3,8802	-6,9401
-2,0839	-15,0665
-1,1661	-19,5228
-8,8340	-19,2606
6,2393	-6,2190
-18,0745	-15,3941
6,3049	-4,9738
-12,1109	-7,9230
2,0450	-8,9715
-8,4408	-19,1950
5,3872	-7,3986
-2,4115	-13,8213
-1,1010	-10,5443
-6,6712	-9,6925
8,7950	-23,3238
11,3510	-15,3939
-0,9044	-8,8405
-3,7875	-9,6269
-8,1132	-8,4471
5,5186	-6,3501
-6,9335	-0,0585
7,0913	4,0046
-6,0815	-12,2482
12,3998	-5,5634
-1,4938	6,2984
21,9680	-5,3014
1,1932	-8,1194
15,7421	1,1211
12,3343	-7,7917
14,4313	-7,2019
8,2056	-2,6144
6,6324	-2,9421
-1,2316	-2,2214
-2,7393	-10,2821
0,5377	-7,0708
-13,4871	-1,1727
-0,7074	-14,9353
-13,8149	-3,6629
4,7974	-4,3840
-15,9120	-7,9228
6,7636	-9,3646
-11,3243	-7,7918
16,4628	-6,4810
-5,4916	-7,0709
8,4675	-9,6923
6,7637	-5,4325
13,9068	-8,5783
4,7321	-12,1827
0,9964	-16,3115
11,1546	-10,4788
-4,7709	-11,8551
0,3413	-6,5468
-5,5572	-17,5567
6,6326	-13,2968
-13,0938	-3,6631
3,2247	-10,4788
-10,9966	-3,5319
6,6325	-7,5952
-17,4191	8,2646
4,5354	4,1358
-7,5232	5,3810
3,8799	-1,1070
-3,2634	6,2331
6,8290	3,0873
10,4991	0,6625
0,7996	-1,5003
4,2079	-2,0245
0,9963	-9,1679
12,5309	-8,5126
-6,6058	-4,7771
12,0066	0,6623
-10,2757	-10,3477
17,5771	-7,9883
5,6494	-7,8573
15,6765	4,8566
0,6688	-2,5490
21,2469	-5,6290
1,2587	2,4974
11,3511	1,5799
15,2833	-1,2380
7,3533	1,7767
10,1061	5,7087
3,3556	1,9732
7,1570	2,8253
-4,9673	5,4466
8,4022	-1,5002
-11,1278	3,2840
0,5379	2,8252
-10,6689	-2,0244
0,4067	8,6579
-5,0983	5,5120
17,9046	-3,0075
-1,1663	4,4636
11,3510	-1,7624
0,1446	-6,9396
9,8437	-3,1385
6,9603	-0,9103
13,1205	6,9539
11,2857	-0,2551
3,0281	-7,3328
13,0552	4,2014
1,9794	-1,1071
9,5818	-5,1047
-6,7367	4,7911
8,5332	0,8590
1,1931	-3,9906
9,7782	0,4658
-7,1954	0,0070
8,7296	-7,5950
-6,3436	0,5314
5,2561	-1,5002
-0,5109	-2,4177
-5,4264	6,1019
-4,4429	-8,2505
2,7001	-11,7237
-0,8386	-2,3521
-8,1132	0,7280
12,2687	-4,7769
-4,9675	-2,4832
9,5162	6,4951
-10,2102	8,5267
9,7784	4,6601
-0,9696	-1,3036
14,9555	9,4443
-12,6349	8,9199
6,1082	8,6578
-1,4939	0,5314
4,6662	-0,3205
-6,0158	13,0487
8,6638	-1,0416
-6,0814	-7,4638
-2,8048	0,9247
4,0767	9,9031
-8,3753	8,3957
8,7297	7,1506
-10,4069	6,3641
1,9140	8,3957
-22,2033	2,6941
0,8000	-3,1385
-1,8872	6,9540
-1,6251	10,5583
-3,8532	-4,7115
8,0740	1,5801
-11,1276	4,0703
4,6007	1,4488
-2,1493	4,0048
-1,7563	0,7935
3,9457	-10,4131
-1,8219	1,1212
7,4190	-6,2188
-11,5866	1,1868
2,2417	-1,6969
-13,4216	1,1868
-0,8386	10,9515
-24,1039	4,9879
2,2417	6,4951
-14,2080	6,9539
2,7658	5,8397
-14,4045	1,5144
8,8606	5,8398
-4,7052	-0,7139
4,9940	3,8082
9,1230	0,1381
9,2538	-0,3861
9,8440	-0,1239
3,3557	2,9563
9,1232	5,5778
6,5014	11,2792
14,2348	5,5777
-7,1300	-0,4515
4,9287	11,8692
-9,5548	4,7256
12,2030	1,3835
-10,6034	1,0557
5,0594	-0,2550
-18,3367	0,7935
0,4718	-5,9568
-6,9991	-8,2504
-11,2593	-0,1896
-5,6229	-10,4133
-14,6671	-8,3816
-11,1279	-6,2191
-26,9222	-12,1172
-13,0283	-7,6607
-19,9753	-7,7263
-7,2612	-11,0031
-27,3153	-0,7794
-5,3606	-3,7285
-20,1064	2,9562
-4,2467	1,3177
-12,9628	-1,1071
-2,4773	-3,4007
-19,9096	3,1528
-4,3123	0,0727
-5,0985	-0,3205
-6,8683	10,4274
-8,2441	2,8253
-4,0502	12,9833
-1,4940	12,1314
-11,9799	15,3429
5,5839	27,2047
-18,5335	22,4861
0,5377	23,4692
-8,5719	19,4060
10,6957	18,6853
-12,4384	24,7800
7,4189	17,4399
-7,1299	20,1924
13,5792	18,0297
0,1445	6,6265
5,3217	4,7259
6,9603	11,0828
4,9940	-6,0876
6,2395	4,2015
0,4720	-2,7455
12,1376	-11,8548
-7,1956	-0,5172
9,8439	-7,0709
-15,9117	-4,0562
14,2348	-1,1727
-9,6858	-5,4980
12,5309	-3,6631
-0,8384	-6,8743
12,9895	-13,6899
6,0429	-6,5465
15,4799	-10,4131
5,0599	-3,9906
13,8415	-7,8573
6,5018	-4,8426
8,7953	-7,7262
19,6745	-5,6946
5,9772	-5,4324
15,6113	-8,9058
5,1908	-1,6313
14,1039	1,1867
-0,6418	-1,7624
10,4338	5,8399
-1,1006	5,7743
11,4822	1,6455
-5,2293	3,0873
10,3025	7,1505
-1,1006	1,5143
6,7633	-5,3667
-7,5886	4,7911
8,9916	-9,0369
-1,2319	-7,3985
-7,9822	-5,6947
-1,5594	-9,8234
-4,8366	-7,7263
-1,4940	-9,0370
-9,0308	-9,0370
-5,8194	-2,0902
-17,6813	-1,8937
1,9139	-10,7410
-9,9481	-4,1218
8,7296	-0,8451
1,9139	-5,2360
12,9238	-8,8403
-0,6418	-1,8280
11,2855	-1,8937
10,5648	-16,7046
11,1543	-7,7262
10,7614	-6,4156
-6,4092	-4,4494
13,8416	-0,5829
-6,6714	-7,1363
3,8801	0,9901
-9,6204	-3,4009
5,9772	-1,0415
-8,6373	5,1843
7,1568	-2,6800
-10,5378	-3,9906
5,1907	-3,7285
-6,5401	-7,2674
12,3340	3,4805
0,9310	2,6939
3,8799	-6,9397
7,4846	-4,4494
0,9963	3,2183
7,4848	-8,9714
4,0110	-4,9081
12,5310	-8,7748
-1,1007	-7,3330
17,9705	-5,5635
2,1107	-0,9106
18,8225	-7,5953
3,9458	-3,2699
13,8418	-13,4280
2,1763	-10,7409
21,2471	1,1865
4,0768	-6,4157
15,0210	-7,9229
3,0937	-10,4133
0,0132	-4,9737
-3,1977	-7,2675
1,4549	-2,8766
-0,9697	-1,5003
-19,3854	2,2352
-4,2464	-5,9567
-19,7786	2,9562
0,1444	0,6624
-24,1039	9,3131
-2,0183	1,5799
-19,0576	-5,3012
4,6663	9,5098
-11,3900	1,1211
-2,8704	6,8229
-7,5888	1,7110
3,4210	-1,1724
-6,1470	4,2014
0,9962	7,4127
1,7828	3,3495
-16,3707	4,9224
-0,8384	-0,6481
-4,0501	-3,4661
-2,4115	4,7259
-20,4994	13,5075
2,5038	8,4613
-19,1888	11,2793
8,7296	0,7281
-10,8657	8,8545
1,4551	4,1360
-3,5256	10,6241
5,7803	3,9394
4,6009	15,0806
8,0740	9,9687
3,6834	13,0489
-0,6423	5,1191
-0,6418	9,9687
-4,5743	3,8740
8,5330	9,2478
-15,1256	8,2647
5,3874	7,7404
-18,4022	6,8884
8,0743	4,9223
-6,9335	4,5946
6,7636	-3,8595
-5,2294	0,0726
19,8052	-5,5635
1,3242	-3,7941
11,6788	-5,5635
13,1863	-5,1704
13,9724	-18,4086
6,2395	-11,5273
4,9941	-5,7603
15,8078	-16,1805
0,9962	-13,6245
-5,8845	-7,6607
-7,2611	-8,3162
11,0235	0,7934
-5,5572	-0,3207
7,1569	-0,0586
-8,3751	-6,4154
12,1375	-3,5319
-7,9164	-1,8280
6,8291	-8,9714
5,6495	-9,4956
12,0063	-6,0224
1,3897	-10,4133
6,3047	-7,3986
9,3196	-6,8744
0,6030	-15,5906
5,1909	3,8080
-2,4116	-6,4157
8,7298	-8,3817
-6,6057	-17,5566
8,2709	-2,3523
-11,9796	-1,8937