-7,0273	-2,2559
12,3057	1,0208
-12,9910	-0,4865
13,8787	0,3655
-0,0149	-5,0085
-0,4081	-3,7632
0,8373	0,2345
9,2910	1,8073
-1,0633	10,9823
-3,0296	-3,3046
7,3909	4,8875
-4,6681	9,0162
15,3862	4,0354
-7,8792	4,5597
13,0925	-3,3701
0,9682	-5,0739
20,6946	0,4965
9,4224	-6,5159
27,0515	-5,2706
2,6068	-1,7973
24,2991	-5,1398
6,5390	-7,3023
21,5466	-3,5014
13,8791	-13,5283
10,3399	-1,7974
15,5176	-7,6302
11,6506	-8,8097
11,4543	-8,4165
5,2281	-5,2052
14,8622	-8,4165
11,3229	-8,2199
18,5975	-5,2707
3,7208	-4,8121
19,5149	-6,5815
2,8034	-8,1543
20,1047	-1,7319
5,7525	-7,1058
29,1486	-10,2514
14,0100	-1,2732
19,8426	-7,5646
9,4226	-9,4651
13,4857	-3,8946
20,7604	-7,1713
14,7963	-1,4042
25,0858	-5,5329
6,0146	-7,7611
30,0010	4,2320
15,6483	-2,8459
29,8043	0,0378
14,7965	-1,1420
35,7025	-4,3530
17,4181	-0,8797
34,3263	0,3655
25,8723	5,7394
38,7827	5,8048
27,5108	-0,8142
42,1907	3,9700
33,9334	8,4264
38,5207	0,6932
42,9774	15,1112
34,0644	14,4557
47,2372	8,3611
27,5107	16,3565
44,8780	18,1914
35,7027	12,7520
53,2664	16,1598
23,1854	20,0920
53,8562	14,5214
31,9016	12,9486
46,1884	12,4899
22,8578	21,4027
43,1081	10,6548
31,2463	8,6234
31,1150	20,0266
25,8068	17,6672
18,7287	15,0459
25,6757	30,0535
11,8472	19,5677
15,3865	22,0583
0,9029	24,6796
27,4449	24,6140
-0,8668	15,8322
16,6314	6,1985
-1,0634	6,5917
7,2596	16,3564
-0,2770	8,0332
10,1430	8,2298
-20,9208	2,7247
-6,1754	-5,2051
-9,7143	5,2806
-11,6152	-3,0426
-18,2997	-5,5984
-36,3223	-7,9577
-27,2780	-8,6786
-40,7133	-6,3194
-28,4579	-9,5307
-49,1676	-17,3294
-32,3248	-14,5114
-60,2431	-15,3635
-33,8322	-21,9172
-49,4955	-24,6040
-42,6798	-27,8155
-54,9349	-28,7986
-47,3330	-34,4348
-61,6850	-50,0323
-57,4255	-48,3940
-56,9665	-55,5376
-62,0787	-59,5354
-61,2919	-61,6326
-74,0717	-72,6428
-53,1000	-83,0630
-77,2175	-87,8473
-56,9012	-98,0055
-77,0210	-95,9740
-59,7194	-112,5549
-86,7202	-128,6111
-65,4867	-129,7255
-79,4458	-142,7673
-70,1399	-158,5617
-86,9824	-163,7392
-83,0506	-179,0747
-97,2061	-191,9198
-90,5873	-190,0851
-107,1677	-207,3866
-109,5928	-207,7144
-109,1340	-214,2027
-125,3871	-223,2468
-110,5759	-231,7665
-137,9703	-231,3079
-133,4480	-243,6288
-145,0482	-253,0006
-128,2056	-264,8627
-150,6846	-257,5229
-138,6917	-278,7568
-164,8404	-291,7985
-161,4328	-300,7770
-175,9160	-318,0131
-171,5910	-324,7634
-184,5670	-331,9071
-188,0408	-340,3615
-189,8100	-351,8960
-202,1966	-373,9817
-195,8396	-385,6472
-211,8962	-391,4802
-212,6169	-402,8838
-234,1784	-423,4621
-217,3358	-428,6397
-251,4146	-442,8613
-232,2127	-454,1335
-255,8713	-466,5202
-243,1575	-485,6568
-268,8476	-494,6355
-266,1610	-511,6095
-287,8532	-528,3214
-296,3732	-546,6061
-298,5358	-552,7669
-315,6413	-573,8043
-321,9980	-588,0913
-334,0571	-615,2890
-338,8411	-626,0371
-359,7473	-648,3197
-347,4266	-663,1310
-364,3352	-674,7313
-355,0948	-703,1741
-394,1543	-718,1166
-377,6393	-738,4330
-405,6889	-751,6060
-399,6598	-775,1993
-423,5805	-786,8650
-426,0711	-809,0164
-447,6979	-830,1848
-446,4532	-843,1613
-466,3760	-869,6380
-480,2700	-881,6314
-474,1750	-905,6179
-501,3074	-916,8248
-495,0813	-942,7119
-514,3493	-956,0814
-507,4680	-968,5992
-527,5878	-996,1901
-519,2649	-1017,4895
-545,7415	-1031,7765
-524,5081	-1047,4400
-555,0479	-1068,0185
-558,3248	-1079,3566
-570,0556	-1103,8672
-570,5147	-1113,7634
-584,2771	-1131,5894
-581,7871	-1144,5658
-590,8965	-1151,9061
-603,8073	-1164,4236
-597,4501	-1165,4070
-611,6063	-1186,1164
-605,9045	-1200,3377
-630,7428	-1197,6509
-603,9385	-1206,3675
-618,3567	-1230,2225
-608,5917	-1225,9627
-617,7668	-1220,7857
-603,5456	-1237,2352
-625,7620	-1231,1404
-609,2471	-1234,1551
-615,2106	-1237,1698
-611,7374	-1238,9392
-605,3147	-1235,4658
-606,5601	-1232,5166
-604,0693	-1225,3732
-594,4358	-1221,5721
-582,0492	-1220,9166
-603,8728	-1215,5425
-577,3304	-1198,1098
-585,4570	-1195,2261
-557,8663	-1182,8396
-577,5269	-1170,0600
-537,4188	-1147,7775
-554,2615	-1141,9447
-537,3531	-1128,1163
-537,2217	-1112,4529
-521,5587	-1097,2482
-512,7110	-1072,2134
-505,5678	-1056,7466
-498,5549	-1047,1125
-504,7809	-1020,6356
-480,5322	-1005,7588
-488,1345	-992,5201
-461,8542	-967,0920
-464,6725	-954,8364
-438,2611	-929,9324
-448,2881	-915,6454
-412,5708	-898,9988
-433,0835	-868,0658
-399,9875	-867,9343
-407,7862	-840,2778
-378,6882	-823,0417
-385,2415	-812,8177
-375,6076	-794,2052
-362,6311	-778,0830
-355,2912	-749,7714
-342,1180	-748,6569
-335,1714	-719,4275
-319,8354	-693,9995
-320,4909	-687,9043
-292,8999	-663,7211
-297,6841	-645,4364
-277,8919	-626,7583
-285,9527	-610,5051
-246,8278	-586,9120
-271,0103	-580,8823
-238,7010	-550,4734
-242,4364	-543,4609
-226,8389	-540,2491
-234,0474	-507,6777
-218,2534	-498,3714
-216,5491	-490,4412
-212,5516	-469,7972
-205,3423	-460,0322
-210,2576	-447,5801
-196,7569	-434,2106
-208,4224	-429,5573
-174,7369	-404,3913
-194,7908	-395,8060
-164,0543	-383,8781
-176,8339	-372,0815
-153,8306	-360,1536
-164,1195	-337,2159
-133,5799	-331,6452
-148,9150	-328,8269
-129,2542	-317,3578
-131,6133	-294,6823
-124,4700	-278,8880
-119,4888	-273,6450
-115,4913	-263,6831
-104,2843	-245,3330
-110,3793	-236,0266
-89,9318	-232,2910
-104,6776	-209,4186
-83,9679	-202,0131
-91,3081	-204,5686
-72,5647	-185,8253
-83,3782	-183,3348
-66,3387	-170,2930
-82,7880	-171,8002
-55,8529	-162,8872
-76,4964	-162,8871
-56,1149	-152,2047
-60,6366	-150,5661
-56,9667	-137,2623
-57,4251	-127,4975
-52,9689	-128,0872
-46,7427	-121,4678
-45,3010	-119,6983
-26,4920	-99,3820
-33,3734	-98,7267
-8,7972	-95,7772
-29,1789	-81,4905
-6,1100	-83,0632
-15,4816	-74,7399
6,4729	-69,3660
-7,9449	-67,4653
4,8345	-62,2879
-9,3210	-59,0765
4,3103	-52,3264
-4,0125	-46,4936
-2,6365	-46,8213
-0,8012	-48,7872
-4,0128	-31,7478
2,0823	-28,0124
-12,5979	-36,6629
11,5850	-17,0020
-2,8332	-19,4925
9,0945	-18,1815
-6,2408	-4,0913
16,7622	-9,7928
-6,1752	-0,7487
13,5509	1,2829
-10,5005	10,0648
8,0459	7,1813
-1,0635	12,5554
-4,9303	14,5871
-8,4035	24,6796
-10,4354	22,2548
-9,7798	30,2502
-21,4454	27,8910
1,1647	32,0197
-20,0692	28,1531
3,9826	28,4153
-18,2998	33,1994
-5,1924	34,1823
-11,2873	17,6674
3,2615	29,5950
-23,5424	27,5633
1,0333	22,7792
-24,5255	32,6752
-11,6150	30,1847
-15,8748	24,9419
-15,9407	31,3645
-25,5086	28,1531
-30,3584	27,5634
-11,2874	33,0028
-30,4241	30,5780
-11,0252	39,1631
-26,6229	28,6118
-3,4886	23,1724
-20,0037	23,0414
6,2762	23,7622
-17,3822	31,4954
1,7543	17,2741
-14,0398	24,0243
-1,3915	16,3565
-11,4182	17,1430
-6,7000	15,9633
-24,3287	22,5823
-20,9211	14,8491
-15,0227	16,8152
-21,2490	8,8199
-17,0544	14,1282
-25,3122	13,2763
-13,9088	20,5507
-20,0039	6,6571
-10,7632	14,7837
-28,1958	22,8444
-10,6321	10,9169
-26,8195	12,6866
-18,4308	19,1745
-23,6735	19,8299
-4,2097	16,8152
-18,5618	14,3249
-16,0061	23,3689
-19,4136	25,2693
-14,4987	17,7984
-5,7821	18,0606
-10,3700	17,3396
-7,7482	27,4322
-13,0568	20,9439
-2,8986	9,9341
-14,3674	20,2231
0,5747	15,7010
-12,4013	13,2763
6,9972	13,2106
-9,6488	6,9193
-0,9326	4,8221
-17,3163	8,5576
3,5239	0,9554
-5,9787	8,4921
-7,6173	3,1835
-12,5977	-6,4501
-9,9766	0,8899
-5,9787	5,8705
-19,8071	8,1641
-12,9911	4,6908
-22,2319	-1,2074
-5,7168	-1,9938
-26,5573	6,1981
-1,2604	1,0864
-18,9551	-5,0084
-5,3238	-0,8797
-23,1492	2,0694
-6,4378	-0,8142
-12,0081	0,1033
-12,0083	-3,9599
-7,3550	-1,6662
-6,3068	-11,1034
-8,5346	-5,2706
-20,0036	2,8556
-6,6995	-1,6663
-9,3868	-1,0110
2,8031	-3,2391
-15,2849	-1,6663
11,6505	-5,9917
-2,5710	-8,8752
9,0947	-1,3386
4,9003	-1,8630
11,2572	-5,5985
8,1119	-18,8366
20,4323	-2,8459
7,3255	-10,5137
14,1410	-5,4675
13,8135	-15,1668
8,5048	-15,4945
18,1388	-18,2470
2,6720	-19,0990
16,8281	-17,0019
-4,1437	-23,2277
12,5026	-11,3657
-8,1413	-11,8901
11,9783	-14,5114
-5,5199	-6,5815
13,0922	-5,0088
-1,8499	-11,1690
8,5701	-5,7294
-16,7919	-4,5498
14,4684	-4,0911
-9,1245	0,4964
-7,8139	-4,4189
-9,8453	-11,3656
-15,1541	-1,6663
-10,0419	-1,3387
-21,0523	-4,8776
-4,2749	-9,3340
-24,3291	-2,5182
-10,0421	1,2829
-19,7415	3,3144
-6,3722	2,7903
-21,5765	8,0331
2,9339	9,2783
-8,9280	7,1156
-3,5542	1,8729
-8,2069	11,1789
6,0140	4,9530
-6,6996	1,7418
-2,8332	6,3294
0,5749	8,0332
-6,5687	6,6570
3,3931	10,9822
-4,9958	-3,3701
2,9343	5,4118
-9,3865	10,1958
16,2382	-5,2052
-1,1946	-2,1248
11,9784	-0,4210
0,4439	-3,0425
20,9566	-6,3192
-2,4396	-0,4866
13,0268	-3,6324
1,8858	-5,0740
2,2788	1,8072
-1,5875	2,0038
14,8616	7,9021
-6,7649	6,7224
2,4756	5,4773
19,9081	8,2299
-4,4058	13,0795
18,9907	12,6864
-0,3426	18,3223
19,6459	12,9485
-1,4568	12,5554
17,8109	12,4898
1,4269	5,7396
9,7499	2,9871
2,9999	4,4944
5,6866	4,1666
0,2475	1,0208
8,3081	-3,0424
8,3084	-1,4696
5,7522	-5,5984
5,2282	-9,5306
-1,3911	-0,6177
18,0732	-1,9941
3,2618	-9,4650
12,5682	-1,7318
3,2619	-6,9747
16,1726	0,0377
2,9998	0,8897
19,6458	0,0378
-4,9299	11,5065
17,0899	10,3268
2,8033	7,3779
12,0437	12,4243
10,2088	11,9000
1,9511	13,4729
6,8011	17,6017
5,0968	15,3735
8,2428	21,1407
-6,1098	24,4829
14,7964	25,8592
-3,2262	31,6264
9,4879	24,0897
0,6404	25,5315
17,9419	20,6818
1,6889	16,2255
6,3420	16,1598
-3,2916	13,6039
11,0605	1,5454
-4,6023	6,6571
-3,6196	6,3293
-8,7311	6,3293
-10,2388	11,0478
-1,5877	1,5451
-11,0909	3,4456
-9,7143	5,5427
-25,1810	3,9043
-5,3234	5,1495
-18,9551	5,4772
-1,5225	0,2999
-20,6590	1,2175
6,8660	6,7225
-23,2804	2,9870
1,0335	10,6547
-18,1030	7,1813
-1,1292	3,5114
-10,0420	4,3633
-1,4570	-1,1417
-12,0080	12,6864
-6,6343	11,5065
-6,5029	2,9870
-14,4330	6,0016
6,9319	5,7394
-9,1246	1,2830
3,3275	0,4965
-7,2895	-1,8628
10,7985	-4,6808
-13,6464	-0,8142
10,2742	-2,7803
-6,9618	-1,2075
8,8323	2,6591
-7,0273	-8,2198
-2,5710	0,9554
1,2303	-5,4672
1,0333	1,9384
-5,4544	3,6422
-4,4717	1,8074
-5,2578	8,5575
-13,9087	2,4627
-1,6533	10,7858
-13,9743	9,7372
-1,1291	10,5893
-11,0907	15,7665
2,9995	9,0163
-17,7097	8,0334
6,0142	12,6209
-17,7097	12,5553
0,7713	4,2978
-10,1075	5,2808
-3,0954	2,2662
-13,2531	9,0163
-11,4839	6,4603
-10,3039	5,6739
-5,1270	7,1156
1,7545	-1,4041
-15,6127	1,1520
1,5580	0,0378
-8,9279	1,2830
6,7352	4,1665
-10,7629	3,5111
11,5848	-0,1587
-9,2555	0,7587
4,1138	-1,0764
-6,9616	-2,3871
7,6527	-4,0910
-3,9469	-3,8290
-0,0805	-8,8752
-5,1266	-9,4650
-9,9765	-10,7103
-2,2430	-8,6786
-11,4184	-4,3534
-7,3548	-13,0041
-16,9888	-14,3147
4,8346	-1,0765
-20,0691	-14,2492
5,2278	-8,3509
-19,1517	-1,6008
6,8662	-2,2562
-7,4207	-1,4697
-3,0953	-1,5351
-0,0805	1,8072
1,0334	7,0501
2,8688	-0,5521
5,4899	-3,5666
6,3422	1,8074
-0,2772	2,5282
2,7378	1,3486
-5,6510	5,8050
7,1942	3,7733
-9,5177	6,5914
6,6699	6,0016
-0,9326	8,0987
7,7182	-1,6006
-7,2895	6,7226
4,5724	10,8511
-21,6418	-2,5180
5,0311	2,4628
-12,3358	1,2830
-10,6321	5,8706
-13,4498	2,5282
-9,9112	1,6108
-9,8454	1,6762
-9,3869	-0,0931
-9,4522	8,7541
-16,3336	4,6254
3,6551	-1,6661
-14,3675	6,1328
0,7060	5,6083
-7,8138	6,0672
7,4562	3,6423
-3,4883	5,0186
14,5995	10,5236
-3,2262	1,9384
10,5363	1,2831
4,7038	4,7565
6,7352	12,4896
3,4586	6,5259
-0,3427	4,9530
4,5073	1,7418
-7,3551	3,9700
9,6190	5,0842
-6,2410	5,0841
4,5726	-0,4863
-6,1099	4,1011
1,0991	9,2784
-14,1708	3,0524
13,9440	2,9871
-10,5664	3,1181
1,8199	5,3463
-10,7629	9,0162
-4,9960	-1,7316
-13,8430	1,2175
-9,3213	3,2490
-8,0102	-4,6153
-8,9937	-1,7317
-8,0759	3,7732
-16,9234	-0,6177
0,1816	-3,5013
-22,3630	-8,8097
-7,4205	-0,6831
-18,1031	-0,8799
-1,1292	-6,3848
-24,0668	0,8240
-0,2117	-1,6662
-14,5641	0,2342
2,4096	-13,0695
-11,7459	-8,2198
5,3587	-5,4019
-8,7311	-10,3170
-4,9958	-11,3656
0,3785	-4,2223
3,8515	-10,3172
3,4587	-12,8074
-3,2262	-10,7758
12,1094	-15,6910
1,4268	-7,3679
15,3861	-0,4212
-8,2724	-5,1398
22,7916	-5,5984
-4,7335	-7,6301
22,4639	-6,1882
-4,8645	-0,4211
13,4200	-9,9894
2,2134	-7,9577
8,5047	-9,8582
7,5219	-12,4141
-0,8014	-6,1882
-3,2259	6,0013
-1,7189	-5,8607
10,3400	-2,7147
-4,3403	-8,4820
19,9081	-1,8627
0,6404	7,5743
14,2065	4,2320
7,5218	-5,7293
25,5442	2,5282
4,9660	-3,5012
25,2165	-0,1586
10,4055	10,5235
22,7261	0,8243
13,8134	3,1837
11,9126	-0,5519
0,4441	11,3757
5,3590	15,5699
7,9151	12,3587
-4,2093	16,8151
10,4709	16,2908
-15,7437	14,7835
9,4224	16,0942
-6,0443	17,4050
10,1432	12,9486
-4,6024	11,1791
18,5973	8,2300
-2,8328	16,6186
21,2188	9,4096
2,6068	3,9047
24,1024	4,8221
5,4249	2,9871
11,0610	1,6763
15,3209	4,2321
19,4493	-6,7780
19,8428	-12,1519
2,5411	-3,6323
20,8914	-13,8561
4,9003	-14,5114
19,7772	-8,6133
1,4270	-13,7906
22,8572	-14,6425
5,6212	-12,3487
15,9759	-16,3463
-1,5221	-3,1736
14,5340	-7,1713
0,2473	-6,3848
5,6866	0,3654
-7,1581	-4,0910
7,7837	-0,0277
6,8664	0,4965
-11,6149	2,2661
-1,9152	9,9338
-6,4375	13,2761
13,6822	15,7664
-7,2239	8,0332
12,5025	-1,1417
-0,5392	4,9531
11,7815	11,8343
-7,0272	5,7395
8,4392	9,7371
-7,1581	3,7078
12,2401	1,2176
-2,8983	-0,0932
2,2787	4,7565
-4,6677	8,8852
1,4923	12,0309
1,8202	5,8049
-10,4352	3,3802
1,2960	-1,0763
-17,4476	2,1350
3,0654	7,8365
-13,9087	-0,1588
2,2788	5,2152
-10,3042	1,0208
9,0944	-8,4161
-13,7775	6,0672
6,4075	17,0116
-4,6680	5,0186
16,8931	6,0672
-2,6363	9,8027
-2,3743	4,2977
1,6238	7,7056
1,2957	1,5451
4,8350	1,2830
1,6234	3,6422
11,0607	2,5936
-0,2115	-1,2729
20,2358	5,0185
-4,2093	-2,2561
12,7646	-5,8603
-3,0951	0,1033
14,7960	-0,0932
-9,6487	4,3631
1,3612	0,5621
-11,7459	5,6738
-5,7823	0,7587
-15,0226	-0,5520
-9,1247	8,2953
-12,4668	-8,8751
-20,0693	3,6424
-13,9086	5,2150
-33,1108	-3,1079
-6,4375	2,6593
-18,1033	6,6569
-8,9936	4,8874
-19,2173	6,5259
1,2299	3,2490
-21,2487	-1,1418
4,5723	1,8073
-8,2071	-0,8796
-1,9157	2,1350
-2,3742	-1,0108
-8,9281	0,8243
-8,8621	8,0987
-5,1270	-1,4039
-1,1289	9,8029
-13,2534	14,7834
2,6066	13,0141
-10,1077	11,9656
-0,6702	13,1452
-7,8138	8,9510
17,5486	22,8445
-9,8453	14,1937
8,9636	12,8176
-1,1289	6,3950
15,2550	1,0211
2,6722	8,7543
12,1748	1,0865
0,3786	6,3293
1,5580	1,5451
9,4226	4,2975
3,5239	-6,8435
6,4080	-0,4866
3,3274	-4,6155
16,2381	-16,0186
-0,2771	-12,2175
12,8958	-10,2516
-12,2045	-9,9894
10,9952	-15,4944
1,0336	-2,5184
7,1939	-14,9048
-8,9277	-14,7735
10,9294	-5,5986
-5,9787	-18,0504
-4,7336	-11,4311
-6,1096	-4,4843
-1,3914	-5,1397
-1,5877	-10,5136
-5,9133	-6,1880
0,9028	6,9845
-3,4885	0,1688
9,2912	-0,4864
-8,0103	3,1180
19,8425	4,9530
-3,6194	3,3147
16,0415	6,9847
-5,7821	11,3101
14,4031	15,1111
-2,7673	7,3780
7,2595	13,1451
-5,1921	7,9023
1,2957	9,5407
-0,4081	13,8661
-7,4862	15,8321
-3,7503	12,2277
-8,6004	19,3711
-5,7819	19,9608
-6,6997	11,7689
9,5534	13,0795
-2,8986	6,6571
13,2233	14,3247
-5,1923	-1,5350
14,0098	4,9531
1,8202	9,2128
21,9395	-1,4695
-0,0804	-0,2243
11,5195	4,4287
8,1118	0,0378
18,6628	9,4749
20,6947	5,7393
6,1454	-0,2243
12,3718	3,9699
8,7669	3,9700
17,2213	2,0039
-3,4884	3,3145
8,6361	1,2830
-0,4082	6,5258
7,7839	0,9552
-7,7482	2,1350
13,0266	8,7539
-10,6319	2,1350
-1,5879	16,1596
-11,6147	4,1666
0,5748	8,5576
-3,6194	15,1767
-6,8964	10,6547
-0,9324	7,3779
-11,6805	7,3780
-4,0125	0,7588
-17,7097	5,2152
-1,7844	5,2150
-16,5301	-0,7487
-2,1777	-6,3192
-19,4138	-0,6176
4,7690	-3,0425
-17,3166	-4,3531
1,2955	-6,9746
-18,1029	-0,4210
-1,3914	3,6422
-18,2995	2,5281
-1,7846	2,9214
-6,3064	4,0355
-8,0761	2,7248
-10,6317	1,2175
-9,6489	4,0355
-0,9324	7,9021
-17,6442	6,7223
9,3567	-0,8142
-11,3528	0,1034
8,7014	7,1813
-2,2433	9,5405
14,7961	9,6716
-1,3256	9,9338
18,9904	5,4119
-1,7187	11,9000
13,9442	4,1012
1,6236	9,2785
6,3420	8,4920
1,0994	6,0017
4,1794	4,4943
13,8788	0,2345
-5,3234	7,0502
8,1118	11,3100
6,9320	3,5767
18,2698	3,7734
-3,8814	2,4627
27,3794	6,9847
11,4541	8,5575
36,4887	2,2660
13,4858	3,3803
32,0323	9,0163
18,0078	2,0040
22,3329	6,6571
12,6340	7,5089
24,9543	3,7735
14,2722	8,0333
12,5681	13,9971
12,4372	20,9438
12,2404	12,9485
17,0902	16,4874
0,0508	15,2423
23,7093	16,4875
5,5556	2,3973
13,6167	11,3759
-2,9639	16,8806
16,7622	3,8391
-2,9639	14,7836
7,9804	10,2616
2,6067	13,2107
9,6187	14,5214
2,1480	6,3293
-4,0782	10,1960
9,3570	12,5551
-4,4714	2,0695
6,8011	5,8705
-6,1096	3,6422
15,5174	0,6276
0,7060	4,4286
19,4496	-4,0910
0,7717	-7,9575
27,7070	7,9676
10,0778	-1,3385
22,8573	-3,7632
7,7186	-1,1418
23,7092	1,7418
17,2213	6,2637
13,9443	4,6253
15,8452	11,6378
18,7284	17,2737
12,6339	4,2977
16,3037	14,8491
18,0078	19,0432
9,0294	5,8051
29,4766	17,1428
11,7163	11,0479
30,9838	5,8053
16,8936	12,9486
35,1780	6,5915
3,2621	10,5237
23,5127	3,5770
1,4272	4,9532
16,8934	5,8051
11,3230	6,8536
6,6697	4,2977
3,7210	8,3610
5,9489	9,0161
2,4102	5,1496
0,3128	9,9335
15,9106	-3,0425
-1,4567	-2,8458
12,0438	-2,8459
1,8201	-3,3702
21,8740	-11,9553
-6,6341	-8,6785
8,2425	2,1348
-3,5539	-5,1397
-2,6366	-6,3192
-14,8914	-0,5521
1,7543	-2,5837
-11,7458	4,1666
-12,4670	-0,4211
-3,4883	-4,4841
-14,8264	11,5066
-8,7311	7,9675
-14,0398	-9,3993
-0,4081	13,1451
-15,6127	3,1179
-0,6048	-3,3700
-13,9742	8,4265
5,9487	11,9653
-15,4815	9,8026
3,3273	6,8536
-5,5200	7,7711
4,5068	9,3440
-12,2045	9,0163
-0,5394	6,8537
-11,2870	12,6208
-6,7653	19,1743
-0,2114	4,3633
-11,0252	13,8005
-2,8984	15,1767
-8,4692	4,8221
4,1138	17,8637
-13,3843	4,4287
12,3058	4,9531
-10,8284	9,2129
12,0437	5,6739
-6,7650	6,8535
16,6966	8,3608
0,2473	-3,2389
12,0436	10,3926
-5,3887	4,3632
3,8516	6,0018
1,8858	20,2229
0,9680	15,8975
4,3761	13,7350
-7,7482	15,7666
10,1433	17,9948
-9,5178	18,4536
3,0655	17,8637
-4,7991	14,4559
9,0291	19,2400
-16,0056	8,8854
12,3058	14,1938
-2,5054	13,2762
10,9950	7,3778
-7,2238	0,0380
4,4414	-2,3213
-6,4373	0,8243
-2,5054	12,2274
-3,3572	-4,0254
-7,6827	2,0040
6,4077	8,8851
-7,6172	3,9044
11,5194	4,2976
-2,2433	10,8512
4,3105	7,7055
-2,3743	9,4750
13,4199	12,8829
-6,5686	13,8660
12,6334	3,3802
-14,2361	7,7057
7,8493	19,1088
-3,0296	11,7687
-6,9619	11,5723
-6,0441	10,7857
0,4436	10,0649
-3,0951	15,8320
-3,2919	10,9824
-0,4080	6,9848
-6,8308	16,4220
11,7816	13,5382
-8,3382	15,6355
3,3275	8,1644
-13,3187	10,5893
17,0899	13,8005
-14,8261	13,0140
9,4221	8,4265
-3,6850	4,9532
7,5870	11,4411
-12,2045	2,2006
2,9996	5,6740
-4,4057	6,2637
-0,0150	6,3293
6,1456	3,5767
-7,0929	1,2175
4,1796	8,3608
1,2957	5,8704
11,5850	0,2344
-8,9933	0,8897
13,5511	2,2660
-1,7188	9,3439
21,3497	2,1349
-7,3548	6,3948
14,7307	4,9530
11,0608	1,3486
13,1578	7,3779
3,5899	10,5236
11,0606	10,0649
2,6723	11,6378
4,6382	16,6841
20,4324	18,2570
-2,9640	18,9779
14,0756	14,6525
-4,7990	12,7520
15,3863	15,0458
5,8833	18,5191
10,9952	13,0796
-5,0610	9,7374
18,3351	10,4582
-3,9470	14,7836
8,1114	10,1305
-3,0951	14,0627
2,2786	10,4582
-12,8599	13,0797
-9,0591	11,8345
-7,8793	19,5023
-15,9404	21,7959
-0,9980	9,5408
-12,9914	21,4684
-8,1414	13,6694
-20,7900	11,7034
1,8855	15,3734
-21,5766	6,0673
-3,2919	17,9947
-19,0206	9,3439
-0,3430	4,7566
-20,4623	12,5552
-8,9938	2,7904
-19,6758	3,7736
-12,8603	17,0117
-14,0396	6,1982
-13,0569	8,2955
-12,9254	16,5530
-5,1925	14,8490
-7,2894	12,4243
-12,4668	16,3564
12,2402	21,1406
-11,3528	16,6185
6,4731	15,7667
-10,5008	18,3881
5,7521	10,9169
-11,9425	8,9510
-5,5201	14,7836
-8,1413	9,9994
0,3780	8,3611
-6,4374	14,5214
2,6719	5,1496
-9,9762	6,7226
-0,2771	5,1497
7,1942	0,4967
-1,9156	8,9506
4,1796	-0,3554
-1,1946	-3,7633
12,3059	-0,2899
-8,2071	-2,9114
0,8370	-4,6808
-15,2194	-2,6493
-0,0153	-9,5961
-19,8725	4,8219
-13,1226	-9,9894
-24,6567	-10,5791
-17,1203	0,1032
-22,3630	-6,7125
-16,2683	-5,0085
-22,6251	4,1010
-25,4433	3,7733
-20,1347	3,2491
-25,2467	4,6254
-13,5155	6,0671
-31,4069	7,7056
0,6402	6,7226
-21,0523	7,5089
-3,4885	14,5212
-24,8533	0,9553
-1,9812	1,1521
-18,4307	1,2831
0,0502	2,6594
-13,9743	11,7033
-14,6298	10,5234
-18,8894	0,4311
-14,2365	7,5745
-15,6125	2,0695
-24,0013	3,1181
-5,7821	5,5428
-13,9743	-2,8457
3,4585	1,6107
-12,7946	0,6276
12,3059	-3,5667
-3,4229	-0,0278
13,1578	-5,7295
-4,7335	-3,6322
21,1532	5,4770
-1,3911	-8,0232
12,6335	-2,5839
1,0338	-9,0717
-0,1460	-3,3703
0,9028	-2,6493
6,2108	-3,8290
3,4586	-8,2197
-4,7337	1,7417
5,6868	-0,0933
-6,8308	-4,3531
7,1284	-0,0932
-9,3212	-4,7462
13,0265	12,2275
-16,3335	4,7563
1,8855	-2,9768
-6,1754	1,0864
3,2615	2,9869
-16,0712	1,0863
0,2469	-0,9452
-11,1561	-0,3554
-7,0276	8,6886
-8,2725	8,2952
-14,0399	0,5621
-4,8645	-2,3869
-15,8094	8,8852
-6,4375	13,3415
-24,0013	14,8489
1,5578	3,4457
-22,9527	2,4628
4,5725	10,9824
-13,3845	4,2321
0,9679	1,0866
-16,8577	4,6254
-1,7846	3,4456
-6,9618	0,2345
-4,2096	5,5429
-16,7265	2,9214
-4,6027	2,9214
-1,9156	3,5768
-23,6737	13,9970
-3,4882	13,0794
-10,2389	3,6424
3,0651	8,8198
-18,2997	17,6670
9,0289	13,1450
-14,6952	14,3903
4,7035	17,0116
-15,7437	10,2615
-0,2117	7,9023
-11,6147	4,9531
-1,0637	11,4411
-7,0271	-0,0276
2,3442	8,9509
6,6698	13,1449
-5,9133	6,4603
0,1163	0,9553
-0,6049	-0,4209
3,9173	9,3440
-14,4984	13,6036
8,9635	-2,5181
-14,5641	-1,2073
-1,6533	5,5428
-8,6003	-3,1079
4,0481	3,5112
-17,3165	1,4140
2,6718	-3,2390
-11,0251	1,6106
-1,9813	4,1009
-11,8114	-6,8435
-9,9767	0,5621
-8,4690	-3,1079
-6,1756	6,7880
-3,2917	0,1033
-10,5665	2,7904
5,1625	8,2954
-19,3482	10,6546
9,7500	5,1497
-3,3574	14,6523
12,7645	-3,2390
-5,3234	2,0041
13,5510	6,9846
1,5579	-0,1588
5,2935	6,1981
6,9320	2,7247
3,3272	-8,3508
-7,2892	-2,4526
-1,1948	-0,5521
-5,8475	-1,4697
-17,5132	3,6421
-1,5222	2,7246
-18,1031	-3,8290
-2,3743	-4,0910
-17,7099	-2,5181
0,9680	1,0208
-20,9211	-1,4696
-2,4398	-1,6661
-14,4330	6,9190
2,2786	-2,3870
-13,5153	2,3316
6,4073	5,8704
-8,9933	-0,0278
-0,2117	-1,7316
-2,2430	-1,4696
-5,7823	4,3631
2,6722	-1,0109
-7,3551	0,2999
7,4563	0,6275
-9,9764	-0,7487
6,4734	-0,8798
-6,1753	-3,3046
6,9320	4,9528
-1,2601	-7,1712
11,3228	-2,1249
-13,7118	4,9530
8,3082	12,3584
-0,9979	2,7903
10,9294	9,6717
-9,4519	5,0842
-2,2432	14,1937
-4,9300	5,3464
-8,8625	14,5869
-5,5198	20,1574
-21,1177	15,4387
1,5579	1,3486
-15,8094	4,2979
-6,5686	7,3779
-19,7414	8,7541
0,3782	2,5939
-11,9427	6,3949
0,2470	9,9994
-13,0566	14,7835
3,5237	11,3756
-6,3063	8,2299
-0,8671	8,2955
-4,6678	14,9801
-4,5371	8,2300
-3,7502	14,5870
-7,2896	23,1065
-1,4565	8,7542
-11,2217	8,4921
8,4393	22,5167
-10,1075	12,6862
11,3228	5,6741
-10,5662	5,3464
18,1385	12,0310
-10,6317	9,6061
9,0946	3,7079
5,0314	8,9508
8,5701	0,6277
-3,7502	1,2175
9,8153	4,4942
-0,6701	-2,7148
7,6526	-4,4187
-4,0778	-5,5983
1,6234	-5,6639
12,7648	-2,1905
2,6064	-8,7441
9,0947	-6,8436
1,6234	-9,9238
6,9974	-12,4141
-14,0396	-6,6470
12,5679	-5,4019
-6,3720	-8,4820
9,9463	-6,7126
-11,3527	-10,7757
-1,5880	-11,6276
-4,7335	-3,0424
-11,3528	-5,4673
-5,7820	-1,7317
-3,8162	-2,7148
-3,2917	0,8898
-13,8431	1,4796
9,0291	4,8874
-7,0930	-1,8627
8,5704	7,6400
-4,4059	-3,1081
12,0438	0,7588
-0,2770	4,2320
12,2404	3,2490
0,1164	-2,8458
19,6458	1,0209
1,2960	2,4625
11,3228	-4,6807
1,8859	-1,0763
5,8832	-9,3338
0,9682	1,6762
-15,0883	4,5596
-3,4227	-3,0424
-15,8094	-2,6492
1,0991	1,1519
-22,5597	10,7857
-6,3065	8,9505
-18,8240	-1,9283
-4,6028	1,4797
-24,2634	5,0840
1,6232	-3,7633
-16,9890	3,9045
-2,4400	8,6885
-16,3990	1,0208
-9,5178	-0,0277
-0,0805	4,9530
-3,2265	7,8366
-3,9470	4,4942
-9,8454	1,0865
6,9320	5,0186
-3,4884	0,3656
6,6044	6,5259
-3,4227	1,1519
15,1895	-2,3869
-2,7674	3,3146
9,0291	-3,4356
2,5411	-7,8265
13,0921	-0,9453
-8,3379	-1,2076
-2,9640	-6,4505
-0,0148	-5,6640
5,6209	-13,4628
-7,2892	-7,7612
-8,3381	-13,1352
1,8857	-15,1668
-16,8578	-3,3049
8,2427	-17,1330
-14,3675	-20,2130
3,7862	-10,0550
-12,0737	-13,6596
7,5872	-15,6256
-7,7483	-16,8707
8,1769	-21,3271
-8,6003	-12,4797
1,4266	-5,8607
-11,4837	-14,1838
-2,5711	-13,3317
-10,6973	-8,8753
-10,1733	-7,2369
-13,2531	-11,4966
-17,1202	-8,6130
-20,5932	0,8896
-20,5279	-2,0595
-4,3404	-7,3678
-17,8411	-2,5837
3,9169	2,2660
-26,9504	6,2636
-0,8016	6,6567
-19,8725	-1,6007
2,8683	-2,8458
-22,1662	-4,5497
-5,7168	-1,1418
-17,5130	0,8897
-4,0784	-2,5837
-2,5709	-2,9113
-10,0423	-0,4209
-9,0588	6,0015
-15,2850	4,3631
0,9025	5,0840
-16,9234	-5,2706
-0,4738	5,4118
-23,3459	8,8195
4,5070	-12,4795
-18,1031	6,1328
0,9024	3,9043
-18,4307	1,8728
4,1137	-1,6661
-15,2849	3,1180
-3,8817	9,9337
-10,7628	2,2660
0,9679	-3,1733
-14,3672	9,8682
-9,1246	8,6231
-2,6363	8,5575
-10,6974	7,6401
4,1138	14,7834
-12,4014	10,6547
7,4561	8,6887
-8,2726	3,1182
6,2764	10,3926
-13,0567	10,3926
15,0582	6,9848
-6,9618	9,8682
7,7837	6,1983
-3,5537	5,7395
9,1599	8,0332
-0,0148	0,6932
4,1793	7,7710
6,9975	-6,5814
-4,4714	-1,1419
3,1310	-0,1589
-7,1584	-0,0279
5,4902	-4,5499
-10,7628	-7,6954
7,2596	-3,0425
-12,0080	0,3654
6,8663	6,1325
-9,3866	-11,7587
4,9657	-4,6808
-9,1243	-4,0911
9,8808	-8,0232
-11,0904	-8,6785
-1,5223	2,2003
-5,4543	-3,6980
-1,9157	-4,4188
-12,5321	-7,1713
-11,2218	-0,4867
-6,1098	-4,9430
-23,1493	0,1687
1,2959	-6,6469
-17,2511	-1,9938
2,9342	2,2004
-17,9720	4,9529
8,1115	1,2174
-6,7653	5,2151
10,4707	1,4795
-6,6341	-6,1224
5,0967	5,7395
-7,8790	9,8681
3,3274	3,1179
1,0338	-4,3531
-2,4398	2,5937
5,6213	4,4942
-2,9641	1,4140
17,8110	-0,0278
-7,4206	7,5744
6,4734	8,3608
1,2302	7,5090
15,5826	13,6038
-9,4521	3,9045
8,1115	3,9047
-12,7287	20,8127
22,5293	11,7689
-6,8307	16,8152
8,3081	16,5530
-3,3572	7,3126
-2,3744	18,5191
-5,3232	15,0457
-8,5348	16,1598
-7,4859	16,0942
-12,7946	6,4606
0,9680	18,7156
-22,1008	14,8489
-1,7189	8,8197
-22,1663	11,0480
6,4730	13,9315
-13,4501	12,9485
-2,8986	11,1134
-10,5663	6,7227
-0,4739	13,8660
-11,8113	18,9122
0,9024	3,9702
-6,1753	11,1792
-5,3890	14,3249
1,8202	16,6186
-5,2580	18,8468
1,2305	9,0820
-5,3889	19,0435
14,2721	18,2569
1,3613	17,2085
15,8449	14,5214
-1,2600	12,5554
27,6414	13,3418
3,2620	13,8662
16,7624	7,7057
12,8958	10,3273
13,8131	12,6865
5,0971	8,9509
6,8007	14,4559
1,6237	8,4920
-1,6534	4,6910
7,5874	-0,5519
-1,0636	1,9384
2,1480	1,8072
-3,4884	-7,7611
6,6698	-4,0911
-6,1754	-5,4675
14,5995	-10,4482
-10,2387	-18,9023
9,0289	-15,1013
-16,2680	-17,0019
4,7690	-18,3126
-15,0883	-27,9463
-5,9789	-13,7250
-8,1414	-11,6279
-1,9812	-14,9047
-0,9980	-20,0819
-8,7969	-2,8459
3,0655	-6,5816
-4,8648	-6,4504
8,7015	0,7585
-0,4738	-8,7442
13,6822	-3,1080
-2,6364	-5,5330
16,3036	-7,7611
1,5580	-7,6956
21,0876	-9,6617
1,2303	-14,3147
15,9102	-15,1011
-3,4226	-4,2877
1,8200	-4,6155
-4,1434	-7,1713
0,2471	-4,8121
-3,0294	-1,0109
-2,1776	-6,1228
3,9831	-1,0109
2,7377	-3,1736
14,1411	-0,0279
2,6067	-3,1080
21,8088	7,1156
8,3738	0,8240
23,2505	-5,5328
7,5875	1,1519
27,2480	1,8072
6,8010	7,6400
15,7137	10,8512
7,8496	13,7349
8,5702	16,8805
3,3277	11,8999
4,3105	11,8999
9,2259	13,8660
4,3760	10,3927
12,6337	12,8830
2,8687	22,3857
20,2358	11,4412
1,2303	11,7034
21,6121	18,7157
2,9998	16,0942
15,7794	12,6865
13,3546	15,8321
22,1362	15,8321
4,9661	7,3124
18,9250	2,5940
14,6654	11,4412
11,9782	13,6038
10,7988	10,3270
3,6552	3,1836
16,1073	5,1497
12,0437	7,4435
8,8327	15,3076
2,5411	0,8243
17,9421	2,9214
1,0337	9,3440
16,1071	8,2298
-7,2238	10,3924
14,4031	12,0963
-5,3233	-0,0932
7,5217	10,3271
4,2450	2,3316
2,5408	15,5699
-6,5027	10,3924
-5,3235	1,0864
-7,8134	6,3949
5,9487	8,4919
2,2133	5,6739
-10,0421	11,1789
10,2087	4,1665
-13,0568	6,5914
1,9511	4,2321
-14,6295	6,7880
7,4561	3,2491
-17,1854	6,5914
9,7498	3,2491
-2,0466	6,5915
6,0797	9,3438
-5,3233	2,4626
0,5092	5,4116
6,4733	-4,2876
11,5191	7,9676
-5,5197	6,3291
-1,9810	-4,6153
12,1093	8,4920
-6,8308	6,9190
6,2768	3,7734
-4,8647	10,9168
8,3737	5,8705
-0,6048	8,8852
13,7474	-0,4864
-15,0227	-2,1902
9,0290	10,0649
-4,1437	9,1474
2,8684	3,6424
-4,6678	8,5576
4,9657	4,8221
-0,9978	9,4095
-1,7190	7,9022
0,3129	3,9701
-1,6534	6,5259
5,7524	-2,4524
-5,3890	8,6887
12,0437	16,0286
-7,2240	6,3291
8,7669	5,8051
-14,1052	12,6206
11,2572	0,0378
-10,9596	7,7711
1,4267	-0,8798
-19,9379	-5,0739
2,7373	2,1349
-12,0080	-3,1735
-10,3044	3,5112
-7,2893	-6,3847
-7,2243	5,0841
-6,0442	1,4795
-17,1201	0,1034
-0,6047	1,8729
-13,9743	14,5868
8,6358	10,7201
-12,4669	-0,8796
8,5047	8,0334
-9,0590	14,1282
9,2255	15,8320
-14,1707	7,3124
4,0482	12,6209
-7,4205	11,5723
2,6719	9,6718
-1,1290	14,5870
-5,2580	19,7643
-13,1220	15,1113
-11,1562	20,1575
-2,6363	16,5530
-12,5325	17,3395
-1,4568	17,2084
-17,7099	17,8637
-10,6973	11,7033
-21,5108	18,5191
2,5407	15,2422
-16,0716	12,0311
-8,6659	16,6840
-18,6273	4,6255
-9,5180	12,8830
-13,1223	1,9384
-7,4210	2,2661
-18,8893	3,6423
-19,2173	8,6885
-9,7798	-5,9261
-20,7246	3,4455
-2,6364	-4,2879
-22,2319	-15,2322
-5,7821	-11,0379
-15,1539	-12,7419
4,0481	-14,4458
-11,1562	-6,5814
9,5531	-3,3703
-5,6512	-11,4967
-0,2773	-4,5498
-8,4689	5,2806
8,7667	-0,2900
-0,2114	-3,7633
10,1430	2,7248
-3,6848	6,7224
-8,2068	-7,9576
6,9976	0,2345
-5,1923	4,1009
4,5728	-4,6808
-11,6147	-3,8943
12,8958	-2,6493
1,6889	0,2998
12,6991	-1,2076
-8,7311	-5,7294
20,9565	-5,1396
-3,6194	1,7416
5,0968	-6,2537
-1,6532	1,1519
6,0797	-4,0256
-17,5783	-2,3215
-7,0274	5,7393
-0,6703	-0,4210
-20,4623	3,5767
1,4269	7,6398
-19,4794	2,0694
-6,5685	5,4772
-15,1540	3,4456
-7,0274	4,4286
-18,2997	-1,3386
1,0334	-8,2853
-20,7245	-2,0593
-6,1755	0,2342
-17,7098	-3,5668
-2,5712	-4,2877
-12,7290	-1,8628
1,4265	-11,4966
-7,0274	-3,9599
-11,2218	1,5450
-4,5368	-4,2877
-4,7337	-4,8776
4,9004	-6,9747
2,1476	2,4625
7,8495	1,5449
-4,2093	-9,4650
15,5827	-1,0764
-5,7166	-3,9600
10,2743	0,3654
-7,8137	-2,8459
7,7837	-9,1373
-13,4498	-4,7463
-4,0783	4,2320
-11,2871	-2,5838
-3,9474	-5,6639
-13,8431	3,5766
-19,2827	-10,9068
-8,8623	-0,8798
-16,5958	-1,2076
-6,6341	-4,6809
-12,3358	-2,9114
8,8323	-10,8413
-10,8940	-1,2074
5,1625	1,2829
-8,9279	6,3292
10,4052	3,9699
-5,3234	6,3292
1,4268	6,1328
-2,8984	12,4242
1,9510	11,1135
-0,7357	13,0796
-5,3890	10,4583
-2,0462	16,7497
-1,7189	14,7836
3,8520	11,3101
1,4269	16,8807
17,3523	11,8343
6,9319	2,5283
16,0416	6,4605
6,4077	7,6400
22,0708	6,5259
-2,1119	8,6885
11,7817	-6,0571
7,7184	0,6932
11,2572	-3,8288
-2,7672	1,4795
4,5070	-3,8289
-7,4859	-0,0934
-6,8963	-8,4165
-1,6533	-6,5159
-13,6466	-1,3387
-1,9809	-18,2469
-3,8819	-6,1883
-0,8014	-8,9409
-19,2827	-4,2878
0,9681	-9,7929
-15,7437	-7,8268
4,2447	-14,8391
-14,4329	-17,5915
6,4729	-1,6008
-14,5640	-4,9433
4,3758	-9,9239
-2,7019	-10,0549
5,0966	-6,8437
-1,9808	-10,1860
-1,7845	-7,6956
1,9513	-10,2515
-6,2409	-13,8559
2,4756	-3,4358
-7,0274	-7,7612
-0,3426	-1,9940
-17,7096	-3,6980
9,2256	-17,4603
-12,1393	-1,0108
10,6673	5,2805
-8,0104	-6,4502
9,3566	2,9215
-10,4350	8,5574
11,8470	10,4581
2,5411	3,5112
9,0289	-2,3869
2,6724	4,8875
7,9149	6,9190
20,4325	-1,4039
-4,7335	6,2636
7,2600	-4,1566
2,0167	-10,2514
14,9274	-3,5668
-2,7674	-10,1204
16,9590	-3,1737
-5,7166	-2,8461
14,2720	-15,1012
-1,6532	-9,2030
8,8980	-15,6911
1,5581	-15,4289
8,7012	-2,1251
-4,9954	-9,3341
-0,7359	-5,4674
6,9977	-4,6809
-4,6682	-2,2560
-2,7671	-0,4865
-7,4860	3,9699
10,1433	5,3462
-1,9155	6,0671
13,2890	8,2953
-3,6193	3,8388
24,6922	4,4287
0,9027	1,1519
19,7115	3,6423
9,8811	0,1688
21,8085	2,5281
2,7378	4,8873
3,1309	-3,3046
1,3616	-11,6932
8,9634	-3,5668
8,5704	-7,2369
-7,0273	-4,2878
9,8812	-11,1035
-6,2410	-13,0697
8,4393	-15,7566
-14,6950	-6,2539
18,2042	-8,4821
2,9996	-9,3342
9,6189	-14,5768
-4,7989	-10,7757
17,7453	-0,9455
5,0969	-6,2538
10,0775	-2,5182
0,1820	-4,2221
12,6334	-0,4864
4,1797	8,7539
11,2573	3,1833
11,1266	7,3778
14,0098	2,5281
18,1388	0,8897
3,3931	2,0693
17,6145	1,2174
3,1965	5,5427
21,4156	-3,3701
10,2743	-0,8798
21,9397	2,5281
-3,6192	-0,2900
12,6336	-5,6640
5,2937	-2,1906
12,6334	2,5935
-2,8983	-5,9917
7,5215	-1,9283
0,7716	-6,9091
-7,2241	-1,7972
-0,0804	7,0501
-10,9596	14,7177
4,7036	3,8388
-16,0714	-2,4525
2,6064	11,5721
-22,2318	2,0694
-1,0636	12,2930
-21,5765	-2,0593
-2,4400	0,1691
-24,4600	3,1181
-5,6514	1,3487
-24,5912	17,7980
-23,0185	7,8366
-23,8046	7,1814
-14,4333	7,3780
-16,8580	8,5576
-33,6352	12,8830
-9,2556	10,1959
-18,7586	12,9485
-7,4862	9,0163
-23,4769	5,2808
-2,1778	8,2299
-17,5132	10,9823
4,3758	-4,2875
-14,6296	1,5452
1,8199	8,5575
-3,6195	0,1033
-1,7192	2,4626
-8,4690	-1,6661
-0,6050	-1,5350
0,9681	-0,9452
-11,5495	-3,1734
-1,8498	2,2661
-4,7338	6,5913
2,4099	-3,9599
-13,9087	2,7247
9,2912	4,7562
-15,4816	-3,1080
6,2110	-6,0572
-7,2896	-12,5452
5,6209	-12,8073
-24,0011	-4,6154
5,2934	-1,7974
-11,0250	-8,0889
-10,1077	-1,1421
-8,0758	-8,6131
-9,1248	-1,9285
-8,5346	-8,1543
-7,6831	1,7416
-10,3041	3,3801
-19,2173	-5,1395
-5,6511	14,3902
-23,8702	8,3608
-4,4059	3,9701
-13,9088	11,4412
-1,3258	3,3803
-10,9596	14,3247
12,6987	11,0480
-18,4306	11,5067
-1,9812	9,6717
-13,3188	7,4435
1,0334	3,9046
-13,7120	10,9824
-4,9959	6,0672
-7,0272	4,0356
-7,3551	5,8050
1,7546	5,4118
-9,6488	5,8704
13,2234	4,2319
-5,5856	-9,6615
3,8517	0,7586
-8,8622	-2,7804
10,9950	-8,0233
-12,9911	-6,3848
3,0651	-4,7465
-6,3719	-4,1567
5,7519	-4,2876
-10,6318	-6,1226
-6,1755	2,9213
-5,0612	6,3948
-9,1901	7,1812
-0,1459	3,4457
-5,9789	10,9168
4,5072	7,1157
-2,3088	8,0988
9,5534	2,9214
-2,3742	4,8220
23,9713	8,5575
3,3274	-1,2729
13,4856	6,7880
2,4101	0,3655
14,4686	-2,7147
8,5705	-4,2875
9,2256	-1,9283
7,3909	6,7879
6,7352	-0,2899
8,7015	-1,9937
-5,5200	-0,5520
-0,0802	8,4264
-6,7651	9,0817
10,1432	6,9846
-6,5031	9,6716
11,7816	4,7565
-5,9788	13,9971
20,4977	6,3294
-9,3210	15,7010
11,7815	10,9823
-4,2747	6,7881
11,9125	9,3440
-1,9153	4,8220
10,3397	4,0355
-1,0632	-0,8797
6,9319	-4,9430
5,2282	-1,0764
-3,2262	-7,4335
4,5729	-6,7126
-3,9471	-7,1713
8,9637	-11,6933
-6,7651	-8,1544
12,9613	-7,1713
-4,4059	-5,0087
10,6675	-12,0864
-7,4859	-5,4673
11,7815	-8,5475
-8,7310	-1,6661
16,7622	1,9384
2,0167	5,4773
1,1646	6,9846
-4,9299	4,9531
-0,2116	4,8876
5,9490	6,0016
-5,3890	4,5598
1,6237	0,8898
-4,0126	-3,1735
13,8132	-2,0594
-3,2917	-4,6154