14,1280	5,7792
25,4001	2,1748
9,9993	5,9759
16,8805	11,6775
18,5190	2,6991
12,0963	0,3400
17,2737	8,7284
3,3144	2,0438
5,4117	3,7477
0,1030	-3,0681
3,1178	0,0122
-5,1398	8,5972
9,2125	-8,8354
-1,6665	-11,5877
3,4453	3,2888
-4,3534	-5,8207
13,5379	3,6820
0,4963	-0,4469
7,0499	-3,6579
1,7417	9,0560
9,9334	-3,0682
0,2345	7,9420
10,9821	12,7915
6,8535	3,4200
5,1495	0,7986
17,7980	9,9736
9,8025	4,2720
13,6692	14,1679
6,4601	5,3861
21,7300	14,6268
8,8849	15,8062
18,7807	0,4055
3,3799	17,9691
11,9651	4,4685
7,4431	-0,2498
8,2294	8,4009
8,3607	0,0122
11,4407	4,8619
12,8827	12,5295
7,5086	-3,7233
9,8026	5,3862
11,5719	12,8570
12,4895	-4,6409
13,5380	4,4686
19,5673	1,1262
5,9359	2,0437
14,2590	6,0413
8,1641	-7,9178
19,2395	2,3714
6,0014	2,3712
14,3898	-12,5053
4,9529	-4,2477
17,3389	-4,9688
1,8727	-5,2308
1,1517	-1,8230
2,5282	-9,6873
-0,0935	0,5365
9,1473	14,2331
9,6713	-7,9177
11,3754	1,1919
1,8071	4,2720
17,1424	2,7647
-7,2369	10,3013
12,6204	-0,2500
8,6225	0,4055
0,9549	13,6436
-4,2223	-0,1190
-1,8632	-4,7063
-8,4821	8,6630
-5,7298	6,8933
-0,5524	-1,4952
-1,4700	10,3013
1,2826	12,2673
-12,4800	14,4956
-2,5183	-0,0534
-5,8608	14,1680
10,7854	10,1046
-4,8122	3,7478
8,1640	11,4154
2,3968	2,2404
16,3559	2,0439
-1,3387	14,7577
12,7514	-1,2330
2,4623	4,7308
0,7584	10,4323
2,9212	-4,6408
3,7073	8,0731
-8,0233	4,5995
-8,1545	-3,5922
4,4940	12,4639
-3,4360	2,6334
12,7515	2,4370
-0,6836	10,2357
13,2102	-2,2161
-1,8632	2,0439
1,4793	12,9883
-9,5963	9,1872
5,5423	4,2065
-10,5795	7,4178
-3,3707	6,8279
-18,5750	-0,1189
-12,4147	1,1919
-23,8835	2,1092
-25,2598	-6,5416
-25,1942	-10,9324
-29,1920	-4,8377
-19,1649	-12,3088
-32,4688	-10,4738
-17,7886	-11,5880
-27,4881	-15,7167
-14,4463	-14,2092
-24,7355	-12,7021
-12,5457	-17,8138
-14,5774	-7,3936
-12,8079	-13,3576
-26,8980	-22,0082
-7,4995	-17,5519
-20,0823	-24,4988
-19,5581	-24,9575
-21,9828	-27,3826
-28,7987	-36,8852
-22,5071	-30,0040
-30,0440	-38,9826
-25,5218	-47,1744
-35,8112	-31,1183
-21,0656	-42,6527
-38,8259	-45,7982
-30,0440	-39,1792
-37,2531	-51,5654
-28,9300	-37,6718
-45,8383	-42,3250
-32,0103	-56,7428
-42,7582	-47,5022
-35,6803	-51,8277
-45,6417	-59,9541
-37,9742	-53,5972
-45,9038	-61,5273
-45,1175	-60,6752
-47,7388	-62,2484
-50,2292	-85,3825
-32,4034	-83,4819
-43,8725	-84,9240
-41,9062	-95,9995
-46,8870	-98,9487
-34,3042	-102,7499
-54,2270	-105,3714
-38,8917	-110,4833
-53,5062	-113,6290
-47,6736	-117,4302
-62,2880	-112,8427
-57,4385	-124,3771
-58,8147	-125,0979
-65,6963	-125,0326
-70,6112	-133,9454
-77,8859	-131,4551
-64,7787	-139,2539
-86,5367	-135,5839
-65,1719	-133,6180
-79,6557	-150,3952
-73,1675	-147,5117
-89,0272	-150,5921
-80,8352	-160,6847
-89,0928	-165,7965
-81,9494	-172,6124
-88,9618	-178,0519
-84,0467	-185,7853
-88,5031	-198,1716
-97,4817	-194,4361
-104,2317	-196,3371
-101,9381	-213,1140
-105,3459	-209,3131
-112,8827	-217,3086
-104,8872	-210,6240
-108,6885	-217,7676
-105,4772	-238,8702
-115,5697	-234,4137
-94,2706	-234,0208
-118,8466	-256,3686
-102,0693	-251,6499
-116,6184	-258,8592
-110,8512	-272,0319
-121,9923	-267,7067
-119,3711	-283,3699
-131,6916	-283,1732
-128,6117	-281,6662
-129,7912	-299,3609
-134,7067	-291,7588
-136,1483	-304,4074
-141,5224	-311,1576
-139,0320	-309,8470
-143,8818	-330,1632
-139,2288	-329,2456
-156,7924	-318,1704
-134,4448	-341,6978
-151,0909	-339,1418
-146,5689	-334,8823
-154,9574	-356,7713
-143,2266	-352,6423
-146,3722	-356,7714
-144,1441	-350,1521
-141,4569	-348,3174
-144,0130	-366,0118
-142,7676	-351,9871
-142,5711	-342,6157
-142,1122	-353,5601
-147,3551	-353,4946
-131,0365	-354,8053
-136,9350	-361,0311
-128,9394	-341,6326
-135,5586	-359,8516
-124,7452	-355,8536
-141,9155	-342,8122
-121,4028	-357,4265
-128,3497	-334,2267
-127,4322	-337,7658
-134,5753	-322,4302
-126,0558	-320,6608
-121,2061	-333,1122
-132,2817	-299,8855
-129,0701	-302,5726
-119,3056	-305,1935
-112,7519	-286,5814
-126,1212	-285,2052
-102,5937	-281,6659
-117,6671	-262,6606
-106,3947	-272,4254
-105,7394	-271,4421
-90,5351	-249,8807
-102,8558	-260,3664
-103,5765	-243,1957
-94,5324	-229,1055
-89,3553	-231,4647
-89,0928	-220,3889
-82,2772	-210,4929
-92,5005	-202,9561
-81,6871	-196,2713
-69,3008	-190,6350
-80,1798	-176,7413
-66,3514	-170,8431
-65,4341	-168,2215
-61,5673	-152,9515
-61,6984	-151,6408
-49,9675	-151,3786
-57,9627	-152,0994
-42,7584	-154,2619
-57,7005	-141,3512
-44,5933	-133,0284
-40,8577	-146,1354
-41,9064	-131,5206
-49,7048	-124,1152
-43,0203	-127,7197
-38,4328	-117,9546
-42,4961	-121,4935
-36,4666	-109,4348
-42,2994	-100,3910
-30,8306	-107,9929
-45,0519	-93,5749
-27,2260	-95,0823
-30,0442	-95,5408
-24,6702	-89,3149
-25,5875	-90,4289
-15,7573	-83,1543
-27,3570	-77,0596
-14,3809	-86,5622
-27,0947	-73,1271
-19,0993	-59,1027
-20,2133	-78,4357
-20,2134	-64,7385
-9,0066	-62,7072
-19,4270	-81,7123
-8,2201	-62,5103
-13,0699	-71,2922
-2,6495	-61,6583
-11,3659	-54,3184
-2,1253	-64,7385
-9,4653	-65,0659
8,7537	-52,1555
-10,2518	-54,8424
-1,1422	-48,0921
-4,8122	-49,0096
5,2147	-44,4220
-4,2222	-32,9532
2,9866	-44,4219
4,1009	-28,9553
4,0351	-26,5306
2,3971	-30,2659
6,4601	-16,1757
14,9143	-16,8967
-4,6155	-12,1124
10,3924	-0,2504
7,1154	-17,8794
10,5888	-8,5076
0,7584	7,6140
10,6543	-8,5076
-1,4042	-1,3641
9,9990	1,2572
0,6274	2,1749
8,7538	-2,8715
4,4941	0,8641
6,9843	7,4176
2,9213	0,6673
-0,3556	-8,4421
8,3607	3,2889
1,6104	-1,5610
10,4580	-7,5247
3,3799	-3,9202
17,9289	-8,5077
-5,9917	-6,9349
9,4093	9,7110
1,0206	-19,7145
14,4554	-14,5368
-0,8799	-0,7090
8,8848	-2,6095
2,5936	-9,6218
0,8895	-4,7065
6,5258	4,4685
6,0667	13,4469
4,9529	0,6675
6,2634	9,5149
11,0476	15,7408
3,9696	3,1579
13,0793	20,3939
1,6103	16,4616
6,7878	5,1896
6,2634	17,9691
10,0644	2,1093
2,7901	8,2043
9,8022	9,2527
-1,6008	-0,4466
5,9356	-1,1673
-2,9115	10,1047
4,3628	-0,5776
2,5279	14,8889
-1,2734	5,2549
-1,7319	8,5975
-5,7953	23,8015
4,2973	4,0754
-10,3174	8,5320
-3,6325	14,6267
-13,7908	9,0562
-3,5014	11,8743
-6,1886	8,6630
-3,2394	8,8596
-6,3850	13,5126
11,4405	5,4516
-1,6665	6,7625
-3,0428	15,4130
-1,0110	-3,2646
2,7899	10,1047
-2,0595	2,5023
7,1809	-2,7405
7,0500	-0,0535
1,4795	-10,9980
19,1087	-4,1167
13,5379	0,5362
16,0941	-10,0806
8,6229	-8,6387
14,1279	1,2570
7,9674	-12,3088
13,6035	-6,4762
2,1347	-18,1416
0,1029	-10,6049
-8,2199	-5,4278
2,2656	-16,5687
-9,2686	-11,6535
-9,9241	-7,4593
-4,3534	-10,1461
-6,3853	-2,6095
-5,7953	-3,6581
-21,1308	-0,3156
-1,0766	9,3836
-11,6282	-1,1020
-4,9434	1,5196
-16,2156	13,1848
-3,4361	1,2574
-10,8417	4,0100
0,9547	8,2698
-12,4146	12,0053
-3,3705	9,3183
-3,8948	2,5682
-8,5479	8,3354
-9,3995	18,5589
3,9040	7,4178
-1,9285	12,0053
-4,0912	16,9205
4,1664	9,5804
4,2318	1,6507
6,2636	17,7069
8,4262	15,7407
17,0114	8,8595
1,5449	3,3546
20,6159	8,7941
4,5596	9,7770
9,2783	7,8110
8,0332	4,7308
15,7661	6,7624
6,1326	3,2890
15,1763	5,5827
6,1981	-4,7064
0,2343	2,5682
15,4387	11,0876
20,3537	-4,5754
4,6253	1,9128
4,4942	3,2889
20,5505	-2,0851
13,6691	-3,6578
15,7663	2,6335
6,9845	3,5510
16,7492	5,9758
-0,7487	-1,4952
13,6035	7,7454
9,8024	7,1555
8,6226	3,0924
4,4285	3,2234
5,2148	4,1410
3,1834	9,3183
2,0036	9,6459
6,0015	2,1093
-0,2246	3,2890
7,5088	13,5780
-1,4042	-4,1822
13,7346	-4,1165
-3,2393	-0,1844
3,7076	7,6798
-0,0936	0,9296
8,2294	0,2744
3,1177	6,3693
4,9526	21,6390
-6,7781	10,0392
8,8848	1,6508
1,6105	13,7094
2,5279	19,2798
10,3269	16,5273
6,0013	13,1850
14,1279	9,3184
2,9213	19,8696
16,6183	1,7161
7,5743	11,4811
15,0454	7,8109
8,5573	-1,2984
13,7345	10,1047
4,6251	1,1919
9,4746	6,8935
-1,5353	6,9589
7,1152	-5,0995
-7,8268	11,1534
-11,4969	9,7114
-9,3340	5,0585
-7,8926	9,8426
-10,3172	16,7894
-9,4654	12,2019
-5,0744	23,2774
-13,2009	4,2720
-3,3049	8,9907
-6,8439	12,0707
-1,7977	3,7478
-6,8439	11,4154
0,9548	4,0752
-2,5186	-2,3471
3,0519	2,6990
-6,5817	-7,4590
-1,4700	-0,7088
-5,2053	2,3057
-4,8779	-6,1483
-5,8606	-4,0511
-0,9457	-2,5439
-6,4505	-5,2307
-4,3535	2,5679
5,0182	0,0120
-1,1422	2,1092
5,8702	2,2402
-3,8291	-1,6919
13,3413	-4,2476
-5,7951	0,7330
3,6421	1,2573
-1,4042	8,1385
8,2294	-0,2500
-6,9748	10,1702
3,3797	0,8640
-0,4214	-1,4296
-10,6450	8,2696
-13,0696	-1,4953
-11,1038	-5,1651
-0,1593	-3,0680
-14,3151	-3,2647
-7,9579	-5,5584
-7,7616	3,6821
0,8893	-3,2648
-6,6474	-2,6093
5,4112	7,8108
-9,0066	-1,2988
1,3481	1,1918
-9,2687	4,8617
-5,6641	-7,3934
0,4308	1,9782
-0,6180	0,2086
-4,8119	-4,3133
8,1639	-3,5924
7,5087	-10,8014
3,9697	-3,3958
7,6398	-8,4422
2,7901	-8,6387
13,5380	-4,5099
2,8556	-1,3644
11,5063	-3,9857
4,7561	0,3397
13,9311	-6,4105
-3,4359	-7,2623
5,6080	3,6165
-6,3850	-8,7698
0,2340	-1,3641
-0,6833	-5,2309
2,5933	-3,1336
0,4308	-8,9665
2,5934	-10,6048
6,0014	-5,4276
2,7246	-4,5757
11,7687	-16,3721
4,8217	-7,2625
12,9483	-9,6220
4,2975	-4,9033
18,5843	-10,0151
6,6567	-14,2092
14,0622	-6,0827
1,0207	5,9758
18,3221	-0,0535
12,1618	-1,0364
16,4215	3,8132
8,0332	2,4370
17,9945	10,0391
17,4048	2,1748
9,2128	2,9613
11,4411	11,3498
7,0500	4,2063
10,5890	3,0268
9,9991	8,9905
8,1640	3,4855
-5,7951	3,8132
6,2634	5,4515
-9,4652	-0,4466
4,6249	7,0900
-8,0234	4,2063
0,1028	-1,1676
-5,6642	3,2233
-9,0067	-9,7528
0,9550	-5,2963
-8,8102	0,3395
-9,7929	-14,4715
-12,0869	-11,7845
-7,0404	-10,2118
-13,1355	-12,7676
-2,4529	-3,1996
-6,9750	-24,1054
3,1830	-7,6558
-10,4484	-5,6244
1,6102	-18,7970
-7,8269	-18,4692
14,7173	-16,3065
-4,8779	-18,6657
-1,4044	-9,0974
1,2171	-12,1776
-5,2711	-4,2476
-2,8460	12,5949
-5,7953	0,0122
-6,1228	14,2991
-8,9410	14,6267
7,1154	14,1680
-2,3876	19,1489
11,6373	20,7872
-4,3536	16,1343
2,7245	22,0979
-1,7320	12,9885
8,2949	19,1490
1,8070	18,6901
8,4915	13,1196
2,7901	16,4619
8,8192	8,9252
-5,4018	14,9546
3,5109	20,3938
1,1517	5,5172
-5,6641	5,3863
-1,0110	16,7893
-4,0258	8,2696
6,1978	4,8618
-9,5964	6,2380
-2,8461	-2,6093
-5,4021	-0,3811
2,2657	-4,8376
-10,5794	-6,8691
-0,0281	9,4492
-5,6642	-3,5269
4,8215	-5,4928
-5,5330	1,5194
-2,7805	3,0267
-1,4042	-1,8229
0,6928	1,2573
2,0692	-1,2986
-2,0598	6,6967
-1,7974	-3,9856
-0,0937	-3,6578
2,5934	2,8301
-5,9263	-5,2308
4,7560	1,4539
-4,3534	1,1916
6,1322	-3,4614
-5,8607	1,9124
9,0158	-12,5055
-5,5330	-15,5855
4,0351	-10,2118
-0,0936	-22,7947
-1,9942	-20,7629
-4,2223	-17,1585
1,4137	-8,5733
6,0013	-7,9180
-1,7976	-10,8015
-1,2731	-5,8863
1,2172	0,2741
6,3945	-4,5755
-3,1080	4,9272
15,0453	0,7983
3,5110	-10,8669
12,8171	-7,2625
12,0962	-12,7675
19,5017	-12,1121
10,1302	-8,0490
14,9798	-16,9620
8,2297	-13,3574
-5,1396	-9,0322
8,6886	-24,3675
-6,1228	-5,6242
6,7879	-9,0978
1,2826	-14,4715
13,7346	-3,1994
-4,6812	-16,4376
-6,4504	0,0776
-2,6494	-0,9712
9,9333	-10,8669
3,9696	2,2402
13,6687	-6,0829
3,0521	-4,7721
5,9357	-6,3451
-0,6833	-17,2240
8,5571	-8,7042
-3,6324	-0,9057
-0,4867	-10,4738
7,5742	-3,3304
3,5763	-5,1000
0,3653	-7,0659
-4,8776	4,6649
12,0962	-7,0004
5,3459	2,6335
9,4092	5,0582
8,6883	-4,1168
15,8317	0,2744
8,8194	5,4514
16,9458	1,3884
0,4309	5,3204
10,6545	-2,4783
9,6716	-5,9517
12,6205	-4,1167
7,9022	-6,0829
7,9020	-7,3279
9,2783	-3,2649
1,8070	-4,7722
7,7054	-6,2795
-2,3218	-5,1653
3,8386	1,5849
-6,6473	-0,2501
9,9333	-0,3155
-13,7253	10,5634
-7,8269	12,5950
-8,5479	3,4857
-4,2226	14,4959
-12,4799	22,5565
-1,1424	6,7626
0,0374	14,3648
-4,1571	10,8258
-7,3025	17,8381
-3,3705	18,2968
3,1177	10,8257
-11,7591	16,1998
5,6738	18,1656
-1,9287	10,1048
8,6883	9,9081
2,9211	3,4201
13,4068	9,9737
-3,2393	9,7115
5,0838	1,7160
-1,2732	8,0732
5,6079	12,6605
-4,6810	-4,0511
7,3119	4,4688
4,0351	11,6775
-5,8609	3,4201
-5,0087	14,1679
-7,8269	6,0415
0,0375	13,6438
-8,7445	17,8378
-7,6301	-0,0533
-9,2032	9,0563
-2,1252	9,9736
-12,3489	-0,1844
4,1660	-1,1674
-16,0845	-7,3278
-6,3851	2,5026
-5,3366	4,3375
-5,7955	-1,7573
-5,4676	4,7307
-4,3536	12,7260
-4,8778	-0,4467
-12,0867	-0,1844
4,4285	12,5294
-0,2248	-0,7744
-1,4698	4,5996
-9,4652	-13,1606
-4,0257	-1,6917
-5,9263	4,4028
2,5933	-7,6558
-5,4020	-5,1653
-3,1739	-3,5926
-2,4529	-11,0637
6,7875	-9,8185
7,7707	-17,8139
4,3626	-12,8986
-0,2245	-12,2435
2,8554	-20,3698
-0,0279	-9,2942
3,9041	-10,9327
-0,2900	-10,2118
3,6420	-14,2749
7,2466	-9,2287
-0,7489	-1,3643
14,5210	7,8761
-1,6664	-8,5077
11,7685	1,2573
3,3143	3,4854
6,3290	-9,2939
4,0353	12,9227
8,8847	1,3883
-3,3703	0,4710
-3,4359	10,0391
5,5426	0,6675
-1,9943	3,2892
-9,9239	13,6436
-1,2733	2,0439
4,0351	10,3014
-8,2202	5,9760
6,1979	6,8281
-6,9750	13,3160
1,7414	13,6436
-12,9386	11,8743
5,2148	11,8742
-8,4167	4,7308
2,0035	16,9862
-7,2369	18,4932
-1,2734	8,4009
-2,1251	8,8597
-1,6665	2,4372
3,2488	11,1535
-2,3219	17,1170
0,9552	4,5342
-9,6619	13,2505
2,4626	14,0368
5,6735	1,4540
6,6567	4,8620
-6,9746	11,6774
15,1109	5,1239
8,2951	6,3034
13,8002	-10,5392
2,6591	-5,2308
10,5888	4,6650
-2,5837	-5,2310
11,9650	-15,5854
-3,0426	0,4052
-0,9455	-0,3157
8,4916	3,4854
-5,8609	-10,2770
-0,8799	6,9590
-5,4676	15,0198
2,7900	5,8449
-9,3997	7,4833
5,4114	16,3961
0,2340	9,2528
13,9966	15,1510
-6,3195	3,8133
5,0183	8,1387
1,6103	5,0584
4,1006	-9,2284
0,3652	3,3545
-2,1908	4,4027
-2,9115	-15,0612
-7,7615	-7,0658
-11,3001	-7,3936
-11,4969	-9,4252
-4,2222	-7,7869
-3,3050	-5,7553
-1,3388	-4,2479
-9,2032	0,4705
1,6760	-10,9981
3,3797	-4,1167
1,8069	5,1237
-5,6641	-1,8885
3,0520	-2,4783
-1,7976	-10,7358
1,5446	-0,3154
-4,6155	8,2039
0,4305	-12,5053
-5,5986	1,3229
-7,4993	7,2865
2,9212	-3,9856
0,3650	2,8301
0,5618	-5,0997
-6,6472	4,3374
3,5111	6,5655
-0,3557	-7,9180
10,2612	-8,9008
2,4623	4,4028
18,9775	-15,2580
4,2973	-6,9347
15,5696	-7,7214
1,2828	-8,1800
8,0985	-2,8063
3,7077	-10,9326
2,5934	-18,6658
4,0353	-1,8231
5,9356	-9,2287
5,8047	-9,6218
-8,2201	-6,2796
1,0862	-14,6680
-6,3195	-5,7551
11,7684	-4,3790
4,2972	-2,2162
6,9187	3,0266
0,0375	-10,6048
11,5718	-2,7405
0,2341	-4,7066
13,4068	-8,8352
12,6859	-0,2501
7,9017	-3,0026
3,4455	-3,5269
9,2125	3,4199
9,1471	-0,2501
3,6419	-0,9054
6,7223	3,8131
0,2341	2,5024
11,6373	9,0560
-15,8878	3,8786
1,1517	2,2403
-9,9240	2,3059
0,5616	2,3060
-9,4654	13,3160
-6,5162	11,0221
-1,6009	0,6021
-0,0283	1,9785
-8,5477	15,2821
-3,7636	16,0684
-7,3679	13,9714
4,4938	7,6799
-7,6956	16,5928
-1,0765	19,3451
11,5719	3,4856
-6,5816	3,2891
9,1472	15,4787
4,6906	7,8765
17,4047	10,3013
5,6081	5,3861
11,3099	-1,2330
11,3098	10,3668
20,5502	-2,8715
6,0014	6,8935
15,0453	6,5656
3,6421	-4,1166
3,9042	0,9296
1,8072	5,5826
4,1009	-6,2138
9,0160	7,0245
-1,2731	1,5193
6,0014	-2,6093
-5,2054	8,0730
1,6105	-12,7674
-6,5161	-2,2816
13,9309	3,0922
-10,1207	-9,4251
0,4306	-12,1120
-10,4484	2,5024
-0,2249	-11,6534
-12,0211	-1,2987
-3,0429	-18,2070
-7,2370	-7,2624
-10,3829	-4,1825
-8,7442	-13,1607
3,1175	-3,3304
-1,8631	-12,3088
-8,6789	-1,7574
6,1324	1,8468
-3,0429	-9,6874
6,1324	-4,1168
-6,7783	-4,1824
9,8678	-14,7991
1,8724	-5,6896
8,1639	-12,8986
-2,9772	-11,9155
14,6520	-6,9349
9,4746	-15,2579
3,9040	-8,0489
0,1688	-0,1193
3,0521	-16,5031
-3,6979	-4,0513
2,9866	-4,7068
6,8531	-11,1947
-8,3512	-11,3259
1,4137	-21,2216
-11,9558	-10,4738
-8,1547	-0,4469
-15,6914	-9,1632
-9,5966	-2,6094
-18,1818	2,5678
-11,5628	-5,4930
-24,0145	-0,4466
-11,5628	2,3059
-20,6066	-6,2137
-18,5095	7,3523
-16,4122	9,9080
-21,8518	6,8935
-12,3489	8,9250
-13,9220	5,3861
-11,2347	-0,4466
-15,2325	0,4709
-0,4213	7,0899
-2,9118	2,0436
5,3458	-15,6510
-6,6473	2,4371
4,6249	5,3204
-12,8076	-5,4929
9,8022	2,3060
-10,0551	15,0198
5,2803	-1,2331
-0,6180	11,2188
-9,5308	4,7306
-3,4358	3,0268
-4,1569	4,2064
-6,2539	0,6019
-6,1230	10,3667
-5,2053	6,0413
-7,6958	-1,8229
-0,7489	2,4369
-5,7298	-2,1506
1,3482	2,3715
-6,4506	2,3714
1,8725	-4,8375
3,4454	3,0268
2,8555	5,1238
4,7562	-3,8545
11,3752	-1,8884
6,0015	4,7306
9,5402	-0,8398
5,8704	6,4346
8,8849	1,7816
9,3438	15,7408
6,4600	13,7746
8,4918	5,2552
3,0522	7,0902
10,7855	10,1049
2,9211	12,6607
17,7322	19,5419
4,4939	6,0414
8,3605	2,8959
-3,5014	18,8864
9,0814	2,5024
-7,6957	4,3377
-7,9579	10,7599
-5,0742	5,2551
-6,6473	8,9905
-5,9262	5,1895
1,8723	-0,3811
1,6759	10,8255
-2,1252	-10,3426
4,2973	-5,9515
-4,2878	11,0220
16,9457	-1,5609
0,9549	-2,4127
12,4238	-0,3812
4,3629	-8,7697
13,5378	-1,0365
4,4284	-10,7357
2,4623	4,4031
2,3313	6,8933
-3,6982	-10,7357
-7,0403	2,2406
-11,7591	13,1848
-7,1714	0,2743
-8,8101	15,2821
-6,0574	12,3984
-12,8732	14,8889
-5,7952	16,9860
-3,8292	15,6098
-2,0597	21,8357
-7,8269	10,3014
-1,6665	9,1873
-15,5600	7,4834
-1,1422	10,7601
-12,0212	10,5634
-3,1739	7,7454
-5,0090	-3,1991
-10,6451	6,8280
-12,1523	14,5610
-18,5749	0,9951
-10,5794	9,0562
-13,9219	9,2526
-7,3683	8,9906
-19,8201	12,2017
-2,8461	-2,1504
-6,8440	9,9737
-0,2903	12,0706
-5,2055	-6,2138
1,2826	-6,1481
-1,4043	1,1262
1,8723	0,7985
-11,0380	-6,6071
-4,4189	-2,6094
-1,3387	-0,3156
-13,6597	-0,1847
-5,2053	-17,4860
-0,6181	-3,7234
-11,7590	1,1260
-15,8877	-12,4398
1,6758	-5,1653
-13,0043	-6,2794
-1,7975	-3,5269
-4,8122	1,4538
7,1153	-8,6387
-0,6835	0,2087
5,5424	12,0050
0,5617	-9,2285
13,0790	1,5851
-7,0405	7,0243
-13,0041	3,5511
-1,0765	2,4370
-7,8925	-5,8861
-4,0257	5,3207
-2,1909	14,6266
2,0035	0,7986
-15,5601	9,2528
3,1833	12,4639
-8,6789	8,5318
7,5086	6,4347
-7,4993	2,5682
4,6249	9,7116
-6,6472	17,7724
4,8215	1,9128
3,3142	13,1850
-2,9118	10,4979
-7,1058	5,6484
-1,6666	21,5735
5,0838	4,2064
-1,4045	0,0779
-4,8776	15,1509
-6,3851	1,5849
5,9358	-2,2815
-0,6179	11,0876
12,5549	-3,0681
4,4939	2,1093
12,5549	8,3350
2,0691	-2,2818
15,6350	0,7984
-2,9116	0,2742
8,5572	-2,0197
4,1008	-1,6265
2,3967	-17,5516
4,0353	-8,7041
-1,3388	-2,5440
0,7585	-11,3912
-7,8267	7,4175
10,2613	-8,5078
3,5108	-6,2793
10,9822	-0,5779
-3,0425	-6,1484
24,8758	-9,9494
-3,3048	-1,6265
14,6522	-8,1802
7,5086	-3,7892
15,1763	-12,3744
-4,2222	-16,8308
8,4261	-1,7576
11,8340	-10,7361
-5,9919	-7,1316
-1,5351	-13,7506
-0,0936	-15,9132
4,6906	-5,2309
-4,1569	-7,6558
1,1516	-3,3959
-3,9602	-0,1192
12,4894	-11,6534
1,8725	3,4199
10,3267	4,4683
-1,8630	-7,4592
13,8657	-5,0342
2,8557	3,8130
11,5064	-10,3427
11,7685	-0,3157
4,2974	-9,5564
6,5258	-11,3912
-2,5184	-0,8400
6,8534	-15,1268
1,4791	5,6481
-1,1420	0,0774
-6,6472	-1,5609
13,2102	-3,7236
0,7582	-5,1652
11,8997	0,3397
6,3945	5,4515
16,4216	-4,5099
6,7879	9,7114
20,8781	13,0537
13,7348	-3,1991
28,7424	9,2529
18,0601	12,9883
17,1426	12,7262
19,8953	9,5805
20,2227	2,1750
10,9168	13,0540
7,9020	15,9374
10,4581	1,0607
11,5720	0,5367
13,2760	16,9859
-2,1906	1,5194
16,8149	6,5658
-1,7320	-0,9709
7,3120	1,7817
-2,8461	8,2041
3,1831	2,6991
-2,6495	2,1751
2,7898	11,9397
-6,3851	6,3036
-0,6181	6,2381
1,0859	6,1069
-9,4000	0,9297
-4,8777	1,5849
-12,2179	-1,4297
0,9550	7,5487
-6,3196	3,1577
3,3143	-12,3086
-7,7613	8,0076
13,6690	5,7791
-1,6009	2,8957
16,8802	4,4685
-2,9772	4,9928
6,3946	6,0415
3,0522	13,5125
3,3143	-2,8059
4,8873	6,9592
2,2657	10,5634
4,0353	6,6314
-2,7806	8,0732
1,2828	7,0246
-3,6982	11,4155
1,3483	16,9205
-5,7298	4,3376
3,0521	7,2213
-11,6280	12,0052
4,2317	2,6992
-6,0574	1,1262
11,1784	-3,3302
-11,7590	-3,3958
6,6566	-2,4128
-0,0280	-6,9348
4,7561	-6,6726
9,3438	-1,8232
6,3289	-17,1585
8,1643	-4,7722
13,2759	-9,3599
15,4386	-12,7020
11,8997	-8,7044
23,9583	-11,9813
7,7709	-22,9911
13,7348	-10,9981
12,6862	-20,1733
15,8319	-6,2140
9,0818	-13,3576
23,4995	-14,8648
10,6545	-10,6050
16,4870	-9,1632
4,9529	-12,1778
13,6690	-7,0660
10,5234	-12,1778
2,9866	-11,9154
4,2319	-2,6750
-7,6957	-6,6072
4,4941	-5,7551
-1,6011	-10,1460
5,4115	0,6674
-4,3535	6,8276
4,2317	-9,0320
-6,2541	-2,2815
3,5108	8,0728
-8,1545	-5,7551
7,2463	-5,8860
-12,4143	3,0267
3,9041	-0,5122
0,8895	2,5024
5,0181	-9,3596
4,1008	-0,7744
3,7730	1,6502
6,3291	-15,9789
2,9866	-6,2139
-0,6176	-6,6074
2,7901	-19,1901
8,4262	-5,4277
-1,2077	-16,1101
8,3606	-12,8986
1,0860	-3,4617
8,6881	-23,3844
-5,8608	-10,9324
-0,4869	-4,9034
-4,5500	-9,8840
6,3287	-6,0173
-12,3489	3,4853
-8,2857	-1,8886
-10,0551	5,3859
-6,5163	-2,7405
-8,4167	5,1239
-9,9897	9,0560
-0,8801	-3,5923
-0,7492	8,6630
-1,2077	9,7768
-1,4044	0,8642
14,7829	8,7940
-8,0890	4,8618
5,6735	1,5852
-5,4676	19,0830
-2,0598	2,4371
-5,7952	10,6291
-2,1254	19,8040
-7,3026	-1,2985
-9,2688	11,8743
-8,8099	5,6483
-7,1717	11,5465
-9,3997	15,8717
-8,4167	8,9905
4,1661	6,2380
-15,0358	0,5363
3,1178	-3,0681
9,4091	0,4708
14,8486	-1,2332
5,2806	-10,5392
22,1232	-4,5099
14,6522	-13,0297
19,1086	-8,3110
21,2059	-2,0852
15,4386	-6,1485
14,6524	-7,4591
18,5188	-2,6751
11,8998	-8,4422
6,7223	-1,4298
16,0941	-8,8353
-3,3703	4,5340
11,8998	-2,5440
1,4793	-14,4714
13,6691	-0,2500
4,4284	-2,4784
13,7346	1,1261
4,3629	-4,1168
13,6034	-5,6241
5,9358	2,5679
6,1979	6,8276
4,9528	-13,8816
5,7391	1,3229
0,8242	5,1237
5,2803	-1,3643
-3,1735	-3,9202
2,9865	-0,3157
6,5911	-2,8060
-3,1083	12,9880
6,8533	-1,5609
2,0036	4,5342
12,6204	13,1847
6,9844	-2,1507
19,0429	-2,7403
10,5234	8,7284
23,4993	2,8301
11,8997	0,0121
14,0623	2,6990
19,2398	6,0414
13,4724	9,1216
14,7179	4,7961
13,9968	6,1070
21,5335	6,1724
5,6082	0,9297
15,7664	8,0075
13,2758	3,4856
15,6353	7,3522
7,4432	12,5294
15,3075	-7,1968
2,9867	1,2575
17,0114	10,0391
5,5426	-7,0002
7,3120	2,0438
0,4964	0,6019
2,6590	-2,9369
1,8071	8,5973
7,5740	5,7137
-2,5183	8,1386
-3,5670	10,3667
4,3629	-0,7743
-6,7128	1,5196
2,1348	1,1262
-8,3511	1,3228
11,2441	0,7329
-5,4676	-10,8669
13,4067	-1,2986
-6,7127	4,1406
7,0498	-17,5516
0,4307	0,0776
5,6735	-12,5710
7,9674	-14,4714
0,3650	-1,6264
-7,1713	-12,0467
4,6905	-11,1945
-4,4190	6,1723
-13,3319	-0,7089
-3,7636	-1,2985
-14,0529	11,7430
-4,7467	9,0560
-11,8903	7,7455
-8,1548	12,1363
-19,6234	7,4834
-1,4046	6,1726
-16,7400	1,6508
-5,0090	6,6971
-19,6234	22,9498
-7,6305	5,2550
-13,4631	9,3184
-17,3298	8,8596
-15,1669	11,0877
-21,7207	1,5195
-6,1230	7,8109
-14,5773	3,8132
-8,6133	1,4539
-18,1817	-0,9709
-7,2370	8,0731
0,6271	13,8400
4,1005	-3,4613
-6,9749	5,7138
5,9356	1,2572
-6,3851	3,3545
3,6419	8,5317
-4,7467	-7,1969
-0,1593	-1,7572
-9,0720	18,0344
-11,4315	1,2573
-6,1230	3,2234
-14,1841	9,5804
-9,6620	8,2697
-21,7862	6,3692
-4,4191	11,5466
-16,9367	17,7725
-7,0405	22,0978
-12,8733	8,9908
3,1830	15,7411
-10,4485	19,9352
-2,5186	8,5321
-4,1569	22,6222
0,6271	10,6946
-3,3049	14,1027
-6,0574	18,2312
2,7899	2,9615
-5,0089	15,1512
-7,3679	11,5466
-0,8800	-3,4611
1,9381	3,8789
0,3651	-0,4465
10,8510	3,7478
-2,4528	7,4176
14,8486	-12,2431
-0,2246	2,3059
9,6057	3,8785
-5,2052	-10,0806
17,0768	1,1916
5,4769	-12,4400
4,0351	-9,0975
-0,9454	-1,2989
6,1322	-14,6027
-5,2054	-10,6049
-6,4505	-5,6898
7,7052	-13,4229
-3,0428	-6,0174
-1,3387	-5,2310
-5,9918	-7,0659
7,8363	-0,9711
2,2001	-13,6195
11,5717	-3,6579
-7,5647	1,7157
8,2295	-18,3380
1,8725	-2,6094
-0,9457	0,9294
-3,3047	-10,4737
8,0328	0,6018
1,4137	-10,0150
-2,5840	-4,5099
-4,8775	4,0751
1,4793	-10,7358
1,2827	-3,7234
-7,4991	5,4515
10,4578	-2,1506
-7,0404	12,4639
10,3923	0,7330
-6,8436	6,6313
10,1957	7,2866
4,1663	0,2089
7,6396	11,2188
-6,8437	13,8402
6,9187	2,4371
-0,0935	3,2236
-5,0745	8,7941
-11,8244	14,4956
-4,2225	11,5465
-9,3998	4,2065
-16,6088	9,5806
-6,7127	17,1171
-5,5989	6,3692
-0,7491	9,4495
-15,5602	16,3962
-5,5331	8,0731
-10,2518	12,7263
-6,6473	13,4471
-12,6110	11,8087
1,0859	11,3499
-8,8100	9,7116
-8,2201	13,7092
-0,0281	7,4833
-4,2881	4,5998
-3,0427	7,2867
-6,5817	3,6166
7,4430	-4,8374
-8,6789	5,0584
-0,7488	-2,0851
0,2996	3,8132
7,7708	8,9904
-4,9432	-3,1337
7,8364	5,6482
6,7222	5,1894
14,1932	5,5827
3,3799	6,7623
6,5911	-2,8713
8,1641	7,6800
5,4115	7,6799
12,6206	-4,3786
7,8363	8,3354
6,1981	14,3644
5,6082	-5,0341
6,8534	2,8303
0,5620	4,5339
17,2736	-4,7721
12,6203	3,8786
2,4625	-19,5177
6,2635	-11,6533
11,7683	-2,5441
-1,6664	-14,8648
10,7197	-18,0103
3,0521	-11,8502
1,3480	-12,1122
-5,4676	-10,3428
-5,2711	-13,1607
-13,3974	-7,9179
-10,5794	-0,7745
-2,9773	-8,2454
-21,4585	-5,3618
-10,5138	-0,9054
-11,8904	-2,8714
-7,7614	3,6165
-20,2132	-3,9857
-8,0892	1,5193
-19,4267	-1,8232
-2,2564	-16,6998
-8,6789	-9,8839
3,7728	-13,5542
-6,0575	-24,8262
-2,3220	-17,0275
-13,2007	-24,0399
0,2996	-18,0105
0,4307	-7,3284
-7,1715	-18,2727
0,4309	-5,9519
-1,7320	-11,2605
5,4116	-17,0930
-6,1883	-5,8864
14,5211	-17,1585
0,9551	-22,9255
17,0114	-3,6582
2,9212	-16,9620
12,9482	-13,2918
3,1179	-10,2773
19,4362	-21,6150
3,9699	-13,3574
8,9505	-8,5734
10,8511	-13,6852
6,3290	-16,3722
4,4942	-19,9767
-5,5985	-27,9719
6,8534	-10,9982
6,0667	-26,6614
1,2827	-19,1246
-7,0403	-8,8357
5,4113	-18,4039
-10,3827	-16,1756
7,3774	-8,6391
-6,8438	-19,5180
-3,3049	-15,9789
0,8238	-20,4354
0,2339	-14,2749
-5,5986	-12,7676
-7,6303	-13,2918
7,9673	-16,6996
-5,7298	-5,3619
-0,8798	-5,0342
0,8239	6,3690
3,3799	-2,4127
1,8725	8,2697
6,3291	14,6265
3,3799	-9,2283
14,1277	13,9714
-3,5014	13,3813
10,1302	-2,0850
2,9212	-0,4465
16,2904	0,9952
4,6907	6,3035
12,0307	0,9295
8,3608	-5,8207
15,2420	-5,2964
12,4241	-6,3451
12,6206	-15,4545
17,6015	-5,2965
11,5065	-6,7384
15,5699	-3,5926
3,8389	-8,9011
25,9901	-12,7019
12,4895	-5,6240
20,8127	2,9610
10,7201	-9,8184
24,8103	1,5849
16,7494	1,2571
21,7301	-4,1167
7,9678	-0,8400
21,9923	-4,3789
17,3394	2,7646
23,3685	1,1916
13,9316	-11,9811
14,5212	-3,5269
18,9123	3,6819
10,1959	-9,2942
23,4341	-1,9541
7,3778	-8,5733
21,4680	-7,1970
8,5573	-0,4468
16,6182	-12,9642
6,1325	-1,8229
8,5572	-0,8401
5,0185	-3,6579
18,2564	-0,1846
-1,8628	-3,2646
5,8703	3,0923
7,8364	8,9250
6,9843	-1,6919
10,5889	6,2381
-4,1569	10,3012
-1,4696	-2,8714
-0,4214	5,9106
1,2827	12,2017
-13,1353	7,1557
2,0035	11,3499
-2,9773	5,3862
-6,7129	12,5953
-15,7567	24,4571
1,0859	13,5782
-6,1231	15,4789
-1,4046	13,9714
-12,4144	18,6246
1,6757	9,5150
-5,2055	10,3015
-5,2054	17,5757
1,1517	8,0730
-2,1253	-6,3448
3,8387	-0,8398
5,6735	-0,1191
13,6691	-12,8985
4,1663	-4,9687
15,4387	-9,6875
8,1641	-9,8839
24,9413	-10,2773
10,9821	-18,2727
21,2713	-8,9009
9,2783	-5,6244
21,4023	-26,5303
10,2613	-18,3381
8,4262	-13,3576
10,7856	-13,6196
2,4623	-13,0954
3,3801	-17,8139
-0,4868	-2,3474
4,3630	-1,8233
-0,8145	-16,6341
13,2758	-0,0535
-6,6473	1,9125
1,1517	-2,6094
3,7075	8,4661
9,7367	-3,3958
-0,8800	0,0123
7,9017	9,1872
4,0353	-2,9369
12,4892	7,7455
4,1008	13,7746
-1,7975	5,3206
2,4626	7,6798
10,2611	3,9443
6,8535	6,1070
5,5426	17,4445
15,3731	-1,8885
10,9821	3,1579
18,3221	8,5317
5,6082	-7,0002
14,2589	0,1433
-1,6008	4,0753
8,3608	-0,1845
9,7369	1,9783
13,0135	-2,8060
2,3314	0,6676
3,2488	14,8885
10,9822	-8,5076
13,0136	0,3398
6,4602	3,4198
1,2173	0,2085
12,4241	-4,9032
6,7222	-6,8694
6,0671	-10,7359
7,3122	-0,9057
16,0284	-14,4716
0,1687	-4,8377
13,8657	-5,8865
-1,0766	-18,0105
6,5911	-15,3234
1,9380	-3,1995
6,2633	-12,6366
-7,4991	0,3395
0,1685	-13,1609
-2,0597	-11,7189
-2,7807	1,3883
0,4307	-6,4762
3,0520	-4,3133
1,6758	-0,9054
-9,9895	-1,4952
2,9867	5,2549
-8,8098	-1,7575
6,7222	-6,8692
-3,4360	-5,1653
11,8994	-8,0490
-5,2710	-7,8523
4,0351	-2,8062
-3,7636	-15,5201
2,9865	-11,7190
-2,4529	-16,8964
-4,8123	-14,0128
3,6421	-10,5394
1,7413	-13,6197
-0,9454	-8,2456
2,8557	-5,6243
18,0600	-9,9495
3,0523	-1,7575
16,2906	-3,2649
4,4942	-7,5245
10,1303	0,9951
4,6908	-5,9517
20,1572	5,9760
6,9189	5,3205
12,3584	-0,7086
5,8049	9,7115
12,0307	13,0538
13,4726	6,8935
13,6035	9,7116
5,5427	12,5295
-0,6177	14,5613
10,3269	22,5565
12,4893	12,8572
15,3730	16,9206
-0,6833	16,7893
14,4556	0,3400
9,9335	6,1727
14,9143	2,6992
11,0477	2,1750
16,4872	9,9736
13,4070	3,0268
22,5164	2,1749
3,3801	6,3691
12,8827	-8,7041
9,6715	0,1433
5,3460	-0,9054
3,3146	-1,8884
5,9357	5,3204
12,0307	-4,2478
1,4137	-4,9686
9,6713	7,6141
-0,1591	-3,3959
11,3096	-4,1822
5,0837	-1,5609
10,6542	-5,2964
-3,8290	-3,3959
13,0136	-7,5246
5,8703	-0,7088
11,8995	4,9926
12,3584	-9,8184
0,4308	3,4855
3,1836	8,2695
9,7368	-2,8715
9,6059	6,9589
-4,0257	9,3181
4,6907	1,7817
-4,7466	18,9520
6,4600	5,2550
-0,7489	16,9205
6,5254	15,0199
-7,6301	9,0563
7,7707	11,1534
5,0837	16,4619
8,2293	17,5104
0,8895	21,5081
-2,7150	11,8088
10,8510	12,4644
0,6272	29,3724
-5,0086	13,7094
0,4306	18,8213
-1,7975	28,1273
-13,2008	20,8528
4,8871	23,0811
-6,1886	16,8550
-3,0428	15,2168
-9,2687	23,2775
-4,5501	7,7456
-9,0065	11,6778
1,7412	13,9714
-13,3319	2,5681
-7,7614	14,9543
-1,2077	3,2888
-5,4678	-6,0827
-8,2201	3,8786
-12,6111	-3,6581
-5,2710	-8,2456
-15,2982	-3,5270
-5,9263	-10,0151
-8,2203	-5,7552
-2,4530	-5,3620
-10,2518	-5,4275
2,9865	1,5848
-8,4823	-6,7382
2,3968	-1,1019
-0,9456	13,1191
10,1954	-12,4397
-1,6010	1,1264
2,3967	1,7160
0,5618	-6,4759
-6,2541	4,0098
-1,2731	0,8640
-1,0768	8,5317
-3,0427	3,8787
-8,2856	-3,6578
4,5594	12,2674
-7,1061	14,4955
1,8725	8,8596
-2,8462	15,2821
1,6757	13,6437
-13,9217	11,6778
5,0836	24,3916
-9,0066	7,9422
1,3481	13,5128
-7,4992	14,2336
5,1491	11,0224
1,9380	16,7239
1,5446	16,5272
-2,9116	9,9081
-0,6835	14,0368
-5,2709	4,0098
-6,1885	5,6483
-0,2247	15,2819
-3,4361	-3,0025
-4,0259	-0,1842
-10,8416	14,1024
-3,0429	5,1895
-12,5456	11,0878
2,9863	6,6314
-11,7592	9,0563
-5,5332	19,0831
-6,5816	-1,6261
-1,4045	13,3817
-8,0234	21,1802
0,6928	6,1070
4,7562	2,4371
5,0837	0,9296
6,3291	5,7138
-1,6663	6,6311
8,0331	-7,9833
6,0015	6,3035
16,9459	1,7159
4,8872	-5,3619
9,9990	-0,3156
2,9212	0,2741
7,6397	-4,9686
-0,4866	9,3181
6,0669	-3,3960
5,4115	-9,7527
6,1979	-0,3157
-1,4040	-2,8717
10,5888	-9,2286
10,0646	-1,1678
2,5280	-6,6074
9,5405	-15,6512
11,7030	-24,1053
13,2103	-9,0976
-1,4696	-2,0200
19,1742	-18,6004
3,7075	-17,6172
12,9483	-11,0637
-4,4844	-8,9667
14,6520	-10,5394
-0,5524	-17,4206
-2,3874	-1,5610
-19,9509	-7,4593
-8,3511	-8,9664
-11,6935	0,9950
-17,7885	4,7960
-16,4777	-7,1968
-13,0700	-5,6893
-10,3829	12,2018
-25,4562	12,0707
-5,9920	11,8742
-25,9805	11,3499
-14,6427	4,4032
-15,4292	16,7895
-4,8125	8,9906
-19,0337	16,5929
-8,4825	15,6753
-10,6450	9,8427
-7,6305	17,7725
-10,1862	14,6923
-17,1331	15,2167
-7,7612	20,8526
-1,2080	14,1025
-4,0259	28,5205
-7,3683	23,9984
-2,5840	15,7410
-13,2009	18,5590
0,9549	13,7748
-8,1546	13,8405
-1,2078	22,4256
-2,9117	10,5635
-0,8802	9,5806
-14,5115	19,7385
-5,7953	0,6675
-6,7783	10,3014
-9,0723	7,4832
-17,9849	4,9930
-22,3104	13,5781
-7,4992	-0,2501
-13,0700	2,1095
-3,9604	14,2334
-9,0723	-0,7088
-1,7322	-0,0533
-19,0337	8,4006
-0,9456	-7,5246
-10,1208	-3,6580
0,9548	-11,1947
-5,9264	-11,4568
5,0180	-3,8549
-5,6641	-25,6127
4,1006	-17,8794
4,5595	-12,3747
1,4791	-25,9405
-1,7974	-18,0761
-7,5647	-13,6854
2,6590	-18,2729
-5,3365	-15,1927
9,3437	-36,7539
-1,9287	-22,2049
9,0816	-12,6370
-2,6494	-24,6299
15,0453	-26,2682
7,6397	-19,3215
13,0137	-26,7269
8,6228	-19,5180
14,2588	-19,9768
3,3800	-19,8456
7,3776	-18,0106
9,2783	-21,3528
1,6760	-9,6218
6,1326	-11,9812
7,5742	-15,3234
7,9021	5,8446
2,0038	-1,7577
14,7178	-6,1483
-1,4041	2,4368
18,7155	-11,7844
14,7832	2,5025
12,5550	2,9611
11,8998	-12,8984
21,0092	3,7477
14,3245	-0,0536
13,6692	-2,2816
17,7325	2,5678
14,0623	-6,9347
13,0795	-13,5538
12,3584	9,7114
10,5235	-8,5077
0,1686	3,2234
8,8851	8,9904
-0,4867	3,6820
4,2974	9,9080
-8,9408	-1,4297
5,0838	-0,5120
-5,0744	17,1825
3,8385	-5,4929
-2,2563	3,9445
2,2655	10,1702
-0,4213	4,2065
-0,6836	4,4687
-4,0913	1,9127
-3,0428	10,8912
-6,5161	10,5634
-2,5185	3,5511
0,6273	14,6267
-7,8270	15,9373
-4,0912	2,5681
-11,6281	12,5952
-3,1738	9,4493
-11,3659	7,6145
-4,9432	21,5081
-10,3827	10,4979
5,4113	12,4643
-2,2563	23,4741
2,7243	11,2844
-5,2709	8,6630
4,8871	0,4711
1,1516	12,5952
-7,3026	11,1533
-6,1228	6,0415
-4,6156	7,3522
-1,6664	11,4154
-2,5185	5,5171
4,9527	-4,9685
-3,1739	2,6336
7,7707	-3,9856
-2,3219	-3,0025
12,8824	-4,7064
0,6928	2,5024
4,2318	-1,8231
0,5617	-10,8013
-5,7953	0,2742
5,6737	-1,9542
3,1830	-7,2625
-2,5838	-6,0172
0,6927	-4,9032
-6,5159	-9,8839
1,2170	6,2379
3,3798	-9,4253
-5,5987	-3,9856
1,5449	-11,5223
-10,7760	-6,0828
2,4623	-5,3620
-4,2880	-1,9540
-1,5354	1,5193
-11,0381	3,0922
7,8362	-4,3789
-1,4698	-3,9200
1,0860	3,8786
5,0184	-16,4373
2,3968	2,2404
5,8050	11,1530
10,6543	-0,7088
8,5574	2,0437
2,7901	1,5194
15,0455	2,1092
3,4455	8,3351
11,7687	-7,4590
12,6205	-2,0195
13,0792	8,1384
-2,9770	-10,1461
6,9189	-1,1020
-3,1738	-1,6920
-2,2563	1,3883
-1,9941	3,6164
3,2485	-7,2626
-6,0574	-10,9979
-6,0575	6,1724
-9,0719	-8,4422
-4,5502	-5,3618
0,8239	-4,5100
-9,1376	-0,4467
1,8070	2,2402
-7,9580	-5,1654
-0,2246	-10,6046
-1,4699	2,6334
2,7244	-3,9201
-4,0258	2,9612
7,9017	4,8617
-3,4359	0,3397
9,6712	4,6651
-3,4359	1,2572
4,4283	0,0121
-3,8946	1,5194
-3,8292	-4,3788
0,2997	-1,1020
-6,2541	9,6458
-1,5354	-9,3595
-6,0575	9,9737
-3,2394	1,3227
-11,0382	4,0099
-2,7151	13,1849
-13,7251	7,2866
2,5933	12,3986
-5,7298	14,7576
-5,2710	-0,9053
-6,1884	9,7771
0,4305	4,1408
-5,2709	-5,4272
-2,7152	8,6629
-5,6640	0,8640
-1,6011	0,6019
1,2826	-0,1845
-11,3004	0,0776
1,4138	-1,2331
0,0374	-0,7744
5,8046	-0,8399
-2,8461	-0,9054
15,1764	-1,8885
3,7730	-4,5098
14,3899	-2,0851
5,5426	-8,4420
14,7830	-0,9053
5,0183	6,5000
9,4091	-6,2794
6,0014	2,6991
8,4261	-1,2987
10,7199	1,4540
-2,9773	6,3690
1,2173	4,2719
-8,2856	0,5365
9,2782	7,0900
-10,2517	-0,5777
8,0330	3,0924
-5,0743	4,4686
8,6882	0,6676
-3,2393	11,2843