-1,2893	8,4341
-6,8597	5,3538
-0,1096	6,0093
-4,1727	17,1503
0,2836	7,1888
-3,4518	5,0263
-4,5660	16,6916
-0,4371	2,5359
6,4439	8,2377
-0,8960	16,6916
-0,2408	6,7956
-6,0078	0,3076
-12,3649	-5,8529
-2,0102	-15,1590
-13,9379	-9,2609
-5,1559	-10,1130
-8,6293	-13,3897
-1,3550	0,0452
-16,6246	1,7492
0,5456	14,0046
-9,3503	15,7740
-3,3209	12,9562
1,2667	14,0702
4,3468	7,3199
10,8351	0,3731
10,7694	-2,1830
11,4904	-13,2585
9,9830	-10,0473
3,6260	-7,9503
-7,7117	-16,8630
5,1333	-5,1321
-11,0542	-3,9525
-0,1096	-5,1320
-6,9909	7,3853
4,2158	-0,0202
-6,0734	2,9946
-2,9276	8,6306
-5,8767	-0,4133
0,4801	4,0432
0,1526	5,6159
-0,1752	0,1109
0,8735	8,8927
-0,9616	-6,7049
3,1672	-0,8720
-4,3695	4,1740
8,1481	-10,0472
9,6554	1,9458
23,7457	-12,8653
17,3888	-11,2924
27,6124	-7,8191
13,1290	-17,5185
16,6679	-15,6178
12,6702	-11,2271
13,1289	-11,4236
10,7697	-8,6056
17,1920	-3,5593
9,7866	-5,5907
17,1265	12,8250
9,5900	7,9098
6,1165	12,0388
10,2452	16,9538
-3,1898	6,7958
-3,1242	8,2375
-10,1367	-0,6100
-6,7944	-8,1466
-16,7559	-3,5592
-7,3187	-12,4723
-12,6271	-15,4869
-11,6440	-14,9627
-14,1343	-15,5524
1,9219	-7,6881
-5,7457	-4,6079
5,4609	-10,1784
9,0655	-3,4936
10,9661	-0,4790
17,3232	3,1911
15,7503	3,9119
19,1584	-8,8676
22,5661	-0,8721
20,3379	-4,2146
12,6047	-13,9138
21,3210	-3,4282
8,7381	-10,7028
22,8938	-12,9965
15,9469	-10,5717
15,4882	-12,7345
15,0950	-12,2757
12,2112	-8,0158
10,2453	-5,9840
11,8835	1,2251
11,5560	12,8249
11,2937	18,3301
14,8329	23,6384
12,8012	14,9878
18,2408	6,8614
13,7844	6,9268
14,5708	-1,9862
4,9370	-3,8868
5,7234	-11,3581
-4,6969	-16,9941
4,5436	-12,4722
-2,0757	-17,5186
-4,3040	-16,2732
-13,0857	-7,1639
-10,9887	-18,8948
-10,4644	-17,0595
-11,2510	-4,0181
-11,7752	-11,4892
-14,5277	-9,9818
-9,1538	-3,2316
-23,9651	-7,4914
-23,1130	2,2735
-21,9335	-2,8383
-19,2465	-0,6099
-32,8780	11,1209
-25,2757	-0,4134
-30,1910	7,2544
-24,3584	-0,0202
-31,5017	-2,1828
-22,9166	6,5334
-32,0916	5,1571
-31,7641	10,0070
-36,6791	21,0825
-35,8929	19,7064
-32,4849	28,2263
-28,2906	34,3866
-18,7877	28,4231
-17,1492	40,0883
2,1841	26,9811
-1,0271	23,0491
13,5220	26,7190
4,4780	25,2115
15,2259	26,2602
1,0047	30,1267
15,0294	25,8014
14,7018	34,1900
20,4688	24,0320
15,2261	36,5495
16,0124	38,5810
15,8814	29,9958
10,3107	37,1393
16,9955	35,6318
12,3423	17,2818
15,0949	28,8160
2,5120	16,4951
15,9469	9,1552
7,4927	15,3154
14,8984	-0,1511
9,1312	3,0602
14,1775	5,1571
8,7381	-1,3965
19,0928	-2,5761
14,6363	-1,1999
12,8667	-8,2123
12,5390	-2,4451
-5,6147	-10,4406
-7,9739	-14,7004
-10,7922	-12,0791
-10,0712	-32,5263
-17,6735	-30,2326
-12,6927	-36,8522
-21,2124	-60,9694
-19,8362	-68,8339
-29,6666	-87,1188
-25,7345	-105,9278
-35,6961	-114,1201
-38,3832	-139,5484
-50,9006	-154,4252
-55,0297	-168,1226
-72,3967	-192,5022
-76,0015	-202,0706
-80,1302	-218,3895
-90,0919	-239,0335
-89,6331	-249,7817
-103,4614	-274,6201
-101,1677	-293,4290
-122,3360	-302,8010
-118,5349	-321,5446
-123,4502	-336,8801
-120,5012	-350,3809
-128,2344	-371,5493
-125,2853	-371,9427
-133,7394	-392,0625
-130,7249	-403,2692
-139,4413	-402,7451
-143,5701	-415,0005
-149,9271	-422,2095
-146,9126	-433,0886
-145,0776	-444,9507
-150,9103	-446,5238
-136,1645	-462,3182
-143,6357	-473,1317
-136,4922	-480,9306
-146,3881	-487,2222
-133,9363	-487,2879
-146,5848	-495,6766
-144,9463	-496,5941
-143,1769	-500,5919
-145,1431	-500,5919
-145,5361	-498,1669
-133,7397	-485,7151
-129,4797	-493,5138
-115,8482	-487,4843
-114,0130	-479,4890
-105,8210	-478,9646
-102,3475	-464,2188
-106,4106	-451,4393
-92,3858	-447,8344
-93,1723	-420,5713
-86,4874	-404,1871
-86,8806	-385,1812
-75,2807	-360,5395
-83,2105	-345,4658
-78,2297	-324,8218
-76,7222	-306,9958
-63,9428	-296,8373
-67,3505	-269,9018
-52,5394	-259,4814
-49,6556	-244,8009
-45,3959	-220,8801
-44,8714	-206,6585
-43,6918	-184,2449
-35,1719	-169,1059
-43,3639	-154,8185
-26,3244	-121,0019
-33,8612	-114,7756
-18,3290	-97,9325
-31,1085	-69,0310
-20,4916	-64,0500
-23,5717	-48,5177
-6,0736	-36,9832
-11,3818	-35,2135
2,1842	-17,8464
3,4295	-14,4385
8,8688	-19,6811
4,0193	-5,7874
-2,7311	1,4871
-5,6801	6,7301
-9,4159	22,6553
-7,1221	17,6748
-15,8384	40,0228
-8,1051	34,7143
-13,7412	37,2705
-6,0735	49,0014
-17,6733	45,0036
-2,0102	44,2829
-5,9424	51,0985
4,8055	42,1202
-0,5683	46,4456
6,7062	52,4748
9,2623	41,6614
12,6045	45,8558
16,0780	45,1348
8,0825	34,6490
15,0295	34,9766
3,6261	23,3766
9,4589	19,5100
5,7232	27,3741
12,2114	7,7789
3,4295	17,4127
12,2769	14,3978
2,9053	10,1381
17,4542	9,5483
7,2307	10,1381
17,7164	7,7132
2,9708	11,0555
4,0848	3,8465
4,8056	5,8126
-4,1074	3,5843
-4,0417	1,1596
0,8079	9,6136
6,9683	3,4532
1,7910	0,2420
13,1944	1,4871
4,8057	-9,9817
13,8498	-6,9016
6,2475	-8,2778
9,0655	-6,7705
-0,3061	-2,2485
15,6847	-0,6756
8,2792	-3,8868
17,4542	2,2080
12,3426	-1,5275
14,2430	-3,5591
21,1244	2,5357
13,3254	-12,1444
11,4906	-3,0349
3,4294	-10,4406
3,9538	-11,6857
-2,9277	-8,4746
-2,9276	-19,6156
-7,9084	-12,0134
-2,8621	-10,8995
-3,7796	-18,3049
1,9220	-10,6372
-3,7795	-13,0621
0,0215	-15,9456
-3,5173	-6,0498
6,1820	-15,6180
2,9707	-10,7682
5,3299	-8,6712
-1,9446	-9,6541
-3,5831	-8,5400
-10,4644	-4,0180
-17,5424	-7,1637
-10,9887	0,0452
-16,8215	-6,2462
-4,9594	-5,1976
-8,2361	-6,1807
1,3321	-12,4066
-9,0880	-10,4406
-2,0757	-6,9672
-7,3840	-13,4553
4,6745	-11,2269
-3,8451	-9,3264
7,6236	-11,5545
3,5605	3,4531
8,0824	-9,6541
12,0147	-8,4743
10,7039	5,4847
15,0950	-5,1976
4,2815	4,1743
19,9446	10,6622
2,9052	11,6454
12,8667	18,0680
1,0702	16,9539
12,9321	13,2840
0,7426	13,7426
10,3763	7,7134
1,4635	10,7279
8,3447	3,9776
7,6238	-3,0347
3,2983	1,7493
5,5267	-6,1152
4,1502	-15,6833
1,3323	-4,2146
-1,7480	-10,3750
6,9684	0,2419
-5,0249	1,4215
0,0214	-3,4935
-18,9840	12,6938
-5,8769	2,6669
-26,3242	5,0919
-15,0520	11,6454
-25,5377	8,4342
-13,1515	13,4804
-9,4814	9,8758
-7,9086	5,0918
-8,9570	8,4340
-7,5808	-0,2823
-4,4350	-3,1002
-9,1537	3,8465
-2,5345	-1,8553
-10,0057	-7,4913
-1,7481	-0,1513
-16,6903	-0,1514
-2,8622	-1,7242
-15,2486	-3,3625
-9,6124	-3,7557
-8,6949	3,1255
-2,7311	-7,7536
-1,2891	-10,5716
5,9852	-9,1299
-2,0756	-17,1253
-4,6316	-5,8530
-2,7310	-8,6712
-4,8283	-14,8969
-0,6339	-11,0304
-4,5006	-9,2610
5,8543	-18,5670
-0,5028	-10,0474
7,2306	-11,4237
-3,9761	-11,6201
11,4249	-5,5253
5,0023	0,5697
12,0803	9,9414
7,2962	7,3854
11,8181	5,0918
8,2137	11,1866
9,3276	0,3076
0,5459	9,0239
0,4147	2,4701
4,8056	-3,8867
0,8078	-0,4790
1,7910	-6,8361
-0,3718	-11,9478
5,6576	-7,4915
-4,3695	-15,8800
0,4803	-7,0326
-5,2868	-3,1661
3,9537	-3,3626
1,8567	4,6327
6,3785	-0,5445
-1,0269	2,8634
8,5411	9,2205
1,6599	8,3684
-1,1583	6,7302
-2,2067	13,6113
-5,2871	2,1427
-9,2192	15,9051
-8,3018	4,7639
-5,5492	3,3222
-9,2848	10,2035
-2,9931	0,6353
1,2667	3,5845
9,3276	7,2543
0,8736	0,5042
7,4271	5,8781
-0,2405	2,4046
7,4925	-8,4743
-5,1558	-0,2169
-0,6995	-6,3773
-3,9762	-6,3773
-4,3696	-3,5593
-2,6655	-0,6101
-10,8577	-7,0981
-8,6293	3,6499
-16,1661	-7,3601
-4,6317	5,4850
-11,9718	6,5335
-7,3186	5,0263
-10,6609	11,6454
-4,8937	14,5290
-4,1073	14,2670
-3,4520	17,9369
-5,5490	8,6308
4,8710	15,9053
-3,8451	10,9244
-0,5029	5,2885
-2,0756	13,0217
-8,3017	13,4804
-4,6316	8,3686
-10,6611	11,5143
-5,4835	5,3539
-3,9763	8,2375
10,4417	13,4148
8,2790	5,2884
21,1898	16,0364
8,8692	12,8249
21,9764	6,7302
13,1946	12,8905
18,7650	-4,4766
7,6240	-1,2652
11,8181	3,5843
9,4589	-3,5592
13,1287	-1,8552
8,9346	4,7639
6,3785	-1,5275
8,6724	6,1402
2,3808	4,5673
8,9344	-4,0833
-0,3062	12,2351
4,9367	7,6475
-1,0926	-0,5444
10,7694	0,3730
-4,6970	-9,7195
4,4125	2,6667
3,1673	-7,0327
5,7231	-9,8506
2,7086	4,5672
16,0123	-1,3965
8,5413	2,7979
11,9492	4,3706
11,8181	-7,4913
1,7255	8,6961
-0,6993	2,2734
-5,2215	2,0114
-10,0057	9,0892
-21,3435	-1,1999
-14,9210	-1,1342
-22,6543	0,9627
-11,7097	-14,5037
-15,7073	-8,9987
-7,1877	-7,8847
-10,8575	-13,9795
-3,0589	-4,2802
-13,4134	-8,7367
-4,7627	-9,0642
4,9366	-1,5932
-3,5175	-10,8337
3,8883	-3,7557
1,9219	6,3367
0,0216	-4,4111
-7,1220	-0,2167
0,5458	6,6645
-4,0418	5,7471
2,1841	7,8443
-12,8891	11,1866
-9,4813	6,2714
-14,5275	5,8125
-3,9764	-4,3456
-8,5638	-3,4281
-0,5685	-8,8677
-7,5807	-5,1321
-4,7628	6,5989
-1,0927	-0,0858
-8,3018	11,0556
-4,6972	14,0046
-12,8892	7,4510
-1,9447	7,5822
-10,3334	3,7155
-5,0904	5,8781
-15,1174	4,6984
-10,0712	-8,6710
-18,5253	-7,6223
-10,2024	-2,7728
-21,9333	-6,1151
-13,2826	-3,1004
-14,2001	-1,0034
-15,3798	-3,2315
-15,2486	-6,1151
-15,3142	-10,9648
-9,8091	-4,1489
-11,4475	0,7662
1,0045	-4,8043
-11,0542	5,6160
-0,7649	6,4024
-7,9741	1,3562
-5,7458	4,7641
-20,8847	7,1232
-8,1707	2,2080
-20,4259	4,6983
-7,0566	-3,2315
-9,9400	-0,0857
4,7399	0,7007
-3,5829	1,6839
-0,3717	14,9222
3,3639	9,4171
-2,7312	7,2546
-2,7311	19,3132
-13,5446	15,5120
-5,7457	12,8907
-12,1683	17,7403
-11,6440	15,0533
-19,5738	19,9684
-6,2047	8,1719
-26,6519	4,1743
-13,4136	10,8589
-23,8993	11,3831
-9,9402	7,3200
-6,2045	11,9076
1,2665	7,1234
3,8226	7,3200
1,7910	5,3539
9,7210	2,6668
9,1310	1,0284
9,9176	0,1764
4,0848	2,2081
1,6599	9,4170
-9,9399	8,6962
-2,3379	11,1212
-19,4428	22,9831
-11,5786	11,8421
-18,9187	14,0047
-10,7922	14,0702
-16,4282	0,9630
-3,6486	12,0385
-3,2553	3,3878
-2,1412	3,8467
-0,9614	20,0339
-0,0441	2,1426
3,7571	6,0093
0,6112	2,6013
10,8350	-2,9693
0,2836	-3,6902
7,0995	-4,3457
-6,9908	-9,2608
3,1672	-2,4451
-10,1367	-1,2654
-14,1344	8,1719
-17,2801	13,1526
-13,4136	8,1720
-16,2971	22,5244
-11,4476	15,5120
-7,7119	15,1189
-13,0204	14,9877
-8,8916	5,4196
-17,0182	14,3980
-14,7244	17,9368
-29,6012	15,0533
-22,6543	14,8567
-28,3559	6,5335
-9,8092	2,0771
-11,4476	-1,9207
-4,6973	0,5697
-9,8090	4,8950
0,3490	2,0769
-12,9547	1,7494
-12,7582	2,6013
-19,5083	5,8781
-10,6612	3,7155
-10,8576	6,2057
-11,7097	0,0454
-5,3526	-2,7071
-11,5786	2,8633
-2,4034	-7,4258
-3,1244	-5,8529
0,6768	1,4870
-5,4179	0,8317
6,3785	3,3221
-5,4180	-5,7218
-2,2067	-6,7048
-11,7750	-2,2485
-7,6463	-10,5716
-12,7581	-7,8845
-6,2047	-1,5931
-8,1051	-1,5275
-4,2385	9,1549
-7,4496	6,2713
-6,8599	8,0410
0,5458	10,5967
-5,7458	-0,4133
-4,8937	0,8319
-5,6802	7,5164
-0,8306	-4,1489
-10,4643	2,4702
-0,1097	-1,1343
-7,7117	-2,7071
0,6768	-0,1512
0,9391	-0,4789
2,5118	10,4002
-3,7139	15,9706
-1,3548	10,0070
-6,9909	14,3980
-15,6418	24,3594
-12,5616	13,6116
-23,1786	19,7720
-17,5424	13,6771
-22,9821	16,1676
-12,6273	19,1821
-16,1662	12,1697
-3,5176	6,3369
-4,4351	0,8974
1,7908	-7,4912
-6,9909	-1,3965
-3,6486	-1,4621
-3,1897	-2,5105
1,8564	2,9945
1,6600	2,8635
5,3299	6,5336
4,6746	8,2375
-1,5514	9,1550
-4,8282	8,9584
-15,9039	14,5289
-10,7266	7,3199
-21,5402	8,4995
-19,3774	4,8295
-26,3243	10,7278
-16,1006	10,8588
-21,2780	4,1743
-9,1538	13,1528
-16,8870	8,1063
-6,5323	-0,8065
-7,3186	-0,5445
-6,4666	-8,8022
-1,4203	-16,7975
4,3468	-11,2270
4,4124	-10,3096
6,1817	-5,8529
6,1819	5,5502
-2,0102	5,3538
2,8395	11,0554
-4,5006	3,2568
3,0361	12,2353
-5,5491	11,5797
1,0700	5,0262
-7,1873	6,9922
4,3468	4,3707
-12,8891	-4,6733
-8,8915	-1,7241
-18,2632	-5,1321
-21,9990	-1,2654
-23,3752	5,6158
-28,4216	2,9289
-23,5719	8,9584
-34,5820	14,3979
-20,2950	13,2183
-27,3075	19,5753
-16,1007	16,0362
-18,5911	1,2253
-9,0882	16,8228
-12,8237	13,9390
1,6599	4,7641
4,7402	9,9414
12,8666	-0,8064
11,8182	9,6138
18,6994	6,4023
14,1120	-2,9692
9,2622	1,6183
9,8521	-0,2167
1,7910	5,6814
1,8566	7,7785
-6,0079	-0,4789
0,6768	2,6669
-4,1729	9,4826
4,2158	7,0578
-5,8768	11,0556
5,1989	15,2498
-7,5806	10,1381
-0,8960	9,6793
-6,4011	6,8613
-3,8452	12,4319
-4,1074	12,5627
-7,5152	4,5674
1,3322	5,2883
-6,2045	2,3391
5,1334	2,0114
0,7423	-3,4281
9,5244	-8,1467
6,6406	-1,7897
9,3933	-3,1661
0,9392	-8,5400
9,3932	0,2419
-2,4688	2,7977
2,1186	-10,0471
-5,6146	2,9290
-1,2893	3,7808
-6,6631	-7,0980
4,4779	3,9120
0,6769	-1,8552
3,9537	0,7008
4,0848	3,8465
2,0531	1,6839
3,8227	14,0701
-3,3864	2,6667
0,8734	2,1427
-7,3186	10,5967
-3,6486	1,9460
-15,3795	3,9778
-6,8598	17,3470
-9,6124	8,0409
-3,3865	16,0363
-10,0711	9,2861
3,8881	11,7110
0,8735	13,1526
3,2983	1,8805
11,0973	-1,7240
12,9321	4,8950
11,2939	1,7492
10,2452	2,2080
13,1288	-3,4281
-7,7772	-5,7217
6,1165	10,0723
-5,6147	2,7978
5,5920	7,5820
-11,3818	4,6984
-0,6994	-5,5907
-6,5977	-5,7872
2,6429	-3,4281
-0,4371	-12,0788
12,3423	-4,6077
5,7889	-0,8722
6,9684	-1,0687
5,0679	7,9753
-5,5492	-0,7411
-4,8283	6,2059
-7,1222	-0,8722
-6,8600	-6,5737
-12,5616	-1,3965
-4,6971	-2,7728
-1,8790	-7,2292
6,9028	-5,9840
-7,3840	-5,5909
3,9537	-6,0496
-16,0349	-2,5763
-14,5276	-11,9478
-19,2463	-1,5931
-20,0328	-2,7073
-20,2294	-9,7851
-18,8532	-1,2655
-8,1052	-13,3898
-18,8532	-18,6324
-11,0542	-4,0837
-15,5764	-15,8146
-9,4158	-8,9987
-9,3503	-4,3457
-1,5514	-9,1298
-2,0757	-6,8361
3,2983	-3,4282
-2,6000	-2,7072
-0,3062	1,5526
-1,8135	-0,4789
1,1355	11,1210
-4,5660	15,5774
-6,2701	7,5822
-2,2722	19,4443
-5,6803	10,8590
-4,6971	9,4173
-11,9063	12,1041
-2,7967	3,1911
-13,2826	3,9776
-6,9254	4,9605
-12,0373	-2,5761
-4,6972	-0,9377
-10,2677	-8,0156
-3,1243	-8,2778
-9,3502	-8,7367
-7,5152	-11,8169
-11,9060	-14,5038
0,4146	-6,5740
2,7741	-9,3920
8,2135	0,7007
10,9006	13,0869
5,7887	8,6307
4,3469	20,4272
-8,3017	12,2352
-1,4204	12,6940
-17,0836	6,8612
-1,4203	0,3075
-8,3017	-1,1998
2,7085	-5,5909
1,2011	-14,3726
4,0847	2,4044
-2,9275	-5,7876
4,0191	-6,3116
-6,2699	9,3514
1,2666	0,5697
1,9875	6,6646
-0,4374	6,5334
1,0701	-5,0663
-8,8259	6,8611
2,1186	-3,9524
-10,0056	-4,0179
3,2327	1,8802
-6,2700	-12,4066
4,4779	-7,3603
-7,9083	-3,2972
-2,4688	-16,9942
-5,5490	-7,7535
0,0214	-4,3458
-7,7773	-7,8190
-1,8792	2,6667
-5,4179	2,9944
6,1163	-3,5590
8,0170	10,8588
6,7062	6,7301
10,7695	11,6454
4,4780	9,7448
8,6724	12,1042
-0,3062	19,0510
3,6916	15,3154
-4,1072	4,8297
3,9537	11,4488
-9,4812	8,2374
7,0339	-0,5444
-7,5807	2,7323
-4,5661	-0,4134
-6,7287	-5,1320
-2,6657	-5,7873
-7,5808	-9,1953
-2,0103	-4,8699
-4,7626	-12,0133
-0,3718	-8,3433
5,0677	-5,3288
-3,5175	-16,7975
11,1627	-10,0473
-0,5027	-6,7706
19,7480	-9,7851
7,6239	2,7322
15,8160	-12,3410
15,6194	-2,4450
19,2892	-0,1513
7,7550	-3,2969
10,4419	10,0724
11,2940	6,1403
14,1773	2,9292
9,9831	13,3493
7,0993	-0,0201
3,1018	-2,2483
-3,3864	5,0916
5,2644	-7,6224
2,8396	-2,0517
7,0996	2,5356
3,4296	-6,6392
22,1073	2,6013
6,3786	1,8148
8,2137	-0,0856
-1,0923	4,3051
11,2938	-1,7896
3,4295	4,5019
1,5288	4,1741
1,0701	0,7008
-1,9447	3,8464
-2,5345	-1,3309
-4,3697	-1,1342
-3,4520	4,5018
-6,6633	-0,2168
5,7886	-1,8551
-1,7479	12,5628
6,7062	0,0454
-1,2892	2,0771
9,3276	2,4701
-5,4180	-8,2123
3,1017	-3,2972
1,4634	-10,4406
13,9151	-2,1829
10,4420	0,8972
15,9469	-8,6053
24,0080	-0,8065
23,0904	2,7978
22,5662	-9,7196
12,2114	-4,2801
15,8815	-6,7051
5,3956	-11,6856
17,5197	-0,1514
2,5120	-4,4112
12,7356	3,0601
2,2499	10,2035
7,6895	10,7935
9,5900	13,7426
13,3910	15,5776
4,0194	11,9731
9,1310	15,0534
1,9877	11,3832
-3,5831	7,3200
-0,2406	14,0702
-5,6147	6,0748
-1,5513	7,6477
-1,4205	2,4703
3,8881	1,0940
-2,4034	-0,7410
1,9876	-8,3432
-3,5174	-4,3455
8,8033	0,4385
-7,2530	-3,2970
-2,2723	7,0578
-10,7920	10,2690
-13,0858	0,9630
-13,9378	14,5289
-14,2656	6,4025
-12,6271	9,2205
-16,6249	1,1595
-6,7290	-5,5251
-19,8362	-6,5737
-10,3988	-9,7196
-14,1345	-16,6009
-3,5830	-15,6834
-8,4327	-16,2078
-0,5683	-18,1083
-4,3693	-15,9456
4,8057	-13,6519
-1,0925	-13,2586
1,8566	-7,5570
-2,4032	-14,7659
2,9050	-2,7729
-8,4326	-8,3435
-5,0249	-7,9501
0,4802	-5,7219
-5,5492	0,9628
4,0192	4,6330
-4,5661	9,7448
10,6384	8,3031
-3,3865	14,7912
0,5459	11,6453
-6,7943	6,5992
0,4802	14,2668
-5,8768	9,4826
-3,9763	9,0239
-12,9545	7,6476
-2,8622	5,1573
-4,9593	5,6160
-8,8260	7,9097
-1,8135	2,0771
-3,6487	15,0532
-1,4858	3,5844
-4,9594	9,8105
-2,5345	15,9051
-16,8215	5,2228
-12,0373	10,6624
-18,1323	11,8419
-13,5447	-0,6754
-25,5378	6,0092
-13,4137	1,7492
-26,3897	-6,5737
-15,3797	1,8804
-20,0327	-5,9184
-15,1831	-5,0664
-10,2022	1,1594
-1,0273	-3,4281
0,8734	-5,2632
4,1503	-7,4913
16,6678	-6,5738
8,0824	-1,3965
7,6239	-0,3480
0,6114	-4,6733
2,2498	2,0769
-5,3526	-8,0156
-1,4204	-2,9692
-12,2337	2,6667
4,9366	-9,9162
1,9876	6,2057
14,3084	3,3221
11,2940	-3,6901
18,6340	6,9267
17,2578	-0,4134
15,1605	-0,5443
11,6215	5,2226
5,7887	-7,0981
8,0169	-1,7242
-8,6292	-5,9842
6,9684	-13,8484
2,9050	-9,3265
7,6237	-10,8339
2,4464	-12,4067
11,4903	-2,6419
2,1188	-8,0157
12,1457	-1,7241
5,0024	-0,4789
7,9515	-1,7241
8,9346	2,1425
4,2158	1,4870
5,0024	-5,6564
4,6089	-0,0202
-1,9445	-5,9186
-4,2385	-0,3478
-1,6826	4,3707
-12,5616	-4,4765
-2,0757	3,9120
-7,3186	-6,5083
4,8711	-6,9669
-9,0225	-8,2123
-2,6655	-12,2755
-13,6756	-12,6688
-8,3018	-4,8045