-2,5278	0,5237
-4,3629	-2,7531
0,3557	-1,7044
-6,1979	0,3271
1,6009	0,5237
-6,5256	-1,1147
2,0596	-1,9666
-7,9674	-0,7869
1,6664	-0,3938
-5,7391	-3,2774
2,6494	-2,3598
-4,6905	0,3271
-0,7585	-1,2457
-2,7244	-1,7045
-1,6760	-1,0491
-1,2171	-0,1971
-4,6251	1,1136
1,0111	-1,2457
-5,4115	-0,7869
1,7975	3,4073
-6,1324	-0,5248
3,2393	-1,5734
-6,3945	-1,5734
2,4529	0,3272
-2,8555	1,4412
2,5183	-2,7531
-4,6250	-0,7869
0,5523	2,2277
-2,7899	-2,8841
1,0765	-2,1632
-1,9380	-0,0005
-3,1833	1,1791
2,3219	1,7034
-2,0692	-2,6220
2,6495	-0,5248
-3,5765	2,5553
4,9432	-0,8525
-4,6250	-2,2943
5,1398	0,0650
-4,9527	3,0141
4,8777	-1,3113
-3,7075	-0,8525
3,1737	-1,8355
-1,2171	0,6548
2,4528	-1,2457
0,0281	-2,8185
-1,2172	0,5237
1,1423	-1,2457
-0,8895	-1,0491
2,9117	1,1136
-3,0522	-1,2457
3,2393	2,6865
-5,9358	1,4413
4,1568	-0,5903
-6,7222	3,4729
2,4529	1,1791
-5,4114	1,5069
1,6664	3,1452
-4,8871	2,6210
2,3217	3,3418
-0,4962	0,1306
-0,4963	0,0651
0,0937	4,1938
-0,7585	1,1791
1,6010	0,1306
-3,3799	2,2277
4,2880	3,4074
-4,1008	2,8831
5,8608	1,5724
-3,5109	1,5069
7,1715	3,3418
-1,6759	1,5068
6,5161	1,9656
-2,1345	3,9972
6,6472	3,9972
0,2903	1,4413
4,6155	0,5894
1,9287	1,5069
3,2393	0,0650
4,9434	0,1961
1,6664	-0,3282
5,1400	-0,1316
0,0936	-0,7870
9,0721	-0,8525
-2,5278	-1,9011
7,0405	-1,5079
-2,2657	0,6548
7,8924	-2,4254
-1,8069	-1,7700
7,3681	-0,5904
-0,2995	-2,9497
4,8122	-2,8186
2,4530	-1,4424
4,7466	-2,5565
4,2225	-4,6536
1,6664	-3,8672
7,2371	-3,2119
1,9941	-3,1463
7,1061	-6,3576
-0,2996	-6,2265
9,0721	-5,3746
-3,1832	-5,0469
6,7783	-7,0785
-3,1176	-7,2096
6,7783	-6,0299
-3,3142	-6,1610
2,3873	-8,2582
-2,0035	-8,1926
-0,2997	-3,2119
-1,4137	-5,3746
-3,4455	-7,4717
-1,8724	-5,4401
-5,4771	-3,8672
-1,8725	-1,7045
-8,7539	-5,0469
0,6834	-4,7191
-10,5889	-0,2627
-2,1347	-0,3938
-11,7030	-2,6220
-1,7416	-1,0491
-10,7200	0,6548
-5,8704	2,3588
-11,7685	0,1961
-6,8534	2,2278
-11,0476	7,2085
-8,5574	6,2910
-9,3437	5,3736
-10,5890	9,9611
-7,9019	10,8131
-12,1618	11,7306
-5,5426	11,6651
-11,8997	13,6967
-3,3144	19,1363
-11,2442	19,0707
0,8799	18,8086
-7,9019	22,8719
2,3873	25,8210
-4,4284	26,8696
4,4844	26,9352
-1,2826	28,9669
4,0257	33,2267
4,6812	31,8505
5,2709	32,6370
8,6790	35,7827
6,4506	38,3386
13,1355	37,2245
8,6134	35,7172
15,9535	34,7342
8,0892	38,7318
19,0337	34,3409
10,9072	32,3093
20,6065	32,8335
11,2350	29,1635
20,6065	25,8212
10,7107	23,5273
16,9365	18,4154
12,0870	16,2527
13,0043	9,6990
11,3005	4,5216
9,2032	2,4243
9,3999	-6,6197
4,2224	-14,6152
9,6620	-23,6593
-2,5933	-34,1452
5,7297	-43,9758
-7,6397	-55,6414
-0,1686	-67,8967
-13,5380	-80,3488
-6,3947	-95,6845
-17,8634	-111,0856
-15,7665	-122,0303
-24,0239	-137,8903
-25,4660	-156,8959
-32,0850	-170,3311
-38,3111	-187,8294
-38,2455	-202,3132
-50,8942	-221,4499
-50,7631	-239,0793
-63,6739	-251,0727
-60,0694	-267,9157
-74,3564	-284,9553
-71,1452	-300,8808
-86,9394	-316,6752
-80,5170	-332,8629
-96,1801	-350,9511
-91,8549	-366,6799
-104,4378	-379,7219
-102,7996	-398,3999
-108,8288	-416,8812
-113,6132	-429,9887
-115,8413	-443,4238
-122,4606	-457,7108
-118,6594	-468,9177
-127,9657	-478,6827
-121,8052	-484,6466
-130,9804	-493,1009
-122,2641	-499,1958
-133,7329	-502,9970
-124,1647	-504,5699
-132,0945	-506,6016
-121,2811	-513,5484
-131,0459	-510,2061
-121,8053	-506,6672
-123,3126	-509,4196
-118,9873	-505,5529
-118,1351	-498,4095
-114,4652	-495,4603
-109,1566	-489,3653
-110,4019	-482,8772
-100,8990	-474,1608
-104,8312	-458,6941
-90,1509	-451,4850
-97,5565	-436,8047
-81,9588	-419,4375
-87,6604	-406,7232
-74,6843	-388,8316
-78,7474	-372,7751
-65,3781	-357,3084
-70,9484	-339,6790
-60,9871	-325,9161
-61,6422	-308,0901
-56,9893	-290,1985
-54,0399	-275,5837
-52,9915	-258,5441
-46,1755	-242,2254
-51,2874	-225,5135
-38,1801	-208,3428
-45,4546	-193,0726
-32,0852	-176,2296
-40,6704	-155,2579
-28,5462	-141,4951
-36,2138	-126,6836
-24,9417	-110,4960
-30,9709	-94,2429
-22,5824	-79,5626
-25,2036	-66,9794
-22,5168	-52,1681
-20,1573	-37,8811
-20,1574	-28,0505
-13,7347	-19,9893
-18,4534	-8,0617
-10,6545	0,2615
-16,6183	6,1598
-4,9529	9,4368
-12,5551	14,8764
-3,1834	20,8402
-12,4239	22,6097
-1,6105	26,6076
-8,8194	32,3747
-0,1031	34,4064
-5,4770	34,5375
0,2901	39,2562
-1,4792	40,3047
1,0110	40,6324
3,5671	37,2901
1,2732	39,1907
5,7954	41,7465
1,8631	38,3386
10,3173	34,2098
4,4845	34,7341
12,2179	32,8335
2,5185	31,6538
14,0529	26,3454
3,7638	25,7556
13,0043	25,6244
5,4677	20,3160
13,7907	19,5296
10,1208	18,0877
11,1037	15,2041
11,3660	14,3521
10,2518	11,5996
11,6282	11,9928
7,8270	11,9927
14,4462	5,7668
6,8439	5,0459
15,6913	4,4560
3,2395	4,1283
13,7908	0,4583
4,6157	0,7204
13,1354	-0,7870
4,4191	-0,6559
10,3173	-5,2435
3,5672	-4,5225
8,4822	-3,2119
5,0089	-5,2435
5,0743	-7,7994
6,0575	-7,8649
3,5014	-6,6197
5,5987	-5,5712
0,0936	-8,2582
7,3682	-7,9960
-4,3628	-4,7848
7,1715	-5,8989
-3,0521	-7,7994
5,4675	-5,4401
-4,5595	-6,1610
0,9455	-6,3576
-4,4939	-6,4887
-1,4794	-6,2921
-4,9527	-3,2774
-2,3314	-5,0469
-4,4284	-6,0299
-4,4941	-2,0977
-2,3313	-2,7531
-7,2466	-2,9497
-1,8070	-3,8672
-7,6398	-2,8186
0,0936	-0,7215
-7,1810	-3,8672
-0,2342	-1,9666
-8,9504	-1,1802
1,6008	-1,3768
-6,2634	-0,9180
1,0110	-1,7700
-4,2973	-1,5734
-2,0692	1,0480
-4,1662	-1,2457
-3,7076	-1,9010
-2,2657	2,4898
-5,7392	1,3757
0,0281	-0,9180
-5,6081	0,0650
0,9456	0,1961
-7,1810	2,2932
2,6495	0,8514
-7,6397	-1,3112
0,7489	0,7859
-6,2634	1,6379
2,8460	-0,5248
-4,3628	-0,7214
0,4867	1,6379
-2,5278	1,8345
0,1590	-0,1971
-1,2171	0,6549
-0,6929	1,8345
1,9287	-0,0005
-2,1347	0,5238
5,7297	-0,9836
-2,8556	0,3271
5,8608	0,5238
-1,7414	-0,4593
7,9579	-0,5903
-2,5933	0,3927
7,8924	-1,1146
0,0937	-0,5903
7,4992	0,3272
1,2733	-0,1316
6,1884	0,0650
2,3219	-1,0491
3,3704	-0,8525
4,2880	0,9170
1,4043	-1,5079
5,5332	-1,6389
-2,3968	0,1305
5,0744	-2,4909
-3,1832	-3,5395
5,4676	-2,5564
-5,1493	-2,0977
5,2054	-1,7701
-3,7730	-3,9327
3,5670	-3,5395
-2,3967	0,2616
2,8461	-2,6220
-1,0205	-2,1632
1,7975	-0,8525
1,0112	-2,0977
-1,7415	-0,2627
2,7807	-2,0321
-0,6929	0,1961
4,2224	2,4243
-3,5764	1,3102
6,6472	-1,9666
-3,3143	-0,3937
5,5331	0,3271
-3,3798	-0,1971
6,1884	-1,4423
-3,6419	-0,9180
4,6155	0,6548
-1,1515	-2,0977
3,6325	-1,6389
1,6010	-0,0661
0,8144	-0,9836
4,0259	-0,8525
0,3557	0,0650
4,6812	0,5238
-2,9211	0,9825
6,1230	-2,5564
-1,6759	-3,0807
6,9749	1,6379
-3,2487	0,9825
6,9749	-2,1632
-2,3967	-0,9835
5,7297	0,9170
-2,6589	0,5238
1,9941	0,1306
-0,0374	-0,1971
0,4867	1,6379
0,0937	1,5724
-2,6590	1,2447
2,0597	0,9825
-2,8556	2,4243
2,1908	1,4413
-3,6420	1,8345
4,6156	0,6549
-6,1979	4,2593
3,4359	3,3418
-4,1007	0,3272
3,4359	0,7859
-4,5594	3,4074
3,3703	2,5554
-1,4792	1,5724
1,4042	-0,5248
-1,8724	3,2763
-0,5619	2,7520
0,6835	0,3272
-3,9042	1,5068
2,4530	0,5893
-3,2488	1,1136
3,7637	0,1961
-4,6250	0,2616
3,8292	1,2447
-4,6906	0,6548
3,0427	0,1961
-5,4114	2,4243
3,1737	1,5068
-3,9041	-0,0660
1,4042	-0,2626
-3,5764	0,7859
-0,2997	1,4412
0,4213	-0,0661
-2,0692	-0,0005
1,3388	1,9655
-5,0838	-0,9836
3,0428	-1,5078
-5,6081	0,5893
2,1252	-0,9836
-5,0838	-0,7870
5,6641	-0,9180
-3,0521	0,2616
5,0743	1,3757
-2,1346	-0,5249
5,0087	-2,6875
-0,8238	0,2616
2,1907	-0,3938
2,0598	-2,1632
2,7805	-1,0491
1,9942	0,2616
-0,0375	0,7203
6,5817	-1,3113
-1,6759	-2,3598
5,8608	1,9656
-3,6420	1,1791
3,6981	2,0966
-2,5934	0,4582
6,8438	1,5068
-2,9866	2,0311
4,6155	-0,6559
-0,9549	-1,2457
4,1567	2,3588
-1,6758	0,5893
1,1421	-2,2943
2,1908	-0,7214
-2,3313	-0,5248
3,3705	-1,7700
-2,7901	-0,0661
4,2879	-2,4254
-4,0352	0,5238
5,4675	-0,8525
-4,4939	-2,7530
6,9093	-0,1316
-5,2148	0,5238
5,9918	2,0966
-2,9866	0,2616
4,0257	1,1792
-0,1685	4,9147
1,1421	0,8514
0,3558	-0,3281
0,0935	1,9656
1,5355	3,1452
-1,8070	1,5724
2,9773	-0,0660
-2,2657	1,9001
4,9433	4,5870
-4,4284	0,7859
4,4845	-1,7699
-3,1832	1,7690
4,0257	3,8005
-4,6250	0,4582
4,0912	0,2616
-1,3482	-0,4592
-0,1686	3,0797
-1,9380	-0,1316
-0,0376	-0,0005
0,0936	2,8175
-2,3969	0,7204
1,9286	-0,3937
-3,5110	0,6549
0,8145	1,1791
-7,0499	-0,0005
2,7806	-0,6559
-5,6081	-0,3282
3,8291	-0,6559
-5,6736	-0,1971
1,9285	-2,1632
-4,6905	-0,7214
1,6008	-1,3768
-4,1007	0,3927
-0,7585	-0,7214
-1,9380	-1,2457
-1,8726	2,0966
-0,0375	0,6548
-3,3799	0,5238
0,0281	1,9656
-6,1324	1,4413
2,4529	1,2447
-6,3945	-1,1802
4,8122	-1,4423
-4,5595	1,3757
4,6155	-2,0321
-4,3628	0,0651
3,0427	1,9655
-1,6103	-1,2457
1,9285	0,3272
-0,7583	-1,5734
0,4867	-1,8355
-0,1685	1,9655
-2,5279	-2,5564
2,5840	-1,2456
-2,5279	2,6209
3,9603	-0,4593
-3,7075	-1,1802
5,0743	-1,1146
-7,1809	-0,7870
4,2879	0,5237
-4,6905	-1,8356
3,1082	-2,2943
-3,1176	1,3101
2,4528	-1,3768
-2,1346	-2,7530
1,1421	-1,4423
-1,0205	-1,2457
-1,8725	-1,4423
2,5185	-3,6050
-1,6104	-1,2457
1,7976	1,2446
-3,0522	-2,4254
5,1399	-1,9011
-5,8047	0,7203
5,0743	-1,4423
-2,9866	-1,5078
5,0743	0,8514
-2,3967	-0,7870
4,3534	1,0481
-2,4623	0,3927
1,4043	-0,5248
-0,5617	2,3588
0,6178	1,2447
1,6665	0,9170
-0,7585	0,5893
0,8801	2,6209
-2,1347	2,6864
5,4020	-1,3112
-3,3143	1,2447
5,6642	4,1282
-2,8555	0,9170
6,7127	-1,7044
-0,5617	1,8345
7,4992	-0,1972
0,4869	-0,4593
6,8438	-1,3768
0,6835	-2,4909
3,6981	1,5068
1,6666	0,1961
1,3388	-2,5564
5,9264	0,5893
-0,4307	0,1305
5,0089	0,1961
-1,2171	-0,8525
7,3681	-1,9666
-2,9210	1,8344
5,6642	-0,4593
-2,2001	-2,7530
4,9432	0,1961
-3,9696	0,5893
3,5670	0,2616
-1,2826	-1,3768
0,8144	-2,9496
-2,7244	1,3102
-0,2342	-1,5734
-0,8894	-3,2773
-3,5110	-0,5248
2,3874	0,1961
-4,1663	-0,8525
1,2733	-0,4593
-3,9697	0,7204
3,8291	2,6864
-5,6081	0,1961
3,6980	-0,1971
-5,1493	2,3588
3,6325	-0,0005
-5,0182	0,1961
2,7805	1,5724
-1,1516	0,5238
0,4867	0,6548
1,4699	-1,2457
-0,3653	0,7204
1,6010	0,9825
-2,2002	-0,1316
3,5671	-0,2627
-3,2488	0,3927
2,9117	0,3927
-3,5109	0,7859
5,8607	0,0650
-4,3628	1,0481
5,7952	1,9000
-2,3967	-1,0491
3,6325	0,3927
-1,6758	1,9656
3,7635	-0,3937
-0,7583	-1,5733
0,9455	-0,1971
1,7321	0,5893
-2,0036	2,3588
3,6982	-1,1147
-0,1031	-2,6219
4,0913	2,1622
-2,3313	0,3927
5,7297	-1,5734
-4,1007	-0,0661
7,1060	-2,2288
-3,3143	-0,1972
5,5986	-3,0807
-2,2656	-2,6875
4,8121	-0,2627
0,6835	-2,3599
2,6494	-2,8841
0,4869	-1,4423
-1,0861	-0,9181
3,3049	-0,0006
-1,2172	-2,5565
2,7151	-0,2627
-4,9527	1,1135
3,8292	-1,9666
-6,8533	-1,1802
3,4359	0,3927
-5,8047	2,6209
2,5184	1,5068
-4,8871	-1,3768
-0,0376	3,0142
-4,4939	3,8005
1,1420	-0,3282
-2,2657	-0,1971
-2,0037	2,8175
-2,2657	0,9825
-5,4115	0,4582
2,4529	-1,2457
-3,9697	-0,1316
1,6009	1,5723
-6,9188	-0,5903
3,0427	-0,5904
-6,1979	1,5723
3,1082	1,6379
-5,5425	-0,8525
3,3048	-0,3282
-3,5109	-0,5904
1,4698	1,9000
-2,3312	-1,3112
1,6008	0,1306
-0,8239	1,9655
-1,6104	-0,5903
1,6665	-0,3937
-1,8726	0,8515
2,7806	0,9825
-3,9697	1,7034
4,3534	0,5238
-4,5595	0,7204
4,6156	2,2277
-5,7391	1,9000
4,1568	0,2617
-4,3628	1,7034
1,1421	2,0311
-2,0035	1,7034
1,7974	0,7204
-1,9379	-0,8525
0,6834	2,2932
2,5185	-1,0491
-0,1031	-0,0660
3,1083	0,2616
-3,0521	-1,6389
5,4021	-0,9180
-2,9866	-2,2288
5,2710	-1,7700
-2,7244	-0,9181
6,3850	-2,4254
-3,4453	-1,5079
4,9432	0,5237
-2,4623	-1,9011
2,4528	-3,4084
-2,6589	-0,9836
-0,7585	-1,3113
-3,1176	-1,1147
-4,2319	-2,0977
0,9456	-0,3282
-6,1324	2,6864
0,8145	-0,7870
-6,1324	-1,0491
1,2077	1,9000
-8,1640	1,7034
3,3703	1,7034
-6,2635	-0,1315
0,2246	1,0481
-7,1809	4,4559
0,0280	1,9656
-4,4939	0,3928
-1,0862	3,7351
-2,9866	4,5870
-1,4794	1,2447
0,1591	2,1622
-3,0522	3,2108
-0,2340	5,8977
-3,7075	1,3102
3,9603	0,9826
-3,7731	3,5385
3,5670	2,9486
-4,4939	1,9000
4,3534	-0,1316
-1,4137	0,7859
5,4019	2,7520
-1,8724	-0,9836
4,3534	-0,7869
-1,2170	1,3102
2,2562	-0,3282
3,0428	-1,7700
0,1591	-1,5078
5,6642	-0,9836
-0,6273	0,1961
4,6156	-1,9666
-1,3482	-1,7045
4,5501	1,7689
-5,2148	-1,0491
5,9263	-1,6389
-4,0352	-0,1316
2,4529	1,9655
-3,9696	-0,8525
3,1737	-3,0807
-1,6758	0,5893
0,6178	1,7689
-0,6272	-1,7700
-2,4624	-2,1632
1,9942	-0,9180
-1,2172	0,7859
2,3219	-0,5904
-4,6906	-2,2287
3,3049	-1,5734
-6,5911	2,4243
5,9263	-0,9836
-3,1177	-2,6219
3,6325	0,3272
-4,8871	0,7859
4,6155	-2,3598
-2,0035	-1,4423
2,4528	-0,5904
-2,7899	-0,0661
-1,0206	-2,3598
-0,4306	-2,3598
-2,5279	0,5237
1,6665	1,4412
-3,5110	-0,3282
2,2563	-0,1971
-5,4115	-0,1316
2,5840	1,7034
-5,4115	-0,0660
3,6325	1,3758
-5,0838	4,4559
3,6980	-0,0005
-2,5278	-0,0660
2,6494	3,6695
-2,5278	2,0311
0,0935	3,5385
-2,2657	1,1136
-3,3144	2,2278
-0,3651	4,4560
-4,4285	1,2447
0,8145	1,3103
-3,5110	2,9486
1,7975	4,3249
-5,3459	1,3757
4,1568	1,6379
-6,1979	1,4413
3,3704	3,0141
-3,5109	-0,1971
4,6155	0,5894
-3,6419	2,6209
0,7489	0,9170
-1,4792	1,0481
-1,3483	0,1306
0,1592	1,1136
-2,5279	2,8175
-0,8238	-0,1971
-3,7731	-0,9835
2,5840	2,6864
-4,4284	0,1305
5,4675	-1,9666
-4,4284	0,3272
2,0597	-0,0661
-4,8216	1,4412
3,7636	-1,9666
-3,8386	-0,1316
0,8144	1,5068
-3,3798	0,5893
1,0110	-3,7361
-3,4453	-0,5903
-4,2974	-0,5903
-1,6758	-0,7870
-4,4940	-1,1802
0,4213	0,5238
-6,7222	1,7034
0,8145	-0,7870
-6,6567	-1,9666
2,1907	1,9000
-6,5911	0,6548
1,9941	0,5893
-4,1007	-3,0152
0,4867	-0,6559
-4,6905	1,9655
1,1421	-2,2288
-2,3312	-0,8525
0,0280	0,5893
-1,0205	0,7859
-3,0522	-1,4424
0,9456	-1,1147
-2,5934	-0,0661
2,9772	-0,0661
-3,7731	-2,6220
5,2054	-2,6220
-5,5425	2,5553
4,9433	0,1305
-2,7245	-3,1462
6,0573	-2,4909
-2,9210	-0,2627
4,8122	-0,1972
-0,2996	-2,8841
2,1251	-3,2773
-0,2340	0,7859
-0,7584	-1,7700
1,6010	-3,7361
-1,6104	-0,7870
1,6665	-1,9011
-2,0691	-1,1147
4,9433	-1,8356
-3,3798	-2,2288
6,0574	0,9169
-3,7075	-2,0977
4,4845	-1,4423
-4,1662	0,3927
3,9602	-0,0005
-1,6758	-0,1971
2,7150	-1,2457
-1,0204	1,0481
1,8630	2,3587
1,9942	-0,4593
1,0766	-1,4423
2,9772	0,1305
-3,1832	0,3926
4,4190	-2,4254
-2,9866	-2,2943
5,5986	-1,7045
-4,6906	-0,3283
4,8122	-3,1463
-2,4623	-2,5564
3,8291	-0,9836
-3,5764	-2,2288
2,4528	-1,9666
-2,4623	-1,7045
0,4212	-1,5079
0,3558	-0,9180
-1,2172	-0,8525
0,6835	-2,6219
-2,2658	0,9825
2,9772	0,1960
-3,3143	-1,3768
2,5840	-0,0660
-5,8047	1,3757
4,5500	0,0650
-4,4940	-1,0491
3,9602	-1,1146
-3,9696	1,1791
3,1737	-0,0005
-2,5933	-0,4592
1,2732	1,5724
-0,2996	1,7034
-0,5619	0,9825
-0,1685	1,7690
-3,4454	3,2108
-0,1029	2,2933
-1,8726	0,5238
3,9602	0,3272
-4,8216	4,5215
3,2393	2,1622
-4,0352	-0,2626
5,0088	1,4413
-3,5764	0,9170
5,2054	0,7859
-3,1832	-2,4254
4,3534	-0,6559
-0,1030	-1,2458
2,4528	-3,0807
1,9942	-3,2118
-1,2172	-2,8186
1,4699	-2,9497
-2,6590	-1,3113
2,5840	-3,8017
-5,0838	-1,0491
2,0597	1,2446
-6,0013	-1,6390
3,8946	-3,1462
-5,8047	-0,7870
2,2562	0,6548
-5,2148	-0,4593
2,8460	-1,9666
-2,2002	0,2616
2,3217	1,7689
-0,6928	-1,6389
-0,2997	-2,0321
0,0937	-1,5734
-2,3313	-0,3938
2,9772	-1,9011
-2,4624	-1,9666
4,1569	0,1961
-4,6250	1,5068
5,5331	-1,8355
-3,6420	-0,5903
5,1398	1,1136
-3,7730	1,7690
5,0743	0,9170
-3,1832	0,4583
3,5670	1,5723
-0,2340	1,7690
1,1421	0,1306
0,5524	-0,5248
-0,8240	3,9972
1,6665	-0,9180
-3,3144	-0,0660
3,1083	-1,5078
-4,6906	0,9825
1,5354	1,1791
-4,2318	-0,9835
2,6495	0,1306
-5,7391	1,6379
3,5669	0,3272
-4,6905	0,3272
2,5839	1,4413
-1,5448	0,0650
0,7489	0,6549
-0,5617	-0,6558
-1,7415	1,1792
0,4214	3,0141
-1,2827	0,1306
3,4360	0,3927
-4,6906	2,6209
2,8462	1,5068
-4,9527	0,9170
4,0913	1,1136
-5,3459	-0,0005
5,2054	1,7034
-4,2318	0,7859
4,3534	0,2616
-3,5108	1,0481
4,0912	0,8514
-1,7414	-0,0005
0,6178	1,5069
0,7490	2,6865
-2,2002	3,3418
2,9117	-3,0807
-0,2997	0,3272
5,8608	2,8831
-1,0861	0,7859
7,6958	-0,2626
-0,0374	2,6209
8,7444	0,9825
-0,5617	0,2616
9,8585	-1,7045
1,8631	-1,1146
8,0235	-0,1972
2,4530	-3,1463
6,1884	-3,4739
1,0112	-1,0491
1,4698	-1,1147
2,7807	-1,3113
1,0766	-2,6875
2,0597	-1,5078
-3,5109	1,4413
4,0258	-0,2627
-5,0182	-0,6559
5,0088	2,8175
-6,0668	2,1622
5,4020	0,6549
-2,1346	0,0651
4,2878	2,2278
-1,1515	3,1452
5,0742	-0,1971
-1,4137	-0,0660
1,6009	4,0627
1,2078	0,4582
-2,3313	-0,1316
2,0597	0,6549
-2,9211	-0,1971
3,3705	1,1791
-2,3968	-3,6050
4,2224	-1,1146
-3,7075	0,4582
4,4190	-2,2288
-3,1832	-2,9496
5,0743	-2,0977
-4,1007	-1,7700
3,7636	0,3927
-2,8555	-2,3599
1,9285	-3,5395
-1,6103	1,7689
-1,5449	0,5237
-0,4306	-0,9836
-1,6104	2,0966
2,6495	1,8345
-4,2318	1,0481