-2,1617	3,8517
-5,3731	-0,1460
-0,2612	6,0144
-5,1110	4,9002
1,4427	-1,7843
-3,0138	4,5726
2,8845	2,9342
-4,4556	-0,8013
1,7048	1,7546
-1,6375	-0,3426
1,7048	1,6890
-2,0307	2,2133
0,1975	-0,8669
-1,7685	2,7376
-0,6545	1,8200
-1,0476	0,0506
-2,0963	1,3613
0,2631	-0,2771
-2,0307	1,8856
2,6224	-0,5392
-2,9482	-3,4883
4,1297	2,2788
-2,1618	1,6234
2,5568	-1,9810
-2,4894	1,2303
1,6393	0,6404
-2,3584	0,6405
1,6393	0,7715
-1,2442	-0,6047
-0,3268	2,2789
-2,4894	2,6065
-1,2443	-1,1290
0,2631	3,1963
-3,6691	1,8200
2,2947	0,3128
-1,8997	0,4438
3,9331	-2,6364
-1,7031	0,4438
4,0641	-1,0636
-3,1448	-5,6510
2,8845	-0,5393
-2,8827	-4,3404
1,3116	-5,7821
-3,7346	-1,6534
0,1975	-4,6680
-3,6035	-1,7189
-2,0963	-1,5879
-0,3923	-4,9957
-3,7347	0,2472
-1,3097	-0,5393
-2,9482	-5,5200
1,7704	-0,6703
-1,3754	-2,5709
3,3432	-0,9325
-2,1618	-0,8670
2,6223	-4,2748
-2,5550	-0,0805
1,6393	-0,6048
-1,7686	-3,9471
0,1319	0,1817
-4,9142	0,0506
-1,8341	0,3783
-2,8171	2,0166
-2,1618	-2,1776
-2,2273	4,3105
-4,3900	2,2788
1,1151	0,4439
-2,0307	5,9488
2,6879	3,0653
-1,1132	2,9342
6,3579	2,2789
0,0009	0,9026
6,4890	4,9658
-0,3267	3,1308
5,7681	-1,7843
1,9015	3,3930
3,0156	2,6065
0,5909	2,9342
3,5399	2,9342
2,7535	-0,2115
1,5738	3,4585
4,5886	3,8517
3,7365	-4,4713
7,4066	2,9997
2,8190	2,0166
10,2902	-1,4567
3,5399	0,3783
9,6348	-1,1291
5,1128	-0,9980
8,5862	-1,7189
3,8676	-3,8160
5,5715	-0,2116
1,8361	-1,3257
4,9162	-4,1437
3,1468	0,8370
2,4913	-1,6534
1,9016	-2,1121
0,4597	-2,7675
4,8506	-6,8962
-1,2443	-0,7359
4,1953	-2,9642
-0,9821	-8,9278
4,7850	-3,4884
-1,6375	-3,8817
2,7534	-5,8477
-2,6205	-4,6681
0,8528	-7,4205
-3,8002	-3,5539
-1,8342	-2,3088
-4,0623	-6,2409
-4,7177	-0,6048
-4,9798	-1,5879
-6,4217	-3,0296
-3,0793	-0,1461
-6,2251	-2,8986
-2,5550	-0,0805
-7,8635	-0,4738
-2,6206	-4,0126
-9,6330	3,2619
-3,2105	-0,8014
-7,2737	-1,7188
-4,3902	3,1963
-10,1572	1,0992
-7,4048	4,5726
-9,3053	6,1455
-8,1912	4,5071
-8,9776	8,7014
-10,6816	9,4879
-6,0284	6,9976
-8,6500	10,6676
-4,1279	10,9297
-8,5189	14,9930
-1,6375	16,3693
-5,3732	12,5683
-0,7201	19,5151
-5,7663	20,4981
0,8528	17,8112
-4,6522	21,4157
1,3771	23,5784
-3,6035	23,2507
2,0980	26,0688
-0,0645	25,6756
3,7365	29,1490
4,8507	31,1806
4,0642	26,2655
9,1761	33,4744
7,0789	30,9185
13,1738	29,0180
9,2416	31,8360
14,6811	29,4112
11,0111	29,9355
16,7128	28,0349
11,1422	20,8260
15,2710	24,9547
10,2903	20,6948
12,7151	14,8620
9,1762	15,5174
9,3072	9,9467
7,0790	4,9004
4,6541	1,0337
7,1445	-7,3550
1,5083	-9,6489
3,4089	-16,9235
-1,1132	-31,8002
1,1805	-37,0432
-8,6499	-46,6117
-5,0455	-58,4083
-12,9754	-68,6321
-11,5992	-84,7541
-19,8567	-92,0288
-19,7258	-105,5950
-27,4590	-121,1272
-28,5077	-129,4505
-34,4714	-145,2449
-38,7314	-160,0562
-41,7461	-175,1297
-48,1032	-191,8416
-48,1032	-202,8519
-57,8027	-218,5152
-55,7055	-237,8485
-64,6186	-246,6306
-63,3079	-261,1143
-73,5316	-274,3527
-70,5825	-289,0330
-82,1824	-306,1381
-82,3791	-313,0196
-90,1779	-327,7654
-90,1780	-345,9846
-93,7825	-353,8491
-98,6978	-364,6628
-101,2536	-379,2775
-103,6131	-386,4210
-101,1882	-400,7736
-108,2006	-408,7691
-103,3509	-415,7817
-107,9386	-430,3962
-102,8267	-430,5274
-109,8391	-436,4259
-101,2539	-443,5038
-108,0041	-445,3388
-101,5815	-449,4676
-105,1860	-447,1083
-101,6470	-447,2395
-103,8096	-449,7297
-97,5182	-440,3581
-99,1565	-438,3265
-96,0763	-434,7218
-89,4571	-423,5807
-89,4571	-417,6824
-81,5927	-407,5896
-82,1170	-397,3004
-70,5826	-388,9115
-74,9079	-373,5760
-63,7012	-366,7601
-67,4367	-355,8808
-57,9995	-336,8097
-60,4897	-325,0131
-52,3632	-312,4954
-52,3631	-295,1282
-47,5135	-285,9529
-47,3167	-268,3235
-43,0569	-253,3811
-38,4693	-243,5505
-38,1417	-225,4623
-32,3088	-211,8307
-34,5371	-198,3955
-24,5100	-180,7006
-28,2456	-167,5931
-20,5123	-150,2914
-26,1484	-136,0699
-16,0558	-124,1421
-22,8715	-106,7093
-15,4659	-95,5680
-20,2500	-84,9509
-14,4173	-68,2391
-16,7110	-57,5565
-14,3517	-43,8593
-12,5821	-33,9633
-10,2229	-27,3439
-10,0262	-13,9089
-12,3200	-8,5349
-5,3076	-4,3404
-10,4195	6,5387
-4,1279	8,3738
-7,0116	14,9930
0,1319	19,1873
-4,7833	19,5152
0,0664	26,8552
-3,6691	28,6247
2,3601	26,9864
-0,5234	33,1468
0,6563	34,1298
1,3117	34,5231
2,9500	35,8338
3,1468	30,5909
5,0472	36,6858
8,2586	34,9818
3,9987	29,4768
10,8800	32,2948
6,5546	30,1976
12,6495	26,1344
7,7343	27,1174
13,8947	24,1027
6,5547	24,0372
12,8461	20,4982
7,1445	16,2383
10,4868	18,0078
7,3412	16,4349
9,7004	11,7818
9,5694	13,6168
9,7004	11,3230
11,4700	11,7162
8,5207	10,6676
13,6326	5,6213
9,3072	9,1602
15,2055	6,6043
8,5207	2,4755
14,0258	3,1309
7,6688	2,4755
12,3218	0,2473
7,1445	2,4099
9,3726	-4,0126
3,2123	-0,4082
5,8337	0,0505
3,2779	-5,5200
4,6540	-2,0466
5,9648	-2,7676
2,3602	-6,8307
5,2439	-4,2093
1,3117	-8,1415
5,8337	-4,7336
0,0665	-7,2240
7,5376	-10,9595
-0,2612	-5,5856
6,4890	-7,4862
-3,2759	-8,2070
3,0811	-6,3065
-2,6205	-7,8138
-2,2929	-5,1924
-4,7177	-4,6026
-2,6206	-7,2239
-4,1278	-1,4568
-5,8974	-2,7676
-3,4725	-4,5370
-6,2906	-0,7359
-3,0138	-3,3573
-5,5697	-3,6194
0,9839	-2,1121
-5,5697	-5,5855
-0,0647	-0,2771
-5,8318	-1,5223
0,2630	-3,7505
-5,1765	1,1647
-2,1619	-1,5223
-4,5211	-2,5053
-1,9652	0,1161
-3,2103	-1,8499
-2,9483	1,4268
-0,7855	1,1647
-5,1109	-3,0951
-0,9165	1,9512
-2,5550	1,9511
1,8359	-0,0149
-1,1788	0,8370
4,2608	-1,3256
-0,9821	2,2133
4,7850	0,0506
-1,1787	-3,3572
4,7195	2,4755
-1,5064	0,3783
2,2947	-0,2115
-1,0476	2,6720
0,9840	0,1161
-1,1131	2,2133
-0,1957	2,4754
1,5083	-2,4398
-1,1787	2,9342
3,1467	-0,8669
0,2631	-1,0635
5,5715	0,0506
0,5907	-1,0635
5,7681	-1,1946
1,3772	-0,8669
6,2924	-3,3573
-1,0476	2,2133
3,7365	-0,2771
-0,1956	-2,8330
1,8359	0,7715
-0,2611	-1,3912
-0,8510	-0,6703
1,4428	1,1647
0,4597	-1,6534
2,5569	1,5579
-0,8511	-2,1121
5,0472	-4,2748
-1,5720	-0,4082
4,5229	-2,1777
-1,5720	-1,9810
4,7195	-0,2116
-2,2273	-3,6850
2,5568	0,3783
-1,8996	-0,8670
2,0325	-5,1267
-2,4894	1,1647
-1,7686	-1,7845
-1,3098	-1,3912
-3,4725	-0,3427
-1,1131	-2,7020
-3,0793	-0,2116
0,6563	0,2471
-4,6522	-5,8476
1,1150	-0,1460
-5,3731	0,8370
1,3116	-2,1121
-5,1765	2,2788
-0,7856	-2,5053
-7,1425	2,8687
-3,9969	2,6720
-6,8148	-1,7844
-4,2590	3,9828
-5,5041	3,2618
-6,7494	-0,0149
-3,0793	2,5410
-4,9799	1,1647
-0,9166	1,4924
-4,1279	1,2958
3,2121	-0,9979
-3,0793	2,5410
3,8675	0,5749
-2,4239	-2,5708
3,8675	0,9681
-1,6375	-0,5392
1,4427	-0,8669
-2,2928	1,6235
-0,4579	-3,1606
-2,1617	1,7545
-1,5720	1,6234
-0,6544	-2,2431
-3,6036	2,6065
-0,4578	0,4438
-2,4239	0,1162
4,4574	2,4754
-3,8657	0,3128
4,1952	1,6235
-1,0477	0,2472
5,1127	-2,8329
-1,3753	1,8201
2,2291	0,4438
-2,7516	-4,3403
1,3771	0,7715
-1,5064	-1,0636
-2,1618	-2,5053
-3,0137	-0,9980
-3,0138	-4,9301
-3,5380	1,8200
-5,5041	-1,6534
-0,7200	-4,0782
-6,0940	0,3127
-1,4409	-1,5879
-5,2420	-2,5053
1,3116	-1,2602
-4,9144	-3,9471
-0,5890	-0,3426
-6,4216	0,9025
1,1805	-4,4058
-4,6522	0,5749
-1,2443	-0,2771
-3,8657	-0,3426
-1,8341	0,9681
-1,5063	-2,5708
-2,2273	2,5410
1,5738	1,1647
-0,9821	-2,7019
3,8020	2,9997
-1,7686	1,5579
4,6540	-2,1121
-0,0646	0,5749
6,0957	-2,5053
-0,4578	-0,3426
3,0811	-1,8500
-0,1301	-3,6850
3,0155	-0,0805
-2,0962	-0,4738
1,5082	-3,7505
0,9185	-1,5223
0,3941	-1,9811
1,1806	-1,2601
0,3286	-1,9811
3,2122	-6,1753
-2,2928	0,9681
4,6540	0,1816
0,0664	-3,0296
5,1782	-0,8014
-0,3923	-2,0465
3,6054	0,5094
-1,3753	-0,8669
2,6878	-4,2092
-2,2273	3,4585
0,2630	-0,4737
-0,7854	-2,4397
-1,1788	2,1477
-0,5233	-0,3427
-1,3753	0,3783
2,0981	0,6404
-2,7516	-3,2262
3,7365	1,4268
-1,5720	-1,0636
5,5059	-5,0612
-0,9166	1,2958
2,7534	-0,0806
-0,9166	-1,5878
2,6223	-0,8014
-3,2103	-1,8499
0,4596	2,2133
-1,4408	1,7545
-0,9822	-1,1290
-1,8996	3,3274
-0,5889	1,6890
0,1320	0,5094
-3,8002	4,1139
0,7218	-0,2115
-3,1448	3,0653
2,6224	4,3759
-2,6206	-2,7019
1,6393	2,3444
-2,8171	0,9025
2,3601	-1,5877
-3,6691	2,9342
-0,5234	-0,5392
-3,6035	0,2473
-1,3099	2,6065
-2,7516	-0,0149
-1,3754	1,6890
-1,7030	1,4924
-2,9482	-0,4081
1,3772	2,4099
-3,4070	0,0506
2,9500	-1,5878
-2,8172	0,6404
3,5398	-3,1606
-3,7347	0,5094
0,8528	-0,5393
-3,2104	-4,1437
1,1805	1,0992
-4,5866	-0,0150
-0,6545	-0,9324
-2,6205	1,4268
-3,0138	-0,0805
-2,6205	1,0336
-3,1449	0,7059
-0,9166	-2,3742
-3,3415	1,8856
-0,3923	1,3613
-2,6861	-1,3912
2,0980	0,7060
-2,6206	-0,4737
1,7048	-0,4737
-5,6352	1,2302
2,2946	-2,7674
-4,3245	2,5410
-1,4409	1,2302
-4,1934	-2,8985
-0,7200	1,6235
-3,4725	0,1816
-3,4725	0,3127
-0,3267	0,5748
-3,0138	-2,1776
-0,2612	3,7206
-2,4895	0,9025
3,7365	-3,2262
-2,3584	2,1478
4,0641	0,5093
-3,1448	-0,4081
2,9500	0,9681
-3,3414	-1,6533
-0,7200	1,5580
-3,7346	1,6235
-2,1618	-2,1121
-3,2103	4,5071
-2,0307	2,7375
-1,7685	0,3783
-1,8997	0,9026
0,2631	-0,7358
-2,6861	3,7206
2,2292	2,6065
-2,5550	-3,5538
3,9986	3,5896
-2,6205	2,7375
4,5229	-0,6703
-1,1132	-0,9324
2,4912	-0,9980
-2,4894	1,8201
0,3285	0,1816
-2,6205	-3,1606
-0,4579	1,6235
-1,7030	0,5748
-1,7686	-1,9810
-1,2442	1,2958
-3,8002	0,3783
1,8360	1,2958
-2,0308	1,1647
3,1466	-3,2262
-2,2929	3,3274
3,2122	1,6234
-2,1618	-1,6533
3,5398	0,3128
-3,0137	-0,7358
0,5907	-0,0149
-4,5866	0,3127
-0,6545	-3,4883
-3,3414	3,4585
-3,3415	2,4754
-2,9482	-2,8329
-3,5381	2,4755
-0,7855	0,9026
-4,1934	1,4924
2,7534	2,8686
-2,3584	-0,1460
4,2607	0,4438
-1,4409	1,2302
3,8675	-2,6363
-2,6205	1,8856
4,3263	-0,1460
-1,1787	-2,0465
1,3772	1,0337
0,3287	-0,4082
1,3116	-0,0805
-1,3752	1,0991
0,8529	-1,8499
1,5083	1,2958
-1,1787	1,8855
3,5399	-2,3087
0,5907	1,6235
4,7196	-0,6047
-1,1787	1,7546
6,8167	1,8856
0,7874	-0,6703
5,0472	2,9998
-0,3922	3,5240
3,4743	0,6405
0,1320	5,5557
-0,1301	3,9828
-1,1131	3,0653
-0,3268	5,1624
0,6564	3,3930
-0,7855	6,4076
1,5083	5,8833
-0,9166	0,2473
3,8676	6,4076
-2,6206	5,0313
5,2438	0,7715
0,2630	3,1964
4,6539	0,4439
-3,9967	4,3105
2,4257	1,7545
-2,6205	-0,5392
1,0494	5,1624
-2,8171	4,3104
-1,5064	-0,1460
-0,5233	1,8201
-3,4725	1,3613
-1,2442	2,8687
-1,6375	0,8370
1,5083	-2,3087
-2,0307	1,6235
3,3432	1,4268
-1,9652	-2,8330
3,8675	1,0336
-2,5550	0,1816
2,0325	-0,6703
-2,2273	-1,5878
1,3116	-3,6194
-3,0792	1,2958
0,1319	0,7714
-4,1278	-2,8330
-1,3098	1,1647
-2,4239	0,3127
-2,6205	0,4438
1,7704	1,9511
-2,8827	-1,7844
1,9015	2,1477
-3,0793	1,8200
3,5398	-3,0951
-3,0138	0,8370
2,6223	0,1816
-4,2589	-1,9810
2,0980	-0,2771
-2,3584	-2,5708
-0,8511	1,0992
-3,1448	1,6234
-1,3754	-3,5539
-2,4238	0,5749
-2,2929	2,0166
0,6563	-1,9810
-0,1302	2,7376
1,7049	0,4438
-3,0793	0,3127
3,9331	-1,1946
-1,2443	-4,4058
3,9331	0,5094
-2,8171	-0,5393
2,5568	-2,3742
-1,1787	0,7059
0,2630	-2,3087
-3,7346	-0,8014
-0,9166	1,0336
-2,3583	-2,2432
-1,7030	1,0992
0,2631	1,1646
-0,3923	-3,5539
2,2292	0,9026
-1,5720	-0,6048
3,5399	-2,3742
0,3286	-0,0805
5,7681	-4,4058
-2,0307	-0,0805
5,7025	-1,1291
-1,0476	-4,4713
2,6879	0,1161
-0,6544	-0,2771
1,5082	-1,6533
-1,1786	0,7060
0,5252	-1,8499
-0,7854	1,5579
-0,9821	0,7714
1,0496	-3,6849
-1,5064	3,7206
2,4258	1,2957
0,0009	-2,5053
4,0641	1,9512
-1,1132	-1,5223
4,1297	-0,9324
-0,9821	-0,0805
2,8845	-1,9810
-2,0962	2,2133
0,9184	0,8370
-2,2273	-3,0296
-2,7516	2,9342
-1,7030	1,9511
-4,5211	2,2133
-1,7030	3,4584
-3,5381	-1,1945
-0,3923	5,2280
-3,7347	3,2618
1,3116	-1,1945
-4,1935	5,8178
2,2291	1,0992
-5,1765	-1,3256
1,4426	2,0822
-3,9313	1,6235
0,1975	3,8517
-5,1764	1,2958
0,8528	-1,9810
-3,6035	2,7376
-2,0962	2,2133
-1,1787	-0,6702
-1,7030	3,3274
-0,1301	0,5094
-1,5720	2,1478
1,4427	2,0167
-0,8511	-3,2917
5,3748	2,0822
-2,1618	3,7206
4,6540	-0,9324
-1,3098	-0,2771
3,6054	-0,3426
-2,6205	2,6720
0,9839	0,1816
-1,3097	-3,8160
0,0009	1,8201
-1,9651	0,8370
-1,7686	-1,5878
-1,0476	1,6235
-4,2589	2,0822
0,4597	2,0167
-2,2929	2,6720
2,4257	-1,3911
-3,4070	5,6212
2,8189	2,9342
-1,5720	0,0507
2,6223	2,2133
-2,9482	2,2788
1,9669	2,8687
-2,4239	4,7037
0,2630	0,2472
-1,1131	3,3929
-1,3754	3,0652
0,2631	-3,3572
0,1319	1,7546
1,8360	0,7714
-2,6205	-1,1291
4,3919	-0,9980
0,3286	-3,8161
3,6054	-0,4082
-1,5719	-1,3258
5,4404	-5,3233
-1,8996	-1,3257
2,4257	-1,9811
-2,4239	-2,8330
0,9839	-0,4082
-3,2758	-1,4568
-0,0646	-0,5392
-0,1956	1,2302
-3,0793	-1,7844
1,1806	0,8370
-1,3099	2,4098
2,4258	-1,1291
-1,8341	1,3613
2,6879	-1,3912
-2,0307	-3,2262
4,5884	-1,3257
-1,2443	-4,4058
1,4427	0,1161
-3,0137	-1,6534
0,7217	-4,3403
-2,8171	0,6404
-1,7686	-0,9325
-2,0306	-3,2262
-1,2443	-0,8014
-0,9165	-1,5223
-2,6205	0,5749
1,4428	-1,0636
-0,6545	-3,9471
3,3433	1,6890
-2,6206	0,3127
5,3093	-3,0951
-0,4579	0,5749
3,2122	-1,1946
-0,9166	1,2303
3,0811	-0,3427
-2,2273	-4,4058
-0,2613	2,6065
-2,8171	1,9511
-0,9822	-1,6533
0,4597	0,5749
-3,6036	-0,3426
0,6563	1,2958
-1,3098	0,7714
3,4744	-3,5539
-3,8002	2,4754
3,9331	-0,0150
-0,6545	-2,5708
4,9161	-1,1291
-0,4578	-1,1946
5,3093	-1,3912
0,4597	-2,0466
2,8189	-2,8985
-1,1131	1,8856
2,2947	0,3127
0,5908	-4,2093
0,0009	0,3127
1,5083	0,0505
-0,3268	-1,3257
3,3433	-2,6364
-2,5550	-4,2748
2,4913	0,3127
-2,5550	0,2471
5,7681	-5,7821
-0,4579	0,3127
4,3263	-0,6704
-3,1448	-3,9471
2,6223	-0,6048
-1,7030	-3,2918
-0,2613	1,2302
-2,7516	0,5093
-2,2929	-4,6680
-0,0646	0,7715
-1,4409	1,5579
0,7874	-1,0635
-1,6375	0,5093
2,6224	-0,4082
-1,5720	0,3783
3,8676	-0,0150
-0,1302	-4,4714
5,7026	-0,1460
-0,1957	1,0336
5,4404	-3,8816
0,5908	-1,6533
2,9500	0,7059
-0,1301	-1,5223
2,0325	0,8370
1,0496	-2,4398
0,7874	2,2788
2,4259	0,1816
0,6563	-1,5878
4,1298	2,2788
-0,9166	-0,4737
3,9332	-0,9980
-0,1957	1,0991
6,4890	-4,3403
-0,5889	1,1647
3,8020	-0,2771
-1,2442	-3,4883
3,1466	-1,5878
-0,8510	-0,2771
-1,8996	-1,2601
-1,8996	0,9681
-1,0477	-0,8014
0,0665	1,2303
-1,4409	1,0336
2,1636	-4,2747
-1,2443	2,9997
3,2122	0,9025
-2,1618	-2,1776
6,5545	1,1647
-0,5889	-0,2771
4,1952	-0,1460
-1,7030	0,6404
3,0811	-1,9810
-1,8341	3,1963
0,7218	0,7714
-2,8171	-2,2431
-1,8997	1,6890
-2,9481	-0,0805
-3,4070	1,2958
-0,2612	1,6890
-2,0963	-2,8330
0,6563	2,8687
-3,3415	1,4923
2,8190	-4,5369
-3,0793	0,9026
3,8020	-0,4737
-2,6861	-1,4567
2,5568	-0,4082
-3,0138	-2,0466
1,7048	0,9026
-3,7346	-1,1291
0,0009	-5,5854
-1,6375	1,2958
-1,8341	1,6890
0,5253	-0,8669
-0,1957	0,7059
1,9015	-0,4737
-1,3754	2,2788
3,6054	1,5579
-0,5889	-3,3573
4,8506	1,2958
-1,7030	0,3127
5,1127	-4,2092
0,1975	-0,3426
1,7048	-2,0466
-3,1448	0,9681
0,8528	-2,5053
-3,2103	-3,0296
-1,4409	1,8201
-3,2103	1,0991
-4,4556	-1,5878
-1,0476	0,4438
-3,9313	1,4269
1,4427	2,0822
-3,3415	2,2788
1,6393	0,7060
-2,0963	4,3105
2,6879	2,9342
-2,4239	-0,7358
3,6709	2,9342
-2,4239	1,4924
0,7218	-0,2115
-3,1448	2,8031
-0,5889	-1,2601
-2,3583	1,4924
-1,5720	3,5895
-0,7854	-1,1290
-1,4409	3,5240
0,8529	2,0822
-1,9652	2,1478
3,0811	3,5895
-2,4895	0,7060
1,9670	3,5240
-2,2929	1,4269
3,6054	-2,1776
-3,0137	3,2619
2,7534	4,1793
-2,2273	-1,0635
1,1805	1,9512
-2,0307	0,6404
-1,8997	1,8856
-3,2103	1,3613
-2,1618	-3,5539
-1,7030	2,0822
-3,2104	0,3127
0,1976	-1,9810
-3,0793	1,2958
2,2947	-0,2771
-2,5550	-1,7189
3,4743	1,8200
-2,0963	-1,9810
2,7534	2,3444
-1,8996	1,8856
0,0664	-3,0295
-2,0307	2,1478
-0,1302	0,6404
-3,4724	1,6890
-1,6375	3,0652
0,2631	-2,1776
-2,5550	0,4438
1,7704	2,4753
-0,9822	-4,2092
3,9331	1,2302
-2,0307	-1,5879
5,6370	-3,2262
-1,9652	0,1816
3,7365	-4,0782
-2,0307	-2,8985
2,2946	-1,4568
-1,8996	-6,0443
0,1319	-0,4082
-3,2758	-0,8670
-0,1302	-2,5709
-1,8340	0,6404
-3,0138	-0,0805
0,3286	1,6890
-3,4725	-0,7359
2,2947	-2,8330
-0,9166	1,8200
4,1952	-0,3427
-1,0477	-2,3742
4,3263	0,9025
-1,7685	-3,4228
3,4743	-0,8669
-1,6375	-1,3912
1,9014	-4,3403
-2,4894	1,8856
-0,3923	-0,0150
-0,3922	-4,2092
1,1150	0,1817
0,9185	-0,0805
-2,1618	-2,5053
3,2122	0,9681
-1,0477	-1,9811
3,4744	0,0506
-0,9166	-1,2602
7,2754	-4,2747
1,9015	0,7059
5,9647	-1,1291
-0,1301	-4,0781
6,8167	-0,5392
0,5908	-3,8160
2,7535	0,5094
1,5739	-0,6048
2,8845	-6,8306
1,6394	-0,5392
0,2631	1,4268
4,5230	-3,1607
0,7874	-0,6703
5,2439	-1,6534
0,1976	-1,9810
7,7997	-0,9980
1,7048	-6,7651
4,9161	-0,9980
-0,1301	-2,5054
5,4404	-4,6025
0,0665	0,1161
1,5738	-1,8500
-2,2928	-3,0951
-0,1957	-0,2771
-1,9651	-4,0127
-1,5064	0,5093
-0,3922	-0,4082
-1,1787	-2,6364
2,2947	2,2788
-2,1618	0,9681
4,5229	0,3783
-1,2443	1,3613