-4,1813	-0,3493
3,4208	-0,8081
-1,6254	1,9445
3,0276	1,8789
-0,1181	-4,6091
1,7824	-0,6114
0,8650	1,3546
-1,8876	-3,0363
2,0446	-0,7425
-3,0017	-2,1188
2,7000	-1,6600
-3,5915	0,4371
2,7655	-4,2815
-3,0017	0,2405
4,9282	0,7647
-2,5429	-4,8713
6,5010	-1,9877
-0,3146	-1,7911
4,3383	-0,6770
1,8481	-0,5460
3,8140	-3,4295
1,6515	0,9614
0,4062	1,5512
4,0108	-2,9708
0,0129	-0,8081
4,5350	-1,3324
-3,5915	-1,0702
4,9282	-1,7256
-2,6740	-4,7402
2,5034	-0,6115
-4,3123	0,6336
4,6660	-4,8713
-0,6423	-3,4295
4,4038	-1,4635
-0,8389	-4,0849
2,8965	-3,1674
2,3068	-3,7572
4,9281	-1,7256
4,0108	-0,5460
0,7994	-5,0679
4,2729	-2,1843
-0,5768	-0,0217
5,5181	-3,4951
-1,5598	-1,9222
6,3045	-2,7742
-0,0525	-1,7256
6,5666	-1,5945
-0,5768	-5,0023
7,4841	-1,1357
0,3407	-0,0872
7,2875	-1,9222
2,9622	-1,2668
4,5350	-1,7911
4,2074	-3,1018
2,8310	-0,2183
4,2729	-4,6091
0,0785	-0,2838
5,1249	0,7647
-2,3463	-3,2329
4,8627	-0,0216
-4,8367	0,7648
5,2559	-1,0047
-2,2152	1,0925
4,0107	-0,0216
-1,7565	1,0925
4,6005	1,6823
0,2752	-2,0532
4,5349	0,4371
0,0786	1,9445
2,3067	-1,3324
4,2729	-1,0046
0,0785	-0,8736
4,0107	1,0270
-2,1497	1,8789
5,7147	-2,5775
-1,5599	2,2066
5,3215	2,2721
-1,4288	-2,1188
6,1734	-0,3493
-0,3147	-0,8081
5,2558	-0,0216
0,9961	1,3546
4,1417	-3,8882
0,5373	0,3061
2,5688	2,7308
2,3723	-1,3324
-0,2492	-0,6770
4,2729	0,6337
-1,4944	1,2236
3,2898	0,5682
-3,0672	-1,9877
4,0763	2,2721
-6,2785	3,1241
4,7972	-2,2499
-2,5429	-1,6600
3,6830	0,3060
-2,6740	-0,6770
4,6660	-0,7425
0,0785	-4,2159
1,6513	-0,7425
-0,5768	0,5026
-0,1182	-3,6261
1,7170	-2,4464
-2,9362	-0,2838
1,7170	-1,7256
-4,2469	-0,0872
2,2412	-2,3810
-6,5406	-0,7426
3,4208	0,2405
-5,4265	-2,7086
2,6344	-0,6115
-4,3779	-0,4804
2,2412	-1,2668
-1,3633	0,1094
3,0931	-1,0047
-2,4774	0,8959
-0,5114	-0,2838
0,4062	-3,8882
-2,7396	1,2236
1,3237	2,6653
-3,5916	-1,2668
1,4548	0,7648
-6,2785	-0,3493
0,9305	0,2405
-6,1474	1,7478
0,7994	-1,9877
-6,8028	1,5513
0,4717	3,3207
-3,9192	-1,2668
0,0129	0,1750
-3,1327	1,4857
1,2580	0,5682
-1,4943	1,4202
-1,6910	-1,0702
-0,5768	1,6823
-3,3294	2,9930
2,5034	-1,7911
-3,5260	-0,6769
2,5689	3,8450
-4,5745	0,4371
3,8796	2,0100
-2,9361	-0,4804
5,6491	1,4202
-3,4604	4,0416
4,6005	-2,1187
0,4062	1,6824
1,7169	3,0585
2,1757	-2,5775
3,0931	1,8134
3,1588	0,5027
0,3406	2,5999
4,3384	3,4518
-2,9362	-0,1527
4,7972	2,9275
-2,0187	3,3207
4,0108	-1,2668
-3,3293	1,7479
5,6491	2,4687
-2,8050	-0,0871
5,5180	1,3546
-0,3146	-2,5775
3,6830	0,5682
0,6029	0,0438
3,0276	-5,1334
1,9136	-2,8397
-0,7080	-2,3155
1,7825	-4,7403
-3,1328	-5,4612
1,6514	-7,7549
-6,0164	-4,0850
0,9305	-5,7234
-5,4921	-10,1143
2,5689	-7,8860
-7,2615	-10,1144
0,9304	-13,4567
-6,4096	-12,8013
-0,5114	-15,8816
-5,9508	-15,4883
-3,3295	-14,7675
-4,7712	-21,3211
-6,2787	-19,8138
-4,3125	-21,9766
-9,5555	-27,0228
-6,2785	-25,3189
-12,1769	-29,1856
-5,4921	-30,2342
-14,9294	-31,8071
-4,9023	-37,2466
-13,6186	-34,9529
-5,5577	-34,3631
-11,9802	-41,6376
-5,4267	-40,3269
-10,8006	-40,3269
-5,4267	-42,6207
-8,6379	-43,5382
-7,5894	-47,4048
-7,1961	-43,8003
-8,5724	-44,3903
-4,3780	-49,2399
-9,4899	-46,6184
-4,3780	-45,7010
-9,8176	-46,4219
-3,7226	-48,1258
-10,0796	-48,6501
-1,5600	-47,0772
-12,0457	-43,1451
-1,6910	-49,6331
-6,7373	-46,6839
-1,8222	-43,2761
-6,8028	-46,1597
-1,3634	-44,2591
-1,5599	-44,9144
-3,1984	-40,2613
-2,2152	-38,0332
-3,7882	-41,4410
-0,6424	-35,6082
-5,2300	-32,0693
0,4062	-33,7077
-6,0164	-31,2828
2,3723	-29,1201
-6,0819	-26,1709
1,3237	-22,8941
-3,4604	-26,6951
3,8140	-20,1415
-3,5259	-16,7337
1,7169	-18,2409
-0,4457	-16,3403
0,7338	-15,0951
0,7339	-12,6702
-3,0673	-8,6070
2,8311	-12,2770
-3,9848	-7,8860
1,2582	-4,1506
-5,8853	-7,1651
1,8480	-3,8228
-5,0989	-1,3324
0,5373	-2,9053
-4,8367	-0,2183
3,0931	-1,6600
-6,6061	0,6337
0,5372	2,5998
-2,6084	-0,7425
1,0615	1,3547
-3,0672	5,6800
0,3406	2,4032
0,7994	3,9106
-3,7226	3,5174
1,1927	2,9276
-4,9678	5,9422
3,8796	0,9615
-5,0989	5,2869
2,8311	6,2699
-3,3293	2,9931
4,8626	5,6146
-2,7395	5,9422
5,1248	5,1558
-0,1180	6,6631
4,7971	0,8960
3,2898	5,6146
3,4863	6,7286
1,7170	0,6994
1,4547	3,6485
3,6830	2,5343
-2,8051	1,9445
2,7656	1,8789
-4,3124	-0,4803
2,1757	2,9275
-6,8028	1,6823
1,4548	-1,0702
-5,8852	-0,2182
3,5519	0,3060
-4,0503	-0,6770
1,7824	-0,0872
-1,2322	-3,8227
0,7993	-0,3493
-0,7079	0,1094
-0,6425	-4,6747
0,9960	-1,9877
-2,4775	0,1094
2,6344	-3,6916
-4,8367	-1,1358
3,4209	-3,9538
-4,9022	-2,7741
3,1587	0,9613
-3,0017	-3,9538
5,6491	0,5027
-2,0186	2,3376
5,1903	-0,0872
0,6028	-0,3493
3,9451	-1,9222
0,7995	0,5027
3,0931	1,2891
2,3723	-2,7086
-0,3148	0,5682
4,0107	1,7478
-2,7396	-0,9391
4,6006	-0,5459
-3,9847	-0,0872
2,2413	2,0100
-3,9847	0,6337
4,7316	-1,7911
-4,9677	3,5828
2,9621	2,0754
-3,4604	-2,8397
1,7824	-1,2667
-2,1497	1,2891
1,9134	-0,3493
-1,0356	-1,3324
-2,0187	-4,0848
0,7994	0,5682
-4,7712	-0,0217
1,3893	-5,8543
-5,4921	1,0925
-0,5768	1,0924
-6,4096	-0,2183
1,5203	0,1750
-7,5892	-1,5290
1,3236	-1,0047
-5,3610	2,4032
0,1440	-2,3154
-3,3949	-0,7425
-0,7080	2,5998
-2,5429	-1,7256
-0,3148	-0,2182
-2,5429	-0,0216
-4,4435	0,9614
1,4548	2,6653
-3,3950	-3,9538
2,2412	0,8304
-5,8197	4,3692
1,1271	0,0439
-3,9847	-1,3978
3,0931	1,8789
-5,6231	1,8789
2,8965	1,5512
-1,6909	-2,1188
3,2897	3,1897
-1,1011	3,3207
2,4377	-2,2498
0,3407	1,1580
0,8649	2,1410
1,2582	0,1095
-3,9848	0,7648
2,6345	-2,7086
-5,4921	1,8789
2,0446	1,5512
-6,8683	-3,6261
2,7000	1,0925
-5,5576	2,5342
1,9135	-0,4148
-5,5576	-0,2838
2,9620	-1,9877
-2,6740	2,5343
0,6027	0,8958
-0,8390	-3,6916
0,5372	-0,5459
0,2096	-0,1527
-1,5599	-2,2499
2,7655	-1,0047
-3,1983	-0,9392
4,0107	0,1094
-4,7711	0,6337
5,3870	-2,9052
-3,7226	0,3716
3,1587	3,3862
-3,2638	0,5682
5,2558	1,3547
-2,4773	1,8134
2,9621	2,0100
-1,8220	3,5829
2,2411	0,4372
0,2096	3,1897
-0,7735	3,3207
1,5204	-0,6114
-2,5430	3,0587
0,9305	3,4518
-4,7712	2,9275
2,2412	2,7964
-5,0333	0,5682
1,0615	4,8281
-5,9508	4,6969
3,4208	-0,4148
-5,4265	2,2722
0,0129	3,3207
-4,5745	0,0439
0,3405	1,2236
-2,2153	-0,4148
-3,3950	1,1581
-2,4774	1,2236
-3,9193	-2,6430
-0,3147	0,9615
-7,6548	1,8789
0,9960	-1,1357
-5,6232	0,3061
0,2751	0,7648
-8,2446	2,2721
1,7824	2,4032
-5,0333	-0,2838
1,9790	2,2722
-3,1983	4,1727
2,3067	-0,4804
-1,1666	0,5683
0,7993	2,7309
0,4062	1,4857
-1,0357	2,5998
2,1757	0,1750
-3,0017	2,5343
3,0932	5,0246
-4,5090	-1,0046
3,4864	0,7649
-6,2129	2,3377
2,1757	-1,0702
-4,9678	0,3061
2,3723	-0,8080
-2,9361	1,1580
2,3722	2,4687
-0,5113	-1,6600
1,0615	-0,0871
-0,1836	2,1410
-0,0526	0,1095
0,9306	-0,0872
-1,1667	-2,1188
3,1588	0,6337
-5,6231	1,4856
5,1248	-3,8227
-3,9847	-1,9221
2,7655	2,5998
-4,5090	-1,1358
3,0277	0,2405
-3,0672	-2,1843
3,6830	0,6993
-1,0355	1,0269
5,9112	-4,8713
0,8650	0,7649
1,5203	3,7139
0,4718	-1,5290
-0,1181	-0,4803
2,7655	0,5027
-3,3294	0,6993
1,9791	1,1580
-4,5745	-3,0363
3,0276	0,1095
-6,1474	1,2235
2,1101	-1,8566
-6,0819	0,3716
2,0446	1,7478
-3,5259	0,0439
1,1926	1,2236
-2,5429	-1,7911
1,7168	1,5513
-0,7079	2,6653
0,2750	-1,3978
0,0130	2,2722
-2,4774	4,8280
3,0277	1,3547
-3,4605	1,4857
3,0932	2,2722
-5,7542	3,9106
3,8796	3,2552
-5,8853	0,1095
2,1756	2,7309
-5,7542	4,3037
0,9960	1,7478
-2,9361	0,8304
0,2750	0,1750
-1,9531	1,7479
-0,3148	2,4032
-0,1836	-1,9877
-1,3634	2,0756
-1,0356	2,7309
-4,4435	-3,4295
1,0616	0,1095
-3,9192	0,7648
0,7339	-0,0216
-6,6717	2,8619
3,6174	-3,2329
-4,5090	0,6993
4,0762	2,1410
-1,4288	-2,3809
3,6174	0,7648
2,2413	0,3060
5,1247	0,5682
2,1757	1,6823
2,1101	-1,7911
4,2729	0,6338
1,3237	2,8619
5,5836	-3,4295
-1,5599	0,6338
5,4526	3,5173
-2,6084	-0,7425
6,8288	0,9614
-1,5598	-1,3323
5,9768	1,0925
-1,1666	2,7964
7,3530	-3,0363
2,5690	-0,0871
5,2558	2,0100
2,6345	-1,7911
5,1903	-0,6770
3,7486	-0,1527
0,6683	1,2891
3,9452	1,8133
-1,5599	-2,4464
3,2898	0,3716
-4,3124	3,6483
4,7971	-3,1673
-5,2299	0,0439
1,8480	-0,0872
-5,3609	-0,5459
4,2728	-0,2183
-2,6084	-2,9052
2,0445	0,6993
-0,7079	0,3715
2,5688	-4,7402
0,8650	-1,0046
0,4716	-0,3493
-0,5113	-2,7086
-3,0017	-1,6601
1,3237	-2,7086
-4,8367	1,1580
1,1271	2,4031
-4,7712	-3,4951
2,6344	-1,2668
-6,3440	0,7647
2,3723	-2,1844
-3,7881	-2,4465
3,2242	-3,6917
-0,3147	-0,4804
2,3722	-2,5776
1,2582	-3,8227
2,3067	-1,6601
2,4379	0,2405
-0,4458	-2,6431
5,0593	-3,3640
-2,2808	-2,8397
4,4695	-1,0702
-4,0502	-0,5460
6,0423	-5,7233
-4,7056	-1,2013
2,1757	1,6167
-4,5745	-5,1990
4,9937	-2,2498
-3,4604	-1,4635
2,6999	-2,1188
-2,8050	-1,1358
0,9304	-3,8883
0,5372	-0,2838
-3,2639	1,5512
0,2752	-3,7572
-3,9848	0,0439
0,4062	0,1094
-6,6062	-2,9707
1,9135	0,5027
-4,4435	-4,6747
2,3723	-0,6114
-4,5746	1,9444
3,4864	-4,5436
-3,3949	-1,6600
2,5033	-0,4149
-0,5113	-4,5437
3,6829	-3,2984
-0,1836	-4,4126
0,2095	-2,1188
0,2752	-1,3324
-2,1498	-5,4611
2,3723	-1,6600
-4,8367	0,7647
1,7825	-3,1018
-5,2299	0,6993
3,0276	-1,2668
-5,6887	0,7648
2,5033	0,8959
-5,8852	-1,1357
2,4377	0,8304
-4,4434	2,9930
1,7824	-1,2013
-1,2977	0,4372
-0,6425	2,0100
0,2096	2,3377
-0,8391	0,1094
1,5859	-1,5944
-3,1328	2,4688
1,7825	2,7964
-4,6401	-2,6430
2,3068	2,1411
-4,1813	2,4687
2,8966	-1,0047
-3,2638	-0,2838
4,3383	-2,4465
-3,1327	2,2721
3,4864	1,4201
-0,1836	-2,1188
2,4378	1,0925
-0,5112	1,8134
2,1101	-0,8081
2,4379	0,3716
-2,3463	-1,6600
2,7000	1,0270
-2,4774	1,6823
2,3723	-2,7086
-4,2469	1,2236
2,7656	3,7139
-2,8706	0,1094
3,4864	1,4857
-3,5915	-0,1527
4,4694	1,8134
-2,2152	1,2891
3,4863	-2,1188
0,9305	-0,2838
-0,7735	2,2066
1,3893	-2,6431
-0,5114	-1,4634
2,2412	-0,0872
-4,4435	-1,6600
2,1102	-1,0047
-5,0333	-4,4781
1,3893	0,8304
-4,5090	3,5828
4,4039	-1,7256
-3,1983	-0,2837
3,7485	1,8789
-2,8050	-0,1527
4,0106	1,4857
-0,4457	-1,4634
1,7168	1,4857
-0,2491	1,4856
2,2411	-4,0848
2,7655	-0,1527
-1,8221	1,6823
2,7656	0,2405
-1,6254	-0,8736
5,8457	-1,8566
-4,5090	0,5027
2,7000	2,8619
-1,2977	-2,5775
6,2389	0,5027
-3,5259	2,0099
5,3869	-1,5290
0,4718	0,8959
3,9451	-0,3493
0,6684	-0,8736
0,2095	1,0925
0,4062	-3,6261
-1,8221	-1,3323
-0,9045	1,4201
-5,0989	-1,9877
2,5689	-2,0532
-5,8198	-1,2013
0,6684	-0,6114
-5,6887	0,3716
2,3067	-2,6431
-5,2954	1,8134
3,9451	2,9274
-3,0017	-4,4781
3,2897	-1,0046
-2,4118	-0,0217
1,9790	-0,4149
1,5203	-1,5945
-1,1012	-3,6916
0,4063	0,5682
-3,0017	2,7308
2,7000	-3,2984
-4,7712	0,8304
1,5859	3,3862
-5,5576	0,6337
3,4208	1,0270
-5,1644	-0,3493
1,9790	2,0100
-4,8367	5,1557
3,6174	-1,3979
-2,6085	1,5513
0,9304	2,9930
-0,0526	-0,0871
-0,7736	1,0925
-0,0525	-0,8081
-1,1668	0,5027
-0,2491	2,0755
-2,6085	-3,4295
2,5034	-1,2013
-5,6231	1,2235
3,7486	-2,5120
-3,7881	-0,0872
5,0592	0,1094
-2,8706	-1,9877
4,2728	-2,3810
-2,2152	-4,7402
3,8796	-0,0216
-1,2977	0,8303
2,7655	-3,6916
2,9622	-1,5289
1,5858	-0,5460
1,9791	-1,6600
-1,5599	-2,4465
4,4040	-3,8882
-3,1327	0,8959
5,2559	1,4201
-2,2807	-4,2815
7,9429	-1,6600
-2,4773	1,1580
5,3870	-2,0533
-0,1835	0,7648
6,8942	-3,4295
-0,0525	-1,7911
4,8626	0,5681
2,1757	-2,5120
2,5688	-0,8736
2,8311	-0,0217
-0,7080	-2,1188
3,3554	-2,1843
-3,4604	-2,8397
2,3068	0,8303
-4,3124	-1,5290
2,8311	-3,1674
-4,6401	0,2405
2,3722	0,6337
-3,9847	-3,8883
3,2897	0,1094
-4,1813	-0,0217
2,1100	0,0439
-2,0841	0,2405
2,0445	-1,5289
-0,1836	2,0100
-1,2323	0,8958
2,8311	-3,0363
-1,8221	-0,2182
2,4379	2,0100
-3,7881	-0,8736
3,4209	0,5682
-4,0503	-0,1527
2,5689	1,7479
-5,8852	2,7964
3,3553	-0,8736
-1,7565	1,2891
1,9135	2,2066
-2,7395	-0,7425
1,1925	1,5513
0,0785	-1,3979
-0,5769	1,6824
0,0786	3,1241
-1,1012	-3,2984
1,2582	2,2067
-2,4774	4,2382
2,8966	0,4371
-4,0502	2,2722
3,7486	0,8303
-5,0333	2,0755
4,3384	3,1896
-1,2977	-2,7086
3,6830	1,0270
-2,0841	1,0924
2,3722	-2,2498
-0,1180	-0,4803
1,2581	-1,5289
-0,3802	1,7478
1,0615	1,4202
1,5859	-2,0532
-3,3949	1,6824
2,5034	1,9444
-4,8367	-1,9221
2,7000	1,6168
-4,7056	3,1241
3,6830	0,6993
-5,0333	2,8619
1,3237	-0,5459
-3,5259	3,4518
2,1756	2,2721
-1,0355	-3,4950
1,9790	1,7479
-1,2322	1,5512
-1,1667	-2,2498
1,3237	-0,6769
-2,5430	-1,5289
0,4062	1,8789
-5,7542	1,5512
2,6344	-2,3809
-5,8853	0,3061
2,1757	0,6992
-6,4095	-1,0702
3,4864	0,9614
-3,5915	-0,8081
2,1101	-0,4148
-1,6909	-0,2183
1,0615	-5,6577
-1,2322	0,6993
0,7993	0,3715
0,6028	-2,0532
-1,1667	-0,0872
2,8966	-2,3809
-5,0334	-0,6114
2,5034	0,6992
-5,0333	-1,2668
1,9135	-0,0872
-4,6401	0,6992
4,0107	-2,4464
-3,9847	0,7648
3,4863	0,8958
-3,9191	0,5026
3,4208	-1,0047
-0,7079	-3,9538
2,2411	0,5027
0,2096	1,8133
-0,3803	-5,0024
1,1927	-1,8566
-4,3780	1,4201
2,0446	-2,9052
-3,8537	-0,6770
2,3067	-1,9222
-6,5406	0,1750
1,5859	0,5026
-5,1643	-2,7741
2,8965	2,2066
-4,1813	3,1240
3,1587	-1,7255
-1,6909	2,0755
0,7993	0,8303
-0,5113	0,6993
-0,0526	2,3376
1,3237	-3,7571
-1,2323	1,8134
1,1271	4,1726
-3,4605	-0,8736
2,7655	1,8790
-4,5746	0,5027
1,7825	0,8304
-5,6886	2,8619
4,7971	-2,0532
-3,8537	1,1580
2,6999	1,9444
-2,5429	-2,9707
2,9620	-0,2182
0,2096	0,9614
2,6999	-1,0047
0,9961	0,8304
-0,3148	-0,3493
1,2582	0,8304
-3,3949	3,3862
1,6514	-1,5289
-5,0989	2,5343
2,1102	2,9275
-3,9192	-1,5289
2,1102	1,2236
-4,3124	-0,1527
3,4864	0,6993
-3,6570	1,6167
2,6999	-2,4465
-2,1497	1,3547
2,8965	3,0585
1,2582	-2,1188
2,3066	0,5027
1,4548	0,8959
-2,1498	1,4202
2,4379	0,6992
-3,0017	-4,1504
4,5350	1,4857
-5,3610	3,3862
4,2073	-4,8057
-4,3124	-0,2182
2,9621	0,9614
-4,4434	0,1749
3,1587	0,7648
-0,9700	-3,1674
3,4208	1,0270
-2,8705	2,0755
2,5033	-3,6916
0,6684	-1,1357
-1,1012	-0,8081
1,3893	-0,5459
-3,9192	-0,7425
1,2582	-4,6091
-4,8367	-0,3493
1,7169	2,1410
-5,9508	-3,8227
2,3723	-1,4634
-5,5576	1,1580
1,7169	-0,2838
-3,7881	0,5682
2,2411	-0,3493
-3,8536	0,9614
0,5372	2,6653
-0,8390	-2,0532
-1,8877	2,1411
-0,2491	4,6314
-2,0843	-0,8080
0,7994	3,2552
-5,6887	0,3061
0,6684	3,5174
-5,8198	4,8280
2,1757	-1,0046
-5,8197	2,8620
3,2898	4,5659
-5,2954	-0,6114
3,3553	2,3377
-2,6084	2,2066
1,9790	0,8304
-1,2977	2,4687
2,6343	-2,9052
0,6684	2,1411
-0,5769	2,4032
1,7825	-2,5775
-2,4774	1,0925
3,7486	2,6653
-3,1983	1,6823
3,4864	2,4032
-3,4604	0,1095
5,7802	2,2066
-3,2638	2,2066
4,3384	-1,6600
-0,9045	1,7479
4,2073	3,4518
1,1927	0,0439
4,2728	-0,7425
3,2898	-0,4804
0,6683	0,8304
2,1102	-0,2183
0,2095	-4,2159
4,2073	0,4372
-1,7565	2,0100
3,4865	-1,1357
-2,5429	-0,1527
4,9937	-0,0216
-3,8536	2,7309
5,8457	1,8789
-2,0841	-2,7086
3,1587	0,7648
-1,7564	3,1896
4,3383	-2,2498
-0,1181	-0,6114
0,9959	1,4857
-0,2491	2,8620
-0,7735	0,3061
2,7000	-0,6769
-2,9362	2,7965
1,9791	2,2066
-3,0672	-0,3493
4,0762	2,3377
-3,8536	2,2066
3,4864	1,4202
-1,4288	2,6654
4,9937	-0,8736
-1,4943	1,4202
5,2558	3,5828
-0,0525	-2,5120
4,2728	-0,0871
1,6514	0,6337
-1,6910	-0,9391
2,0447	-0,1527
-0,1182	-2,1843
1,5859	0,5027
-2,9362	1,8789
3,8796	-4,7402
-3,2638	0,5027
2,1101	1,4201
-4,1158	-2,2499
4,0107	-1,0702
-3,3294	-2,3154
3,0931	0,5027
-2,7395	-0,1528
2,6998	-2,8397
-2,4774	0,6993
-1,3634	0,6992
0,1441	-4,4125
-2,8707	-0,6114
0,0130	-1,9222
-5,6232	-0,0872
0,9960	-1,9222
-6,9994	-3,1018
0,3407	1,8789
-5,1644	2,4032
4,2073	-2,7086
-4,7711	1,6168
2,8310	2,4687
-2,2807	1,3546
4,0762	1,2891
0,7995	-1,7255
2,0445	2,0100
1,8481	3,8450
1,6513	-1,3979
2,3723	1,0925
-2,6085	2,6653
3,4865	-0,4804
-2,6740	0,9614
3,5519	-0,4148
-4,9022	2,5998
4,3384	3,1241
-4,4435	-2,1187
2,7655	1,5513
-4,5090	3,3862
3,1587	-1,4634
-0,9045	0,6993
3,1586	0,1094
-0,1181	0,1750
1,7168	0,8303
0,7995	-3,2329
-0,4458	4,0416
3,8796	2,1410
-3,2639	-2,3809
3,8141	0,7648
-4,3779	0,8959
2,7655	2,8620
-3,8536	3,0586
4,8626	-1,2012
-3,3293	4,7625
2,6344	5,1557
-1,8875	-0,8735
3,6174	2,6654
-0,5768	3,5173
0,7338	0,5027
1,1271	3,2552
0,6027	0,4372
0,1441	2,0756
-3,3950	1,8789
3,6175	-1,0046
-3,9848	2,7309
3,0277	2,2721
-6,9338	0,3061
4,0107	2,7309
-3,7226	0,4371
2,6344	3,1896
-3,4604	0,9614
4,6660	-2,3153
-2,6084	1,4202
2,8965	1,1580
1,5859	-1,7911
1,5858	1,5513