-1,8016	0,2464
2,3927	0,3120
-1,8015	4,1786
3,1136	0,0498
-0,1631	1,2950
-0,7530	0,4430
-0,4253	-0,1468
-0,0977	3,7198
0,2301	-0,0813
-0,4909	-0,0157
1,4752	4,3096
-1,5395	-0,8677
4,2932	-0,1468
-2,9813	1,0328
3,3102	-2,8993
-2,5880	4,2441
3,3102	1,1639
-3,2434	-2,3095
1,8684	2,2780
-1,5394	-0,6711
1,6718	-0,2778
-1,2117	3,3266
-0,1632	-0,6055
0,6888	2,0814
0,4921	-0,5400
2,0651	-2,2439
-0,4909	2,9334
3,5724	-3,4236
-0,8186	-0,7366
3,7690	1,0983
-1,2773	-2,5716
3,4413	-0,4089
-2,3259	-0,9988
2,2616	-3,5547
-2,9157	1,6882
1,4752	-3,5547
-2,5225	-1,0643
-1,8672	1,9503
-2,1948	-2,9649
-2,1949	-1,0643
-2,3914	0,3119
-2,5881	-3,7513
-0,1632	0,5086
-3,7022	-2,7682
1,2786	-2,0473
-4,6852	1,0984
1,8029	-1,1298
-1,9982	-0,9987
2,2616	1,4261
-2,5880	-0,4089
1,4752	2,2125
-1,7360	-0,2779
0,8854	-0,4744
0,8199	2,2780
1,4752	-1,7197
2,1306	1,2950
-0,6220	1,0328
2,2617	-0,5400
-0,4254	2,9334
2,3272	0,4430
-2,0638	-0,9987
2,4583	2,8679
-3,2434	0,9018
2,4583	1,2295
-1,2117	3,7199
2,3927	-0,0812
-1,4083	3,8509
2,6549	3,3921
1,0165	0,1809
1,4752	3,2611
1,8030	-0,7366
0,6232	-0,8021
1,5408	2,9989
0,4266	-2,5716
4,2933	0,3775
-1,3429	0,4430
2,1961	-2,5716
-3,1123	1,2295
2,0650	-0,7367
-2,9157	-1,2609
1,9339	1,8848
-3,1123	-2,7027
1,9339	-0,2123
-2,3258	3,1300
2,1305	-3,1614
0,4267	0,5086
0,0989	-0,6711
1,4753	-1,1298
1,1475	2,4746
1,9340	-2,5716
0,8854	-0,8021
4,8831	2,4746
0,8198	-3,4891
3,0481	-0,4745
-0,4908	-2,8994
5,1453	-3,7513
-0,9496	-0,6711
2,9826	-4,6688
-0,3597	-3,6202
4,2933	-1,9164
-0,2942	-4,9310
0,8854	-1,3265
1,2131	-4,0135
0,2300	-6,1761
1,8029	-1,5887
-1,6050	-6,8315
2,0651	-6,3727
-2,5880	-1,4576
1,5407	-4,9965
-3,1779	-3,6858
1,9339	-3,6858
-5,7993	-4,8654
-0,5564	-1,9819
-7,1100	-4,9310
-3,3090	-3,7513
-6,3891	-0,8022
-3,9644	-1,6542
-6,0615	-1,3265
-5,2096	-0,6711
-4,6197	-1,7852
-5,9960	1,5571
-3,3090	-0,6056
-7,7655	1,0984
-4,7508	5,0961
-9,8626	1,5572
-3,5712	4,1787
-8,9451	6,7345
-1,8017	5,4894
-8,6174	8,8318
-3,5056	9,1594
-4,2920	10,0770
-1,9327	15,9752
-4,4885	11,7154
-0,3599	13,8782
-1,0806	17,0894
0,6232	16,1719
1,9996	17,2861
1,5408	19,6453
5,3419	18,4658
-0,3598	23,5775
5,1453	22,7256
3,3758	22,2669
7,5046	25,8058
3,5069	21,2838
9,7328	24,2986
4,8177	26,7233
9,7329	23,9053
8,0945	26,7234
11,1091	26,0680
8,6844	24,9539
9,1431	27,9029
13,3374	20,9562
10,1261	23,9708
11,9612	22,6600
8,6843	17,0240
10,4538	19,1211
6,2595	13,9437
10,2572	9,5528
3,9002	10,7323
8,0944	2,4747
1,2132	-0,3433
5,8662	-0,6056
-1,0806	-11,8779
1,0164	-15,5479
-4,3575	-21,5119
-4,9474	-32,7186
-5,1440	-36,5854
-9,1418	-49,4306
-10,0592	-57,2950
-15,7610	-65,6183
-14,5158	-81,6092
-23,2322	-87,8352
-19,3656	-99,7630
-30,0480	-113,4601
-27,2300	-119,8829
-38,0435	-134,6286
-35,2255	-145,3767
-44,9904	-155,2728
-44,2696	-172,1158
-50,1678	-182,9294
-52,3307	-193,2843
-54,6899	-208,1611
-59,4742	-216,6155
-60,7849	-232,1477
-66,6177	-241,7161
-64,6516	-250,5637
-71,7952	-265,2438
-69,0426	-274,2224
-78,6765	-280,7107
-73,6302	-294,9977
-83,0674	-301,0271
-77,6935	-312,7582
-83,6573	-321,7367
-79,7252	-323,3753
-85,9510	-335,6307
-81,8223	-341,9222
-82,4121	-345,1991
-82,9365	-352,7358
-82,8053	-352,8669
-81,8224	-357,8478
-78,3489	-360,2070
-81,4291	-355,5540
-73,5647	-359,8794
-78,2833	-358,6997
-69,2393	-354,5709
-75,7273	-351,7528
-64,0619	-345,7234
-69,2391	-341,5291
-61,7025	-336,2861
-61,5713	-324,9483
-54,0347	-322,0646
-54,4278	-312,4306
-48,7262	-301,0929
-49,1193	-296,7018
-44,1386	-284,5119
-40,6651	-273,8950
-40,4029	-266,5547
-33,0628	-253,0542
-37,1261	-243,2236
-29,1306	-233,1964
-33,1283	-217,7953
-25,3295	-209,3410
-29,3271	-195,1850
-22,3803	-182,3398
-26,9022	-171,3950
-20,6763	-152,8482
-22,8389	-143,9351
-19,1690	-133,9734
-18,3169	-116,8684
-16,0888	-109,5937
-15,1056	-95,2411
-15,4989	-84,0999
-11,4356	-78,1358
-14,3192	-61,1618
-8,6175	-53,0353
-12,2876	-45,3673
-7,8311	-31,8013
-12,2875	-27,2137
-3,6367	-17,3175
-10,3214	-7,6837
-6,3237	-4,9311
-8,1586	1,6227
-4,5542	6,3413
-7,9620	9,5527
-5,2096	15,9097
-4,8818	16,3685
-2,8503	20,0386
-2,0638	25,1504
-4,0954	23,3154
0,2956	25,4782
-2,9157	27,4443
1,7373	26,5268
-2,7846	31,7697
4,2933	27,0511
-3,3089	27,5754
5,2108	28,8205
1,8030	26,3302
5,6040	25,3472
3,5725	26,7234
5,9972	23,0533
6,1284	22,9222
5,9973	18,1381
7,6358	18,0070
9,1430	19,6453
10,4538	13,5505
8,6188	14,4680
14,8447	13,4849
5,6041	8,5697
13,7306	11,3877
7,3736	8,1109
12,8786	6,9313
6,7838	10,7978
10,9125	3,7199
5,3420	3,6544
9,8639	6,8001
5,6042	0,7052
6,3905	2,7368
8,9465	0,8362
5,8006	-0,4744
6,7838	0,7051
3,9001	-4,6688
6,2594	-3,4891
0,2956	-0,8022
4,9487	-5,0621
-1,0806	-3,3581
4,8176	-3,6203
-1,6705	-5,4553
2,6549	-1,9164
-2,1948	-5,1932
1,4096	-5,4553
-2,7191	-0,8678
-1,4084	-5,9796
0,5577	-3,7513
-2,6536	-3,2926
-1,4083	-5,5208
-1,8017	-2,0474
1,5407	-4,2101
-2,9813	-4,3411
-0,2287	-1,1955
-4,6197	-4,4067
-1,4084	-4,2756
-7,1756	-1,2610
-2,0638	-4,4067
-6,7823	-1,8508
-2,0638	-3,3581
-6,9789	-3,2925
-3,3090	1,4260
-5,4716	-2,8994
-3,7022	-2,5061
-3,7021	0,8362
-4,7508	-1,2609
-0,6220	-1,3264
-4,6197	0,3119
-0,9496	-0,0812
-4,4886	3,2611
-0,2288	-0,6055
-3,5711	2,9990
1,3441	5,2271
-4,5541	1,2951
2,0650	4,0476
-2,9157	3,7854
1,0820	1,8849
-1,0151	6,8001
1,8684	2,9990
-0,3597	1,8194
0,6232	6,0136
2,6549	1,8849
0,4266	2,5403
4,2933	1,8193
0,0990	0,2465
5,8006	3,7854
-1,0151	0,5741
4,2933	-1,0642
0,4922	4,3096
5,2764	-0,9333
0,0990	-1,3919
4,7521	1,3605
0,9510	-1,5230
3,9001	1,7537
3,3758	-0,6056
2,1961	0,5086
2,4584	5,5548
2,5893	0,5741
5,2108	-0,5400
-0,8841	3,4577
4,4899	-1,7196
-2,3914	2,8679
3,1792	0,9018
-1,4739	-1,2609
3,5068	1,0328
-1,9982	-2,1129
3,3102	0,1154
-0,8840	3,3266
3,4413	-2,7683
-0,4253	0,4430
1,2131	-0,2124
1,4753	-2,3095
1,0820	0,7707
2,3928	-1,2609
1,0820	-1,1298
5,5385	0,7707
-1,1463	-0,2779
4,0311	-0,4090
-3,2434	0,7051
1,6063	-1,3265
-3,1778	0,5741
2,1306	-2,5061
-3,1778	-1,6541
1,2130	0,9673
-3,3745	-3,4892
-2,1293	-2,0473
-2,0637	0,1809
-1,2119	-2,4406
-2,1948	0,7052
-2,2604	-1,1299
-1,0807	-1,9818
-3,7677	1,8848
-0,0321	-1,3265
-3,6366	-0,8677
1,2786	0,9673
-6,5202	-2,4405
2,1961	1,0984
-4,0954	0,3774
-1,8672	-2,3750
-3,8987	1,8193
1,4096	-1,1299
-3,5055	0,7052
-0,6875	2,4746
-2,7846	-1,8507
-2,0638	1,9504
1,6718	1,6882
-2,3260	-0,9987
0,9509	4,5063
-3,3745	-0,6711
2,3927	-0,5399
-5,9959	3,8509
-0,0976	-0,6055
-4,4230	1,2295
0,5577	1,4260
-3,8987	-0,7366
1,2130	2,4747
-3,7676	-0,4745
-0,6220	1,1639
-2,1948	3,4577
-0,8841	-0,3434
-0,2287	0,1154
-0,0977	2,4746
1,0820	-1,7852
-1,6050	1,6227
3,5069	-1,3920
-0,0977	-2,8337
3,3758	1,6882
-1,9326	-1,4575
3,9656	-2,1784
-2,1293	0,2464
2,1306	-1,8508
-1,8016	-1,2609
1,2130	-3,0959
-1,4739	-2,1129
1,2786	0,6396
-0,0321	-2,6372
0,1645	-2,9648
0,8854	0,9673
-0,6875	-3,4236
3,6379	1,5571
-2,3914	-0,4090
4,6210	-3,4891
-0,2942	-0,0813
4,4244	-3,2926
-1,1462	-2,1784
4,2933	1,9503
-1,0806	-4,6688
4,6865	0,9018
-0,1631	1,3605
2,6549	-2,3750
1,3442	1,9503
2,5238	-1,0644
3,9656	-1,9162
-0,2943	0,9018
2,8515	-1,4575
-1,4739	-0,4745
4,3588	1,4261
-2,1948	-1,6541
2,5238	2,8679
-1,0807	1,2294
3,6379	-0,2123
-3,0467	3,1300
4,0966	-0,8021
-1,2117	2,3436
0,8854	4,1130
-0,2286	0,7707
1,5407	3,3266
2,6549	0,5086
1,1475	-0,1467
2,5894	3,0645
0,2956	-0,2779
5,2763	0,3775
-0,6219	2,8678
3,1792	-2,4406
-1,1462	-0,0812
4,2933	0,1808
-4,0298	-2,0473
2,5893	0,9018
-1,9326	-0,9988
-0,8186	-1,7196
-4,1608	2,1469
0,5577	-0,6711
-0,1632	-0,6711
-1,0807	0,1153
-1,0151	-2,1784
-0,2288	2,4091
3,5068	-2,1129
0,0989	-0,9987
1,9995	2,2780
-2,3914	-0,0157
3,3103	2,4091
-1,9982	2,2125
2,8515	-0,2778
-2,2603	1,7538
1,9995	0,3775
-1,2772	0,6397
2,5893	3,5232
-0,5563	-0,9988
0,4921	-1,4575
0,5578	1,6227
-0,6875	-0,4745
0,7543	1,3605
-1,8672	-2,3095
1,3441	-3,0304
-3,4400	2,6712
2,3927	-4,1445
-2,9813	-1,9162
2,9825	0,1808
-4,2264	-3,0959
1,4752	-0,4745
-4,8818	-0,6711
-0,9496	-3,4236
-2,9812	0,5741
-0,0322	-0,3434
-3,0467	-1,4575
-1,3429	1,0984
-0,8841	-1,4575
-1,2774	-0,9332
0,7543	1,2294
-3,1779	-0,2779
0,2955	1,2950
-3,3090	-0,6055
1,4752	-0,8021
-4,3575	3,5887
1,6063	1,9503
-3,4400	0,9018
0,3611	1,6227
-3,0468	-0,4745
0,8853	1,6227
-1,1462	-0,2124
-2,0638	-2,1784
-0,1631	2,3435
-0,2943	-3,6203
2,1306	-2,2439
-3,1779	0,2463
2,3272	-5,3897
-2,2604	-1,2609
2,6548	-1,6542
-3,8332	-5,5208
2,0650	-1,3920
-4,8162	-3,9479
2,0650	-1,2609
-2,0637	0,9672
0,9509	-2,5061
-0,7530	0,1809
0,0334	-1,3265
1,1476	-3,8823
0,2955	1,0328
0,2956	-0,8677
0,6887	-0,8677
3,3758	1,6226
-2,2604	-3,0304
4,2277	-1,1954
-2,3259	-0,0813
3,8345	-3,0959
-2,5225	1,0984
2,8515	-1,7852
-3,3089	-1,1298
3,4413	2,6712
-0,8185	-1,5231
-0,0977	-0,1468
-0,2286	0,3119
0,6887	-3,4891
0,8854	1,7537
-0,8841	-0,8022
1,7374	-2,4405
-1,4084	2,8678
1,6718	-1,3265
-4,0954	1,2295
1,7374	2,9989
-3,2434	-1,7196
2,9170	2,4747
-3,0468	2,1470
0,0990	0,1154
-2,7846	5,1616
1,3441	1,0328
-2,3914	1,1640
-1,3429	3,7854
-1,3428	0,3120
-1,2118	1,5572
0,3611	2,0159
-3,6367	0,8363
1,3441	3,4577
-2,3260	-0,1468
1,0819	0,2465
-6,5858	3,0644
-0,2288	-1,7197
-4,6197	-0,1468
-1,0807	0,5085
-6,2580	0,4430
-1,6050	1,2950
-4,1609	-1,2609
-0,1633	0,1809
-3,1778	4,1785
-2,6536	-1,7197
-1,0151	1,4916
-2,4570	2,5401
-0,2287	-0,7366
-2,4570	2,0159
2,9170	0,1809
-3,2434	-0,5400
2,5238	2,8023
-4,3575	-2,1128
2,0650	1,1640
-3,3089	1,4916
2,4582	-2,0473
-3,3089	1,1640
1,3441	0,4430
-0,8185	-0,0812
0,0989	3,6543
1,1476	-0,6711
0,8853	0,4431
1,8685	2,1469
-0,4909	-1,6541
2,5894	1,2950
-1,2773	2,1470
2,5894	0,1809
-3,1123	2,9334
3,7690	0,7707
-2,6536	0,6397
1,1475	5,0306
-1,1462	0,5086
1,0820	2,5402
-2,5879	0,7052
1,4752	-0,6055
-0,7530	5,4238
0,6232	0,7707
2,2617	-0,4089
-0,2943	4,5063
2,4583	0,1809
0,1645	0,6397
3,7690	2,9334
-0,7530	-0,8021
3,9656	2,1470
-1,6705	0,8362
4,6865	-0,4089
-2,5224	3,3266
1,7374	-1,3920
-0,5563	-0,7366
1,0820	1,8848
-1,8015	-0,7366
1,3441	1,2295
-0,4908	1,0328
-0,6220	-2,1784
1,0165	2,0159
-1,9327	-0,5400
1,8684	-2,0473
-2,3915	1,0984
1,5407	-2,3095
-4,2264	-0,7366
1,9995	-0,6711
-5,4716	-1,7197
2,3272	1,5571
-3,5710	-2,3095
0,4266	-2,7682
-0,8185	1,1639
-0,7531	-2,3095
-0,9496	-1,4575
-0,7531	-1,3920
1,0820	-3,8168
-1,2118	0,0498
1,9995	-3,4237
-0,2943	-3,3581
2,7204	1,2294
-3,1123	-4,1445
2,5893	-3,0959
-2,1948	-1,1954
1,2786	-4,4066
-2,7846	-0,8022
3,2447	-1,7852
-1,6705	-0,8022
1,9339	1,9503
0,1645	-1,3265
1,0820	-0,6710
0,8854	2,4746
1,2786	0,3120
2,7860	1,8193
0,4266	0,7052
2,7860	-2,0473
-2,7191	3,6543
5,0141	-0,3434
-3,9643	-0,1468
2,2617	0,6396
-2,5225	-0,8677
1,5407	-0,8677
-2,7190	-0,2124
1,9339	-0,9988
-2,2603	2,1469
-0,4909	-2,4406
0,0990	-1,2609
-0,4909	1,6226
1,4097	-1,5886
-1,6705	-0,6711
3,6379	0,5741
-2,3914	-1,3264
2,8515	1,5571
-1,7361	-0,4090
3,7690	-2,0473
-2,5880	2,3436
3,5723	-2,3095
-3,8331	0,7052
2,2616	2,0814
-3,1778	-1,3920
1,0164	0,9018
-0,6219	-1,3265
-0,6875	-1,0643
0,6888	2,9989
-0,7531	-2,5716
1,6719	-0,7366
-1,6050	1,9503
1,6719	-1,1954
-0,1632	2,5402
2,3927	-2,5717
-5,0784	-3,3580
1,4752	3,2611
-4,4230	-0,6711
0,5577	-1,3920
-3,0468	0,6396
0,1644	-1,5886
-2,8501	0,7052
-2,4570	1,1639
-0,5564	-1,0643
-2,7192	1,9503
-0,0976	-2,3095
-3,3745	-1,2609
1,9995	0,1808
-3,0468	-1,3920
0,8854	-1,2609
-2,8502	-1,3265
2,7204	-1,9163
-4,3575	0,7707
1,6063	-1,1298
-2,9157	-0,7366
0,2300	1,2950
-1,0806	-1,4575
1,8029	1,7538
-0,4253	1,4916
-0,9496	-1,9163
1,0821	1,6882
0,8854	-1,9818
3,4413	-1,6541
0,7543	2,0158
2,8515	-2,7683
-2,0637	-3,6202
4,8176	-0,2124
-1,0807	-1,6542
4,1622	-1,7852
-0,1632	0,3119
2,5893	-1,4575
-0,5563	0,0498
1,7373	-1,9818
-1,0806	-2,2439
-0,2287	1,5571
0,7544	-2,6372
1,9995	0,7052
2,9170	1,2949
-1,0152	-3,0304
3,3103	0,7707
-1,4739	-1,9818
3,1136	-0,2123
-3,4400	0,6396
0,8854	-2,3750
-2,4569	-0,2779
1,9340	1,8848
-1,6049	-1,7852
0,7543	0,9673
-1,6704	-2,0474
1,2130	-1,1953
-0,5563	1,4916
1,0165	-1,5886
2,5894	0,4431
1,4097	2,0159
4,6865	-2,4405
-0,2287	3,1300
4,6210	0,3775
0,0990	0,6397
5,4074	2,2780
-1,2773	-1,1298
4,0311	-1,1953
-1,3428	2,8023
2,8515	-0,3434
-2,7190	3,1300
0,5577	-0,1468
0,0335	-0,1468
0,6232	3,7854
-1,2117	-0,0813
-1,4739	0,1154
2,7204	2,7368
-3,6366	-0,0812
2,3927	1,6227
-1,8016	3,5232
1,9995	0,9018
-3,5711	3,1956
2,2616	0,1154
-4,4885	0,3776
3,1791	3,9820
-2,5225	-0,9332
2,1961	-0,2778
-0,6874	1,7537
-0,3598	-0,6711
-0,1631	2,8678
-0,8841	-1,4575
-0,0321	-1,6541
-1,0152	1,5571
0,7543	-1,9818
-3,0468	-1,7196
2,8515	-0,8677
-2,3914	-4,6032
1,8684	-0,2123
-3,5711	-3,7513
2,8515	-2,2440
-1,9982	0,2464
3,5724	-3,8824
0,2956	-2,1129
2,6548	0,4430
0,0990	-2,1129
0,2955	1,2295
1,7374	0,5085
0,6232	-0,9332
1,2131	3,1300
-0,8186	-1,0643
1,2786	2,2781
-2,9812	4,5062
2,6549	-0,8677
-3,4400	2,8679
2,5893	3,3266
-4,2264	0,3775
2,1961	4,5718
-2,0637	-0,1468
0,6888	2,4092
-2,7190	4,8994
0,7543	-1,3920
1,2786	0,7708
-0,0322	1,2950
0,2301	-2,1129
-1,6050	0,5741
4,8831	-3,4236
-0,8186	-2,2439
1,2786	0,2464
-1,8016	-4,0135
3,5068	-0,4745
-2,4569	-0,4090
2,9825	-1,1954
-1,5394	0,5741
1,5407	-0,4090
-2,3258	-1,4575
2,0650	2,2780
-0,6874	-1,8508
1,4752	-0,6055
2,3272	2,8023
0,6232	-1,0643
2,7860	1,8848
0,9509	-0,1468
2,7860	-0,6055
-2,2603	2,9334
4,5554	0,7052
-2,6536	0,9018
2,9826	3,1300
-3,2434	-0,1468
1,1476	1,8193
-0,4908	2,2780
0,9509	-0,4744
-1,4083	2,7368
0,8853	0,0498
0,6888	3,5233
1,7373	3,5232
2,1961	-1,7852
0,1645	1,4261
3,3758	2,2125
1,0164	0,7052
5,2763	2,4091
-0,5564	0,1809
4,2933	0,1154
-1,6705	3,7198
4,6865	1,2950
-1,6704	0,7707
2,3272	2,4746
-0,7529	-0,3434
2,5238	2,8679
0,2956	1,7537
-0,8186	-0,0812
0,0990	4,1786
-0,4254	-1,1298
3,2447	0,2465
-1,2118	2,3436
2,9825	-0,0157
-3,9643	1,0329
3,1792	0,5741
-2,8502	-0,4745
1,2786	2,9334
-2,1948	-1,5231
1,8029	-0,1468
-3,5055	1,4260
1,4096	-2,6371
-2,5880	1,4916
-1,6050	1,5571
-2,1948	-0,2778
-1,0808	4,8339
0,4922	0,7707
-1,6050	-1,5230
1,9995	5,4237
-3,8333	0,0498
1,3441	2,4747
-3,9643	-0,3434
1,7373	-0,9987
-4,7507	4,2441
0,7543	-0,2123
-3,5055	-0,0157
0,4266	3,4577
-4,5541	0,1153
-0,6875	2,0159
-0,0977	2,0159
-2,3259	-0,8021
-0,4908	2,6713
-1,8017	0,9673
0,1645	1,2950
-3,4400	3,9820
0,7543	-0,2123
-4,0954	1,9504
1,6718	2,6057
-4,9473	-1,1298
0,8854	3,2611
-3,1778	1,4260
1,0164	-0,9332
-3,1123	4,5718
1,4096	-1,5231
-1,2773	-1,3264
-0,5564	2,4091
0,4267	-1,1299
-2,7847	0,4430
0,8199	-0,6711
-2,6536	-3,0959
0,7543	0,3119
-5,0129	-0,9988
1,2131	-2,0473
-4,9474	0,5740
1,7373	-4,2756
-5,5372	-2,5061
0,0989	-0,8022
-4,0953	-4,0134
1,3441	-0,4090
-1,3428	-3,3581
-0,3598	-3,7513
1,2787	-1,0644
1,6062	-4,0135
2,2617	-2,8993
-0,4253	-1,4576
3,2448	-4,6033
0,4922	-1,6542
4,4244	-3,6203
-0,8185	-3,6202
4,8176	-0,6712
-0,3597	-4,0135
5,6040	-1,1954
-1,2772	-0,8022
6,4560	-2,5061
-1,2772	0,0498
3,3102	-2,2440
0,3612	-1,2609
1,1475	-0,0813
0,3612	-2,8993
0,4266	-2,3095
0,4922	0,8362
-1,4739	-2,8338
2,5893	-1,1299
-2,4570	-1,4575
2,0650	-2,3095
-4,3575	-0,5400
1,9995	-2,1784
-3,5711	-1,9163
1,1475	0,8362
-2,9157	-2,8338
1,5407	-0,6711
-1,5394	-1,0643
1,5407	-2,5716
-1,7360	0,3775
0,2955	-2,4406
1,0820	-2,8993
-2,4570	1,9503
3,7690	-4,0135
-1,4084	-2,9648
1,8029	0,2464
-4,2920	-1,7852
1,3441	0,3775
-2,8502	-1,5231
0,9509	-1,7196
-3,5055	3,4577
2,3271	-1,3920
-2,1948	-0,5400
1,0164	2,6712
0,2301	-1,2609
1,0164	-0,0157
2,7860	1,2950
1,9995	-1,1298
5,2108	3,4577
1,5408	0,7051
5,4074	-0,4745
0,1645	1,1639
6,2594	-1,6541
1,6718	-0,3434
4,1622	-0,4090
-0,1631	-4,2100
3,3102	0,9673
-0,2287	-3,0960
3,2447	-2,7027
-0,4908	0,7706
-0,2943	-2,8994
-0,1631	-1,9163
1,4752	-1,7853
1,6063	-2,6372
-1,8016	0,1808
0,7543	-3,3581
-3,7677	-2,3750
1,4097	1,7537
-5,1439	-1,9163
1,6718	-2,1128
-4,2264	0,1809
0,8198	-0,8677
-3,5055	1,4916
1,5407	-0,5401
-2,0637	0,6397
-0,1632	2,6712
-1,0151	-1,9163
0,0334	1,0329
0,4922	2,1469
-0,9496	-1,5886
3,6379	1,3606
-1,6706	1,1639
2,5893	-1,7852
-3,6366	2,1470
2,7859	0,3775
-4,0954	1,4261
1,4097	4,3096
-3,5055	-2,0473
1,4097	2,3436
-2,9157	2,8023
1,4752	-1,0643
-1,8671	5,0961
0,6887	1,4260