-8,1968	2,1170
-0,3326	5,1971
-5,9031	-1,2909
1,3713	2,1170
-3,6093	4,8694
-1,5123	1,3961
0,7816	1,5272
-0,0705	1,0029
2,8787	1,1339
-3,8060	2,6412
3,4686	-1,2909
-3,8715	0,0199
3,0098	3,8209
-7,2138	-0,1768
3,2064	-0,2423
-4,0681	1,4616
0,9126	0,8062
-5,2477	2,1824
3,4030	-2,7982
-2,7573	-2,2739
0,3228	5,1971
-0,7912	-1,6186
0,5849	-1,7496
3,7307	0,0853
-1,9055	0,4130
2,2890	1,5926
-3,2817	-2,3395
5,7623	-0,6355
-5,9031	4,4762
4,0584	-2,8638
-5,7720	-0,2423
3,5996	3,4276
-4,3957	0,2819
1,8957	2,0514
0,1263	1,0029
4,1238	2,0515
0,5195	3,7553
4,1239	-2,3395
5,1070	-0,1112
2,8787	3,1655
6,0901	-0,3079
-0,2670	-0,8977
7,7940	0,7407
-2,6918	0,4786
5,1726	3,0345
-2,8229	-0,8322
5,5657	1,2650
-5,9031	4,4762
2,6166	-0,5700
-4,1335	-0,1768
3,4030	1,6582
-1,5121	0,6751
1,7646	0,8718
0,4540	-1,4220
0,3883	-0,8321
1,7647	3,0344
-1,2501	-2,2740
6,3522	-3,3880
-2,1021	-0,2423
4,8449	-2,0118
-2,6918	-0,7011
6,0245	-3,1915
-3,6093	-1,2909
4,3205	4,6728
-4,0025	-3,3881
5,3035	-1,4220
-1,1189	2,0514
3,5341	0,8062
2,2890	0,2164
3,2063	-1,8152
3,9274	0,1509
-0,0704	4,5417
6,0245	-4,3711
-1,3156	-1,6840
5,6969	3,4932
-3,6093	0,6096
6,0901	-0,7011
-4,0681	1,0684
5,4347	3,6243
-4,9855	4,6728
4,9103	-1,3564
-2,1020	1,9860
1,9612	6,1801
-1,5776	0,6096
2,1577	1,0684
0,3229	1,8548
-1,4467	3,6898
1,8302	5,3937
-2,8885	-0,6355
4,5827	1,0029
-5,1823	4,6073
2,7477	-0,7666
-6,0997	-0,6355
2,1578	1,0684
-9,2454	-0,5045
1,7646	2,7723
-7,3449	-2,7328
-0,0705	-0,2423
-5,9031	4,1485
-2,5608	-2,4706
-1,8398	-1,2253
-2,0366	2,5756
-0,2670	-1,1599
-1,1191	1,0029
1,9613	1,5927
-3,9371	0,9374
4,3206	6,5734
-4,4613	0,6096
4,5172	0,7408
-3,4127	6,3768
4,2550	1,8548
-4,8544	2,1826
2,8132	2,1825
-2,0364	4,2797
5,9589	5,6559
0,2574	-1,3564
4,3860	0,8063
4,2551	5,1971
1,4369	-1,6186
3,5342	-0,7010
-3,0196	0,2164
3,9929	-0,7666
-4,9857	0,8717
3,9928	-3,7157
-6,8207	-2,0773
0,7160	3,2965
-9,1799	-2,9294
0,8471	-2,3395
-5,8376	0,1508
-0,2015	-2,0118
-5,3788	1,1994
2,1577	-2,3395
-1,3811	-0,8322
-2,7574	1,7892
3,0754	-6,2717
-0,2016	-2,1428
4,4516	0,6096
-3,3472	-1,6842
4,0584	-1,2909
-3,8715	-1,5531
6,1556	-1,3564
-3,8715	3,6242
4,6482	-3,0604
-3,6093	-0,2423
3,5341	5,7869
-1,9708	-0,1768
1,8957	1,8548
0,6506	1,2650
1,8301	2,9034
1,2404	4,7384
1,5024	-1,1598
2,8132	1,3961
-2,8885	6,4423
4,1240	0,0198
-4,3958	0,9374
5,3036	1,8548
-6,2963	2,1170
2,8132	4,0175
-4,9855	-2,3395
4,1239	-0,6355
-6,9516	6,0491
1,5025	-1,1599
-1,2500	-2,4050
-0,0049	0,7407
-0,0048	1,0028
1,5679	-1,9463
0,9127	-4,0434
-0,7914	-1,0943
3,8618	0,2164
-2,5608	-4,2401
5,8934	-3,7157
-3,5438	0,4130
4,0584	-2,2740
-3,8715	0,4130
4,9759	-2,5361
-4,4612	-0,1768
1,9612	2,7067
-3,4781	-3,9124
3,9928	-2,5361
-1,5121	2,3790
1,7646	-1,1599
2,1579	-1,4220
-0,2671	-0,3079
3,4686	-0,3079
-1,6433	1,1994
4,4516	-5,8129
-2,4953	-2,2739
3,9929	2,8378
-6,4274	-2,0119
4,1895	-2,2739
-7,3449	0,6751
0,9781	0,6751
-6,9516	1,4615
1,2403	-1,7497
-2,7574	-0,3079
-0,7258	5,6558
-3,0850	-1,3565
-0,3326	-0,8321
0,7161	2,7723
-3,7405	-0,0458
3,6652	0,6752
-3,4128	-2,1429
3,2064	-2,0773
-4,9856	3,6898
5,8934	-2,3395
-4,4613	-0,9632
4,7137	3,2310
-4,3957	-1,1599
1,6991	0,3475
-2,1019	0,1509
2,8131	1,0029
-3,2160	3,2966
0,5849	-2,0774
1,1093	-0,9632
-2,8230	3,2310
0,0607	-1,6841
-3,5439	-0,3734
2,9443	0,3475
-6,0342	2,3136
1,1093	2,0514
-7,0828	-3,7813
2,8131	1,7893
-9,0488	5,1971
0,2573	-1,3565
-5,7720	-0,1112
0,7815	0,4785
-4,9200	1,5271
-0,5948	1,5271
-1,2500	-3,1915
-1,0535	-1,0943
0,7816	2,9033
-2,8885	-1,8152
2,0923	-2,0118
-4,3958	1,6582
4,2550	-1,8152
-4,0026	-0,3734
3,9273	-2,9949
-5,9686	0,2820
3,0098	3,6897
-6,3618	-2,3395
2,7476	-2,0773
-3,8714	1,7892
2,0267	-0,1113
0,4540	-1,1598
1,3058	-3,2570
0,9783	0,0198
-0,5292	3,2966
3,2065	-3,7813
-3,0196	-0,7010
4,9759	2,8378
-3,0851	-1,6842
5,5002	-2,7327
-4,3302	-0,8322
5,3691	-0,5045
-6,8205	0,3474
5,3036	-3,7813
-2,5607	-2,1429
1,1748	2,7722
-1,0533	-3,4537
2,8786	-0,8977
0,1918	0,1508
-0,4637	-2,0774
1,6992	0,3474
-1,3157	-3,8469
4,1895	-2,6671
-5,7721	2,6411
3,4686	-4,1745
-4,3958	-3,3225
3,8618	0,5440
-5,8375	-0,3079
4,1239	0,3474
-2,8229	-3,1915
3,2064	-0,1113
-1,2499	3,6897
3,9273	-2,4706
2,0924	-0,3734
2,5510	2,5101
3,2721	-1,0944
0,5194	-0,5700
6,6799	-4,2400
-2,9540	-0,9632
5,5003	3,1654
-1,9054	-4,6333
6,6143	-2,0118
-4,3302	2,6412
3,4686	-1,7497
-6,2963	-1,0943
2,6166	-0,8977
-5,5753	-0,7011
-0,5292	3,2965
-2,4296	-4,1090
-0,2016	-1,0287
-3,3471	3,8208
-2,3642	-3,9124
1,8302	-2,7982
-5,4444	-0,7011
2,0923	-3,7813
-4,4614	-1,6186
1,6991	-5,0920
-5,7721	-2,9293
2,2889	1,9858
-7,9347	-4,6333
3,4030	-2,2084
-7,1483	1,2649
0,4539	-0,0458
-2,6262	0,1509
1,8956	-1,7497
-0,2669	0,3475
0,5849	4,6073
0,7817	-2,0118
-0,0049	0,0854
3,5341	4,0175
-1,9710	0,5441
5,7624	1,3306
-2,5608	2,2480
5,4347	1,7238
-4,9200	3,4932
3,8618	0,6752
-3,6093	1,0029
5,1725	6,9666
-3,8058	1,4616
5,4346	0,6096
0,7161	0,5441
2,4855	1,0028
2,2890	0,3474
2,0267	-4,3056
2,2889	-2,0118
-2,7574	3,0344
4,9759	-4,1745
-4,5269	-3,2570
3,2064	0,3474
-6,5585	-0,9633
2,2889	-1,1599
-6,4274	-1,3565
2,0923	-0,2424
-6,2307	3,9519
1,3058	-1,6186
-3,1505	-0,7666
3,2719	3,8209
-1,6432	2,4446
0,2572	1,4616
2,8788	-0,0457
-3,5439	2,3791
3,4031	5,1971
-2,3642	0,0198
6,0245	0,2820
-2,5608	4,4107
6,4832	2,7068
-4,8545	3,0345
5,3691	2,5102
-4,3957	4,0831
3,3375	6,8355
-1,6432	-1,6186
4,7137	0,2820
0,9127	4,6073
3,4685	0,1509
3,8619	-0,1768
-0,5947	-0,6356
3,7963	-0,3079
-0,7913	2,5101
6,4833	-4,4366
-2,8230	-1,8807
4,5827	3,8864
-5,1822	-2,4706
4,6482	-0,2423
-4,8545	1,1339
2,4199	-0,5045
-7,3448	2,9034
1,9612	-1,4876
-3,6093	0,1509
-1,1846	6,8355
-0,3325	-0,5045
-0,4637	0,0199
-0,1359	2,7723
-4,3959	1,2650
1,8302	2,3791
-3,6094	-0,2423
2,4200	0,2820
-7,6071	4,3451
2,0923	-1,9463
-6,8862	-2,7982
0,5849	2,5757
-8,5245	-1,4876
-0,1360	-0,6356
-6,0341	0,0198
-0,5948	-0,6356
-5,8375	3,5587
-1,1846	-2,5361
-1,5778	-1,4875
-5,4445	3,6898
-0,5291	-1,3565
-4,3304	-1,6186
0,4539	0,5441
-7,6726	-0,7011
0,7160	1,3305
-8,5246	-3,5192
0,9782	-2,2739
-8,3935	4,0174
0,9781	-3,6503
-5,7720	-2,7982
-0,4637	0,6751
-4,1336	-1,6187
-0,7914	-1,1599
-1,7087	-5,6163
-0,4637	-2,1429
1,2404	0,8716
-1,3157	-7,0581
3,8618	-5,2886
-2,6919	-1,3565
4,1895	-3,9779
-4,0681	-2,4051
5,8279	-4,8299
-6,9517	-2,4050
2,8788	2,1169
-4,1336	-2,9294
3,9928	-1,4220
-2,2985	3,0344
3,2719	-0,0458
0,9783	-1,0943
2,8131	-0,6356
3,2065	0,3475
1,3058	2,7723
6,0901	-4,0435
0,1262	-1,3564
6,1556	3,4931
-2,0365	-0,3079
5,7624	-2,4050
-4,1991	-1,4875
2,9443	-0,9632
-7,3448	4,8694
2,4199	-1,6186
-5,3132	-0,7010
-1,2501	6,3767
-5,4443	0,6096
-0,6603	1,7893
-2,5607	3,4932
-3,4128	3,1000
0,6505	3,3622
-3,0196	-0,7666
0,3884	2,0515
-3,9371	7,2287
3,4685	0,0198
-6,6240	0,6097
3,7962	3,5587
-7,3449	2,2480
0,3228	3,6898
-6,4274	-1,0288
1,3058	1,6582
-5,9686	6,2456
0,7160	-2,4050
-1,1189	-1,6840
-0,3982	5,1316
0,3228	-0,5045
-4,3959	1,1995
3,2720	0,2820
-3,2818	-0,1112
2,4200	4,6728
-3,9371	-1,1598
4,1895	-0,1112
-6,3619	4,8694
1,1748	0,2164
-6,1652	1,5927
3,2719	1,7893
-3,2161	1,2650
2,3544	3,8864
0,1263	-1,5531
3,5340	-0,8321
1,6337	4,4107
3,5996	-1,2909
4,9104	-1,2909
1,0437	1,0028
5,9590	0,6096
-0,1359	0,4130
8,1872	-3,9123
-1,3811	-1,1598
5,0415	3,4276
-3,1505	-2,7328
6,6143	-0,2423
-2,8884	1,3305
4,4516	-0,5701
-0,7257	-0,0458
4,1894	-2,2740
-0,1358	-1,7496
0,7160	4,0174
2,4201	-3,7158
0,3883	-2,5361
2,4200	1,7892
-2,6919	-1,6186
4,4516	-1,7497
-4,5924	-1,4220
4,9104	-0,5700
-6,2308	1,6581
3,5341	-4,4367
-4,6579	-2,0118
1,6335	4,7383
-4,5923	-1,8152
2,2233	-1,8152
0,0607	0,2164
2,0267	1,4616
0,2574	1,9859
2,0267	-2,5361
3,9929	-0,5700
-1,2501	3,1000
5,9590	-1,8152
-1,8399	-1,6186
5,5658	1,6582
-3,9370	0,4785
4,4516	0,7407
-5,1821	-2,8638
4,5171	-1,5530
-6,9516	6,7699
2,2889	-2,0774
-2,6917	-1,0287
1,2403	3,4276
-1,8398	0,9373
1,0437	0,8062
3,4031	-2,0118
0,7815	0,8718
3,7308	3,8864
-2,3642	-2,3395
5,6968	-1,6185
-2,3642	2,2480
5,5657	-0,8977
-4,3302	0,8718
3,6652	-0,0457
-7,2138	0,0198
0,5194	3,8864
-3,1505	-2,3395
1,1092	-1,8152
-3,2160	3,3620
-0,5948	-3,4537
-0,4636	-2,2740
-0,3326	-4,2401
0,0607	-2,4051
-2,6264	0,0197
4,3861	-5,6163
-4,8546	-4,5022
4,9759	1,3304
-5,7065	-3,6503
5,0414	-3,9124
-5,1166	-2,5362
3,0098	-3,4536
-5,1821	0,0853
3,0753	-2,2740
-0,1358	-3,4536
1,9612	3,3621
1,4370	-3,5192
2,3544	-0,8321
2,2234	2,7723
-0,1360	-1,2254
6,0901	0,6752
-1,9710	0,3475
5,6313	-0,1768
-4,9856	4,2796
4,1895	-0,2423
-5,4443	0,8719
1,6335	5,3282
-6,2307	1,1995
3,4030	3,5588
-5,3132	2,7068
0,7815	2,5757
-2,0364	5,0005
0,4538	-1,2254
0,5195	-0,1112
-0,8569	4,8039
0,5195	-0,1768
-2,8230	0,2820
2,8787	0,1509
-5,3789	0,0854
2,0268	3,2966
-6,8862	-2,7983
2,0267	-1,9462
-9,6387	6,5734
0,6505	-0,4390
-5,5754	0,8718
-0,6603	3,1655
-4,5923	-0,5700
1,0436	1,0028
-1,0534	-1,4875
-0,7258	0,0854
2,1579	5,0005
-2,5608	-1,8152
4,1240	-0,6355
-3,0851	2,7068
4,3861	-1,3564
-3,9370	0,8718
5,4347	-1,0943
-6,8861	0,4786
2,6166	4,2796
-4,9200	-2,5361
3,5341	-1,6841
-2,5607	3,8208
1,6991	-0,7667
-0,1358	-2,0774
1,2403	-1,4876
2,8788	-2,4706
2,0267	-0,2424
4,9104	-4,6988
-1,1190	-3,1259
5,2381	1,4615
-3,0850	-4,8955
6,4177	-2,0118
-3,3472	-0,7011
4,3205	0,4785
-5,9031	1,9203
2,5510	-5,0265
-5,5098	-2,3395
1,6335	5,7869
-2,8884	-3,4536
0,7815	-2,7326
-0,1359	2,4446
-1,3812	0,7407
1,5025	0,2164
-1,8400	-2,3395
2,5511	-0,1113
-3,6749	3,8208
3,3375	-4,1745
-4,9201	-1,4875
2,2234	1,6582
-8,0658	0,1508
2,7476	-0,7666
-6,0341	-2,2740
1,5024	-2,0118
-5,1166	4,4106
0,7160	-2,4051
-1,3155	-2,9293
-1,7744	1,6581
-0,5946	-0,4390
-1,8400	-2,6672
2,8787	-3,9124
-5,5100	-0,4390
2,7477	2,6412
-3,8715	-5,4853
4,5171	-3,3225
-7,6070	3,2310
3,1409	-2,4051
-7,0172	-1,3564
2,3544	1,5926
-6,5584	-0,5045
-0,0704	3,4932
-1,6432	-2,1429
1,3058	0,5441
-1,3811	5,9835
-0,3326	-1,4220
2,0923	0,7408
-0,9225	2,0514
2,1579	-1,0943
-4,0026	2,7723
6,8764	0,6096
-4,6579	-1,9462
3,7307	4,1486
-5,0511	-1,6841
3,5341	1,1995
-6,3618	3,2966
0,9782	0,6752
-1,7087	3,1000
3,5996	0,7407
0,3229	-0,1768
0,4539	2,6412
2,6822	-4,6988
0,2572	-1,1598
1,1749	2,7068
-3,7404	-2,2740
4,3861	-0,8322
-3,0196	0,0853
3,8618	0,0853
-4,9856	1,9859
3,7307	-2,2740
-6,6895	1,2650
2,7476	5,5248
-4,9855	-2,4706
1,3714	-0,3734
-1,3155	1,5926
1,6335	-0,9632
-0,5946	1,6582
0,9126	-2,9949
1,5025	-0,8977
-1,9055	3,6242
4,7793	-6,0751
-4,1337	-4,1745
3,9929	-0,3734
-5,9687	-0,0458
2,2234	-0,4390
-5,9686	-2,6017
-0,1359	0,3475
-7,4104	3,6242
0,9126	-3,7158
-2,6263	-2,1429
1,9611	2,5101
-0,7257	-1,0288
-0,0705	-0,6356
0,7161	-2,3395
-1,1191	-1,3564
2,6166	5,1971
-3,0851	-4,6988
5,4347	-3,7157
-4,7235	3,8209
3,6652	-1,0288
-4,6579	-0,1768
4,9759	-0,6356
-5,7064	1,3961
3,2064	5,1971
-3,2161	-1,9463
4,1894	-0,6355
-0,0048	4,8039
1,4369	-0,1768
1,8302	0,1509
1,1092	2,2480
1,8958	1,6582
-2,1676	1,7237
6,3522	-1,6841
-3,7405	-0,7011
3,7963	5,1971
-5,3788	-2,5361
4,2550	0,3475
-5,8375	3,0999
2,9443	0,7407
-5,0511	2,2480
1,7646	-1,2254
-2,8884	0,8718
0,3883	6,1801
-0,6601	-3,5847
1,5024	-3,6501
2,4200	2,9689
-0,5292	-0,8322
3,3376	-0,1768
-2,2987	-0,8322
4,4517	-0,8977
-3,2161	5,0660
4,8448	-1,4220
-4,5924	0,4131
3,2719	5,1316
-5,8375	0,4130
3,2064	2,4446
-4,0025	1,7893
1,6990	1,1339
-1,7743	3,9519
1,5679	-0,9632
0,4540	0,2165
-0,0704	4,2796
3,9929	-1,4875
-0,3981	0,2820
4,0584	1,3961
-2,3642	-0,6356
4,9759	2,4446
-2,8884	-2,7983
3,9929	-0,5044
-5,1166	4,8694
4,3861	-3,1260
-3,5437	-0,5700
3,6651	2,7723
-1,8398	0,5441
3,4685	2,0514
1,0438	0,0853
2,0922	0,3475
3,3376	4,1485
2,7476	-4,7643
5,6313	-1,8807
-1,6433	2,9689
6,6144	-0,7011
-3,3472	-1,5531
6,2211	-1,9463
-4,7234	0,6096
2,4200	3,4276
-3,9370	-2,4706
1,7646	-0,5044
-2,7573	3,1655
2,9442	-0,0458
-1,3810	-0,2423
2,4199	2,4446
0,6505	2,7723
-2,0365	3,8209
1,2404	-2,9948
-1,9055	0,8063
2,8788	5,2626
-3,9371	-2,4706
2,6821	-0,4389
-5,9031	3,0344
3,7962	-0,3079
-7,4104	2,0514
3,5996	-1,2254
-4,5268	-0,0457
2,8132	6,3112
-2,7573	-0,7666
3,8617	1,3306
1,8302	4,2796
0,2572	2,3136
2,4856	1,8548
0,0606	-1,5530
2,8788	0,4786
-2,0365	7,4909
4,4516	-0,8977
-2,1020	-0,6355
5,1725	4,2141
-5,7720	1,2650
5,0414	0,8718
-5,3132	-1,3564
2,0268	2,0514
-2,8228	4,5417
1,9612	-4,5677
-0,0703	-2,0773
0,7815	5,1971
0,3229	0,2164
0,5849	-0,5700
2,7477	-2,4050
-2,2987	-0,2423
4,3861	2,3135
-4,1992	-2,5361
3,2064	-1,3564
-4,4613	4,6728
4,1895	-1,2254
-4,9200	-1,9462
2,2233	0,4130
-6,2307	1,5926
2,2233	1,9203
-3,8714	-2,6672
-0,9879	-1,8152
0,1918	2,4446
-2,2332	-3,1915
2,2234	-0,5045
-1,1846	1,2649
1,0438	-0,5045
-3,6094	0,2164
4,1895	-3,5191
-4,1992	-0,0457
3,9929	4,3451
-4,6579	-1,6186
5,3036	-0,7666
-4,7889	2,9689
3,5341	-0,1768
-3,0194	1,2650
3,5340	0,3475
-2,1675	-1,8807
0,6505	2,7723
2,2234	-2,3395
-1,6433	0,3475
3,5997	4,0174
-2,1021	-2,3395
3,7963	1,5927
-3,6749	1,1994
3,7963	-1,0943
-6,5584	2,5757
5,4346	-2,6672
-4,6579	0,1509
2,8132	4,4762
-4,6578	-3,6502
2,4855	-0,5044
-0,3980	1,0683
1,3058	-0,3734
1,1749	1,1994
0,9126	-6,2717
2,6166	-1,8807
-2,4953	3,6242
3,3375	-5,6819
-2,0365	-2,9293
3,6652	2,2480
-4,9856	-2,4051
2,8788	-1,6842
-5,0511	-2,9294
4,1239	-2,6016
-5,2477	2,7722
1,1748	-5,6164
-4,1991	-3,3880
2,2889	2,2479
-1,8398	-2,2085
2,5510	-4,5677
2,4200	-3,2570
0,2572	-1,0288
4,0585	0,6095
-0,7913	-7,4514
6,4177	-3,3881
-3,3472	1,8547
4,3206	-4,5678
-1,9054	-2,8638
4,3861	-0,1113
-3,4127	-1,0943
3,7307	1,4615
-3,8059	-5,2887
3,7307	-3,8468
-1,9708	3,6242
3,7307	-2,9949
1,3059	-3,0604
2,2233	-1,2254
3,6652	-1,0943
-0,7258	-0,3735
5,8935	-5,1576
-2,2331	-3,0604
6,4177	2,9688
-2,6263	-3,6503
4,9759	-2,4705
-4,1992	1,7892
3,1409	-2,0774
-6,3618	-0,3079
2,9442	-2,1429
-5,9686	-0,4389
-3,5439	4,4107
-2,6262	-2,9949
-1,9055	0,3475
-0,5291	3,3621
-4,4614	0,4130
1,1748	2,0514
-3,9371	-1,4875
2,7477	-0,0457
-3,4128	2,7067
4,5171	-2,9293
-4,1336	-3,3225
3,0098	2,1824
-4,3302	-1,8808
5,7623	-1,3565
-2,3641	-1,9463
4,6482	-0,8977
-1,8397	1,9203
2,8787	-3,1260
2,4201	-3,2569
1,1747	4,1485
3,7963	-1,4876
-3,6094	-1,4875
6,0245	1,0028
-3,0196	-1,6842
3,6652	0,2819
-3,0850	-2,4051
4,8448	-3,3880
-4,9856	2,4446
3,5996	-2,6017
-3,0850	-0,7666
3,6652	1,0683
-2,9539	-2,1429
2,7476	0,3474
1,6336	-1,7497
0,6504	-1,3564
1,6991	2,3790
-1,1846	-4,0435
3,3375	-2,4705
-3,6094	1,5926
3,5997	-1,7497
-5,0512	-1,9463
3,0754	-0,7667
-6,1652	-0,9633
3,4685	2,4446
-5,4443	-4,8299
2,2233	-1,4219
-5,1166	2,6412
0,8471	-2,7983
-1,5121	-1,4220
1,5024	0,6751
0,1263	-1,6841
0,9781	2,8378
3,4686	-3,6503
-0,7913	-1,4875
4,5172	4,2796
-2,3642	-2,6672
6,3522	-1,4220
-2,4952	1,7892
4,9104	0,2164
-4,2646	0,8062
5,3036	-1,8807
-3,2816	0,7407
3,1409	4,0830
-0,2669	-2,7983
6,0899	-0,9632
0,1919	2,7067
2,5510	-1,4875
4,1896	0,2819
3,4030	-2,2740
5,8935	-2,2084
-0,5947	2,1169
7,4663	-3,5847
-0,5947	-2,7327
7,0076	3,4276
-1,9053	-0,8322
6,0900	-0,3079
-1,1189	-0,2424
5,8278	2,1170
-2,1674	4,0830
5,4346	-2,2084
-0,2014	-1,3564
1,5680	5,9835
0,9783	0,2164
-0,5948	2,8379
0,6506	2,6412
-2,3642	1,8548
3,3375	4,8695
-3,7405	-0,7666
4,7137	0,2165
-5,8376	6,0491
2,5511	-0,1112
-4,1336	2,1170
1,1092	1,6582
-6,1652	2,0514
2,4199	3,9520
-3,6748	2,0514
1,8301	-0,1112
-3,4782	6,1146
-0,9879	-0,3734
1,1093	-0,7666
-1,7089	1,4616
1,6336	1,3961
-4,5269	1,6582
3,0753	-2,7327
-5,0512	-0,1768
4,3861	6,5733
-6,9517	-3,0604
2,4855	-1,6841
-4,6579	4,0174
1,3714	-0,3079
-2,9539	1,3961
3,5340	-0,6356
-1,7743	-1,4220
0,9126	3,1655
-0,0703	-2,7982
-0,7258	-1,2908
2,2234	4,4762
-4,2648	-1,0288
2,9443	-0,2423
-5,5755	-0,3734
4,4516	0,3475
-6,8206	3,0344
2,3544	-2,3395
-5,8376	-2,6671
1,3058	3,8864
-5,2477	-1,2254
1,6335	-1,3564
-2,3641	-0,0457
-0,3982	-0,3734