-0,7634	-1,9466
-0,5668	0,8714
0,4818	2,3132
-2,7950	0,7403
2,1202	-0,3738
0,1541	-0,3738
2,3168	1,8544
-1,1566	0,3471
3,2343	-1,6845
-2,1396	0,8058
2,0547	0,0194
-1,4187	-0,4393
1,1372	1,7889
0,6129	0,0850
0,2197	3,2962
1,0717	0,7403
-0,5013	-0,2427
-0,9599	1,8544
0,5473	1,6578
0,4163	-0,2427
0,8095	0,5437
-0,1735	-1,6845
-0,4357	2,5753
2,4479	-1,0947
-1,8119	-3,0608
1,6615	2,1165
-2,4018	1,0024
1,0716	0,1505
-2,5328	0,9369
-1,0910	0,5437
-1,6808	1,0024
-1,5498	1,1990
-1,6153	-1,0292
-1,6154	3,2306
-1,9430	1,0024
-1,2877	-0,3738
0,6784	1,9855
-2,9916	1,0680
1,0061	0,3471
-2,1397	1,0680
1,2027	-0,7015
-4,1057	2,3787
-0,8289	-1,4224
-2,9261	-0,9636
-1,1566	2,5098
-3,5159	1,5922
-0,5668	-0,6360
-1,8119	-1,2258
-0,7634	-1,4879
0,4818	1,5922
1,9891	-2,7987
0,2197	-4,6992
0,1541	-0,6360
2,5134	-2,6676
-0,3046	-3,5196
2,7101	-1,6845
-0,9600	-2,7331
1,1372	0,0849
0,0231	-0,5049
1,9892	0,0194
-0,5012	1,7233
0,8751	1,0024
0,4819	-0,6359
1,3993	3,4273
-0,4356	1,1335
0,6784	2,4443
1,5960	0,9369
1,4648	-0,7014
3,6275	3,0341
-0,4357	1,2646
3,1688	-0,4393
-0,8289	1,7234
1,2027	2,1821
-3,0571	1,2646
0,3508	1,4612
-2,1396	0,6748
-0,8289	3,7549
-2,2051	1,0024
0,3507	-0,3738
-1,6153	1,5923
-1,2221	0,8714
-0,3046	-2,0122
-0,2391	-2,0122
0,3507	-2,4054
-0,6323	0,2815
2,2513	-3,9128
-0,8289	-4,3715
0,0886	-0,9637
-1,9430	-4,7648
0,4818	-5,1580
-2,7294	-3,7818
-0,1080	-4,8958
-1,3532	-0,6360
0,0231	-3,5196
0,0886	-2,6021
1,5304	-0,5705
1,5960	-2,0778
-0,1080	-3,3885
2,9722	-0,7671
0,5473	-0,2428
2,9067	-1,3569
0,8751	-2,2088
3,7587	-2,3399
1,4649	1,4612
3,2999	-0,6360
-0,6978	-3,5851
2,5135	-0,1117
-0,3701	0,2160
1,1372	-0,7670
-0,3046	0,8713
2,5134	-1,3568
1,3993	1,7233
-0,1080	0,4781
0,4819	-1,8156
0,1541	1,3957
1,1372	2,5097
-0,1735	-1,2258
3,3654	1,8544
-0,3702	0,0194
2,0547	1,6578
-2,3362	0,4126
2,3168	-2,6676
-1,7464	1,1335
-0,2390	0,1504
-1,6808	0,9369
1,7926	1,1990
-0,7633	-1,0292
1,9236	2,2476
0,2197	-0,3739
0,0886	-1,6190
2,9067	1,7888
0,6784	-0,6360
2,8412	-2,0777
1,4649	1,2646
3,4965	0,0194
-0,3701	1,0680
4,6106	0,1505
-0,1080	-2,4709
1,9237	2,9685
-0,3701	2,8374
3,0378	1,4612
1,0062	2,8375
1,4649	3,3618
1,6616	4,0171
1,6615	4,3448
2,6446	3,2307
1,7270	7,5561
4,2174	5,7866
3,4310	5,3935
6,2490	7,0974
2,8411	4,8036
5,3315	5,1313
2,5790	7,4251
2,7101	6,3765
-0,0424	5,9833
2,8411	4,4759
-0,9599	5,3935
0,4819	5,7866
0,7440	4,4759
0,3507	1,5923
1,3994	2,9030
-0,6978	1,4612
2,2513	1,4612
0,6128	-0,9636
2,0547	-3,8472
1,0061	-1,0292
0,6129	-3,3230
-2,3362	-8,3037
0,1541	-6,4032
-3,2538	-10,0077
-2,8606	-11,3185
-7,1204	-14,1366
-4,8267	-18,9207
-8,2345	-17,6756
-7,3171	-23,7050
-9,8730	-26,5885
-9,6764	-24,2949
-8,4312	-28,3582
-11,3804	-33,0112
-8,6934	-35,8293
-11,9702	-38,9750
-11,1182	-36,2226
-13,0843	-42,1864
-10,1352	-46,9050
-15,1160	-45,4633
-11,6425	-50,2475
-16,4922	-55,5559
-12,9533	-55,0317
-14,7227	-58,9639
-13,6742	-58,6363
-15,5091	-65,7797
-14,3295	-68,0735
-14,3295	-66,0420
-13,2810	-71,1538
-11,3804	-75,0204
-13,0188	-73,7753
-11,3804	-76,9866
-11,9047	-78,0352
-9,4799	-79,6080
-12,9533	-82,8848
-11,5115	-78,0352
-12,2323	-80,4601
-9,5454	-83,0159
-11,1837	-81,1154
-9,8730	-80,1979
-10,9871	-75,0861
-8,4312	-76,5279
-7,1205	-77,1176
-7,9725	-69,5810
-5,4165	-71,7437
-6,3996	-71,4814
-4,3024	-67,0905
-5,9408	-64,0758
-2,7951	-61,1267
-4,9578	-59,0950
-3,6470	-58,1775
-7,2515	-52,8035
-3,4504	-51,7549
-4,9577	-50,7062
-3,1227	-44,2836
-3,7780	-41,2690
-1,8120	-39,8927
-0,5668	-37,2712
-0,8945	-35,9604
-1,2221	-29,4068
-1,5498	-30,1277
0,8750	-28,4892
-1,2222	-21,5423
0,4163	-21,4768
-2,1396	-21,0835
1,7270	-16,5615
-0,2391	-15,4473
-0,0425	-11,8428
-2,2051	-11,4496
1,1372	-10,1388
-2,2707	-6,4688
-0,8289	-4,8304
-2,1396	-7,7139
-0,3047	-1,3569
-2,5328	-2,0778
-1,4188	-1,8812
0,0886	-0,1772
-2,0086	-1,4879
-0,1735	2,5753
-0,5668	2,3787
0,2196	0,7403
-0,9600	3,5584
0,3507	4,2138
-2,9916	3,9516
-0,1736	3,3618
-2,9260	2,1167
-0,7634	6,1143
-2,6639	3,5584
-3,3848	3,2308
-3,3193	5,1968
-3,1882	5,2623
-3,5159	4,7381
-3,0572	5,2623
-0,6323	3,6895
-2,9917	5,3279
-1,3532	2,6409
-2,0741	2,0511
-0,6323	4,2793
-3,7780	4,1482
-0,5012	1,5923
-2,4018	1,6578
0,9406	1,0025
-1,2876	1,9855
0,9406	0,8714
1,2683	-1,1602
1,5304	1,1990
1,6615	0,5436
2,3824	-2,8642
2,5790	-0,7671
1,4648	-4,2405
3,6931	-1,4224
0,7439	-3,1920
0,8751	-5,4201
-1,0255	-2,2744
1,2682	-2,5366
-3,0571	-5,9444
-1,2221	-2,2089
-2,5328	-3,0609
-2,5984	-2,2744
-2,7294	-2,9953
-0,4357	-2,3399
-3,1882	-0,4394
-0,5668	-2,6677
-0,6979	-5,2890
-1,3532	-2,1433
1,7270	-3,2575
-1,2222	-4,3715
0,6129	-3,9128
-0,3702	-3,5196
0,0886	-0,6360
-3,7125	-2,4710
0,6129	-3,1919
-1,4842	0,4126
1,9236	-0,5705
-0,5667	-1,8156
1,7926	-1,9467
1,5304	-3,5196
2,3168	-0,3083
0,6129	-3,0608
3,1033	-4,8958
2,8411	-0,6360
2,7100	-1,5535
4,3485	-5,4856
2,7756	-1,3569
5,5937	-2,9953
0,5474	-0,3738
4,4141	-2,2744
1,7271	-1,9467
3,4965	3,0340
0,6785	-0,6360
3,0378	-3,3885
3,5621	1,1991
3,3654	0,5436
1,7926	0,4126
3,4965	0,8713
3,4310	-1,6190
1,6615	2,8374
5,3315	-1,2913
4,3484	-2,4709
3,8897	2,1165
0,8751	0,5437
4,0208	-0,3082
1,7926	1,3957
2,9722	-0,1772
-1,1565	2,1166
2,5135	-0,3083
1,0062	-0,9636
2,7756	1,7889
0,9406	0,8058
2,4479	-0,6359
3,6931	1,5267
1,4648	-1,6845
1,9237	0,8058
2,7100	0,5437
2,3169	-2,2743
-0,1735	1,6578
3,0377	-0,3083
-0,3702	-2,3399
1,5304	0,7403
-1,4842	-0,5704
1,3993	-0,0461
-1,8774	0,6092
1,5959	-1,0292
0,4163	1,2646
0,2852	-1,0292
0,2853	-1,2258
3,4965	0,6747
2,3169	-0,3083
1,6615	-2,7331
2,6445	-0,8981
1,3338	-2,6676
2,2513	-0,9637
-0,1080	-2,9953
3,0377	-3,8472
-2,2052	-1,4224
-2,3362	-2,8642
-2,9916	-2,2089
-2,0741	-2,2089
-3,8436	-4,1094
-2,7295	-0,7671
-3,1882	-3,5196
-2,2707	-3,4540
-1,2877	0,2815
-2,5329	-1,4224
-0,5013	-2,9297
-2,7950	-0,5704
-1,6154	-0,2428
-3,9747	1,2645
-1,0911	-2,6676
-4,1058	-2,1433
-2,5329	2,9685
-6,0718	-1,0292
-2,2052	-3,7817
-3,7781	-0,3738
-3,2538	-0,7671
-4,6300	-0,0461
-3,2538	-0,1117
-3,1227	-0,6360
-0,6324	1,9199
-1,1566	1,9854
-2,4018	-2,4709
0,7439	1,1990
-0,9600	0,1505
-0,4357	-0,3083
-1,2876	0,2816
2,6445	-1,2258
-3,0571	2,0510
1,0717	0,1505
-2,2051	-0,5704
2,1858	1,3301
-0,3046	0,8058
1,2683	1,0680
1,5960	1,1335
1,9891	-1,1602
1,3994	0,8058
2,6445	-0,3083
3,0378	-0,8981
1,9236	0,6747
4,1519	0,6092
3,1033	-2,7986
4,2829	-0,2427
0,7440	-0,4394
4,0208	-0,1117
1,2683	-2,2088
2,5135	-0,4393
0,6130	2,0510
4,0208	-0,1117
0,4163	-0,8981
1,9891	2,1165
-0,3701	0,1505
-0,8289	0,9369
1,4649	1,3301
-0,7634	-0,8981
0,4163	2,6409
-0,1736	0,0194
0,7439	-0,8325
-1,5498	1,7889
-0,3702	3,5584
-3,6470	3,2307
-0,0425	1,5923
-3,1882	1,5268
-0,4357	4,9346
-1,3532	2,5098
1,2682	0,2161
-0,3046	3,4273
1,0716	2,9030
1,2028	0,8714
1,4648	1,0024
3,3654	-1,0291
0,8750	1,9199
3,0377	0,2160
0,8750	-0,4394
2,1858	-0,2428
-1,6809	-1,0947
0,6129	-3,5195
-2,2707	-1,6190
-0,3702	-1,4879
-2,6639	0,4782
-0,9600	0,4126
-2,4673	-2,0122
-1,0255	0,8714
-0,2391	0,0849
0,4818	-1,9467
0,7440	-0,0461
-0,7634	-1,1603
2,4479	-0,7015
2,0546	-1,6190
1,5304	-4,2404
-1,0910	-1,1602
1,7270	-0,5049
-1,6153	-3,7161
1,9892	-0,3738
-0,7633	0,4781
1,7926	-0,2428
0,2197	-0,9637
1,9892	-1,2258
1,5960	2,5753
1,7270	-0,9637
3,6276	-3,1918
1,1372	0,7403
4,8073	-0,3739
1,8581	-2,8642
3,6276	-0,9636
1,2027	-4,4371
3,0378	0,4126
1,0717	-1,8812
1,0717	-2,1433
-0,3701	-0,7015
0,2197	-1,4224
-1,2876	-1,9467
-0,1735	-0,1772
0,0231	-0,5704
-0,2391	1,3301
-0,4357	-1,4880
1,1372	-1,0947
1,2683	1,1990
-0,1080	-0,9637
2,7101	-3,5851
1,0061	-0,5704
0,3508	-2,1433
-0,7634	-0,0461
1,6615	-0,5704
-1,4187	-1,0292
0,0886	0,2160
-2,9915	-1,0292
2,9722	-1,9467
-1,9430	-0,1772
-1,0910	-1,3569
0,7440	0,6747
0,2196	-0,8326
0,4163	-1,7501
-1,2222	1,8544
1,0716	-0,6360
-1,0256	-1,3569
-0,7634	0,2815
-4,3023	-0,8326
-0,8289	-0,9636
-4,0402	-1,0947
-0,8289	-0,9636
-5,9407	2,6408
-1,8775	0,3470
-4,8266	-1,2913
-1,0911	1,2646
-3,7125	0,4126
-1,6809	-0,5704
-1,4842	0,7403
-0,3702	-2,2088
1,1372	-1,2258
0,6784	-1,0292
0,8095	-2,2088
0,2197	0,0194
3,1032	-0,6360
-1,4843	-2,7331
0,3508	-1,4224
-0,5012	-0,3739
0,8750	-1,5535
-3,1882	-2,6020
0,0886	-2,5365
-0,5012	0,0194
1,3993	-0,4394
-0,3046	-1,3569
1,6614	0,8713
1,1372	-2,2089
0,9406	-1,2258
2,8411	-0,6360
0,6129	-2,2088
1,9236	-0,5049
0,6129	-1,8156
2,1858	-2,2088
-2,0085	0,9369
1,2683	0,1504
-1,6809	-3,3229
0,1542	-0,9636
-1,0255	-2,4054
-1,3532	2,1821
1,1372	-1,0292
2,1857	-1,0947
0,2197	1,9854
0,9406	-1,3569
3,0377	-0,7670
2,9722	-0,8981
2,6445	-1,6190
1,3338	2,3131
3,1033	0,3471
2,0547	-1,2913
3,6276	1,5267
-0,5667	-0,6360
5,0039	-2,7986
0,5474	0,4781
2,5135	-0,3738
1,0062	1,5922
3,7587	-1,8812
1,5960	-3,2574
1,3338	1,3956
4,0208	-0,7671
2,5790	-2,7986
4,4140	0,8058
1,3338	0,8714
2,6446	0,7403
1,0061	-1,0947
3,4309	-0,8325
-1,3532	4,9346
1,0061	-0,1772
-2,0085	-1,3568
0,1541	4,1482
-1,1566	2,7064
-1,0911	0,1505
-1,6153	2,0510
-1,3532	-0,3738
-0,5012	2,9030
0,2852	0,1505
0,4163	-0,8325
-0,4357	2,0510
2,5134	1,7889
-0,3702	0,6092
2,0547	1,2646
0,6129	0,7403
1,3338	2,9685
0,0886	0,2816
2,3168	-0,9636
-0,3046	1,0025
2,0547	1,0680
1,5960	-0,3738
0,6129	0,0849
0,9406	-0,9637
0,2197	-0,5049
1,0061	-0,6360
-1,3532	-2,7331
0,8095	0,4126
-0,1736	-1,5535
0,8750	-1,4879
-0,5668	-0,8326
-0,5012	-0,0462
-2,8605	0,4126
-0,3702	0,4781
-3,3193	0,2160
-3,1882	2,0510
-3,3193	0,2160
-2,0741	-1,3568
-3,7780	1,4612
-3,3193	0,7403
-2,0086	0,2160
-1,4843	0,9369
-0,1080	-2,3399
-1,8120	0,0850
0,4818	-0,8981
-1,8120	-1,1602
-0,1736	0,6747
-2,0086	-2,9953
0,9405	-3,3885
-2,7295	-0,5049
-0,3046	-1,2914
-2,0741	-0,3739
-0,3702	-2,5366
-1,3532	-1,6190
-0,1736	1,9854
-2,1396	-2,1434
-2,4673	-3,2574
0,2197	1,5267
-0,6979	1,1990
0,2197	1,0680
-1,5498	0,5437
0,4818	-1,3568
-3,7780	3,6239
0,4818	0,0194
-4,3679	-2,4709
-1,0911	0,6092
-3,5814	-0,7671
-1,5498	-0,9636
-2,3362	-1,4224
-0,2391	-0,7015
-1,4843	1,3301
-1,6154	-1,2258
-0,8944	-2,5365
-0,8290	2,1821
-0,3702	0,6092
-1,2222	0,9369
2,3168	-0,1772
-0,6323	-0,5704
0,3507	2,4442
-2,8605	-0,3738
1,4649	-3,0607
-2,0085	1,7233
0,2197	1,5267
-0,9599	-1,2258
1,2027	-0,5704
0,0231	0,0849
2,7756	-0,1117
2,0547	-2,9953
2,3824	-2,0778
3,5621	-0,5049
2,1858	-1,4880
4,7417	-3,7817
2,9067	-4,1094
3,4965	-3,1263
0,6785	-0,3739
3,1033	-2,6676
1,1372	-3,5196
3,6931	-1,5535
-0,3701	-2,3400
4,1519	-2,4710
1,5960	0,6092
2,7756	-2,2744
2,1203	0,2160
5,1349	-0,7015
4,6106	-3,5195
2,9722	1,0680
5,1349	-0,8326
3,4310	-3,1918
3,2999	0,8058
1,5304	-0,7671
3,1688	-1,4879
0,6784	-0,8326
1,8581	-1,0292
-0,6322	1,2645
2,3168	-1,4224
-0,7633	-2,2743
1,0717	1,9199
1,0062	1,3956
-0,8289	0,2815
-0,1735	4,3448
1,2027	0,8058
0,9406	1,3957
0,2852	0,8058
2,9722	0,0850
-0,5668	2,7064
1,3993	0,4126
-0,5668	-0,6359
0,4163	0,4126
-2,5328	1,0025
0,4163	0,8714
-2,2707	-1,1602
0,2852	-0,4393
-1,4842	2,3787
-1,2876	-1,6845
-0,2391	-1,1602
0,0886	2,2476
-1,4187	0,7403
0,0886	0,6748
1,0716	0,6748
-0,8945	0,0850
1,5959	2,5098
-2,9916	0,0194
1,0061	-1,6845
-2,4018	3,2307
-0,5668	4,2137
-3,5814	1,4612
-0,6323	0,8714
-2,3362	0,8714
-2,2052	4,3448
-0,9600	0,4782
-0,3702	0,0195
-2,6639	3,2307
-2,5984	1,8544
-0,4357	0,0850
-2,0086	0,8059
-1,0255	0,4126
-3,5814	1,3957
-0,5012	0,1505
-3,1883	-1,6845
-1,7464	2,9030
-3,5814	0,5437
-1,0911	-1,4879
-2,4673	0,7403
-2,7950	1,5923
-3,7125	1,1990
-0,3702	-0,8981
0,0231	-0,7015
-0,3047	3,2307
0,8095	-0,8326
0,6128	-1,2913
0,9406	0,2816
0,0230	-2,0777
-0,2391	-0,2427
-1,6153	-0,7015
0,8750	-0,7670
-0,7634	2,3787
0,4818	-1,7501
-2,2051	-1,0291
0,0231	2,3787
-1,0255	0,9369
-0,5668	-1,0947
-1,0910	0,4126
0,7440	-1,2258
-0,4357	0,5437
-0,6323	-1,3569
2,3168	-1,4879
-0,9600	0,1505
2,9067	-0,8981
-0,0425	-1,6190
2,7100	-0,5704
-2,0741	-1,9467
0,4818	-0,1772
-1,1566	-1,6191
-1,8775	-4,1093
-1,8774	1,3956
-0,6323	-1,5535
-0,7633	-3,7162
1,2027	-1,4224
-0,1735	-1,4224
-0,7634	-1,0947
1,0061	-2,6676
1,5303	-4,3715
1,7270	0,1505
-1,3532	-1,2258
1,7926	-6,0099
-0,8289	-2,7986
0,2197	-2,0778
-2,2707	-2,4055
0,3508	-1,8157
-2,0085	-4,5682
0,0231	0,4126
-1,3532	-4,1094
1,3993	-3,5851
-0,8944	1,3301
2,2513	-3,8473
3,5620	-2,2744
3,2343	-1,4224
2,8411	-2,4055
-0,1080	-1,0948
4,3485	-3,1264
1,1372	-3,9127
1,0061	0,5437
-2,3362	-2,8642
1,5304	-3,8472
-1,9430	-0,5704
0,6129	-1,3569
-2,4673	1,1335
1,0061	-2,2089
-1,6808	-2,2743
1,3338	2,2476
-0,1080	-0,2428
0,0231	-1,8811
1,7926	0,5437
0,8095	-0,5705
2,8411	-1,0292
-0,4357	-2,3399
2,3824	1,0680
-0,3046	1,6578
0,7440	-0,6360
-1,8119	-1,0947
1,4649	2,1821
-0,8944	0,8058
0,8095	0,5437
-0,6978	0,2160
1,9892	-1,0947
1,2683	3,9516
0,3508	0,3470
1,9237	-2,7331
2,1202	2,2476
2,3824	1,0024
1,2027	-1,1602
3,3654	0,4781
1,4648	0,3471
1,1372	3,1651
-0,5012	-0,0462
1,0061	-1,9466
-1,4842	1,5267
1,8581	-0,1117
-0,1735	-1,7500
1,8581	0,0194
-0,8944	0,1505
0,5474	1,5267
-0,1080	-1,4879
1,4649	-2,7986
2,1857	2,6408
-0,5013	0,1504
1,6615	-2,6675
-0,1736	0,0194
2,9722	0,7403
-1,9430	1,5923
1,7925	0,2816
-1,0910	-0,9636
0,3508	3,3617
-1,8774	2,7063
1,2683	-0,4393
1,5304	2,8375
-0,1080	1,7889
1,0717	2,4443
0,8750	0,3471
0,7440	1,4612
0,2197	2,9030
1,7926	1,0024
-0,8944	-0,2427
2,5134	0,8059
-0,4357	-0,2428
2,1202	0,1505
-1,3532	0,7403
1,9891	-2,2088
-1,2221	0,8714
0,3507	0,0194
-0,5667	0,3471
2,4479	2,7719
-1,5498	-0,1772
1,3338	0,4126
1,6615	-0,1772
-1,2877	-0,0461
0,4163	2,7719
1,2682	0,1504
3,1032	-2,2088
-0,1736	2,0510
1,5304	-0,7015
-1,0911	-1,4224
2,4479	0,9369
-1,2876	0,8714
0,0886	1,1335
-1,6808	-0,8326
0,8750	-0,0461
-2,7294	2,6408
-0,1735	1,4612
0,8751	-0,7015
0,6129	2,7064
0,1542	0,3471
-0,1080	0,4126
2,0547	0,2816
0,8095	0,5437
1,8581	2,9030
-2,0741	-0,1117
2,3169	-0,6359
-1,2877	2,3787
1,2683	-0,2427
-2,0741	-1,7500
-0,4357	1,8544
-1,8775	0,8714
-0,1736	2,7719
-2,7950	1,5922
0,6784	-1,0947
-0,4357	1,9200
-4,3679	2,4442
-1,2877	0,1505
-0,5668	1,0025
2,5134	0,8058
-2,5984	3,2962
-1,3532	0,4782
-2,5329	0,1505
-0,9600	2,9685
-4,3023	1,3301
-0,5012	-1,6845
-2,9916	2,9030
-1,6809	3,0340
-2,6639	2,1166
-0,6978	1,2646
-0,8944	1,0025
-0,3702	3,3617
-1,2877	2,1166
-1,4843	0,6748
-0,1735	2,8375
-3,1227	4,0171
1,4649	2,2477
-0,5668	1,2646
-0,5012	0,8714
-2,4018	4,4759
0,1541	2,8375
-2,8605	1,1991
0,4163	2,5753
-2,2051	1,8544
-0,3701	0,9369
-1,2876	1,3301
-2,0086	1,3301
0,8750	2,9685
-0,2391	1,3301
2,5134	-0,9636
0,2196	1,3957
-0,3701	-0,0462
-0,2391	-2,9297
1,0061	1,0680
-1,5498	-1,7501
-0,2391	0,0194
-3,4503	-1,8812
-0,1735	-1,4879
-1,7464	0,6747
-2,5328	-1,2914
-0,4357	-1,8156
-1,7464	0,6092
-1,2876	-1,8156
-1,8120	0,9369
0,5474	-2,4054
-0,3702	-1,9466
-0,8944	1,7233
-3,1227	0,4126
0,2852	-0,5049
-2,7295	-1,1602
-2,3363	0,6748
-4,8266	0,8058
-1,8120	-1,8811
-5,4164	-0,5704
-2,1396	2,4442
-3,6469	-0,8981
-0,8945	-3,1263
-2,5984	1,5922
-0,3046	-0,2428
1,1372	-2,2088
0,0230	-0,5049
3,0377	-0,5704
0,0886	0,9369
1,3338	-2,9297
1,8581	-1,5534
3,2343	1,5267
-2,0740	-0,2428
2,6445	-1,2913
0,5474	-0,3738
1,4649	-0,3083
-0,6978	1,9855
1,2028	0,0194
0,3508	-0,5049
1,2027	2,9030
1,2683	1,0679
0,0886	-0,9636
2,4479	-0,3083
1,9236	-0,3738
2,1202	1,1335
0,4163	-1,2258
2,2513	-1,8156
-1,2877	1,3301
0,0886	-1,9467
-2,1396	-1,9467
-2,1396	-1,0947
-4,1057	0,0849
-3,5814	0,2815
-3,0571	-0,9637
-2,5984	-1,3568
-3,5159	1,7233
-1,4843	-1,1603
-0,2391	-1,8811
-0,9600	1,7233
-0,9600	-0,8326
-0,7634	-1,6190
1,2027	0,1505
-1,8120	-1,5535
-0,0425	1,4612
-3,3848	0,8058
-0,3702	-3,1263
-4,6955	2,7719
-2,5328	0,4126
-3,1882	-1,6845
-1,5498	2,4442
-3,3193	1,2646
-1,4843	2,8375
-2,7295	0,3471
-2,2052	0,1505
0,0886	3,7550
0,0886	1,1335
2,7756	-1,2257
0,8750	0,0850
3,2999	1,6578
-1,2221	1,9855
3,1033	-0,7670
-1,0910	0,8059
1,0061	2,5753
-0,5012	0,4782
0,8095	-0,3083
-1,9430	4,3448
0,5474	0,6092
1,9236	2,1821
2,1857	1,1991
1,1372	0,8714
3,0377	3,0996
2,4479	1,0680
2,5790	-0,9636