1,7794	4,0844
-2,7425	-2,6002
3,4178	3,6257
-1,4318	2,3149
1,1241	-3,3211
0,8619	3,0359
-0,3178	0,4144
0,1411	-0,7651
-0,7110	2,8393
0,8620	-1,4861
-3,6600	5,9195
2,0416	2,5116
-1,6940	-2,1414
1,3862	4,7399
-2,0872	2,9703
5,4495	-0,7651
-0,2521	4,3466
5,3839	-2,4036
1,7139	4,1500
5,3839	2,9703
3,1558	-3,3210
4,6630	2,5772
3,1558	-1,1584
2,2382	-1,4860
3,8767	3,5602
-1,3663	-2,7968
2,7626	0,4145
-0,4488	2,1839
2,6314	-2,7968
-2,6114	3,4291
1,1896	1,8562
-1,6939	-3,9109
3,4833	2,0529
-1,6940	-1,5517
1,5828	-0,8307
-0,0556	1,9873
-0,4489	-5,1561
-0,1866	1,8563
-1,7596	-0,3721
-0,1866	-6,4012
-2,8737	2,0528
-1,2352	-1,3551
-4,7087	-4,1730
-1,3008	2,7082
-3,8567	-4,0420
0,6653	-0,3064
-4,1843	3,3635
1,2551	-4,7629
-2,3493	2,9704
3,3523	0,7421
-2,2838	-0,7652
2,8935	3,2325
0,9930	-3,3866
0,7308	1,7252
0,5998	1,5285
-1,3008	-3,8453
0,9930	2,5116
-2,5460	1,0042
0,2066	-2,6657
-4,1188	3,3636
1,4518	-1,6172
-4,5776	0,0213
1,0585	2,3149
-2,2838	-4,5663
2,4348	1,2009
-1,8906	-1,2240
1,3862	-5,7459
-0,2522	1,5286
1,6483	-3,1245
0,3377	-3,1245
-0,9731	0,9387
1,5829	-5,8115
-1,7595	1,0043
0,4688	0,6110
-1,3663	-5,0905
2,0416	3,1014
-3,0702	0,3488
2,6970	-1,5516
-0,1211	2,1183
4,0077	-3,9765
-0,7109	1,5286
5,4494	1,5940
2,2382	-5,1561
3,4834	3,2980
1,3863	-0,9619
3,6144	-4,0419
3,7456	2,3805
1,5173	-3,7143
3,0902	0,6111
-1,1041	2,4460
4,2043	-3,4522
-1,0386	2,7082
3,6800	0,6765
-1,1696	-4,1075
5,9738	2,2494
-1,0386	-0,3720
4,8597	-0,8307
1,9761	2,3805
6,1703	-4,1075
1,5829	3,2325
4,2698	1,7251
2,5659	-4,6973
2,5003	1,7252
2,5659	-0,5031
-2,0217	0,8733
1,7140	2,7737
-1,9561	-3,9764
1,3207	3,3636
-2,2183	2,5116
2,3693	-1,6171
-2,4149	5,0020
1,3207	-1,1585
-0,5143	0,2179
3,2867	3,4291
0,0100	0,0868
4,4008	1,9873
1,0586	2,7737
2,6969	-4,1730
2,1727	3,6913
-1,6285	1,9873
2,0416	-2,1414
-1,6940	2,9704
2,0416	-1,2239
-4,0533	2,5772
2,0416	3,1014
-3,4635	-1,1583
0,5998	6,3783
-4,2499	3,3636
1,3207	-0,5029
-2,2183	7,2303
0,7963	1,3975
-1,4973	4,1501
0,4031	5,7229
0,4687	0,5456
-0,1212	5,9196
-0,0555	5,1986
-2,0217	1,0699
0,7309	7,4269
-2,8736	4,0190
1,9761	4,7399
-2,9392	9,2619
1,7139	3,6914
-0,6454	8,6066
3,8766	8,0822
0,9931	3,8225
6,4980	10,3105
1,7795	6,8371
5,0562	6,3129
2,9591	8,6066
5,5150	3,7569
5,1218	8,7377
1,5173	11,7522
5,9083	2,3807
2,1071	9,4586
5,1874	6,3128
0,9275	2,9050
6,4981	9,1964
-0,1866	3,7569
4,4665	6,2472
1,7795	6,1816
6,4980	-2,5346
1,1242	3,8224
4,4664	0,2178
2,2382	-6,9255
1,4517	-1,0274
0,7964	-7,1878
-1,2353	-7,2533
-1,3663	-7,5156
-5,1675	-16,1663
-2,6115	-11,9720
-7,8545	-16,8219
-4,3155	-27,1109
-11,1313	-19,8365
-7,0680	-27,5699
-13,0974	-31,5675
-7,6579	-32,1575
-11,7867	-40,3495
-9,0998	-38,6456
-12,6387	-43,5609
-12,7698	-54,3088
-12,9663	-48,6728
-13,4252	-58,0446
-13,5562	-63,6151
-15,9811	-62,8288
-13,0319	-74,4942
-20,3720	-71,3485
-16,3743	-75,7396
-20,4376	-86,5530
-17,4884	-80,1961
-23,7799	-87,4707
-17,3574	-94,5485
-23,3211	-91,9272
-18,2094	-101,2334
-21,8138	-99,9227
-17,6196	-101,6923
-21,4862	-109,3599
-19,9789	-105,5588
-18,7992	-107,6561
-19,3891	-113,2921
-17,8161	-108,5736
-21,9449	-112,3092
-16,5709	-111,0640
-20,1754	-108,6392
-15,6534	-115,1272
-18,9302	-106,0177
-12,3766	-106,7387
-15,7844	-110,7362
-10,0173	-102,0855
-11,5901	-105,8211
-8,0512	-102,0198
-8,8375	-97,4980
-6,2817	-101,8887
-7,2647	-91,0752
-8,0511	-89,3713
-5,1019	-92,1237
-7,3957	-80,7204
-4,1189	-78,7543
-7,3302	-75,4119
-4,0533	-68,9238
-6,2160	-70,1033
-1,6940	-60,6661
-7,0024	-56,6684
-1,0387	-58,4377
-6,7403	-46,8378
0,3376	-46,7723
-2,4149	-45,3303
-0,3833	-34,9101
-1,3008	-36,1552
-0,5144	-31,5676
-0,0556	-27,5699
-2,8737	-27,6353
-0,9730	-17,2806
-3,3980	-17,9360
0,5998	-17,9358
-2,6770	-8,5642
0,9930	-11,0545
-2,8081	-5,4839
2,3037	-2,3382
-3,3323	-5,8115
1,4518	2,7737
-0,5798	2,7081
2,2381	-1,0273
-0,7764	5,3952
1,7139	3,3636
1,9105	4,8055
1,1896	8,9997
1,8450	5,4609
0,2721	9,9173
2,7625	9,3274
-1,3007	4,7400
3,4834	14,8980
-1,9561	8,4755
3,0902	8,6066
-0,9075	12,0144
4,4009	6,2473
-0,9730	10,4416
4,5975	9,5240
0,0755	2,2496
1,7139	11,4902
1,1241	7,4924
2,3037	4,9366
0,7309	7,8856
0,4032	2,2496
3,0902	6,2473
-0,6454	7,9511
4,0733	1,9219
-0,8420	8,2133
3,6801	4,9364
0,0756	0,4146
6,2359	6,8370
1,1897	2,1184
3,9422	4,1501
2,8936	4,2156
5,3184	-1,4860
2,2383	6,1817
2,8936	3,7567
3,9422	-2,8622
2,5003	3,4947
4,4009	-0,4375
-0,3833	-0,1753
2,8936	3,5602
-1,9561	-2,0759
3,7456	2,2495
-1,1697	2,6426
3,7455	-3,8453
-3,7911	1,4630
3,8111	1,3319
-1,3007	-2,4036
4,5319	1,2664
0,9930	-1,6172
2,5659	2,8393
1,7139	0,5455
1,5828	-6,5323
2,3693	2,4461
0,1410	-0,7653
1,9761	-3,6487
-1,7595	2,5771
1,3863	-2,3381
-0,7764	0,0868
2,9591	2,4460
-3,2668	-2,4036
3,8766	2,8393
-0,0555	-0,2410
4,2698	-3,1244
0,5343	4,0844
4,0732	-3,1901
0,7965	-2,2725
2,8936	1,5941
3,4834	-4,4352
1,1896	0,7421
5,0563	0,4799
1,1896	-3,4521
1,6484	3,1014
-0,6454	-1,3551
2,5659	-1,2239
-1,7595	2,1183
1,7794	-3,1900
-4,0532	1,8563
1,3862	2,7081
-1,6284	-4,4352
3,0901	4,0189
-2,8736	0,2833
1,5828	-2,5346
1,9761	1,5285
0,2065	-3,3866
0,1411	0,0212
-0,4488	0,8731
3,4179	-4,8284
-2,5460	3,8878
1,1897	-0,6997
-1,7595	-4,0420
3,2212	1,7251
-0,9075	-3,3211
1,0586	-1,0929
-0,1211	0,3488
3,4834	-6,3357
-0,7764	1,0698
2,9591	-1,8794
1,5829	-5,8770
1,1896	1,3319
3,2213	-4,5008
0,5342	-2,2070
2,9591	-0,6342
-0,5143	-4,3697
2,9591	1,4630
-2,6115	-0,5687
3,2213	-5,1561
-1,7595	3,7568
0,4687	-2,2070
-3,2013	-0,4375
3,2212	3,1669
-2,1527	-3,3211
1,1240	2,0529
-1,3007	1,4630
1,0585	-3,7798
1,0585	4,6088
-0,2522	1,1353
1,0586	-1,4860
-2,8081	4,4121
1,9761	-3,2556
-3,5945	2,1840
0,9931	2,1183
-2,2838	-5,0250
2,8280	3,3636
-2,5459	1,7906
2,3693	-2,8623
-0,7764	2,5116
4,4664	-2,7968
0,7964	0,5456
3,4178	1,0042
2,3693	-5,8770
1,3862	1,0698
-0,5143	-0,4376
0,8619	-5,0905
1,9105	2,7082
-3,9878	-2,5347
1,3207	-0,5685
-3,1358	3,2325
1,1241	-3,4522
-3,3324	2,5116
2,2382	0,8076
-2,2838	-3,4521
2,1726	3,2980
-1,8906	-0,5031
2,8280	-0,6341
-1,4318	2,1184
1,4517	-2,9934
-0,1866	3,4291
-1,3008	2,9048
0,7964	-4,1075
-2,9392	3,4947
0,2066	0,2178
-4,9708	-4,3696
1,0585	0,6766
-4,9053	-2,9279
0,4687	1,2009
-4,2499	2,1838
2,3692	-4,8940
-1,8906	2,1184
1,3206	-0,8308
-1,4318	-3,3866
1,3862	2,9048
0,2721	-2,0104
1,3862	-0,8962
0,6654	1,3319
-1,2352	-4,3041
0,9275	2,3806
-1,3008	0,3488
2,5659	-3,1900
-1,6940	2,6426
1,7139	-1,8138
-2,9391	-1,6171
3,9421	0,7421
0,0755	-4,8284
2,9591	2,1839
-1,1041	0,1522
4,2042	-5,6804
1,3862	1,8562
2,7624	-2,6658
2,0416	-1,8137
3,0246	2,5771
2,9591	-3,8454
-0,1211	0,4145
2,3693	-1,2240
-1,2352	-6,1391
3,8766	1,0043
-1,7595	-0,6997
2,0416	-2,2725
-1,0386	-0,0443
4,4009	-3,5833
0,3377	0,6766
2,5659	0,4144
0,7309	-5,5493
3,5489	2,1839
0,4032	0,1522
1,6483	-3,7798
3,5489	1,6596
-2,5460	-1,4861
2,3693	1,2009
-1,6285	0,6110
1,0586	-3,7143
-2,0216	4,0845
2,8280	0,6765
-2,1527	-3,5832
1,3863	3,5602
-1,5629	-2,7968
2,3037	0,4800
-2,2182	0,5455
2,1071	-4,7629
-0,3832	1,3975
2,0415	1,3974
0,9275	-4,7629
-0,3833	1,4630
0,5998	-2,0760
-2,4804	-3,8454
1,5828	0,6766
-3,9877	-4,1731
-0,9731	1,2009
-5,8227	-0,0444
2,3693	-5,3527
-3,2669	3,1014
1,4517	-1,4862
-2,3493	-1,8793
1,5172	2,0528
-0,2522	-2,5347
0,9274	1,9874
-0,2522	2,5116
1,2551	-5,3527
0,2721	3,3636
-2,0217	0,2833
2,1071	-2,3380
-3,0702	1,5286
1,3207	-3,0590
-3,6601	0,7422
1,1241	3,5601
-1,7595	-3,7798
1,7794	2,7738
-2,9391	2,3149
3,9421	-4,7628
-0,9731	2,7082
1,6483	-2,2726
0,0755	-1,9448
2,3036	0,1523
-0,3177	-5,4183
-1,1042	0,4800
3,2868	-1,2240
-1,6285	-3,6488
1,3207	0,2834
-4,4465	-2,5347
0,9275	-2,2725
-2,5460	2,0528
0,4687	-2,6002
-4,0532	1,2009
0,8619	1,0042
-2,8736	-2,7968
1,9760	2,9048
-1,4318	-0,8308
0,9929	-3,2555
0,0755	0,4800
-0,2523	-5,0905
-0,7109	0,5456
-0,9076	1,6596
1,7794	-5,1561
-4,5120	4,2155
0,4032	-1,5517
-3,3324	-2,6657
2,5003	3,1014
-3,0702	-3,1245
2,7625	2,1839
-0,5143	3,1669
4,1387	-4,1730
-2,0216	2,9049
4,0732	1,1353
1,5829	-3,9764
3,1557	3,2325
1,7140	-1,1584
0,7308	0,9388
2,9592	2,2494
-0,1867	-2,4691
1,3207	3,1670
-3,5945	2,1183
2,7625	-1,3550
-1,4974	4,6743
0,4032	1,5941
-3,6600	2,1184
2,6969	2,2494
-0,9731	-2,9934
1,5172	4,0845
-1,2352	4,6742
1,9104	-2,8623
-0,4488	4,7398
-0,9076	0,0868
0,3377	-0,0442
-0,7765	3,9534
-0,4488	-1,4861
-3,0702	2,3806
1,9761	1,7251
-2,8736	-3,3866
1,2552	4,4777
-4,3154	1,6596
1,3207	-1,8137
-1,5629	2,6427
2,8935	-0,8963
-1,8905	1,7907
2,2382	1,3319
0,9930	-4,4352
2,5003	2,5772
1,0586	0,8076
0,1410	-4,1730
2,6970	3,2325
-1,0386	-0,8963
1,6484	0,6111
-1,9561	2,3150
1,9105	-3,1900
-3,5945	2,9048
2,3693	2,1183
-1,6940	-3,1900
0,7308	4,7398
-0,2522	-1,8138
1,9105	-1,2894
-1,8906	1,5285
1,6483	-4,7629
0,1410	0,0868
-0,5144	-1,0274
0,4687	-6,5323
-3,0047	1,5285
0,5998	-3,4523
-3,8567	-4,3697
0,0100	-1,1585
-4,7086	-5,0906
0,2066	0,5455
-3,9877	-0,4376
2,7624	-5,4182
-2,8081	2,6426
2,5003	-0,9619
-0,8420	-3,3210
2,8280	3,8223
0,4687	-1,2240
-0,1867	0,0868
1,6484	5,1330
0,7308	-4,8284
1,7795	3,3636
-2,4149	2,4460
2,4348	-1,6171
-1,4318	3,6913
2,7625	-0,6997
-3,9877	0,4145
1,9105	4,8053
-0,4488	-3,1900
3,1557	2,3806
-1,5629	0,8076
3,6799	-3,3866
0,4032	2,7738
2,2381	-1,5517
0,7964	-1,6171
0,3376	3,0359
1,1896	-2,4036
-2,6115	3,6257
0,7309	3,2980
-2,3493	-3,2555
0,5343	3,3636
-4,2499	0,4144
0,5998	-0,5686
-4,1843	1,5285
2,1071	-3,6488
-2,0872	0,7421
1,5172	-0,3720
-1,6940	-5,3527
0,1410	1,7907
-2,4148	-2,2726
-0,1211	-3,6487
1,9760	1,2664
-2,2183	-4,1076
-0,4487	-1,1584
-2,5460	0,5454
0,8619	-4,5007
-2,8081	2,5116
1,8450	-0,5031
-1,9561	-4,4352
1,3862	2,5116
-1,5629	-1,6172
2,6314	0,6766
-1,2352	1,8562
2,0415	-0,5030
1,4517	1,9873
-0,2522	1,5285
-0,5143	-3,1900
0,2065	2,8393
1,1896	-1,8138
-0,8420	-1,1584
1,3862	0,9387
-2,4149	-3,6488
1,3862	1,3975
-1,8250	0,0212
3,6800	-4,6973
-1,6940	3,7568
1,2551	-0,6997
-2,4148	-2,6657
3,8110	1,2664
0,4687	-4,3042
2,1726	-0,4375
0,6654	1,5285
1,2551	-5,2216
2,0416	1,0698
-1,3008	-0,9619
0,6653	-3,5177
-4,8397	2,9048
0,3377	-2,6002
-5,2985	1,0698
-0,7109	1,8562
-4,5120	-2,7968
2,3692	4,8054
-3,3979	2,9703
3,4833	-3,7142
-0,7109	4,6088
4,4008	-0,1754
0,6653	0,0868
1,0585	0,9387
0,8619	-2,9279
-0,9731	1,9218
0,4688	-0,3065
-1,4319	-5,7459
1,9105	-0,1099
-2,6770	-1,5517
1,1241	-2,0759
-2,6115	-0,4376
2,0416	-4,1076
-2,8080	0,6766
3,0902	0,2177
-1,1041	-6,3357
2,5658	0,4145
-0,2521	-1,2240
1,5828	-2,6657
1,6484	2,1184
1,4517	-3,3866
1,4518	3,4291
-0,7109	3,2324
2,8280	-5,0250
-1,8906	4,5433
0,2066	3,0358
-3,4634	-1,0928
1,4518	3,7568
-2,5459	-0,8307
2,3037	2,1184
-1,8250	1,8562
3,4834	-2,6002
1,3207	4,0845
3,4833	0,1522
1,1897	-4,1730
1,7139	3,2980
3,2868	-1,0274
1,9760	-0,8962
2,6315	3,6257
-0,8420	-5,2872
3,1557	1,4631
-1,6940	0,2833
2,5659	-5,2216
-2,0216	0,2178
3,9421	-2,4037
-0,9075	-2,3381
3,3523	0,0211
0,1411	-5,6804
3,1557	-0,4375
0,7964	-1,2896
2,5003	-8,7606
0,0755	-1,3550
-0,1211	-3,6489
0,5998	-4,7629
-1,6940	1,4630
-0,9075	-4,4353
-4,1188	0,1523
-1,3663	0,2178
-4,1844	-5,1561
-0,1211	3,4946
-5,6261	0,0867
-0,9076	-0,7652
-3,5945	2,3150
-0,4489	-2,4036
-2,5460	-1,0273
-0,5800	-0,1099
-2,8736	-5,0250
-1,9562	3,9534
-0,9075	-0,4376
-2,5460	-4,5662
-0,7109	1,3319
-3,2014	-2,0104
-1,7595	1,6597
-6,2160	2,5771
0,2721	-3,3211
-5,2330	4,4122
-0,1867	2,1183
-4,3810	-2,1414
0,6653	5,1331
-2,2183	1,0698
2,4347	1,2665
-0,6454	4,1500
1,9760	-0,6996
0,7964	3,2325
0,2721	2,3805
2,6314	-3,5176
-1,3663	4,6743
0,7964	2,1184
-1,9561	-0,6996
2,8280	4,2155
-3,4635	0,6766
1,1241	3,1015
-2,7426	3,6257
1,5828	-1,5516
-2,3493	5,1986
0,4031	1,8562
-0,1866	-1,5515
0,9929	4,8709
-2,4149	-0,6997
-1,8906	2,4461
-0,9731	2,1184
-1,6940	-2,1414
0,2721	3,3636
-5,8228	-0,0443
0,8619	-2,3380
-3,7912	3,2980
0,4032	-1,4861
-3,9878	0,0212
0,0755	0,4144
-3,2013	-3,7798
2,6314	2,3805
-2,7426	-0,3065
0,7963	-4,3696
-0,5143	1,9873
0,1410	-1,9449
-0,7109	-3,5177
-0,8421	2,2494
1,1241	-3,0589
-1,3663	2,7738
0,2721	0,3489
-2,4149	-4,8939
0,9930	3,2325
-2,2182	1,0698
3,4179	0,7422
-1,6939	3,1014
3,2212	-1,5516
-0,4487	2,0529
4,6630	2,7082
0,9931	-4,8284
3,6800	2,5116
1,9106	1,2008
2,9591	-2,4691
3,6145	2,0528
0,6653	-2,2726
2,1727	0,2179
-1,1697	-0,0444
2,1072	-6,5323
-2,0872	2,5771
2,3038	-2,2726
-3,7911	-3,9765
4,2698	1,7251
-1,1697	-2,9935
2,6970	-1,8793
0,3377	0,1522
4,5319	-4,3042
0,1411	0,4800
1,8450	0,6110
1,7795	-5,1561
1,6483	1,7252
1,8450	-1,6172
-2,6770	-0,7652
1,1241	1,0698
-0,9075	-2,4036
2,2382	3,0359
-4,0532	1,7906
2,8280	-3,8454
-2,3493	4,0844
3,8766	-1,8794
-0,7109	-4,5007
3,4833	0,0212
0,0755	-5,4838
1,8449	-0,8307
0,9275	-1,4206
2,2381	-6,5324
2,8936	1,5941
-0,4488	-2,3381
2,4349	-3,6487
-0,0556	3,3635
2,6970	-2,0104
-1,6284	-0,0443
5,2529	2,1183
-1,6284	-4,2386
3,1557	3,0359
-0,0555	1,5285
5,5150	-4,5007
0,7965	3,1014
3,3523	-0,6997
1,7795	-0,2409
3,6144	2,3150
2,9591	-4,0420
2,5003	2,8393
2,4349	2,1183
0,3377	-4,0419
3,1557	2,7082
-1,1697	-1,0274
3,2868	-0,8962
-2,0216	3,7567
3,6800	-2,7313
-0,7764	1,4630
3,2212	2,3805
-0,6454	-3,3211
2,8280	1,5286
1,1241	0,2178
1,7794	-1,6827
1,9761	1,9873
2,5658	-1,9449
1,8450	0,2834
1,4518	2,1839
4,2043	-5,0250
1,5173	1,9873
3,6801	0,0211
-1,0386	-2,9279
7,0224	0,4800
0,2722	-3,9765
4,4009	-0,2409
0,1411	-0,3065
6,7602	-4,5007
1,6484	0,2178
4,3353	-1,1585
0,9275	-5,8770
2,0416	2,7737
3,5490	-1,6828
1,1240	-0,6341
2,3693	1,9217
0,4032	-5,2216
0,5343	2,5116
-1,8250	2,3149
2,8936	-3,8453
-3,0047	2,7738
2,3037	-0,6342
-1,8250	1,2664
2,5003	2,9703
-1,1697	-3,3866
1,2551	1,8563
-0,1211	1,7907
0,4031	-3,4521
1,2552	1,5941
-1,5630	-1,8793
-0,1211	-1,6171
-2,6771	1,9217
-0,3177	-3,7143
-5,6917	2,7738
-1,6284	0,8076
-5,3640	-4,0420
-1,6285	2,9704
-6,4781	1,0042
1,1895	0,0213
-4,2499	5,0019
-0,2523	-0,9618
-3,6601	2,9049
0,7963	2,5771
-1,2353	-2,2725
-1,1042	4,4122
-1,3663	2,3150
-2,7426	-1,0273
0,9275	5,1986
-4,3810	0,6766
-0,9731	3,0360
-3,0047	3,8223
0,6653	-2,1414
-3,2013	5,5919
2,5003	2,6426
-3,2013	-2,4035
2,0416	5,7229
-2,1527	1,0042
2,6969	1,4631
1,1241	2,9703
2,1070	-1,8793
-0,6454	4,1501
-1,3008	4,0189
1,9761	-3,1900
-2,1528	5,0676
0,0755	2,9048
-4,2499	-0,5030
0,3376	4,4122
-4,9053	0,1523
-0,7110	4,0190
-5,3640	4,7398
1,6483	-2,2725
-5,0363	5,3952
0,1410	1,3319
-2,3493	-1,4205
-0,2523	3,7568
-0,9076	-1,2239
-2,8081	2,9049
-0,3177	1,2664
-1,7596	-2,4691
0,8619	3,8879
-2,6115	-0,3720
1,9761	-1,2239
-4,2499	4,4777
3,3523	0,0212
-1,3007	2,4461
3,0902	1,7907
-0,3832	-3,2555
4,5975	4,2156
1,0586	1,9873
3,8110	-1,8792
3,2868	4,6743
3,4178	-0,6997
2,5004	-0,1098
0,5998	1,5941
2,8281	-4,6318
-0,1211	2,3806
1,2552	3,6912
-1,0386	-2,9278
1,7794	5,6573
-3,5290	0,6110
1,6484	-1,7482
-4,4465	5,9850
0,8619	-1,8793
-2,0872	3,6913
2,1726	1,2009
-1,6940	-3,4521
-0,0556	5,7229
-1,2352	-0,6997
-0,9732	-3,4521
-0,7109	3,4947
-2,4150	-2,6657
-1,6284	-0,1753
-4,1844	-0,0443
0,9275	-4,6973
-5,9538	3,2325
-0,3832	-1,8138
-3,2668	-4,3041
0,8619	3,8223
-3,7256	-2,0104
3,6144	-2,6657
-0,5143	1,2008
1,3207	-5,0250
0,9930	1,1354
0,8619	0,0212
1,9761	-5,9425
0,7308	3,4291
1,3863	-1,0274
-0,6454	-1,4205
3,2868	1,9217
-2,0216	-3,9109
1,5173	1,8562
-2,4804	1,4630
1,9761	-5,7459
-2,8081	2,1839
3,0246	-3,0590
-2,9391	-2,9278
3,5489	1,7907
-1,1041	-5,0250
0,7308	0,5456
0,2066	1,3974
0,5342	-4,0420
0,3377	2,2495
-2,7426	0,9387
0,7309	-1,6826
-3,5290	3,8223
0,5343	-0,8963
-3,0047	4,3467
-0,3832	4,0189
-4,1188	-3,5832
1,3862	4,4777
-4,2499	1,6596
2,3037	-2,5346
-1,4974	4,6743
1,1240	-0,9618
-0,9731	2,3806
1,0585	2,1183
0,6653	-4,4352
-0,7110	2,7083
0,1411	2,9703
-3,3979	-3,7798
0,5343	1,8562
-3,9222	-0,7652
-0,3177	-1,2239
-4,5120	2,0528
0,6653	-4,1075
-3,9222	1,9218
-0,0556	1,2008
-4,1843	-5,4182
0,2065	2,5116
-2,4149	0,2833
-0,7110	-3,9109
-1,5629	0,6766