1,8234	2,4995
0,5126	-3,3986
3,6584	4,5967
0,9713	1,5820
4,9035	-1,0394
0,8403	0,9267
4,7724	-3,0055
-0,6671	0,9923
1,3646	0,5990
-2,3054	-3,3986
-0,6670	3,6137
-3,9438	3,2859
-2,3710	-0,3840
-3,3540	2,1063
-1,5190	-0,5151
-0,4704	2,7617
-0,7981	1,7786
2,4787	-2,4156
0,3815	2,1063
4,6414	0,9922
2,2821	-2,6122
6,0176	-0,0563
1,1025	-1,2360
5,8211	0,4024
2,6098	-0,1875
4,1827	-3,8574
0,8404	2,3029
2,4132	0,8611
-0,0116	-1,7602
1,9545	3,1549
0,1850	-0,1875
1,7578	-0,6462
3,1996	1,9752
2,8064	-2,5467
3,1341	2,4340
1,7578	0,2057
3,8550	-5,2337
2,4131	0,5990
3,7239	-1,8914
-0,2738	-4,8405
2,8064	-0,4496
-2,8297	-3,0710
-0,0772	-0,6462
-1,3879	-0,4496
-0,2738	-3,6608
-3,0263	2,1718
-0,9291	2,5650
-0,3393	-2,2190
0,4471	2,4340
2,4787	0,5990
-0,9947	1,6476
3,0030	0,2713
1,2990	-4,0540
2,7408	3,0894
-0,1428	0,8611
2,4787	-3,8574
-3,8127	2,0408
0,9714	0,0092
-2,9608	-0,1874
-1,0602	3,4826
-2,6331	0,4024
-0,7981	3,9413
0,0539	1,4509
1,2991	-1,3670
4,1171	3,6136
0,4471	-0,0564
3,6584	-0,3184
2,6098	1,2544
6,5419	-2,6122
2,0199	3,0894
4,5759	0,4679
0,0539	-3,9885
3,0685	2,6306
-2,5675	0,7956
0,6437	-0,9738
-2,3054	1,2544
-0,1427	-1,4326
-1,3223	1,6476
0,3816	-0,5151
1,4302	-3,5953
2,1510	2,8272
3,9205	1,7130
3,6583	-2,7433
5,1657	0,8611
2,5442	-2,4812
5,2968	0,2058
2,1510	1,1232
5,1002	-4,9060
0,1195	0,3369
3,3307	-1,2361
-0,3393	-3,2021
2,0200	1,3854
-2,3053	-2,2847
-0,3393	-1,2360
1,2991	-0,1220
2,6098	-5,5614
0,9059	0,8611
1,1680	-3,5299
5,3623	-7,3964
2,6097	-1,2361
4,3792	-4,9061
1,3646	-5,2993
2,8064	-4,4473
-1,8467	-7,3964
1,6923	-0,9739
-1,7156	-1,5638
-0,1427	-5,0371
-4,6647	-0,8428
-4,2059	-1,5638
-1,7156	-2,2846
-3,1574	0,0091
-1,9122	-2,4157
-1,1914	0,7300
0,8403	-0,0564
-1,3880	-3,1366
2,1510	2,1718
-2,3710	-2,2846
0,9713	-3,3331
-2,6987	0,8611
-0,0773	-0,9083
-4,9269	0,7956
-1,5190	0,5990
-4,1404	-2,2845
-3,1574	3,1549
-4,5992	3,1549
-4,1404	-0,2529
-1,7811	1,9753
-0,7981	0,3369
0,8403	2,3030
-0,7326	3,0238
1,8889	0,7301
1,6267	3,7448
4,2482	4,4656
2,1510	0,4025
4,5758	6,1041
-0,4049	3,8758
3,4618	5,1211
-0,4704	6,8905
2,5443	3,9415
-0,7325	9,9708
1,1025	10,1018
2,4133	6,1697
2,6753	12,0024
2,4133	11,7402
3,9861	8,4635
7,3940	12,1335
5,1002	7,6115
8,7047	11,3471
5,4278	11,2815
7,5250	7,4805
2,1511	13,2476
7,1318	11,0194
2,0200	8,1359
3,6584	12,1991
0,7093	7,7426
-0,0771	11,0849
0,4472	9,4465
1,1680	5,6454
0,4472	10,2329
-0,7326	6,6939
2,0855	2,9584
0,5781	2,0408
1,4301	-2,0224
-1,5191	-2,7434
0,1193	-5,6926
-3,3541	-12,4427
-2,4366	-10,4767
-6,8930	-16,1129
-3,8129	-21,6835
-10,1698	-21,0282
-8,7280	-26,4678
-12,2670	-32,0384
-10,5631	-35,6430
-12,4636	-42,9175
-15,2162	-43,8351
-13,1846	-51,9617
-14,8886	-60,2848
-14,6920	-60,2194
-18,5587	-70,3776
-18,2966	-77,1933
-24,0638	-83,4194
-19,8040	-92,7255
-27,9304	-94,9538
-25,9644	-100,2624
-33,3699	-109,0443
-31,1417	-106,9472
-36,3191	-113,8286
-35,8604	-122,3483
-37,5642	-122,3484
-35,7949	-128,2467
-35,0084	-130,7372
-34,8774	-135,7835
-33,4356	-142,4682
-33,5011	-141,7474
-31,9938	-147,9078
-33,0424	-153,6095
-26,8165	-152,2333
-32,1904	-158,4592
-28,0616	-157,8694
-31,7316	-158,6559
-29,6999	-162,5880
-30,9451	-155,2481
-26,8163	-158,4594
-29,8309	-161,6705
-26,6197	-155,0514
-22,4908	-156,2311
-23,9326	-152,6265
-19,5417	-148,8910
-18,3621	-151,8400
-14,4954	-141,7474
-16,7892	-141,2887
-12,0051	-139,9778
-14,8887	-130,8027
-12,2016	-129,3609
-14,7575	-126,0840
-12,1361	-118,2196
-16,5925	-117,6297
-13,9710	-109,1100
-15,9370	-102,1632
-11,0874	-103,0150
-12,5947	-90,6941
-10,5631	-88,6625
-8,4659	-83,7471
-6,8276	-74,0478
-3,8784	-72,2782
-6,8276	-65,4623
-3,0264	-59,4329
-4,2717	-56,9424
-0,9948	-45,9323
-5,6479	-42,6555
-0,4705	-41,6723
-5,1235	-30,4001
-2,6332	-30,0724
-6,8930	-24,8294
-4,5992	-18,9311
-6,2376	-18,1446
-2,6332	-11,0011
-3,5506	-10,0836
-4,6648	-10,1490
-1,8467	-1,8915
-2,8298	-2,0881
-0,7326	-1,4326
-2,8298	3,2859
1,1024	0,7957
-3,6162	6,7595
-0,0773	6,1696
-2,8953	2,6308
-1,5846	11,5437
-4,9924	10,8227
-4,2715	9,8398
-4,6647	11,4781
-1,4535	10,8883
-3,8782	14,1651
-1,3879	12,0024
1,1025	7,7427
-0,9292	15,2137
2,1511	13,1165
1,4301	9,1189
6,2143	11,2160
3,0685	8,5290
4,7725	11,0194
3,5928	9,1188
4,8380	4,5969
-0,7980	10,4295
2,4132	7,2182
-0,7980	2,6963
0,9059	8,7255
-1,3878	4,5312
-0,0116	5,1866
0,4472	5,3832
0,7093	3,1549
1,5612	5,1210
2,6098	4,4001
3,5928	-2,6122
2,2165	3,9414
4,5758	1,5820
2,4131	0,4025
4,9691	-0,0563
0,8403	-2,5467
2,1510	2,6306
-1,7811	0,3368
1,5612	-3,5297
-2,7641	1,9097
0,5782	1,5165
-1,0602	-0,3840
-0,6015	2,6306
1,2991	-1,8914
3,0030	0,0747
5,0347	0,1402
3,6583	-4,9716
6,5419	0,1402
3,1340	-1,6293
5,2968	-4,6439
1,8889	-1,3671
3,5928	-3,8575
-0,9291	-1,6948
1,8234	-1,3016
-2,0432	-4,7094
0,9714	0,1402
-1,8466	-0,5152
-1,2569	-4,9060
-0,1427	-0,9084
-1,8467	-0,7773
-1,9122	-0,1219
-0,7981	-0,2530
0,4471	-3,5298
-1,6501	0,8611
1,8888	-0,5152
-0,3394	-4,0540
1,8233	-0,7772
-1,9778	-1,6948
1,2991	-2,5467
-2,8952	1,3199
-0,7981	-2,4812
-1,5189	1,1233
-0,6015	-0,1875
-1,6500	-3,3987
-0,4049	2,7617
1,8234	0,9922
2,6753	-0,6462
3,9860	1,9752
1,3646	-0,7772
3,5928	2,4340
2,0199	0,5335
5,6244	-2,5467
-0,0772	2,5651
2,4787	0,6645
-1,1257	-0,5806
1,4957	2,0408
-2,0432	-1,9569
-0,2738	1,8442
-0,6014	2,4340
1,2335	-0,5806
-0,0771	2,4340
0,9714	1,1888
2,5443	-2,6778
0,9058	1,9097
3,0685	-1,1705
1,3646	-0,8428
3,9205	0,4679
0,9714	-5,8890
3,0030	0,5335
-1,4534	-1,3016
1,8889	-3,2676
-2,3709	0,5990
-0,2738	-0,5152
-3,7471	-1,2360
0,1194	0,0091
0,9059	-1,8914
-0,7325	1,9752
2,5443	0,4679
2,7408	-3,0055
3,5928	-0,1874
2,8064	0,2713
4,9035	-2,4812
2,4787	0,4679
5,4933	-3,7919
0,2505	0,2713
3,9860	-0,5151
-1,4534	-3,3331
-0,6015	3,2204
-3,2884	-0,6462
-2,8297	-1,5637
-1,6500	1,8442
-0,6671	-0,1875
-1,0602	1,0577
-2,1089	0,0091
0,7093	-3,2021
0,8402	1,7131
0,9713	-0,4496
-1,3224	-4,1196
1,9544	0,4024
-0,7982	-1,8259
1,6922	-1,3015
-1,6501	0,4679
0,1194	-0,9083
-3,2884	2,6962
-2,1744	2,4995
-5,3856	-1,2360
-1,8467	5,2521
-1,6500	3,8758
-1,1913	2,4996
0,0539	4,0069
0,1849	0,5990
1,4301	4,3346
0,9058	1,6476
3,9205	-1,3015
-0,0117	2,1064
2,0199	0,5335
-2,9608	-2,2190
1,3646	1,4510
-3,8127	-0,7117
-1,2568	3,9414
-3,4195	0,4024
-1,8467	-2,5467
-1,9122	2,9583
-3,2885	0,9266
-2,0432	-1,0394
0,3160	2,6306
1,5612	0,0092
-0,2083	2,0408
3,1996	0,7301
0,6436	-2,4156
3,0030	2,4340
-0,0772	1,7786
2,5442	0,1403
-1,4535	3,8103
0,4471	0,5335
-4,2059	3,2861
-1,1913	5,7764
-2,9608	3,0894
-3,4195	5,9075
-0,8636	5,4487
-0,1428	2,0409
2,4787	7,2837
0,9713	2,7617
4,0516	3,4171
0,9058	3,2860
4,0516	-0,1874
0,7092	4,7933
3,1341	1,1233
0,8403	-2,5466
1,8234	2,6307
-1,7811	0,3369
0,4471	-0,1874
-4,0748	2,1719
-0,9947	0,6645
-0,5359	0,6645
-1,5190	0,6645
-0,0771	-2,6778
-0,6015	2,8927
2,4787	-1,7604
0,2504	-3,7919
2,7408	1,4509
0,2504	-1,8914
2,6097	-0,4496
-1,5846	-0,0564
1,5612	-4,1196
-3,3540	1,4510
-1,4535	0,1402
-4,9268	-3,7919
-2,8952	0,9267
-4,9924	-0,3841
-3,4195	-0,8428
-2,6331	1,1233
0,1194	-0,7117
0,5126	2,7617
0,3160	0,1402
3,0030	-3,3987
1,7578	0,7956
4,1171	-1,6948
0,1194	-1,3015
3,2651	1,0577
-0,0116	-2,2846
3,0685	2,0408
-2,8297	2,4340
0,8404	-1,7603
-2,3054	4,0724
0,0539	1,6475
-2,0432	-1,2360
2,3476	1,7786
0,8404	-1,6948
1,8234	1,2544
5,7555	-0,3841
2,5442	-4,2506
5,1002	1,3199
2,4131	-1,0395
5,1657	-3,1365
1,3646	-0,5807
3,4617	-4,4473
-0,9947	0,2058
0,1194	-0,5807
-3,2229	-4,7094
-1,5190	-0,2530
-3,4195	1,8441
-2,8297	-1,9569
-0,3393	1,1888
-0,8636	-1,8914
1,2991	0,1402
1,6922	0,9266
2,6753	-3,6608
0,5126	-0,7773
3,9860	-1,3671
-0,6015	-5,5614
2,9374	-0,1874
-1,3224	-3,2677
1,3646	-1,1049
-4,9924	1,0577
-0,0116	-2,8088
-3,9438	2,9583
-1,8467	1,8441
-0,9946	-2,3501
-0,9947	4,0069
0,5782	-0,5152
1,6923	-1,1049
3,0686	0,9922
3,3962	-3,0055
4,9691	1,5165
1,1024	-0,3186
5,8210	-5,1026
-0,6670	1,8442
2,8064	-0,9084
-0,4049	-2,8088
-0,2082	1,1233
-1,9121	-0,7117
-0,2738	1,0578
-2,8296	0,2058
-1,9777	-0,6462
-0,6670	5,1865
0,8403	1,3854
-0,7981	-1,5637
1,7578	1,9753
3,3962	0,4679
0,9058	1,9098
2,5442	1,5820
-0,0772	-2,0224
2,5442	3,6137
-2,3054	1,4510
1,6267	-2,3501
-3,0919	3,3515
-2,1088	0,7956
-5,2545	1,1888
-1,5190	1,7786
-3,1574	-1,6947
-1,9122	3,4170
0,1195	1,1888
-1,1258	-4,7749
2,2166	0,0092
1,7577	-1,6948
3,9205	-2,4812
-0,0772	-0,5151
3,3962	-2,4156
-0,8637	0,4679
0,9714	-0,2530
-2,5675	-4,4472
-0,2738	2,3029
-3,9438	1,7131
-2,7642	-0,7772
-2,7641	3,2204
0,2504	-0,7117
-1,5190	2,3685
-0,3394	1,5165
1,3646	-2,0224
1,0369	4,2690
3,0685	2,1718
0,5126	-2,2845
4,3137	1,4510
0,6436	-0,5151
2,3476	0,4024
-0,6670	0,9922
1,1680	-2,4812
-3,0918	1,6476
-1,9777	0,7300
-3,0263	-2,6778
-3,4851	2,7617
-1,7811	-0,4496
-0,6671	0,9267
0,9714	1,1888
1,0369	-2,4156
1,9544	3,0238
0,5781	1,1233
5,1001	-3,0054
-0,2738	2,1719
3,0685	0,1402
-0,0117	-0,3184
1,5612	1,1233
-2,7642	-1,8258
-0,6015	3,2860
-3,6161	1,4509
-1,3224	-1,5636
-2,0432	4,0724
-0,5360	3,0238
1,8889	-0,1874
0,1194	3,0238
2,5443	-2,0880
0,1849	1,5821
4,7725	0,7956
-0,4049	-2,4811
4,1826	1,7787
-1,1258	-1,2360
3,0685	-2,6777
-3,4195	0,8611
0,3816	-3,1366
-4,2715	0,8611
-3,0918	-0,7773
-2,8297	-2,6778
-2,0433	3,8102
-3,8127	-0,1875
-1,1258	-3,9230
-1,0603	1,2544
-1,4535	-2,0225
1,4956	-2,2846
0,2504	-0,8428
2,9374	-4,1196
0,1849	-1,4326
2,6098	-1,3671
-0,5359	-3,4642
1,7578	-0,7117
-3,2884	-1,4982
-2,5020	-2,4157
-4,1404	-0,1219
-1,5846	-2,2846
-2,9608	2,4995
-3,0919	0,2057
-0,9947	-3,3331
-2,1089	2,6306
0,8403	-1,4327
-0,6016	-3,5297
2,6097	0,6645
-2,1089	-2,8744
1,6267	0,0092
-2,6331	0,0747
1,7578	-4,7094
-3,6161	2,5651
-1,5845	1,0577
-2,8952	-2,6778
-2,8952	2,6306
-4,0748	-0,2530
-1,7156	1,9097
-0,2082	0,5989
0,4470	-2,5467
0,9714	3,2860
1,2335	1,2543
2,7408	-4,9060
1,3645	-0,3841
2,0199	-1,7603
-0,7981	-3,6608
1,4956	-0,2530
-2,6331	-2,6122
-0,9292	1,7131
-4,7302	0,7300
-2,2399	-2,6778
-4,9269	1,9097
-3,9438	2,1063
-3,6817	-0,5151
-0,9292	1,4510
-0,7981	-0,5807
-2,4365	4,5967
1,6923	1,2543
1,0368	-2,5467
1,6267	2,3030
-2,8298	1,7786
2,0855	0,7957
-0,9292	2,3030
-0,8637	-0,5151
-4,7302	1,6476
-0,8637	1,6476
-6,0410	0,5335
-2,9608	4,7278
-2,6986	3,2204
-2,9608	0,4680
-2,3054	3,9414
-0,4049	2,3685
0,9059	3,2860
-1,0603	4,5312
4,1826	0,4025
0,7092	4,8589
2,1510	2,1719
-1,2569	-0,7116
2,2821	3,2205
-3,7472	1,5165
-0,7326	0,6646
-3,6817	2,4340
-2,8953	-1,4326
-6,1065	3,8758
-4,6648	3,4170
-5,1235	1,0578
-4,2716	4,5312
-3,4195	0,3368
-3,0264	1,3199
-1,1913	2,8272
-2,8298	-2,2190
-0,6015	0,6646
-2,1089	0,9267
3,0029	-3,1365
-5,0580	3,4826
0,7092	-1,4982
-3,5506	-4,0540
1,4956	2,0408
-4,3370	-0,3841
-2,6986	1,6476
-1,9121	2,1063
0,5126	-1,8258
1,2991	4,2690
0,7748	1,9097
4,1171	-3,0710
3,0030	3,1549
4,5103	-0,0564
1,4956	-0,5806
4,2482	-1,8914
2,3476	-2,5467
2,6098	1,9753
-3,1574	-1,0394
1,7578	-2,8088
-4,0749	2,8272
-2,3710	-1,9569
-4,8613	-0,5806
-2,5020	0,4024
-4,0749	-1,9569
-2,6987	4,5311
-1,6500	1,2543
1,2335	-2,9399
2,8063	2,5651
-2,1744	-0,5151
3,5273	-0,9738
0,3815	2,0408
3,1996	-1,1705
-1,6501	2,1063
0,4471	1,1233
-2,2399	-2,8088
-0,9292	3,0239
-4,5336	1,9097
-2,1088	0,2058
-4,0748	2,2374
-1,0602	-0,2530
-1,0602	1,9753
-2,3710	0,7956
2,3477	-1,6947
1,6922	4,0069
5,6900	0,2713
2,0854	-2,1535
5,0346	2,8272
2,0855	-1,6292
3,8550	-2,2190
0,0539	-0,5807
2,4787	-2,4156
-3,6161	1,7786
-1,1913	0,4023
-2,1088	-3,7264
-0,9292	0,7956
-2,5675	0,7300
-2,2399	-0,5807
1,1680	1,5165
-0,9292	-3,3987
0,9714	0,5990
-0,4049	0,0747
3,1340	-4,3817
-0,3394	0,3369
2,8719	-2,2191
-0,0772	-3,6608
1,6923	1,1888
-2,7642	-2,2190
1,2335	0,5335
-3,6817	0,4679
-3,0918	-2,6778
-3,3539	2,4996
-2,5676	1,9097
-0,7981	-1,3671
-0,0772	3,8758
2,1510	0,4679
0,3815	0,9922
3,0685	2,6306
-0,6015	-3,3331
3,5272	3,0894
-0,5360	0,9266
2,5442	-2,5467
-2,5020	1,9753
-1,0602	-0,3185
-2,3709	1,8442
-0,4049	2,5651
-2,4364	0,6646
-1,1913	5,7108
-1,7811	3,0893
-1,1913	0,1403
0,9714	4,9244
0,9058	2,6961
4,2482	1,2544
2,8063	3,1549
4,4448	-0,6461
0,7092	3,5482
6,4109	-0,9083
0,1850	-1,0393
3,0686	4,4657
-0,2082	1,6476
2,8720	1,6476
-2,3054	3,8103
0,3161	0,0092
-0,6014	3,6137
1,2335	3,7447
1,7579	-1,6947
1,8234	3,7448
3,7895	3,5481
3,7894	-0,3185
5,2312	0,0092
2,6098	-1,3015
4,9691	0,0748
1,3646	0,3368
4,1827	-4,7094
-2,0432	2,6306
3,3962	1,1232
-2,1743	-2,6778
-0,2738	1,9097
-1,5844	-2,0225
-0,6670	0,5335
0,3161	1,0577
2,2166	-2,4156
3,0686	0,4024
2,2821	-0,2530
4,9691	-4,5128
1,6923	-0,1874
6,0176	-2,4812
0,9058	-2,4812
4,4448	-2,0225
-0,0772	-3,7264
1,1680	1,3854
-1,8467	-0,8428
-1,1258	-4,9060
-4,7302	1,2544
-3,9438	0,7300
-4,0093	-1,9569
-1,9122	1,9097
-0,3393	-2,2846
-1,3224	0,5335
0,5782	1,0577
0,6436	-3,6608
2,4131	1,6476
-0,5360	0,1402
4,7069	-3,7919
-0,8637	-1,0394
2,6098	-4,1196
-2,3710	-0,0564
0,5782	-1,4982
-2,1088	-5,4958
-1,2568	0,2713
-2,8952	0,4023
-0,4049	-2,4157
-0,7325	0,3368
0,0539	-2,6779
1,4301	-1,3016
-0,1428	-0,1875
3,0685	-5,0371
0,3159	-1,8914
3,0030	-1,2361
-1,0603	-5,8235
-0,9947	-0,1219
-3,7472	-3,5953
-0,3394	-0,8428
-4,7958	1,9752
-1,7156	-2,1535
-4,0093	2,1063
-2,5020	0,7300
-2,5675	-0,1874
-0,0772	2,4995
1,2991	1,5165
2,4787	-0,5151
1,8889	1,9097
1,6922	0,7301
4,9035	1,8442
0,0538	0,4024
3,6583	-3,8574
0,7092	3,3515
1,3646	-0,5151
-2,7641	-1,3015
-0,1428	3,2204
-4,0749	-0,8428
-3,6161	0,8612
-3,4195	2,9583
-1,9122	-0,5806
-0,9947	3,6792
-0,7981	0,4679
2,2821	-2,2845
1,5611	1,5821
3,9205	-0,5806
0,5781	0,1403
4,9690	-0,1219
1,1680	-3,2676
2,7408	0,6646
-0,2082	-1,4326
3,1996	-4,2506
-0,0772	0,1402
1,0370	0,2713
-1,3878	-1,8259
2,0200	-1,6293
-0,6669	-1,0394
0,8403	0,4024
2,6098	-0,7118
2,0855	-2,6123
3,2652	2,5650
1,3646	-0,7773
3,9205	-2,0880
0,5781	0,8611
3,9860	-2,2846
0,1194	1,9753
2,9374	-0,3186
-3,2229	-4,9715
0,3160	1,6476
-2,7641	-0,5807
-0,5359	-1,4981
-1,2568	1,1232
0,1194	-1,7603
1,6923	-0,5806
1,3646	-0,9084
2,6098	-4,6439
3,4617	0,2713
5,1657	-0,9739
2,4787	-6,5444
5,2312	-1,3671
1,8233	-5,4303
2,3476	-3,0055
-0,2082	-1,2361
3,7239	-3,7264
-2,6986	1,4509
-1,0602	0,9921
-2,4364	-4,0541
-0,4704	1,1888
-0,4704	-0,1875
-0,0772	0,7956
0,1850	2,4995
0,2505	-1,1049
2,1510	2,3029
-0,0772	1,5820
3,4617	-1,1704
-0,3394	1,7787
2,0199	0,5990
-1,1913	0,5991
1,1680	3,6137
-2,7641	-0,1219
0,3816	3,8758
-2,2398	2,2374
0,6437	-0,1218
-0,8636	4,0069
-0,4704	3,4825
2,8064	0,2058
2,2165	3,2205
3,8550	0,0092
3,0685	1,5821
5,2312	0,7956
3,4617	-3,4642
4,9691	2,0408
-0,9947	-0,1875
3,0030	-2,4812
-0,1427	1,1233
-0,9291	-1,3016
-3,4850	-0,1874
-0,8636	0,0747
-2,1743	-3,3987
-1,1913	3,7447
-2,6331	-0,2531
-1,0602	-3,3987
1,7578	2,3029
-0,1428	-1,6948
1,6267	-3,6608
0,3815	0,1402
4,1171	-3,7264
-0,3394	-1,4326
1,6267	-2,6778
-1,2569	-4,9715
1,2990	0,5335
-3,6817	-1,7604
-1,7156	-1,6292
-4,0093	0,5990
-2,6987	-1,1050
-3,7472	2,6306
-3,7472	2,3684
-2,5675	-1,6947
-0,1428	4,5967
-0,5360	2,6961
-1,5846	-1,4981
3,5272	2,4340
-1,3225	0,4024
1,7578	2,7617
-2,6332	1,0578
0,7747	-2,7433
-4,1405	4,9244
-1,5845	2,4340
-4,4026	-1,2359
-3,0263	3,0894
-4,3370	1,7786
-2,8953	2,4340
-3,5506	2,3029
-0,5360	-0,5151
0,5126	4,7933
0,4471	4,0724
4,1171	-1,1704
0,5126	4,3346
3,7894	0,5335
1,1024	-0,7772
4,3137	1,4510
-0,4049	-2,8744
3,5273	1,3199
-2,7641	0,1402
-0,6670	-2,7433
-2,0432	1,8442
-0,3393	2,5650
-0,7980	-0,3840
1,2335	0,2058
0,7748	-1,9569
0,8403	2,0408
4,7070	-0,7773
3,2651	-2,6123
4,9036	-0,1219
1,9544	-1,6293
4,4448	-4,5783
0,6437	-1,1050
3,2651	-4,6439
-1,3224	-0,1874
2,2821	-0,6462
-2,9607	-3,2021
-1,2568	1,4510
-2,4364	-0,7773
-0,5359	-2,8089
0,4472	3,0238
0,5126	0,9921
3,0686	-0,4496
1,9544	0,4023
4,3137	-4,5783
1,1680	0,6645
4,1171	-1,8259
1,2335	-6,1512
2,1510	-0,2530
-2,7642	-3,6609
1,1680	-1,3015
-3,8127	-0,1220
-1,3879	-4,2507
-4,4025	-0,5151
-2,6331	0,1402
-0,9947	-4,1851
-1,2569	0,9267
0,1850	0,7956
0,9714	-1,4981
4,1171	1,7786
2,9374	-3,2676
4,1826	1,3199
1,7578	0,2057