-1,1126	0,7615
-1,1127	1,6790
-0,2607	2,5965
-2,1613	1,2858
2,0331	-0,0249
0,9844	0,1062
3,4093	0,7615
-0,3263	0,6305
2,9506	-1,0735
-0,9816	1,0893
3,3438	0,7616
-3,4720	-0,6802
1,1811	1,9412
-2,1612	1,0892
-0,3918	0,9581
-2,6855	0,3028
-0,5229	-0,8113
-0,4573	0,4994
-2,1613	1,4169
1,2466	-0,1560
-0,2608	0,7615
3,3438	1,1547
-1,8336	-0,2215
4,1957	-0,3526
-2,9477	-0,0249
2,4918	-0,2215
-2,0957	1,8757
0,6568	-0,2870
-2,6200	-0,8768
0,3291	1,2858
-3,4064	0,8271
-0,2607	0,8926
-0,0641	0,7615
-0,8505	0,2373
0,9845	2,5310
-0,6540	1,3514
1,5743	1,4169
0,7878	-0,8113
3,7370	-1,0734
-1,2438	1,3514
5,6376	-0,2871
0,6568	-1,7288
3,4093	0,4994
-1,0471	-1,2046
2,7540	-1,7288
0,2636	-1,2046
1,0500	-0,0904
0,6569	-0,7458
2,5574	-0,7458
2,2297	0,4338
0,7879	1,8101
3,2783	0,7615
2,8195	-0,0249
4,7201	1,2858
0,5913	0,8926
5,5720	1,8757
1,8365	-0,0904
4,9166	0,1062
-0,2607	1,8101
2,6229	2,6621
-1,2437	0,3028
2,3607	2,1378
-0,5883	3,1208
0,1325	1,4169
0,6569	2,4000
0,0015	1,0237
3,2783	0,8271
0,5257	1,2203
3,5404	0,2373
-0,3918	2,5966
4,1958	1,4825
-1,3748	2,4000
3,3438	1,5480
-0,3262	1,6791
1,7054	0,2373
-3,6030	0,8926
0,9845	0,7616
-2,3578	2,7276
-1,5714	2,2689
-3,0132	0,8926
-1,6370	2,2033
1,0500	1,0237
-3,0133	0,0407
0,3947	0,3028
-2,0302	-0,5492
2,5574	-0,1560
-0,6540	-1,4012
2,6229	-1,0735
-0,3918	-0,4181
4,5234	-2,6464
-2,6200	-2,0565
2,7540	-2,3842
0,0670	-1,3357
3,2127	-2,0566
-1,8990	-3,6294
1,9675	-1,7944
0,8535	-1,4012
-0,5228	-2,2532
3,2783	-1,9255
0,4602	-0,8114
4,1958	-1,4012
2,0330	-1,2046
5,7686	-3,0396
0,1981	-1,8599
5,3754	-0,7458
-0,2607	-1,4667
3,0161	-2,5808
-0,5883	0,0406
1,3122	-2,5153
-4,1273	-1,8599
0,3291	-1,2701
-1,7025	-0,6803
-1,5059	0,6960
-0,0641	-1,2046
-1,5715	-0,8113
2,2952	1,5479
-1,9647	-0,0249
1,4432	0,0406
-2,4890	0,3683
2,2952	-1,0735
-3,1443	2,2033
0,7223	2,3999
-3,6686	1,1548
-0,1297	2,7932
-3,8652	2,2689
-1,5059	1,6791
-3,0787	2,1378
-1,5059	4,2350
-0,7194	3,0553
0,1980	1,6791
0,9190	1,0237
-0,5884	1,7446
2,8850	0,4994
0,4602	2,0068
4,4579	3,1864
-1,0471	0,8926
4,4579	0,6960
0,4602	1,9412
2,8195	0,3028
-1,3747	3,5141
3,2783	2,0723
0,9846	2,9898
3,6060	3,8417
3,6060	2,6621
3,6060	3,5141
4,9167	2,3999
3,5404	0,4339
5,6376	2,9898
3,8681	2,5966
6,1619	2,0723
3,7370	2,9898
6,2929	1,0893
1,2467	1,9412
5,6376	1,4169
-0,9816	1,0237
2,0331	3,7762
-0,9160	1,5480
1,9675	1,4170
-2,1612	5,4146
0,1980	0,8271
0,0670	0,8926
-0,3263	0,3683
-0,1296	0,8926
-1,7025	-0,9424
0,8534	-2,7119
-2,9477	-2,3187
0,6568	-2,3843
-4,7827	-7,4306
-1,3749	-7,8893
-6,8144	-8,7413
-3,0788	-9,6588
-5,7003	-11,2317
-5,6348	-13,3944
-9,2392	-13,4600
-6,8800	-12,7392
-7,5353	-16,1470
-7,9286	-17,1301
-8,1907	-20,6691
-10,6811	-22,7007
-7,6664	-24,2736
-10,8122	-28,9922
-6,6834	-31,2205
-11,7952	-32,0725
-9,3049	-35,0217
-13,2370	-37,5775
-7,9942	-37,7742
-14,5477	-43,2793
-11,7952	-44,3279
-15,5308	-44,9178
-13,5647	-47,9324
-13,7613	-50,0952
-13,3026	-51,7336
-12,3195	-55,7313
-15,0721	-54,9449
-9,7636	-58,9427
-12,4507	-59,7291
-10,6156	-59,9913
-13,3026	-63,0715
-7,4699	-62,4817
-12,7783	-65,1687
-8,1907	-65,1031
-11,9263	-62,9405
-8,5840	-66,0862
-12,8437	-63,6613
-8,4529	-61,6953
-10,8776	-62,1540
-8,7805	-59,9258
-9,6324	-59,7292
-8,3218	-57,5664
-6,4867	-55,2726
-9,0427	-55,7969
-5,8969	-52,6511
-7,7975	-49,8331
-3,0788	-50,2262
-6,8800	-48,4567
-2,8167	-45,3110
-8,1251	-44,5900
-3,1444	-40,4612
-8,4528	-38,4951
-4,1274	-37,7087
-7,5352	-32,5313
-3,6031	-29,7132
-5,0448	-28,3369
-2,4890	-26,6985
-3,5375	-24,6013
-2,2924	-22,5696
-0,3918	-21,5866
-2,8167	-19,8171
0,9189	-16,7369
-1,6370	-16,0159
2,6884	-13,1323
-2,9477	-13,1323
3,1471	-10,3142
-2,9477	-7,2995
1,5743	-7,5617
-3,0787	-6,9062
0,2636	-2,0566
-0,0640	-2,4498
0,7223	-0,0249
0,0670	0,3683
0,8534	-0,0249
2,6229	0,8926
-2,4234	2,2689
2,4919	0,6960
0,3291	3,4485
3,3438	1,0237
-1,5059	2,4656
3,5404	4,1694
-2,9477	1,5480
-0,1297	3,3830
-3,0787	3,4485
-0,7195	2,2034
-4,1928	4,1694
-1,1783	1,0892
-3,4064	3,8418
-0,4574	2,2034
-0,6539	2,2033
-1,3093	2,9242
2,0986	2,5966
-1,4404	1,0237
2,5574	3,3174
0,3946	1,6135
5,1132	1,1548
-0,7850	1,7446
4,3924	0,7616
-0,9816	-0,0904
2,4918	1,8757
-0,3917	2,3344
1,8365	1,6791
-1,2437	1,5480
0,8534	-0,1559
0,7224	3,5796
1,6398	1,1547
2,6229	1,6135
0,1980	0,1717
2,6885	-1,7944
0,2636	-1,0079
4,9167	-3,2362
-0,7195	-2,0565
2,0986	-0,6148
-2,2268	-2,5153
1,7709	-3,8915
-2,5545	-2,5153
-1,3093	-1,2701
-3,6685	-2,1221
-0,5884	-2,3187
-2,8166	-1,8599
-3,0133	-1,1390
-2,3578	-1,7944
-4,5861	-3,0396
1,9675	0,0406
-2,0958	-1,7944
0,9845	-2,0565
-2,2924	-2,0565
1,9020	-2,1221
-3,8652	-1,0080
0,9845	-3,1706
-3,2754	-2,0565
-1,5059	0,4338
-4,9793	0,0406
0,0670	0,0406
-2,4234	0,9581
-3,5376	0,9581
-2,3578	2,0722
-3,6031	1,1547
-0,1296	0,3028
-4,0619	2,5966
-1,0472	2,1378
-4,1274	1,8102
0,3291	2,0723
-4,7828	0,9582
-1,0472	2,2689
-5,5036	1,5480
-2,4235	1,2859
-7,2075	2,5310
-1,1127	3,4485
-4,1273	2,6621
-3,0133	2,7932
-3,2098	1,0892
-1,8992	2,7931
-1,7025	-0,1560
-3,1444	-0,0904
-0,7195	1,2203
-2,1613	-0,8769
0,9845	-0,2870
-2,2924	2,5310
3,0816	-0,8769
-2,9477	1,2858
1,6398	0,9581
-3,3409	0,3028
1,5743	1,2203
-2,1612	0,8271
-0,2607	0,1717
-0,8505	3,6451
1,3121	1,4824
-0,5883	0,3684
-0,3918	3,9073
2,1642	0,9581
0,1325	2,0723
4,3924	0,8271
1,7709	0,1062
3,9336	0,3684
-1,3748	1,4169
4,5234	1,3514
-0,7194	0,7616
2,2297	1,8757
-2,2267	2,0068
0,4602	1,2203
-0,5883	0,4339
1,6398	4,0383
0,6568	0,5649
0,3947	0,0407
1,2467	0,8271
0,0670	0,4339
1,9675	0,7615
0,4602	0,3028
4,5890	-0,2215
-1,3748	0,3683
3,7370	-0,1560
-1,3093	-0,6803
3,9991	0,6960
-2,7510	-1,5322
0,5257	0,3683
-2,0301	0,6304
0,9845	0,2372
-1,0471	0,9581
-0,8505	-0,2871
1,1812	-0,2215
-0,3918	0,1717
1,1156	-1,7944
-0,9161	1,4169
2,2297	1,3513
-2,0957	-1,5977
3,2782	-0,6803
-2,2268	-0,8113
1,8364	-0,6802
-2,7511	1,0892
-0,2607	-1,6633
-2,4889	0,8926
-1,0472	1,7446
-4,1928	-0,5492
0,7879	1,0892
-1,1782	1,2858
-1,0472	-1,1390
1,7054	0,8926
-1,3749	1,9412
1,3777	-0,2870
-0,9161	0,8926
3,0816	1,4824
-0,6539	-0,2215
3,2782	-0,0249
-1,8336	0,0407
2,8195	1,9412
-2,0957	-0,2870
1,7054	0,8271
-1,6369	2,2689
-0,1952	1,6790
-0,7194	1,3513
0,3946	0,0406
-1,7025	-0,4181
-0,5229	0,3683
1,0500	-1,2046
-2,1613	-3,1051
0,1325	-0,4181
-2,2924	-3,1051
0,9189	-2,3842
-3,6031	-1,8599
0,4602	-2,1876
-2,2268	-1,4667
0,8534	-2,7119
-4,3239	-2,9741
2,4263	-1,1390
-2,0301	-2,5153
1,0500	-2,0565
2,0331	-1,6634
2,8850	-3,6949
2,8851	-1,0735
0,6568	-1,4667
5,5720	-3,8260
1,8365	1,6790
5,6376	-1,3357
2,6229	-1,4667
4,9822	1,0892
-0,3262	-1,7944
4,4579	-0,3526
-2,2267	-0,8113
2,2952	-1,8599
-0,6539	1,2858
-0,2607	1,7445
-1,0471	-1,1390
-1,9646	0,9581
0,9190	0,1061
-1,5059	1,2203
1,7709	0,4994
-1,5715	-0,9424
4,0647	0,6960
-1,7025	0,1717
2,0331	0,8271
-1,1127	2,2033
2,0986	0,3683
-3,2753	1,6791
0,9189	4,0384
-3,7996	1,2859
1,3777	2,9898
-1,1782	2,9243
-0,5228	4,6937
1,1811	4,1694
-1,1782	3,5796
1,3122	1,8757
-0,5884	5,0870
1,5743	1,4169
-0,2607	0,8927
3,8025	3,2519
-1,8991	2,4000
2,0330	2,5310
-1,0471	1,6135
1,1810	1,6135
-4,1928	1,6135
0,5257	0,6960
-3,2753	0,8271
-0,7195	-0,2215
-0,6539	0,4994
-1,3093	0,6305
-1,2437	-0,1560
-1,5715	0,4994
2,2297	1,2203
-2,8167	-1,0079
0,1981	0,4338
-0,9816	-1,3356
1,2466	0,3028
-3,5375	1,6135
0,0014	-0,8769
-4,3239	-1,5977
-1,3749	1,6135
-3,4720	-1,0079
-1,6370	-0,1560
-3,8651	0,0406
-2,3579	0,9581
-1,7025	1,2203
-2,2924	-0,7458
-0,0641	1,8757
-3,0133	3,1208
2,1641	1,4169
-0,5229	1,5480
4,1302	1,0892
-1,7025	0,8926
4,2613	1,4825
-0,3918	0,8926
2,0986	0,6960
-2,0301	1,5480
1,9020	2,5966
-0,9816	0,6305
0,3946	2,1378
-2,4233	2,0067
-0,5228	1,8101
1,8365	1,5480
-1,0472	2,3999
1,3777	2,7276
-0,1296	2,1378
3,1472	2,6621
0,7223	1,7446
4,7856	0,7616
-1,7680	3,1209
3,0161	2,5310
-0,2607	-0,3525
1,3121	3,3175
-2,6855	2,2689
0,5257	1,4825
-1,0471	3,8417
-1,0471	1,2858
-0,5884	1,2858
-1,6370	2,5965
-0,3918	0,6305
-3,4065	1,9412
0,7223	0,8926
-1,3093	0,1062
0,9844	3,4485
-4,2584	-0,4837
0,1325	1,6135
-4,2584	2,9898
-3,2754	1,6135
-4,7827	0,7616
-1,7026	0,5650
-5,7002	1,4169
-3,9963	1,1548
-4,1929	1,8756
-4,1274	0,2372
-2,2268	-0,3526
-5,6347	-1,1390
-3,1443	2,2033
-4,8483	-2,0565
1,0500	-0,4836
-3,0133	-0,6147
1,8364	-0,8769
-3,0788	-1,8599
0,1325	0,4994
-0,7850	-2,0565
1,0500	-1,0079
-2,4889	0,0406
0,9845	1,5479
-1,4403	0,9581
-0,3262	0,6960
0,7224	-0,5492
0,5912	0,5649
3,2127	-0,0904
-0,7195	0,6960
3,7370	-1,1390
-0,9816	-0,2215
3,6715	-0,1560
-1,1127	-2,5808
2,7539	-1,0734
-3,8652	1,0892
1,8364	0,3028
-3,2098	-1,1390
-0,4573	-0,0249
-3,4064	0,3028
-2,4889	0,1061
-0,7194	-0,6147
-1,0472	0,2372
-2,2923	-0,0249
-0,5884	-2,1221
1,8364	-0,4837
-1,6370	0,4338
4,6545	-2,7774
-2,3579	-1,5978
2,3607	-2,5153
-0,9161	-2,1221
3,0161	-0,6803
-2,4234	0,1717
0,4602	-1,2701
-1,3748	0,6960
0,5913	-1,4012
-0,5228	-0,6803
0,8534	0,6304
1,3122	-0,2215
0,3291	1,1547
2,4919	-0,7458
2,2296	0,3683
4,7856	1,7446
2,0331	-0,5492
5,1133	0,8926
1,9020	1,8101
6,2274	1,6790
0,6569	1,6791
2,6885	1,3514
0,7224	1,4169
2,7540	4,4971
2,2297	2,9898
1,4433	3,9073
2,6885	2,2689
2,2297	2,6621
3,0161	3,8418
1,3121	1,9412
3,4749	3,0553
0,7878	4,4971
3,9991	1,8757
-2,6856	1,8102
2,4263	2,3344
-1,5059	-0,1559
-0,3918	2,2689
-4,7172	2,4655
-1,5059	1,0892
-4,0618	4,4316
-1,9647	1,2203
-4,1928	2,4655
-2,1613	4,3005
-3,0132	1,0237
-2,9477	2,0723
0,2636	0,3683
-3,8652	-0,0249
1,0500	0,8270
-1,1783	-1,4667
1,9675	-2,2531
-4,7827	-1,3357
0,3291	-4,0882
-4,7827	-2,6464
-0,5884	-2,7774
-4,7171	-3,0396
-1,2438	-1,2046
-1,7680	-2,1877
-0,6539	-3,4328
-0,7194	-1,5323
-0,6539	-1,4667
1,6399	-2,3187
-1,1127	-1,3357
3,0161	-1,9255
-1,8991	-0,3526
4,5234	-1,5323
0,0670	-3,2362
4,6545	-0,0249
-0,6539	-1,5322
1,9020	-0,4181
-1,2437	-1,4667
1,3777	-0,3526
0,4603	-0,3526
1,4433	-0,9424
0,6569	-0,0904
1,6398	0,4993
2,5574	-2,3187
-0,3263	-0,0249
2,1642	-2,2532
-1,1782	-2,5153
2,4918	-2,5153
-1,3093	-0,0905
3,2782	-1,7944
-2,3579	-1,4012
2,5573	-1,4667
-3,3409	-0,5492
1,4432	0,4338
-2,8166	-0,2871
0,0014	1,2858
-1,8335	1,2202
-0,1952	-0,5492
-0,9160	0,8926
-1,2438	-0,4181
2,7540	-0,0249
-1,6370	2,6621
1,5743	2,0722
-1,7681	2,0067
4,1302	1,8756
-0,1297	0,7616
3,0816	3,0553
-1,3748	3,3174
3,2782	1,2203
-2,6200	3,4486
2,2952	1,3514
-0,5228	2,3344
0,9190	1,0237
-0,4572	1,8757
-0,6539	2,7276
2,0986	0,1717
-1,1782	-0,8113
2,4263	2,5966
-1,2438	0,6960
5,1788	-0,5492
-1,2438	2,0722
3,0161	0,8271
-1,7680	-1,8599
2,4918	-0,4181
-3,7996	0,3683
0,9189	-1,5322
-3,2098	-0,8769
1,4432	-0,8769
-1,5714	1,0236
-0,5229	-0,3526
0,0670	0,4994
-1,1127	-0,4182
0,7879	-1,5978
-0,9161	0,3683
1,1811	-0,3526
-1,1783	-1,5978
3,0161	-0,2871
-2,3579	-1,0735
1,6398	-1,1390
-3,1443	-0,7458
0,1980	-1,7289
-3,6685	-1,6633
-1,1127	-1,7944
-3,2753	-1,3356
-0,6540	1,2858
-1,9646	-0,8114
-0,1297	-1,1390
-0,1952	-1,2701
-4,5206	-0,6147
2,2297	-0,0249
-0,5229	-2,4498
2,3607	-1,5978
-2,3579	0,8270
1,9675	-1,2701
-2,2268	-2,5153
0,1325	-0,4837
-2,5545	-1,8599
-0,3918	-2,5808
-3,9307	-0,8769
-0,8505	-0,8114
-1,9646	-1,2701
-0,8506	-2,1876
-1,4403	-0,5492
-2,0302	-0,2871
0,3291	-2,6464
-1,1783	0,0406
2,8850	-2,6464
-2,2924	-1,3356
2,2952	-0,2215
-1,2438	-2,9740
1,8364	-1,9254
-4,5205	0,7615
0,6568	-0,9424
-3,9962	-1,1390
-1,2438	-0,0249
-4,8482	0,6960
-2,1613	1,0237
-3,7341	0,1717
-3,8652	-0,0249
-0,9161	1,4169
-5,5692	0,5649
0,5912	-0,8769
-2,7511	0,3028
1,9020	-1,4011
-3,5376	0,8926
1,4432	-1,2701
-3,0133	-1,0079
0,5912	0,9581
-5,1759	-2,5808
-1,5059	-1,4667
-4,9137	2,1378
-2,2923	-0,9424
-1,0471	-0,6147
-1,3749	0,4339
-2,1612	2,3344
-0,1297	2,9898
1,4432	1,8757
-1,5714	2,5310
4,1302	3,0553
-1,7025	1,0892
4,2613	2,6621
-1,9647	2,0067
1,7054	3,5796
-2,6855	2,7931
0,3946	0,1717
-3,2098	1,0893
-0,9161	2,3999
-2,6200	-0,3526
-2,4890	2,1378
-2,8166	1,9412
-2,3579	-0,8113
-0,7850	2,0723
-3,4065	1,2858
0,3946	-1,0735
-3,4720	1,8756
0,5913	-1,4012
-2,3579	-0,0904
1,5743	0,4994
-3,3409	-0,8769
0,4601	-0,1560
-3,4719	-0,7458
1,1811	-1,1390
-2,6855	0,6960
-0,7850	-1,0735
-0,1951	-1,7944
-0,6539	1,2858
1,2467	0,6960
-1,1127	-0,4837
2,0331	0,5649
0,8534	0,3028
5,4409	0,3683
0,3947	0,3683
6,1619	-0,8113
0,5913	0,8926
2,7540	-0,9424
-1,5058	-0,5492
3,2127	1,2203
0,0670	1,0892
-0,1952	1,9412
0,7224	-0,4836
1,9675	1,0237
1,8365	5,2835
0,5257	2,5310
2,4919	0,4994
1,0500	2,3344
4,4579	1,2858
-0,4573	0,1717
4,1958	-0,1560
1,0500	-0,8768
2,4918	2,3344
-1,6369	-0,6147
3,5404	-1,9910
-2,2267	0,4994
1,4432	0,3683
-2,2922	-0,1560
1,7709	-1,7944
0,1981	-1,0079
0,0014	0,6304
1,5088	-1,4012
-1,2438	-2,5153
3,0161	-1,6633
0,6568	-3,4983
2,8850	-2,2532
-0,1297	-2,3187
4,3923	-3,7605
-0,9816	-3,3673
2,2297	-3,1051
-1,4403	-3,6294
1,0500	-3,1707
-3,6030	-4,1537
0,1981	-2,9741
-0,1296	-3,8261
0,3946	-4,2848
-0,1951	-1,6634
0,9189	-3,5639
3,2127	-2,2531
-0,3918	0,3683
2,8851	-2,1221
1,0500	-0,7458
4,6545	-0,7458
-0,6539	-1,7944
3,8681	-1,3356
-1,6370	-1,1390
1,7054	-2,5153
-1,7680	-0,2215
0,9189	-1,5978
-1,1781	-0,2871
1,9675	0,5649
-0,1951	-2,4498
1,4432	-1,9254
2,9506	-0,0249
1,1155	0,3683
3,2783	-1,0079
0,8534	-0,5492
5,9652	-1,1390
-0,3262	-0,2870
5,5720	-0,5492
0,3947	-0,2870
3,2783	0,8271
-0,3262	0,2373
3,2127	2,1378
-1,2437	-0,8113
1,1156	0,5650
-1,3092	1,4824
1,3777	-0,1560
1,5744	0,8271
0,5913	2,1378
3,0161	-0,7458
-0,5229	0,6960
3,6715	-0,2871
1,1811	-0,4836
2,0986	-0,2871
-0,9160	-1,8599
4,0647	-1,5322
-1,5059	0,2373
2,3608	-0,1560
-2,6855	-0,2870
2,8850	-0,0904
-0,3262	0,3683
0,4602	0,4994
1,9676	-0,0249
0,5913	1,3514
3,0162	0,8926
0,7878	1,1548
1,4433	1,5480
-1,6370	0,1717
4,0647	-0,0249
-1,3093	0,0407
3,4093	-0,4836
-2,0302	-1,4011
0,7879	0,8271
-3,2098	0,0406
0,5912	1,1548
-3,6685	-0,5492
0,0670	-0,0904
0,1981	0,9582
-0,3263	0,4994
0,5258	-0,6147
0,0014	2,8587
1,5088	-1,4012
0,5912	-2,4497
4,9822	-0,1560
-0,1297	-2,7774
4,3924	-1,5978
0,1325	-2,1221
2,7540	-1,5978
-1,8991	-0,5492
0,7223	-4,9401
-2,3578	-1,5322
1,1155	0,6304
-2,4233	0,6304
0,9845	-0,0249
-0,6539	-1,0080
0,2636	-0,6803
1,9676	0,6960
-0,3263	-1,9910
3,4749	-0,8768
0,4602	0,5649
3,2127	-0,6147
0,2636	0,5649
3,1472	0,2373
-0,9161	-1,0734
1,9020	4,1039
-2,4234	1,2858
1,7709	1,2203
-1,7680	2,5310
0,1325	1,7446
-0,7849	2,4000
-1,3093	0,7615
-0,8505	1,4169
-1,8336	1,4169
1,8365	0,3683
-1,0472	-1,3356
0,7879	0,7616
-1,1782	-0,4836
4,3268	0,6305
-2,3579	1,8101
1,5088	-1,4667
-2,4889	0,2373
0,3946	1,4169
-2,4889	-0,4181
0,3291	2,2689
-2,2267	1,1547
0,0670	1,0892
-0,3262	2,9897
-0,5229	0,4338
0,9190	0,2373
-1,5715	0,1717
2,0330	1,2858
-2,0302	0,9581
3,1471	-0,0904
-2,9477	0,1062
4,0646	0,2372
-3,6686	0,4994
0,3946	0,4994
-5,8313	0,8926
-1,1127	0,3683
-4,5205	1,4169
-2,4890	-0,6147
-3,7341	0,8271
-3,6031	1,8101
-2,0957	1,1547
-1,9647	0,7615
-0,0641	1,8101
-1,8991	0,8926
2,0986	1,4824
-0,4574	0,8926
2,8195	2,0067
-0,9816	1,2203
2,2952	0,3683
-1,3748	-1,4667
1,7709	0,6960
-2,5544	0,9582
0,3946	3,3830
-2,8821	-0,6803
1,1155	-0,2870
-0,2607	2,0722
-1,5714	-1,1390
-0,1296	-0,1560
-1,5059	2,6620
1,7709	-0,8769
-2,2924	-0,4181
3,0161	1,2203
0,0669	-1,0735
1,9675	2,3999
-3,5375	-0,4181
1,6398	1,4169
-2,2923	1,8756
-0,2607	1,1548
-2,6855	1,5480
0,1980	0,7615
-1,3748	1,0892
-0,7850	2,9242
0,1981	0,9582
0,9189	3,3175
2,4263	2,0723
-0,8505	-0,5491
4,5890	2,3344
-0,4573	0,9582
5,8342	-0,3525
0,5913	1,0892
1,8365	-0,1560
-1,2437	0,4339
1,6398	0,1717
-3,0787	-0,0904
0,4602	0,3028
-0,6539	0,9581
-1,8336	0,3028
-1,2437	0,8926
1,3777	-0,2871
0,7223	-2,9740
-2,0302	0,8926
2,6229	-1,4012
-1,1127	-0,6802
3,3438	-0,0249
-0,8506	-2,4498
3,4093	-1,6633
-3,9962	-1,2045
2,1641	-0,7458
-3,0132	-0,2871
0,9845	-0,5492
-0,7850	-1,9910
0,7879	0,1717
-0,9815	0,2372
0,7879	-1,7944
2,2297	-0,0249
-1,3748	-0,3526
1,6399	2,0722
-0,1952	-1,2701