-29,6467	-65,3623
-33,8408	-66,6074
-36,5932	-64,3138
-15,8186	-54,2212
-24,2727	-50,2892
-16,3429	-56,9737
-29,0567	-51,5342
-31,6127	-69,0978
-23,1582	-55,4660
-13,0662	-39,3446
-24,7311	-53,8278
-16,7360	-48,9781
-13,3279	-45,3739
-23,2240	-50,8786
-14,1798	-34,1017
-31,6126	-52,8450
-21,9132	-59,2672
-36,7244	-51,7308
-21,5202	-51,4687
-39,3460	-62,6098
-31,1540	-61,1024
-34,8895	-63,0030
-20,9306	-63,1997
-43,2780	-66,0834
-25,6489	-69,6224
-13,9180	-78,8630
-27,1564	-85,2200
-21,6509	-92,2324
-12,6073	-85,7445
-14,6388	-91,5772
-37,7073	-92,6258
-18,4397	-95,7061
-36,5278	-101,7352
-19,1608	-92,2982
-35,1516	-103,7670
-19,0954	-104,0946
-41,1154	-96,8202
-31,3505	-97,4101
-35,0206	-97,0169
-25,7147	-108,9444
-38,9528	-106,6506
-35,0208	-96,4927
-30,6952	-103,7017
-37,5769	-108,3546
-41,8364	-99,7040
-46,4896	-105,2091
-33,9067	-115,6947
-62,8736	-106,7164
-29,6469	-112,5492
-57,2378	-116,4813
-44,7857	-117,3990
-47,4073	-127,2293
-35,1521	-132,9965
-62,2839	-143,5478
-51,8635	-145,3829
-50,4218	-148,4632
-56,7133	-154,2960
-50,0285	-151,9368
-48,4560	-158,5560
-49,2421	-160,2599
-54,0920	-150,8230
-53,8952	-164,3234
-56,0580	-164,9131
-48,6524	-171,4012
-54,7474	-167,9932
-52,1914	-161,6364
-63,8567	-163,3404
-49,7010	-162,3572
-55,2717	-149,9055
-57,4345	-166,2240
-67,7890	-161,2432
-59,9904	-166,8138
-72,2456	-178,5446
-70,1485	-173,9572
-72,3111	-189,1616
-59,8595	-179,0691
-58,6142	-178,0861
-76,1124	-183,7878
-68,2477	-189,2927
-70,5418	-185,0331
-60,4491	-178,2173
-73,4253	-175,9236
-62,4152	-193,1596
-71,7869	-184,5743
-59,6628	-181,5599
-70,7383	-208,7573
-68,8379	-215,3107
-75,0637	-207,7744
-72,8357	-234,5131
-88,1708	-229,5979
-77,3576	-228,2220
-78,8648	-235,0379
-88,4988	-248,9315
-72,2457	-256,8613
-83,7802	-247,2930
-62,8742	-245,3274
-86,7293	-269,2478
-68,6414	-252,6671
-91,3167	-239,8226
-72,5736	-262,1701
-94,1349	-252,0120
-97,6739	-249,3252
-99,1812	-270,8865
-96,4291	-257,1894
-118,6455	-272,8527
-110,9126	-281,6342
-111,4368	-273,4426
-129,2629	-292,1859
-120,5463	-283,2075
-136,5374	-303,0651
-124,9373	-320,6284
-144,9261	-304,1792
-132,7362	-312,4370
-149,0548	-319,9734
-132,8020	-310,4055
-156,7882	-327,9693
-149,6448	-326,0685
-167,6017	-325,6102
-154,0360	-341,4043
-159,3444	-336,6858
-163,3423	-349,1377
-176,6460	-358,0505
-178,6777	-344,2226
-163,1457	-370,8958
-182,1512	-358,3128
-163,2767	-377,8427
-179,9232	-363,3591
-174,4178	-362,1142
-184,8382	-380,5954
-180,2507	-392,3260
-202,0741	-374,3693
-174,9423	-387,5424
-205,8753	-398,0280
-184,7728	-391,4747
-196,5038	-401,1740
-198,5354	-406,4169
-201,3534	-413,7571
-203,7128	-408,2522
-194,1446	-413,3642
-201,4193	-429,2239
-187,5911	-432,7627
-206,9900	-424,3090
-204,1718	-449,2780
-216,0339	-440,2997
-211,5775	-454,5213
-231,4349	-474,7062
-219,3765	-452,4897
-238,9061	-464,0898
-232,0906	-482,7676
-232,4838	-475,9518
-227,8966	-483,4887
-249,3922	-489,5835
-240,0861	-499,4140
-246,0498	-516,3221
-248,9336	-507,6061
-246,9673	-509,2446
-254,1110	-516,7813
-254,0454	-503,4777
-265,5143	-523,9251
-257,1912	-524,8424
-281,9638	-526,7431
-255,7496	-538,8673
-266,6287	-534,9352
-277,1144	-546,5351
-285,2407	-552,6954
-274,2964	-545,4212
-288,9764	-566,9826
-285,0444	-559,3147
-281,6365	-570,9805
-297,6932	-583,6943
-298,7414	-567,5727
-308,5067	-586,1850
-312,3077	-590,9035
-331,0512	-574,1266
-319,3858	-599,2924
-346,7800	-607,2877
-334,2626	-601,2585
-355,6274	-616,9217
-333,3453	-607,2225
-342,7171	-619,8712
-360,6084	-634,4856
-355,2342	-633,0440
-343,9626	-648,5761
-359,9531	-653,7533
-371,5532	-639,9257
-376,6648	-651,6565
-369,3906	-662,0114
-370,4390	-659,2587
-385,3816	-655,1956
-373,7814	-659,9143
-384,5951	-669,1548
-367,4246	-669,0235
-389,0515	-660,0453
-368,3419	-676,2326
-383,6119	-666,9920
-368,1453	-666,5336
-374,9609	-671,1865
-374,1746	-677,9368
-377,9100	-686,7187
-358,0529	-693,4687
-371,6843	-662,9946
-379,6142	-685,0151
-367,9486	-688,0293
-377,5827	-679,3132
-372,4707	-675,3154
-369,6528	-676,1020
-363,4925	-680,8203
-386,9541	-668,8928
-361,9194	-658,6038
-370,5702	-678,3299
-361,8539	-671,7105
-381,6455	-667,9095
-366,0481	-657,7513
-365,0650	-640,5156
-353,0722	-653,6882
-368,7349	-640,7120
-356,1522	-643,2679
-357,5938	-639,7288
-361,3295	-646,2823
-348,2221	-633,4373
-372,4706	-633,0440
-345,8628	-632,3229
-372,2085	-620,1333
-352,2197	-618,1015
-359,4289	-601,7175
-347,6323	-610,7614
-354,5792	-600,2099
-355,0377	-582,6463
-349,1393	-585,2022
-334,7218	-580,0900
-347,3043	-573,9953
-332,1656	-574,8470
-332,0999	-558,5285
-327,2503	-566,5894
-323,7111	-553,6130
-319,5825	-541,1614
-310,8004	-542,2753
-318,7960	-537,2290
-300,7079	-530,5441
-316,6333	-529,2333
-308,6377	-510,2278
-315,1913	-509,9657
-303,8538	-516,3878
-329,8712	-486,1758
-316,1745	-490,6323
-326,9221	-488,0760
-314,4050	-467,3667
-320,6307	-479,1631
-318,1404	-463,6964
-309,7516	-461,0750
-316,3053	-457,4702
-299,5278	-433,6808
-301,4285	-450,5890
-280,3914	-446,1320
-302,4114	-413,4298
-276,7867	-424,8986
-286,0928	-403,2058
-274,4929	-405,1720
-281,9639	-395,9966
-266,3009	-375,8117
-267,5461	-393,8338
-273,7721	-377,7773
-272,1334	-360,1482
-257,0604	-377,5150
-270,5607	-362,7693
-281,5051	-364,7353
-257,8465	-355,9535
-270,1674	-337,1447
-256,2081	-349,2690
-257,9777	-349,2686
-252,0792	-328,8215
-249,3268	-340,8801
-240,0206	-345,9261
-251,8169	-324,6270
-233,1392	-330,2630
-246,3118	-315,5173
-230,1900	-314,0755
-239,1026	-309,5532
-229,8623	-293,5626
-224,0293	-299,7228
-227,6994	-297,2321
-214,4610	-286,6809
-219,7041	-276,7849
-200,6985	-267,2166
-224,0949	-277,5713
-209,6767	-271,6071
-220,5558	-255,9444
-204,8270	-264,2017
-207,1209	-260,6625
-201,0260	-233,0066
-204,5649	-262,1044
-200,0429	-245,9168
-198,9287	-242,5090
-191,0646	-235,5621
-205,4821	-236,6108
-178,9403	-246,6377
-200,9602	-246,2443
-191,9163	-230,1227
-188,0494	-244,0164
-188,9671	-255,8781
-174,9423	-244,2128
-185,1005	-238,9700
-170,8790	-231,6301
-196,1103	-241,3948
-167,4710	-243,8849
-186,3455	-213,3453
-177,7601	-218,3917
-170,6822	-226,7798
-171,4689	-204,4320
-174,9420	-208,5608
-178,0879	-191,3901
-170,1577	-190,9969
-152,6601	-188,7685
-169,3060	-168,6489
-161,9004	-170,6151
-160,0653	-173,2363
-161,5071	-170,6148
-152,2009	-175,2021
-158,7546	-138,1744
-145,1884	-156,3936
-155,2811	-153,4440
-141,3873	-145,7765
-158,2954	-143,3516
-128,6732	-139,8780
-142,2392	-141,8443
-136,4719	-142,5649
-133,5882	-142,3030
-123,2992	-147,5456
-117,1387	-146,6937
-114,2552	-135,1596
-110,7160	-154,5581
-120,4152	-138,8950
-98,0675	-142,3685
-115,7623	-152,1332
-102,3272	-138,2397
-111,6989	-150,9537
-93,6111	-150,9534
-123,1020	-124,6083
-100,8199	-145,6453
-117,7281	-134,3073
-111,1746	-121,2659
-124,7405	-127,8194
-113,5340	-128,5401
-122,3157	-128,7366
-114,5828	-114,0567
-119,8910	-114,7121
-125,8549	-133,3895
-110,9128	-112,9422
-126,9690	-102,7188
-111,3058	-117,8574
-125,2650	-113,5973
-106,5217	-91,6430
-121,7258	-105,7987
-101,0821	-102,6528
-110,1915	-101,1455
-99,6403	-83,7785
-97,8707	-92,4293
-103,1136	-108,2888
-99,9022	-92,4945
-94,3973	-76,2419
-82,7973	-89,4145
-99,2469	-88,4969
-83,5835	-83,5161
-96,6254	-82,2709
-85,4840	-73,1614
-86,1396	-77,7490
-87,6468	-79,3216
-100,7539	-56,9740
-68,3792	-71,0644
-94,7246	-70,8019
-77,9473	-68,0497
-75,7847	-72,3748
-69,4933	-63,7241
-82,5348	-72,4404
-74,4085	-75,6516
-80,6342	-61,0371
-77,4886	-73,1612
-64,9056	-65,8865
-80,2411	-55,1389
-67,7237	-61,5613
-77,3575	-48,9784
-68,5755	-61,3647
-80,2410	-66,6728
-62,3496	-47,4710
-84,3697	-47,6676
-68,7064	-58,4153
-67,9856	-51,9928
-64,5125	-46,8809
-74,3426	-36,9195
-62,0220	-52,3204
-65,2331	-34,8877
-61,8910	-19,1592
-52,7813	-51,4685
-51,0119	-39,6060
-35,5454	-32,9217
-60,3834	-42,1623
-29,8434	-28,4653
-45,0479	-40,8517
-28,7291	-55,4659
-40,8533	-36,1330
-14,1801	-46,6844
-35,2826	-53,3033
-22,5033	-40,2618
-40,3288	-47,5364
-26,1733	-54,4175
-46,7516	-49,4368
-41,4434	-45,9635
-46,1620	-37,0506
-68,9032	-52,4515
-56,7789	-45,2425
-75,5225	-40,1307
-68,9687	-40,3929
-71,9836	-41,5069
-60,3183	-35,4120
-97,8046	-36,9193
-63,9880	-28,0719
-76,7677	-36,8537
-65,9542	-25,1881
-81,6827	-10,3117
-69,3621	-20,6008
-76,4397	-27,4818
-54,8130	-17,6515
-72,2455	-22,6322
-60,1868	-29,3823
-55,5993	-26,0399
-58,5484	-13,3917
-47,4072	-18,4381
-60,7766	-22,6979
-51,9291	-27,2855
-52,8467	-29,5793
-32,0062	-39,2132
-47,6692	-43,8007
-31,6129	-47,2085
-42,2295	-42,6864
-30,4331	-35,0189
-20,9957	-44,1284
-17,6537	-36,5915
-34,1029	-24,7952
-34,4306	-38,7543
-23,2895	-23,2877
-30,2365	-21,8460
-29,8430	-27,8095
-32,6613	-14,7680
-21,5858	-19,8143
-48,3245	-14,2435
-27,5494	-4,2167
-43,3438	-6,9692
-32,1371	-19,8142
-41,5741	-15,2921
-19,9475	-19,6175
-32,6613	-12,3431
-15,0978	-21,0595
-26,7630	-10,8357
-23,6828	-9,2633
-29,3187	-28,3993
-32,9889	-19,6176
-17,0635	-16,6031
-20,4716	-21,7149
-26,3696	-26,1056
-27,0249	-33,3146
-6,6434	-25,4501
-32,9233	-14,7024
-13,0656	-26,2368
-21,3889	-26,8264
-15,1630	-17,7826
-27,0250	-12,0811
-26,7628	-19,4210
-25,8452	-17,7826
-22,1100	-21,5836
-21,1268	-7,2312
-23,2897	-19,8141
-18,7675	-20,0761
-24,7970	-3,2336
-13,5902	-12,2775
-29,1879	-9,2626
-12,6727	-4,6754
-38,1007	-15,4887
-13,9178	-5,9861
-26,5665	-21,2558
-14,9009	-13,0638
-24,5345	-7,1658
-16,2771	-5,7895
-20,9300	-14,1124
-8,2161	2,0093
-14,1797	-9,1974
1,1556	-9,0007
-5,7256	-1,2674
-8,7402	-9,9181
9,0857	4,3687
-0,3516	-5,5928
7,5128	-12,6049
-4,8079	-0,8086
12,0349	-10,7047
-0,2860	-26,1709
14,7874	-13,5880
-5,7253	-13,2605
0,1731	-5,7239
3,5154	-18,0447
14,6562	-12,3429
1,7459	1,5504
10,8551	-26,6298
4,1707	-11,6875
12,1658	-21,0591
7,3163	-9,8524
-1,2036	2,2717
2,2701	-11,8842
0,6314	-2,0535
7,1195	10,2670
-6,3154	4,3688
12,1657	11,8400
-10,9029	-2,0536
-5,6598	5,6143
-6,3808	16,4275
8,6269	-2,7744
6,4644	-4,0848
11,9036	18,0660
-5,0043	3,8447
16,3603	6,0730
16,0326	11,7745
14,8530	4,6310
24,2902	4,5656
10,6587	-9,0005
23,8972	-1,7260
15,1152	4,0411
22,7830	-2,1849
17,8677	-14,7678
19,3096	-10,3769
23,7005	-12,4086
32,6787	-20,7972
16,0984	-19,9452
35,5624	-5,5275
25,7975	-14,8991
12,4938	-21,5181
15,3776	-27,4163
22,4550	-17,4549
20,0960	-13,8503
3,5808	-4,3478
21,0790	-17,5205
3,0564	-22,0421
4,0397	-2,2503
4,3017	-1,7261
11,5760	-8,3451
-10,4438	16,6240
14,2631	-4,3475
4,6947	6,9250
10,7896	-2,2502
-0,9413	-0,9393
7,7093	15,1169
4,0395	6,0729
9,2165	4,5657
-2,5795	19,9009
2,0734	1,5509
21,9308	2,9274
-0,4171	10,0050
-5,7907	-0,1530
-15,0968	5,5486
13,2801	-2,2502
-5,5290	-4,1506
11,8381	10,2015
-11,4927	1,6819
-1,7934	-2,3812
-13,0655	11,4468
-8,2814	5,1551
-1,5967	-3,2332
2,6628	-2,7089
-3,1042	1,8787
-13,3278	8,3011
-16,0801	-2,7744
-14,3763	7,2527
-2,7109	7,2526
-15,3594	8,9565
-1,0069	15,5756
-27,6146	0,5023
-5,6599	-7,5582
-2,1212	8,3668
-7,9539	10,9226
-17,7185	5,6798
3,3183	14,4615
-5,9877	10,4639
7,0539	7,2527
-6,9052	14,3961
-6,0531	6,5974
5,7434	22,0637
-3,4973	-3,6263
-6,7082	8,3670
-3,0385	15,5757
8,2993	9,1532
-7,8883	13,1508
4,3014	-1,1359
-22,1752	7,1873
-20,7988	15,7722
-28,2699	6,7284
-14,1800	12,0368
-27,4182	14,5272
-30,4984	10,2674
-18,3087	24,4886
-24,3385	19,1147
-41,5084	19,1149
-26,5008	33,1393
-18,6365	12,0369
-28,8602	19,7703
-22,1097	21,6707
-27,5494	15,3793
-14,0487	23,2436
-21,4544	25,4716
-5,2014	6,6629
-20,6678	12,5611
-5,5946	9,9396
-15,0316	4,9588
1,6143	18,0003
-0,8759	3,9757
3,3182	6,5971
-2,1209	9,8739
-2,1866	12,6920
5,8091	17,6728
12,1656	10,4639
13,0179	14,4618
-18,3740	26,9137
-6,2496	28,3554
-5,7911	25,0133
0,1724	43,9531
-25,1898	29,4040
-15,4905	28,6178
-20,0126	27,4381
-9,9201	21,9988
-18,2430	34,2536
-6,3813	19,8358
-18,1776	16,8211
-16,8670	17,2799
-17,5876	7,2528
-17,2601	5,2211
-12,6724	5,7452
-14,7698	0,2402
-23,8791	1,1576
-21,6509	-9,0660
-4,2186	-6,6412
-28,7290	9,7427
-20,2748	-0,5465
-25,9109	-0,0876
-20,0129	6,1382
-40,9185	-4,7405
-30,4330	1,2889
-37,3142	12,1676
-27,2217	1,8786
-28,7947	16,6243
-31,3508	7,5802
-33,0545	8,1047
-44,5889	27,5031
-31,2850	5,8107
-40,4602	18,5251
-25,6491	27,6341
-47,6036	11,7747
-23,7484	35,2364
-30,2367	7,3837
-25,8456	16,7557
-36,7899	29,0761
-11,9520	12,5612
-24,0106	20,9500
-19,4231	24,7508
-26,8283	17,2798
-14,9666	26,2582
-19,6848	4,8936
-14,5079	15,0517
-14,5075	28,8139
-23,6172	4,8935
-11,2307	18,0664
-23,1584	22,1294
-10,6409	10,5296
-19,2918	28,9452
-8,0196	14,0028
-11,7550	8,1704
-5,1360	21,2118
-7,4951	12,9542
-9,7890	5,2211
-4,4802	13,1509
-7,1019	15,2479
0,4349	5,6141
-7,2985	1,7477
7,4473	10,1363
-7,2330	21,6049
5,9400	5,6141
-7,1019	-0,8080
-2,4486	10,6606
-11,7548	5,9420
4,7604	8,9568
2,7940	24,4886
-3,8906	2,8619
-17,4564	17,6729
-11,9516	9,3497
-21,9129	6,8594
-15,5563	11,5126
-24,3379	4,7621
-18,2435	9,6119
-26,0420	6,5315
-36,0036	1,0266
-31,8091	5,2208
-28,5982	-3,9541
-19,2920	2,9928
-42,3606	12,4299
-21,8476	10,5949
-35,5448	11,1193
-17,6533	19,7045
-33,9061	12,8889
-9,9200	32,1565
-19,1606	23,8989
-14,0488	30,8460
-12,7380	48,0818
-22,3720	28,8797
-12,6068	24,8169
-7,0367	39,8898
-17,1945	26,9138
-26,9594	29,7318
-17,3255	25,7341
-17,5880	21,6052
-14,0489	25,9306
-37,0522	12,6267
-27,6149	8,2358
-37,5765	13,0198
-35,2828	3,7793
-46,2273	15,1825
-34,2999	-0,2842
-47,6690	1,5509
-41,4434	-1,5949
-42,8850	-5,6581
-33,5135	-4,0197
-32,2026	2,4682
-31,0231	1,0266
-23,6173	11,9055
-37,3144	6,0729
-23,6172	10,3327
-40,0012	20,8186
-19,1607	8,2357
-34,9549	13,7412
-17,3912	32,6151
-35,2826	25,7340
-20,9957	32,8119
-31,0227	25,2753
-24,4037	27,2415
-35,2824	41,3315
-27,9426	24,2922
-28,9909	26,3895
-21,9132	34,2536
-6,8399	11,9058
-19,3574	2,4690
-2,1867	24,2267
-7,7575	10,6606
-5,0047	13,8719
-10,8375	9,6775
1,1556	8,6291
-13,7211	15,9690
-6,1188	9,7430
-9,8544	12,8233
-4,9393	25,8648
-19,4225	7,2527
-4,3495	24,4231
-10,2476	22,0638
-6,2500	15,3137
-15,1626	20,6876
-3,3008	13,6097
-5,7256	21,7362
-5,3979	24,3575
7,4471	7,5803
-16,7356	4,8279
-4,5458	13,0854
-9,2645	4,3036
9,1510	11,1848
-12,4758	12,0366
8,9545	-5,3303
-13,5243	15,6413
0,8282	1,7474
9,4133	-12,8667
-9,5923	4,6967
0,4351	12,4298
-0,5483	-7,0998
5,3502	-12,3427
0,5658	3,3860
6,1365	16,5585
-8,4781	-4,2819
-4,6769	-0,9392
-15,0316	20,6217
-3,0387	-0,3496
-24,0756	9,4810
-9,6577	7,8425
-12,8035	-1,8567
-12,4104	20,8843
-17,5221	13,8063
-15,6218	16,3623
-11,7549	8,3669
-20,0130	15,3793
-34,6269	16,6901
-20,3403	18,9837
-11,0998	14,1342
-26,7629	23,4401
-5,0703	2,4031
-14,6388	8,3669
-4,9393	20,8184
-18,1119	6,7938
1,2211	4,0414
-6,7742	-2,8401
-6,2500	3,1892
-24,6652	5,3518
-7,9539	-9,7869
-21,8473	-8,7382
-17,1945	6,9902
-5,8566	-12,2118
-8,2817	0,8301
-10,0509	3,1236
4,3668	-4,8717
7,9058	-1,7258
-6,8398	6,7938
5,4812	5,0900
1,8764	11,8401
7,6438	13,4130
-0,6137	14,8549
7,3161	11,3816
-6,9705	21,5396
14,2629	16,4933
-4,5458	31,3045
3,5807	15,5758
5,8090	25,7995
1,4179	12,9543
15,5084	7,4496
5,4155	27,6345
13,0836	16,0343
2,0732	4,4346
4,8914	13,2820
-9,7232	4,0413
10,9206	8,7599
-14,3764	2,0097
-0,6793	4,9590
-21,8475	23,7021
-10,1822	13,0853
-21,7165	17,6074
-22,4375	18,4594
-24,6001	14,9206
-27,4183	21,4086
-16,9980	22,0638
-25,6490	12,4958
-24,7967	28,8142
-16,9325	11,5779
-12,4105	9,2189
-20,9301	15,8379
-7,4296	6,5972
-14,0488	4,8934
-10,1821	0,3058
-24,0101	7,1217
-8,2815	17,1484
-17,6531	6,9904
-11,9515	5,4178
-8,2159	11,7091
-4,1529	7,5148
-3,1040	19,3114
-8,2160	10,3983
6,9886	-0,0216
0,3692	30,2557
5,6124	0,5677
-1,0724	-14,4396
6,1366	14,7891
6,4642	-9,4592
12,8212	-6,4443
-3,1041	3,0581
10,7895	-0,6119
-16,9976	10,6605
-14,1795	12,4298
-1,1379	14,7893
-0,2208	31,7630
-12,0825	12,5611
-7,3642	15,2485
-10,6408	33,1395
-4,4807	22,0641
-9,8544	38,5791
-15,5563	24,4889
-13,1311	17,5422
-9,0025	28,7487
-1,5314	18,5906
-19,1605	14,4618
3,4495	26,7169
-20,4056	19,3111
3,9083	4,6967
-17,7185	1,2234
-8,9367	-7,0997
-2,7110	7,5802
-13,4590	0,0435
-14,9004	-9,7213
-11,0998	1,0923
-16,8012	1,2231
-30,8914	3,6480
-7,1020	2,5994
-24,6658	-3,1022
-19,5539	8,9565
-27,7459	-3,4955
-13,6557	-4,6749
-36,6588	18,0003
-11,5585	7,3180
-23,1584	1,0267
-19,0297	-1,1360
-20,9300	2,9273
-22,8307	13,0198
-15,4903	4,2378
-1,4659	1,4200
-13,3932	8,0390
-0,8759	15,3789
5,2847	-2,2502
7,1194	7,6459
8,8891	12,0366
-5,9875	11,7746
13,1491	4,6968
10,3965	6,5974
19,7025	26,1924
0,5663	6,6627
24,9455	4,5657
5,8091	9,5463
19,6370	9,6120
8,3650	20,6873
13,1490	8,3666
3,7119	9,6775
1,2870	10,8570
9,0859	-4,5440
6,9884	-3,6263
3,7118	9,0874
-12,0824	-15,6851
-2,7108	9,0219
-5,4634	-11,2290
14,0662	-17,5201
-4,9393	-3,4956
3,3183	-14,1125
-12,8689	-11,5565
-0,3516	-4,6098
-1,6623	-14,3745
-7,1673	7,0557
0,6316	-4,7410
-2,4488	-9,9179
9,8066	2,9926
-13,3933	-8,3451
6,1367	-3,3643
-9,0680	10,9879
7,1197	-8,4106
-12,6068	1,5510
4,8258	-0,4152
-21,8472	-4,2816
7,1195	6,9248
-14,2452	-7,2963
-3,9562	1,3545
-16,1458	16,3619
-13,7867	-5,0027
-24,7965	3,1895
-21,4544	9,0874
-23,5514	3,5825
-31,3503	8,1700
-22,5027	0,5024
-12,2795	1,1577
-12,4105	14,9858
-32,2023	6,6627
-20,9300	11,4470
-21,1923	10,8570
-13,1970	12,6265
-24,9933	13,8063
-6,7088	18,7869
-13,3935	8,3668
-5,9223	18,9180
2,0732	13,6096
8,9544	6,7940
10,1998	15,2481
7,9061	8,4322
21,0134	3,4518
9,9378	20,4908
23,5695	-0,6771
10,9209	14,9859
19,7029	6,3351
15,3774	7,6459
30,3196	21,7359
5,8092	-5,3960
31,3683	10,4641
9,9379	24,3574
24,9458	15,5756
20,9479	14,0030
18,7850	10,3331
1,8772	27,9622
28,5500	33,3360
9,5446	11,2506
4,1050	26,5862
15,3774	33,7293
5,2845	28,6830
10,3964	23,8335
-14,1141	31,1733
-2,4486	6,7286
-11,9514	25,0786
0,6969	11,7746
-3,5629	2,4031
5,4810	6,4663
2,5976	2,2064
13,6729	3,1894
6,2677	-1,7914
9,8721	-1,7913
10,7899	-4,9371
27,2392	-3,8230
18,5885	-3,5608
8,6927	8,4977
22,2588	-0,3497
20,6857	3,0583
32,4166	2,9927
13,0835	6,5973
14,9186	14,0684
0,6974	10,3985
17,1467	19,1148
-2,6450	34,1880
8,9546	17,2799
-3,3661	33,8606
-5,4633	37,0062
-1,4654	27,7002
-6,9708	30,3871
-2,1209	25,7997
-7,8229	28,7487
-11,6892	30,0594
-11,7549	11,9058
-1,2037	14,7897
-19,6848	33,0084
-5,7255	10,2017
-11,8861	22,9814
-1,7935	5,8764
-18,5707	7,9082
-5,3980	24,3575
-18,8983	9,8740
-12,2138	4,1726
-18,5707	16,0344
-1,6627	2,3373
-23,7482	6,4006
-14,1798	6,5316
-10,1167	-1,2671
-25,3866	4,9586
-11,1651	-0,4808
-6,7090	-12,0152
-8,1506	-3,7576
-25,1898	-13,3260
-7,2330	-5,3304
-8,1504	-11,4911
3,8425	-14,3089
-5,5945	-1,8573
6,1363	-9,8526
0,0416	-18,3067
3,1873	-2,7093
-5,0046	-10,3771
-5,7911	-17,7823
-2,0554	2,7958
-4,8737	-7,4278
-10,9683	-4,8061
-16,6046	-1,2672
4,9568	-3,6263
-24,0758	20,8840
-11,6893	7,1869
-14,7040	12,6922
-5,8567	8,7599
-14,5730	16,4277
1,8765	20,3596
-21,1921	6,9904
-5,7911	-5,6577
-8,8713	28,0931
-10,3132	5,8763
-1,7934	17,3454
-6,3811	27,9621
-3,6938	15,9690
5,6776	22,3261
6,0053	18,9183
-6,9707	19,1150
4,8914	26,8481
-10,9684	20,0324
16,7533	25,3407
-1,1380	23,2435
5,1535	24,3576
-9,2642	18,5248
23,5691	17,4109
0,8283	14,9860
18,0642	20,1633
20,4891	10,7262
14,9185	23,5713
17,6058	21,6050
19,3749	4,7625
17,0159	14,5929
7,8406	13,6096
14,6564	2,0098
-1,0068	15,9033
11,1829	2,8616
-7,1671	0,6989
16,2291	10,2671
-7,0362	-6,7068
16,2291	-1,9880
13,5421	7,4490
6,2021	-6,7067
3,1221	-1,5293
12,4281	-5,4617
13,0179	-5,6582
4,5637	3,7790
4,4983	-7,6900
-4,6769	-14,7021
3,5807	-6,0515
-21,8475	-8,9351
-8,7402	4,1721
-23,6825	-10,8358
-1,7281	-16,9960
-32,0713	-11,6219
-13,7212	-13,7847
-31,3503	-24,4670
-14,8353	-2,4470
-16,9980	-8,4765
-14,9009	-25,6466
-5,5945	-19,3552
-5,6604	-16,5374
-3,1696	-14,1781
-12,4759	-23,6807
1,0247	-22,0423
3,1871	-15,1611
-3,3007	-16,6685
-10,8374	-22,1077
-4,2837	-1,2021
-17,1944	-8,3454
-8,4124	-3,1682
-11,2961	-14,3092
-5,6602	-24,9914
-28,7287	-18,8966
-12,8691	-7,2314
-19,3572	-22,2389
-17,3913	-0,8087
-18,5708	-7,3624
-14,4422	-8,8694
-19,2918	-3,4954
-32,0713	14,1337
-28,1391	16,6896
-27,1562	14,9202
-19,8162	10,0053
-26,6975	17,6074
-22,5031	20,0979
-22,4375	38,7755
-14,7699	16,2968
-23,1583	27,5690
-14,7697	32,1564
-7,1020	15,0516
-22,2409	19,9669
-4,8081	22,9815
-17,0635	17,8695
-4,6769	10,5951
-9,1335	14,5927
-2,0555	-0,4806
-9,9854	9,4152
2,8598	-9,9836
-16,4733	-6,6409
13,4112	8,1698
-1,1379	-21,1247
13,6733	-21,4520
1,3526	2,2063
10,0033	4,9585
6,2023	-0,2187
10,9862	12,6263
2,0735	9,2841
-2,6452	11,2501
2,5323	-1,5949
5,3501	4,6312
8,1028	8,5633
-3,3007	7,8424
14,7219	1,7476
4,2359	2,4030
-1,5311	11,3815
-4,6112	10,0051
9,8066	6,7283
-6,7085	17,1485
6,2675	16,3619
-4,2838	-4,3473
-14,6386	11,7745
-11,0995	4,4343
-13,9177	-5,0682
-11,8205	13,8716
-16,9979	15,9684
-15,3594	-4,6095
-11,8861	5,8107
-13,0001	0,5022
-18,8329	-9,1314
-1,0070	2,2063
-21,1268	6,6627
-20,0124	6,7282
-20,1434	6,6627
-3,1699	0,0437
-25,9107	17,2141
-9,3957	6,1383
-22,2408	10,5296
-26,0418	10,2671
-17,3254	2,0752
-17,7844	10,0705
-1,6625	-0,4153
-14,9665	-7,2310
-8,6092	-3,2991
-15,7527	-20,9281
-1,2692	-19,8793
-10,2477	-8,2798
3,7769	-19,0931
-11,8205	-9,9836
-4,5460	1,8784
-11,9514	-9,0661
-1,7936	0,2400
-15,2937	-6,9033
-1,7280	-1,3326
-10,6407	11,7089
-4,4806	-1,3983
-7,1672	-0,4807
-10,1166	-5,0682
-4,8736	-3,6264
-18,5051	-2,1192
5,3500	-3,2333
-14,3766	-9,3280
-9,4611	5,4173
-24,9932	-10,9011
-4,7427	-6,3135
-26,9595	-12,2118
-17,6533	-16,8647
-31,2848	-0,5464
-15,7529	-14,1779
-42,8846	-13,7845
-35,8067	13,1505
-15,2286	-7,6243
-26,8943	-11,7529
-15,7527	11,7089
-27,2218	13,6750
-17,2600	16,4930
-14,7700	-2,1190
-12,9347	12,6269
-25,1243	19,6390
-4,0873	9,0224
-19,2916	24,3578
11,3137	25,3407
-10,5752	18,0663
6,3332	17,0833
-5,0699	19,9668
7,8407	21,0808
11,9040	18,2626
11,1829	12,1678
27,3051	-7,0341
19,3094	14,2649
30,4509	10,9224
20,3581	6,5971
21,9313	-4,5439
20,1615	8,5632
32,2858	13,8714
9,0860	-8,9348
16,2950	-0,8736
14,4599	11,7745
18,3263	8,3010
2,0080	6,0076
4,5637	15,8378
-4,9390	3,4516
-7,8228	12,3645
-8,7402	2,9273
8,5609	1,6168
2,5973	22,1946
-21,6510	-0,4152
-0,8758	3,6482
-2,3835	2,2718
-0,2205	13,6750
-8,9368	1,8130
7,5129	4,1724
-0,3516	0,1747
4,3671	13,6095
4,3671	6,2693
-3,3662	-3,2331
-11,1647	11,3157
-3,4318	-0,1531
-6,7084	17,0174
-4,7426	7,0557
-5,0701	-0,4150
-5,9223	7,0560
-14,3763	6,4006
-17,6531	2,2720
1,0246	20,2943
-19,9471	17,0174
-15,0315	6,1386
-13,0002	7,0561
-11,4929	15,1827
-23,7480	22,1949
-13,0658	20,3600
-21,2577	26,1927
-13,1314	31,5667
-24,5344	31,4356
-20,9300	23,3093
-7,4950	24,5545
-20,6025	32,2222
-10,2474	28,8141
-9,3302	15,4449
-2,8419	8,4981
-15,4906	16,0346
-0,4825	3,4515
-7,3641	0,8956
-11,6239	1,1575
-20,0123	-7,0999
-1,7935	-1,7260
-14,7040	-15,8818
-15,3595	-1,0051
-9,4611	7,1867
-0,7451	-15,0954
-16,9977	-8,3452
4,6945	-10,1802
-3,0386	-10,7046
-3,1043	-12,0152
3,4496	-10,2459
-5,2668	-21,2557
4,8260	-0,8087
10,6586	-21,7802
15,1804	-15,3572
-1,1378	5,2206
19,8336	-15,5541
-5,8564	3,3204
24,0279	-8,0175
-3,9560	4,4344
1,4834	9,4807
-10,3131	0,6989
-7,5606	-4,0193
-5,5290	12,4954
-12,6725	-0,8739
-17,7186	19,2457
-14,7695	3,7136
-0,2205	4,5003
-10,1821	27,6340
8,3646	2,4684
-24,2722	-4,3471
-1,3344	18,5903
-11,8859	3,5825
15,1149	8,9567
-4,6113	14,5271
-0,9414	16,1655
-4,2835	10,6605
9,2821	6,3352
-10,1819	3,6484
-9,6576	22,6536
-6,1842	5,6142
-8,8057	7,6460
4,8914	15,9689
-9,9199	17,8039
0,1728	5,5487
-4,3492	10,4639
1,6801	9,6777
-0,4826	16,4932
12,6900	1,8787
0,1072	5,3524
4,2358	32,7461
-12,8032	5,4832
0,8280	6,9908
-5,9222	12,2989
-3,6285	15,9690
-6,8396	14,3304
-6,6432	4,7622
1,2868	-7,8861
-13,5245	15,9033
-6,3152	-2,8402
-6,9708	-1,2016
0,6314	0,6331
-17,9808	-8,8694
0,5002	-6,0514
-16,4736	-13,9813
-12,4759	-22,8285
-14,5731	-5,1339
-20,6681	-13,0639
-19,2917	-15,9473
-14,9010	-14,7023
-23,0273	-5,8550
-23,3551	-14,4402
-13,7867	-10,9668
-25,8454	-19,0933
-9,8544	-6,5104
-23,0272	-16,7341
-7,9538	-16,9305
-8,3470	-8,2143
0,4349	-17,8482
-1,5311	-14,9643
15,7047	-1,4642
-12,1478	-13,9814
13,3456	-14,8989
-1,0724	-14,1123
3,1876	-10,0491
4,3672	-4,5443
14,3940	-23,4839
-0,8100	-10,7699
0,4350	-8,8695
10,1999	-13,6535
4,6949	-5,6582
17,0157	-8,8040
10,2654	-9,5247
13,0181	1,7473
6,9231	-8,0831
19,7682	0,4367
8,5616	-4,4786
2,9911	-10,1145
0,5663	1,9439
19,6369	-7,4931
-4,8078	-0,0219
-0,6136	11,7743
0,8283	5,4172
6,7262	-14,0466
2,9909	3,3203
0,1727	-3,2989
14,9839	-2,8402
0,6314	0,5677
8,2993	-7,2309
-2,5797	12,1676
22,5860	-10,3768
-11,9513	-6,6408
10,6586	23,1123
-4,6768	8,1701
11,2483	15,7725
10,9862	15,9689
1,0246	10,3331
-7,4292	38,9065
-2,6453	18,9180
5,2846	12,0370
2,0075	35,8920
1,2869	15,5103
-5,0703	14,3309
2,3354	30,5179
-11,3616	11,0539
-0,2861	27,4379
-12,8033	19,4423
17,7364	7,3838
3,5150	21,2118
-0,9413	13,7406
-5,2008	9,3498
20,8166	-6,1824
8,5614	-2,7087
4,7603	18,9179
11,9038	-6,9035
3,9081	-9,8523
-5,1354	-2,9057
8,5612	-10,5734
-3,6939	-9,1972
-18,1773	-6,0516
-0,2861	-21,2559
-23,2237	-12,9327
1,0244	-15,7508
-31,4160	-11,4910
-27,1560	-1,9227
-33,9716	-14,1126
-17,1948	-23,2216
-35,2171	0,7642
-31,0884	-14,1780
-26,1731	-12,0152
-27,2874	-19,8795
-35,4791	-10,1147
-28,9256	-5,0687
-19,7503	-19,4867
-28,9255	-27,4818
-5,0047	-9,8529
-14,1800	-22,3048
-2,1210	-22,8945
-8,6747	-26,1056
6,4641	-25,6470
-18,0461	-16,1443
5,8090	-25,9091
8,4304	-25,7779
7,2505	-9,7216
-4,8733	-19,0935
-3,5627	-33,0523
7,9061	-4,9374
-3,4319	-21,5836
3,0564	-14,5712
-19,5537	-16,1440
-3,9559	-5,9203
-8,1506	3,9755
-9,4611	-6,5759
-18,2430	-6,4444
6,7259	11,8400
-34,7581	3,6480
-10,5097	24,3574
-5,0704	9,8084
-18,5053	7,5804
-16,6700	26,2581
-1,1383	13,2817
-4,8081	3,8449
-1,0073	21,8015
-3,1042	5,2208
-20,8644	5,6142
1,8110	-9,0004
-18,4397	-1,0706
-13,7210	-0,4153
-22,4372	-12,3429
-1,4004	-13,8502
-15,3595	-9,2627
-5,3326	-12,7362
-20,4056	-12,4740
-1,7937	-15,2922
-24,5998	-14,1124
-0,5482	-5,5273
-3,1697	-14,5712
-2,2522	-11,6220
-3,8248	-3,4956
1,6144	-14,2436
13,8043	-10,6388
0,4348	-5,3962
14,3286	-10,3769
-4,7425	-0,1533
10,7897	-12,0809
-6,6430	-11,7530
11,9693	1,8782
3,5807	-17,5859
21,2098	-13,6535
12,2316	3,2544
14,1320	-16,0130
7,6444	-2,6436
20,8168	-11,8843
25,4045	-6,5100
17,6711	11,3155
32,9412	-3,3646
10,2655	-9,5901
18,5234	8,8909
12,9524	-1,9881
21,4724	1,7475
12,1660	9,7427
19,0474	3,9756
-1,3343	7,3835
21,3409	-6,7722
-1,0723	7,5146
-2,1865	7,7767
-3,7593	-7,6242
5,2188	0,0438
-20,2088	10,2671
-5,7910	6,1385
-9,0678	12,8885
-5,7911	-0,9395
1,0904	8,1701
5,2844	8,6942
-6,2497	4,4343
-10,1163	6,0728
3,6462	-1,5950
-7,1672	1,2887
-1,7932	-7,4277
0,4350	-16,5370
3,8428	-5,1338
-3,4971	-1,7915
0,7626	2,8616
7,9061	-5,3960
-1,4001	2,5340
3,3843	-0,6773
10,4618	8,9564
10,0033	-3,1676
-1,4656	11,3814
13,8701	4,9588
7,3817	-0,9393
12,1661	2,5997
3,2530	4,1068
5,5470	4,5657
1,8769	14,5926
11,5105	-0,5463
-3,3660	2,4030
-1,9899	7,1870
2,3356	1,3543
4,4979	7,2526
0,3038	12,4955
2,1385	0,3058
3,3185	-0,6770
-7,6917	9,7431
12,5590	5,2866
-5,7911	17,6730
17,4088	9,9396
1,5488	1,8135
6,6610	23,2434
3,9084	6,5317
7,3818	11,1195
-8,0191	13,0853
14,7217	3,7137
-2,3832	17,8039
3,5805	11,1190
-6,2498	-11,6872
-10,4442	2,9929
-9,1987	11,1846
-0,2206	3,3860
-9,5264	8,6944
-6,2500	7,7769
2,0733	27,0443
-7,6917	10,1359
7,4470	6,9905
-13,8522	8,0390
-4,6114	3,1892
-16,2770	-0,9394
-3,4976	5,9418
-33,7094	-7,9520
-13,2623	-10,2457
-13,7866	-11,2288
-10,2479	-13,1948
-22,5684	-3,3645
-22,5030	-3,9544
-11,8205	-23,6151
-15,6219	1,1576
-15,3594	-7,4933
-20,9958	-11,3597
-8,6094	-8,8692
-29,5810	15,9688
-14,0489	13,8060
-28,2702	3,0583
-12,6727	-1,1358
-31,2193	26,2581
-10,7066	7,2527
-22,1753	20,5566
-22,9619	21,4085
-19,6847	18,3939
2,0729	27,5034
-5,2015	18,3938
-16,8667	22,7193
1,0903	25,7338
4,3669	8,5635
13,0178	16,5591
-0,4826	28,7484
10,7896	11,1194
-5,6600	18,7871
6,1366	16,8208
-1,5968	6,7939
-2,1866	27,6342
-10,9682	2,7960
13,5420	-8,2793
-8,7402	9,6774
-12,0169	7,0558
3,3841	1,4854
-2,8422	-5,0027
-2,6452	-14,1776
-14,1799	11,9055
-12,6722	8,8906
-5,5945	-6,3789
-2,4489	8,3666
-24,7965	-2,0537
3,4496	-4,0851
-2,3833	0,9612
7,5782	6,8593
-13,2620	16,6894
19,2437	-10,1145
2,7941	-2,8399
-5,6599	15,3787
13,5421	-5,5928
2,9250	-3,3643
8,4960	-8,3453
-2,6454	-13,7846
4,6294	-5,8550
-0,0239	-23,7463
16,8190	-26,2365
-8,7402	-8,5421
3,5154	-31,8730
-1,4001	-32,2658
4,3017	-14,1783
-8,6088	-36,4604
16,6879	-24,8604
10,5275	-24,3363
10,0687	-29,2512
1,0251	-6,9036
17,3432	-8,8044
7,5130	-23,3530
14,2631	-1,0708
11,7729	-10,3115
12,2969	-7,2311
18,6542	-12,4084
7,2506	3,5169
7,3165	5,8106
4,3017	4,7621
16,4914	9,8085
2,0079	17,1485
9,3482	8,1046
21,7998	15,9690
20,4234	8,8910
7,7097	9,8087
19,5061	18,6558
17,4746	-0,2185
24,0280	-2,2501
7,9064	1,6820
17,9988	-2,1192
22,9794	-12,4082
3,1220	4,8278
20,0959	8,4320
9,6754	16,1653
1,8113	0,2402
0,5661	5,9420
11,3139	26,7167
1,8768	8,1702
15,1806	5,6799
8,3648	19,5734
6,1367	6,0073
10,8555	16,0346
23,2415	3,7791
19,9648	-1,2015
12,8214	2,8616
22,3244	-11,6874
23,9625	-6,6410
29,9918	-0,4809
16,5570	-7,3622
22,0622	-8,9349
10,2002	-0,2843
29,9264	-14,2435
8,1029	-9,8524
29,0745	-17,7823
20,0305	-10,5733
27,4359	-0,4809
8,7584	-15,4230
23,7659	-2,2502
14,2633	-9,9834
7,0542	1,6164
6,3336	4,7620
18,8507	-1,3328
21,4721	-4,8061
16,3602	9,2184
20,8168	-7,3622
6,2023	-4,1507
19,5717	1,9440
12,1661	7,4490
23,3727	6,7936
1,8114	3,9757
15,9671	-9,2625
2,9910	15,9033
5,8743	6,9247
4,0395	-3,2332
-4,2183	1,1576
-10,9682	7,0558
2,8595	3,8444
-3,9560	-15,0299
-7,5606	-12,6049
8,7579	-11,8842
-4,4149	-18,6999
4,3016	-5,4617
-1,4000	-4,8064
16,0982	-11,2290
9,3478	-13,2604
6,3333	-6,1171
13,2149	-12,8016
18,5885	5,5483
14,4600	-6,4449
24,8145	-16,6026
19,2441	-1,7259
31,4992	6,2693
30,2541	-4,5440
34,6449	8,8254
27,5016	8,0389
17,4746	12,4954
30,7784	-0,0874
13,2146	2,7964
20,2926	20,8186
1,0905	21,7360
15,7050	7,7772
1,0904	12,7577
13,8041	19,9012
-14,3760	32,6806
4,7602	20,7529
-2,0556	5,0901
-3,2353	18,1318
-1,5313	7,8424
-8,6749	6,1387
-16,8666	10,7260
-30,2359	-3,6263
-8,7400	10,7261
-14,9664	-1,3328
-1,0726	-12,5391
-20,5370	15,9687
-10,2476	-1,0709
-13,9178	-14,7675
-8,2162	-1,1362
-26,5661	-4,4131
-14,2456	1,6161
-21,7819	-9,5250
-21,7823	-2,4470
-14,8353	-9,1973
-27,6805	-13,5881
-21,6510	-8,6072
-24,6658	-2,9059
-15,2941	-17,9135
-32,7922	-8,8039
-8,5438	-3,6923
-33,3164	-20,7315
-8,6093	-6,7068
-21,1922	-16,7339
0,1069	-16,0128
-14,6385	1,5506
3,9735	-15,9475
-14,3763	-12,8016
1,2211	0,3055
-8,6748	-4,6098
-27,8767	-7,4933
-8,1503	-17,7169
-8,9371	-13,9156
-14,1142	-4,8719
-19,4228	-16,0785
2,4663	-4,3474
-23,9448	-2,0539
-13,1965	-4,4786
-10,5099	-2,5125
-9,5267	-1,9882
-15,5561	-9,9835
-6,9707	9,7428
-16,4080	-5,3304
-20,3402	-14,1120
-20,2089	2,5997
-15,9494	-0,4151
-21,9785	15,1171
-16,2771	11,2502
-16,8013	8,4981
-28,7289	29,6004
-6,3810	6,5973
-18,3088	8,0396
-14,9661	25,9961
-15,0973	14,4619
-10,1165	26,3238
-10,9684	23,7023
6,5951	18,4595
-22,5027	24,0300
-4,1526	34,8433
-14,5072	11,4470
2,5317	16,1659
-11,3617	16,4278
-8,8714	19,3115
-6,7742	19,6390
-21,1267	18,3938
-11,1649	27,3068
-8,8061	26,6513
-11,2308	23,7678
-24,1414	31,6322
-13,5246	14,6584
-30,9571	26,9793
-16,0149	30,6490
-36,6587	28,6830
-5,7913	14,0685
-21,0612	18,9838
-10,5755	14,9204
-22,4373	13,1509
-13,2624	2,5996
-7,4297	1,3546
-11,2308	12,8885
-10,1821	-5,4616
-13,7211	1,6819
6,6606	-11,8188
-10,2479	-23,9427
-10,0509	-17,5203
-3,6286	-23,3531
-1,9246	-20,2072
-16,4734	-14,5713
-2,8420	-10,1805
-7,0363	-18,2412
1,4832	-11,8187
-21,4541	-22,4353
-1,4658	-7,8862
-11,2306	-6,0514
-12,2792	-0,2184
-4,8735	12,1677
-3,6941	6,4005
17,0153	1,3545
-4,1529	19,5734
0,3040	6,4005
-7,3638	11,9712
18,5886	7,5146
10,9862	0,3058
17,3433	13,4128
7,5787	-4,2165
25,6664	-3,4299
14,0012	-6,9689
7,2509	-10,3769
7,7754	-8,0830
18,0643	-13,2605
14,9841	-17,9135
0,8938	-2,9058
11,5108	-19,1588
11,4449	-21,7145
8,2994	-1,3330
-0,3515	-9,9182
12,6901	-0,8741
-3,1040	-12,6707
7,9716	-17,4543
-11,8857	12,4298
0,5661	-7,7553
6,0712	-4,4783
-0,4171	7,1870
-4,0212	10,5947
3,9084	4,5656
4,4327	2,9927
-5,3978	15,1824
-2,7106	18,3280
-0,9414	-5,9857
2,0079	4,1727
-8,2814	19,7699
6,5299	11,9057
0,7625	10,6606
5,2847	23,5055
4,3672	11,3158
20,4890	20,7531
7,4474	9,4154
17,4089	4,0414
8,2341	16,6897
10,7241	2,5340
4,9573	4,1070
25,2730	4,6311
3,0565	-3,2989
6,3332	0,9611
14,2632	-5,7892
6,8573	-14,1777
8,4305	3,9756
-5,6599	-9,2627
13,6077	-12,2116
1,6146	7,9732
4,4982	-7,2312
-0,7446	-5,9858
11,7725	-5,1993
-12,3444	-3,4299
2,2044	8,9563
3,1874	-12,2773
-2,7764	-7,8206
4,2360	15,5099
-6,0532	3,1889
10,2654	-10,7700
-2,0557	-10,1145
3,3187	-9,1970
-3,1042	7,4489
0,2383	-1,6608
-7,6915	-15,6852
5,2846	-3,4956
-10,7720	-16,2752
-7,4949	-17,4547
-7,4293	-10,7046
-1,8591	-9,7871
-16,5389	-4,7409
-3,9562	-13,3915
-9,1990	-2,5124
-3,8907	1,8128
-11,4928	-3,0367
-12,6726	6,7938
-7,6916	6,5317
-13,1314	11,7090
-6,4466	20,2942
-20,0125	2,7306
-2,0558	5,9421
-22,7652	23,4400
-10,3787	6,9248
-19,4883	5,8109
-11,6896	13,9372
-24,4689	6,5316
-6,7088	10,6604
-16,2770	-10,3111
-17,7844	-15,6193
-5,0046	-2,3812
-9,0682	-6,9034
-8,9368	-16,9302
-3,3666	-0,0222
-10,9684	-12,2118
-20,6022	-9,5249
3,7117	-10,9667
-10,7064	-11,2289
9,2822	-7,8866
2,0732	-16,9304
2,6630	-1,0053
4,4983	-3,8889
19,2437	-4,0854
7,1853	6,5970
12,2316	-2,6437
20,2926	-9,1314
12,9525	7,9078
23,3729	-1,5950
19,9647	0,1092
5,2195	11,0535
0,7630	-1,0706
27,4360	10,7916
8,8236	8,4977
16,1638	5,5486
2,7945	7,6457
26,0597	-2,3812
5,8092	-7,1653
21,7343	-4,4129
2,3360	-1,3330
18,6542	-22,0421
15,5084	-7,8865
5,2193	-20,9938
17,0158	-15,0300
7,7093	-14,4403
8,6272	-22,9599
4,3670	-16,5375
6,5300	-25,1882
8,6924	-24,7294
10,3309	-12,6709
-5,9221	-22,1737
22,9137	-16,4720
-11,6893	-20,3386
6,3988	-14,3746
1,0247	-8,6732
10,5929	-7,8212
-2,7762	-14,5056
-0,4826	2,7303
13,1491	-4,8064
10,7239	-8,1484
12,9525	4,9587
1,2213	-5,0682
8,2339	-3,2987
1,0901	-4,2162
-1,9899	7,7769
-14,5074	14,1336
-5,7255	3,1892
-15,1628	4,5001
4,3667	9,8085
-21,7819	9,7429
-8,3471	11,2503
-14,6384	4,1069
-3,4318	12,1024
-2,7109	18,3937
-7,4296	4,8934
-10,5094	15,3137
-5,6601	21,3427
1,3525	1,2889
-10,8373	8,3668
2,0734	-0,3495
-9,8543	5,2209
9,2168	12,6919
0,6970	-9,1970
23,5035	-7,5585
-5,3322	2,3371
20,4236	-10,0491
2,5322	-7,4278
16,4258	-6,7069
19,5715	-18,7655
8,6924	-14,1123
16,3603	-23,2219
6,4640	-6,1169
-1,7275	10,5944
8,3646	-7,9521
8,3647	10,2017
-11,0995	5,6138
7,9060	2,9927
-15,6871	7,6458
-0,4169	1,0267
-5,9877	-4,9370
8,4303	12,8231
-5,0045	-13,3914
7,7750	1,4201
-8,4778	0,5677
16,7533	0,0435
3,9084	1,1576
13,2142	-8,9348
-9,1333	-3,7574
-1,7278	-0,0874
7,1851	4,0411
-4,2183	-17,6510
13,1489	10,2017
-8,8058	-13,7846
6,7264	-1,2671
-10,0508	-3,8232
5,9401	-5,9857
-3,6282	6,9246
12,2316	-11,6220
2,3356	-21,7797
3,0565	10,0706
1,8769	6,5969
4,0392	-5,0683
2,0734	-3,0366
4,8911	-0,6117
-8,4781	7,7112
-21,9785	4,8275
1,8112	-12,2771
-12,7381	18,7214