-1,6246	-5,8552
-14,8630	-11,1635
4,9946	-5,1997
-18,0744	7,7763
-4,0493	-20,2728
-12,6347	-5,7892
-1,6902	11,3153
-22,7272	-5,0685
8,0747	1,8129
-22,9893	9,7427
-5,8190	4,9584
-20,5644	3,5822
-13,6835	-13,3914
-14,3386	-1,9227
-20,8925	-8,7385
-19,6468	-9,7872
-22,7276	0,7642
-12,4380	-9,1975
-26,6597	-16,0129
-7,9161	4,2374
-26,7252	-14,8334
-1,1005	-3,7576
-22,5965	-2,2505
-3,2633	-3,6266
-34,3927	1,4196
-9,4892	-0,6775
-27,1837	3,8445
-13,4215	9,9392
-25,3486	-2,7749
-18,8610	-0,1531
-18,2708	0,4364
-20,1062	7,3832
-15,0596	2,2715
-32,7546	7,7109
-18,9262	4,0409
-30,9195	8,3008
-8,1785	-6,7725
-31,2471	2,0096
-12,0451	5,3516
-39,8978	-9,0005
-13,1592	5,4831
-48,2209	18,1967
-26,6596	-5,8548
-30,9851	5,1554
-41,9299	16,4928
-37,1454	6,6626
-41,6024	14,2647
-46,2549	0,8298
-41,8646	9,1530
-35,6383	13,0849
-60,5422	7,8420
-31,5750	1,2228
-59,2314	-9,2629
-36,4902	2,6647
-50,8428	0,5016
-33,0169	-21,6493
-49,5974	-3,2338
-30,5264	-10,1807
-35,5070	-26,4990
-18,4023	-11,6880
-30,2639	-25,0573
-12,5039	-25,8435
-12,8313	-0,6126
-16,8292	-31,6110
3,6838	-11,6225
-15,3874	-16,4724
3,2907	-38,4922
-15,5840	-32,3319
0,4069	-19,4216
-28,6255	-32,3321
-9,0958	-38,6891
-21,5477	-55,9905
-20,0406	-27,3514
-38,8491	-27,6794
-13,5526	-54,1556
-42,0605	-35,8056
-33,9343	-41,4421
-25,8732	-61,0368
-36,8837	-51,4687
-36,3591	-66,2144
-48,4180	-48,9129
-38,6528	-41,5733
-49,3355	-66,0180
-30,8543	-65,1659
-52,9400	-57,1052
-39,7017	-65,4936
-55,3647	-58,6780
-32,1653	-78,8630
-56,5443	-69,0324
-36,2284	-47,0783
-52,1533	-73,8169
-40,2260	-66,1489
-43,0437	-61,7584
-31,1822	-66,0836
-40,1601	-61,5616
-33,4102	-69,1639
-30,6575	-71,8507
-50,2528	-77,2247
-26,2666	-82,5986
-53,1365	-64,7729
-29,7401	-73,6204
-52,3502	-87,5793
-36,0972	-68,3773
-62,3772	-67,1979
-54,3820	-80,1740
-69,5206	-72,0475
-65,5888	-76,7661
-67,7513	-71,5232
-74,6329	-74,4070
-78,6958	-86,7931
-80,9899	-85,1546
-72,5355	-74,2104
-91,8032	-95,1163
-64,2779	-84,4339
-80,5312	-94,6575
-64,0814	-77,9459
-84,2666	-87,4489
-64,1470	-106,9784
-88,4608	-90,3977
-69,1277	-74,4729
-84,2009	-108,3548
-76,9267	-107,7647
-80,4653	-81,1574
-86,6260	-94,5268
-90,8199	-96,5584
-99,0123	-111,8936
-88,3955	-86,8589
-107,3356	-79,7813
-95,9977	-100,4250
-117,4939	-96,1651
-92,9834	-95,4443
-113,4965	-96,3617
-119,4601	-87,3836
-135,5819	-126,5740
-109,2367	-111,8937
-138,0067	-110,7145
-127,8489	-128,8025
-127,9142	-137,1909
-123,5237	-132,9969
-133,4192	-148,5943
-137,2861	-131,0309
-118,0839	-158,1629
-135,5168	-153,1163
-129,6837	-132,8007
-146,5267	-172,2532
-125,0963	-155,5413
-148,2308	-155,7384
-142,5946	-162,9471
-152,4252	-155,6728
-139,9081	-167,9937
-168,8094	-169,4354
-170,7756	-175,5305
-188,4703	-190,3415
-192,5993	-180,5768
-191,6816	-182,0843
-206,0346	-196,6988
-206,4273	-192,7666
-210,6878	-199,4514
-209,6388	-199,8446
-223,7950	-193,1600
-196,9907	-220,4884
-235,5260	-206,9879
-207,6732	-202,2695
-244,4390	-213,8038
-223,3363	-210,7892
-243,9147	-207,6436
-224,1230	-209,8062
-247,6503	-218,2606
-237,5581	-229,7946
-252,4342	-211,6414
-249,5512	-212,2970
-242,6696	-239,3631
-253,3524	-233,9236
-258,5295	-224,3553
-267,5081	-218,2608
-248,5027	-229,7295
-278,2562	-238,8388
-250,4033	-223,1104
-281,0088	-229,8607
-256,1706	-235,1036
-282,9748	-241,3949
-267,1807	-235,8247
-288,2831	-256,9270
-262,5278	-248,2110
-290,3804	-268,1994
-279,8950	-256,7306
-298,0480	-252,9956
-294,5751	-274,3600
-295,2957	-270,9521
-317,4472	-271,9352
-299,1624	-260,7940
-311,0249	-248,0803
-310,0416	-265,7749
-320,1999	-255,0269
-298,3765	-251,4882
-333,1760	-266,7578
-304,8646	-263,2188
-333,5693	-256,7309
-315,0882	-273,3114
-313,6464	-271,5418
-320,3968	-260,8595
-318,8234	-258,0415
-309,8455	-264,5951
-316,9884	-262,8909
-310,4351	-246,4415
-303,1603	-240,1503
-310,2384	-253,4538
-293,4609	-254,9611
-304,4712	-255,2232
-288,2836	-255,7474
-312,5975	-244,9341
-284,0893	-258,5654
-295,2304	-242,4436
-287,4317	-240,0845
-304,0775	-249,6524
-282,5163	-238,9047
-294,5092	-241,1984
-287,0384	-233,7273
-287,9555	-226,1910
-285,7931	-251,9464
-276,0281	-244,4095
-294,0506	-234,5139
-272,7511	-244,3441
-272,6860	-239,2323
-251,7798	-220,5546
-284,4166	-242,3123
-251,8450	-220,2267
-259,9714	-223,3069
-240,7695	-200,8933
-260,1678	-196,7647
-232,3807	-212,2962
-239,4583	-180,7079
-241,4901	-177,5624
-241,0306	-172,9091
-215,0135	-175,0717
-214,8821	-177,6274
-232,0526	-145,4493
-206,7552	-154,1658
-219,0765	-161,1777
-192,8617	-149,2501
-217,3069	-147,9395
-201,6436	-158,2938
-222,5495	-141,0579
-182,3105	-132,2762
-207,2798	-122,6423
-204,5927	-117,3340
-202,2331	-141,8441
-182,7037	-121,3311
-200,0704	-106,4548
-183,0967	-123,0352
-184,9314	-104,4228
-186,5043	-107,8963
-170,0545	-102,0635
-168,1542	-93,3472
-155,3744	-114,4497
-162,5836	-88,4317
-145,1508	-74,8662
-163,4353	-94,7889
-125,2278	-90,7255
-163,7628	-86,6623
-125,0965	-95,9683
-141,0873	-82,1402
-128,3732	-95,7716
-124,5720	-77,2248
-134,9923	-69,1643
-126,2100	-90,5942
-122,2128	-79,7806
-107,2703	-68,3776
-122,6060	-76,7006
-102,5517	-70,8679
-123,9821	-88,2347
-97,1777	-64,1175
-102,0931	-66,4115
-95,0806	-71,1954
-106,0905	-60,6441
-78,6965	-60,9718
-113,8235	-69,0325
-91,0825	-48,0610
-86,9538	-55,4666
-89,4443	-48,9129
-88,3297	-41,1798
-84,5291	-54,6799
-86,7569	-41,0485
-80,6623	-40,1310
-58,1834	-39,4754
-89,9030	-28,0067
-78,0405	-36,4609
-91,8032	-29,5794
-57,7247	-32,4631
-82,9561	-46,3565
-71,2905	-28,3996
-84,7253	-28,7932
-69,2590	-39,2786
-80,6620	-33,1184
-63,5574	-39,9339
-79,7444	-33,9702
-74,2396	-22,0429
-66,7682	-30,1037
-70,5040	-17,4553
-55,2994	-15,0960
-74,1740	-20,9941
-58,2485	-19,9455
-76,5988	-10,5739
-49,1390	-29,5793
-68,3412	-22,8289
-50,9741	-26,1713
-67,6857	-10,5737
-42,3889	-1,2679
-54,9717	-30,6933
-61,7875	-12,7362
-59,2312	-6,7073
-59,6904	-12,5398
-53,5952	-11,8189
-52,5470	-16,4718
-48,7457	0,3053
-63,5569	5,2859
-37,9977	-17,5859
-58,2486	-4,4787
-22,9901	2,7956
-58,3795	-4,8721
-26,3977	3,0578
-37,9977	-8,5421
-18,5335	-4,2166
-37,1454	-14,8337
-19,0577	-27,8750
-23,3827	-4,2167
-15,3876	-24,0744
-24,1690	-37,9021
-18,7298	-20,4698
-10,4719	-26,3683
-23,4483	-27,0235
-5,0980	-27,0237
-22,8584	-52,3858
2,3732	-23,8123
-27,6426	-34,4293
9,0577	-33,5116
-15,5184	-16,4068
1,8485	-33,3152
-32,4264	-29,1205
9,2541	-16,7344
-24,9555	-30,6279
-13,6178	-17,0618
-9,3579	-7,5593
-12,0452	-28,3340
-3,3287	-16,7341
-14,4045	-14,8992
-7,5884	-19,1591
-20,8926	-17,8484
-4,8359	-27,5477
-34,1962	-21,9116
-15,6493	-18,8972
-22,5307	-28,1376
-0,3143	-20,7976
-45,5338	-10,3776
-14,5353	-24,0745
-28,1669	-26,9579
-16,1740	-24,0087
-31,9022	-23,9431
-23,7762	-13,7853
-6,3434	-26,8268
-16,1088	-29,0549
-15,7149	-11,0982
-28,7569	-23,1568
-19,1883	-14,4404
-27,6427	-21,5183
-12,3072	-12,7363
-35,1792	0,9604
-6,7367	-13,3263
-32,8855	-7,3624
-21,7444	1,8125
-31,9680	-6,3794
-21,0238	-6,9690
-30,7883	-4,3478
-27,1187	4,1721
-37,1453	6,9900
-39,5049	-0,5464
-21,4167	10,1359
-36,4903	8,6942
-20,8267	5,7450
-27,1184	21,0805
0,8000	4,4997
-23,9070	-1,5948
5,3877	11,2499
-16,3047	-2,6437
0,9970	-1,1364
-17,9428	-0,4812
19,4781	-14,8335
3,5529	-16,4065
0,4726	-28,1374
-11,7167	-9,6564
1,3246	-12,9336
-0,8379	-39,6064
-1,5592	-28,3996
-1,3624	-23,2227
-18,8607	-34,2324
-3,6562	-27,6132
-23,2516	-28,7930
-1,8214	-25,2538
-28,4945	-15,8167
-7,7853	-20,7318
-30,6571	-6,0518
-12,6350	-2,2509
-33,9994	-27,3510
-12,3728	-9,9837
-20,6300	-3,0373
-12,9627	-29,3169
-21,6129	2,4682
-21,6787	-9,9184
-7,4571	5,1551
-16,6325	6,5967
5,1255	-11,4256
-29,0841	-2,2502
6,4364	11,3153
-14,2077	-6,3137
2,3074	-10,1148
-21,7442	-5,8550
-12,8313	4,8273
-23,3170	-3,3649
-7,7196	-23,2221
-25,6762	-5,3307
-12,5038	-15,1612
-8,3746	-26,6953
-2,8045	0,1743
7,2885	5,2204
-1,7557	-8,1488
17,5122	-5,0030
11,3516	-11,7531
23,4104	11,1189
-3,1316	14,9198
17,3158	-3,3645
14,6287	2,4028
27,6044	17,7380
-11,7822	13,2817
15,0875	17,1481
15,2183	-12,1463
7,5504	8,5632
-7,6534	6,3345
4,0771	-9,0661
2,2422	1,0264
-6,4087	7,6453
9,5167	-3,6267
-8,8993	9,6770
3,0286	-3,1681
-10,3411	-0,5464
8,9267	15,7719
-11,7828	-16,0784
9,7129	0,3712
-15,9113	13,9368
8,7300	2,9924
3,6184	-0,8741
11,1547	-9,0661
-5,7531	-4,4786
-5,9498	3,3855
8,0750	-12,1464
1,8487	-10,3113
1,7180	1,7470
0,1449	-14,7681
8,7957	-7,2313
-11,8482	-4,1513
20,8543	-8,6078
-9,7511	-9,0009
5,1912	-27,4164
-12,7000	-8,6731
8,6645	-4,2825
-0,4448	-19,4865
13,5796	-6,7725
-2,5418	-4,4788
-4,1805	-3,9546
-0,9688	-12,0155
8,4679	-6,3138
17,5121	-0,0222
-1,1003	4,6305
15,8738	-11,9498
4,1426	3,5823
18,8885	8,4971
-4,9012	-16,0787
24,3279	-1,5951
6,8297	-5,9206
9,2546	5,0894
-3,3280	5,1547
15,6115	-21,1249
-0,5101	-1,9226
7,3539	11,5118
1,1283	-16,4063
1,1280	-3,3645
1,4559	-8,7386
6,1086	-9,4593
5,2568	1,8782
-5,5568	-19,0278
6,0432	-1,5951
-13,2244	-2,1853
6,4363	-18,5034
-18,0085	-8,1487
-3,8528	9,4147
-10,4062	-5,7896
12,4655	2,1403
-14,1418	-12,9986
2,8973	12,2986
-11,9790	-8,4768
-3,3285	-20,7315
-3,8526	0,6331
-6,1467	-6,3795
-3,1972	-9,9837
-12,3727	-0,7434
1,5211	-9,2629
-30,0018	0,3708
-5,6223	-3,1026
-19,5159	-20,0107
1,5864	-10,7044
-23,1204	10,0702
10,3683	-1,7918
-18,9916	2,4026
-5,7533	-7,3624
-10,7994	-3,4300
-0,3139	7,3176
-3,5905	-9,1974
-6,8675	-7,8867
12,1382	-12,8674
-3,9840	-12,8019
11,6796	-13,7195
-0,0516	-20,0110
21,3788	-0,8745
-3,4593	-7,7561
32,3234	-41,1135
7,5507	-9,9839
18,4297	-11,2949
-7,7189	-33,1836
26,8182	-15,5545
5,3224	-19,4212
9,3198	-13,9161
1,5869	-15,6855
-2,4767	-13,4573
-6,6052	-12,8675
-8,1129	-12,6709
0,8003	-20,7972
-21,8101	-8,0834
-12,7657	-17,2586
-18,8609	-13,3917
-9,4237	-14,9648
-30,7883	-30,8243
-5,9503	-9,6561
-32,1646	-4,0859
-7,5888	-29,1859
-27,3149	-11,1633
-24,7591	-9,5908
-32,0988	-15,2922
-20,0405	-4,9375
-24,3001	-7,1003
-19,1230	4,8928
-20,6301	5,6136
-22,2687	-10,7702
-6,0813	2,8615
-34,1962	0,3053
-8,7025	1,0920
-18,4021	9,0219
-12,9625	-2,6434
-24,1690	21,8670
2,4384	9,0872
-18,2709	-1,2670
-8,5716	13,2819
-8,5714	20,4250
-19,1230	15,1166
-15,3868	4,3688
0,2100	5,0897
0,2760	6,5971
-20,3681	14,2643
-4,3114	-10,3114
-6,0812	3,0581
10,0407	10,0701
-14,3385	-10,9670
15,8080	-7,1001
-13,6831	-10,8358
9,7131	-3,8890
-18,7292	-14,0472
5,6499	-28,2683
-9,4888	-16,6029
1,1933	-12,4089
-15,1903	-27,6787
-5,4259	-10,3118
-5,1636	-18,1107
-15,8461	-22,8290
-2,3455	-13,1955
-2,4770	-19,5524
-15,5838	-17,7172
-21,8752	-20,2732
5,1255	-19,8143
-21,8098	-0,6778
-3,1975	1,2226
-17,3531	-7,5591
2,1764	-9,3940
-10,4063	-12,6708
-9,2923	4,0410
-5,7531	-0,1535
-10,9963	-17,8481
-1,0345	3,2546
-3,2631	-1,8575
-1,8210	-11,6222
-3,5253	-8,8697
10,4997	-9,7217
-14,6007	-2,1196
18,2983	-9,6563
-13,4211	-23,2877
8,1404	-10,9668
-11,1273	-6,4451
-0,9692	-14,6369
-15,6492	-12,5399
5,7153	-24,2706
-9,2922	-15,2266
-12,4381	3,8440
-5,9498	-28,3995
-4,0496	-19,7485
-4,9667	-0,4158
-10,6031	-9,9839
1,3903	-7,2970
-10,4720	-11,4257
0,8004	-10,3115
-16,1079	3,9097
13,5142	-20,2073
-12,3069	1,6818
3,6837	6,3345
-5,1635	-1,0051
8,3366	6,2038
-15,3215	1,6818
-1,1005	10,5293
-19,1881	16,3618
-3,3942	0,1745
-2,7387	12,0366
-19,8438	13,1504
-0,5758	5,4830
-19,9094	3,6479
5,3877	7,2524
-32,1645	2,4682
-9,6200	9,4151
-19,9749	3,6478
-11,3243	16,0341
-26,6595	18,9175
-5,0985	-2,1848
-29,4121	7,6456
-17,4192	13,2160
-25,1521	-4,5440
-15,9774	6,9903
-16,8291	3,6478
-22,4655	1,2886
-12,5039	3,0581
-28,8226	4,8931
-25,5453	11,0534
-29,8055	8,1697
-7,1956	-0,8086
-42,7816	0,7643
-1,0351	1,2885
-28,4947	6,2691
-11,4553	2,2712
-24,0380	-10,7048
-5,7536	-6,6413
-14,6006	-0,6125
-3,3942	-14,3094
-2,9351	-15,1612
-8,2437	-13,2608
15,4152	-14,3749
10,3029	-20,4699
29,0466	-33,7079
10,0409	-26,5643
31,2094	-11,2293
4,2084	-23,9432
34,5517	-13,2608
4,5361	-12,0156
24,4591	-19,4867
11,0898	-21,7803
27,0802	-21,9113
-2,4106	7,4487
6,5677	3,7128
15,5461	-16,7339
-5,8845	1,0917
1,9803	-14,7679
-6,5398	4,3032
3,5529	2,1402
-16,4358	-5,1340
1,8489	5,0895
-16,9602	4,0409
-16,8945	-11,0323
-25,1521	-0,4808
-7,3265	3,9098
-40,0943	0,8298
-2,5424	0,0433
-17,2224	-19,4208
-10,5379	-3,4299
-26,5937	9,4803
-11,0621	-11,4256
-5,8845	4,4342
-26,8561	-4,2167
-1,2968	-12,0809
-14,3388	-2,0540
7,2882	-12,6053
-19,5816	-5,2652
2,3731	-9,1974
-13,5521	-10,9013
17,7740	-4,1511
-7,1296	-7,5590
4,4048	-12,5396
5,1260	5,8105
30,2913	-11,5566
-8,9642	3,8444
18,3641	14,4612
17,5778	-7,7555
17,7087	4,1723
13,5147	22,1288
-1,0999	-2,2504
25,9667	-0,3495
12,2692	31,1073
18,4299	15,3132
7,4851	17,4105
23,8036	3,3860
9,1235	26,5857
19,0849	25,0781
5,5190	6,3352
11,5481	22,4570
-11,9789	22,5878
12,5967	22,9156
-1,6244	30,5177
-11,1929	15,9033
-0,8379	27,1099
-0,0519	13,3472
6,6985	-6,5098
-12,7003	19,3768
8,9269	18,7865
-6,2121	0,7645
17,5120	14,1994
-12,7000	19,9662
8,1405	4,4998
-7,5881	11,3157
8,0092	7,1869
3,4876	3,1236
2,6352	7,8422
0,1454	-2,9711
11,3515	14,0026
1,4559	7,7112
5,7155	8,1044
6,1743	11,7743
3,2250	1,0921
-4,8357	19,3110
-6,0155	14,4611
12,3345	-3,6921
-24,4310	13,0195
4,6669	1,9440
-13,8798	6,9249
4,7323	12,8229
-22,7270	1,8129
3,0940	17,2140
1,4557	14,1991
0,6034	-6,2479
-6,9328	13,4785
-1,5591	16,2308
0,8005	8,4976
-8,7023	13,2161
30,0950	-4,9373
4,6013	8,6943
29,7019	7,5800
5,8467	6,2694
27,6704	13,0850
7,7473	17,0828
25,9663	17,6071
5,5193	22,7844
30,0294	15,3789
4,2086	16,1654
14,3008	8,7599
13,9733	22,7846
5,2567	26,1269
9,1893	14,5926
5,5842	18,7870
10,2377	25,4060
-7,6540	19,1801
17,0533	19,0491
-9,8821	18,4591
25,5729	3,7137
-12,9623	18,9836
10,3031	20,1630
-7,2605	12,6265
3,5528	21,2116
-3,3282	16,8206
1,1934	11,1191
-3,9835	12,1676
-6,3432	-0,1531
-4,3768	10,6602
-5,5567	5,7449
7,2885	-5,5927
-8,2436	4,0411
15,0217	4,9584
-4,5081	-1,1363
18,0366	-0,0877
-2,1487	-8,2797
30,4882	7,1213
-4,5079	11,7085
16,9879	-6,5757
9,5169	14,0025
22,0994	0,8298
-2,8037	4,0411
12,6624	6,8591
15,8737	7,0558
-2,6076	9,4806
7,1577	4,6308
0,4725	-6,3791
14,2353	-1,9881
-12,1103	12,8882
8,6648	-9,9182
-10,2096	1,0919
16,5946	-23,4841
-2,3453	1,4853
18,8883	5,4825
1,9801	-8,7384
19,4781	-1,7916
8,4682	8,1698
4,6014	7,0557
7,2887	16,9516
6,8951	3,7789
10,0411	10,8570
-6,0811	14,8544
17,5777	-11,1631
-2,0835	5,4831
11,5484	15,3131
-7,1952	-5,3961
10,9585	3,9756
-11,2582	-2,3816
14,9562	-3,5611
-0,5759	-6,5105
25,5072	-4,2166
-4,1148	-12,9331
11,8103	-11,2291
0,9316	-20,2076
2,5041	-9,0665
3,8152	-16,1445
2,0453	-27,0888
0,6693	-4,0203
-8,6370	-9,3943
16,5290	-16,9308
-11,0619	-5,8552
7,8127	-20,0765
-15,9769	-8,4110
9,3200	-8,6078
-5,0980	-22,8944
9,3853	-8,8042
-12,0447	-23,4844
-0,5106	-5,0032
-18,5983	-13,7197
-14,3388	-25,8436
-13,8142	-8,5421
-5,8849	-18,0449
-8,5716	-18,5036
-27,3151	-14,3093
-3,2631	-32,2661
-18,7299	-21,9113
-2,2800	-7,4938
-5,4261	-38,9507
-1,0350	-13,3262
-6,7365	-20,6009
5,1909	-25,0573
-16,3047	-15,4891
-1,6902	-21,6495
-13,2898	-16,2099
2,5695	-16,2099
-0,3137	-16,3409
-7,3920	-5,1342
-1,6899	1,3536
-5,0326	-15,6854
8,9923	2,7302
-2,0835	0,5675
1,9801	9,4804
-2,8697	8,6284
19,6746	-11,4910
-13,6177	4,3689
0,9971	16,6892
-1,3625	-2,9715
2,1764	-4,0855
-12,5034	1,1572
-4,0495	-14,8990
-17,1564	-4,3477
-7,0641	-1,6609
-6,2775	1,4849
-7,2608	10,2667
6,5674	-6,7725
-13,2246	13,5438
4,9947	5,8105
-16,5014	7,1870
2,5698	15,9687
-21,3509	10,2671
2,4386	21,7360
-14,4697	25,0782
-12,2416	-3,7576
-19,8435	12,1023
-8,5717	12,1675
-17,4189	-3,5610
-4,3120	4,8276
-20,8268	2,7303
-29,2811	14,3302
-9,0957	19,8349
-29,7400	0,8297
-15,9114	2,3371
-24,1693	5,0240
-1,2314	-0,6119
-22,0719	1,6818
9,7785	5,0896
-15,5838	4,1067
6,3709	7,1212
-0,9036	-1,6606
5,1910	12,2330
-3,1969	13,8056
10,4995	-7,6901
2,2424	-15,1611
7,3538	-12,6053
10,2377	-11,2947
0,8659	-11,4914
15,4806	-29,7760
-3,3286	-25,4505
17,1845	-19,5526
-14,5351	-43,8663
8,2060	-37,5090
-7,9815	-19,6181
2,2421	-27,8756
-10,8650	-32,1352
7,6815	-26,0404
-10,3406	-12,5400
8,2056	-32,1352
-0,8379	-13,3917
-3,1976	-10,1805
7,4853	-9,0664
2,5041	-19,0278
15,4149	-5,4617
-4,2459	-9,3940
17,9710	-0,2845
10,9583	-5,6585
30,4226	-11,6222
-9,7509	-9,0663
14,6943	-5,9207
2,8977	-26,7611
20,9854	-12,8019
3,2254	-15,7512
8,6648	-17,3240
10,3034	-13,5886
17,6431	-28,5307
18,4953	-28,6616
4,6013	-14,0472
10,6966	-25,9092
-4,5737	-9,5251
14,0388	-10,1807
-13,1589	-19,6832
15,4804	-13,4572
-14,5352	-10,1149
9,9099	-4,2166
-12,3724	3,7131
8,0094	-9,7872
-4,6389	-7,1001
15,8081	6,4003
6,5679	3,3200
9,8444	-1,6605
19,1508	4,0410
14,6940	23,5052
17,9057	13,5435
16,9879	1,1575
30,2918	6,4660
-2,3451	21,3425
22,9520	10,4636
6,7643	6,5315
30,4228	0,3712
0,2106	12,6918
21,1821	6,3348
-1,2312	-6,3135
10,1720	8,3664
-7,9814	4,6963
4,2736	-0,2844
-17,0909	1,8783
-12,5036	-9,4595
5,4534	3,3857
-20,8270	0,8951
-5,8188	-16,7993
-10,3411	13,2160
-0,2483	-6,9038
-22,9238	-6,7723
12,6623	-10,1148
-12,3725	-1,7918
8,3370	-3,7578
-14,2727	0,4364
8,9924	-11,0979
3,6841	2,5337
3,5529	2,5990
6,8955	-12,1461
11,6137	10,7257
7,2888	1,4851
-0,9690	10,1359
20,1338	13,6091
5,2567	-0,1533
11,4175	1,0265
-9,9475	-3,6267
15,1530	-11,8842
-6,7363	0,1090
15,0215	3,5164
-6,5396	-9,6563
8,4023	-11,8844
-12,6343	-6,7727
15,5457	-14,5060
-8,1124	-13,9817
3,8805	-22,5014
-4,3111	-9,6564
14,6283	-9,3943
4,0119	-20,2077
10,3687	-16,7342
27,8669	-18,4382
1,9800	-11,8846
21,3790	-10,3117
-1,3621	-15,6856
29,9641	-12,8020
-1,2311	-3,2337
24,6557	-14,8338
10,0412	-11,8189
14,1042	-13,1297
6,7645	-6,5761
10,0408	-1,1368
9,7791	-34,4287
6,6328	-6,2482
-9,2918	-5,2655
6,3052	-15,8165
1,9799	-17,4549
-20,6301	-7,7557
3,8805	-3,1683
-9,8824	-11,2292
2,9628	-24,9915
-18,5985	-4,1511
15,1524	6,5966
-16,1080	-20,2731
9,5819	-7,1655
-13,6831	-0,7434
-0,4450	-10,0492
-2,2798	0,1744
-0,5760	-2,3160
6,6333	3,2545
-0,3793	-1,7263
23,5416	-10,1147
-1,1657	0,6986
18,1022	-7,4279
-5,8186	-2,6438
16,5293	-10,7047
-3,0661	-13,9160
21,2476	-6,1827
-21,2196	-3,4305
5,9777	-16,4064
-14,7973	5,0239
-2,4111	-0,5470
-13,4865	-9,9185
-16,7636	-13,2605
-14,9937	-20,3386
0,0790	-1,8573
-5,4913	-7,0351
-18,5330	-31,2174
4,7981	-0,8743
-10,8654	-4,0205
7,4194	-29,7758
-6,2778	-12,9985
6,1085	-18,1106
-18,3364	-22,8290
3,0938	-12,9333
-20,4335	-29,4482
-8,3750	-10,3116
-11,3240	-10,4430
-18,7297	-26,8268
-8,3748	-14,7681
-5,3607	-21,5837
-20,3678	-18,8313
-11,1276	-7,2969
4,7323	-15,9477
-9,2271	2,9267
3,2251	-2,7095
-6,5398	-9,4595
6,6331	4,7618
-9,3577	-6,1171
20,4611	-2,9057
1,3903	8,7595
14,4973	2,7958
-3,6558	2,0749
27,3424	4,2374
8,4027	-12,5395
9,9099	-3,1024
16,4637	-8,0177
-8,3746	-5,9861
16,2673	-9,7218
6,4361	-15,2267
8,4683	-4,6100
1,2590	-5,7245
12,3346	-32,3972
-5,2290	-16,9307
12,0723	-23,2224
-16,6321	-36,7226
9,4509	-28,0719
-14,1418	-23,8122
4,3392	-22,6325
0,7348	-25,4507
-1,1661	-39,7372
-13,2898	-23,2878
-23,0550	-21,7151
-11,4548	-27,6787
-20,6960	-19,4212
-0,9039	-22,1738
-34,2619	-21,7148
-18,9917	-10,5738
-19,6473	-23,5499
0,7998	-10,5081
-25,6110	-9,3286
4,7323	-10,1805
-16,5014	-10,7702
0,5381	-2,3817
-6,0809	4,8273
4,2081	-0,4157
7,4853	-7,6244
9,8442	7,1867
5,4537	-0,2190
6,3054	-20,6005
14,8908	3,3201
-0,3793	-3,4303
14,1700	-8,3454
2,1111	-12,3430
19,2159	-4,5442
-8,3746	10,0702
17,9052	10,0700
-7,5227	-8,6075
1,9145	-1,2018
-7,5880	-0,1535
-0,4449	-2,1850
-4,9666	-1,4642
3,7493	-5,4618
-9,0298	-6,7727
-1,4281	-5,5930
1,8488	-14,8992
-10,8000	-21,3871
-3,6562	-17,6516
-19,1887	-14,5716
-9,0304	-18,9625
-28,4946	-23,2878
-7,0644	-24,2708
-28,0358	-20,1422
-2,7390	-29,4481
-26,4628	-4,6756
-13,7488	-5,5278
-5,4911	-28,3995
-3,9185	-13,7849
-4,3113	-14,1126
1,5211	-9,9838
11,8105	-11,9500
8,8612	-14,8988
14,0388	0,5673
-2,4764	-5,3964
28,4568	-13,3262
2,8975	-7,0346
20,4613	-0,8090
6,5676	-5,1998
23,8689	-5,2653
1,0627	-18,7656
9,5166	-4,4130
-2,1484	2,7301
12,1380	-2,9713
-1,4932	-2,8402
-9,3577	7,7766
4,0120	0,9610
2,5697	12,4297
-1,8209	10,5291
6,0433	3,4513
23,2791	8,1699
-0,7726	5,8107
16,8567	21,4080
-9,0954	15,1820
25,8352	-1,9881
-7,7848	16,9517
14,4976	-5,9204
2,7012	7,5801
16,9223	15,7718
18,2987	-5,6583
11,9413	-1,3984
6,7644	10,2013
-2,8696	-3,1026
9,4514	-0,3500
-4,6392	-12,6707
6,9610	-0,6776
-11,7170	7,7108
24,4589	-5,3307
1,1936	-1,3330
28,4566	2,2060
-0,1825	-4,4132
27,4081	2,0095
6,2402	1,0918
29,3087	-8,0174
31,2748	5,6794
7,0919	-6,1172
21,4448	-8,5418
25,9661	-6,4450
14,8910	-17,6516
12,5313	-13,8505
7,9440	-25,0573
-7,5226	-23,0912
18,2330	-18,8970
-8,5058	-29,6449
0,2761	-22,8945
-18,6638	-9,5253
5,8465	-22,5013
-16,0423	2,0747
-2,9353	0,3707
-12,3723	0,8296
6,1740	11,5775
-14,6005	-2,4471
-6,2777	10,4636
-2,9350	7,2521
-1,8212	-9,8525
0,8661	-1,6606
-5,9498	-2,1195
22,2308	-4,9374
6,1743	8,6938
28,6533	-19,1589
7,0264	-0,1533
16,7913	-7,7557
6,8954	-20,4039
10,1064	2,9923
-11,9133	-0,0882
12,3347	-29,7100
-6,0808	-1,1363
-6,7362	-0,2848
2,3079	-12,2776
-1,4935	2,5989
21,5754	-20,7319
-0,3796	-6,5104
12,0071	-17,7173
0,3414	-37,2467
6,6986	-14,3747
-11,5204	-6,3141
12,9900	-15,2268
-15,2561	-3,6269
18,2328	-18,5036
-7,6539	1,0916
-1,8213	-4,2824
-3,9837	-13,8505
-2,9356	-3,8235
-12,1100	-2,9061
-2,1489	-7,4281
13,6455	8,7593
-0,3139	-2,1853
4,9949	-8,4765
0,6038	-9,6562
18,2986	-11,0978
1,3247	-4,8718
29,5708	1,6161
5,5191	-1,2019
20,7233	7,5799
11,0897	-3,3646
21,4441	0,6988
1,7837	1,2230
11,2862	-0,4154
16,0705	9,6117
3,7495	5,3516
18,4954	-0,6776
11,1551	12,4951
10,3034	-1,0054
10,8275	5,2207
35,2070	0,1087
-0,0515	-18,2411
29,7676	-2,7746
10,1067	5,9413
38,0904	-13,0640
8,1406	7,5798
24,5246	-11,1636
8,9270	-5,1998
23,0826	-16,0133
4,4051	-15,4233
10,6962	-1,7264
-2,6728	-1,6610
-4,8359	-11,9500
3,9462	-4,2166
-19,9749	-0,0880
-7,1295	-5,7895
-19,9749	-3,8889
-11,6517	-11,8188
-21,4823	-9,3282
-4,4430	2,4680
-32,2956	-16,6686
-9,6859	-12,0810
-33,1475	-9,9842
-10,4722	-32,0040
-16,8945	-23,3533
-4,1808	-31,7420
-10,0132	-14,3095
-16,1082	-20,2079
3,8150	-36,7228
-7,7197	-16,0134
-6,1463	-10,8363
-15,4527	-30,0382
6,2400	-2,2509
-4,2461	-17,8484
14,8251	-12,6054
-10,9307	-9,3942
9,4511	-15,9476
-16,8944	-8,9352
5,3877	-1,4641
-16,8288	-3,2337
-2,0835	0,8297
-9,8821	1,4194
-17,4190	1,9438
-11,3893	-6,5758
-9,9480	-12,4740
-11,3240	-3,4957
-17,4190	8,5628
0,9967	-14,3747
-20,6302	-4,9375
3,6837	-6,2483
-22,7928	-9,1319
12,7277	-11,0325
-12,2415	-18,9623
-2,6076	-1,6607
-3,7216	-11,1637
15,0870	-11,6223
-5,4911	-6,5105
-3,4595	-4,6099
11,1552	-4,1512
3,1594	-4,4133
14,6942	-6,9692
1,6521	-0,3499
10,2378	-4,3478
3,8149	-7,3622
15,8737	2,9270
-5,6877	6,0070
16,7911	8,6285
1,1280	9,7426
8,2714	-4,6751
-4,5080	7,8423
12,2034	11,5776
-15,9111	8,2355
2,1110	11,3157
5,7812	11,3811
-7,4573	5,5485
10,7620	10,6604
-3,8527	12,1676
11,2863	4,1722
2,5042	26,8475
16,2670	13,8714
4,9292	1,8786
24,7211	17,4761
1,7835	-1,9226
23,2138	20,8841
-1,8864	32,4180
9,3202	11,7090
10,8275	21,4083
6,6329	19,1801
3,0942	25,1440
-0,4450	20,6873
-2,0831	8,3013
-5,0982	29,7313
-6,8019	6,2039
-14,6664	11,2504
-0,7071	12,6918
-14,6011	-0,0875
-15,2563	14,5926
-28,0357	20,7527
-8,1785	3,1892
-32,4268	21,2117
-29,3467	15,9031
-37,2107	5,3522
-20,4340	35,9572
-30,3296	15,3789
-20,6962	17,3453
-36,7521	30,1245
-40,4877	23,8985
-11,8483	19,1145
-18,5989	29,2069
-15,6492	9,5462
-18,3363	13,6095
20,4610	0,5023
-4,5739	14,8547
12,4002	20,8838
8,0094	0,8300
27,1457	15,1825
1,1938	34,4498
19,4783	12,1021
16,3328	20,6219
18,9540	12,8886
20,9204	16,5586
12,9903	14,3302
19,3476	2,1406
15,4805	12,3642
22,1655	20,4249
10,3687	-1,2017
25,5731	11,4468
-6,5396	23,8984
22,5583	19,9008
-6,9985	16,1653
7,8781	11,1192
-11,7170	23,2433
2,3730	19,9008
-18,7294	12,0366
-5,9501	7,9079
-10,7997	9,8739
-15,9118	9,9393
-18,2052	16,5583
-26,3974	-3,9545
-16,6325	5,6140
-37,4731	9,9388
-22,9239	-7,6900
-34,8517	7,5798
-14,0768	-1,5953
-33,4755	-14,3091
-19,7129	-4,9374
-34,5895	-2,5127
-17,2225	-7,6900
-34,1304	2,0092
-13,1591	-4,0858
-8,8335	-3,8234
-4,9016	0,8949
-0,9691	-21,7803
3,0283	-8,8042
17,8397	-9,5909
-6,3432	-6,6416
11,8761	-5,8553
0,3416	-31,2830
23,8691	-13,9813
-7,9815	3,2542
11,2862	-10,2461
-6,8018	-1,3986
1,9144	-14,9646
-2,9353	-26,3021
0,0137	-1,5954
-11,8481	-26,7611
-1,9525	-20,8627
-7,5882	-16,4722
-8,7028	-35,5430
3,6837	-19,0934
-22,3999	-23,1569
-9,2922	-23,0257
-9,3583	-21,6496
1,9142	-28,5962
-24,0381	-24,4675
-8,7682	-11,6880
-19,5160	-24,2054
6,5016	-18,3069
-29,6086	-4,8067
-5,0326	-9,7218
-14,9285	-14,6370
-4,7051	-9,8527
-22,0718	-4,9376
-9,2269	0,4362
-5,1635	-17,9137
-10,6033	-6,5759
-12,8311	-13,1298
-8,7682	-13,3918
-0,4450	-10,1807
-19,8437	-10,5083
2,8973	-11,3602
-19,1884	-4,6101
4,1424	-15,6200
-27,0526	-3,2336
-7,3919	-4,9377
-15,0595	-6,6414
-7,1299	-4,0200
-16,5667	-5,0031
-3,7876	-2,5782
-4,1804	6,2690
-0,4452	-3,2337
5,9778	-6,0517
1,3244	1,4848
11,6139	-19,8143
2,5699	-17,1927
26,8183	-13,7194
-0,0514	-16,9963
34,8794	-2,3819
11,0897	-29,1861
29,1776	-20,1418
4,9951	-17,3242
18,6264	-21,7804
15,0876	-16,4064
15,8737	-18,1104
11,6797	-12,3432
8,4026	-1,1367
16,8569	-11,5568
7,2883	-3,1026
6,6333	-5,3308
2,1767	-4,4133
15,8738	0,5674
-1,7556	4,6306
18,7573	-4,6099
-4,6391	-5,3308
20,8543	-7,4935
-0,7069	-2,6437
15,6769	5,2202
-2,2797	-39,4749
8,1401	-2,1849
-4,3768	-3,5615
-6,4087	-0,6778
-9,8164	-11,1636
-7,5229	-16,2752
-10,6684	-1,4641
-7,3918	-1,3331
-0,5759	-8,2798
-15,7805	6,8590
4,7981	-4,6755
-16,1736	-5,5272
7,2228	0,1089
-2,8697	-2,1195
9,9752	1,4195
-3,6560	-5,7895
10,6961	-17,1270
-9,3575	2,0093
0,3417	6,1378
4,7983	-12,0811
2,3731	-10,5737
4,6673	-20,2075
7,1573	-14,1127
17,6433	-12,9988
-3,0662	-37,9678
23,5416	-12,7365
-0,3137	-10,4431
26,6872	-31,8076
-1,0343	-15,9478
31,9300	-24,3365
0,8006	-24,1398
23,7381	-10,3118
2,1114	-21,8461
15,2839	-14,5060
6,1090	-10,5739
-4,7702	-13,5230
19,6748	-15,1613
-10,7343	-16,1443
8,0749	-10,9670
-16,1738	-3,3648
-6,3432	-21,2561
-19,5816	3,4511
2,8317	3,9750
-14,5354	-26,1055
-3,0012	4,1722
-26,5283	1,8124
-10,0788	-19,2243
-13,1588	-0,2188
-4,2464	2,4024
-17,7463	8,5628
-6,9332	-21,5182
-8,7681	-13,9812
-14,9941	0,6986
4,2736	0,9606
-23,9727	-11,7532
-2,4766	2,8613
-24,3002	0,8296
-4,1805	-0,4809
-21,2856	7,7764
-4,5081	-16,4718
-2,8043	3,3858
1,4555	9,2183
-5,4255	-9,7870
7,8781	-4,8062
2,3735	6,3348
14,6284	11,6432
17,7744	0,5019
20,6577	5,5485
29,8332	13,6747
8,5994	-1,5294
30,2266	-2,9056
33,9617	4,6309
31,5371	6,7935
14,2357	-0,9398
29,0469	-9,3939
26,9497	-20,2072
37,7630	1,0919
8,6651	-8,0178
24,6559	-29,5133
13,1871	-3,6923
22,2309	-10,3772
16,6605	-7,3624
23,8035	-2,8405
16,0705	-20,0765
10,2377	-17,5202
16,7258	0,5673
-5,0323	-18,6347
24,3935	-7,2313
-11,2582	-7,2315
21,7719	-9,1319
-12,8965	-16,9961
20,3300	-12,0154
-2,0833	-0,0224
4,8634	1,6815
-6,2118	-1,0710
6,1087	2,4026
3,4875	4,4341
0,5382	-0,7431
19,6749	8,1043
7,4193	11,9708
11,4830	14,7889
-2,3453	14,7889
20,0026	-3,5610
10,3029	9,8084
20,0680	14,0679
-3,7216	8,5630
13,4488	12,8883
-13,2242	3,6477
7,4197	-3,0371
0,0141	-3,7579
17,8395	-15,6855
-4,7700	-10,5081
5,1913	-4,0204
10,1066	-23,9430
7,3537	-6,5104
-3,3938	-14,2438
-8,4403	-8,4765
1,5215	-4,8722
-0,1173	-18,6344
8,5992	4,0410
-16,8945	15,1162
18,7572	-7,2313
-3,7873	1,4851
10,4995	-4,9374
-11,5859	0,4366
3,6182	7,5143
-12,0447	4,0410
-4,5084	10,9223
-13,9451	11,6430
-6,6711	1,1574
-14,5350	1,6819
-12,8314	12,0363
-8,6369	-1,2674
-16,6325	9,4151
-3,5252	-7,6897
-27,4458	17,4762
3,8803	17,6069
-18,2709	-0,8739
-13,2245	25,8647
-12,4380	8,6941
-4,4429	-8,2794
-20,0400	13,2163
-0,1174	15,3131
-13,4865	2,5337
-10,0789	3,1890
-11,6513	-1,0054
-8,9648	8,2351
-3,3284	9,3490
-12,4382	-14,8991
2,3731	-11,8843
-19,5816	-5,3964
-2,7387	-4,1511
-21,7442	-11,4256
-2,4768	-15,4888
-25,5453	5,0895
-13,2248	-2,3818
-27,7734	-9,7870
-19,5163	-1,2018
-26,5939	3,0577
-16,5672	-0,1532
-11,3242	6,9246
-12,0454	6,8590
-12,8315	7,1867
-28,2326	9,0872
-5,8190	-6,3790
-12,6350	2,3373
-4,2463	19,2453
-25,1522	10,1357
-8,4405	-8,4763
-18,4019	-5,1339
-9,9479	8,1042
-24,1689	-3,6923
1,9140	-14,4401
-21,8097	-1,6607
-21,1544	3,7130
-5,5567	-11,9499
-19,5162	-0,8088
-9,4234	-11,1637
-25,5456	-16,7340
-9,6856	3,3199
-35,2449	-10,9671
-21,6787	-16,1442
-38,3905	-11,0325
-10,0135	-14,4403
-33,2789	-10,1805
-12,5695	-22,6323
-33,4754	-17,9135
-24,4971	6,7933
-28,4945	-21,2561
-13,0282	-19,6830
-19,6471	3,4510
-14,2733	-7,6247
-11,0617	-10,5081
-0,1832	-2,0540
-10,4064	-6,1829
-13,1591	-19,6175
4,4048	-11,2289
-12,4384	-2,8404
-0,3140	-7,6902
-21,4820	-12,0154
11,9411	-10,0494
-27,5769	-2,7749
-8,7026	-17,7826
-15,7147	-5,8550
-6,4090	-10,1150
-14,8627	-3,4302
-2,4112	-3,3648
2,9630	-21,7802
-12,7002	2,9267
3,7496	3,3197
1,5212	-25,1881
15,5461	-7,3623
2,8320	4,3028
27,3427	-18,0447
5,5191	-6,3138
26,3598	-12,1465
21,3789	-2,2506
34,0273	-7,4281
11,1556	-15,8166
38,8115	-20,4041
28,0637	-31,6763
28,3257	-15,2268
21,9690	-6,2487
23,0827	-32,9217
20,1994	-30,2346
10,6963	-18,5037
14,9564	-27,2856
2,1766	-25,7781
7,2885	-12,9988
-20,9574	-15,6858
12,2692	-15,9479
-6,6708	-24,2054
7,1574	-14,8336
-2,9353	-5,2655
9,3199	-32,2006
2,3078	-14,4401
5,4533	12,2981
4,2740	-16,6032
20,7232	-13,7193
5,6501	-5,8550
10,9585	-13,3916
15,0220	-9,7872
12,0069	-14,8333
14,8252	3,5167
1,8490	-5,3963
21,7719	-4,6753
8,0092	2,3370
14,4972	-12,5396
-4,3771	-11,3599
-1,1659	2,0748
-10,3408	-10,5736
0,0137	-10,3770
-9,6854	2,7300
-9,5547	-8,6077
-12,9621	-12,1464
-4,6395	-13,9160
-10,7340	-12,1464
-8,2440	-5,0685
6,5017	3,5166
-30,3296	-2,7093
-0,9037	1,8128
-17,3534	-9,7214
-3,5908	-4,2818
-27,7079	11,3155
1,9142	-0,6775
-26,9215	12,8227
-7,5884	-13,1294
-10,5375	0,3055
-17,2223	-1,8574
-14,8626	-11,6223
-14,0766	-12,8674
-8,0470	-10,3771
-13,4213	-9,7218
-1,8211	-22,2390
-9,4235	-8,8041
12,1379	7,1209
-21,2853	8,0383
19,8059	-13,7193
-3,7217	-5,7237
-1,7554	4,8273
-5,3597	-2,2505
10,9586	6,9245
-1,2964	-2,6438
10,3686	-7,1001
2,5702	2,7956
2,3732	-9,7872
13,6458	-14,1779
7,4849	2,5991
16,0050	3,7133
7,6817	8,3008
27,0149	-1,6607
2,6355	13,6094
19,2818	14,0679
11,4174	2,0751
26,1628	9,3495
2,6356	7,1212
26,3595	-12,5394
0,8661	7,9733
6,4366	0,2399
0,0143	-1,3329
12,4001	5,3515
-0,5758	-15,0300
-3,3940	16,2304
7,2885	-3,1028
-2,0834	-17,0617
7,6161	-6,9691
-15,0595	-16,2098
6,5676	-3,3647
-10,1442	-9,5909
5,9777	-19,1588
-7,0640	-10,8359
9,8442	-3,3650
1,5211	-14,5715
2,0453	-11,9500
-14,0107	-5,0034
-4,3117	-19,3556
-15,1248	-16,2754
-5,2949	-13,6539
-11,2583	-5,7897
-13,4213	-8,8700
-2,3456	-20,2075
-26,9216	-4,0201
-8,1127	-7,0349
-32,8853	-1,3988
4,6012	0,5673
-27,4458	-24,5329
-7,0642	-1,6606
-27,1181	8,4315
-2,1491	-17,0615
-15,7149	11,3155
-15,5185	4,6308
-19,3192	-3,4955
-6,5403	5,9418
-10,2754	6,6625
-22,8586	10,9880
-14,4041	2,7959
-21,7444	3,3858
-0,2485	-4,2820
-15,1253	2,7304
-0,6416	1,4851
-18,7951	0,4364
6,5674	-5,3307
-2,2799	6,1381
13,3830	6,2690
-6,2118	-15,6198
18,4294	2,2716
1,5870	4,6306
23,4102	-3,1025
17,7087	-2,1195
5,5844	6,0071
8,9927	9,3492
7,7471	-3,5612
16,2669	-7,3622
-3,9182	5,0241
24,9176	5,2205
-3,0664	-9,0006
10,4341	1,8784
-12,7000	8,4319
0,3416	10,5945
-14,2073	-2,6437
-0,0518	-5,1993
-12,7655	21,8667
-7,0641	2,2713
-10,8649	4,6309
-9,5544	8,7595
9,3857	-5,2652
-3,3287	-11,7531
18,7573	8,6939
-3,8529	-7,6245
1,7835	10,6601
-13,9452	-3,1025
16,2013	-10,5079
-7,9160	5,6794
13,1866	10,1355
-4,6390	-15,0954
13,2521	2,8615
3,4875	4,7617
8,7957	3,7788
16,9878	11,3809
6,2397	-1,2676
-1,2309	-1,9884
14,4318	-6,3138
17,5121	-9,0663
-12,1101	-7,9522
22,2965	-6,4450
15,6114	0,3708
19,4783	-6,4452
15,8737	-13,8504
22,8205	7,5798
10,1723	2,5334
20,7888	-15,8820
2,3081	2,2716
15,5459	3,7132
-3,6557	0,1088
20,2644	4,4342
1,5869	-5,7895
-7,1950	-3,7578
8,7960	-3,1026
-2,2799	-17,7826
19,2160	-12,9328
-7,3262	-2,7095
9,3202	-5,1345
1,3902	-13,7851
4,9292	-29,5792
-3,5249	-19,4210
20,4612	-6,0521
-3,0662	-38,1645
17,5120	-18,5690
4,6017	-8,9358
6,1743	-40,5237
17,5779	-10,5738
10,8273	-23,2880
10,5000	-8,7388
11,1550	-16,2756
16,0050	-28,9237
3,2908	-5,0031
12,2694	-5,4621
-1,6243	-14,6369
7,8784	1,3539
-8,2435	-2,5782
10,1720	8,1698
-11,4548	7,2523
-2,2798	-1,7260
-4,5735	16,8863
-3,9839	20,6871
-0,5758	12,5607
-8,8336	6,4660
-6,4741	-3,6264
-9,1612	10,1360
10,1065	8,8251
-0,8382	-8,4762
15,2183	1,1576
-13,5521	9,8081
16,2015	-10,9667
2,3076	7,1868
10,2376	8,1696
2,3734	0,5675
14,3661	1,0919
-10,7993	-8,8695
1,3245	6,5313
-5,8843	9,6114
-0,4451	-10,6390
-7,8505	2,1406
-13,4212	3,7133
-4,1805	-1,2672
-15,7151	12,4296
1,0624	0,5020
-14,6665	-7,7553
-6,2121	6,7934
-18,3362	-18,1757
7,4194	-7,1000
-7,9160	4,8271
5,3222	-7,8213
-12,4378	-4,5445
6,1743	-9,7217
5,3224	-4,8722
4,6668	9,9390
6,4366	-12,1468
0,7348	-11,8842
11,0242	-10,2462
6,0432	-8,7386
19,8717	-2,3163
18,3640	-13,5883
29,5053	-10,1805
10,8933	-11,8189
34,7483	-19,3554
14,2356	-9,0663
35,8624	-0,7433
7,2889	-1,7918
32,1925	0,1087
10,7623	-4,7409
14,6943	2,6646
10,5003	-2,0539
22,2963	-5,1340
22,1654	8,6284
3,6840	3,3199
13,4492	-11,2289
7,6816	10,8567
15,3495	7,3175
-4,6391	-3,2991
18,4950	-1,7263
-6,0155	-3,9545
7,3539	-10,1803
-14,2728	8,1041
3,4872	-2,1851
-9,7509	5,3517
-0,5106	6,0724
-8,1780	-1,3985
-13,0278	-1,4639
-6,4739	6,2037
-7,7194	10,7912
11,7449	3,3857
-1,8214	7,9734
1,3246	19,2453
-14,9284	12,1676
2,5698	8,8254
-10,5375	23,8330
10,4995	8,9563
-15,4528	17,9350
-3,4595	29,2069
-10,6684	13,0196
1,7176	18,3281
-14,5350	26,7165
-7,8507	6,7281
-10,9306	14,5270
-10,7343	9,4805
-19,3847	7,9734
-26,3318	12,8882
-11,5206	-4,0854
-28,6912	5,6139
-10,7343	4,0409
-30,8540	-1,7261
-15,8460	6,3347
-37,8661	5,6792
0,4723	1,8783
-17,0258	6,7279
-6,7365	-11,3599
-21,6785	-2,0537
-8,7025	18,9830
-6,8672	5,4827
3,9458	0,6333
5,0603	12,2985
-6,5398	2,5337
5,4535	6,9248
-6,9985	2,6649
8,2060	11,5121
-13,0279	14,3301
9,7132	-9,5904
-11,5206	-16,6025
11,5481	7,9732
-14,9939	-7,9522
2,5698	-0,4809
0,6037	-2,5782
5,0600	2,5337
3,2254	4,6962
4,8635	-1,2017
4,9948	15,9686
7,3539	17,4758
8,0751	-0,9394
-4,2459	27,1754
13,0558	10,5948
2,3075	11,3158
15,8736	17,0828
-9,8165	7,6457
2,1111	10,5293
-7,0638	18,3933
15,2836	-1,3985
-6,6052	-1,3326
1,1934	16,3618
-13,3553	9,0871
-1,5591	4,1066
-0,9035	-0,4811
-9,3579	0,3056
-1,5589	5,2205
-5,8845	-19,8141
1,0624	0,8297
-15,3873	1,0917
-1,9522	-8,9352
-15,0596	7,5142
7,2227	-14,9645
-11,0620	7,3833
-0,5762	0,3051
-27,7079	-4,0855
-5,8846	1,4849
-9,4891	0,4363