-61,2775	-73,4277
-42,1412	-63,0075
-54,7240	-75,2629
-38,2091	-72,5102
-53,3478	-73,8212
-57,3456	-92,8265
-51,2505	-74,6076
-46,1393	-82,9965
-58,4597	-98,9215
-61,0814	-86,8631
-43,7144	-111,2426
-74,1233	-108,1621
-56,9525	-96,6283
-74,5164	-128,2820
-61,4746	-120,2865
-90,6380	-108,5560
-61,4091	-125,1365
-83,6257	-120,2868
-62,8510	-126,1852
-79,8902	-132,0833
-69,0769	-113,6680
-82,7081	-146,2393
-67,0454	-131,2970
-72,4847	-125,9891
-72,7472	-151,4169
-73,1402	-144,5355
-93,3910	-150,6306
-79,3005	-155,2181
-87,4928	-150,4997
-86,2476	-173,3717
-111,4788	-170,6847
-85,3300	-156,0049
-114,4281	-183,4645
-99,3549	-180,2531
-123,1444	-175,5348
-108,2682	-182,9403
-122,6859	-167,3429
-123,0140	-195,4578
-146,8687	-182,0227
-133,9585	-166,4256
-132,9100	-215,2496
-141,2333	-200,1104
-132,3857	-193,1641
-148,3769	-205,8124
-142,6749	-192,2468
-152,6367	-226,8498
-149,6874	-219,1164
-170,0035	-201,5535
-150,2118	-248,5426
-185,6010	-243,9549
-154,8648	-238,9092
-171,6422	-260,6016
-174,9845	-260,9292
-174,3946	-271,0876
-168,5623	-280,3935
-181,0139	-256,9320
-184,0288	-291,8627
-178,2616	-289,6343
-193,3353	-287,0787
-189,0096	-310,6715
-199,3648	-298,0231
-204,3452	-300,5139
-223,4819	-319,7813
-225,5789	-303,5942
-236,8512	-334,0686
-220,0742	-336,6241
-252,9733	-326,0734
-242,5530	-360,9385
-238,9487	-342,7195
-240,6531	-345,1449
-256,9711	-373,7183
-247,3378	-370,7694
-250,4834	-396,3285
-265,9500	-393,9035
-246,8135	-377,7823
-277,1570	-425,6235
-268,9647	-421,3634
-288,7568	-406,2252
-280,9579	-445,6123
-297,6696	-424,9686
-288,4293	-439,5178
-312,0220	-445,7436
-294,9173	-437,9453
-317,3962	-467,7640
-302,0610	-454,8534
-324,4086	-461,4730
-301,4060	-488,4736
-314,3820	-490,8329
-328,4724	-495,6829
-321,1322	-512,1323
-340,1380	-494,7656
-334,5672	-526,6164
-343,6114	-536,7742
-329,3246	-540,9033
-361,8959	-564,4964
-336,7956	-562,3338
-360,4544	-577,0798
-350,2305	-594,4467
-370,9399	-582,5197
-361,7652	-614,7636
-381,2946	-625,9045
-363,9281	-605,9166
-380,8363	-649,0395
-383,3269	-650,4156
-379,1326	-654,9379
-391,3882	-689,4098
-396,4997	-684,5601
-412,2287	-700,6825
-405,8715	-709,0054
-429,1371	-687,4447
-415,2433	-740,3322
-438,7054	-741,6427
-429,0717	-729,1913
-453,8443	-754,5539
-440,6063	-746,4932
-471,8669	-776,5745
-459,2189	-793,3516
-491,9212	-792,5655
-482,4843	-808,8842
-489,8899	-817,2074
-496,7061	-824,7445
-501,6211	-854,7599
-517,4157	-849,1239
-516,4979	-867,6054
-528,4915	-882,8752
-529,7364	-878,1569
-550,5771	-890,8056
-542,7128	-916,5612
-577,4469	-908,6973
-563,2256	-947,0359
-589,9646	-951,1647
-575,8089	-962,3063
-606,6108	-980,0666
-588,1956	-982,9504
-597,9604	-1014,3423
-605,3662	-1012,1141
-603,3344	-1006,6751
-614,4760	-1044,5550
-608,1842	-1049,3390
-624,7654	-1036,8878
-623,3887	-1088,1369
-646,6543	-1070,9010
-645,2779	-1091,1522
-656,5503	-1113,8931
-643,7054	-1110,2235
-671,5584	-1145,4819
-658,0580	-1139,2561
-689,3187	-1146,2035
-673,9180	-1195,8141
-694,4963	-1181,4619
-686,3047	-1195,9459
-709,0456	-1218,0971
-715,6650	-1226,8792
-721,1699	-1252,9627
-736,6369	-1259,4508
-745,2874	-1258,2716
-758,7227	-1294,5132
-755,1182	-1299,6248
-774,0585	-1305,7858
-768,8156	-1331,3448
-804,7950	-1321,9735
-792,9985	-1356,5770
-813,8392	-1359,1327
-818,4269	-1358,0848
-842,8716	-1402,0595
-833,3038	-1413,2660
-841,0371	-1409,3344
-841,0375	-1434,6314
-856,4383	-1433,4519
-853,0964	-1459,6010
-865,4823	-1474,9363
-871,9708	-1456,7833
-849,0987	-1496,5637
-883,8987	-1497,9399
-875,5096	-1495,3845
-898,8408	-1530,9050
-880,2939	-1522,0577
-922,1716	-1529,0051
-895,8260	-1546,5687
-926,3660	-1560,0693
-905,5912	-1581,6308
-921,9753	-1588,6431
-916,0119	-1581,3037
-934,6894	-1618,9214
-936,6558	-1614,2682
-933,3789	-1616,1693
-955,5303	-1647,8231
-940,9156	-1640,0245
-946,2900	-1655,0979
-948,6491	-1656,1466
-970,5380	-1661,3898
-942,8163	-1692,8468
-951,7294	-1687,4730
-947,6660	-1679,6091
-963,0669	-1701,4325
-946,5520	-1700,4495
-964,1154	-1708,7072
-942,0300	-1704,5128
-959,1347	-1696,9766
-946,2242	-1721,8146
-943,1438	-1717,3580
-941,5057	-1710,3458
-932,0025	-1726,5986
-935,3452	-1713,4914
-918,6987	-1709,8216
-933,5755	-1720,5037
-916,2736	-1708,3140
-928,7911	-1720,5693
-905,0668	-1709,4279
-922,6306	-1695,7313
-893,1392	-1736,5598
-920,7298	-1711,9181
-891,5664	-1701,5638
-905,1322	-1697,4348
-882,9811	-1686,2938
-885,4714	-1694,2891
-881,9982	-1687,0798
-878,4588	-1655,1639
-873,1507	-1676,7250
-867,8418	-1653,6559
-861,0918	-1632,8812
-858,1423	-1630,5217
-855,8487	-1615,6447
-830,7480	-1619,1836
-848,9670	-1600,7676
-809,5796	-1569,0485
-828,4540	-1587,2672
-802,4359	-1569,0477
-806,0402	-1543,4235
-783,5614	-1554,8919
-781,8572	-1535,9517
-765,9320	-1524,2864
-755,4459	-1524,5481
-748,4337	-1484,8334
-735,2605	-1505,3459
-733,4912	-1487,5852
-717,9588	-1454,7519
-722,8085	-1470,9391
-696,3317	-1445,9039
-716,6480	-1434,4353
-690,8264	-1433,4518
-711,7978	-1405,5334
-684,9933	-1412,8077
-681,8477	-1395,7678
-658,1236	-1357,5605
-679,0949	-1364,2449
-642,1327	-1343,1418
-638,4624	-1328,1996
-621,1612	-1318,6966
-626,6657	-1294,2514
-607,9881	-1292,7439
-603,1381	-1269,0851
-589,8344	-1243,9193
-582,5595	-1259,9097
-590,0961	-1237,4304
-563,3571	-1206,2354
-576,8574	-1210,1017
-550,3151	-1178,0545
-554,2472	-1184,7388
-529,9987	-1166,5850
-540,8775	-1135,7832
-509,6825	-1142,2708
-517,8742	-1111,6652
-501,0970	-1087,6791
-507,2570	-1097,7057
-483,7954	-1057,2695
-480,9115	-1047,8325
-479,6010	-1044,9482
-470,0322	-1006,4784
-469,1805	-1004,1845
-455,8764	-982,4262
-468,3283	-951,7553
-441,9826	-962,0441
-464,7891	-932,5526
-436,8050	-918,2003
-447,5530	-913,5468
-427,3678	-892,5752
-447,9461	-895,7207
-423,5010	-879,9917
-432,7414	-846,9617
-420,0931	-861,4450
-408,7551	-843,4222
-403,2504	-830,5772
-400,1697	-834,0503
-400,3666	-801,1511
-386,4069	-821,8604
-382,2785	-788,3711
-367,6637	-788,5679
-382,6059	-795,1210
-369,3674	-754,1609
-370,9403	-742,7580
-362,0929	-763,5980
-366,7458	-738,1042
-346,9540	-724,3419
-364,9105	-726,4387
-343,1528	-705,9259
-342,6937	-711,6929
-330,6353	-693,5392
-327,8825	-680,8908
-314,0545	-699,6338
-301,7335	-668,3075
-304,6173	-673,4849
-296,8835	-676,1715
-290,3301	-656,5763
-279,9751	-668,3070
-283,9727	-641,8303
-261,8869	-624,6601
-282,7928	-641,9612
-249,6970	-612,0765
-273,3554	-597,3311
-249,2380	-594,7747
-249,6967	-576,0969
-237,5072	-567,3806
-235,5408	-567,7078
-215,2903	-538,3478
-220,4020	-554,4040
-219,2224	-539,8546
-201,1997	-518,6868
-207,2292	-535,4636
-201,0030	-508,3316
-203,6900	-519,8006
-190,0583	-507,1517
-208,2117	-494,7003
-183,5045	-513,1154
-193,4659	-494,3065
-173,2153	-476,0222
-190,9098	-492,8647
-163,2537	-469,5992
-176,2296	-457,7375
-149,3600	-480,4780
-158,0107	-442,2048
-145,2966	-453,9358
-143,1994	-439,1244
-150,2118	-413,6310
-138,0219	-431,7843
-153,0297	-407,8633
-132,6479	-402,7516
-148,6388	-401,5060
-133,4343	-378,2408
-155,3232	-396,3941
-143,0679	-371,6867
-148,9007	-351,2399
-142,9369	-367,6236
-149,2937	-357,9895
-124,9802	-336,4284
-135,6624	-355,3026
-129,1090	-332,3648
-138,0215	-334,7242
-121,9000	-335,7069
-130,0918	-321,6822
-124,5213	-334,9205
-113,3801	-332,1676
-131,1405	-303,4632
-112,6591	-332,1677
-116,0671	-311,2615
-109,5790	-295,2056
-130,1570	-304,0527
-105,3845	-283,1466
-120,1298	-289,1104
-108,0059	-284,3259
-113,0519	-248,7401
-108,2025	-276,7892
-104,6632	-258,3076
-99,3553	-244,4797
-103,2215	-240,6128
-99,3553	-225,2118
-102,4352	-234,7144
-121,7685	-209,2207
-107,4159	-197,3589
-127,6011	-209,5483
-97,5201	-193,9504
-135,0723	-173,2414
-120,1954	-200,1763
-116,9189	-173,6340
-120,1957	-173,5032
-137,6280	-186,1513
-113,5109	-146,1746
-114,5595	-179,4669
-103,6153	-163,4758
-111,4138	-153,9078
-117,7709	-187,9861
-105,0565	-151,4170
-110,1686	-165,3110
-87,9516	-182,0875
-104,7291	-145,1255
-82,9052	-160,7886
-91,2284	-145,5841
-81,5944	-125,9236
-95,4223	-147,7470
-57,1494	-137,8507
-87,6892	-125,3991
-68,2249	-135,0327
-66,1277	-133,4598
-64,0308	-133,5908
-78,1862	-122,5152
-57,1495	-110,7189
-72,6813	-135,7534
-73,0092	-119,4350
-75,4992	-114,5198
-82,9051	-139,4233
-65,0136	-128,0854
-88,9999	-118,4518
-64,0961	-114,4540
-80,0216	-100,0363
-80,8076	-120,4835
-85,3296	-111,1114
-75,5649	-91,9097
-79,8246	-107,3106
-65,0793	-90,5986
-87,2302	-87,6497
-71,5673	-83,8484
-74,5163	-76,4430
-75,8927	-90,2709
-63,3752	-94,5303
-72,8127	-51,7358
-72,9434	-81,8823
-74,1231	-74,7386
-57,1492	-69,7581
-75,3027	-82,3407
-46,5323	-71,3309
-60,1638	-81,8166
-43,8452	-81,8820
-56,8867	-67,4643
-35,4564	-97,0208
-39,4539	-81,3576
-20,7109	-64,5153
-30,8686	-88,5012
-29,2958	-65,6292
-20,9725	-72,0519
-22,8078	-77,1634
-5,9647	-62,0248
-14,9435	-85,4209
-4,7851	-68,0536
-27,1330	-50,2282
-9,4381	-69,2335
-27,8537	-48,1963
-12,1251	-55,9298
-30,8685	-61,7622
-16,9093	-31,7470
-28,7712	-60,2551
-17,3683	-59,6648
-31,3271	-33,9751
-20,5140	-61,3691
-24,3804	-49,6379
-16,1232	-48,6550
-29,0335	-61,1067
-32,8349	-40,7906
-10,0936	-54,4221
-27,0680	-56,8467
-25,5602	-30,4360
-44,8277	-43,0190
-8,5209	-43,8051
-33,2281	-32,5331
-28,1815	-37,6447
-30,2787	-19,4913
-19,0720	-36,9239
-23,6595	-25,7169
-16,2540	-4,5491
-23,1349	-35,1542
-9,4382	-30,4353
0,3269	-6,2527
2,0304	-20,0152
-8,3239	-10,5779
-5,2439	-17,5903
3,3415	-22,2431
-18,2201	-1,5994
-5,7025	-11,9542
-27,4606	-2,3857
-14,4843	6,1993
-22,9386	-18,0488
-7,0789	-5,2692
-25,8877	8,7553
-17,5647	3,4470
-35,7178	13,4739
1,4407	-15,4274
-10,8145	-2,3855
-13,9603	19,5685
-6,8821	-9,4637
-7,5380	0,1703
-1,1806	8,2964
-28,7060	-11,6263
-8,9794	5,0199
-31,1309	-3,8932
-21,0383	1,0879
-46,8595	16,6851
-40,1092	-10,0534
-40,5024	-1,1402
-27,6575	16,4231
-48,0390	0,4324
-21,8902	20,8143
-31,7205	9,4763
-20,6451	11,3116
-24,3803	32,5450
-5,1785	7,5760
3,8655	14,7853
-19,1376	27,6955
4,9799	11,4428
-5,1128	38,8369
10,9439	22,4525
-1,8359	16,3580
22,2817	28,4820
3,2762	11,1806
13,2378	7,3796
-0,8522	19,0447
28,0488	13,4742
1,9001	25,7949
17,2354	18,8479
4,3251	7,8380
21,6261	19,9623
13,4342	21,9281
10,4848	6,8551
5,8976	30,5789
-9,3071	9,8040
7,9946	13,3434
-24,3149	35,8873
-11,3386	10,1974
-31,0650	24,3533
1,3752	25,9916
-26,4776	24,0912
-7,9963	33,8560
-21,1690	22,5839
-3,1467	27,1060
-9,0448	40,8028
-9,9625	27,2369
-9,5034	27,3025
1,7028	14,2608
-11,8628	16,4236
-8,5862	27,8264
-1,3116	1,2189
-18,4824	13,6709
-14,1566	20,5518
-25,8879	-1,7958
-16,8437	5,0856
-38,9949	13,6706
-16,5817	-1,0747
-30,6064	17,1441
-19,5310	2,9227
-40,4368	11,0495
-16,5162	22,1246
-28,4439	0,8911
-15,5334	13,8674
-29,1647	15,9643
-30,4100	2,0054
-14,3535	4,3648
-19,7934	10,3938
-20,1208	17,0132
-31,0653	19,5689
-19,6619	13,3431
-35,2595	11,9015
-10,0283	22,5181
-33,3590	3,7095
-17,6959	24,2877
-44,2378	19,7656
-25,3637	14,4574
-34,9973	27,9576
-26,2158	2,6609
-25,1671	18,5207
-31,9176	26,9745
-29,6234	15,0472
-23,9223	24,4188
-22,8080	16,6199
-34,6702	8,0350
-32,6381	39,4265
-38,2091	10,3940
-35,2596	18,3242
-44,9591	50,3708
-38,6675	16,8166
-52,1024	25,4020
-28,7717	28,6131
-56,1656	14,3263
-29,4926	26,1884
-41,9443	27,0400
-28,2475	15,1127
-45,4832	32,8727
-27,5265	-4,1550
-16,3199	7,3141
-30,4103	25,9915
-29,6236	1,6776
-31,5900	18,9138
-29,4271	10,2628
-52,2992	10,3942
-36,7670	32,8072
-58,0008	8,2314
-36,4394	28,6132
-55,0519	39,3607
-42,5999	14,1951
-65,0787	20,4867
-36,5051	21,0108
-48,8258	16,8166
-49,4814	28,6783
-45,0245	-2,0580
-46,5978	5,2166
-43,1896	24,6803
-46,3355	-12,5441
-35,9152	-8,7426
-59,3116	-0,5510
-35,4564	-20,0150
-54,6588	-8,8083
-44,6971	-7,2357
-72,1567	-17,4590
-61,1466	7,8378
-73,7296	-6,3179
-52,2338	15,2436
-61,9333	15,3090
-62,9164	-5,4001
-56,1658	23,4359
-47,9089	23,5011
-51,6439	11,8360
-44,4354	27,1714
-49,3502	11,5083
-57,2802	22,7152
-44,2383	39,7540
-63,9648	6,0032
-44,5660	20,1593
-56,2970	40,4093
-54,9861	15,7025
-62,7848	18,7172
-46,8597	24,4185
-52,6267	21,2075
-36,8327	29,5304
-45,2213	5,4132
-42,0101	7,9693
-49,1533	12,8187
-35,8499	7,4448
-37,8157	15,1779
-42,9933	0,8912
-36,8983	6,9860
-46,7946	12,3598
-40,4373	-10,2500
-63,1127	2,3330
-49,0879	15,7019
-65,6030	-6,5801
-37,7502	1,0221
-52,5615	-5,9903
-41,7478	2,0708
-46,7285	20,8792
-32,4418	-1,2064
-34,6698	-3,6308
-37,8813	7,5101
-31,9828	-16,6725
-36,9639	-4,9413
-34,9975	1,2187
-33,6872	2,0054
-40,3717	12,6876
-56,6903	-10,7087
-56,5590	10,0008
-66,8484	14,8500
-65,9308	-9,6602
-69,2734	4,6267
-69,2078	0,6943
-83,5600	-10,0535
-56,9527	15,2434
-75,1061	-1,8617
-68,8146	-7,0387
-63,7683	5,1507
-66,8487	-2,2547
-64,0304	-3,5653
-66,8488	11,9664
-66,5863	-23,0295
-68,0285	-3,6308
-58,0669	-8,1530
-85,9852	-10,2499
-68,0281	7,4444
-77,5310	-9,5292
-68,4870	0,4324
-85,1329	6,0682
-57,6081	-8,4807
-74,2540	11,9667
-54,3313	0,3666
-71,7636	-3,3687
-58,2634	4,8887
-60,0982	-10,5777
-54,9867	8,1657
-66,8485	14,7191
-57,4115	-0,3540
-65,5379	12,4913
-73,7299	17,6028
-60,6227	7,3795
-79,9559	33,1349
-70,8462	4,2337
-82,7739	24,2225
-70,5186	45,0623
-88,7374	15,9645
-66,3899	26,1229
-83,8221	37,2635
-59,3119	9,5420
-57,7388	25,9915
-52,6927	-0,6162
-48,7602	0,1049
-45,5491	12,2942
-41,0924	-16,0172
-38,5368	-14,5753
-31,2621	-1,7306
-41,8791	-29,3210
-29,9514	-7,8253
-52,4958	-16,0176
-27,5921	-20,6047
-51,0539	5,1506
-36,3738	-27,2242
-40,9613	-5,7282
-33,8180	6,6576
-31,4584	-26,6343
-18,0239	-9,4637
-31,5239	-7,5634
-28,8371	-5,7282
-17,4992	11,0489
-29,0338	-22,4398
-20,3827	5,8066
-30,9999	31,0373
-27,0675	3,7746
-34,3422	5,3479
-26,8055	15,2435
-48,0391	7,6416
-24,7085	20,1590
-52,2991	20,5520
-41,4856	15,6369
-57,8039	26,4503
-17,8929	16,8820
-38,7332	19,8966
-25,0363	16,6197
-37,3568	2,0054
-28,2474	25,0739
-19,3344	-2,5168
-24,0532	-1,4678
-20,1207	27,6953
-35,4563	-0,9438
-23,3319	14,8507
-37,1601	33,6590
-17,0405	0,2359
-48,2357	15,7028
-34,5386	33,0037
-50,3328	9,5421
-28,7060	28,1542
-36,8325	15,7677
-32,5072	12,3601
-29,6234	21,7969
-29,2305	-15,5584
-18,9410	-3,3029
-25,3639	7,8378
-15,3365	-11,0366
-24,1842	-15,2306
-11,4044	-10,9709
-22,4144	-4,8762
-9,8313	1,9395
-27,3950	-12,2818
3,1449	-8,5460
-19,0064	11,1801
-3,6053	-13,3304
-12,3215	-0,6162
-0,3942	-4,8107
-20,7100	-1,5993
-3,2121	0,9564
-1,8357	-24,6680
7,0769	-14,1820
7,2737	12,2939
-4,2607	-18,9665
14,8104	-0,7474
-3,7364	-6,9081
13,2374	-27,7481
-12,2560	-10,1847
1,3101	-23,0299
-14,2876	-23,0952
-0,8527	-5,9907
-22,0207	-35,2195
4,1280	-4,1553
-12,6493	-2,4518
-10,2245	-13,8547
-5,5713	0,8910
8,9771	-2,5170
-13,6980	0,2358
-12,3218	11,4423
-1,9015	1,6121
-5,5063	2,5951
-12,1907	6,0684
-27,1985	-11,8882
-7,7342	23,2389
-31,3929	5,7405
-19,7929	-1,9267
-43,1237	21,6004
-22,6766	1,3498
-43,0583	18,3894
-28,1162	28,5471
-40,1092	1,6121
-29,2304	21,4697
-31,7861	16,2265
-34,3423	18,3239
-18,4168	29,7271
-31,3277	11,3116
-25,8876	30,8415
-9,8974	26,1225
-14,0258	3,5786
-18,3512	25,5987
-6,8167	29,4649
-25,6255	20,2244
-0,9839	17,2753
-25,4944	2,6608
-0,0010	3,1195
-14,6155	1,4153
-12,0596	-12,6092
-16,1227	-1,8615
-3,2780	-3,0415
-12,3872	-32,5325
-9,8971	-17,7869
-0,9184	-13,7239
-7,5378	-27,6831
-5,5059	-21,1294
-3,6055	-35,5472
-4,5883	-25,7167
-7,1444	-5,4009
-3,6707	-22,8334
-5,1781	-8,1532
7,7979	-19,4910
-17,3677	-17,9834
-4,9815	1,7426
-12,1904	-24,8650
9,3051	-22,3743
-16,3193	-2,9761
-1,2462	-38,4965
-10,1588	-22,3745
-6,5546	-13,5929
6,0284	-33,3847
-5,9649	-28,7970
-0,3285	-31,8773
-5,6371	-24,2094
9,4364	-9,7263
-9,7658	-34,2365
20,7087	-20,2771
-12,0593	0,7595
15,4660	-17,4594
-2,2942	-6,1872
16,1868	-12,0200
7,4051	-23,7507
18,2184	-3,3036
22,4128	-26,1756
14,8758	-16,0829
5,8323	-5,7285
13,4996	-27,9450
10,6817	-4,2210
-7,4064	-19,0978
14,0895	-19,0319
-7,4065	-4,2865
14,4171	-14,3791
-15,5985	-9,0705
-0,7870	-2,3860
-11,6662	-13,0683
11,8611	-1,9271
-14,1565	-6,9081
-1,1803	-12,5438
1,9655	5,4784
12,3854	-6,2526
4,2593	-2,5823
12,3855	8,2310
17,8253	-4,0242
12,7787	3,0538
18,4807	-3,8275
12,2545	-14,8373
20,7089	21,8627
12,9100	13,6703
21,1676	-4,5482
4,7182	24,7461
26,0827	-8,2184
1,1137	4,7580
16,3834	26,7121
4,1283	3,3814
23,1989	16,6854
-3,2773	13,0808
-0,9182	8,1002
11,5992	23,8287
-2,2949	-2,5166
-4,1951	13,7365
-7,7343	12,6876
0,4578	0,9568
-18,7444	8,1003
-5,4405	14,1949
-21,0381	-5,6623
-2,5569	18,5859
-34,4073	-3,6964
-1,2462	1,6778
-25,6256	17,3403
-11,1422	-4,1553
-24,8390	11,6390
-5,5062	1,2840
-12,1252	-17,9178
-14,5501	-5,9902
-4,0641	-8,2840
-8,9796	3,1847
-0,6562	9,3448
-0,3287	-19,0975
12,7787	-14,5752
-2,8189	3,8400
10,6162	-9,8570
-0,0662	3,3158
19,4636	7,3134
3,4729	-9,4636
16,9733	16,4231
3,8007	3,7089
22,0850	15,7678
8,7159	13,6704
22,4781	-6,5799
13,1068	14,8503
25,0994	16,2919
16,1213	-4,6793
6,3562	12,4910
20,9054	-8,4804
6,9458	15,6370
18,2184	15,5710
-2,7533	-10,8396
13,3031	13,0810
-8,9136	17,4716
7,1428	1,8743
-17,7608	16,2922
15,7934	-0,7471
-9,3724	8,0350
7,9290	39,8850
-6,4887	5,7409
17,4970	18,6518
-5,7025	30,8411
-11,0764	20,2244
8,8465	12,5569
-9,1762	10,0010
3,8003	20,0935
-7,1444	18,1273
8,0601	4,5614
-13,8290	17,4721
-0,1318	30,8410
-10,8796	6,4617
21,6915	4,1682
-16,7780	17,0783
5,3077	2,0053
0,3270	1,4153
10,0916	-9,5290
-1,1148	8,2966
-2,6878	16,8815
5,8976	-13,9202
5,8317	-5,9245
-0,3939	6,2647
-0,3287	-20,5392
2,8173	12,0322
-14,4843	-9,0051
3,1451	-11,4297
-10,2245	7,3789
0,3268	-13,0683
-24,4457	-10,1190
-9,7656	-0,5511
-18,9406	-19,8185
-6,0303	-0,4854
-20,8411	-19,2289
1,6374	-23,2263
-8,4550	-1,8619
-3,8021	-31,5497
-3,8019	-17,1314
-8,6517	-8,8088
5,1111	-38,9549
0,9821	-10,8400
6,4217	-11,2991
-19,2682	-6,7114
7,1429	-10,1193
1,2445	-21,3913
8,9776	5,6752
-9,8964	11,5728
9,3054	-10,7745
6,7497	0,6945
8,7154	9,5416
8,7157	-4,6141
7,1426	14,1948
12,7789	-11,8886
4,7831	-3,6962
2,5552	10,3936
-3,6053	-12,9370
11,7957	-1,9922
-10,3556	13,4083
4,6524	-5,2037
-7,7340	14,1293
5,5042	-1,4028
-9,7000	-4,6136
5,9630	11,5733
-8,9791	-1,0096
15,5966	-3,8930
-13,5666	11,2455
-0,7872	-23,6851
8,3878	-5,5314
-0,3289	-6,7115
-9,1758	-21,1948
-7,7999	-4,3522
-9,0448	-29,7802
-5,2441	-25,1924
-0,3942	-13,5929
-29,3611	-27,0276
-7,3408	-24,7994
-5,7025	-24,4062
-5,1128	-31,0251
-22,4139	5,7404
7,6013	-23,3577
-10,8798	-15,4929
-6,7510	17,0780
4,5868	-20,9981
16,0553	-7,9562
11,5991	-6,1870
3,7346	-0,0264
11,7959	-0,8785
7,5358	-12,0850
22,3473	-5,6624
7,6014	5,0196
22,2162	-15,2308
0,2615	4,8887
19,3982	9,7380
-1,3114	-19,5562
11,7960	2,8571
-3,2774	-1,5341
8,1257	-12,5439
4,9801	11,7698
5,9629	-0,6820
-1,7701	-0,3542
11,9921	7,5101
12,3855	-7,7596
6,4214	-7,9560
10,4850	10,3283
-15,2709	-1,8614
-0,6560	15,0468
-7,4720	-2,5168
-2,5568	2,7263
-16,1882	7,5755
-4,7194	-8,4150
-28,6399	3,1849
2,4238	-2,0583
-19,9894	-19,6870
-12,6495	10,4593
-19,3995	-6,6457
-11,2079	7,5759
-20,9725	17,0128
-14,0915	-1,2060
-19,0065	16,8820
-28,5749	26,9087
-12,3873	-6,4488
-22,4146	12,0326
-16,2540	7,2480
-31,9826	4,5613
-21,0379	19,1754
-25,4289	-3,8276
-6,5545	-2,0579
-22,6108	3,1191
2,2928	-13,7890
-9,5036	-3,2377
3,1448	-2,9757
1,3756	2,0707
5,5697	1,9395
7,9293	-7,3666
7,3392	-1,1406
13,3687	7,7067
-3,3431	-8,0219
17,7596	-5,2037
-12,9768	6,8547
12,4512	-9,4635
-15,6638	19,3067
8,2568	3,5778
-8,9136	2,5953
9,1741	20,3553
-17,4332	3,0539
14,3515	9,2802
-3,6052	34,3800
0,0648	11,9014
5,5700	28,4821
13,6961	27,3021
8,5846	10,0666
11,0092	27,6955
20,3155	-2,2544
6,0940	2,5956
17,6285	21,2073
-4,3916	-2,0579
9,3711	15,0471
-6,4232	6,7237
10,4196	-3,1065
-10,3553	16,1609
3,2106	-8,2186
-4,5881	-13,3956
9,0431	9,4761
-8,4546	-12,8717
10,4193	-4,8105
7,2737	2,0048
4,6521	-14,9687
-1,3769	4,5610
-4,3919	-7,3012
0,6545	-18,9663
-19,0720	7,1168
-10,4866	-10,5780
-26,4121	-13,1335
-11,4043	1,6117
-34,5385	-18,5732
-26,9365	-1,2061
-38,6672	-2,3859
-18,0236	-9,2015
-25,0359	15,1120
-11,4700	-12,9373
-10,9455	-18,2452
-3,0814	4,7575
-2,8188	-6,5146
4,9798	1,7430
19,2012	0,5633
-6,7510	2,0708
15,2039	22,1246
4,8489	11,4423
14,4173	0,8913
6,4876	21,7970
28,8351	0,7599
-8,7169	10,1973
18,5461	13,9326
-13,3042	-4,7451
19,8568	17,2094
5,6355	0,4975
22,1503	-12,8060
8,5847	8,4930
19,2668	-17,3937
30,1459	-21,1290
8,9775	0,2354
15,5316	-23,0953
6,4873	-8,0874
23,3959	-20,4739
-4,8504	-14,4443
7,4706	12,8838
-6,0954	-23,1609
10,6161	-10,5122
-9,6344	3,3157
13,8928	-13,2648
-4,5226	12,2942
12,1888	-12,6095
5,1112	3,5126
10,1571	20,8793
10,0264	-1,7305
8,2565	1,4155
12,5166	13,9980
-15,7951	-15,8861
15,2693	5,4787
-9,7003	-0,9443
-0,8526	-19,4906
-16,1882	4,2333
9,5674	-13,5272
-18,6130	-13,6580
-3,8018	-1,9930
-17,1711	-26,3065
21,2982	-22,9642
-24,3146	-4,2213
5,9630	-24,4717
-8,6514	-13,1995
12,3853	-25,9136
6,0287	-20,8670
10,1572	0,3008
25,4928	-23,4230
9,1742	-7,3665
15,6627	3,4466
8,4536	-9,3982
29,2941	-0,5507
1,7034	3,5123
16,9735	-5,5969
11,9273	12,3599
28,3111	10,9836
13,3035	5,2822
28,9008	23,1733
17,1702	5,4787
18,9394	24,7463
20,3158	14,0637
18,4805	0,8912
19,9880	20,2897
6,9460	1,8741
10,3542	-5,3347
-4,7849	6,2650
5,5700	-5,9247
-4,5228	-1,2058
0,7856	16,0295
-17,1055	-6,0557
-7,0787	11,6389
-19,0061	0,7599
5,4386	4,6267
-11,7317	11,4422
9,5673	-2,1235
6,4217	1,0223
4,2590	11,6387
8,9122	-8,2839
6,1596	12,0322
21,5607	-0,3544
8,1911	-12,4127
11,8614	6,3958
4,7178	-9,7915
9,0432	-12,8060
-5,5712	7,5755
8,0602	-11,7577
-7,9961	-6,3180
11,0091	-8,7430
-17,8264	-12,8715
9,1087	5,6094
-0,1318	-15,2309
5,1765	-11,0363
1,7033	18,0612
10,3537	-16,2139
11,1404	-7,0384
5,3729	14,3259
4,1936	-2,4512
-3,3434	12,4255
-1,3771	6,1341
-18,3510	11,1148
-4,8506	24,0908
-23,1353	-8,4150
-11,8631	1,0881
-30,9996	31,2340
-9,6351	-9,1359
-33,6866	12,7531
-16,4509	-0,6165
-35,9149	-11,3638
-26,0190	20,1585
-9,4384	2,2015
-23,1356	-2,4511
-9,5036	11,0490
-5,3753	-7,4975
-3,4744	3,7748
-23,7249	0,3667
8,1257	-10,8397
-16,0571	17,8649
20,0533	1,1530
-10,5521	-0,3541
8,9123	13,5395
-6,6852	-4,9416
23,7233	2,3987
-6,6196	23,6974
19,9879	-4,9415
13,7620	20,0932
13,6309	-6,9731
23,4614	3,8404
10,0262	20,7484
21,1021	-5,7937
18,4802	-3,5652
11,0096	4,6264
3,4726	-12,9371
3,2106	-1,9270
-8,1271	-6,8423
6,7494	-8,8084
-20,8411	6,6579
8,3223	-19,6874
-17,1712	1,6119
0,9167	4,1675
-3,8674	-10,8399
0,9821	10,0661
6,3563	-5,3349
-0,1321	-9,9875
-0,5249	22,7146
4,9141	12,5565
12,5821	6,3310
-15,1397	31,8896
4,7179	6,7239
1,5720	23,8947
4,4556	23,5666
-24,6421	6,0688
16,5799	32,3485
-8,1929	16,5543
-9,4378	15,3748
-12,3867	24,4841
11,4681	2,9228
9,6330	10,6563
7,6669	24,6806
8,8468	-0,6816
16,2518	21,7317
7,9947	1,9397
2,4893	5,3479
5,0455	18,9790
-3,5398	-5,7935
9,2398	1,4157
-13,2391	21,4693
0,2614	-4,9418
-18,6784	-3,4344
4,7832	-2,2550
-16,1227	-18,3110
-5,5060	-1,9273
-18,1542	-27,8795
-5,5059	-12,2816
-6,3577	3,5776
5,7005	-27,0931
9,8295	-25,2578
-8,4552	-8,2844
-4,8503	-27,0275
-4,5884	-17,7869
3,3415	-27,0277
-10,0936	-28,5348
0,1959	-22,8334
-20,6447	-34,4988
-2,5567	-31,3529
-24,5113	-16,0178
-9,4379	-31,1565
-18,8752	-26,1757
-5,8992	-34,4333
-11,5352	-24,1440
-6,7512	-19,5567
-0,9184	-24,7994
-4,3920	-13,3963
-0,4596	-15,4280
-4,7852	-26,8311
11,9923	-18,3768
-7,3410	-25,1928
7,4049	-31,2218
-0,9184	-4,4832
10,2229	-26,5035
-8,3893	-29,9109
18,6115	-6,9736
-7,9307	-13,0685
2,1620	-15,5586
3,9971	-5,0075
15,5311	-19,4908
-7,5371	-5,9247
13,3685	-16,0828
5,7011	-13,6578
10,8781	15,6363
20,1189	-13,9201
5,1109	1,5465
19,0048	-6,7112
-4,7194	-7,8906
9,7642	18,1268
-3,8673	-5,9249
-0,2629	6,7239
-15,3360	12,1629
12,3199	-6,3835
-13,7633	-0,2229
-1,9014	17,4715
-11,1418	-12,7404
0,0645	13,9983
8,5188	1,0876
-5,2440	-1,9924
-2,9499	7,9688
-5,6373	-18,1799
0,5233	9,8697
-7,6033	3,9055
-4,7197	-4,8105
-24,1839	-2,5167
-11,0110	14,5881
-33,0310	1,6119
-3,0813	8,1001
-24,9702	0,1702
-8,8484	10,7871
-34,2761	30,0544
-5,5059	-4,5485
-4,3917	-6,9731
-13,6324	2,6605
-8,9135	-10,7742
2,2928	3,0538
1,7032	-1,0752
-10,4867	-12,4127
-4,9160	0,8911
-12,2561	-14,8376
1,4409	-8,8081
-21,8899	5,6749
3,8003	-15,8861
-14,2878	12,6874
-3,8019	1,4151
-13,6978	-15,1653
-1,7703	4,6265
2,2931	-14,6412
13,8926	-17,9832
-6,3575	15,9639
17,0386	-26,6997
24,5752	-6,9732
2,6205	4,0363
13,2377	-13,9202
2,5550	15,1121
10,7473	-10,3159
-6,0302	-11,6918
13,1720	9,7382
-15,3362	-5,8593
6,6184	6,4615
-0,7871	-1,5340
15,9900	-12,0850
-4,4570	6,6581
15,6625	-10,5780
23,6580	-13,1991
30,0146	-9,5293
17,5632	-14,1823
16,2523	-3,8931
16,9079	2,0704
20,7086	-16,0173
16,7767	-2,4513
15,4657	-8,2186
18,0872	-11,4297
-10,4209	8,4276
13,3033	-11,8230
-6,8820	2,2019
1,4412	12,8184
-19,1370	-10,9710
2,8174	14,1293
-1,6390	4,9539
-2,3601	-15,5584
-1,4423	3,3156
10,3537	-23,4229
9,6987	-15,7550
0,1957	-2,9759
11,3371	-24,3405
0,4577	-3,6967
6,0943	-14,6414
6,2251	-21,0636
9,6331	-5,5318
-6,5543	-25,1272
17,3664	-26,6341
1,9653	-5,2698
4,7180	-26,4380
3,4073	-25,3893
11,0748	-20,2776
-3,9982	-34,1710
17,3663	-16,5419
-0,2628	-20,9986
7,4048	-29,1902
-0,5249	-12,3477
0,0646	-37,9722
12,2545	-29,2556
-12,9771	-16,6075
-2,0324	-38,8896
-10,4212	-26,6342
-3,6052	-25,7825
-21,1690	-13,0029
6,6183	-5,2699
-17,5646	-29,3214
3,0792	-19,8184
-17,1713	2,5290
4,5864	-22,6367
-14,0256	-12,7406
-8,9138	-14,4446
-6,4888	-10,3812
-7,5377	-3,3036
6,4218	-35,6783
-1,1808	-15,7549
5,8320	6,1990
-7,0787	-34,3020
8,6500	-13,3958
-14,4842	-2,7792
0,4582	-14,1823
-7,2751	8,1653
9,3709	-16,2140
-14,1562	-5,8589
15,2692	8,7552
-0,2627	-9,0050
7,4703	-1,4025
8,3225	25,7291
13,1063	4,3645
7,8636	11,3115
-3,2777	4,2990
7,3394	4,3649
-6,6857	28,5474
4,5213	0,2359
-11,4042	17,2100
-2,8844	28,7440
-16,4505	6,8550
-2,8844	14,1952
-7,4720	16,4887
-3,4089	-6,0555
-16,3848	17,0131
-7,3409	1,4808
-11,9282	-0,9437
-1,5738	17,9958
-8,3236	0,4323
8,0600	9,8696
8,6499	5,6096
-5,7681	-4,3516
1,1789	13,3431
-13,2392	10,3282
2,2274	3,1849
-25,6910	4,5611
-5,7023	-2,7789
-23,8560	-3,8929
-6,9476	6,7892
-16,7780	-12,9372
0,4577	-3,3687
-18,4163	-9,2673
5,3075	-9,5294
-2,8843	4,7572
1,4409	-29,3213
7,9294	-9,0704
19,8564	-4,7456
14,8106	-33,7120
12,3855	0,8254
34,4059	-21,7847
15,8589	-9,0703
23,3959	4,3642
-1,1145	-7,4322
18,9394	-8,4805
-9,3066	13,9980
14,2209	-8,2841
1,3758	2,0707
23,8544	1,4152
-1,9665	-0,4197
22,1505	2,1360
10,2231	-4,7452
13,7618	-4,6795
22,2161	5,8715
14,2204	-11,8887
13,8275	-11,4953
8,5843	-3,1069
11,1404	-30,7630
-0,2629	-8,4153
11,9268	-17,8526
-16,5812	-9,1360
10,0919	-5,6629
-12,8457	-32,2703
14,2860	-4,6138
-13,7633	12,7527
16,0555	-13,7235
3,2105	7,6413
15,7276	10,1969
-3,0153	7,4447
-4,1297	12,0322
5,3077	-1,9925
-1,7705	1,3500
-4,8505	24,0906
-19,3340	-12,1505
1,2443	-2,0578
-28,9679	9,6071
-0,7218	-14,3131
-31,9170	14,5882
-7,6686	-0,4198
-29,3610	2,5295
-11,7974	22,3867
-15,5984	-1,7960
-5,1785	0,4326
-21,1689	10,6557
-5,5716	-3,3687
-12,3215	19,6343
-0,1978	-6,9733
-6,4235	-13,3299
-8,1276	11,7700
-6,0302	-1,6648
-16,5816	0,8258
-2,0326	11,1800
-25,8877	-7,8251
-0,0665	6,0031
-18,5477	8,9519
-13,5669	-6,3179
-30,4095	23,1077
-0,0666	2,1361
-23,4628	2,2019
-17,3025	10,4591
-19,5305	-4,5484
-9,7660	5,1511
-16,8436	1,8085
-3,0158	-5,8591
-5,2439	2,9227
-20,2516	2,7916
4,5867	2,2020
-14,4189	16,9472
0,3269	-8,8737
-16,0571	12,2291
8,1258	23,6975
5,0455	0,3669
1,5721	17,4063
-3,3428	8,8209
13,4341	1,8089
9,5022	17,9960
5,3733	-3,8274
14,8106	5,0201
16,3831	19,2410
6,5529	-13,9200
-6,2265	7,0515
11,4682	2,9226
-1,5083	3,7092
2,8174	4,1678
-16,3848	-7,2354
10,0262	-4,7449
-18,7443	15,3743
1,6375	-20,6048
-28,5746	-4,2862
-0,7218	2,4635
-10,4211	-17,1970
-4,7196	-3,0413
2,4896	-14,9034
9,8292	-1,5994
-9,8311	7,3787
11,4023	-14,2478
9,5675	-9,7913
-4,1299	-0,3543
6,1597	-17,0659
-7,9964	-0,9438
-7,4064	-4,9418
-22,0210	-13,5923
-4,7851	14,4568
-29,7543	-0,7476
-11,1422	-2,1236
-26,7397	8,8861
-16,9750	-7,4976
-18,3510	-0,4196
-4,4576	-3,3034
-16,7126	-12,2817
-5,2439	14,3913
-2,2946	-12,5439
-3,2779	-9,3980
0,9166	13,2771
-14,1567	-12,0197
1,5720	-2,6479
-19,2686	3,5123
-12,5837	-3,6311
-17,8267	12,6217
-12,8461	-20,2116
-25,0355	-9,0045
-4,3263	18,8476
-10,2900	-13,2648
5,1107	6,5928
-9,4379	3,1846
7,4702	-5,3347
4,1279	20,7483
-6,4234	1,2841
10,6162	-9,3323
-2,2292	8,8210
8,5845	-9,2670
-0,3286	-1,2714
4,5213	19,8965
-11,0764	-14,7064
1,8344	4,4302
-15,5328	4,4954
-0,1318	1,8741
-17,4989	10,0660
-5,6370	-8,6118
-22,1519	0,1048
-4,9162	8,2965
-4,7195	-19,6872
-9,4385	2,7916
-20,9068	-4,1555
-16,9750	-15,6895
-11,6008	13,8668
-21,4315	-22,0469
-5,1784	-17,5246
-28,1161	-12,3476
-22,1522	-37,1199
-42,3372	-3,8278
-10,6179	-5,7943
-42,4683	-28,4037
-14,2879	-11,1679
-29,1645	-21,9814
-0,5255	-25,9788
-18,9409	3,8398
-3,9988	-31,0253
-9,8967	-3,7621
5,5694	-3,3693
4,9800	-28,1414
-1,6394	-1,1406
8,7156	-5,8595
4,9798	-6,1869
7,4048	11,6388
-15,0084	-8,9394
10,5508	2,0054
-8,5204	22,6487
4,9145	-17,8522
-6,4232	5,6754
-0,9838	14,9809
-0,5249	-9,6603
13,1717	5,8061
-1,3769	-10,7091
8,7153	-6,0559
15,2692	4,4295
14,8755	-25,9134
5,9631	-13,6580
6,5528	-8,4809
11,7302	-21,3258
-5,8335	2,2014
7,0118	-25,0616
-9,8965	-22,0467
15,9246	-2,9760
-11,3384	-27,2243
8,1913	-14,0515
-11,5349	-12,0201
9,5674	-27,4864
-9,6999	-13,5272
1,0477	-17,1318
-9,5688	-28,4037
1,3098	-10,7747
4,3901	-23,8819
-4,5230	-21,9810
0,9823	8,9516
-19,7929	-20,9982
-2,7533	-5,1383
-28,0504	-6,3182
-4,5884	-12,1507
-31,6548	3,4468
-13,5668	-15,0999
-29,7542	-9,7258
-9,2415	3,7744
-18,7441	-18,9665
3,5378	-0,4196
-3,1466	10,4589
6,9457	-16,0829
8,3223	-1,7959
2,0306	-7,5632
-1,6389	-6,7766
8,1256	4,1678
13,6308	-5,4660
3,9970	-5,0070
17,4320	2,9227
-5,1779	-7,7596
21,5608	2,9885
-3,6051	6,9203
14,6139	10,3939
-0,1973	24,2872
7,6014	-1,3372
-1,5735	4,6269
0,3923	16,4885
-2,2289	-0,2230
3,9967	12,5566
12,3855	2,2672
-6,9480	-4,5482
3,7348	11,8354
-3,2124	-5,5969
0,3925	-0,9438
-10,7489	6,8547
7,9946	-19,4905
-16,8437	-4,8105
-6,2265	4,9540
-13,6977	-17,9177
5,0455	-4,2208
-7,9960	-8,2841
3,9970	-13,9857
1,1790	1,8083
19,0702	-24,3404
9,5676	-3,9586
9,4364	-2,7138
17,1698	-9,3983
3,3415	-8,3498
12,2546	-16,1484
3,8656	-4,7450
-10,8796	12,1629
-10,5521	-13,3305
3,8657	-9,4635
-25,1667	15,5709
-2,9500	-3,1723
-23,6595	8,7554
-9,3727	0,1700
-32,0480	2,5296
-5,7682	3,3159
-10,6178	-7,5628
-7,6689	3,7749
-5,3092	17,7993
-4,7197	-8,6770
-5,5057	3,9717
-0,7218	11,6389
3,8004	7,2483
-2,4256	18,2580
20,4465	-15,0995
1,5721	3,9717
-1,1146	23,0421
0,4584	-3,3032
20,1188	12,2945
-1,9666	11,9665
15,0726	7,9036
8,3881	18,4549
16,6454	24,2875
10,6163	16,0302
10,0919	32,4140
22,9370	11,9015
9,6985	27,9580
19,7259	33,3314
3,8658	-0,1570
16,9078	29,9240
-0,3283	17,2752
17,4975	12,6224
-6,2922	23,7631
14,3517	1,7433
-19,7269	15,1781
6,5528	16,1608
-23,1349	-10,1189
-2,4912	5,9375
-1,6392	7,8377
-6,4891	-8,6117
-8,3892	0,4978
7,2734	-11,7576
0,9167	-14,7720
-8,1929	-4,4831
4,7178	-26,8307
-12,3217	-2,8445
12,3200	-6,9080
-14,1567	-19,1630
1,5065	3,1848
-19,0063	5,5437
-3,3431	-13,9201
-13,2392	1,0876
-0,3286	-18,1801
-15,0741	2,3983
-6,6857	-1,7963
-11,3384	-20,0150
0,9820	-5,3350
-3,9985	-14,5104
-1,3117	-16,8037
3,3414	-1,5344
-5,8337	-24,6684
13,4339	-24,5369
-14,3534	-1,0755
-1,1148	-30,6974
-17,6301	-12,6749
3,1448	-8,2841
-24,1181	-5,4659
-12,1249	12,7530
-23,5283	-0,0920
-0,1978	2,6607
-20,2517	26,3844
-15,4678	-10,9054
-24,7081	8,6902
-20,9728	15,0466
-16,3853	-4,5482
-28,2474	14,3261
-6,8824	4,8888
-28,4440	-0,0261
-4,7852	26,7781
-18,4823	3,9714
-7,4720	4,4306
-20,1860	26,5813
7,3391	3,9715
-18,0886	24,2876
15,0068	18,5202
-6,0956	15,1781
5,9629	27,9573
5,8975	1,6776
17,1693	12,2292
-5,5057	25,5325
4,6521	2,9229
19,2012	21,4041
1,0474	9,5420
-2,6220	10,3940
-6,2268	25,6638
2,1621	2,0709
-12,9114	21,3386
8,8466	20,9451
-20,5791	5,7409
0,5235	30,2513
-15,0740	15,3089
5,0454	-7,8906
-11,2074	13,7361
3,0138	-12,9370
-10,2243	-6,8419
10,5503	-1,5995
7,1427	-16,8692
7,6012	-12,0194
6,1596	-5,2040
-16,5813	-11,0366
10,7473	-14,0512
-5,5715	-7,8253
8,5845	-17,5901
-8,1928	4,8885
16,3177	-20,7360
-7,6028	-12,6094
13,4998	-1,5996
3,0797	-17,7870
26,6725	-5,5317
17,8907	-14,6415
20,7088	-25,1924
20,9056	-9,6606
27,9177	-28,1417
29,1631	-26,1755
18,7426	-6,9082
21,8231	-31,0253
11,8613	-24,4060
27,7212	-8,9398
-3,3432	-26,5688
6,2255	-5,3351
-7,7995	-29,0593
13,6307	-13,8546
-19,3994	6,3300
5,1766	-17,1316
-3,5396	-5,8593
-3,2776	-4,2210
-9,2411	-5,1383
18,1525	5,0197
8,0602	-0,2887
7,8633	-1,6647
-1,1146	24,0252
0,5891	6,4616
16,7109	-8,6767
-18,0232	18,9135
9,8298	2,0054
-11,5353	22,3870
-0,2628	12,8186
-14,3531	4,1681
-3,8672	22,5836
-1,9012	6,2650
6,0940	12,8845
-17,8918	27,7607
12,1234	-1,2060
5,4388	27,8266
10,2883	13,0152
13,6964	-5,9898
9,0431	31,5620
11,8615	7,5102
7,4703	7,1175
12,7789	22,1904
-12,0592	-8,0216
16,7111	15,7027
-6,8165	17,6683
6,3564	-10,7086
-2,0323	15,6369
-0,5250	4,6265
-12,3868	-0,7471
6,3562	19,6342
-6,8819	-11,2332
7,4702	-3,1720
3,0796	6,5925
14,4824	-33,1876
6,2907	1,7431
6,8148	-7,4978
10,6815	-14,9031
-18,4163	4,4298
13,9584	-24,4061
-22,0209	-7,0386
5,6354	6,9200
-19,1374	-29,3866
0,3268	-2,6478
-24,8390	-0,4854
-23,2005	3,1192
-20,3824	7,9688
-9,3728	-6,9078
-23,0696	-2,3200
-15,9920	12,2942
-18,8098	-3,5654
-11,7322	2,3330
-5,1129	3,5123
-21,5627	-5,7935
-9,4381	9,5417
-13,6326	-17,9835
0,1956	0,8911
-18,1544	3,2500
-5,6369	-26,1099
-18,9407	-9,1360
-4,2605	-2,5829
-19,0061	-31,6150
-2,0324	-3,5001
-10,5520	-28,3385
9,3052	-39,8069
8,7809	-12,4131
4,8485	-23,9476
2,2275	-23,0299
-2,2947	-13,1342
5,0456	-47,9991
1,2443	-19,1631
8,5845	-20,7362
-7,9307	-21,5225
9,4365	-4,8765
-10,8798	-23,4885
-10,6830	-12,3473
-15,4016	-0,3546
-5,3092	-12,2818
-12,1904	2,1360
0,0646	-6,3184
-10,7487	-20,6049
2,5549	-2,9758
5,1110	-27,2896
0,9164	-20,3427
-2,0324	-2,4516
-6,5547	-20,8017
4,4557	-11,3642
-5,8994	-7,3669
-6,3577	-12,1507
-16,7781	7,9032
2,1619	-0,2234
-9,0449	-11,9539
0,5890	6,1994
-11,9282	-12,4128
6,5529	-2,1234
-1,0492	6,0027
13,6962	-12,0850
9,1744	9,6727
8,5844	4,8884
13,9587	-19,7527
19,0700	-13,6579
18,6771	-12,8061
13,6306	-3,0411
19,7257	-0,0267
7,5359	-12,0851
27,2622	-1,9926
-2,8843	13,0150
12,1236	-0,8129
-7,2096	10,7869
8,4535	-10,5778
-6,7507	4,8234
16,1211	21,4036
9,5675	-12,9370
8,9776	-1,9267
11,3371	8,5586
13,1718	-1,3371
6,8150	3,6436
-3,8675	7,5101
3,1451	0,9565
-8,5207	3,5779
-8,5859	-14,1167
-11,5353	3,9712
-7,2754	1,6771
-19,7928	-15,2965
-13,1738	-2,7791
-18,7443	-12,4787
-21,3004	-10,9056
-21,2345	1,1529
-13,3706	-24,7994
-16,6470	-22,3087
-7,0791	-10,0539
-4,7195	-30,8941
-9,6350	-12,9372
-2,6220	-12,9375
5,6351	-28,7969
8,5845	-8,6118
1,7031	-23,5542
8,3880	-13,3958
-3,5396	5,2815
17,4976	-30,3698
-3,4741	2,7916
17,3009	16,2259
3,9972	-18,0489
11,8612	5,1510
-1,2457	1,5462
12,9098	4,3647
3,0797	22,6489
16,1209	-10,0532
7,6669	11,3118
2,9481	38,5086
1,3754	-4,2206
-10,2246	22,9771
4,7833	21,2073
-15,2053	13,1466
-2,6221	28,6784
-18,6131	10,0664
-2,4256	21,6008
-13,5666	31,0377
5,1766	8,2968
-7,8650	19,5692
17,5628	34,8387
-5,2434	15,0471
12,1235	21,9282
17,7598	4,3647
16,5142	13,2777
15,8593	21,2728
8,3222	4,6266
9,5021	2,7920
-10,2899	21,1416
11,1405	-4,0240
-14,0913	13,3431
-6,7509	14,9157
-21,8244	6,6584
1,8995	21,6660
-30,1474	4,6922
-8,4552	7,3138
-23,3317	23,1077
-10,2901	3,5781
-15,2707	14,7194
2,1617	9,8695
-2,1635	3,7750
2,2273	22,4525
11,7302	1,3499
-7,7997	17,1443
8,0605	14,2605
6,8804	0,4983
8,5846	23,3704
-8,5858	24,8118
10,2230	6,5931
-14,2874	33,7249
7,4704	9,1488