-28,3678	-40,4711
-3,0059	-40,0780
-14,0808	-36,1458
-6,2825	-44,3379
0,0093	-53,7094
-13,0326	-37,9152
-3,2674	-27,2985
-9,1660	-44,4691
3,4825	-40,4711
-36,3634	-33,1313
3,8757	-45,4519
-27,7129	-30,5753
-10,3459	-37,0635
-39,9025	-47,8112
-11,4602	-31,0996
-32,7591	-47,7458
-22,9946	-41,7164
-26,0744	-30,3789
-26,9269	-56,2654
-22,4043	-46,6970
-26,4026	-35,2941
-22,7976	-52,1367
-42,6553	-39,3569
-9,0350	-18,5824
-50,9785	-39,8815
-15,8508	-37,1943
-48,5537	-30,2475
-17,0963	-28,0192
-57,2044	-25,9877
-34,1358	-29,7232
-49,2745	-20,2204
-33,8084	-28,4125
-56,4833	-33,3276
-31,5145	-25,9222
-39,5096	-45,8451
-41,4761	-44,5340
-32,3660	-21,5969
-55,6972	-40,2747
-32,2347	-40,6021
-53,4689	-35,8837
-23,3219	-51,3500
-54,4518	-26,5121
-13,4916	-31,4275
-45,8665	-35,6216
-7,7901	-39,2262
-43,9002	-57,1829
-13,6882	-45,7796
-22,9286	-53,8407
-4,0546	-51,0882
-24,2391	-61,8362
-13,1641	-59,2803
-10,6076	-65,5717
-24,0430	-60,2634
-15,5884	-75,5333
-27,5164	-53,3822
0,2711	-63,2128
-43,5728	-74,6157
-15,1953	-64,4578
-50,4540	-70,0941
-18,0137	-78,1547
-58,1217	-61,6399
-25,8126	-74,4850
-59,0392	-71,6668
-30,2036	-69,3076
-34,5290	-87,7886
-46,0636	-76,2542
-45,6042	-77,7619
-41,8039	-91,6553
-51,7647	-74,4194
-52,0928	-83,7913
-50,1264	-90,1481
-66,2485	-77,9584
-38,9853	-84,5776
-66,3141	-75,6648
-30,7934	-76,6479
-64,8724	-92,8349
-31,7764	-77,4994
-60,5469	-69,6355
-32,4319	-85,1674
-60,7434	-72,1913
-30,3351	-84,3809
-64,0202	-88,9029
-61,3990	-80,4490
-59,5635	-91,0658
-53,9282	-98,5368
-52,8791	-93,4907
-68,4772	-103,7142
-61,7919	-86,6750
-73,6543	-107,1878
-51,1098	-101,6171
-90,1693	-86,9375
-51,0443	-111,9722
-94,0360	-100,0445
-65,4623	-115,3801
-82,3050	-121,4092
-63,6278	-121,4094
-90,1038	-117,0841
-72,1474	-119,2469
-90,8904	-130,5192
-78,5046	-137,9245
-88,5967	-135,9586
-89,9735	-136,9418
-92,7911	-145,8547
-109,2410	-140,7430
-86,1064	-158,8966
-106,6852	-165,7121
-89,0558	-147,7556
-124,3797	-167,6129
-87,9418	-151,8186
-130,4089	-148,8043
-89,7112	-165,8434
-113,7629	-146,9692
-99,3452	-152,4744
-115,8598	-164,9259
-95,9374	-156,7997
-118,1536	-180,4582
-107,1440	-178,0987
-117,6949	-171,8732
-103,9329	-191,2062
-111,6002	-197,7599
-122,8727	-188,5851
-102,8840	-208,8355
-135,5211	-199,7263
-100,1317	-218,0109
-135,5212	-213,8164
-115,9915	-208,7050
-148,4972	-228,5623
-114,2223	-219,7804
-148,6940	-203,5932
-128,5748	-218,3389
-142,4025	-215,2585
-132,3106	-228,1036
-138,6015	-215,7827
-134,3422	-210,2780
-135,3246	-240,6211
-143,0583	-237,6061
-138,1426	-232,9536
-146,2038	-244,1601
-124,1837	-251,3037
-154,8546	-250,0587
-122,3488	-252,7458
-164,3574	-258,2510
-141,4199	-288,8562
-175,7607	-279,5501
-151,9060	-284,9899
-180,6760	-295,6723
-154,7243	-297,9660
-165,0788	-302,2917
-179,2348	-307,8621
-176,6784	-304,2579
-185,1986	-325,0328
-172,3531	-324,7050
-203,1554	-308,4523
-163,6368	-325,9506
-203,6143	-330,1447
-175,8266	-333,2905
-214,7553	-346,4632
-185,2641	-328,1788
-220,3914	-327,7860
-196,1433	-354,0656
-227,7314	-335,2570
-192,1459	-356,3596
-217,3115	-356,0973
-214,6250	-368,8115
-223,8649	-367,2386
-223,0792	-368,2873
-212,7241	-374,0544
-247,9173	-378,4454
-228,3217	-375,6275
-250,8010	-383,2952
-228,1253	-384,6059
-269,0198	-382,1157
-230,0260	-392,2082
-263,3840	-385,9167
-239,3322	-388,9316
-271,5759	-401,6453
-241,5606	-384,6717
-267,2505	-389,2594
-242,6094	-399,8760
-271,3792	-389,9804
-259,9109	-412,5901
-260,3691	-409,8377
-265,5470	-406,6266
-257,8787	-410,7555
-255,3890	-416,1295
-243,2644	-436,9700
-276,7533	-435,7902
-229,2396	-440,1816
-269,6098	-462,8569
-223,4069	-452,5678
-258,9929	-455,3861
-225,4385	-469,4108
-260,5656	-465,7409
-224,5866	-471,7702
-254,4708	-472,1634
-236,1210	-469,1489
-253,2256	-480,2900
-260,3694	-466,0031
-250,2109	-478,6518
-250,6048	-481,8628
-252,8324	-476,3578
-270,3309	-475,8336
-234,8756	-479,0448
-267,5784	-461,5467
-236,5140	-480,6176
-257,6822	-473,6053
-218,7540	-465,1511
-257,7476	-473,4741
-220,5233	-459,9082
-249,6210	-464,6924
-223,0136	-472,4255
-227,9285	-464,8232
-221,6375	-465,0199
-225,2413	-463,6435
-226,5525	-448,9635
-218,0321	-444,5072
-219,2778	-457,2865
-196,7331	-439,5262
-227,1421	-434,6766
-199,0266	-432,1207
-218,3600	-452,3056
-183,8225	-435,9214
-221,8987	-429,5647
-181,5288	-450,6669
-208,3329	-428,1880
-186,1819	-419,0788
-215,1484	-421,9620
-183,1018	-407,0199
-198,9610	-410,6243
-183,1674	-416,6533
-196,5361	-385,7858
-195,3566	-390,1769
-158,0663	-397,3854
-189,8518	-376,3484
-178,1200	-375,4964
-180,2831	-356,6876
-145,8110	-363,7001
-173,0084	-374,9063
-149,8740	-352,4276
-160,1631	-355,7699
-128,7717	-355,1800
-160,8182	-346,3983
-120,5140	-350,1991
-147,7765	-340,5653
-123,7907	-342,5968
-125,8875	-342,0724
-131,1962	-319,9212
-131,3921	-323,3947
-133,2931	-321,8871
-115,5325	-306,7483
-130,7373	-316,7753
-109,1755	-301,5706
-141,1573	-293,3788
-106,2264	-300,6531
-129,9506	-280,7302
-100,8527	-294,3616
-126,8703	-288,9218
-94,4957	-272,4069
-117,3020	-285,1863
-92,5952	-261,5276
-117,5638	-267,0984
-94,1023	-279,3533
-89,7765	-253,5977
-97,1826	-266,7049
-93,9707	-263,9522
-105,6366	-226,2038
-86,8274	-251,6972
-109,1757	-239,6383
-90,4977	-236,6893
-121,1032	-239,9003
-93,5125	-226,4000
-133,0307	-235,9026
-100,7215	-230,9871
-119,1370	-215,7828
-102,0323	-216,9625
-124,0520	-214,7340
-100,0006	-204,3793
-106,8160	-211,8503
-104,9159	-196,1870
-106,5538	-180,7208
-102,2288	-192,9757
-102,5562	-178,8200
-122,2828	-186,0290
-97,7719	-183,2762
-122,9382	-162,8947
-98,8206	-179,1477
-126,2149	-170,3001
-93,9055	-167,6133
-118,4161	-167,7443
-89,0560	-168,3997
-115,0079	-181,7034
-87,2210	-172,3972
-101,7040	-165,9093
-81,5194	-171,1521
-97,9684	-173,1836
-87,3519	-162,6981
-80,8635	-173,5112
-102,9496	-162,6322
-83,5503	-159,1588
-100,0658	-166,0399
-72,8027	-154,9643
-102,6872	-146,7068
-78,0455	-143,0367
-102,8181	-141,7261
-68,2807	-158,0442
-93,7085	-140,7428
-65,3971	-146,4445
-77,7832	-144,6093
-64,8073	-137,5972
-77,3241	-142,2501
-58,7123	-135,8275
-69,3942	-109,4169
-56,5494	-128,0290
-49,4058	-128,0942
-66,5763	-133,2060
-49,4055	-116,3632
-60,4814	-114,2661
-25,8783	-116,0355
-64,6102	-126,9798
-36,2984	-100,3723
-61,5297	-114,2661
-29,9415	-120,6883
-62,4472	-117,0839
-22,9293	-117,2806
-45,8010	-106,5983
-29,2209	-121,7370
-34,8565	-119,9674
-35,1191	-97,5543
-38,8539	-111,1859
-32,4320	-114,6590
-22,5355	-107,1224
-39,9684	-109,4162
-11,7220	-106,6635
-43,3105	-93,9497
2,1061	-103,1902
-30,3999	-102,4691
-3,6612	-88,9689
-33,8731	-92,9009
-4,4477	-87,5926
-37,8053	-91,9834
-14,2127	-93,3595
-38,3295	-77,4999
-26,0092	-96,7020
-35,3148	-81,6941
-27,7132	-86,0851
-21,5525	-88,1821
-43,3762	-72,1260
-26,3364	-91,6555
-39,3785	-81,8250
-2,9403	-78,2862
-46,9153	-85,1018
-12,9018	-68,7179
-41,7377	-72,1257
-14,5404	-75,2058
-47,4394	-64,9821
-23,8465	-65,5065
-43,5726	-59,1494
-18,9971	-48,5326
-45,4076	-56,4625
-26,1405	-62,4260
-25,0260	-55,9380
-44,6215	-61,5740
-25,4844	-50,1051
-29,3516	-56,0036
-18,6033	-53,9062
-40,6235	-31,1656
-6,5446	-58,1007
-32,5625	-55,1513
-5,6272	-53,4477
-27,6472	-61,1151
-2,0884	-46,3698
-24,3704	-62,7538
-6,5448	-58,5593
-21,7488	-53,7752
-1,1055	-59,6736
-16,7025	-50,3018
-7,3969	-44,6658
-13,2947	-53,0542
-27,1886	-41,4543
0,6645	-43,6170
-31,3831	-48,2699
-12,8358	-23,2353
-30,9899	-32,7381
-14,0814	-35,9490
-42,3274	-23,5630
-10,3460	-36,0801
-43,7693	-28,2158
-22,0114	-27,6916
-42,1308	-40,4710
-16,3100	-21,0723
-24,1084	-32,1480
-31,0556	-28,4778
-23,0594	-31,2961
-20,6354	-35,2936
-5,4959	-23,6937
-25,9435	-26,6429
-3,5953	-31,2303
-23,3220	-16,8780
5,3830	-21,9899
-36,2325	-34,0483
0,2712	-19,8926
-32,6935	-25,9876
-3,0713	-18,5819
-26,2055	-24,0871
-11,2634	-34,0483
-31,5137	-22,3830
-3,2681	-11,3731
-16,3749	-27,4949
-16,7684	-27,3638
-11,5906	-29,1332
-26,0090	-24,8733
-9,0345	-29,7887
-25,7467	-41,8472
3,8103	-30,7061
-21,8145	-22,3177
16,0655	-44,7309
-30,7929	-32,2789
14,3616	-22,3178
-23,9114	-29,4611
12,0677	-30,8373
-10,8042	-31,4272
4,1379	-29,7233
-15,3260	-36,6045
2,8926	-36,8010
-5,2990	-33,1312
-4,1853	-43,9446
4,7935	-50,1704
-5,5619	-34,0486
-15,7848	-41,7165
-25,0913	-38,8985
-3,3332	-45,8453
-33,3490	-49,1873
-18,1444	-34,2453
-35,7081	-38,0465
6,1691	-43,6167
-27,1887	-32,8032
-3,9889	-40,2088
-23,1252	-19,6304
15,9338	-6,4581
-14,7366	-25,7254
2,6958	-9,6036
-2,9399	-28,5436
-7,0035	-27,8880
3,4828	-23,3660
-16,0474	-23,6938
3,3518	-28,4122
-5,8892	-26,4462
4,4002	-33,4584
-14,4086	-25,9873
13,9029	-25,0044
-4,2506	-21,2688
19,0799	-22,6450
-23,3870	-12,6836
17,9003	-17,0091
-9,6902	-20,4824
6,1037	-25,2010
-8,5104	-9,0137
-6,6759	-23,0384
2,9583	-24,6112
-6,8725	-14,9118
0,9267	-8,6205
-24,4360	-17,7956
-3,3331	-5,8677
-21,1593	-12,9457
-1,8914	-20,0888
-29,0891	-2,5907
-1,1708	1,8656
-25,6812	-3,3115
2,1059	5,6671
-32,0381	1,9970
-4,4478	13,3347
-23,7804	1,8003
-6,6761	6,9778
-12,7049	10,8441
-15,5233	-16,2878
-6,8065	-8,8821
-21,0938	-7,6373
-7,9204	-11,5694
-10,4769	-12,6837
7,7425	-28,0846
-10,8699	-20,8755
16,3932	-25,6597
-9,6246	-18,5163
27,0754	-18,5165
-5,9545	-31,5579
26,3545	-24,2833
-4,4471	-13,5356
18,6213	-21,7277
4,0727	-27,3634
7,4147	-0,2316
15,1483	-19,5649
2,0407	-14,9771
11,7406	-0,4283
-3,9230	-3,7050
16,9180	-0,7559
-2,8746	3,3728
20,7844	-7,8336
-20,3725	9,7955
13,5098	1,8001
-5,4304	-8,1611
9,9049	16,2836
-26,8605	6,0602
3,2202	19,0363
-22,2730	10,5820
2,8268	6,4535
-11,7873	24,5414
-28,1717	15,3662
-7,5929	6,0604
-23,1910	16,4804
-14,2120	3,9632
-28,6303	7,5677
3,8102	12,7447
-28,8269	-3,6392
13,2473	-0,6900
-27,8438	7,2397
5,1209	1,9967
-19,9139	5,7977
15,2132	1,4724
-19,3239	-9,2097
10,0357	2,0624
-7,5929	-3,4428
-3,7922	10,7786
1,1890	8,0914
0,3367	-7,5060
8,2015	-1,0179
-8,3139	-10,5207
25,7652	-2,1319
-6,0857	7,2394
18,2287	-12,9456
0,2714	3,1110
22,4884	2,1932
3,2206	-3,5084
21,1118	0,9481
-1,1046	-6,4575
16,7864	-9,9308
-1,1702	-2,5253
18,9489	-10,1930
15,8691	-0,5593
1,5164	-1,0181
3,4175	-16,3534
0,4678	-6,3263
-2,1531	6,2563
-6,0858	-15,0426
14,4272	7,5017
-18,1445	-2,4599
2,3030	12,6136
-18,9963	11,9580
13,1161	-1,2799
-26,9262	14,8420
1,1887	24,8687
-18,3411	10,4511
-13,5571	11,9587
-13,6878	16,8081
-10,1494	30,9639
-11,0008	25,1311
-15,1956	3,1769
-1,3013	15,8909
-5,8896	20,8059
8,1357	12,0897
-22,8630	18,9054
14,2306	-0,4933
-5,8892	14,0557
18,0971	18,5119
-19,6516	9,1404
21,6360	17,3322
-16,0473	14,7764
-1,6948	9,6645
-13,6877	10,6477
-0,6466	3,7008
-14,6053	15,1041
-16,7685	24,4755
-19,1928	1,6691
-15,1959	2,3903
-27,1229	17,2668
-43,8349	5,0770
-19,3898	10,5820
-48,2259	3,4386
-11,1322	1,7346
-51,5027	9,5333
-11,3289	-13,9940
-52,9441	-0,2969
-0,2533	-0,5593
-29,8755	-2,0666
-2,6781	11,9581
-18,5375	0,2269
1,5162	-6,5230
-9,1657	-1,4768
-4,0543	-19,1059
12,6579	-7,7680
-9,5594	8,6156
4,5970	-10,1276
-7,2655	-5,2779
5,6455	-1,3457
-19,5861	2,5209
17,1796	14,3173
-19,4552	4,3560
6,8904	14,2520
-19,4551	18,3152
3,2858	13,6622
-19,9137	13,6623
1,8439	14,9076
-2,9401	7,7642
-10,2804	21,6578
-8,9693	18,5776
-25,6157	15,6286
-9,5590	20,8713
-24,1741	12,0896
-8,0517	26,4420
-24,6984	27,1626
-4,4473	12,9416
-31,1207	21,5269
2,1061	29,6532
-32,5624	23,4928
5,4484	30,1119
-32,6280	20,2816
-8,1831	15,2354
-25,4843	16,4806
4,3339	10,2547
-14,7365	13,3349
-13,3607	20,0850
-18,8650	16,4804
2,7612	15,4974
-8,7726	15,3007
-13,8846	5,6015
8,3979	15,0386
-16,2439	5,2082
13,7063	8,0917
-6,5446	3,6351
15,5412	-3,2462
-7,2653	14,6452
8,9875	6,7806
-6,5443	1,0793
17,0483	9,4677
-21,1586	-9,3409
16,3275	5,0115
3,7449	19,4947
3,5479	1,2758
10,2331	6,3878
-1,2362	9,4678
16,3935	1,2759
-4,5130	3,3074
15,7381	-3,9015
-8,4451	-1,2145
20,8497	16,4799
-24,4358	0,7513
12,7887	-11,3070
-14,0812	1,7345
5,3173	-5,2778
-27,6470	10,4508
0,8608	-4,6881
-14,6711	-5,8673
-13,8195	8,7470
-17,0302	8,4192
-11,0669	4,2907
-11,5908	17,3322
-22,6667	6,1910
-5,2994	-1,1487
-37,9364	0,5551
9,7740	4,5526
-20,3730	3,7007
-9,9526	-7,4405
-30,9895	0,4895
-3,2025	-4,7535
-35,9702	-7,6371
-4,3822	-15,1082
-33,4799	-10,6518
-11,4602	-18,3194
-33,0866	-1,7391
-22,1426	-12,6836
-30,5963	-12,0282
-32,0385	-0,5596
-25,6156	-12,2905
-44,2936	-17,1400
-14,9988	-18,6473
-52,8134	-28,6087
-11,7220	-16,3534
-36,0361	-22,0552
-19,5865	-7,3752
-46,0628	-15,3052
0,7295	-36,6697
-41,8031	-16,4846
-13,0330	-18,8441
-35,6425	-26,9048
-19,5866	-10,3899
-18,2100	-32,7376
-26,5334	-18,5161
-13,9501	-5,9335
-26,8611	-11,1107
-10,0179	-8,0304
-32,1693	-3,5086
6,0384	-15,1083
-33,6110	-2,0012
9,8396	-8,2928
-22,0110	-13,6666
18,6869	-4,1638
-14,5398	-13,9289
14,5581	-13,0112
-10,8040	-7,0475
18,9490	-25,1355
3,7450	-24,2832
17,5071	-12,4870
7,6116	-14,7152
-9,1658	-18,7784
10,6920	-18,0576
-5,1027	-11,1106
24,1267	-3,9674
-0,5154	-17,4022
10,2329	-13,6665
-15,1950	-16,9434
25,4370	-6,9162
-28,1713	2,1275
9,6430	-18,1231
-14,0810	-15,2392
11,0845	-1,1492
-19,7170	-8,3582
6,0381	-9,9964
-9,2968	-15,7637
-4,9720	-11,8313
-9,4280	-4,7536
-27,6473	-6,2610
-5,9545	-9,0790
-23,0599	-5,1470
-8,4450	-5,0158
-32,1692	-12,6835
-1,4327	0,8170
-26,1399	-5,0813
7,6112	-7,5061
-18,4065	-3,9671
16,4585	-0,1004
-12,7702	11,3028
20,9805	-0,0349
11,0193	-9,7995
6,9558	5,1425
3,8763	-2,7219
3,8102	-6,1298
12,5924	-11,8314
-10,2145	-9,7998
15,6727	-3,5085
-0,2532	-5,0814
9,3811	-5,6057
-9,8211	-9,0136
30,6800	-23,1690
-7,5275	-0,2970
26,6822	13,3997
-10,0177	-8,4892
11,6745	4,0283
-0,7116	-3,0496
12,6573	-9,0787
-4,4472	2,8487
-4,3165	-8,7512
-8,9037	-2,9183
-18,1446	-0,7558
7,7424	-9,9962
-29,7446	7,5017
0,4025	1,8000
-16,7685	-13,4696
6,0384	-0,9524
-28,8924	-3,9014
0,5990	5,9944
-31,7757	1,1447
11,5435	-1,6731
-9,8213	6,5187
14,6234	6,0599
-12,7703	-0,1660
8,4631	1,3415
3,8760	5,2735
10,3636	-0,8212
18,2285	-4,5567
-0,7118	4,8150
18,5565	9,5991
4,2037	24,4756
30,0251	19,0362
-3,0708	19,6917
31,4669	28,4735
-0,5805	21,7890
17,1798	26,5731
-6,3476	20,0851
13,5750	22,4444
-16,2437	20,8059
3,2201	22,3132
-12,9668	21,9854
-3,4647	1,6037
-12,7703	5,0772
-12,7707	14,3831
-1,5637	-6,2608
-26,2711	-0,1001
-3,9883	17,0044
-20,3729	-12,2245
-0,3841	-15,8286
-43,1137	13,8588
6,7593	9,7955
-27,7130	6,4532
-8,1831	-3,5738
-36,4290	-4,2946
0,9916	10,2543
-44,5554	0,4238
-15,7855	-0,4280
-23,0597	-13,6664
-26,0093	-6,1295
-14,4089	3,7006
-23,7811	-9,0789
-5,8892	-10,1929
-27,5821	9,0090
-6,4789	-10,1275
-33,8077	-3,0495
8,3322	4,4214
-25,4846	-2,7875
4,4000	4,2249
-30,2029	6,1909
8,1354	-11,6347
-23,8459	3,3075
6,4314	-3,2461
-14,4087	8,7471
-4,0545	8,4848
-11,5250	17,4632
-12,2465	14,7107
-4,8402	1,2103
-0,9742	-15,4357
6,5629	13,9899
-6,8721	2,5863
35,3988	-16,4843
-9,7555	-0,6902
36,1855	-9,0134
12,5923	-6,6540
39,4621	-9,7998
12,7235	-12,6833
35,8575	2,3898
3,6143	-10,2586
33,5636	-11,3069
9,6434	21,7230
22,7502	-1,8702
23,2747	-4,6222
2,3028	9,8609
15,0829	-12,6178
-5,9546	2,4555
18,0320	-2,1322
3,7448	-14,3218
32,6463	1,2758
-3,9883	-14,4531
25,9617	-14,3873
-2,9395	-7,4407
41,8869	-22,5140
2,7621	-16,9433
29,3695	-10,4555
18,3598	-27,9534
31,7288	-12,6835
21,7021	-9,4071
25,5683	-29,8539
28,0589	-12,8801
11,2158	-20,8755
16,1969	-11,1106
-14,6053	-4,4260
11,2816	-2,3288
-14,3434	-1,2801
15,5410	-10,3240
-29,3512	0,0965
-7,2000	17,0701
-24,3704	7,5674
2,6301	7,8297
-43,1792	20,2158
-15,1955	2,6524
-26,3363	1,1451
-4,5789	9,7958
-13,6880	3,2420
-9,9528	6,6500
-12,8359	-3,1150
-13,4915	5,7980
2,6962	4,6836
-14,1468	-6,7849
18,7526	5,4703
-9,6248	3,5695
25,7649	-3,8359
-2,9398	10,7130
33,8912	0,8824
6,3664	-14,5837
18,5559	2,6520
6,7599	-12,2901
31,2042	7,4362
14,5586	-10,5864
18,8834	-11,8969
11,7408	-14,1253
21,5706	-12,4212
29,8285	-9,0134
14,2306	3,9625
28,9766	-14,6497
5,0557	-0,8214
26,3551	2,9139
8,0047	-11,2417
33,6294	-7,3094
1,1891	-4,2293
28,2553	-9,4064
5,3178	15,0383
24,7817	-3,0496
-0,2526	6,3222
17,3761	11,2373
2,7621	2,3245
11,5433	0,4240
10,9540	-1,6731
0,2711	7,7642
8,2671	23,0994
-8,9693	6,3221
24,3232	9,3371
-16,2439	31,3569
14,8204	13,5967
-19,0617	15,7596
4,0070	19,6261
-18,3406	19,1019
20,1942	23,3617
1,3855	10,1234
12,7231	13,0072
13,5099	24,0825
9,2496	6,3223
16,5248	17,9878
8,9220	16,8078
16,3937	4,4872
1,1889	13,4000
29,6974	-2,7875
9,9051	-7,8336
33,4984	-3,9014
0,7959	0,4237
32,9741	-8,5547
6,2354	-2,1322
41,4937	-12,2903
14,4275	-8,0302
48,4405	-3,3774
18,2943	-18,5159
40,3796	0,4895
27,7971	-5,2779
39,7240	-9,8651
25,9620	14,1208
22,2260	-6,1297
27,7314	2,7177
14,1649	-2,5908
20,0637	-3,5083
-3,0053	4,4216
34,4814	4,1594
5,8419	2,2588
23,1436	3,7662
4,0727	-3,8359
30,0902	8,2884
9,3810	8,1571
21,8982	-0,7556
8,2015	19,4294
16,8518	7,5673
7,0875	15,7595
4,3345	21,1332
13,1167	0,6205
-2,4158	9,6646
9,5121	6,8464
-14,4744	-5,9330
11,6092	-2,9840
-22,0766	2,1278
9,6430	-21,5307
-10,8700	-8,9478
9,3806	-5,5403
-19,7828	-17,3365
3,5479	-19,0405
-18,2753	-19,0405
7,0213	-10,7830
-3,9884	-18,0576
4,7930	-21,3996
0,6648	-7,4405
-2,8090	-7,5718
20,1290	-4,7534
-1,1706	5,4700
9,4468	-3,3117
-7,4617	2,0623
30,9424	8,0259
-11,7216	-5,0811
26,6171	16,3492
-6,5443	2,5209
27,2068	-6,4572
-0,3182	7,0431
9,5775	1,0792
6,9565	-3,5082
26,8786	5,6668
3,7452	-10,8484
9,6430	-11,2413
15,0829	-8,1615
11,6089	-18,8437
17,1799	-12,3557
-8,8381	-12,8146
17,1800	-17,7953
-7,6585	-2,0668
26,2238	-19,4338
-8,7070	-12,3557
20,5220	-19,2371
-4,7092	-20,1544
9,6430	0,8825
6,2354	-16,5500
23,0121	-5,6709
3,8107	0,3583
18,3591	1,2757
17,4422	-8,0957
3,6137	0,7515
19,2118	-14,5838
13,8373	3,0454
27,5347	10,4505
-0,1218	-4,9501
21,5054	7,0427
1,1889	-13,7976
30,8768	-11,1105
-8,3137	-5,0158
21,7015	-21,1376
-7,7239	-6,7851
28,4517	-12,1592
-5,2991	-11,3725
10,9537	1,6689
17,5731	-3,1808
13,5093	-9,2098
2,9588	8,6812
8,3977	-6,5886
13,1167	-7,0472
-3,1366	3,5039
17,2455	-0,5595
-15,9161	2,7829
23,7333	-14,8463
-18,8652	-16,6154
18,2281	8,9435
-7,3964	1,9310
8,6597	-0,1660
-22,1418	-3,7048
9,1184	4,8806
-8,9036	14,4487
1,5161	7,0431
-9,6245	15,1697
-18,4069	8,2883
-18,4717	7,1743
-21,0284	12,1550
-4,7751	4,7494
-33,5457	0,5552
-14,2777	17,0046
-25,2881	7,1085
-5,6927	11,9584
-28,5648	16,0215
5,1206	9,1401
-17,8168	3,8976
2,6303	11,4338
-13,8845	-11,5691
7,4798	0,2275
-20,7655	16,0868
3,0891	-10,0620
-5,2335	-6,1951
-3,3333	-3,7705
6,1698	-17,0741
-4,5130	11,8925
6,3009	0,0959
-11,8527	-11,8969
25,4373	-2,8530
-21,5521	-2,1976
23,9955	2,9797
-16,3093	-8,8822
13,8372	-0,3623
-19,7170	7,0430
13,9681	0,3584
-17,3578	10,3855
0,4675	16,8080
-18,6031	6,2567
-20,4383	23,9515
-4,5130	5,4703
-17,8827	18,7743
-8,5106	22,7718
-37,8054	10,8442
-5,8234	12,3518
-18,4068	14,1865
1,3853	-0,3623
-28,1058	18,5120
20,0631	16,2835
-18,2099	1,8659
13,2473	17,9221
-18,0785	11,8272
13,3784	9,9268
-3,2019	20,8056
9,9048	9,9922
-3,2018	6,8465
9,5117	5,6013
11,3470	-3,0493
-5,1029	10,6475
2,0412	3,6349
-11,6565	-5,9986
12,3302	7,0429
-18,9309	-21,5963
14,8204	5,6667
-14,8021	-2,4601
11,7401	-23,4968
-14,8019	-16,4188
14,2959	-14,1253
-14,0809	-10,7830
11,3468	-2,0012
-6,3476	-13,0767
1,7130	-11,7660
11,6748	-9,9966
8,7252	-16,5500
4,1383	-5,1468
-10,9355	-10,3243
15,2138	-12,2902
-6,9377	-5,8678
23,3400	-15,5670
-16,6369	-11,9624
28,6484	-5,7366
-7,1341	-9,0135
12,9198	-9,6031
-7,1340	-1,2148
21,7671	-19,1060
-2,4154	-6,9819
17,4416	-20,6791
9,1190	-22,4483
4,1379	-21,5311
7,9395	-36,4075
-3,0055	-13,9288
22,0952	-23,7594
3,6790	-28,0846
14,0996	-18,7131
-16,5713	-20,6137
25,8960	-32,2134
-11,5908	-16,0917
20,6529	-24,2181
-17,6199	-21,8586
19,5388	-6,1302
-7,4618	-27,1016
6,1038	-12,6179
-4,9712	-5,6713
18,2934	-19,5648
3,8761	-9,1445
-6,4790	-13,5356
13,4446	-21,0064
6,9558	3,3073
12,3958	-21,9242
2,8928	-4,6225
32,0565	-5,9990
-2,7434	-23,3002
26,0273	2,5207
1,1234	-11,7662
29,3694	-20,8099
-4,7747	2,9140
22,6191	-10,4554
2,6965	-5,9988
30,6143	-7,1784
3,3518	-10,3241
11,1503	6,2565
13,1824	-1,3459
15,0168	-17,2708
15,1484	2,9142
4,4002	-10,0621
29,2386	-7,8337
6,3007	3,3072
36,9716	-10,7829
0,4026	-6,9162
22,0951	-28,1498
-0,2528	-6,7850
21,8984	5,9286
-5,1678	-9,5379
25,2406	-15,1081
-4,2503	-4,3605
13,9028	-17,0088
11,4784	-8,8823
18,6867	-11,1762
16,7866	-20,6788
0,6644	1,6689
25,5031	-12,2904
1,8441	-18,3194
32,3188	0,7514
-2,9400	-11,8972
29,6317	-8,0959
-6,2165	-6,7852
33,8914	-10,9141
1,6476	-16,4189
20,7841	-6,2609
-1,9567	-9,2100
13,5750	-10,4551
-9,1000	-8,2268
8,7252	8,3539
0,8614	13,0067
-2,5471	1,4726
-1,8912	16,0216
-8,9039	14,8419
8,1359	6,1913
-14,2778	13,4003
16,7867	10,2544
-20,0448	9,4026
19,8669	13,9243
10,5605	-9,6029
27,3376	5,4703
-13,9495	7,4361
28,1898	1,3413
19,0149	-3,1152
11,6090	-2,4598
10,6266	-4,0982
12,2644	8,2881
15,3450	-12,4214
0,3368	-12,5522
23,7336	-1,2802
-0,5152	-4,5569
13,1823	-5,9988
-6,5444	-4,2948
15,0826	-15,3048
-12,5081	-1,4768
26,6169	-7,0475
-5,5614	-17,5988
21,1118	-15,1738
-2,3500	-23,4314
17,5072	-2,3290
1,3858	-22,5796
27,3374	-20,4167
7,7428	-3,6396
3,7448	-10,3244
17,7699	-6,1299
14,4926	-11,8316
22,5541	-25,0696
4,2036	-1,5422
24,7823	-4,4261
0,9925	-21,2030
31,7289	0,6204
-1,2358	1,6688
30,3525	-4,2293
-2,0876	2,0622
42,2144	11,4993
12,0025	7,9605
18,2938	3,5697
10,1679	1,0793
23,4710	19,4949
15,2141	-0,9524
3,0239	1,1450
17,9666	3,3731
10,0361	2,7833
26,4858	6,5843
-2,8744	-3,9014
10,6263	-5,7364
-9,8211	1,4071
28,8450	4,4871
-10,4111	2,1279
20,8496	16,4800
-4,3161	-4,8846
15,4099	6,8467
-8,1170	8,3536
11,2156	-4,8844
1,5167	15,1696
0,8609	8,4193
1,5168	2,3902
-5,8236	21,6575
9,2501	6,2567
-3,8575	9,5992
23,8645	14,2521
-4,9060	6,6501
23,6023	27,8837
-20,1102	15,1041
19,4734	12,1553
-20,2413	31,5538
5,4486	10,8444
-17,1613	17,3327
2,3025	23,4929
-23,2560	6,2569
-14,3435	25,1314
-15,9815	23,5581
-18,7344	-1,4108
-7,1341	16,7426
-21,6835	11,3028
3,5483	-1,4764
-23,5184	18,3809
18,2938	7,3707
-18,9310	2,5868
13,0509	18,0532
-21,5522	7,5018
14,0993	4,0285
-14,4088	9,9922
12,6575	-7,8991
-12,3770	1,8002
1,5818	-1,2147
1,3201	-18,2539
3,2201	-26,3149
-0,6459	-20,8754
1,3197	-13,0113
6,3009	-19,9581
-18,0787	-22,0551
18,6217	-8,6860
-13,6879	-20,4825
17,9007	-18,5817
-9,4937	-4,5573
11,1503	-33,1307
-22,2074	-14,1907
2,7617	-20,2203
-7,9207	-27,8878
8,4630	-8,7514
-14,4086	-8,4240
7,6765	-15,7638
0,2057	-11,5695
-10,0182	-27,0358
-10,6074	-4,0326
-8,2486	-1,4115
3,0894	-17,2053
-25,4190	-7,1783
9,1187	-1,6733
-22,8632	-10,2585
12,4610	6,9118
-30,9895	-13,1422
14,8857	-14,5183
-17,7512	-4,6225
15,0167	-15,8947
-5,7581	-2,3289
0,0746	-12,3560
-6,9373	-23,4314
9,7737	-14,2564
1,4513	-18,1887
4,3998	-18,7128
12,3301	-25,0697
-5,9547	-15,1082
5,7766	0,0303
-6,8067	-3,2464
8,7913	-16,6812
-16,3092	8,9434
18,9492	-9,6034
-14,2775	-9,6030
15,8035	-5,2779
0,5337	-12,2902
14,2959	-5,6710
-6,0853	-8,3581
19,8664	-11,5037
6,6941	0,8824
15,2789	-8,0306
10,3642	-11,1761
4,9899	-5,8023
24,5855	-14,2564
0,0746	-24,0209
20,2601	-6,7852
1,9751	-10,8485
13,7064	0,0961
-20,6345	-4,8848
21,7018	-11,1760
-2,4812	10,4508
12,0024	-3,4430
-3,5296	-2,0009
22,3568	4,0284
-15,4571	3,3074
12,8541	-2,5251
-2,8742	-5,4089
-4,5786	-20,8751
-7,7894	10,4508
-25,7467	-6,1955
2,1064	-4,9501
-29,2857	2,4553
-5,8889	-5,7367
-20,4383	-1,0836
9,1842	-2,7221
-21,6832	-12,1591
20,9805	4,9458
-2,9399	-5,0158
19,2111	-9,5375
1,8445	7,8948
24,5851	-11,1761
12,1993	-0,2314
21,6360	7,8293
25,8964	-6,9163
16,0655	-11,3071
23,6026	-9,9309
2,6963	-21,6619
33,4329	-21,4653
2,6305	-36,0142
26,7481	-26,5772
-10,0178	-15,8951
19,7357	-44,0756
-2,4157	-25,2665
19,6044	-24,0874
-16,8990	-44,1410
22,8155	-25,5289
-7,7241	-40,0780
-0,3842	-42,7647
-8,7069	-27,8882
3,8100	-30,4441
-2,3501	-33,9828
-23,1253	-18,3854
-8,9034	-24,1526
-16,7028	-18,5818
-0,3841	-23,3005
-34,0042	-16,2224
8,0700	-9,5378
-31,3828	-7,4406
2,8272	-3,0496
-18,9964	4,2903
2,7615	-13,4042
-8,9037	2,6523
15,1476	-0,5592
-10,2142	9,4679
9,5117	7,8295
9,1844	10,1887
-0,3186	5,1426
6,2355	5,5357
-4,7095	8,6159
12,1337	2,1935
-5,8236	14,9071
13,4443	-3,5738
-14,4087	6,7153
16,6553	-4,5569
-25,1566	6,7153
9,1842	4,3559
-9,6902	-8,2269
14,4923	-2,3941
-11,0009	6,0598
9,3804	-12,2901
-1,2361	5,4702
2,4335	5,0767
-3,7263	10,1232
-8,3142	7,1083
11,2160	-8,7512
-18,2100	0,5550
17,3764	8,8123
-8,1829	-5,7366
16,0657	0,0962
-9,1001	-4,7536
17,7696	-8,4890
-12,0490	-6,1298
26,1582	-14,1253
2,6309	-9,9309
34,4812	-20,2858
9,2501	-26,7081
22,0294	-19,5648
23,7992	-9,1448
18,6869	-31,8201
17,4423	-15,6325
4,6623	-4,5572
13,3791	-9,0790
9,5775	-5,5401
19,8669	-12,7488
-4,7092	6,3220
28,9762	2,2588
-12,1804	3,6350
25,1751	2,1279
1,9097	-3,9671
20,4563	-5,1466
-5,6267	12,4168
12,7886	-5,8677
0,3371	-12,1590
6,1693	0,5548
-4,3159	-10,1931
-8,8384	0,4893
10,8229	-1,2802
-10,4114	-6,9817
3,9416	-7,4404
-16,7026	-8,8166
26,6824	2,1279
-23,5839	9,9265
11,5437	-7,9646
-14,1465	2,1280
32,0562	4,2249
-4,1851	-0,6901
26,2235	10,7130
0,4681	8,4847
15,1480	-3,7049
3,2864	-1,4110
8,1357	6,8463
19,0150	-2,7873
4,7933	8,4847
20,9811	-6,9162
4,1379	15,7592
29,2385	-11,6349
-8,5105	-2,9839
27,8622	2,8485
-9,9522	-11,6348
31,7287	-1,2145
-0,1218	-2,4600
23,6021	-8,4892
-2,4155	-11,8970
24,3229	-14,7806
-11,1973	-9,4066
3,0893	1,7999
4,9901	-13,0766
4,0066	-5,1465
3,0240	9,5987
-12,2463	-2,5254
6,8908	0,0963
-1,6950	9,7299
12,9855	-8,4889
-17,4890	4,2905
14,6894	-3,9015
-13,8190	2,4555
15,6722	3,2418
-15,7194	-13,1420
7,5457	4,4216
-13,6876	5,7976
10,3635	-1,3457
-8,3137	1,7344
8,4630	-12,1591
1,5822	-15,4357
-16,9648	3,3074
9,4467	-4,8846
1,1229	8,4848
4,8590	6,3220
-16,1783	-0,6246
13,6409	10,2544
-11,3287	11,8272
19,6045	15,6939
-9,6901	14,3177
15,3446	1,8660
-7,0030	22,8374
20,7841	19,8226
6,6284	3,6354
11,6744	16,5461
-0,7768	5,4702
10,8225	-1,1489
17,6386	10,9752
-1,5638	-8,8167
22,4229	-14,5183
6,3006	-7,0474
27,0103	-14,9117
-3,9230	-3,1154
21,3087	-29,3953
-13,2945	-15,3049
21,8983	-5,4092
-5,4959	-16,6158
5,7762	-7,8995
-21,4209	-16,2225
8,6598	-12,6834
-6,7410	1,4723
1,8438	-1,0182
-4,9058	-14,3217
-1,0396	0,3585
18,5561	-0,8868
1,1886	0,3585
16,5902	17,9876
-1,4983	12,2858
23,2092	3,4387
-12,6392	9,7300
25,5685	-10,7173
-13,4912	6,4533
17,0485	-2,7220
-10,5419	-15,5668
15,4754	1,0136
-7,4618	-11,0450
6,5625	-7,2437
3,2862	1,9312
-0,0568	-0,4936
-1,3013	13,0068
1,5162	6,9776
8,8566	4,6838
-10,2802	17,3979
12,5267	7,1740
-18,2099	0,0964
18,6870	5,9946
-15,1296	-5,6709
21,5705	4,3560
-6,6753	-7,7027
33,6946	-12,4867
-3,0053	-8,3581
23,7333	-10,5866
11,6093	-22,3828
19,8665	-9,2757
24,9789	-28,0847
16,0653	-12,5525
16,7869	-19,2374
3,9414	-26,1840
19,9982	-21,6619
2,9584	-14,6497
25,8307	-15,8949
-14,2775	-9,1446
27,7313	-10,2587
-0,1218	-11,6348
26,6169	-1,8046
2,5652	-9,7344
25,2406	-2,6564
3,1551	-3,1808
22,0293	-5,9987
9,1190	-1,4112
26,2236	-10,3896
20,3257	-14,5837
21,0462	3,2420
21,6366	-12,2245
6,3662	9,0747
25,1754	0,1616
-4,6439	2,4555
21,9640	-0,0349
-5,6271	5,1424
16,1965	-8,4234
-13,4258	11,3029
6,0384	1,2104
-20,8314	7,6986
0,9920	2,3902
-16,1127	6,1913
-0,5154	27,7526
-7,6586	10,5820
-8,0522	-3,6389
-7,1343	23,3617
-17,0307	15,6938
-13,2291	4,9461
-36,7568	21,1989
-2,6123	-7,8991
-30,5967	12,2206
-7,6586	3,8973
-34,4631	-3,6391
-1,8917	9,0091
-31,6450	2,2589
1,4506	13,0726
-29,0233	15,6936
2,6957	-0,5589
-20,8967	14,1866
-7,7899	17,9877
1,0579	13,2037
-4,0544	13,4658
7,6770	10,3856
-9,7559	9,8614
5,5799	23,8203
-12,7704	12,8102
16,7209	6,6500
-20,3070	11,3028
17,7040	-9,8652
-12,9016	1,0138
6,1695	9,0088
-11,1319	-17,9917
11,2811	2,1278
-7,9208	-10,3897
-1,7607	-0,6247
-25,2875	-0,1005
1,9093	-7,4404
-7,0688	-5,4743
-24,7638	-2,1976
-0,5804	-1,4110
-3,0716	11,9581
2,8927	-3,1806
-27,2540	6,1911
14,4927	17,9874
-21,9456	0,6860
15,6067	9,2059
-18,0788	7,9605
20,8496	2,7832
-19,9793	8,4849
19,2111	5,9945
-9,3623	-2,3940
7,7423	9,3369
5,7764	1,7346
-6,4137	-0,9522
-5,6266	-0,3626
-7,0035	-9,7995
0,4681	12,0237
-15,1955	-5,1467
10,6915	-8,8822
-19,7830	2,9796
9,9050	-9,9964
-22,4698	-4,5568
7,1524	5,6010
-25,4188	-10,6517
21,5703	-0,9524
-8,7728	-8,8821
5,5140	-2,4596
-8,7724	3,7663
9,7737	3,6352
-8,3136	8,7470
2,3683	14,4485
5,3833	-1,2145
-2,5469	1,9968
10,4295	4,5525
-19,9139	2,2587
4,4658	-8,2925
-28,3024	-12,5523
5,3176	-17,9262
-30,2029	-10,3897
6,4972	-21,3998
-20,5036	-9,9964
16,5896	-12,9456
-16,0470	-0,2970
14,5580	4,0936
0,2715	-5,8022
3,9412	-5,8674
21,1121	10,8441
2,9582	-4,2947
19,2772	8,6816
-4,7749	20,6743
33,8263	-10,9138
1,1233	0,4241
38,7413	8,2226
-3,0054	-1,3456
32,7775	7,4361
1,6478	1,0136
30,4179	-4,4258
-13,3599	4,6837
20,2599	-12,1591
3,5483	2,1278
16,5898	9,1399
16,5245	-8,5546
11,9365	5,7322
12,0027	-1,9355
-2,2846	-5,4745
16,5901	-6,2610
-11,0008	-11,8970
19,4737	-18,7783
-9,8868	-3,7707
24,2578	-11,4385
-3,4641	-16,5503
24,9785	-20,2202
5,7766	-18,5162
35,6607	-11,4384
-2,4810	-11,4383
13,2476	-9,2100
7,8738	-2,0666
7,9390	-1,7388
13,3132	9,7299
1,0575	3,5697
8,0049	10,9098
-13,0982	23,3615
3,9415	13,5967
-28,4991	10,0579
13,6408	14,7109
-23,9772	9,4025
1,6476	23,1649
-20,3070	3,1108
7,5457	6,6500
-15,9160	19,4291
21,0461	-11,8314
3,3516	1,9314
12,0677	3,5040
5,5146	-12,5522
8,7254	15,8904
14,1654	12,0889
10,4295	-5,3432
27,3381	9,5334
0,1403	7,4361
27,0105	-0,9523
8,7255	3,5696
27,2724	4,4216
-5,6922	-6,1297
35,4642	-3,2461
-0,3840	-12,9455
21,3739	3,2419
-6,8063	-5,4090
17,5071	-12,6834
-2,2843	-5,6055
12,5918	-14,9772
1,5168	-19,9577
-0,5152	-5,9987
14,6241	-16,4845
-3,3333	-9,5376
17,7697	-13,7319
-4,9061	-9,0788
14,0342	5,0114
-17,4233	-7,2439
26,4204	7,4363
-10,9352	12,3512
19,0147	-6,3262
-11,6560	9,8613
29,7625	11,0407
1,7788	8,8127
17,7038	18,5774
2,1721	12,2205
3,2859	15,2352
6,6286	20,8057
-2,4813	9,9922
2,5653	12,6795
-13,6880	22,0507
7,4805	7,5019
-11,3288	4,4873
7,4803	16,0216
-22,9286	4,0285
7,7424	16,1526
-31,9724	6,7153
13,7715	13,9243
-17,2924	5,9290
7,4798	-2,1319
-26,9259	9,9267
6,6935	-2,9184
-14,5399	0,2929
-11,1978	4,2250
-0,7773	-0,2971
-17,4895	2,7833
-16,3091	6,5841
-25,3536	-5,9331
3,1548	-6,5883
-32,1038	3,8318
3,2859	3,1108
-22,1422	1,1449
0,0090	-1,6077
-26,9260	-3,2461
20,7838	10,4509
-9,2970	0,0306
4,4656	-4,2291
8,4635	5,8634
9,7737	-10,2586
-3,4638	-2,7218
2,3028	3,3728
6,5631	-7,9649
-4,1197	-2,7874
13,9686	-6,4576
-12,3117	-17,9917
18,1628	-2,9185
-12,1151	-7,4406
12,3299	1,9312
-16,1127	-3,1809
6,1694	-5,8022
-21,5521	-7,3751
5,1862	-16,2223
-14,9330	-19,8267
-2,2851	-9,0790
-30,0719	-8,6856
-13,3607	-13,2732
-18,2755	-3,1805
-27,3853	-10,6516
-7,4620	11,1062
-29,4824	0,6204
0,7301	-7,1125
-22,7321	14,9074
13,9684	0,0962
-21,6833	3,3076
16,3932	4,2906
-18,3408	5,2081
21,1773	1,4725
-11,4595	-8,8165
10,4292	6,8466
-10,8696	6,5187
8,3975	5,0115
-9,1001	12,9413
5,3828	4,4216
-8,7726	6,4532
-12,6395	4,1594
3,2206	-5,1467
-19,9141	-9,6684
3,2862	10,3197
-19,2586	5,7975
14,1648	-0,8869
-24,1082	0,7515
2,0408	-4,4913
-20,1104	-1,7387
6,4971	6,9120
-10,8698	14,7108
11,9364	4,6838
-8,7725	-2,4595
-3,2024	6,7158
3,0239	26,8349
-8,9042	8,5505
-3,1364	13,0726
-20,1763	17,5288
-5,1680	-3,7702
-21,6182	8,2230
-6,2168	0,8171
-39,8368	0,2930
12,2641	10,4509
-32,3657	-1,8700
5,7105	-5,7364
-24,0426	6,5187
4,2687	11,7614
-10,6078	-2,6564
-5,2997	-9,2098
-12,7047	-0,4936
-3,3992	2,3244
-4,4473	-2,9184
-16,9651	-1,4110
-6,0855	8,2880
-19,8486	-14,1252
6,7595	1,2760
-22,0110	-15,3048
16,6553	-22,1860
-16,9648	2,7830
10,1019	-20,1546
-5,9546	-7,4405
11,3469	-1,2806
-9,8864	-34,6381
16,6553	-8,6203
7,1530	-12,2250
25,1748	-20,0891
7,7430	-3,5086
17,9662	-11,8317
31,2048	-16,7466
17,8351	-6,6542
40,9697	-17,9918
8,5947	-0,1659
46,4749	-0,2973
21,1120	-19,5646
41,8216	-0,1660
16,9179	-3,7050
41,1660	-7,6370
-0,8422	-4,8191
29,5006	-6,5231
12,5269	-2,9186
23,3398	-5,2779
-0,4491	-14,5840
-0,9085	-10,1930
-1,3011	-9,3413
0,5332	-34,7689
2,4342	-9,4721
-10,4113	-17,6644
6,4318	-25,3974
-34,5285	-4,6882
-0,8428	-11,8972
-35,7736	-12,1594
5,0553	-20,8099
-27,3850	-7,5716
-0,3843	4,1591
-18,6687	-13,1423
8,8561	-12,1590
-17,2267	4,0282
5,9070	-12,2901
-8,9691	8,8779
-6,7414	4,8801
-7,1340	-0,2315
-12,1809	4,2906
-9,0347	1,8000
-18,6690	-5,0155
-12,0495	3,2419
-30,0721	-11,1759
-3,5956	-4,5566
-37,3466	10,2541
-0,5155	-24,2175
-33,7420	-8,8820
-8,1176	-13,2731
-33,7419	-10,5861
0,2054	6,1910
-18,3409	-0,0350
-4,7098	5,2735
-11,7872	7,9604
-4,0544	-4,8845
0,4680	9,2714
-9,1007	6,0599
-4,4472	2,4556
-17,8824	8,9438
-3,9229	16,0216
-22,8630	16,8736
7,5458	15,7594
-19,5206	13,4659
12,5264	16,5460
-14,6709	18,7742
6,4972	17,2012
-16,3746	12,2861
8,6598	16,3492
4,5314	5,0116
7,5455	7,4364
-0,4492	-9,7997
9,0529	-9,7994
0,9269	7,6983
-6,8065	-11,4382
25,6339	5,4045
-16,2437	-1,0839
32,1219	-26,1182
-19,6516	-2,5256
14,0998	-29,8541
0,4681	-19,8924
27,4030	-13,9288
-17,3576	-16,1571
22,4880	-6,9164
6,9561	-10,3897
6,1693	-1,6078
0,7961	-0,2317
11,8709	-8,5546
5,9078	-6,0641
0,9266	3,8972
23,4059	-8,6858
-2,2847	-14,4528
21,8331	-9,6690
-13,4912	-26,5117
19,2772	-18,0576
-12,8357	-24,5459
24,5854	-40,9951
-1,8912	-22,9074
24,3886	-29,2645
-5,4955	-32,2790
14,4926	-29,1988
11,2162	-33,9173
18,0968	-19,8926
1,2546	-22,6451
-10,8699	-17,8607
2,1067	-12,4213
-12,0497	-5,5399
6,6285	-1,0835
-18,4722	5,6667
17,6385	4,2905
-18,2101	4,2249
15,9343	4,4216
-17,6857	-6,3917
9,1186	15,8904
-28,9578	9,9920
8,5942	-4,2944
-4,7751	15,2350
-4,3821	-8,3577
-10,0832	4,8150
-0,3190	5,9289
-8,0516	-5,6054
-14,4747	-2,5252
-4,1851	-14,6493
-27,1885	-1,6076
11,6746	10,4507
-31,3829	-1,6734
1,6478	0,0963
-14,8677	15,2350
8,9875	7,9606
-13,4257	6,9776
12,7231	14,4487
-15,7193	8,8129
25,0438	25,6555
6,4973	21,5266
7,0213	24,8691
7,4151	26,3108
15,9343	7,5677
8,2669	34,3063
-2,7433	5,4702
27,4692	-2,2626
10,4294	10,5822
29,4352	2,1934
0,2061	-0,2969
39,5277	-2,5253
11,3471	-8,6855
35,7264	1,4068
-4,9712	-7,6373
30,6145	-17,6639
-8,3137	18,8393
15,7376	2,0619
-4,3161	-17,4020
-6,6757	4,3559
-11,1972	-10,7830
-15,0644	-15,6323
-4,8403	-1,5423
-26,4677	-10,2584
0,7302	11,6307
-24,2395	14,4487
5,3832	21,3956
-23,9772	39,0246
6,6937	24,2792
-26,6641	32,4059
11,8055	30,0465
-13,2948	17,2016
-1,3673	25,9835
-18,2752	25,9178
-5,6927	20,6749
-11,9836	27,2939
-0,9086	29,4564
0,7303	9,4681
-5,5616	15,1697
12,9856	5,4048
-16,7682	7,7642
16,8522	12,3515
-17,8167	-0,8212
10,6918	7,7641
-3,3333	6,7809
22,3568	-10,9136
-9,6902	10,7132
8,7254	3,5039
-2,1533	-3,2458
22,0946	5,7979
2,5653	2,0624
18,3590	1,6039
10,0367	20,4779
8,0045	1,3417
13,1824	13,9902
6,1039	15,8251
15,4760	25,1313
-2,2846	18,1842
21,8329	0,2277
-14,4743	17,2013
23,7333	11,3685
-10,4765	0,4895
16,8521	4,4216
-0,2528	-1,8701
23,7987	-6,5229
0,5993	-2,9841
11,6747	-8,1616