-32,0085	-73,6178
-44,1985	-71,7825
-26,8312	-67,3916
-47,6720	-63,5251
-18,9669	-49,2384
-36,6621	-69,0301
-22,5060	-73,8795
-47,6718	-56,0539
-8,5470	-65,0978
-44,9850	-60,1169
-28,4046	-50,6145
-42,8878	-59,3307
-43,8711	-57,8234
-51,3419	-61,4278
-45,3786	-68,1779
-47,6721	-55,9229
-60,3864	-60,4450
-56,6504	-59,9205
-72,7727	-51,9909
-52,8495	-72,4380
-75,0010	-64,0493
-61,3038	-56,7749
-83,3897	-65,4912
-56,7166	-64,4427
-90,0089	-75,1905
-64,5155	-73,6830
-81,4237	-66,2778
-69,2342	-86,2006
-82,6687	-77,8120
-71,0692	-90,0674
-77,7535	-95,0480
-87,0599	-80,9580
-84,3724	-103,2403
-74,6736	-105,0096
-69,8237	-100,9466
-102,9849	-117,7238
-72,3138	-111,0392
-84,9627	-111,2361
-51,0805	-125,3918
-86,9943	-114,5785
-62,6804	-134,6982
-80,5718	-127,3580
-72,0522	-128,0136
-88,1739	-149,4436
-71,9214	-135,0912
-92,6304	-122,9673
-92,5652	-141,9726
-91,0576	-135,4191
-98,4636	-141,9726
-98,9876	-136,7298
-113,1436	-128,6036
-96,6939	-157,8982
-126,6441	-157,5048
-99,3810	-154,9492
-136,4088	-167,1387
-104,1652	-160,9131
-115,1754	-182,1467
-107,1801	-166,6147
-132,2800	-166,8771
-104,2967	-192,8293
-130,3141	-197,1546
-119,4355	-182,9991
-138,8994	-205,5436
-141,0625	-206,9197
-133,1323	-210,0660
-156,0705	-223,8939
-150,6960	-219,6343
-157,7745	-238,3777
-148,6649	-240,4094
-193,4914	-237,0673
-156,5946	-267,7381
-168,8502	-253,3201
-161,4445	-255,1555
-173,5685	-261,3812
-156,6605	-255,8763
-167,8013	-275,0784
-154,2358	-263,7404
-163,2138	-251,4201
-170,4888	-276,7824
-179,2044	-275,0128
-175,0109	-266,1001
-188,9039	-285,8263
-191,0016	-277,3722
-196,5719	-284,1225
-216,4296	-277,3723
-186,4797	-280,1907
-226,8500	-298,5406
-185,3658	-301,4241
-220,3621	-293,0358
-208,1724	-318,2671
-226,3257	-306,6018
-186,9391	-316,7602
-236,4184	-330,5228
-209,5487	-326,5907
-211,9735	-343,2371
-217,0856	-359,1622
-220,2964	-352,9366
-220,1658	-382,4278
-230,0613	-371,3522
-237,9258	-376,0056
-210,4007	-398,8122
-243,2346	-386,9504
-217,6097	-409,4949
-252,9993	-418,4078
-223,9014	-423,6510
-249,6571	-437,2825
-222,6565	-441,6080
-254,3758	-439,3801
-241,8586	-471,4926
-261,3226	-470,5096
-261,7816	-474,5730
-254,7691	-483,4858
-276,9862	-473,0660
-271,4150	-491,1540
-280,9184	-489,3190
-270,6943	-492,0720
-292,7804	-521,4975
-270,4323	-506,9485
-296,7781	-518,8109
-272,0054	-538,2750
-293,4358	-533,3599
-259,3573	-553,2174
-309,1646	-560,9506
-275,2824	-548,3680
-298,6789	-582,1192
-291,2079	-568,4220
-307,4605	-578,7772
-294,5504	-601,1247
-316,8325	-596,7339
-317,5536	-617,9023
-325,5489	-612,9216
-351,2394	-616,7230
-347,7003	-647,2626
-376,2089	-624,7185
-369,1965	-635,6634
-392,9208	-653,4235
-371,4908	-652,8993
-407,3389	-673,0190
-385,2536	-679,9002
-415,9899	-673,0192
-400,5237	-699,4304
-419,7910	-702,0516
-404,3250	-705,0013
-422,4781	-721,3852
-421,4299	-712,8003
-412,7788	-734,0341
-441,3531	-745,6339
-427,3934	-732,8549
-454,0015	-766,2127
-443,1222	-758,8072
-466,4535	-764,3781
-442,9916	-783,6457
-490,8986	-792,7551
-463,8978	-797,8673
-491,9473	-818,9042
-471,5659	-808,8118
-503,5474	-830,8977
-488,0813	-840,7934
-512,2637	-826,1794
-507,5456	-864,3214
-516,6548	-869,4330
-541,6898	-872,1859
-526,8128	-875,5284
-542,2799	-877,6259
-524,9780	-898,9252
-543,0009	-910,5906
-533,2357	-907,1176
-550,1443	-937,5920
-522,8159	-948,8642
-569,9363	-946,6363
-547,7195	-974,1616
-562,3342	-971,9334
-543,5911	-989,9560
-564,8903	-997,2960
-562,8589	-992,4467
-568,7568	-1010,6656
-583,2407	-1005,5540
-576,3590	-1016,3021
-591,0396	-1040,0915
-581,4708	-1023,3800
-604,8677	-1036,8810
-580,3569	-1051,4953
-616,0744	-1048,2190
-583,0441	-1074,9577
-611,0283	-1079,0864
-604,2125	-1083,8054
-625,7082	-1117,9496
-598,1179	-1109,2988
-626,7570	-1116,1803
-608,6694	-1122,0785
-638,8810	-1119,1950
-616,4026	-1127,5183
-627,8711	-1130,2706
-618,3687	-1121,2924
-621,8417	-1134,5307
-633,5074	-1134,3996
-614,9602	-1133,5478
-632,9829	-1142,0675
-598,7073	-1143,7715
-621,5796	-1143,6406
-590,9087	-1149,7354
-617,0575	-1156,0923
-587,9596	-1168,1510
-611,8147	-1156,9442
-589,9913	-1138,5289
-609,7174	-1160,4833
-584,4208	-1147,5727
-602,1152	-1149,7355
-592,8750	-1164,7429
-589,2700	-1145,3443
-601,0668	-1153,6673
-587,7624	-1133,4823
-600,1491	-1134,7932
-569,7400	-1145,5407
-594,5129	-1130,5985
-567,9702	-1134,6618
-589,2696	-1128,7633
-546,4745	-1110,5443
-574,9826	-1128,3045
-533,1706	-1115,9179
-554,4697	-1087,9342
-531,1388	-1107,9881
-530,9421	-1085,5745
-515,1482	-1071,8122
-527,8615	-1074,6956
-509,9706	-1066,3067
-511,6085	-1070,8287
-502,1060	-1065,1923
-494,1757	-1046,7767
-509,1180	-1035,7011
-472,8762	-1030,2614
-484,5419	-1014,0086
-447,1861	-1024,4941
-487,2285	-1010,0759
-442,4018	-991,9880
-451,4457	-986,2862
-425,1658	-977,8320
-446,0060	-968,9189
-422,8719	-969,7050
-437,9447	-940,7381
-410,6165	-947,9469
-417,3008	-936,3466
-427,8522	-910,1323
-411,9265	-909,8045
-411,8613	-896,3039
-386,4332	-887,1941
-415,4658	-875,2009
-388,5300	-853,3774
-398,6228	-867,7295
-375,8817	-846,8887
-405,7004	-830,4393
-352,2232	-830,1768
-385,9086	-820,4774
-357,6628	-816,3484
-384,6633	-801,5370
-364,4129	-782,1385
-375,4881	-780,1067
-376,8647	-778,2058
-381,9759	-742,3577
-366,8376	-755,5958
-372,8663	-731,8059
-365,8542	-730,9540
-332,8894	-733,7059
-364,9367	-692,6151
-328,6292	-699,5619
-347,2416	-695,8914
-303,5291	-663,4512
-330,2674	-677,0825
-283,4093	-656,1763
-303,7907	-645,0353
-280,4600	-649,1635
-280,3942	-620,1311
-279,6080	-626,1603
-284,6537	-614,4946
-278,2971	-597,9794
-273,4470	-585,5275
-279,0834	-588,2798
-254,5071	-567,5047
-287,9962	-557,0844
-251,0334	-537,8824
-261,9783	-560,2301
-239,4336	-541,4864
-251,4924	-529,5592
-221,7389	-560,5574
-245,5285	-541,8139
-221,0179	-526,1511
-225,3432	-524,4470
-212,4984	-525,2334
-215,7746	-532,1799
-218,0687	-512,3224
-215,9710	-509,1768
-211,1872	-508,3900
-209,4829	-488,4015
-213,7430	-483,6830
-196,5722	-491,4158
-221,8038	-471,0997
-187,8559	-469,2647
-213,2841	-465,9221
-185,3002	-446,5890
-209,7450	-458,9096
-175,4698	-435,6442
-207,7133	-433,2850
-174,9454	-435,9717
-189,8875	-422,0125
-181,0403	-419,1289
-193,4261	-417,8835
-187,7248	-411,0678
-179,6634	-409,8880
-183,9238	-404,1207
-184,6440	-389,8341
-182,0230	-391,2101
-169,1121	-370,1075
-193,8848	-367,6827
-146,4367	-372,3355
-175,0106	-356,6723
-142,1113	-370,6313
-169,1777	-353,9849
-130,7735	-352,8056
-157,8398	-372,1382
-133,6570	-337,8628
-146,3707	-334,3898
-128,1520	-362,3077
-123,3019	-321,2166
-137,3923	-317,4812
-115,1752	-318,5293
-122,5811	-292,8393
-104,8202	-302,4730
-116,8138	-283,5328
-101,4779	-271,1467
-119,7626	-285,6297
-87,3878	-271,3427
-115,7650	-255,8764
-85,1596	-266,8206
-104,1652	-259,3495
-103,9686	-249,1259
-104,7548	-254,6962
-101,6750	-236,5428
-112,0949	-244,6693
-115,7651	-240,4747
-109,9320	-228,8095
-115,8963	-231,4307
-112,1602	-216,4230
-122,8430	-216,5542
-104,9513	-217,5369
-130,0518	-200,6943
-106,0654	-224,8770
-113,4713	-205,7403
-86,7982	-200,3667
-125,5953	-232,4133
-84,8975	-207,9683
-107,3108	-203,5123
-86,7326	-207,3787
-100,0361	-197,0240
-87,4534	-196,8929
-84,8971	-199,5141
-92,9583	-172,1858
-86,0764	-190,1424
-78,0816	-175,4621
-76,9015	-168,9086
-95,0551	-154,9493
-66,4813	-140,9903
-95,2519	-159,4711
-72,0520	-153,5070
-107,2448	-126,7687
-65,4985	-135,4193
-93,4824	-143,4799
-72,3800	-130,6349
-102,8539	-131,0937
-72,0522	-123,4914
-84,5695	-132,6008
-76,5743	-125,3262
-89,0257	-112,6124
-88,7638	-126,5715
-71,5930	-114,3161
-79,7855	-116,4135
-79,4573	-117,9207
-75,9186	-114,9059
-65,9569	-110,3185
-80,7026	-111,7603
-46,2308	-109,6630
-74,0180	-107,8935
-47,6069	-103,6992
-63,5321	-105,4032
-45,1822	-109,7939
-61,8280	-96,2281
-50,0973	-97,0145
-64,1216	-107,8933
-56,0609	-99,5048
-55,3397	-105,0098
-55,0124	-87,3150
-51,4075	-81,6136
-71,0684	-102,6505
-37,7760	-89,7397
-60,3862	-85,0213
-32,5988	-88,1014
-62,6800	-78,2054
-39,3491	-91,7059
-59,3375	-89,2152
-28,9947	-66,7364
-61,8280	-78,1400
-37,2522	-80,3022
-43,0847	-63,9840
-44,5268	-77,4843
-54,5531	-69,3577
-34,6963	-65,9500
-45,1161	-63,4594
-44,0677	-51,2700
-40,5941	-66,4087
-56,3228	-55,7918
-22,2439	-64,6392
-49,5071	-78,9914
-20,2778	-67,3917
-50,4900	-63,0009
-16,0836	-79,5158
-36,7929	-74,6006
-5,8601	-71,4550
-32,4020	-76,6321
-7,1708	-57,1027
-36,0063	-66,4086
-14,9696	-70,2750
-38,8897	-55,1364
-33,9093	-58,4786
-28,2073	-36,3274
-39,8731	-60,4447
-24,7996	-63,1311
-51,4730	-24,9896
-20,6709	-40,6528
-44,3295	-37,5068
-10,7751	-36,7205
-46,0989	-38,0313
-13,0033	-43,5362
-26,5693	-51,7282
-12,6757	-47,7304
-37,6445	-36,0653
-10,1198	-58,6750
-28,0107	-37,3757
-16,9355	-32,0020
-14,9690	-44,2571
-21,5885	-29,9045
-12,8064	-29,6425
-25,9137	-28,6593
-4,0245	-15,4212
-15,8212	-36,1304
2,5945	-19,7461
-22,5713	-8,7365
7,5754	-37,3753
-4,3522	-13,1925
27,1049	-9,6538
-3,3035	-32,9188
7,2477	-1,1995
5,6752	-25,0547
14,1289	-15,6171
5,8718	-4,0177
11,7041	-16,0761
3,8403	-10,2433
3,1846	1,0942
6,6582	-16,9936
-1,7961	-11,9474
11,0489	-9,2603
-11,3645	-5,5248
12,0973	-3,5588
-16,3453	-9,9157
3,7741	-6,5077
-12,4787	-2,3791
-6,4495	-6,5733
-13,0029	-5,9179
-3,6317	-2,1168
-16,4762	1,7499
-11,7580	5,2886
-9,9882	-6,9664
-12,6099	10,2040
0,3664	10,5971
-38,1034	-6,8353
-8,2186	8,5002
-28,6662	10,2695
-6,4493	-3,6895
-33,0571	4,7646
-8,1534	-10,0465
-27,4209	-2,7719
3,8394	10,7282
-25,7826	4,1746
-1,4035	5,0268
-20,6052	9,8107
-16,5423	-2,1821
-18,9010	19,1826
-16,6733	5,8132
-7,5634	12,7602
-11,2994	28,5542
-13,9202	12,1703
-32,7292	20,6900
-1,2061	13,9396
-18,5735	16,7577
13,2117	15,2503
-6,5803	6,1407
14,4567	-5,0656
-4,3518	11,3180
18,3889	-6,2456
1,3497	-3,6240
11,5076	-0,0853
4,3646	-7,0320
17,4712	-0,8061
2,3984	0,6356
5,4783	-2,6410
13,6706	0,7013
-1,1408	-1,3303
12,8843	-3,1652
5,6095	11,1215
16,5542	-12,0781
9,0831	19,9034
35,8872	16,4951
0,6944	-6,3110
27,9576	4,0436
6,5272	-3,4276
28,6125	-11,8814
1,0222	7,5825
12,6219	-11,0953
13,9328	-4,5413
6,3302	17,9370
0,3014	-8,2771
7,7721	12,5633
12,1633	7,8447
-6,1871	13,6120
6,0030	18,1339
-6,1871	2,2088
18,5200	5,4203
-14,7725	26,1293
-1,5341	-2,7065
-18,8356	5,9445
10,4586	16,5609
-32,0739	-5,5245
-3,4349	4,5680
-10,1850	-9,4567
-6,3842	6,0099
-27,4862	29,4714
-9,0710	-7,0320
-10,1193	5,5513
-23,4233	27,8332
-2,3204	13,9397
-9,4643	28,4888
-14,1826	27,5712
-38,1032	18,6586
7,3132	33,7973
-25,9138	19,5104
-5,5976	31,7658
-29,3215	46,4456
0,1693	30,1928
-31,2876	29,9964
-8,7435	39,2367
-26,2413	28,9478
-17,0010	39,9578
-13,1341	23,9014
-17,3288	29,2101
-25,6512	37,2052
-27,2899	19,7727
-7,7600	28,4891
-28,0765	28,8164
-6,4494	12,8916
-30,5669	33,9283
-4,0904	11,5806
-40,8561	20,1004
-10,9061	43,4964
-28,4698	17,8064
-10,8409	24,2946
-35,2199	29,6029
-23,4236	14,8574
-19,1635	24,0979
-26,5038	11,5806
-15,5588	15,0541
-26,7003	35,5666
-11,8887	8,4348
-30,6324	10,3356
-2,0584	36,8773
-23,4234	23,2459
-1,4685	19,3793
-18,7046	16,0370
10,8521	20,4935
-7,0392	19,9690
25,9907	8,4348
-11,8233	18,3307
11,0487	15,7091
-2,2550	8,1071
6,3301	10,5319
-10,0536	21,2141
-9,0708	10,7940
3,3813	11,6459
-3,3694	9,6144
-12,0852	15,4471
-28,9937	16,2989
6,5268	-7,0318
-24,0787	13,4810
-0,3546	13,0874
-23,4888	-10,8984
-5,1388	9,3521
-20,9328	-8,6705
-0,2237	-5,1314
-21,7191	-10,3090
5,2157	-19,1562
-16,6729	-7,0975
-5,9909	1,8806
-16,8695	-13,1924
-23,4233	5,0921
-8,6775	2,7326
-32,0742	-6,4421
-6,0561	13,4807
-24,4721	-4,0174
-3,1071	4,1748
-33,0571	0,0458
-0,8789	-2,5099
-19,7532	-1,4613
3,6429	6,4028
-27,2243	-7,6218
3,9705	1,6189
-17,3940	-7,1630
-13,7242	-4,7379
-31,0910	14,4638
-27,2902	-1,9201
-17,8529	7,9760
-46,5579	6,2063
-34,6297	1,1603
-36,7930	17,4131
-16,7387	4,1748
-32,4676	14,9885
-16,6731	30,1923
-19,6879	-6,5731
-1,0102	5,0271
-25,6515	20,5587
9,7378	10,6628
-21,1950	6,6651
0,3660	0,1115
-16,2797	8,5657
-10,7753	9,2865
-30,6975	3,6504
-22,9649	5,0922
-28,4695	11,9733
-38,9557	-7,5562
-25,1274	9,0243
-54,0946	-4,0829
-26,3726	-1,0681
-53,7014	10,1383
-22,0474	-6,5078
-46,5579	-5,9177
-31,8123	0,8323
-51,7351	-18,8284
-22,8995	5,8789
-44,9848	16,1019
-31,0916	1,6188
-41,3147	7,2549
-25,7175	-2,7066
-39,4797	1,8155
-35,1546	14,9881
-33,9746	-5,7868
-34,7612	-3,6240
-18,9015	-0,5440
-39,8075	-7,4253
-5,6631	0,3078
-36,2030	-22,4987
-9,3331	-16,1417
-25,7827	-19,4842
-0,8793	-32,8534
-31,2222	-22,6953
-18,0496	-18,4357
-26,5689	-33,0500
-12,3482	-15,6829
-22,6369	-20,2051
-28,8631	-19,0908
-12,3476	-20,7292
-19,1638	-12,3405
-14,3791	-13,7167
-31,2221	0,3733
-3,5657	-18,9597
-20,4088	-3,4931
-2,1241	-8,7361
-24,8650	-12,9958
4,2983	-0,5441
-24,9306	-16,7314
7,1817	-15,4205
-21,9815	-4,3451
-18,0495	-12,7336
-25,7824	8,4345
-16,1491	-4,2797
-22,3746	-12,1436
-24,0790	13,1530
-12,6754	-8,6049
-35,2202	1,9468
-26,1102	24,0319
-27,3558	-9,7189
-20,4088	6,2067
-38,2348	27,4400
-13,3965	7,0584
-38,2347	16,3647
-12,0204	12,2358
-42,4944	2,1436
-14,4452	36,2219
-34,1059	6,9928
-28,3389	12,5638
-37,5790	27,3745
-36,2687	3,1263
-38,6932	16,7579
-36,2031	23,5734
-21,5883	15,9713
-43,3465	22,7214
-14,9036	0,5703
-38,3002	8,2382
3,9052	18,5270
-37,3826	0,1115
-5,0076	7,4516
-18,3115	6,9926
8,9515	0,9634
-4,5489	4,2402
-0,3547	-17,5177
-9,2671	-7,9494
10,5898	-0,0199
4,0366	-31,7391
0,3009	-17,8453
8,2311	-0,0856
6,5924	-28,6590
14,7848	-3,0344
-4,8107	-8,8018
15,0470	-12,7993
-2,1893	-4,9350
13,1463	-13,5203
-5,4005	-16,1414
15,3086	-0,0198
-22,3743	-16,8625
8,6894	-6,9009
-19,3598	-10,8332
-0,9448	-6,7699
-27,3553	-3,6898
-26,3072	-5,9834
-30,5011	-4,0829
-31,1569	1,6186
-27,7488	-11,7507
-52,1283	-6,9664
-24,5374	-2,4445
-35,8100	1,5532
-19,4912	9,2206
-41,6425	-20,3358
-12,1513	-4,5414
-29,5838	5,4850
-12,2168	-7,3598
-30,6978	-5,1315
-4,6801	0,7012
-22,5713	-5,0660
-10,1852	4,0436
-15,5588	-2,2478
-26,7658	4,4370
-20,7359	6,9927
-20,2121	2,7331
-15,8864	5,6822
-26,7001	17,4131
-4,8765	2,6019
-34,3022	7,5827
14,1290	-0,0196
-19,9500	1,6845
3,7089	11,0559
-3,1726	-10,3088
15,9638	11,5803
-2,4515	5,9440
10,9832	-17,4522
-8,6773	0,9634
-3,5002	-8,8016
-7,1043	-20,4667
-2,2551	-1,0028
-9,0706	-5,7216
-21,9815	-5,4593
-1,5995	-4,9351
-31,7466	-20,8604
-6,4493	-13,3891
-27,1591	-10,6370
-11,8233	-29,1177
-23,1612	-14,5032
-0,6824	-15,6831
-22,8988	-16,6004
8,4928	-5,1318
-5,7284	-14,0446
0,5628	-9,5880
-11,6918	-3,1658
-2,1896	-10,7021
-0,3542	-9,1948
-4,8767	-11,4885
2,2017	-7,2288
-15,3624	6,5992
-5,5971	-18,5009
-29,1248	-3,7553
8,3620	0,8319
-20,0154	-22,1710
10,7866	-5,6558
-14,1826	-9,1295
4,7572	-16,9280
-20,6706	-2,4446
-0,0925	-3,3622
-16,7383	-3,2309
-14,1828	1,2909
-5,9905	-13,1268
-9,3332	-12,0126
-9,9882	-1,7891
-20,1466	-12,3404
-1,2064	4,5679
-28,4041	-4,4107
-4,8763	-3,6897
-15,5591	-3,7555
3,7741	-12,1439
-27,4210	-14,5031
1,4148	-7,2289
-21,2606	-21,3845
12,1625	-18,3042
-23,6199	-14,8309
2,6599	-10,8331
-12,3477	5,3541
-13,9862	5,5507
-5,7938	-4,2138
-7,6949	8,7621
-5,2039	-2,2477
-14,3793	16,9543
1,8085	9,5488
-16,4108	19,9036
21,9935	15,5780
2,3979	10,7941
24,8114	12,4326
1,0874	24,6221
25,6633	7,2550
8,2964	13,9398
17,6678	8,7624
-9,4634	6,3376
15,9640	14,4640
13,4083	8,6311
0,8250	-3,1651
-9,7912	14,9883
-3,8280	-3,8862
-11,0365	7,7138
-19,8187	27,3087
-3,6310	-0,7406
-18,9012	5,3544
8,0341	9,8763
-20,9984	2,9295
15,6361	14,3328
-14,7723	0,2425
13,3425	3,8471
-1,7963	13,4808
7,9029	-5,1969
-5,3349	-0,3470
3,4465	-1,3959
-4,0241	0,4393
10,4589	14,8570
19,1099	-9,0636
-5,3353	6,2719
4,0370	7,3202
-1,9930	-17,0589
7,2481	6,7962
-10,1849	2,2740
6,3304	0,6359
-14,8379	21,6073
25,3355	4,2402
-22,4402	11,3841
8,5584	20,6898
-19,0976	2,6677
4,9538	23,2461
-11,8232	39,3675
-10,4472	13,0879
-12,7407	29,2752
-22,6370	17,8065
-12,8717	23,4427
-30,5013	41,6614
-19,6874	21,4763
-27,6176	13,2846
-6,3839	23,0493
-39,8071	10,9251
-3,2380	9,6800
-19,0323	5,6823
8,5582	11,6461
-16,6728	19,7067
18,7818	-0,8059
-18,7043	1,0294
23,9594	16,1023
2,3983	-1,1993
10,7211	2,6019
8,4279	2,6673
0,6942	-5,4591
10,3285	-0,0853
-5,3351	-23,3505
19,9622	-9,6533
0,2354	-0,8063
16,6197	-16,0760
-14,3789	-0,1507
13,8670	7,8445
-8,2841	-1,9858
11,9663	2,7329
-9,7916	8,1723
8,8204	-11,0296
-11,6921	10,2697
8,0995	0,6357
-4,0899	-1,8546
-1,0099	7,1893
8,3621	-17,1900
-8,8741	1,4221
16,2921	-14,6998
-2,0583	-2,3133
9,2797	9,1551
-2,7790	-15,8793
18,4546	4,8956
-3,7621	3,4537
23,8939	-4,0827
-3,3689	12,7599
14,3257	14,3327
10,9835	0,5704
21,1411	8,7624
-2,0581	5,0924
12,6871	7,5827
3,7747	15,4470
-3,5002	3,7161
1,2188	13,4811
-1,2064	21,9348
17,9958	4,5681
-9,1363	19,7723
16,6195	4,5025
-11,6266	1,8812
8,7551	16,4956
-15,8863	13,6120
19,5029	22,9181
-0,9443	16,9543
4,2329	3,5851
-2,3204	21,7386
-7,9570	12,5634
-19,9494	11,1219
-10,7749	14,7261
-6,9080	12,6946
-18,5738	23,5080
-9,9226	22,2627
-14,6417	12,3013
-18,8356	24,0978
-17,9838	10,7939
-0,4201	4,3716
-17,9837	18,3961
13,0147	-3,4930
-18,4423	-7,1628
14,9810	10,1384
-3,3690	-19,7461
5,4126	-5,7213
-5,7280	-13,3237
6,3956	-19,8772
15,7021	-8,3430
-11,0370	-13,6515
-5,4002	-16,1417
-0,0267	-15,8797
12,7531	-19,1563
-2,5170	-3,6899
17,7994	-5,3285
7,0513	-15,7484
14,2603	0,9633
-5,3348	-16,4039
25,1392	-4,6071
4,7576	4,6332
16,3572	-15,2897
1,0877	-4,3449
20,6825	2,8638
-8,1529	-10,7676
1,8083	0,7668
3,7747	0,5701
-4,6141	-3,9517
21,0107	6,5340
5,7405	1,4876
17,2753	5,2888
14,5881	13,0874
31,4965	-3,6897
11,5736	0,1771
40,6716	15,0534
23,7631	-10,4399
35,2975	7,5826
19,8967	-11,5540
32,4138	-2,6408
14,4572	15,1191
24,6805	-2,5757
13,0809	3,1262
18,3235	5,0265
12,2945	-4,8692
1,4806	17,9372
16,0301	6,3372
2,7257	-3,2307
6,5929	27,1778
11,8353	8,1724
26,3186	11,5804
-10,8400	22,8524
14,7846	-2,3132
-2,9756	8,3694
38,0497	19,3135
2,5948	3,0609
13,6049	17,3475
8,2968	1,4878
6,6580	-2,7063
6,1342	15,2503
13,9980	-0,2162
11,9012	8,5001
2,8569	11,0558
16,4231	-4,4760
-12,0852	11,2527
28,0228	8,1069
-10,5780	17,2164
16,8817	23,2456
-7,4323	-6,1799
18,0611	14,3331
5,0195	22,8524
10,8520	-1,3957
-13,7236	6,5998
9,4103	4,3714
-0,2233	-0,4782
-4,8766	17,2818
6,3304	-7,0976
-0,5513	-0,5437
-1,2717	6,9924
-10,7092	-12,3403
12,4907	7,1893
-19,4255	-10,6367
10,4590	-11,0951
-7,1048	7,8446
-1,2066	-8,0807
-20,7361	-15,8137
3,7086	-6,5732
-13,8550	-12,9957
-13,9206	-4,8037
-10,4468	5,6818
-5,3357	-13,8478
-31,6804	-2,4444
-12,9376	-1,0027
-3,5658	4,3058
-22,1782	5,2886
-4,4176	-6,5732
-23,6855	1,6844
2,7258	-3,8208
-20,6708	-16,9279
5,7403	2,3396
-6,1873	-11,6853
10,9175	-16,5346
-15,2309	-4,1487
15,3083	-17,1902
-18,1146	-20,4014
0,1696	-11,2920
-11,8886	-26,3653
-10,5129	-4,6730
-8,6775	-24,3993
-28,3386	-15,2896
-13,0030	-2,0516
-42,8876	-20,5326
-19,6220	-6,3111
-37,5793	2,2084
-5,2699	-8,9981
-34,8923	-5,8523
-4,6147	-0,2163
-31,3533	-5,4591
-3,3694	7,1239
-14,3794	-4,2796
-6,1221	4,2402
-18,0493	9,3519
-16,3457	-10,0466
-19,8842	4,8301
-25,8485	8,1723
-24,7995	2,4052
-34,8269	10,7939
-24,4064	6,9271
-56,0604	4,5680
-20,0155	21,2794
-53,3735	5,7475
-17,1975	0,7670
-33,7128	28,7506
-14,9039	2,7328
-29,5838	2,3399
1,6111	9,4176
-25,8482	8,3036
-9,9232	5,2889
-18,3768	1,4223
-8,4813	0,5049
-8,3497	11,4491
-15,0347	-24,2679
-3,1722	4,5680
-4,2868	-13,4547
6,1338	-9,5224
-20,6050	0,7009
15,3745	-30,8874
-3,8278	-20,7292
21,2726	-13,5207
-2,1892	-41,8320
35,1661	-39,7348
6,0683	-24,5308
20,6828	-48,7135
15,8989	-26,1690
25,2047	-31,5432
13,4741	-34,2298
16,2263	-15,4212
4,4958	-37,3755
2,8570	-23,9402
3,4472	-0,9374
-15,0998	-4,9350
8,7555	2,7328
-14,1827	1,4222
3,3811	9,3521
-32,9259	5,7475
-4,3524	6,6651
-38,4966	-1,8546
-4,2871	-0,7405
-44,1983	-10,3744
-17,6565	-5,7868
-32,2706	-16,6658
-24,8000	-16,6657
-24,1442	1,5531
-24,4722	-21,5811
-22,6367	-6,4421
-25,1273	-2,4448
0,9562	-17,7799
-21,5884	-4,2796
7,9688	-3,6899
-14,0517	3,5192
13,2115	1,0943
-14,1825	-4,1485
14,5222	-5,1313
-8,8086	10,9248
13,8668	-5,3282
-9,9227	0,1771
-0,0269	9,0896
-8,0875	-6,3767
-2,5175	-1,3959
-12,4784	0,1768
-3,1072	-2,2479
-3,9589	3,1260
-32,0740	8,3033
0,8910	8,6965
-18,5737	1,3566
10,3280	-1,1335
-17,1973	16,2989
8,1652	19,8376
-13,3962	-5,6555
14,2600	19,3137
-6,9736	5,0922
9,0171	13,6776
-6,5803	18,0027
5,1504	-6,8352
-8,2840	6,3376
8,5583	24,3596
0,8909	-7,3596
-12,3476	10,2698
1,6774	13,6118
-11,6267	9,1556
11,1145	19,1824
-20,7362	7,3204
7,8377	8,9591
-12,4130	20,4277
17,4057	3,2574
-8,9398	18,6583
12,2283	11,6460
-13,2651	14,2675
-0,2892	19,1170
-16,2141	5,2234
-10,1852	-1,6577
-12,0198	13,8087
-16,8042	4,5024
-13,3960	13,4809
-16,0176	11,7112
11,9664	-5,2625
-19,4254	14,3982
10,8526	-6,3766
0,1699	9,2864
19,4375	1,4220
-1,3373	-11,2263
11,7698	-0,7406
-7,8253	3,7159
11,5730	-2,3134
-4,5486	3,3882
3,6430	-3,7552
-1,9928	-0,7403
-18,4427	21,4104
-0,2888	4,9609
-17,1976	-3,9518
-6,6457	-2,6411
-18,4427	-16,7312
-1,4684	4,5678
-16,6732	-5,0661
11,1145	-12,2093
-16,3453	-1,2650
9,9347	-11,7506
-14,6412	-10,7020
6,2647	-3,8210
-7,9567	-22,0398
8,5582	-5,4591
-19,3598	-13,4547
-8,7434	-13,0611
-23,2264	4,7643
-14,5761	-10,5054
-13,9861	6,3374
-30,6323	1,9463
-5,4663	1,2257
-31,7466	10,7937
-0,8133	5,6819
-25,7828	4,2404
0,3663	13,4808
-9,3332	10,2041
8,5581	11,8425
-16,7384	12,7599
7,0509	2,0122
-9,9881	13,0877
13,1458	14,3327
-2,9757	7,2550
9,6724	8,2379
-2,1893	-0,2817
-7,4979	0,7013
1,7429	6,0096
-16,8040	-18,6974
5,5440	6,4030
-18,5080	4,3054
14,1946	-8,4739
-5,4665	-6,4421
6,5923	-1,3962
-17,1316	-4,4106
12,2939	-1,0029
-3,3691	-17,3212
6,5266	-1,2648
-15,4275	8,7619
10,6553	-10,3089
-18,5077	2,2086
-20,4741	-6,8355
-16,0829	-10,0466
-21,7195	2,3397
-10,8401	-2,6411
-28,5352	-4,3449
-5,3350	14,1361
-30,1080	-9,5878
-1,7962	4,7648
-18,8357	14,0706
12,3594	-3,8860
-13,8549	10,7285
12,2937	-0,4782
-10,9057	0,2428
-2,1242	13,6120
-3,1068	1,4878
1,0870	14,0053
-16,0174	13,3496
-16,2142	8,4346
-12,2817	22,6558
-17,2627	18,1993
6,3304	17,5442
-11,1680	37,1392
9,1484	15,7745
-10,9056	13,2845
17,2094	19,8380
-11,3643	11,5805
26,3188	18,9860
14,1291	18,0684
27,1706	14,2018
6,5928	7,1239
34,4451	10,2041
14,7192	8,3035
15,5054	-1,0680
16,1612	5,8787
5,2163	11,4492
14,1296	2,6018
0,8910	-6,3765
17,2098	8,9589
3,7091	1,1599
28,5472	4,7647
1,2187	5,0265
29,2026	-3,2964
9,4107	-2,5099
33,3968	7,2548
2,3329	-6,9009
29,4646	7,9102
19,6343	-8,6049
10,7867	1,4223
8,3623	5,7473
6,3303	-11,6196
12,8187	-11,4228
-2,1239	0,9633
18,8480	-7,9495
-10,4470	8,8276
-0,9437	-1,9860
-11,5610	1,4877
4,7576	2,4050
-14,3791	-14,5687
7,2478	1,2256
-20,9326	5,6161
15,8328	-15,3553
-5,5316	-14,0443
18,7162	-13,5857
-7,0389	-10,3744
6,1337	-3,9520
13,4083	-26,1685
5,8059	-5,8524
19,8310	-5,5249
10,1312	-23,4159
9,2143	-7,6874
4,7575	9,1550
27,6296	-6,3768
-7,0390	-14,1100
17,4716	-7,8840
-4,1554	-2,9034
30,5785	3,8467
2,1360	-11,7507
18,1266	-6,0489
-2,5824	-4,6728
10,1313	-14,1755
4,6921	-6,5732
6,7889	-17,4522
-1,7958	-4,0172
-12,4130	5,2886
11,7701	-10,0466
-10,3815	4,7645
12,9496	-0,0853
-11,4956	-11,6850
5,0852	-5,5901
-14,4446	2,7328
7,1166	-7,9495
-9,6605	11,6457
16,4226	-5,7215
-6,2527	-11,5537
3,3809	5,7476
-7,1700	-10,1777
12,6215	3,7817
-1,2718	18,1993
-9,2673	0,8325
4,3646	15,3814
1,9391	8,7623
5,8062	22,5904
-10,3159	18,5270
13,0151	2,5364
-12,9373	11,3839
15,3089	16,6920
-7,6944	7,1894
21,0760	0,3737
5,9371	2,9295
28,0226	-5,4589
12,0321	9,7454
24,4836	4,5679
13,4085	6,5996
19,3064	16,5608
24,2221	-14,6996
15,5709	-6,1797
19,1104	6,8616
9,3452	1,2256
34,5770	8,6309
20,8794	-10,5710
36,7395	-2,8377
27,1710	-0,4130
35,0354	-13,6512
13,8019	0,7013
48,7978	-0,2820
16,1612	-9,9155
45,1277	-2,2477
8,4280	-0,7406
23,3045	-0,9371
19,3070	5,2232
21,6005	-8,9981
29,2685	2,1432
23,0421	4,3055
27,4991	-7,6217
23,3044	2,1431
43,1620	-2,5757
10,3284	3,0605
35,6256	7,4513
17,9306	-9,7846
51,9437	-0,6750
19,0446	-1,2650
29,3992	-13,1269
17,9307	1,4220
24,0250	-12,4061
10,9838	-12,8646
14,9155	4,5021
16,4231	-18,3044
8,0995	-6,7699
4,4299	-5,7216
-14,6412	-18,3699
5,9373	-17,4523
-13,7238	-0,0201
9,9350	-32,0013
-2,8448	-8,0151
10,3281	-10,5058
-1,2061	-19,0252
25,6634	-3,4278
5,6096	-22,1711
31,5616	-5,2627
5,3475	-7,9499
16,6850	-28,6591
7,3137	-5,9180
6,4614	-12,6029
18,5858	-29,1832
14,3910	2,4050
9,5418	-17,4526
-14,8378	-12,0783
14,3915	2,2738
-15,4279	-20,0083
4,2332	-17,3212
-22,0470	-0,8062
5,2814	-11,4886
-34,2367	0,0457
2,9875	-11,6851
-22,4404	-3,6242
-4,2216	6,6647
-24,9306	-10,7023
-8,5470	-15,0274
-22,9646	-6,6391
-26,5038	-23,5472
-23,4230	-6,5080
-21,7850	-24,3339
-0,7478	-31,6080
-27,8800	-14,3724
-0,2889	-24,5304
-20,4088	-23,4818
-8,4154	-11,6854
-19,5564	-33,9020
20,4856	-18,6975
-15,8210	-17,1249
11,0487	-13,9135
-15,6243	-8,1466
9,6067	-36,7199
-6,5148	-18,9596
-1,4033	3,8466
-11,6264	-17,5181
-4,1557	-8,3428
0,5632	-0,4787
-12,4786	-15,6172
7,3790	17,9370
-9,3329	-1,7238
17,1439	0,3737
-2,7137	16,3643
26,0568	1,1599
3,4469	-1,6579
30,0544	-0,6749
5,8064	-6,3764
31,0375	5,8131
16,8165	-14,9618
27,8261	-8,7356
26,9090	1,7497
19,4375	-14,1099
25,1397	1,8809
14,7190	1,3563
18,1929	-2,3791
-0,0919	5,8128
22,2561	-22,6297
5,1510	-5,4592
28,4161	-9,7846
2,4640	-9,0638
38,8363	-13,0614
-1,1407	-12,1438
29,2024	-5,9180
3,1192	-3,4930
11,4422	-2,9033
7,9689	-5,0002
4,1021	12,1700
5,8719	-2,9032
-0,0268	-7,2284
9,2797	12,6943
-12,7407	-16,6658
5,6752	-6,0487
-8,5465	4,5021
7,3789	-14,4376
-12,5442	-6,5734
4,0364	-11,7509
-23,4232	-9,9158
8,2961	-9,1951
-25,5860	-25,5789
0,4972	-22,8918
-24,0786	-12,9961
-12,7411	-20,4670
-15,8211	-13,6513
-16,8699	-9,6536
-14,3792	-10,6365
-15,6903	5,4851
-15,5588	-14,7653
-25,7827	6,8617
-9,3984	9,9416
-35,3509	-9,9810
3,4467	1,0291
-29,5183	12,6943
1,8736	6,7306
-19,8188	17,4130
6,2644	-3,6241
-14,5759	1,8812
-5,6632	13,7431
-18,5078	9,4175
-12,8066	-9,9153
-13,4616	10,6628
-18,2462	3,4538
-19,0977	5,6819
-28,9940	-16,9933
-15,4278	-5,5245
-36,8582	8,1722
-9,2674	-17,0590
-31,8775	2,5363
-0,9443	7,5822
-21,5227	-6,5079
6,3302	2,9294
-11,8232	-3,1656
9,4104	-9,7844
-1,8616	9,1553
19,1751	-16,3380
2,3328	-4,6068
7,1167	10,7282
6,0685	-3,2307
5,8060	14,0707
14,9814	0,3083
7,8377	-4,3447
26,7122	16,8889
1,2842	4,2404
22,9113	10,4008
-1,8615	19,8377
29,1371	4,8301
-0,4198	5,4200
20,5518	-3,2964
0,4323	-9,9809
23,1073	8,1724
-9,4637	-0,0853
4,8230	-16,9933
-0,6819	-2,7067
-2,7139	-17,2556
-5,6626	-8,9324
-15,6244	1,3565
-1,6648	-7,1631
-14,3136	5,2232
13,4083	-12,9302
-6,3183	7,1894
16,4884	13,5460
-1,9273	-22,3018
22,5177	10,4662
-8,0221	5,3540
21,7313	-24,5300
10,9178	-3,9517
19,4373	-9,7191
-4,7451	-9,5878
11,3765	7,1236
5,9372	-16,3381
-4,6800	6,8618
4,4956	5,5508
-0,8134	-5,1969
-1,7304	9,8764
-11,2988	12,6942
22,3213	-1,6579
-0,8787	13,8086
25,2702	-4,0828
-7,9564	12,9567
26,7776	7,5825
6,3960	-11,6848
22,7797	9,0899
7,4446	-0,1509
18,9130	-2,7065
-1,9270	5,2886
6,0025	-3,5588
-8,4148	-10,4400
3,6434	2,6016
13,8673	-10,3746
-6,8423	-17,7801
18,6514	-14,7655
-19,8838	-11,8164
31,9552	-8,2120
-7,2355	-12,2753
24,0909	-20,2704
2,7916	11,1866
21,1415	-23,4164
0,1702	-14,1100
20,2239	-9,9816
-1,8615	-23,8094
12,4905	-11,6852
-14,8376	-19,0909
-4,1556	-12,6027
-8,3497	-5,7217
-8,5468	-23,4161
-6,8425	-12,9957
-30,4357	4,1743
0,3010	-16,1417
-31,3532	-3,9516
13,5390	0,5046
-28,7317	9,8107
-3,7623	18,3303
-21,2605	-6,9010
7,4441	-4,5413
-10,6437	19,4446
-2,9107	-18,5008
-13,9859	1,0948
-14,8383	1,0944
-13,8547	0,2424
-8,2848	5,2231
-18,3113	-19,5495
-19,0980	2,4708
-4,1556	8,3030
-31,0255	-18,9597
2,2016	-2,4446
-20,1464	2,4049
15,1121	-9,5881
-7,6290	-1,4616
23,4351	-0,7407
-4,0244	-11,2920
26,5810	-1,4615
8,9518	-19,1563
16,6195	-13,2578
18,1272	-6,3113
17,0781	-15,8794
16,4232	-6,7044
13,9981	-8,9327
17,0786	-14,0444
5,7406	-2,3135
30,3168	0,6355
5,4129	-8,6704
29,7924	11,2523
0,0390	-9,9157
23,3699	-6,3110
10,7869	-3,2967
29,7267	-12,3403
5,4786	-4,3451
19,0442	-15,8794
8,0347	-2,1168
19,5028	3,3226
-5,2691	-15,2896
14,5878	-3,0341
10,2627	5,0265
-5,4006	-17,0590
17,5372	3,9782
-10,5125	7,3856
25,9914	-7,5563
-4,8764	-9,6535
17,2094	-19,8770
-1,2718	-6,8354
23,8940	-11,6853
-0,0921	-15,5517
25,6633	-16,6659
-4,3519	-13,3891
21,6656	-6,0491
-7,4976	-2,5757
4,6918	-14,6341
-7,9563	-3,4273
-8,9396	12,9564
-9,3327	3,7160
-11,1025	11,3838
6,5924	11,9081
-38,1033	18,7895
4,2987	29,9959
-18,9015	6,7309
-0,1581	4,0442
-33,8434	31,5033
0,7595	3,2573
-19,9498	14,0055
3,3152	13,9394
-18,0491	-0,6092
-1,2723	4,7647
-6,1871	-4,0828
-12,4134	-0,1505
-13,9856	19,0511
-6,1218	-10,5711
2,9224	-3,5584
-24,4717	7,9755
-2,8444	-11,3575
-14,0515	-13,4545
12,5563	-3,4277
-16,4107	1,3564
20,0274	-7,5566
-4,0245	-16,7314
17,7990	-5,5248
-4,0898	-2,3137
22,1243	-9,1294
5,0852	-13,7167
21,3379	0,0457
11,4423	-15,0274
6,2647	9,1555
9,8041	-7,6219
5,6749	-2,0508
19,5034	29,9304
2,8569	6,5996
26,6467	14,0055
8,4275	32,5517
28,9403	7,3861
-0,8129	16,6268
36,1494	7,9104
9,2140	4,3060
24,2873	4,7645
12,0978	-22,3017
19,1753	-0,0850
0,1048	4,8297
12,0319	-24,8579
-1,2060	-3,9518
-2,6483	-9,9159
-1,4027	-16,8625
-21,0639	0,2422
-1,8615	-21,7778
-16,8697	-9,0636
0,6941	-0,6097
-28,4693	-24,7268
6,7890	-7,9495
-17,7870	-6,7702
16,2918	-19,8115
-8,9396	-10,8333
11,3765	-14,1757
5,3474	-24,2680
1,2184	-5,8526
4,8889	-9,1951
7,1165	-15,2242
5,2820	-11,0299
-1,8618	-11,6853
10,3283	-13,7169
-8,0877	-17,9768
5,4132	-12,2096
-8,3496	-9,5227
31,5617	-20,0084
-10,7745	-13,9135
24,7460	-14,5690
-3,8276	-17,7145
18,7165	-14,2413
-5,9902	-21,7123
27,1051	-22,4331
2,5293	-4,0832
8,2963	-24,2027
-4,2208	-13,7169
7,2476	-3,9523
5,0853	-26,1033
-17,6561	-18,6320
-4,2207	-5,0663
-9,5296	-11,2922
3,5122	-8,1465
-30,3699	-28,0693
5,7404	-15,1586
-13,6583	-2,1827
10,4588	-18,8288
-13,8550	-24,1370
4,6918	-6,9013
-15,2965	-16,7972
9,4102	-21,5157
-15,8864	-22,8918
-6,6461	-21,7121
3,1191	-5,6560
-18,3116	-8,0808
-7,6943	-6,1802
-22,3093	-13,0614
-4,1555	-14,3720
-26,0448	1,4876
-4,7455	-5,7214
-30,0425	-7,8185
6,5921	7,7789
-26,1758	-7,1633
3,5775	-22,9573
-10,7748	-8,9983
14,5872	-23,2852
-20,2119	-14,8965
-15,3625	-12,9961
-14,7722	-20,1394
-15,0350	-2,1171
-17,0661	-21,7778
-16,2802	-7,2941
-15,8210	1,6186
-35,9408	-10,9642
-1,9276	3,5194
-46,0334	9,6140
-11,8890	-7,6218
-23,5547	3,5194
-11,8893	3,0605
-29,7149	-6,1799
-3,4352	1,9465
-24,0131	-9,4568
-7,1706	-0,6748
-15,0345	7,5169
4,0361	-5,3280
-3,7622	-2,2478
-14,3137	-4,2140
7,2482	-8,9324
-1,2065	15,9710
16,0299	-0,7408
-8,0876	-0,9371
24,1564	7,5825
-4,6141	-3,4277
19,4377	-4,4761
-1,8615	5,4197
33,3310	-8,0151
5,0851	-0,6095
18,3232	-9,6536
6,2649	-10,3088
19,6994	4,8298
11,7043	-17,3212
6,3957	-10,1776
8,2311	0,7665
4,0365	-13,8479
15,2434	-3,8207
-5,5319	-4,1488
6,7893	-10,1777
-16,3452	0,7009
8,5585	-20,2704
-24,0130	-9,4568
-1,0753	3,1258
-25,5859	-13,9789
12,0315	-7,4909
-26,8967	-17,6488
-7,7603	-4,1483
-15,0345	6,7303
-7,1706	-6,8355
-18,1147	-3,9516
-13,1342	4,5678
-7,8253	5,0267
-12,9376	10,3352
-1,2062	5,3543
-18,2457	-2,3130
15,4399	10,2042
-10,3815	1,0946
14,7188	16,8232
-22,1779	13,4807
20,2893	-2,7722
-24,5373	1,6842
9,4758	-4,4107
-16,9350	-13,5201
5,6089	-10,7675
-18,8355	0,3079
-8,2190	-2,6411
-3,8279	4,9610
-23,9477	-6,0489
-11,4298	9,2867
-20,9330	20,5585
0,1043	10,6628
-30,9600	27,7675
-5,7939	11,9735
-33,1227	11,4495
-0,5512	23,3768
-30,5668	-4,9348
1,0215	6,2067
-23,7511	14,2017
-8,2192	-10,3740
-28,6661	17,6098
0,9559	6,9927
-23,6854	-0,4780
-17,9183	24,8841
-16,6073	-7,8181
-25,9795	10,0079
-20,3427	34,5179
-32,7296	3,3885
-16,9351	19,1173
-39,0209	20,4932
-9,0053	8,5659
-17,4597	12,6946
3,6429	8,1069
-14,9036	14,5951
7,3785	7,1238
-15,8865	-3,2306
0,9561	6,5343
-13,2648	14,7260
6,5922	11,1217
2,8570	23,4425
8,2305	6,4032
-0,4198	17,2170
-9,6606	42,3168
7,9034	17,8721
-10,4472	27,2439
7,9687	36,2875
-27,7485	11,1875
5,6094	21,2145
-19,2944	20,1657
6,5922	18,3306
-20,6706	20,7554
12,2938	3,1917
-2,8448	9,8109
-2,4519	14,4636
-3,3031	-5,6558
0,4317	-7,0319
2,4639	5,3542
-11,1680	-13,4546
8,9521	-7,5562
-12,2820	-9,7190
13,2118	-4,8694
-7,4980	-7,8186
11,0489	-9,0638
-13,9204	-7,6220
15,8329	-5,9837
-16,1486	-18,5010
10,0002	-10,1124
-15,3620	-19,0254
13,1459	-21,1879
-0,1577	-8,2119
5,6748	-32,4602
6,6582	-11,8162
2,1360	-4,8697
-0,0262	-12,9305
5,2818	-6,3767
30,4479	-6,7700
-6,7114	7,9101
22,8457	8,1721
3,5778	-8,1461
24,2217	15,7745
0,3665	7,3203
24,4837	-6,7042
-1,7306	4,6336
9,8036	16,2333
0,9565	3,5194
9,7378	17,2821
0,7598	1,6844
-9,0053	9,4834
-1,2717	27,7677
-15,1656	-3,0342
-6,3180	14,0710
-17,7215	23,7043
12,0976	-2,4443
-19,7532	15,9713
8,1654	1,6843
-9,0053	8,3692
10,8522	16,2987
-4,6798	-16,9278
8,7551	-4,8036
2,2016	4,6988
16,6191	-7,2942
-0,0266	-11,2919
6,0679	-13,5202
-5,1384	-14,5032
3,0533	-3,4278
0,3666	-27,2828
-15,8867	-12,3405
-12,8060	4,5674
-22,7023	-18,8288
-0,7475	-6,1146
-21,3262	3,3223
-4,0900	-2,1170
-30,6977	3,7813
8,8204	-15,7483
-27,1589	-5,6556
-4,5490	14,5291
-22,8335	-14,3067
-3,9594	-15,2892
-29,0593	-3,3622
-17,0666	-15,0275
-26,4378	-1,0683
-23,4236	-2,4448
-17,3939	-8,9980
-26,6349	-0,0199
-10,3161	-4,6073
-17,9186	3,2572
-9,3332	-0,8061
-37,3824	6,4029
5,2158	17,4130
-27,9453	12,8253
6,8542	1,8155
-18,5080	14,8572
-7,4325	-8,2114
-3,8279	13,2189
12,6212	13,0875
-17,7213	-2,7064
-5,5319	4,8958
-4,7451	14,1361
-9,0053	-2,9687
5,4785	-3,6240
-3,9590	2,6675
5,7405	5,8786
-27,1585	10,5970
11,4423	-6,5077
-8,2843	3,5848
21,5346	-0,1509
-4,9419	-5,5247
19,9617	13,4807
-6,1870	-2,9035
21,7311	-3,9518
4,6265	7,9100
11,5731	-13,5201
6,7239	-0,7406
6,9202	-0,0200
4,8235	-9,4570
7,6412	-5,7214
17,9307	-14,0446
7,4446	-8,9982
31,9553	-8,8019
3,5781	-29,7733
36,6083	-30,1663
6,1340	-14,0448
35,8218	-25,5792
11,7701	-19,0255
47,0282	-25,0549
10,1316	-27,4141
39,4916	-23,0233
14,3261	-27,9383
18,9787	-22,1711
14,7849	-5,9185
14,0636	-29,1836
29,7269	-16,4694
0,8908	-17,8458
25,9915	-21,5812
6,0027	-9,7192
28,5472	-18,3045
8,9518	-26,5616
28,2850	-16,9279
-0,9439	-13,5203
38,7707	-4,8039
16,4886	-0,8719
29,2022	-20,9256
18,5859	4,1746
23,8938	-7,0322
11,3114	-2,3132
4,7575	17,8060
18,5860	-14,1753
5,2817	8,2383
6,1996	28,5540
-5,5317	-1,7233
11,9011	11,5152
-12,8062	15,6436
12,8840	22,3941
-12,4130	29,9960
17,8645	8,3692
-18,5734	11,9083
15,4396	19,7068
-9,3328	-0,5437
4,5605	8,9590
-8,0220	6,2062
-0,4858	-4,4104
-1,8616	10,3351
-3,2383	-8,4083
-0,9442	-2,7720
-16,0833	15,5778
-7,7598	0,0458
-15,2967	5,2888
3,8400	17,6748
-19,8186	0,4391
12,9494	13,0220
-5,9251	3,1259
11,5075	-4,0171
-6,2526	14,3327
20,1580	2,6018
-11,9541	1,3569
11,7695	4,4368
3,5780	-4,5414
16,2915	10,1386
13,1461	2,8640
0,0388	2,1430
23,0422	3,5193
5,5437	-8,0151
20,4208	-7,2285
4,2986	4,6333
13,4739	-5,4593
-5,5970	-5,0002
24,8115	0,0458
3,0536	-4,1484
25,2045	10,1383
-7,9565	-0,4785
13,1459	-7,0319
-5,6628	16,3643
-3,6970	-12,9303
-11,3643	2,3398
-2,3209	18,7889
-7,7599	-10,1121
-8,6779	1,1599
-10,1846	-8,6704
-19,0323	-4,7383
18,9132	2,6015
-14,5760	-16,8627
13,4738	-20,4014
5,0194	-3,2967
23,4350	-16,1418
-2,0583	-11,3578
18,0612	-14,1103
3,0537	-16,4039
25,9254	-18,6321
2,1362	-25,4479
15,0466	-18,8286
1,0878	-1,9861
5,4782	-24,8580
3,9713	-12,6681
-0,0923	3,1257