-10,9273	-27,3974
-6,6014	-29,4948
-20,1022	-34,6062
6,5712	-22,8754
-20,3645	-22,0236
-2,5383	-25,4313
-18,3328	-18,3535
-3,3251	-37,4242
-31,2434	-20,7782
-9,2234	-24,5795
-38,5834	-30,1499
-20,2336	-23,2687
-36,5517	-46,3375
-22,3309	-44,7644
-27,5078	-25,5628
-36,5522	-54,9228
-28,0321	-48,5002
-33,0788	-46,0756
-14,2697	-60,1002
-37,0765	-52,1047
-10,0753	-50,9252
-38,0595	-45,0271
-12,6312	-54,7920
-34,5859	-73,6661
-18,9881	-58,1996
-37,9934	-49,9425
-7,7161	-68,5545
-34,4545	-50,5321
-12,9589	-63,7704
-34,7819	-61,4110
-15,3839	-50,0734
-23,6410	-66,1296
-18,1366	-65,2774
-29,0806	-55,1197
-42,3848	-57,4133
-29,6049	-61,8041
-39,8289	-55,3160
-10,4687	-61,8696
-53,3949	-50,8596
-24,0345	-56,3646
-41,4017	-51,1871
-15,2529	-45,9445
-50,8387	-67,3091
-20,6924	-62,0004
-43,2365	-39,6531
-42,2537	-61,6076
-31,0467	-41,7502
-41,2054	-51,5808
-37,9935	-67,7024
-47,6934	-48,6316
-34,7169	-61,8700
-49,6595	-73,8628
-23,5758	-64,6224
-50,4460	-73,3386
-25,6728	-69,7997
-50,3147	-67,7682
-19,7748	-76,3533
-47,3653	-65,8676
-16,4981	-83,8901
-58,5719	-74,4528
-25,6731	-71,5039
-32,9476	-89,0675
-43,6303	-74,3875
-61,5866	-86,2496
-48,3490	-82,7105
-53,1983	-75,1085
-64,0777	-94,3106
-49,8561	-92,6720
-70,8280	-82,3177
-44,7444	-99,4223
-84,5249	-94,1140
-40,2225	-102,8959
-79,1511	-106,5004
-52,6743	-104,0756
-79,2820	-107,4181
-58,7693	-123,0811
-76,7914	-105,6488
-59,8835	-115,6757
-76,9225	-114,6272
-69,9105	-114,4963
-74,5632	-135,4021
-69,3863	-119,8700
-63,4221	-118,8217
-85,0494	-140,2517
-60,0798	-110,1709
-78,7581	-132,4531
-68,0755	-138,5477
-88,7849	-129,7005
-66,7649	-131,4044
-97,7635	-125,5062
-76,8575	-120,0013
-112,7056	-132,7152
-86,8847	-105,0591
-112,3781	-125,2444
-109,8881	-128,9141
-111,8538	-128,8487
-119,7843	-139,7932
-111,3297	-131,2081
-124,1099	-150,4757
-119,4562	-152,2451
-130,9910	-148,7721
-112,1163	-164,8284
-137,8722	-171,7096
-103,7278	-167,2533
-123,5197	-186,5867
-101,8272	-176,8217
-135,5780	-175,2492
-98,8780	-193,3370
-123,5848	-193,0748
-96,5187	-194,4513
-112,8369	-189,2084
-111,1988	-192,8131
-110,9362	-199,9564
-105,1042	-196,2210
-101,5648	-213,9158
-119,5221	-219,8137
-95,6012	-213,3259
-127,2554	-221,9769
-99,0746	-241,5719
-140,4936	-226,6954
-107,8565	-252,0579
-135,3163	-236,0017
-107,1358	-233,5116
-139,2485	-260,2501
-123,7820	-242,3588
-154,3217	-255,4662
-143,7706	-247,6673
-141,2143	-247,1431
-136,2343	-261,7577
-143,7704	-261,6265
-147,1134	-256,2528
-155,8292	-277,8797
-165,1357	-276,7653
-151,9627	-278,3385
-173,3280	-275,2584
-151,7664	-263,1999
-192,5300	-284,2370
-167,2330	-285,1543
-197,7730	-278,3388
-175,9496	-296,6234
-203,5401	-292,4289
-191,4162	-298,9828
-218,6789	-309,9926
-206,8173	-295,5094
-221,3659	-311,7625
-218,9418	-323,6244
-213,3052	-327,1635
-225,6922	-337,6494
-206,3588	-336,4698
-235,9815	-335,9458
-218,1554	-355,9344
-246,1394	-354,2960
-222,5464	-359,0802
-249,1539	-378,2167
-219,6629	-371,9252
-250,5301	-374,0226
-232,6390	-380,4451
-240,1753	-378,5448
-220,7117	-391,0621
-253,2825	-386,6059
-237,2265	-400,8273
-235,1290	-425,8617
-245,5498	-394,5360
-226,9371	-426,5833
-245,7466	-436,7412
-231,8525	-434,8409
-258,5917	-445,7856
-237,6854	-444,0816
-269,6672	-446,1790
-240,6347	-461,6454
-276,8763	-457,2544
-259,0504	-456,8616
-294,5053	-464,8568
-264,2279	-463,2185
-287,6240	-467,2818
-279,4324	-472,5248
-290,5075	-482,8139
-282,5783	-488,8432
-289,1969	-487,2050
-289,5251	-496,3801
-272,6820	-507,3247
-296,6031	-501,6887
-276,3521	-523,7088
-302,8945	-509,6186
-280,1533	-510,5366
-300,1419	-528,6899
-278,0563	-522,0051
-314,9529	-524,7580
-277,7286	-530,9181
-309,9064	-514,4689
-275,5659	-540,7488
-293,1292	-545,0084
-275,5660	-535,8336
-289,9178	-549,0063
-278,2530	-549,0718
-277,9249	-545,5986
-293,8504	-564,0797
-265,6696	-551,4313
-295,0302	-560,4754
-269,5363	-569,5192
-293,1950	-556,4778
-270,0607	-565,3906
-306,1055	-559,6889
-281,2018	-567,4223
-295,4231	-572,9271
-276,7455	-560,2786
-294,8330	-554,1184
-265,4733	-573,2547
-274,2548	-541,2731
-261,5410	-567,8809
-260,4920	-549,9892
-259,5093	-531,7707
-254,2003	-559,6234
-271,2399	-550,7757
-226,7408	-550,8414
-267,5044	-550,1204
-242,1416	-540,4211
-258,2637	-548,0888
-230,8040	-542,5181
-260,7539	-529,6732
-220,5150	-542,1249
-258,8533	-519,7113
-233,6875	-520,7603
-239,9788	-527,5756
-226,8065	-503,1307
-236,6363	-514,4684
-238,4063	-501,2953
-232,5075	-483,0766
-243,9112	-489,8920
-222,3493	-474,9497
-227,0686	-468,0684
-207,4729	-470,2309
-246,7946	-449,9801
-207,8659	-446,3102
-236,8331	-447,2276
-210,2908	-436,8073
-230,5414	-447,5550
-200,0017	-419,6365
-232,0486	-422,1927
-193,7103	-435,0372
-211,6014	-405,4806
-199,4120	-409,6748
-204,6544	-406,7256
-200,5259	-395,3878
-181,9789	-397,5506
-199,8051	-400,8270
-177,7845	-390,5380
-204,7201	-399,7784
-167,4954	-381,7559
-199,8048	-379,7244
-185,2555	-384,6394
-206,6858	-364,6510
-165,5293	-363,3404
-203,4745	-368,3207
-173,0005	-359,6700
-194,4960	-357,9660
-181,4545	-342,7618
-188,5974	-342,4340
-170,7067	-348,7252
-170,4440	-334,8316
-158,6479	-344,8586
-143,6397	-350,1011
-158,3856	-324,7388
-128,9594	-322,2486
-148,6204	-321,1345
-110,0194	-320,6756
-140,4282	-324,6732
-119,1288	-311,8936
-135,4470	-321,1998
-107,7256	-315,3013
-140,7554	-299,1796
-114,2136	-312,9421
-129,8110	-306,1260
-113,8205	-290,5287
-127,7793	-300,7520
-128,6316	-271,9818
-117,8833	-269,6881
-122,4714	-274,7996
-117,6213	-253,2381
-128,2383	-258,9397
-100,5165	-259,9879
-135,3162	-233,7735
-95,5356	-231,1520
-123,5853	-217,4549
-104,6453	-216,8651
-130,4007	-212,5395
-100,8441	-205,1339
-119,7836	-203,4956
-87,6058	-218,9620
-109,8876	-199,6287
-82,2317	-212,8671
-90,4233	-205,7234
-94,4869	-184,2280
-73,5804	-212,6049
-93,5038	-187,8321
-62,3739	-187,7668
-92,7174	-204,1505
-64,7331	-181,5406
-93,7004	-187,5045
-75,8088	-177,0843
-100,8436	-196,4830
-74,0396	-208,4757
-111,0016	-190,6499
-92,8484	-177,9363
-110,6738	-194,3856
-83,4768	-182,9167
-97,1734	-179,6399
-82,2317	-177,6736
-83,4108	-151,6560
-84,1322	-171,7099
-70,9589	-161,4859
-71,6148	-143,0049
-47,8248	-153,2940
-79,8721	-143,7256
-44,2202	-152,6384
-80,0683	-137,6306
-34,7830	-125,5067
-68,1408	-159,4542
-44,6790	-137,6960
-70,4342	-126,0965
-47,1692	-147,5921
-57,4581	-135,9919
-59,3590	-124,1958
-47,5620	-123,5402
-56,1479	-110,1710
-48,2174	-122,2952
-54,8372	-127,8654
-38,7149	-111,0228
-59,8835	-121,2464
-49,9872	-112,9888
-74,3667	-114,9551
-32,4236	-137,2370
-70,6966	-115,4792
-46,9725	-123,4092
-67,5506	-129,6349
-34,9794	-107,4840
-52,9360	-132,6495
-34,2586	-110,2361
-33,2096	-116,4622
-32,2925	-119,0178
-42,3189	-93,2622
-36,0278	-101,7821
-13,8763	-115,1512
-33,2755	-96,6046
-8,3713	-109,1219
-31,4403	-95,4903
-12,2379	-93,3280
-44,4817	-113,5128
-2,5385	-102,5682
-28,0322	-102,1751
-8,4369	-108,4665
-42,3842	-98,3086
-9,3543	-103,4202
-19,0536	-94,6384
-6,9953	-96,6047
-15,7767	-101,0609
-19,5782	-96,6700
-15,3833	-91,6892
-8,1095	-99,5535
-1,5555	-92,9343
-19,5127	-92,4102
-0,7690	-92,4755
-28,5565	-86,6430
7,1608	-91,4269
-35,4377	-87,1670
-5,8153	-77,9265
-29,5393	-79,9580
-4,6358	-64,2294
-36,4861	-67,3752
-9,4855	-74,1906
-28,9495	-61,6078
-25,0832	-61,4113
-27,0489	-64,4914
-23,3139	-62,7874
-28,2943	-69,0132
-35,8312	-60,1659
-16,3669	-58,6586
-42,0574	-60,9522
-22,0685	-54,0054
-54,3780	-59,0516
-29,8674	-57,6097
-56,1474	-45,2234
-24,8869	-59,5102
-61,4557	-48,3689
-33,7997	-45,7479
-53,0671	-49,2865
-40,1568	-47,2550
-43,9576	-41,7501
-35,3728	-47,5173
-28,8844	-42,7987
-39,1740	-51,5149
-34,9791	-54,6606
-40,5501	-43,7818
-22,7895	-63,9668
-52,6741	-53,6776
-14,6629	-51,7771
-38,7149	-59,2482
-10,2721	-60,8866
-50,3145	-68,2265
-22,1339	-40,6359
-30,5225	-46,7310
-10,0100	-56,4300
-28,2286	-36,7693
-15,7772	-36,1796
-9,6819	-53,7430
-23,6415	-38,9974
-17,4149	-37,2279
-20,2990	-25,8247
0,7383	-29,9534
-20,2992	-36,5068
0,0828	-17,1738
-37,4039	-19,8608
-4,0459	-40,6353
-33,0786	-19,3361
-7,7816	-21,3024
-39,1076	-26,4795
-7,2573	0,4556
-31,8985	-24,1204
-1,4900	-0,2653
-3,0627	5,1083
-4,8979	-29,1009
-0,3755	-9,4401
3,2286	-5,7704
17,1882	-13,1101
2,3767	-6,4911
28,5914	-19,1396
-2,9317	-14,4208
14,8290	-1,4449
-3,3246	-7,6052
32,3924	-5,6391
-15,4489	-15,4041
12,2729	-17,5010
-3,5868	2,6183
0,5416	-14,8799
-21,8057	-9,3092
4,0805	-9,5059
-12,0410	-15,2075
-5,3567	-10,2267
-12,6963	-11,7342
-17,7430	-9,8990
2,1804	1,0455
-12,5002	-16,8458
2,9667	-3,2142
-10,0754	1,3075
10,6342	-12,3893
-25,8039	-10,4886
-2,5385	-5,8359
-27,9008	-26,6106
6,1777	-5,3770
-28,3596	-22,4820
1,6557	-21,4334
-20,1019	-22,8754
-7,3883	-29,9531
-10,0093	-25,1035
-2,0801	-28,2493
-8,3709	-25,0380
-14,8594	-8,8507
1,3938	-23,8584
-28,2287	-21,3678
8,4062	-11,6031
-14,3352	-17,9600
15,2873	-9,5713
-30,1946	-12,5860
1,5905	-20,1225
-15,2523	3,7982
3,2288	-4,0007
-17,8735	-12,2581
10,1099	6,3540
-8,1742	-5,4426
7,2918	0,5214
-7,7811	-5,0492
-4,5702	-8,1949
-2,6694	8,8443
-18,9227	-10,2266
-2,3418	-13,8309
-22,0030	1,7664
4,1461	-19,4016
-24,8865	-11,9302
9,7821	2,7496
-27,1146	-14,0276
-3,6528	-8,4569
-32,4227	15,6601
-10,2720	-6,0976
-22,4612	14,8084
-12,6312	7,9268
-12,9584	1,2425
-6,6675	18,7406
-7,5190	1,1767
-4,8979	2,3567
6,8989	14,2185
-11,9758	11,7938
15,2876	19,5926
-5,3566	16,7744
20,6614	22,0175
-23,1822	26,1462
16,9914	12,9080
-21,8715	27,1294
3,4909	25,1630
-22,0679	11,2697
3,4906	25,3599
-21,4126	19,8545
-4,3738	10,0899
-16,6286	17,1677
-15,8425	-3,2795
-4,3078	2,0945
-22,7892	10,7450
7,5543	-7,2772
-17,4809	2,0945
5,5227	7,5992
-20,6263	-7,4739
15,7462	1,7668
-17,4806	2,1599
1,7870	-7,4737
-17,0872	16,6433
8,4060	7,9271
-15,9076	13,6944
-2,9318	19,7890
-10,2059	10,1553
-1,8178	24,1800
-13,0895	5,6990
0,8692	12,8427
-3,9146	28,7019
-21,2818	12,3837
16,0084	8,5829
-11,3859	30,4063
10,0446	21,8208
-4,7667	18,4133
19,9405	29,0955
-14,8590	12,1873
16,5328	36,3699
-3,1278	16,9056
24,7902	23,0663
11,8799	23,1972
21,5789	12,0562
10,7660	21,8866
15,3531	38,7946
23,4143	15,4640
14,0424	16,8403
27,0844	28,1778
19,4816	23,4593
25,2492	16,5124
3,4255	6,1579
20,7271	18,0197
-14,0725	24,7698
15,8774	7,5996
-19,7087	22,2796
4,5396	7,6648
-2,1449	0,9151
9,9132	24,3111
-7,4533	21,3620
13,8454	7,7305
2,4425	18,1508
-4,5046	8,8447
7,0957	12,3181
-8,4368	7,5993
11,8141	0,0629
-13,1554	10,5486
14,7631	-3,8039
-26,7869	-3,5416
-6,2083	5,4366
-30,0635	-5,9665
6,7675	5,0436
-36,0928	7,7959
-8,7644	-1,8378
-26,1968	18,0198
-11,3860	17,6263
-16,3008	4,5848
-16,0391	17,2332
-8,5020	11,3350
-9,6823	14,4808
1,2627	13,1699
-12,9590	-0,9201
-6,0119	20,9033
-26,6558	13,6286
12,2727	-4,9834
-26,1970	14,9394
4,8672	-3,9350
-21,2161	5,8300
6,7678	14,2839
-9,4850	-6,9497
11,8795	14,9394
-10,1403	9,3686
15,5494	-4,5903
5,9160	14,0218
13,4521	8,1889
8,4718	-4,8524
-6,6018	14,2840
9,2583	-7,4085
-12,1722	15,5948
22,4963	20,5751
-17,0876	-14,1585
7,0955	6,2886
-29,2771	-2,6244
3,0977	-3,5417
-26,9833	-2,4277
4,1459	-7,2118
-22,6582	-1,0513
-28,2945	13,0386
-32,0296	-8,1948
-23,3795	12,6455
-26,2627	-10,2922
-43,1058	-4,7213
-14,9250	2,8150
-38,5183	-15,4694
-7,5194	-8,0638
-24,8213	5,8297
-5,7499	-8,6538
-30,9814	-1,7724
-0,7691	1,8975
-24,8209	-10,6196
-5,5533	16,4466
-28,7529	-0,1339
-12,7623	10,6797
-25,9347	19,4613
-17,3498	2,2257
-14,1382	18,5442
-9,8789	14,5463
-1,1621	7,0100
-11,9104	36,8286
2,6392	11,0073
-4,3081	13,8258
11,6177	21,0999
1,5248	13,5633
23,2829	21,3621
-12,7618	16,5123
7,6855	6,4855
-8,6330	31,5857
9,6513	20,3788
-11,7133	13,2358
-0,7691	26,8015
-17,0218	10,9418
-18,3328	12,6461
-11,1236	21,4277
-15,3840	17,6265
-8,6989	20,3135
-31,3093	9,6966
-12,8277	-7,0804
-28,4257	2,3567
-5,6844	4,0604
-40,0910	2,1598
-12,2381	-6,2288
-44,4163	-13,8964
-10,9275	-4,5247
-49,8557	-2,6244
-25,5420	-2,2966
-42,9742	3,7981
-22,4619	-11,6028
-39,8286	-1,5102
-35,8312	0,9800
-26,1969	-2,6900
-25,3456	-6,6223
-17,2842	-2,2968
-33,5373	-18,5497
-5,8807	-11,5373
-21,0200	-15,6007
-1,6209	-10,4887
-33,0783	-4,1975
0,6728	-14,5520
-28,0319	0,6524
-4,8978	0,5865
-25,6725	-19,4016
-0,9657	-9,9642
-28,0972	5,4363
-3,9803	-10,2922
-7,8467	-4,5249
0,6726	-9,7679
10,5689	-7,3430
1,0002	-8,3261
13,7802	-14,3553
-2,2765	-2,1656
21,5791	-8,5227
-6,6673	-12,5202
11,2900	-4,1972
-15,5142	-8,5881
21,9721	-11,7992
-5,8151	-7,5394
4,9982	-10,3576
-22,3299	0,7836
2,5733	-0,8551
-14,2692	-11,8651
-4,4393	-4,1319
-18,3982	-8,0641
-18,5296	-21,3022
-15,2527	-15,0108
-41,1396	-16,6491
-14,4663	-4,8526
-35,0450	-0,5929
-18,2676	-18,4184
-42,3194	1,1114
-18,9886	7,5991
-53,1983	-1,6410
-23,3793	12,0557
-41,0740	0,1938
-21,8066	-0,2647
-38,3868	14,9393
-20,6268	-2,1654
-13,6797	-2,5586
-20,1681	11,1382
-14,9246	-3,4106
-27,7045	6,9439
-5,6841	2,8805
-19,2504	6,4195
6,7675	-7,8016
-19,0539	-2,4275
-5,2255	8,3857
-34,7167	11,4003
0,2795	2,8808
-36,1583	17,8230
4,9980	-7,7361
-28,7528	4,1917
-6,5363	14,4805
-14,5314	-2,4932
-13,0244	-2,8864
-7,9776	1,1766
-6,3399	-19,0738
-2,4726	1,2424
-9,2233	3,0115
15,7462	-17,5665
-18,4639	6,0265
13,1903	6,6162
-20,3643	-5,7042
9,6513	8,7137
-21,2816	2,4878
9,0614	27,2604
-21,8058	18,9371
8,5371	12,4492
-4,2422	11,4663
10,7653	18,5440
1,4596	23,9835
5,4568	24,4421
-6,2734	-6,6218
5,3260	23,5250
18,3679	20,4443
-0,8999	4,1260
32,2615	1,9634
6,8987	6,8129
30,4920	2,3565
-3,3247	3,2083
23,4141	-17,7630
-3,0624	6,6164
15,5497	9,9584
-11,3198	-3,0830
5,3262	2,0288
-2,7344	6,9439
16,0739	-0,3961
-4,7005	20,9030
14,8287	1,8973
10,8312	-12,8478
-8,3710	9,3031
16,7295	-7,4741
-10,0096	-6,0977
18,8264	-3,0832
-17,5464	-2,9519
2,5079	1,1767
-25,0830	-16,3213
-1,4899	0,4560
-40,6804	3,5360
-0,2447	-9,0468
-27,8354	-3,7383
-15,1214	-5,3769
-21,3470	-6,1632
-6,4053	-0,9206
-18,1358	-12,3239
-3,3252	-13,1104
-6,9292	-26,5452
-21,3474	-28,5113
0,8040	-29,2323
-17,5465	-23,8584
6,5056	-31,5261
-36,6828	-23,0063
4,4741	-31,8538
-16,1044	-27,7904
8,9960	-14,7491
-26,0000	-27,9216
13,5834	-21,5645
-21,4779	-17,5015
11,0930	-17,5014
5,3916	-14,4213
-4,1770	-19,2708
-7,0602	-18,0257
-12,8932	-8,7851
2,9012	-13,4382
-17,2842	-16,9114
7,3576	-18,6154
-31,9642	-20,2537
5,4572	-17,0424
-22,3959	-14,6177
6,1779	-26,7416
-23,3789	8,3856
7,2919	-6,6224
-15,7111	-12,7169
10,2409	-1,0516
-16,2353	-10,8820
2,8353	5,1089
2,2460	-7,2775
9,8475	-10,3573
14,6977	21,9517
-8,5679	3,0117
16,7951	-1,3787
-3,3250	25,4907
15,2221	12,6457
-10,2061	6,8133
27,0185	18,8718
-13,2207	17,4956
18,5642	22,0830
-20,9539	27,3913
-4,1766	17,7577
-15,8420	31,9134
1,3282	13,6943
-14,7278	23,4593
1,3282	27,1290
1,6561	10,0245
-3,6527	24,5734
15,3533	13,2356
-0,3760	10,4178
18,0401	15,8571
-5,2910	19,9204
18,9577	20,6412
-4,0458	21,2310
18,4333	11,5317
-7,9777	27,2603
22,7585	16,1190
-15,3833	7,9927
10,3722	16,1192
-15,9075	17,6920
-0,8345	2,1599
-6,5361	10,6141
-17,4811	7,1407
-21,2814	3,7329
-18,7264	6,0265
-14,0073	-2,2965
-42,1882	15,7914
-11,7136	2,2253
-37,5352	-9,0468
-12,1070	-2,2310
-41,1395	-3,4108
-7,8473	-8,6535
-38,9112	-4,6559
-17,6776	-18,1563
-39,8940	-1,6413
-19,8402	-1,9692
-19,6433	-24,4478
-13,3524	-0,3308
-14,0727	-23,1373
-17,4154	-12,5859
1,5904	-7,3432
-9,8132	-18,6808
8,2752	0,5213
-4,9634	-4,5252
7,4231	-10,2920
-19,7088	-0,9859
16,3361	3,7981
-15,5146	-2,8208
14,1733	11,0728
-19,9053	0,7181
1,3282	9,1068
-18,4633	18,2817
-2,8661	7,7305
-2,0138	2,3567
-1,4899	18,4783
0,7388	15,2671
1,6557	20,2479
22,6933	0,7180
-0,3103	10,6795
25,1182	1,6355
7,0300	-10,9472
32,1959	-12,5200
2,5737	2,7496
38,9463	-1,9033
14,8290	16,9709
24,1350	4,3224
7,2926	9,5654
32,1304	10,8106
10,3727	6,4853
18,0401	11,2039
16,2055	10,4173
8,3406	-5,0489
12,5354	10,6141
5,3260	3,9293
20,0718	-2,4932
-4,7667	-2,1001
18,8266	-15,7970
-1,1622	-9,8332
16,8604	-3,2799
-12,3686	-16,9768
22,1033	2,5529
-15,8420	-3,7387
10,4379	-16,8456
-9,5504	11,5313
12,2726	-1,5759
-7,3877	5,4367
10,6996	0,9801
-5,2252	8,8445
-4,7668	16,5776
-2,8659	14,0873
-13,9419	0,8492
6,8333	4,0603
-20,1022	1,1114
13,5179	2,7497
-15,9735	5,8298
13,9111	-6,3599
-18,0050	-4,5248
2,5079	-5,2459
-24,9515	-13,5689
2,9011	-4,5252
-15,7109	-17,8947
-2,1453	-23,9237
-2,4727	-21,2370
-1,2281	-29,4946
-4,3076	-27,0697
-2,4077	-19,9918
5,5225	-34,3440
-15,7115	-13,4381
-3,8490	-17,5015
-17,2843	-23,5304
-4,1769	-1,3794
-26,0004	-24,3825
9,3889	-14,0276
-29,9326	10,5481
-9,3543	-14,8797
-19,7744	-10,6196
-16,1703	1,3731
-17,6772	-8,5225
-9,4202	4,5191
-17,0220	-18,0908
-17,6122	-6,6219
-9,8129	-11,9959
-13,7456	-4,7214
0,0174	-21,1709
-27,0491	-6,2289
6,8331	-15,9282
-24,8864	-2,4933
17,9743	-13,7657
-23,4445	-17,6976
4,7362	3,0769
-11,7789	-15,7973
13,7800	-15,9936
-9,6816	-7,3430
8,4062	-14,8142
2,1805	3,0771
10,4378	-8,1950
5,3265	-5,1147
17,2534	8,1233
24,0040	-9,4402
4,2773	-3,8038
25,1836	-0,0685
-11,7790	-5,7044
12,7972	7,6649
-19,9709	7,9925
-0,8999	6,8131
-26,1970	8,7134
-3,5872	2,6187
-35,1754	9,2379
-18,0707	8,2546
-33,4714	3,6016
-11,3861	2,8808
-16,9564	13,1697
-14,5319	-3,8694
-15,5801	2,8807
-13,3522	-3,8041
-2,6695	3,6672
-13,1555	1,6354
5,1293	-15,1417
-26,2625	-8,2604
11,6176	-7,0153
-13,7451	-2,6900
16,4670	-7,4086
-20,6261	-6,3601
11,2243	-12,4548
-13,7448	4,1912
12,7314	-11,2098
-10,9923	-10,1610
-1,2278	5,5676
-7,9120	-3,1486
1,1313	-0,2649
6,9644	-2,7552
-8,3714	10,7453
11,1588	17,4955
-12,9588	-0,9201
14,8288	14,5467
-10,3371	34,6004
29,6400	28,5056
-2,6037	24,3114
19,8098	28,2435
5,5886	25,3600
32,7857	33,6830
10,3072	15,4639
16,2706	16,9059
1,4601	29,0298
17,7778	8,7137
8,2755	27,6536
6,6366	11,6626
13,9771	0,6529
5,1292	28,7020
12,2731	11,0072
-4,2424	4,1917
12,0763	5,9609
-24,4273	-3,2139
8,9961	11,5971
-24,9516	15,3980
-4,0458	-0,3959
-26,2623	20,3789
-26,1970	17,2986
-24,5583	10,7453
-8,1094	19,7892
-22,2647	13,0390
-9,9443	16,1849
-17,8737	23,7214
-17,8741	14,8085
-3,9146	24,8357
-20,5609	18,6095
10,3067	8,6485
-12,3691	28,4400
0,6730	16,9711
-28,8183	18,7408
10,3068	26,1462
-13,4174	16,3158
5,3258	24,2457
-22,3300	16,2502
8,4060	11,4662
-10,1403	21,7552
1,7868	5,5023
-7,9121	10,0243
-12,5655	13,6286
0,2799	1,5701
-7,9126	4,9779
2,1803	1,2422
-9,6820	-12,7822
4,0153	0,0628
-12,7620	-2,4278
20,7924	-1,1169
-19,9054	14,5460
15,4841	-2,8865
-21,0849	3,4706
7,7509	0,1282
-11,7786	5,8954
16,6636	9,3033
-6,2735	5,1745
8,2750	1,7011
21,9068	13,9565
-2,5386	15,0048
13,9772	9,8276
6,7676	13,5631
15,5497	-1,3790
-10,5337	8,5826
32,9823	1,7668
2,6388	-0,7893
18,0400	19,0682
-4,4387	-3,5418
15,4185	6,2232
-13,4826	8,3201
11,5519	-11,2094
-6,9290	6,4199
4,0807	18,5437
-0,5721	-9,8332
-4,2424	13,8253
11,5521	1,6356
-6,7985	10,4175
10,6346	15,3325
-3,2595	-6,6876
11,4210	-5,8352
-1,6865	9,7622
24,6591	1,6356
-2,2762	6,3542
4,6707	2,6187
-11,2543	3,2088
23,5449	18,8717
-11,5820	3,7982
8,8649	10,7453
-10,8612	18,9372
2,1802	0,7182
-10,4024	4,5193
-12,6309	11,6625
9,9792	-3,8037
-1,2279	1,0457
18,5642	-14,8139
-15,5145	-7,6705
19,3508	4,3223
-14,4004	-23,0060
12,4697	-13,3067
-18,3979	-4,3286
25,9698	-19,0740
-12,9585	-15,4696
11,2896	-26,5452
-20,1018	-22,0231
-5,9464	-0,9863
-6,7980	-16,5838
-4,1117	-16,5181
-13,0240	2,2249
-15,9736	-7,9984
-0,7689	-4,7870
-22,0685	-5,4423
0,8695	-2,0345
-27,8356	14,0872
10,5687	-4,3938
-32,1608	1,6357
-0,1790	10,4171
-26,1969	-9,0468
8,3404	2,4221
-19,5121	2,6839
-0,5068	-9,1124
-15,6453	3,6669
2,9009	-3,7387
-9,2883	-10,8165
-4,2425	-11,0787
11,2900	-14,4866
-4,7013	-13,9621
21,5790	-15,2073
-3,3905	-19,3361
21,3169	-0,7895
-5,1597	-2,9522
20,8582	-11,2751
1,9839	-4,0007
24,0040	-4,7872
-5,1594	-0,5928
19,9407	-0,2651
5,6541	-11,6684
10,9621	2,0286
0,4768	0,9143
10,8310	-9,4400
11,4867	4,0601
-3,8491	-8,5227
13,1252	-3,5418
2,9010	-7,8672
12,5353	-12,9134
-7,5190	4,4536
22,8243	2,5530
-11,5823	8,5824
16,8605	9,2378
-1,2275	-0,5271
12,9282	8,3859
1,5908	12,5800
12,9282	-5,3766
8,2757	8,8445
25,8388	0,3246
15,2224	-4,0662
23,0863	-2,4279
27,8053	-8,9816
14,3698	-14,0277
9,7174	1,7663
5,4571	-19,1396
16,6639	-13,3067
-6,4050	-2,1658
18,2366	-11,9959
-23,7721	8,7132
6,5712	-0,1343
-19,5122	-20,5157
2,7042	-1,3137
-29,4081	-22,7440
-5,1601	-10,2921
-24,4273	-7,7367
-12,4347	-29,7565
-6,0118	-17,1735
-12,3693	-28,4459
-4,0458	-34,8028
-23,0515	-2,1005
7,8819	-33,1644
-13,4178	-15,2073
4,0808	-6,0326
-18,6604	-11,1442
17,1877	11,3347
-22,6581	-1,6415
-1,4899	-7,9982
-34,1266	13,0388
-6,9294	1,1114
-28,8182	6,2888
-9,2233	12,5145
-10,6648	-1,9033
-2,9320	16,7745
-17,4804	18,6748
-8,4369	0,3247
-3,0626	1,7668
-20,4300	-4,2627
6,7022	2,0289
-18,5296	13,4975
-2,6694	-12,1272
-31,7675	5,3712
7,3574	-7,4740
-16,8908	-12,3235
1,1314	-4,1971
-16,4974	2,5528
4,4084	-6,0322
-9,6161	1,1767
4,7361	-5,9013
8,1443	-15,9280
10,8308	3,8637
20,3995	-12,9135
-2,8661	-17,0420
25,1839	-0,7237
4,8017	-10,3575
26,4944	5,1745
-6,2083	9,2375
23,0865	-5,7701
-7,1913	4,6502
9,1927	-5,5733
-6,2737	11,8593
9,4546	13,1043
-11,9753	1,2427
3,4253	20,9032
-3,6521	8,8445
11,7483	11,3351
5,3263	14,1530
15,4838	10,1552
13,5839	-6,3597
7,2922	4,3226
25,7080	3,7326
11,1587	0,0627
29,2468	-5,5080
-9,0917	-6,3598
25,9044	-4,5249
-9,2229	-5,7044
20,1371	1,8321
-15,1212	12,4488
12,0760	-7,0809
-18,9222	-11,0783
-1,1623	8,3200
0,9353	-10,2920
11,1583	0,9145
-1,8172	-5,0493
0,4106	-17,3043
17,9090	-12,1271
-16,8909	-13,1756
12,9940	-3,0832
-6,5363	-6,8844
10,0447	-23,2681
-28,0974	-5,5736
4,6051	-5,3771
-30,6532	-13,8310
-2,9317	-2,6900
-30,3256	-8,4573
-3,4562	-2,2966
-26,7867	1,1767
-11,4517	-2,2310
-23,1168	14,8739
-25,8697	6,4852
-21,1508	8,9759
-28,5568	19,8548
-17,6119	18,7405
-31,7024	10,4833
-9,0923	20,9033
-44,0231	4,9782
-9,2886	14,7431
-36,0275	23,3280
-3,0629	-1,7720
-26,8522	20,3791
-4,7668	11,5970
-8,9609	3,6675
0,4105	21,6897
-12,7617	10,2209
7,5540	16,8402
5,9160	26,8014
-2,9972	-1,4443
10,2414	17,6923
-3,9147	20,6412
16,5328	14,9396
-12,2379	18,8062
14,5667	14,3498
-17,9395	28,2434
0,9351	15,5292
-21,3472	3,7330
0,0173	22,6073
-29,6702	8,9756
-4,5048	0,0629
-18,3981	13,1699
-12,9589	-1,5756
-13,4829	3,4051
-14,1385	1,3733
-3,5213	-2,1657
-10,7962	4,6502
19,6785	-5,0492
1,6556	-15,9934
12,3385	1,2424
6,1778	4,4537
27,6738	-1,3133
-14,8591	14,8084
17,2538	5,6989
-9,5504	14,8083
22,2342	-1,6412
-17,3492	-6,3595
0,1487	14,6115
-4,8973	1,7663
-2,6695	-15,3383
1,8530	-8,9813
6,2432	-7,8672
6,1781	7,1402
-4,2423	-7,9330
11,4866	-19,6637
-11,8445	-8,0640
31,0163	-12,9791
-4,7011	-1,5103
35,0138	-7,7364
-10,7957	-21,1710
15,6809	-1,3791
-10,5988	12,8418
23,2172	-7,2774
-1,9483	2,5531
5,8502	-1,8380
-14,4000	-3,7383
2,5733	14,2839
-7,6500	-5,1802
-13,9418	0,3250
4,0155	6,3541
-8,1749	4,9780
7,1610	7,2062
-17,6774	2,6186
7,8164	0,3906
-21,7405	24,5733
13,4525	13,8251
-12,1721	0,7183
10,1100	22,0829
-9,4848	3,6673
12,9935	13,0391
-19,9705	13,1044
16,2705	-6,0319
-1,7516	18,5440
2,4424	8,2546
10,8313	-12,9132
5,7846	5,1746
14,9599	-6,9496
0,5418	-2,2308
26,4286	5,7642
-3,7836	-11,4714
20,5960	3,1430
-4,7009	5,1747
27,8704	-5,4421
-6,5358	12,2526
15,1565	14,7428
7,0959	11,2697
23,3483	22,0174
2,3118	5,8957
21,9066	22,6074
18,3025	23,9834
11,8141	2,7499
23,4797	9,6312
9,4546	10,6795
13,6493	1,1113
-2,2763	13,3663
20,3338	-12,9791
-13,3520	-11,2097
4,8673	-16,3216
-22,3958	-24,2513
-7,3226	-15,6008
-20,0364	-26,5452
-6,0776	-17,7633
-38,7141	-4,2630
-16,8910	-11,9307
-19,5777	-4,7871
-23,8380	17,5604
-19,5776	-11,4062
-19,7748	-0,9859
-4,1768	6,2884
-16,6946	-4,7870
-1,4899	14,7427
-25,2795	-11,6028
8,5371	-7,2117
-27,9008	3,2083
9,1926	-6,8842
-13,0898	-5,0491
6,4399	3,7980
-27,0487	-10,0299
2,5733	10,9416
-12,3032	0,9800
-6,8641	6,4852
-6,0772	1,9632
7,6848	-2,0999
-5,8153	11,0072
-12,1070	11,3348
3,2945	-9,0468
-16,2358	2,6843
-6,6671	-5,1147
-21,3474	0,6525
3,4907	8,1891
-27,3112	-10,7509
0,7382	-3,6727
-32,6852	7,7958
-7,5849	-7,8016
-30,3258	16,7745
-12,2380	-0,3961
-10,9271	-0,0026
-15,3838	11,3349
-2,9315	-3,6727
-5,0948	9,2380
2,8357	20,1167
-8,3713	-5,7044
21,1201	17,8232
-14,4006	17,1675
11,2244	0,3251
-8,3712	19,9203
4,8673	13,4320
-4,3077	10,4832
12,0759	23,4592
-21,7403	13,4976
4,0807	20,1168
-12,8929	19,7234
-8,6335	-1,3790
-12,4996	3,6674
-4,6360	4,7157
-10,7959	-0,1338
-19,1849	15,4636
-6,2084	-11,9304
-29,1464	3,3395
-0,0481	5,1744
-26,3283	-6,4910
-5,8808	3,4704
-16,1046	-7,4087
0,7382	-20,3191
-35,3063	3,0115
4,8671	-15,0765
-10,1405	-17,9599
10,5686	-12,3895
-1,4896	-19,7295
7,4229	-5,5736
6,0471	-8,2608
1,0006	-22,3506
19,8753	14,0873
7,8818	3,4048
25,5113	0,9804
7,4230	15,9225
10,2415	-3,6727
-6,5358	10,9421
26,3632	28,3087
-8,6986	9,5000
11,9454	19,3304
-20,4292	5,3712
10,4380	11,4007
0,0834	16,9709
0,2797	0,6527
-0,4407	17,1675
16,3358	2,8807
-3,4555	-4,0005
4,2119	8,9756
17,0571	0,6524
-6,7983	-6,6874
16,5985	0,3249
0,6072	7,7304
12,6662	7,5993
-9,4851	6,0920
19,8095	2,2255
-20,2329	7,4028
10,1758	1,3735
-0,6377	8,3204
7,8817	6,7474
-8,8295	-3,5418
5,9156	-5,9665
-3,5213	4,3881
-8,9610	-16,9112
9,7824	-4,9836
-4,8982	4,9776
-7,9778	-18,7463
-18,2674	-12,5204
3,6219	-15,7319
-22,8549	-14,2244
-7,2572	-12,7827
-36,9448	-24,9723
-12,3688	-11,5376
-26,3935	-11,9963
-7,5194	-18,4187
-24,1653	-2,8212
-15,8425	-11,9307
-19,4466	-13,5689
-21,6097	4,0602
-12,0410	-0,7239
-11,5173	1,3078
-14,2038	5,5020
-25,1485	-1,3791
4,5394	7,4026
-25,8041	-2,4277
0,2139	-14,2897
-41,5982	0,8491
-1,4244	-3,3452
-28,2943	-11,9958
-7,9783	6,9438
-20,8886	-12,5857
-5,6846	4,5192
-29,0805	-0,7894
-14,7284	-3,0173
-24,9517	12,7767
-15,3837	0,1938
-2,6040	-2,8206
-12,8935	17,7574
0,7382	3,2083
-36,0931	1,3080
-1,6208	-4,0005
-18,6607	-13,9619
-12,3690	-3,8695
-23,5756	-9,3746
-0,1794	-4,6561
-37,1414	-4,4597
4,0806	-22,3509
-29,9980	-11,7341
-2,8007	-9,7681
-10,5336	-26,3486
-8,8956	-10,3577
-4,7009	-12,1929
4,6702	-13,7655
-16,7596	1,5698
-19,3157	-11,5373
2,4423	-4,0005
-15,7116	7,9268
6,3744	-23,1370
-27,5079	-8,5223
4,4084	-6,6221
-26,7868	-6,8184
4,0808	8,9755
-12,0410	-7,6707
1,7870	-2,2309
-11,3197	21,4929
13,3869	1,1112
11,6178	3,7329
13,5179	11,5314
21,7105	-3,0173
22,8240	17,1021
18,2371	3,6671
16,2706	-6,9494
34,8832	17,2987
11,6831	9,8930
27,4776	1,9634
15,2221	4,0604
24,2661	0,1285
1,6563	3,1431
26,8218	-11,6681
-19,0530	-11,1436
17,8435	10,5484
-5,4217	-4,9837
15,3528	-10,9472
0,8696	3,3393
-0,3759	-2,3623
-1,8172	-3,8696
-15,4492	-13,4378
5,4571	-20,7778
-10,4031	-4,8526
-0,1792	-3,2799
-25,5419	-0,4617
4,4739	-4,1319
-24,0344	-12,3236
-6,2085	19,0682
-19,6432	12,9076
4,6704	3,3398
-22,1333	28,2432
17,6465	13,8909
-3,1937	15,6606
10,7653	17,2333
-7,5189	21,5586
-9,2887	13,8910
0,7386	10,8108
-13,4177	-3,2794
-3,4558	9,6966
-23,4448	7,5337
-0,2449	-9,8987
-25,6074	6,2885
-11,7793	-16,3873
-34,6513	-15,2729
-12,1069	-7,0811
-40,2871	-27,2007
-4,3738	-22,2199
-28,6217	-31,5917
-8,8302	-32,1813
-23,7065	-24,9725
-11,8448	-27,0044
-10,4682	-42,7983
-14,7284	-22,4821
4,3429	-42,1429
-8,5682	-18,3532
1,5249	-22,5478
-15,8424	-21,9576
12,2071	-6,1635
-26,5246	-13,5690
7,6197	-7,9982
-21,3472	19,9854
12,1416	-9,3089
-19,7089	8,7792
-6,9294	21,8205
-18,5289	13,2354
3,5563	14,8741
-6,3394	9,0413
-0,5070	4,8471
1,2629	26,6704
-7,3882	-0,0026
11,6832	7,4032
-16,4321	18,7406
7,5545	8,8447
-2,3418	13,8912
14,6321	19,4616
-11,8444	8,6483
15,9428	21,2310
-14,2037	16,1848
4,0807	8,5172
-12,2374	14,5464
14,4353	7,5339
-7,1257	17,4954
8,1438	18,5438
-5,8804	-8,8502
-5,0943	11,2694
8,6685	-4,0006
-8,3713	1,5045
8,0787	-15,2073
-14,2040	-5,4424
15,1564	1,8320
-20,4299	-6,7532
-3,9145	-14,6175
-28,8181	-0,7894
10,7654	-1,4449
-24,5584	-3,0175
6,4401	-10,2921
-16,9560	-14,0275
13,8455	3,6673
-5,9459	3,7326
3,5563	5,1745
3,2291	10,6794
-5,4876	6,2229
15,0910	-10,9471
-2,5386	10,4830
14,3700	-7,9328
-11,0582	1,5701
16,3359	8,9099
-26,3280	-12,8479
11,9452	-13,1755
-21,4127	6,6161
6,5711	-17,0422
-19,3809	-9,0467
7,7507	-21,2366
-2,2760	-8,3914
-0,5724	1,8318
0,8699	-12,0616
4,8016	-4,3938
9,9793	-4,3940
-4,0459	-8,5226
10,8313	0,1282
0,2138	-7,8017
5,9158	-8,4570
-18,8569	10,6795
19,1539	-3,6074
-26,0659	-4,2624
-4,3734	19,3301
-26,5244	1,8976
-3,5871	8,6483
-21,1504	9,1066
-4,8978	0,0629
-20,6917	22,1484
-11,7792	3,0772
-7,1258	5,3713
-10,7308	3,9291
-6,7982	0,5870
-11,9103	8,9100
-1,1623	0,8490
-21,2820	-9,8331
2,5076	-0,0683
-46,4477	3,1429
-5,8152	8,5170
-27,5733	5,8953
2,1799	-6,1632
-29,9979	5,3057
0,7383	5,5021
0,6075	-7,0807
9,6511	-3,4763
9,4551	-10,4230
17,5810	2,7496
12,7974	2,1596
-0,0479	-8,7194
22,3657	-23,7924
3,6220	-12,0614
26,3632	-15,2728
-6,4049	-9,9645
18,6299	-10,2266
0,4109	-4,5904
20,9235	-4,2628
-16,8905	-0,7894
15,0254	7,4681
-6,7980	10,6138
12,9280	0,7836
1,4597	-3,2141
3,7529	16,9709
17,7127	-4,1972
14,1731	-0,8547
17,2538	-7,4085
-1,6207	-10,6197
41,5677	-3,8040
14,6975	-5,5079
25,3803	-5,3113
1,7217	7,8611
23,0210	-15,7316
-1,2273	0,9803
18,8921	-1,0517
-6,2734	-6,7531
17,6467	4,8468
-11,1231	1,4388
10,0445	4,5847
-3,3245	1,8975
-10,5994	8,7134
-2,2104	11,7281
-5,1601	12,3833
-4,0456	-9,8988
-22,5927	4,7813
6,4401	-10,3575
-17,2845	1,2424
-5,4220	13,1040
-29,8015	-7,6706
8,6681	10,8107
-28,6218	13,6940
6,1122	-0,5926
-29,2114	7,1407
2,0493	7,9926
-3,4557	1,5703
14,7631	12,3835
8,9308	0,4560
13,8457	7,4685
19,4823	13,1699
18,5644	-0,1340
31,5408	4,5848
6,3092	6,3539
31,3442	-18,1562
4,2775	0,0627
27,7395	-20,5814
-7,5190	-27,3968
30,0985	-8,5227
-17,0218	-23,5961
5,2604	-11,5375
-11,7788	-12,6518
2,5732	-21,3678
-13,4170	-10,4891
1,0659	-18,8777
4,4086	-14,5522
-3,2596	-8,7850
1,3285	-13,8311
-5,7497	-10,3577
21,1857	-0,0031
-8,5024	-11,8650
2,0493	-4,0661
-14,2039	-2,6245
12,0105	-6,9497
-25,8037	3,4049
4,6704	-16,7801
-28,9496	-12,1925
-7,3883	-3,9353
-22,1993	-12,9135
-23,7725	0,2591
-22,0682	-16,4528
-24,5590	-15,5349
-16,5632	2,4216
-26,8527	-9,8336
3,6874	-19,2051
-21,1511	-24,1202
8,0784	-18,6152
-18,8570	-0,1342
11,8797	-14,9454
-18,3980	-8,9159
19,5474	3,6669
-14,0725	-9,9645
15,9430	0,9145
-8,5018	-6,2290
9,5204	-6,8843
-5,9459	-4,7215
10,2411	-6,6222
-1,2273	-18,0909
-0,6379	-13,1102
4,1465	-15,6004
-15,0560	-7,3430
12,2729	-6,0323
-14,2041	-13,6346
10,3722	-9,2436
-22,0682	-11,7340
8,9960	-26,2828
-12,8932	-8,7193
9,7167	-11,9963
-21,9369	-4,7217
-4,3079	-4,1322
-14,4002	-34,2783
8,4714	-14,2242
-16,9562	-8,0641
-7,4537	-17,8943
-9,5506	-6,2289
-13,2211	-0,8550
-2,2107	-14,2241
-20,9544	-8,7191
4,8016	-11,2095
-22,1341	-1,2480
2,5733	7,2059
-26,5249	-13,7000
-0,5070	-2,9518
-40,6149	-0,1997
-6,4053	-8,3914
-26,7869	2,7495
-12,8935	-2,4278
-34,5199	2,0286
-14,0075	-0,7895
-14,2694	-9,1779
-17,8743	1,9632
-14,6624	-5,3115
-22,3306	-17,9596
-3,3249	2,0287
-23,0514	-13,3722
1,7215	-1,7722
-18,4638	4,4534
4,8017	-9,1124
-18,3325	-13,8962
23,1517	-2,2310
-16,0387	-9,4401
1,0006	2,7496
-14,7277	-10,6854
-3,3249	-4,0660
-9,5504	4,1257
4,0150	-9,7023
-3,5213	-5,7701
-9,4854	-2,4279
7,9475	-33,8849
-15,8425	7,6648
3,6221	-10,8166
-18,2671	-3,8697
10,4377	-1,4450
-17,1530	-15,8628
7,4232	-19,6637
-9,4197	-7,9329
9,6513	-22,9408
-10,5336	-19,0082
13,2557	-5,1149
-3,9143	-18,5496
6,7022	-1,9036
-2,2758	-6,6878
19,0885	-9,5711
21,7103	-11,2751
10,3721	-11,9959
14,0427	-9,4401
3,6222	-8,3260
28,5914	-3,9351
-0,5069	-2,6245
11,1589	-15,9282
-8,4367	-7,9328
10,4376	-2,4278
-30,6531	-16,1247
4,7359	9,4342
-26,7866	7,7957
-6,4052	-12,9135
-27,1143	3,9949
0,0173	13,4973
-3,4558	-10,0953
-7,9781	15,6602
12,6007	-3,0176
-9,8787	5,0435
12,6663	12,9732
-0,7036	-1,3137
4,8018	0,3905
-18,4636	-4,1972
9,9135	-1,2480
-32,0950	-3,9351
6,8334	-1,3136
-11,9756	-1,9691
10,1098	6,4850
-34,1266	-11,9961
-0,4413	2,0943
-6,0772	6,8782
-5,7498	4,6501
0,2799	4,7813
-2,8008	6,2230
7,2269	-1,3790
4,4082	-3,6073
15,4188	2,2254
-0,8344	4,7812
21,1859	2,0285
-13,4827	-17,4354
29,5744	-8,5226
-13,1552	-3,6731
15,9428	-10,4887
-10,7958	-6,4256
6,5055	-12,7169
-12,7618	-5,3112
4,8671	8,3200
-8,5019	-4,3938
8,7991	6,3543
4,3431	14,4805
-2,7353	2,6841
13,3871	7,2718
1,5245	3,9949
12,0107	0,2596
-22,4613	17,3643
24,1349	0,6526
-10,6650	3,9297
6,8989	21,5587
-18,2668	15,2672
9,1270	15,4639
-3,6524	8,7135
0,8039	10,4831
-9,8125	21,1652
1,1314	3,6671
-10,4680	-2,1655
-10,6652	2,1598
-5,4218	-2,5588
-16,8911	-1,1825
-1,4243	-4,6560
-28,8841	-5,6390
-5,1598	3,8636
-23,1824	-12,9791
-0,6379	-5,8355
-28,0976	3,0771
0,6729	-11,6028
-18,2015	5,7643
-7,5192	-0,9861
-11,9099	-10,0298
8,9302	12,7767
-6,3394	-5,9012
-6,9950	-0,9855
-7,3223	20,5098
-5,5533	2,2909
0,7386	24,2455
-17,6774	1,3077
-2,7348	-8,8499
-9,2232	13,6286
11,0931	1,6354
-12,8277	-5,8355
7,4231	10,2863
-16,8906	0,8490
10,3723	1,7013
-13,0239	15,1360
12,7971	1,5046
-7,8464	24,3113
1,9837	16,4467
5,1953	15,3330
6,8988	23,5248
6,5716	28,8332
4,8672	18,2821
15,5500	24,7701
-1,7519	22,7384
28,5916	24,9667
10,7653	23,9835
22,9554	14,9396
2,7047	25,6874
27,8049	0,1283
-6,6669	8,9757
32,9167	9,2376
2,7702	-13,3066
6,5713	0,7835
12,7975	-12,0618
10,5032	-18,9428
28,7882	-13,9622
17,0567	-24,6448
9,3897	-26,7417
13,8457	-13,5036
22,3000	-18,5499
4,5397	-11,8650
28,3293	-12,1929
4,2120	-8,8505
21,3826	-12,0616
-6,2080	-15,8627
31,4749	-2,2312
-10,3367	12,5141
16,6639	-28,9699
-4,4385	-7,4739
16,8604	-0,7898
7,8167	-22,6130
11,6830	-3,8695
15,2880	-18,4188
10,6998	-11,0786
18,1060	0,3900
9,1926	-11,8651
32,7203	0,6524
1,5903	-4,1974
13,4529	3,9947
-3,0625	3,0773
28,5912	1,1768
-13,9414	-4,0660
24,2003	7,6649
-13,2206	4,7159
0,6730	9,3690
-8,6985	16,5777
3,1630	9,2379
-3,6522	14,3497
-1,6868	22,3450
0,1488	7,0097
-3,4563	21,2310
3,1634	10,9417
-4,5048	5,8957
8,1441	14,4807
-11,5169	-0,0684
12,7971	3,2743
-14,9902	14,8738
22,1686	1,3079
-30,0634	8,7135
1,5249	2,0943
-11,4511	5,8299
7,0297	10,0240
-8,1088	-9,9644
-1,2933	-1,4444
7,6854	12,4488
6,5709	-9,8988
15,4187	-3,6072
2,2457	1,6355
30,0988	-4,6558
4,9983	17,3642
36,1937	4,2569
-3,3902	2,0944
32,5893	1,2424
0,6076	-5,1800
14,1080	3,8639
0,9355	16,7742
22,1687	-1,5758
-8,5674	2,4876
10,3067	-5,1148
-4,3076	-12,8477
3,0975	7,2715
-2,4727	-19,2051
-3,3907	-9,3090
10,3723	-9,4402
-10,5998	-10,0300
-1,3588	-3,1487
-26,2626	-12,9791
9,4547	-20,3189
-28,8841	5,1089
-4,8322	-4,2628
-34,1268	-0,6581
4,2116	0,3247
-21,6751	4,6500
-12,8279	-1,5759
-24,3617	-18,4840
0,7378	-11,0785
-24,4930	-18,2875
-17,1533	-9,8334
-4,6355	-22,1543
-13,4178	-13,3069
-2,4730	-18,6154
-32,6852	-11,0132
6,1778	-8,3262
-23,4447	-23,8581
-2,9973	-13,0446
-31,5055	-4,9183
-10,0752	-7,7363
-25,3449	-9,4402
-8,1748	-8,8503
-21,3471	-9,3745
-6,1432	12,3177
-25,3446	-2,2968
3,5562	-0,1995
0,4764	1,2423
-5,4878	6,2231
-4,5699	10,5483
5,9811	-8,2602
26,1662	8,3859
-16,3666	13,7598
17,1224	0,1939
-10,7305	8,9759
16,9258	19,8546
-15,1213	18,4784
2,1803	19,1337
-19,3154	5,2402
14,1732	12,8424
-7,6500	26,6047
-2,0142	6,2233
-7,9775	14,0221
4,6049	17,8231
-0,7032	8,3860