-21,9678	-28,9857
-31,3395	-20,1384
-33,5021	-29,5754
-30,9463	-28,5269
-32,1258	-26,7574
-24,7204	-15,6164
-28,1937	-19,4829
-28,1281	-24,0704
-14,5621	-18,8930
-4,0110	-18,2377
-18,2322	-15,2229
-23,1470	-20,0072
-0,9306	-9,9145
-11,7440	-5,7204
-7,7463	-15,8784
-15,3485	-16,4025
-20,5257	-8,6037
-11,8750	-2,7713
-18,8219	-11,8805
-20,8535	-2,6401
-11,2198	-22,8905
-23,2784	-16,3368
-22,0987	-21,0554
-22,8852	-14,8295
-34,8126	-1,0671
-13,8411	-6,3756
-13,9724	-17,7131
-14,4965	-7,7517
-25,5719	-17,9099
1,8221	-19,4170
-1,5203	-6,4410
2,4775	-14,2397
-1,3890	-3,8852
13,4876	-13,1258
-0,7991	-17,0578
1,3635	-6,1134
-0,6680	-14,5021
-1,0614	-20,0070
-3,4207	-8,3418
-15,6106	-19,5484
-20,6568	-21,7767
-34,2884	-23,1531
-12,3340	-40,4544
-34,8785	-28,5270
-35,1405	-33,7045
-33,6333	-45,5664
-26,4900	-30,3623
-24,5238	-52,9065
-25,7690	-46,6804
-20,5917	-46,4185
-19,7397	-55,5278
-28,1937	-46,1561
-27,0141	-30,3622
-25,5068	-50,8094
-35,2717	-38,3574
-26,0965	-34,0975
-35,0096	-26,2988
-23,2786	-32,9835
-22,7545	-32,0658
-40,5801	-22,3666
-28,4559	-26,4953
-31,4708	-32,6556
-39,5316	-30,4929
-37,4345	-31,2139
-41,1699	-21,5800
-30,0290	-29,7067
-48,4446	-37,8985
-41,3010	-23,7429
-36,6481	-25,5781
-50,3452	-45,8285
-51,5902	-33,4423
-46,0852	-36,5883
-41,7599	-48,0569
-52,7700	-45,5011
-42,5464	-54,8073
-45,7577	-55,8559
-44,9713	-58,2809
-46,8062	-68,7666
-40,7770	-70,1429
-62,6004	-70,7329
-60,7652	-81,6118
-36,3204	-81,1531
-49,3622	-82,9226
-45,4954	-85,2165
-55,2603	-92,2942
-55,2602	-82,9225
-52,6389	-81,2189
-44,9712	-86,6583
-49,6899	-77,1555
-46,4786	-85,0856
-58,0784	-87,7724
-53,0321	-95,5713
-46,8719	-102,6491
-53,8188	-105,2705
-52,2457	-98,5207
-54,9329	-109,5963
-53,5566	-113,7905
-61,8142	-114,1183
-61,0932	-116,0844
-52,9670	-106,8440
-64,8288	-108,0892
-64,9600	-130,1745
-66,8604	-117,7228
-70,2027	-114,0530
-60,1102	-125,5873
-58,5375	-118,2471
-52,7046	-132,5998
-55,9816	-132,4686
-52,9011	-136,5975
-56,3091	-141,5126
-38,2869	-141,1851
-62,4695	-139,0880
-52,9013	-146,7558
-47,8551	-153,9647
-57,9477	-153,2437
-58,9306	-154,0302
-57,8167	-144,8553
-65,7465	-153,2437
-81,6717	-148,9839
-70,2028	-142,3648
-67,4507	-153,9646
-71,0550	-140,6607
-74,0041	-132,7965
-75,5770	-147,8697
-72,7588	-139,6122
-67,9093	-152,7193
-83,1792	-139,6777
-79,2469	-149,0496
-78,5261	-160,5181
-76,7567	-152,3919
-77,8708	-155,6033
-79,1162	-168,5794
-89,3396	-173,3635
-85,3421	-164,3853
-87,7668	-172,2495
-95,8935	-169,7593
-104,2818	-186,4709
-93,0754	-189,2888
-86,1287	-171,8564
-107,1658	-185,0948
-99,6945	-190,3375
-104,2165	-188,9614
-89,2745	-181,7525
-102,7092	-204,2313
-98,9082	-194,8596
-109,9182	-194,2701
-107,6245	-200,6925
-106,4449	-213,3411
-112,0156	-215,0450
-124,6638	-206,3945
-112,9987	-210,5234
-120,7975	-221,3368
-126,9580	-233,8541
-124,1399	-214,6524
-123,9434	-222,6480
-124,2712	-242,7673
-139,3444	-239,2285
-125,3853	-243,8817
-134,5604	-261,9695
-131,2837	-247,0275
-157,1048	-260,6592
-138,6236	-269,5720
-146,6192	-273,2420
-148,6507	-288,4464
-160,6438	-277,8952
-141,5076	-271,4073
-158,0225	-276,1915
-162,1513	-277,6987
-151,9934	-285,7595
-167,5255	-278,0919
-164,2486	-275,4704
-173,9482	-268,7858
-175,4554	-267,3440
-173,2273	-272,7180
-175,5866	-285,9562
-182,7300	-277,0432
-167,5258	-279,7958
-178,5359	-287,9879
-181,3538	-281,4343
-179,1255	-287,7260
-186,2035	-298,9980
-181,6814	-299,6535
-182,7301	-299,1293
-187,7106	-305,2897
-185,0893	-311,2534
-186,7277	-306,9282
-184,4339	-305,8143
-176,2420	-327,5067
-189,8080	-314,9235
-193,6090	-313,0890
-187,6452	-326,2615
-177,8806	-328,8174
-183,5822	-330,3247
-186,2692	-328,4896
-191,5775	-318,8562
-184,5652	-329,0143
-189,4148	-331,3078
-181,7471	-330,5871
-183,3853	-339,4344
-186,5313	-325,2789
-177,4870	-337,0098
-186,0724	-342,7768
-167,3945	-345,1364
-180,5017	-349,2650
-168,5085	-346,4469
-177,0284	-347,3646
-172,0473	-348,4132
-160,4476	-349,3308
-159,0715	-359,1609
-160,5130	-350,9035
-158,7437	-341,9251
-161,2339	-345,2020
-160,8408	-350,2479
-168,6394	-341,9904
-158,8746	-329,5385
-165,2317	-330,9803
-163,2654	-325,8684
-158,6781	-323,9678
-162,4136	-315,1859
-154,6148	-309,3534
-147,1437	-321,3463
-144,3912	-310,7293
-153,5005	-315,5136
-145,7672	-314,9236
-137,8373	-320,2977
-130,8906	-319,6420
-137,6406	-326,0647
-135,2811	-304,1757
-122,1739	-309,6808
-124,6643	-300,1779
-116,3412	-304,2412
-118,1761	-296,6389
-117,1276	-283,3352
-119,8146	-290,8718
-105,4622	-296,9664
-126,2371	-286,5462
-113,9162	-294,4105
-122,9602	-283,5970
-116,7997	-277,3712
-114,5716	-285,3665
-111,2293	-275,2738
-125,7782	-272,5868
-118,5691	-267,5403
-114,3748	-262,7563
-106,8383	-256,4647
-108,8044	-242,1123
-122,5669	-251,0249
-117,7169	-237,2622
-115,1613	-216,6186
-110,3116	-218,7155
-114,6370	-213,1449
-101,4643	-211,4408
-110,0495	-205,0182
-107,1658	-196,4985
-100,4156	-195,1876
-86,2600	-189,0271
-99,4981	-177,2963
-87,8326	-179,8521
-83,7038	-180,4417
-92,6167	-171,6598
-93,2716	-173,2984
-71,9072	-172,1185
-80,7543	-177,2304
-76,0357	-186,6673
-68,1714	-167,7932
-71,1205	-176,6406
-66,6640	-169,4970
-69,0888	-166,5480
-61,7487	-171,3976
-56,6370	-168,6450
-56,8991	-151,9334
-58,9962	-153,9651
-49,4281	-159,7975
-64,0424	-146,6903
-55,5228	-147,9356
-55,9160	-147,1489
-48,5761	-148,7219
-57,3579	-147,1489
-69,0232	-144,1344
-55,5227	-161,8288
-68,9579	-145,6415
-64,9597	-142,3649
-64,5013	-153,5715
-58,1442	-147,0833
-65,8118	-146,4280
-48,7726	-146,2969
-62,2075	-142,8235
-50,8040	-146,8866
-60,7657	-146,1657
-48,0515	-135,4833
-43,7919	-131,5514
-56,9645	-145,1170
-55,9157	-134,6968
-47,5928	-129,1264
-47,2650	-123,0971
-47,3962	-135,7457
-41,1701	-136,9250
-47,7894	-126,2428
-26,7522	-134,5659
-38,2212	-134,0416
-43,3327	-124,4733
-32,1916	-141,9057
-32,5848	-128,3397
-32,3227	-122,4417
-35,2063	-130,3057
-39,5971	-120,2132
-33,5024	-124,5385
-38,4175	-107,0405
-36,8447	-109,6619
-41,1701	-115,3633
-37,8933	-107,3680
-39,1385	-102,0595
-39,6629	-106,2537
-43,1360	-100,8797
-37,7623	-104,3532
-30,7498	-103,8944
-40,9735	-96,7509
-24,9170	-87,4448
-36,3202	-80,1704
-21,4436	-93,3430
-23,6718	-85,6095
-22,2955	-69,8810
-30,3563	-82,2018
-14,7588	-81,7429
-15,8729	-69,7497
-17,2492	-66,9317
-25,6375	-71,9779
-10,3023	-48,4506
-14,7586	-71,5192
-14,6931	-50,7442
-7,2218	-63,6548
-1,8481	-67,5212
-0,7338	-53,3656
-8,2704	-59,9192
14,4704	-51,7926
-5,9112	-50,8099
-14,7584	-61,2299
-8,5981	-51,5306
-8,8604	-57,9531
-18,8218	-49,7612
-18,2976	-55,9871
-27,5381	-58,5428
-26,0310	-52,0547
-30,8804	-54,8073
-25,8999	-53,3653
-27,7348	-28,8550
-26,2931	-46,9429
-11,2854	-41,0444
-28,3249	-35,1462
-21,8365	-40,3891
-9,1884	-32,1316
-23,0818	-50,7439
-27,9314	-51,9889
-17,7733	-43,0106
-9,5159	-53,5621
-6,1082	-65,6204
-16,2660	-56,5766
-7,4842	-49,8922
-13,7099	-65,0308
-13,2512	-56,6422
-7,6151	-66,3417
-7,8772	-52,7101
-1,5857	-52,1860
-0,6683	-54,4797
4,1159	-42,8143
-9,3189	-52,6447
4,8370	-40,1271
5,9508	-35,4086
3,0675	-39,4062
1,3635	-40,4546
-2,8309	-30,9519
-0,0782	-33,1801
1,9533	-36,6535
11,1284	-37,8988
-0,2096	-35,0151
-5,3210	-38,6851
-4,2073	-42,3553
-12,5300	-45,9598
-5,1248	-52,6445
-18,2318	-40,9791
-16,5935	-43,2075
-16,6591	-47,8605
-23,6714	-61,6229
-10,5643	-39,9305
-31,3393	-43,2074
-25,3754	-41,3068
-16,2007	-38,6853
-29,7011	-46,8116
-33,8297	-42,0930
-17,5769	-41,6998
-29,5043	-39,3405
-15,6109	-32,4593
-10,2368	-46,2220
-9,3849	-51,9890
-8,9916	-40,4549
-20,3292	-50,8095
-16,1346	-34,8189
1,2976	-58,0186
-2,6345	-52,9065
-7,8117	-40,5204
-17,1832	-44,5835
-4,1417	-42,0277
-7,8773	-47,0083
-7,1563	-40,6512
1,0356	-36,9156
-7,2218	-44,0591
0,9045	-31,0174
0,2491	-29,9689
-15,4794	-22,3666
-12,6612	-30,6898
-11,7439	-32,5247
-7,1564	-24,2671
-17,5111	-29,5754
-18,8218	-17,5169
-21,9675	-23,0220
-10,3677	-13,9124
-18,9530	-11,1599
-11,6129	-23,8083
-26,0308	-22,0386
-10,1712	-19,2862
-16,0040	-3,6232
-11,6130	-20,2037
-13,8412	-17,3201
-17,7733	-15,9439
-10,6953	-23,0871
3,0672	-12,6670
10,0795	-15,4195
3,9847	-5,0649
5,1647	-17,8445
1,6257	-19,1549
8,4416	-21,5798
14,4053	-2,2469
15,4539	-10,0456
11,2596	-9,3245
17,4855	-2,2468
17,4855	-7,0964
11,5215	-7,1618
10,0145	-4,3438
18,9270	-4,2128
-2,3719	-10,0455
13,5532	-9,0623
3,1329	-5,5235
2,3465	-8,9969
0,9047	-9,5868
-9,6467	-12,0772
-6,3699	-0,0842
-9,3846	-12,7326
-14,6274	-13,0604
-14,5619	-16,2716
-11,0232	-21,5798
-28,1279	-18,2375
-28,5868	-14,6986
-25,2444	-8,6037
-17,5113	-1,5257
-19,3464	-0,0840
-25,0480	-7,4892
-24,1959	14,3341
-19,0843	12,5647
-19,0185	8,5016
-24,8513	16,1693
-20,1325	14,5965
-13,7757	18,5942
-19,1495	17,7421
-6,4356	8,8293
4,3778	19,4460
-12,0062	7,6496
3,5915	4,4384
-5,3870	10,1397
-8,4672	-1,9844
-0,7338	-7,8824
4,0500	-3,8194
-19,7393	-12,2736
-10,3021	-1,8535
-4,9283	-13,3879
-27,4070	-13,2565
-16,9866	4,3723
-18,8874	-9,9801
-8,1395	-14,3053
-16,9214	-5,1302
-9,5157	-9,5868
-17,2491	-0,6083
-13,3168	-4,2784
-4,8628	-8,5381
-2,0448	2,8651
-14,1033	-9,9800
-5,8457	-4,0815
-0,7993	2,4062
11,9799	-11,2251
-2,8309	-10,8974
-0,2094	-11,8149
2,2810	-10,1110
4,7057	-15,2884
-8,6634	-25,3809
7,8515	-13,9122
-4,2727	-19,7450
-9,4498	-14,3710
11,5870	-16,2064
0,5768	-32,3280
-1,3235	-22,7597
2,2153	-27,0195
-5,6490	-25,5123
-13,7099	-19,8760
-4,2071	0,7676
-5,7145	-21,5145
-4,4694	-7,4897
2,4775	-11,7496
-15,1517	-11,6839
-15,6757	-2,7055
7,2615	-7,4897
3,4604	-10,6353
-15,0863	-5,1302
-6,8284	-9,3245
-8,2704	-13,8464
-3,0930	-5,7855
-3,7484	14,6615
6,8685	-3,0987
-4,1416	-5,9165
12,8323	-10,7662
3,7228	9,6154
13,4221	-5,2613
7,9171	-1,0668
5,2301	-1,8533
13,2911	-1,0670
-0,5371	6,4043
4,5095	1,0301
3,2642	-2,6397
11,3906	-2,5087
6,6720	-2,3777
15,1916	3,2584
1,3636	4,7656
19,3204	0,1126
14,5363	-7,2929
11,0629	-2,2466
8,1139	-7,4240
18,2063	-14,8950
3,9195	-9,8487
14,5363	4,3724
7,7860	-5,3924
8,7691	0,0471
-1,4545	2,4064
-4,4038	5,9454
-2,6998	3,5862
-11,9405	10,1398
-1,8480	13,2856
-16,1351	7,3219
-9,1881	13,1548
-16,3318	19,0528
-18,9531	21,7399
-21,9678	30,5215
-29,7009	7,4530
-21,8367	16,8247
-15,7418	24,6888
-14,7588	9,2223
-5,7150	7,2563
-33,6984	4,7003
-12,0060	3,9794
-5,8457	12,4990
-8,0738	-2,3123
1,4944	-3,5573
-19,3459	-0,6739
-0,4715	-11,6839
0,9702	-8,0138
8,3102	-2,7056
-6,5010	-5,8513
-4,2071	-15,9437
-3,2896	-6,2444
7,7858	-0,9361
-9,0569	-6,1133
-9,2535	-2,9020
-6,6320	4,7657
-14,3655	3,8483
-22,8849	17,2832
-14,3654	15,5791
-20,3948	3,2586
-26,0963	10,4676
-14,4311	7,7149
-19,8707	-4,8023
-24,9168	17,7419
-33,6331	0,1127
-17,3147	-11,7492
-22,4265	-11,1593
-22,0989	-0,8703
-29,8320	8,3047
-25,6377	-1,9845
-18,4943	-2,3775
-16,9871	12,8923
-25,0478	9,1567
-8,6638	-2,9018
-14,0378	8,2394
-14,5619	6,4698
-5,5178	7,7149
-4,2727	11,1883
14,2741	2,7341
13,2254	5,3557
20,1067	-3,4262
11,3250	0,5715
12,4392	-1,3946
0,7083	-0,4117
19,3205	-0,8705
15,3226	-4,8680
12,3734	6,3386
1,5601	-4,6057
7,3928	6,7975
15,9123	6,9941
-3,0275	5,3558
2,0190	17,0211
7,8514	16,9556
3,7228	11,1229
2,1498	7,7152
4,5091	22,6573
-8,5325	22,4605
-0,9303	-1,1321
-8,0084	14,5966
0,8389	21,0189
-27,6036	16,8247
-6,1078	20,9535
-5,1905	22,3952
-13,8412	17,6767
-16,9212	23,3127
-13,7756	13,9411
-20,7877	12,2373
-11,9406	13,5479
-10,9574	8,8948
-22,6884	13,8100
-6,6320	0,8338
-10,5644	6,0113
-24,7855	7,8460
-8,5326	-1,4599
-8,2705	10,6642
-8,9915	9,1568
-6,4357	6,3386
-9,6468	-3,1639
-5,8457	0,7681
-8,8605	-1,8533
-20,0016	0,8991
-15,7415	-0,6737
-21,0502	-1,5256
-24,9820	5,7487
-15,8072	-1,7222
-3,7486	6,9942
-13,0547	13,7442
-6,2388	3,4551
-1,7824	3,1275
11,0626	4,3728
-2,8966	16,0380
0,9703	5,9454
5,3612	-8,4724
8,1792	-1,1323
-1,2579	-0,3460
1,4291	-12,6668
-2,1098	-13,5186
1,1669	-4,6058
3,9849	-8,6036
0,2491	1,3579
-13,1855	-0,8705
-11,0885	-1,7223
-11,9405	4,1104
-17,7734	-1,9843
-9,4502	21,0842
-9,3193	-2,5743
-8,4018	5,0937
-17,3802	19,5112
-12,9892	-7,4239
-18,4943	-0,3458
-16,0693	10,3363
-5,7802	-0,9359
-1,2584	-0,2147
-0,8651	0,1783
-21,7710	9,6811
-9,5156	17,2176
-12,7926	13,1544
-13,5133	9,2879
-9,8434	1,6202
-10,4989	6,0114
-12,0716	17,7421
-4,4039	10,0086
-6,5666	4,7659
-7,0253	4,7659
-8,0739	-7,2272
-6,8288	-8,4068
-7,2873	4,3727
0,1179	-3,0330
-7,6152	-3,2951
-4,2728	3,6517
-12,3991	0,0472
-12,7923	8,8946
-8,4014	12,1714
-6,8285	-1,7878
-1,1269	3,3242
-5,9110	8,8291
7,9172	6,6009
1,6910	0,2439
2,3465	-2,6397
-6,7630	-3,8193
-1,5201	9,4189
-4,8626	-6,5720
-1,7827	-1,1324
-25,6375	-1,1325
-18,2320	-2,5742
-19,4118	-0,9358
-13,6447	-2,6397
-21,9678	4,9624
-22,8852	13,2854
-8,4674	-6,1787
-25,1135	6,5353
-12,9236	6,1419
-20,8535	2,2754
-2,6345	-2,4433
-11,0886	-10,1109
0,1180	-4,9335
-15,9382	4,3724
-2,5032	-8,0794
-7,5496	-10,8319
-5,2558	-9,4556
-4,2071	-5,6544
3,2637	4,3069
-11,4161	-8,4726
-2,3066	-3,7539
-1,4547	-14,6983
-6,5010	0,3751
-1,7168	-4,4747
-9,4500	11,7125
2,5429	0,8337
-11,9404	5,3558
-1,3891	7,2563
-6,3699	4,3726
6,6717	3,3897
-0,2097	8,0427
-6,5010	1,8167
-12,4646	-0,3460
-5,8456	2,4064
-6,6975	-1,5257
-0,7339	-5,2613
-12,5303	-11,8148
-11,8094	-10,4386
-13,7755	4,3725
-11,8750	-10,9631
-16,2004	-11,0285
-27,5381	-8,2105
-7,8774	-5,6545
-18,6909	7,6492
-24,9822	-2,9677
-10,4987	-1,5913
-3,8798	-2,1155
-12,6616	2,6032
-7,9429	4,5036
-12,5303	-1,0013
-11,6784	2,4067
-12,9235	6,2733
-1,0616	15,5137
-12,9236	9,8120
-21,6399	3,9139
-16,5279	-0,7390
-15,0864	-0,4114
-17,5766	7,0596
-12,5303	-5,1954
-11,2851	17,8076
-7,1563	3,3239
-6,5664	-1,7221
1,1013	5,4213
2,9362	8,0426
-1,7823	-2,8363
-5,6490	-4,9989
-9,3843	2,9964
1,7565	4,1760
-9,5811	-6,0475
-15,5449	6,0765
-11,0884	4,7657
-12,7925	3,8484
-14,1032	9,6153
-15,4138	-15,0261
-1,0616	-0,1493
-8,8604	-0,7394
-12,7269	-7,6205
-7,0908	-7,8828
1,6255	-10,5697
-2,5688	-4,0816
2,1497	0,8335
4,0504	-10,3730
5,2299	3,7172
3,4605	0,1128
4,7713	-0,3459
-0,1438	3,4551
6,6062	-4,4091
-10,7606	-5,4575
7,4584	3,1276
-0,6026	5,0280
-3,4205	4,2415
15,3227	13,4821
6,0165	10,3362
8,1793	-1,3944
-1,9787	-3,8849
11,4563	8,4359
11,5217	13,0887
8,3104	6,7318
8,5728	-2,2466
23,0559	0,3750
15,2573	3,5207
27,6436	-0,4769
20,3035	18,2662
9,6212	-1,7221
10,8011	12,2373
15,1917	20,0358
13,6843	15,3827
-0,2749	10,9264
8,5725	13,6790
0,6425	22,2640
-7,4839	4,0451
-12,3334	17,6112
6,4752	22,7883
-13,3166	12,2370
4,6402	6,4699
-4,4693	12,3026
5,8198	2,0789
-0,4716	0,4405
-2,7653	0,5714
-0,0127	-9,1934
-0,2750	3,1273
3,0674	-9,7833
-3,8139	-5,3268
-0,9303	-3,6230
3,7227	-3,1643
-4,7971	-9,9799
-4,3382	-8,4725
1,9533	-1,5258
-9,7777	0,2436
-7,4839	-8,6693
-5,7798	-12,5358
9,6209	-24,7910
7,8515	-8,0795
2,4120	-7,4896
3,1331	-9,1936
0,1183	-13,9121
4,1816	-0,8049
4,5746	-4,6059
-4,8625	0,2440
-1,5202	9,2223
-7,5495	18,2663
0,2492	14,5309
-13,0546	23,7716
-6,6975	30,4561
-0,6683	24,0993
-7,6806	30,8495
8,5723	17,4148
-4,2727	46,5125
2,8053	24,4923
6,2130	22,4609
-9,5156	17,8078
-10,2363	15,9727
2,8707	10,8608
-3,4865	9,4191
-4,7971	9,9432
-11,1541	-0,6080
-13,5789	-1,1324
-6,8288	-5,4576
-10,6954	-1,0668
-13,7100	6,4042
-17,9042	-7,6205
6,5404	1,5547
-14,4965	8,6980
-12,3993	7,1251
-6,3044	12,6956
-4,7316	3,1930
-4,3383	11,5815
-5,9768	4,6347
-13,5131	-0,4114
-7,7461	-10,1764
-1,5202	2,1444
-7,4840	3,9794
-3,0931	-6,6376
-3,4208	3,9137
6,8028	1,2267
8,1789	4,1758
-2,3068	-12,1427
1,0356	-3,9506
8,2444	-8,5381
-10,8263	-19,0894
-4,0105	-11,3560
-0,2094	0,3747
-2,5032	6,4694
-0,2749	-9,4556
3,3951	3,0618
5,0992	-2,7055
0,7737	9,2221
9,9488	10,4673
3,0020	-7,6862
14,4707	-6,3098
3,1330	0,4404
-1,5199	2,4719
8,8346	-4,9991
-5,0592	7,5837
-12,4646	4,0448
-3,4864	-9,2588
-13,3167	9,6811
-10,4331	2,0788
-8,8604	10,7952
-9,9090	15,1206
-8,4670	11,0574
1,1012	7,9772
0,2493	6,3389
-6,2388	16,3658
0,3805	15,0550
7,9825	10,0089
-7,2216	7,3873
7,3929	3,9795
8,1136	9,5502
3,1985	4,3071
-1,6510	11,9093
6,2787	2,2754
10,8005	13,2855
4,2470	-0,3461
9,1622	0,3749
-1,1269	3,1274
-3,1585	-7,6205
7,2618	0,5717
6,3441	-1,9845
12,8978	-8,8656
7,6548	5,0936
3,9850	7,3215
6,0821	-11,8148
5,6889	-2,8362
-0,7336	-2,8363
2,6087	7,7150
-2,8963	6,6663
-1,9789	0,4406
1,0359	14,8585
-0,4060	12,4335
2,3466	-1,2635
2,0189	-3,6227
-1,9786	2,4067
13,8154	-2,1811
-3,6172	-7,1619
0,3808	-7,9483
18,0752	-2,9676
-4,9280	-4,0818
12,3082	-15,7471
7,3272	-17,0578
7,2617	-6,7686
5,6889	-6,3755
7,4582	-21,3176
-11,5471	-7,6860
13,3564	-10,8318
-8,4016	5,6833
-5,8456	4,1758
-0,3406	-1,9846
-7,7464	-0,3460
-4,0761	5,6177
-3,2244	1,8165
-11,8749	-7,6860
-15,6104	-4,3438
2,2154	-1,2635
-6,6976	-4,1471
-0,1439	3,9793
-2,5033	1,4887
-5,8455	-7,7515
-4,0105	-4,2781
-5,1246	-4,6715
-2,0445	-12,0114
-5,8456	-1,0015
-17,2488	-15,4848
-4,2728	1,2268
-1,9790	-10,1110
-7,4841	-5,9820
-0,8648	-5,3922
-2,6345	-3,6883
11,0627	0,5714
-6,6976	10,2708
1,7568	-3,4261
9,2934	4,3726
17,6163	0,8336
9,4245	8,4357
13,0945	3,3240
12,8324	-5,0646
13,4221	4,1104
2,6744	-1,1982
14,7985	-14,1742
1,6257	-14,4361
-1,6510	-0,7395
9,2935	-8,8660
12,7666	-8,4726
-4,5347	-17,2545
-5,3867	-15,3539
-2,3065	-5,9824
-12,6612	-10,8978
-0,8648	-17,2544
3,3949	-22,9561
-5,6489	-8,2760
-7,9427	-9,9800
-4,4038	4,8312
-13,8409	-10,5699
-0,4062	-11,9460
-3,3552	-12,6669
-8,1396	0,7023
-18,1663	1,1608
-7,3530	-25,1845
-7,0254	-11,3561
-11,4163	-14,5677
1,5599	-21,7110
-18,6252	-6,4412
-1,8478	-13,8468
-0,9305	-24,5288
-9,2535	1,1612
-11,6125	-8,2106
9,0966	-11,7493
-8,5982	-10,7006
-2,5032	2,6687
2,4773	0,5715
-6,3701	0,0471
-23,8024	0,3094
-13,6445	-3,6228
-14,6274	-15,0914
-16,9869	7,7805
-18,6252	3,3241
-12,5305	3,5208
-23,6715	10,5986
-22,4918	21,3463
-8,4672	5,8146
-15,6108	6,0769
-19,1496	17,8734
-20,2637	28,2278
-12,2686	16,1038
-30,3564	19,3808
-28,1281	19,5117
-23,6717	13,1548
-25,5069	16,6282
-28,5213	18,2011
-29,1112	21,4777
-28,0625	14,2687
-22,6231	23,5748
-17,5112	6,7975
-22,2954	-0,9356
-6,6322	-3,9504
-13,4481	2,0132
-10,6953	-1,4602
-7,6152	-7,0308
-3,0931	-10,5042
-11,6129	-5,6546
-5,3868	-5,1304
-20,7878	-15,3538
-12,5957	-5,6546
-2,3723	-6,1789
-9,9089	-4,5404
-15,6105	5,0934
-7,4840	-11,5528
-16,7901	-2,0499
-11,6128	-2,7055
-9,1878	-5,6544
2,7394	0,7679
-2,8310	-2,9677
-12,2681	-1,4603
3,1983	-2,4434
-10,0400	-10,1111
-4,9937	-7,6207
-12,3337	-5,7858
-5,7146	-10,3077
-9,6469	-11,2907
-22,2297	-16,2715
-24,9822	-13,3877
-15,4794	-10,5698
-14,3000	-10,8319
-15,2830	-4,2783
-20,5913	-2,3778
-11,3509	-5,4580
-12,3338	-6,2444
-19,2151	-20,5312
-10,4987	-15,3537
-6,4356	4,1758
-9,7779	-4,0163
-7,2220	-0,6738
-3,9452	-1,4603
-15,1519	0,8335
-5,3213	1,6201
-9,7124	-4,3437
-8,9915	-3,7537
-13,7754	7,6495
-6,6977	2,8653
-11,6129	14,5306
-9,3190	0,8336
-1,2581	7,2562
-5,3870	1,1613
-1,3237	-9,1934
-12,5959	1,3579
-9,9088	7,4526
-11,4161	-1,2636
0,7734	-5,7855
-5,7803	-5,1957
-4,4038	-8,3413
-6,6320	-0,9359
-5,3214	-8,8001
-7,8116	-7,7515
-8,0738	10,4673
-6,1732	3,3894
-10,3675	-7,9483
-1,1924	-5,3268
-13,1857	-4,9337
0,3150	-1,8534
4,9677	-5,5890
3,1983	2,3408
-5,9111	-1,5913
7,9170	-10,0453
-9,9743	6,3386
4,6403	-6,2445
6,9339	-7,5548
-3,3552	4,3724
8,7036	2,0786
3,2638	-10,6352
-14,6927	-6,7686
-4,1415	-6,2445
1,1011	-7,6860
-15,2827	-2,8366
-5,3213	-12,6669
-5,6491	-0,7394
-3,4864	-1,9190
-13,8409	-11,6183
-14,2996	-12,7978
-5,9765	-3,7539
0,9047	-3,6884
4,0503	-3,0984
6,7373	-2,7708
-2,6342	4,8313
1,9533	6,2076
3,1986	1,0301
4,2469	2,8652
-2,9619	-2,2467
1,2323	-4,5404
6,7374	1,3577
-2,1757	-16,4025
-5,9110	-14,5672
-5,1246	-2,8365
-2,6342	-10,8318
-0,7337	-4,0160
4,7713	1,3579
0,4459	4,7002
-0,9302	8,7635
6,9996	-8,8000
12,0458	9,4190
14,5362	10,4673
9,0967	-3,4915
5,6234	3,4552
12,3735	7,2561
-2,5685	0,6372
-6,3041	7,4527
2,2812	-3,6228
-6,2386	-6,1786
4,9681	-1,0014
1,4944	1,4889
3,1330	-8,2103
0,7736	-0,3461
6,4096	-0,2150
-1,7823	-4,8026
-7,5494	-2,9675
-3,6173	-4,0816
1,6911	1,6200
-12,2680	8,0424
1,6256	-2,1811
-10,2364	-2,2465
0,5770	-9,3899
-7,4184	6,8630
-12,6612	10,0741
-1,1269	4,5036
-4,6005	10,3363
0,9046	2,7341
-7,2874	0,1129
1,1012	6,3388
-10,8263	7,3217
0,0527	7,0596
-5,1247	14,5306
-3,1586	5,2901
0,3149	8,8945
0,7081	-7,6861
17,7474	-1,5256
8,8344	1,3578
3,5263	-7,8827
8,1792	-3,8850
2,3467	-8,1449
14,2086	-0,3459
8,6380	7,3215
1,6912	4,9624
3,8539	4,9625
-4,4693	20,2978
-9,1878	22,7880
-5,5835	7,7805
-5,6492	14,4653
-16,8558	16,4967
-11,0886	11,9747
-29,6353	4,7658
-14,1033	10,6642
-20,0015	11,4505
-20,8535	8,4359
-18,1663	3,5207
-9,1226	13,0890
-18,1665	14,2686
-19,1494	12,1059
-11,4817	14,9896
-11,1543	12,3682
-12,2682	18,0699
-15,6107	26,7860
-18,2319	20,1013
-13,6445	18,0043
2,5428	2,4724
-4,4040	17,2180
3,3292	16,6279
-13,5134	2,9310
-4,4693	13,7445
1,8221	15,9725
-7,2874	-5,2611
3,5916	-1,3944
-13,9066	13,2199
-11,4160	0,7026
-10,1056	6,7974
-18,4940	5,2901
-22,6884	7,8460
-18,6252	1,0303
-33,9605	2,9963
-11,5474	4,4382
-23,9994	-4,5403
-25,7032	6,0112
-17,0526	14,8582
-19,2810	-13,3222
-22,8197	-9,4553
-25,8344	-2,9673
-24,6547	-11,0938
-27,7348	-5,4577
-22,9507	5,0279
-19,2152	8,7635
-17,3147	8,5013
-26,6207	2,3410
-10,1712	-6,9650
-16,2005	9,4846
-4,8628	22,7881
-12,6615	7,4527
-5,5180	12,1716
-8,5981	2,6689
3,0673	12,7614
-4,0104	12,4335
7,4583	14,2685
2,6742	11,4504
4,9024	5,6833
6,4097	3,8483
-8,4014	-2,5088
-8,0736	-12,6012
-0,4062	-5,9820
-9,5156	-6,3100
-7,8117	-17,4510
-12,1371	-2,4432
-15,8726	-7,8173
0,1181	-13,0600
-21,8365	-10,4386
-6,3699	-2,1156
-10,4988	13,2198
-1,3238	-11,5527
-13,5135	-0,2803
-9,0569	0,6370
-15,3482	-4,0158
-4,3384	8,3048
-9,2535	11,7125
-20,0015	-1,8533
-13,5787	4,3072
-6,0424	11,4505
-14,9553	9,0911
-27,0792	7,5182
-2,5689	13,8098
-19,8705	-1,1979
-3,6176	9,7467
-25,2445	10,4675
-9,7779	15,0553
-14,2345	15,0552
-21,3122	34,3228
-10,0398	31,1114
1,4287	30,1286
-1,6513	26,8518
-7,8117	17,0870
-8,7946	25,6066
1,5600	22,3952
6,4752	14,1376
4,0503	-3,6880
-6,3698	19,1838
-5,8455	11,7781
5,2958	9,1567
5,1645	4,4380
6,8030	-5,0645
9,2933	9,6810
8,7035	6,9940
7,4584	5,4211
22,1383	4,7658
-1,4545	8,8290
7,9173	5,5523
16,8301	-0,3460
0,6425	-0,9358
6,2133	9,0912
6,4753	10,7294
7,8515	-4,0160
-8,8600	-4,6712
10,3420	13,0233
2,5431	-2,9020
16,4368	-1,8532
0,7736	-1,0669
9,9488	0,1128
13,2255	4,9623
3,7228	6,1420
-3,0928	-4,7369
0,7738	-13,9773
12,9634	3,9794
0,5769	6,4697
-11,6126	1,4233
-11,6782	-3,8194
-14,2342	3,4550
-9,2536	-9,3899
-15,2829	1,5545
-7,3532	0,1127
-13,9724	-1,2636
-23,0818	6,6008
-24,6547	-4,4749
-20,5258	-7,9481
-15,7419	2,3410
-19,1495	-3,1642
-15,2830	-1,4601
-13,4478	4,6345
1,4287	-10,5044
-4,8628	-10,7663
-9,6467	-13,7155
-7,1561	-5,3269
3,8536	-4,5406
7,9825	-20,1379
-7,4184	-9,8487
7,3273	-3,4264
3,1984	-6,6376
-1,4546	0,1128
3,3951	-8,4070
9,6208	-4,5402
-3,3552	4,5690
4,6401	7,1250
-9,9743	-2,9675
3,2640	-0,6083
-1,9134	-2,5743
8,6379	-3,7539
-3,7484	3,0618
9,4900	-1,4604
8,7690	-6,8343
0,5116	-6,2444
10,4731	-10,1766
3,3953	-15,0919
13,8809	-21,3832
11,9804	-16,2059
9,6866	-4,9993
7,2618	-10,0456
9,0968	-11,4873
-5,5176	-10,5698
15,3882	-10,1109
3,0018	0,5715
-1,3890	-1,5258
8,5071	-2,0499
9,5554	-2,0498
2,4123	12,6957
11,5872	4,1758
26,5294	0,6370
15,2571	2,1444
20,1726	11,3193
10,7353	-8,4071
14,6676	-1,9844
15,3883	-5,1958
18,5341	-14,5018
2,9365	-13,7154
6,9997	-14,7641
-1,2578	-18,8270
11,1940	-3,1642
8,3104	-10,4389
13,2910	-2,4433
17,0268	0,3745
21,1553	-18,1065
11,6527	-11,2906
5,9512	-12,4704
20,8279	-11,6839
15,5849	-14,4364
19,5826	-5,5890
3,9196	-13,4535
22,5972	-7,4240
-2,1098	-2,0503
6,6065	-8,7347
12,7012	-2,5090
9,1621	-15,4849
-1,3235	3,8483
17,5506	3,0616
-6,1078	-14,6985
-12,6612	-5,3267
-1,5856	6,4697
0,6425	-3,2952
2,1500	0,8991
12,0458	1,4889
4,3127	-0,8703
14,8641	1,8166
20,8933	-6,2443
16,1092	0,7025
10,0145	-7,8827
11,4563	-9,8487
12,2426	-5,9167
13,9467	-19,1549
13,3567	-1,3947
11,1287	-4,4095
18,7962	-17,7132
10,4078	-5,1303
15,1262	0,2436
7,8518	-17,5165
10,4732	-11,8803
4,5749	-5,5235
0,3806	-7,8826
18,2061	-3,8850
-0,8649	-2,4432
-17,7730	13,1542
5,7543	-6,1133
-0,4063	-10,9627
-7,7463	-6,5062
-14,4310	-1,5256
-24,4578	4,1761
-18,2975	16,0379
-20,3292	14,2031
-29,9630	14,3342
-23,4748	18,7907
-25,4410	22,1330
-21,3122	14,0066
-16,1351	21,1500
-3,0933	21,4777
-21,7056	31,9635
-11,6128	14,2032
-8,6638	25,1478
-8,7292	14,4653
1,7566	17,6768
0,3149	21,0189
1,1669	15,9072
7,3273	15,1207
4,3783	3,7829
2,6088	12,1060
4,7061	-2,2464
12,3083	13,6131
21,4176	-5,9165
10,0799	3,1276
14,7331	0,3092
11,9802	1,8823
3,9851	5,6833
7,1307	0,8992
1,6256	-0,9358
2,1498	7,7150
9,2277	3,8482
-12,0059	2,6031
8,4413	-4,2782
9,8831	-10,7662
4,1814	2,7340
0,6428	-5,5892
16,6333	-30,3616
8,1792	-0,0185
-2,8308	-17,4512
11,9148	5,8798
-2,1099	-1,3951
1,1669	-12,8635
-1,8477	-4,8026
12,4390	0,7679
-2,3721	-8,2761
9,2277	-3,8194
2,0843	-5,3925
8,9656	-2,5743
0,0527	-2,1157
8,1137	-4,0162
4,1815	-3,7541
11,5871	3,9137
11,9148	-21,4485
8,3759	5,8799
10,3421	-0,0185
18,0752	-0,2150
5,5579	-4,8681
17,6164	-6,5718
4,6403	2,2099
9,7520	-7,6860
9,2932	0,7682
-10,0399	-0,1494
-6,3698	0,8992
-3,0931	0,5060
-9,7779	7,9770
-15,5449	-3,2952
-13,3824	-1,3947
-14,6276	-19,6137
-16,0696	-15,1569
-33,1088	-1,9190
-37,6964	-11,7495
-25,1135	-7,2929
-33,8302	-7,7518
-41,3665	-16,1402
-39,8594	-9,6522
-38,8108	0,7023
-39,8593	-7,9483
-37,6966	-5,8511
-39,1384	-7,5550
-37,0411	-12,6013
-33,7643	-9,5210
-18,8877	0,5060
-27,8660	-4,5403
-21,5090	3,9793
-16,0694	0,5060
-14,1035	1,7512
-11,5474	0,3749
-20,7880	1,0303
-9,4501	4,1104
-6,5012	8,9601
-10,1710	5,6833
-9,7123	1,1614
-9,3190	-2,0497
-14,2997	23,8368
-8,3361	19,4459
-16,2003	6,2733
-9,1881	17,8733
-23,8024	15,7106
-3,3554	14,4000
-9,5811	18,0045
-6,5010	16,4970
-5,1902	20,6258
-2,6998	5,2248
-1,5200	8,3707
9,0968	13,6787
4,5093	4,5039
1,5603	8,0428
15,3229	11,1229
14,0775	7,9115
11,3907	9,4189
13,4223	9,0257
14,5364	2,7999
7,0653	1,0960
17,7475	23,6402
15,1917	11,2539
12,8322	9,4846
10,7353	8,5014
10,9317	0,9650
1,8226	11,7784
2,7399	11,0574
10,8664	9,8122
5,9510	4,1760
4,5749	7,1253
5,6234	5,1589
5,2957	-1,7222
-4,8623	3,7172
5,6889	5,0933
-3,6173	-1,7879
-4,8624	-2,5743
6,6062	-3,2955
3,0671	-20,2691
-13,6445	-11,2251
-13,1200	0,7021
-0,0130	-32,1312
-17,5769	-13,7155
-24,0645	2,3405
-18,5598	-13,9778
-7,0910	-13,5189
-13,0549	-13,2568
-8,1395	-10,6353
-17,9044	-12,8635
-4,0763	-13,3222
-7,2220	8,5011
-5,3214	-8,7348
-8,5325	-0,4771
0,5769	-11,4217
7,5893	-7,2928
-1,0615	-7,2929
-7,8114	-11,0284
3,5918	-7,6206
6,0165	3,7827
3,1330	-3,7541
2,7397	-6,3097
-1,0615	10,5328
-3,2896	-2,7054
-11,6128	1,2925
-6,3699	0,5715
-9,7778	-8,1447
-12,5959	-7,2272
-23,6059	14,5961
-7,0908	-1,0015
-12,3340	-4,7369
-5,8458	-10,1109
-14,6931	2,7341
1,1010	3,8481
-5,3215	-8,0793
-10,1055	-4,2784
-8,9912	-10,3730
-1,5859	-4,2126
-6,2388	7,0595
-2,5033	1,4233
4,8368	-5,9821
5,5576	7,9771
3,6571	-9,2588
-0,5370	-8,4068
12,8323	-10,1108
2,9363	-7,6859
11,2597	6,0765
19,8448	2,6029
23,3182	-2,1810
23,3838	11,2536
18,0099	-9,4557
28,0370	-12,6013
24,0390	-15,6815
17,8789	-16,0092
13,8812	-13,9778
23,8426	-17,7790
14,0121	-25,3157
20,2381	-29,7065
14,8641	-44,1244
23,9735	-25,6433
-4,7967	-25,5125
16,9614	-27,3473
21,3519	-24,0706
8,5724	-31,6726
1,7569	-24,3980
7,8515	-19,1551
13,2255	-20,0069
9,0310	-13,5188
-4,7968	-3,7541
5,7543	-12,6668
-5,1902	-1,9844
-6,1078	-5,6544
-2,2410	-1,5257
-9,3847	0,3749
-11,6127	9,0255
-3,4864	-2,9675
-8,5327	6,0764
-10,3022	-3,2297
-9,2535	-8,4724
-17,3799	-0,5426
1,4289	-1,8535
-5,5177	-7,4240
8,9655	-12,2736
11,3249	-1,5257
1,5601	-7,9484
7,3929	-13,5188
7,4584	-2,9677
8,3103	-11,7495
-7,3529	-12,4049
-6,4353	-11,5529
-8,5327	-11,4873
-14,6930	-6,0478
-23,9992	2,8649
-29,3732	-10,3733
-14,2345	-5,3924
-12,0065	-12,7979
-32,5189	1,6856
-10,3023	10,5328
-14,4311	-10,4385
-11,3508	-8,9310
-7,9427	6,9285
2,2152	0,5059
-2,0447	4,0448
-14,2341	2,7997
5,8853	-2,0500
-6,6322	2,9307
-1,9135	-1,0016
-3,0277	-11,4871
-9,9744	-8,1448
-10,8263	-10,1110
-6,6977	-14,1741
-9,5158	-6,4409
-3,4210	-3,5574
-13,9722	-0,0185
-14,1033	5,9452
-8,0083	-3,0987
-3,1590	5,8145
-20,9189	10,5328
-6,1733	12,8266
-3,7485	7,5838
-6,9598	-4,6057
-12,2680	10,8608
-4,0106	3,2585
-3,7484	9,8122
-5,2557	5,3557
3,9192	-5,4577
-10,1710	-5,2611
2,2152	-4,9990
-12,7925	2,5376
-9,3845	1,8164
-7,6152	-4,4094
-8,0084	-18,6961
2,8706	-8,7347
-8,5326	-11,2253
-3,7483	-15,6817
0,9046	-16,9268
-2,6342	-12,2738
-12,5301	-8,1451
-5,7143	-14,5676
2,8051	-20,9245
-6,7632	-2,4432
-11,3506	-10,1767
-12,3993	-3,2952
-14,8241	-5,3269
-8,6639	-1,6566
-21,9021	2,4064
-15,2175	-3,4263
-19,0185	-9,5864
-15,6107	12,1059
-23,6714	-0,1496
-6,8942	2,5378
-12,2683	9,2221
-12,7924	1,3579
-1,9790	-6,5063
0,7079	-0,8703
-6,1077	-7,0306
-9,6465	-2,6398
5,6234	1,5545
-6,1731	-0,5428
7,1962	-1,3947
8,7691	-1,0670
24,8252	-12,7323
-7,4184	-12,9289
1,8223	-7,9482
3,8539	-8,8659
-2,5688	-19,4170
-6,1730	-15,4195
2,5430	-13,1258
-2,3066	-16,9925
-3,8140	-22,3009
-9,3845	-25,1844
-15,4138	-18,2378
-7,2218	-24,8569
-8,2049	-12,0118
-7,4840	-21,9078
-18,6252	-30,8206
-4,5349	-20,5315
-9,5158	-24,6602
-16,3314	-15,4197
-8,7948	-34,1630
-4,2729	-34,0318
-11,6127	-23,1530
-6,4355	-24,4637
-8,5325	-31,7382
1,4943	-28,5925
-4,4037	-28,7235
-6,8286	-26,8230
-4,7968	-22,9564
-4,0105	-27,1506
-4,8624	-9,1938
-1,7823	-16,8614
2,0842	-15,3540
-12,1371	-7,6208
0,1837	-21,5797
-13,1202	-4,2127
-12,9236	-1,0016
-6,6977	-11,9458
-15,2831	1,9478
-21,1811	1,0302
-23,2129	-1,6565
-24,5234	6,3387
-19,6739	8,8947
-19,8049	12,2371
-10,2368	11,7783
-9,8435	9,2880
-15,8726	16,1036
-0,2749	15,3173
-5,3212	29,0797
18,7962	24,9509
20,8277	12,5648
21,5487	12,8270
24,8256	28,7522
29,1510	13,6135
18,0758	25,4100
39,7026	11,5163
45,4695	27,2451
19,3208	23,7061
39,5716	20,1015
42,6514	19,8396
38,6539	26,4586
24,1704	24,1647
30,8552	20,2982
21,5488	21,8053
9,1626	12,1061
19,0585	21,5432
15,2572	18,6595
-1,1267	3,4552
4,7058	17,0866
13,0288	-1,2634
3,9847	2,8000
-4,0761	6,7975
-10,6952	-1,8532
-6,2387	9,8777
-7,4185	4,5037
-9,3845	-1,0013
-12,6614	16,4311
-10,5641	0,1125
-18,0352	-13,5841
4,5746	-3,0986
-8,5983	-9,8486
-6,1732	-4,4092
-12,6614	1,1612
-14,4308	-2,8363
-9,7122	1,2925
-19,2805	-1,3291
-13,7099	6,9943
-8,5982	11,2537
-10,5643	4,2417
-16,2658	19,9048
-19,8703	17,2177
-17,6421	14,0721
-1,9135	20,6912
-14,8242	16,9557
-15,4139	15,5140
-2,4379	13,0890
-24,8512	-0,4113
-18,7562	20,7566
-14,5620	4,8312
-11,0885	1,6857
7,3924	-1,1325
-5,7801	-11,3562
-9,8432	-11,1596
-7,4182	-11,0286
12,8978	-20,8589
7,0651	-13,3879
8,7035	-15,8784
2,0190	-20,4659
7,9827	-12,1429
6,2789	-34,3595
9,8833	-35,4079
14,5363	-10,8321
-2,3718	-10,7013
24,7601	-27,5438
13,8808	-24,3324
16,8300	-17,0580
0,3150	-14,5677
11,9148	-25,7742
-3,0930	-16,1403
-0,4061	-6,8343
0,3147	-12,4704
-17,5765	-12,4703
-4,6003	-10,7665
-10,0401	-15,0262
-8,2048	-10,4387
-3,5519	-7,4241
1,0357	-2,5744
-4,6005	-1,3948
4,2471	4,8312
6,2786	2,7997
1,9533	3,9794
-1,8477	5,8802
0,6426	24,6232
2,3466	14,9239
-4,0761	2,7345
5,1646	21,3466
-4,4693	11,9748
-1,9133	7,1254
1,6910	9,6810
0,0527	-2,2465
-1,5202	8,2393
-1,5857	0,5713
-2,8964	1,0957
2,5431	-9,3245
-0,4717	-2,1156
-6,8941	-10,1112
-11,3505	-18,3030
1,2978	-14,1743
-8,3362	-16,7302
-16,1346	-17,5167
-7,7461	-5,0648
-6,6322	-12,8636
-9,1224	-8,8658
3,3948	-10,8317
-5,3213	0,8338
-7,8116	19,3147
-4,2726	14,0064
-1,0614	18,7251
7,9170	12,1716
-0,3407	16,8903
-8,0082	14,9241
3,1983	15,9073
-0,3407	15,7105
-10,3677	8,1739
-4,8628	3,8486
-16,3314	10,4676
-10,8921	-0,4771
-1,3893	-8,6034
-4,9940	-0,7392
-15,8727	-11,9460
-12,7926	0,7680
-17,7078	-9,9801
-25,3754	-17,7785
-2,6345	-0,6084
-27,8003	-4,6061
-4,4693	-5,2613
0,4457	6,2073
1,1011	-3,1641
-6,1732	2,6686
9,0967	6,7317
14,6671	-2,2466
9,1621	8,5013
-3,1583	0,1125
20,9588	-13,0600
15,3226	3,1929
4,4438	3,3237
6,6065	-8,6692
6,8031	-11,6182
10,0143	-1,3947
9,2934	1,5542
9,4246	-10,7664
-2,7652	-19,0240
17,4856	-12,3393
5,0989	-21,3832
3,8540	-12,5360
10,4075	-8,3418
2,6086	-11,1598
0,5117	-20,7935
14,2083	-15,2228
-3,6827	-0,0187
9,0312	-7,6208
7,3272	-9,2591
3,0673	-2,3121
-3,1585	2,9962
-13,1200	6,3385
-1,1268	3,4551
-15,5450	0,1785
-4,4691	8,3705
2,3462	17,9387
-5,8457	12,3682
-12,1369	3,3899
6,6060	14,2689
-11,8750	23,0505
9,2275	21,3466
-11,1542	9,6814
-3,6830	15,4485
-8,0738	14,8587
-0,4062	20,7569
0,0527	13,8101
7,5892	21,0846
-1,3234	11,1230
4,1816	24,3614
8,5071	32,2909
14,6019	10,9919
25,0877	21,6743
17,6822	22,5917
33,6075	15,5794
26,5295	10,9919
32,3623	1,1615
18,2064	4,1106
21,5490	11,0572
23,1216	-5,1301
17,6166	13,0888
17,0924	8,1078
16,6991	-15,3537
11,3908	-3,2952
24,1701	-11,6182
13,3568	-10,8973
9,0969	0,8992
14,2087	-0,0840
8,5725	-2,6398
9,9488	-12,7322
6,2131	3,2588
8,4413	8,9600
-0,4062	11,3194
10,2761	-13,5185
-11,9405	11,0575
-16,3314	3,9138
-0,4063	2,2756
-14,6278	1,3581
-22,4262	4,1106
-3,0278	19,7079
-19,6740	2,0789
-24,1959	14,8584
-12,2683	5,2247
-20,1981	6,2079
-11,2852	18,4630
-18,0354	14,4652
-6,6975	8,2394
-1,6514	16,4314
2,4119	14,7274
-4,8626	14,2687
5,2300	15,4483
-0,5370	11,6471
10,0797	4,6350
11,7182	6,9287
0,1182	12,7614
-1,8476	11,8438
13,6186	17,8731
-6,6319	7,5840
-9,1877	12,6958
2,3466	10,4676
-7,8116	1,0959
0,9703	2,0790
-6,1077	13,2855
4,9024	10,0086
-8,9257	4,1103
3,5918	-2,7708
12,6355	-0,6082
7,8513	-8,8001
3,3296	4,8968
2,0189	-10,4387
20,1068	-6,1131
6,6063	1,4233
12,5702	1,2266
11,8493	-12,6668
18,4030	-8,7345
1,3636	5,1589
13,6845	-9,1279
1,3635	-3,8194
15,3882	0,2436
-6,4354	-3,8850
-1,6511	7,3871
-3,3552	-11,8150
-7,8773	-6,8995
-0,1441	-5,4580
-14,1034	-12,8634
-18,2319	-9,2590
-18,3630	-9,1279
-4,0763	-7,3585
-1,6516	-3,9506
-12,4649	-8,4070
-19,5427	7,0595
-1,4549	5,0278
-11,1544	-3,6882
-19,1495	2,2100
-19,8704	16,0379
-14,8898	10,3364
-15,3485	8,1736
-13,6446	5,5523
-27,4070	10,2708
-2,7000	11,4504
-8,0087	4,5037
-12,2684	15,7103
-17,5111	3,8482
-11,8752	-4,6710
-18,1009	13,6787
-11,8096	5,6178
-7,4186	-1,9843
-28,3901	11,5160
4,1157	0,7680
-13,5791	-6,8995
-12,0716	-7,8827
-8,3361	-12,9289
-10,5643	-1,6569
-13,5788	-7,3587
10,0138	-17,4510
-8,1395	-9,1937
-0,5373	-17,5167
0,9046	-20,6624
1,2323	-16,4681
-4,8623	-14,3710
13,2910	-13,4534
3,5918	-12,0771
17,6165	-16,0748
10,4732	1,3578
14,7986	0,1781
6,4756	-2,4432
16,6993	-2,2467
23,3182	-12,4701
8,6382	1,8823
12,2427	-1,0670
0,1842	-8,2103
24,6944	-2,1808
10,9974	9,9431
14,4708	6,0109