-55,3281	-45,5246
-59,3914	-78,2268
-54,2796	-47,6870
-63,1925	-46,3768
-48,9056	-84,7805
-47,0710	-58,9594
-69,4185	-84,5186
-65,2239	-78,6855
-58,6705	-57,2558
-56,6389	-92,1864
-45,8910	-82,0936
-54,4762	-72,3947
-51,3959	-97,6913
-39,4029	-78,0962
-58,6706	-92,3175
-50,4127	-93,7591
-45,9567	-80,3900
-58,8670	-97,4294
-53,8208	-88,8440
-47,1363	-84,8465
-54,7386	-104,1793
-62,1440	-72,5911
-69,5495	-94,4804
-55,6560	-98,1500
-57,1635	-78,8828
-63,0617	-107,0633
-71,6469	-92,1210
-75,9067	-95,2015
-59,9159	-117,8111
-71,5815	-97,4951
-77,6105	-117,8771
-63,6515	-124,6924
-59,9816	-96,5781
-73,4818	-135,9650
-60,5055	-121,6780
-63,7825	-119,5812
-57,5565	-160,6064
-62,6683	-132,0327
-54,0175	-136,8174
-59,8501	-151,7593
-49,3644	-137,0794
-44,5804	-159,9517
-61,3576	-150,7109
-68,6973	-135,3104
-56,5733	-162,1143
-55,5248	-141,7327
-60,5711	-150,9079
-57,6874	-161,7866
-56,7701	-141,7328
-65,6828	-170,8308
-55,9837	-174,1073
-52,1827	-157,2651
-69,0909	-183,0206
-67,4525	-172,2727
-72,3024	-187,2808
-73,0233	-200,6498
-89,0797	-177,0571
-88,1622	-198,2909
-97,8615	-197,8318
-93,3398	-174,3048
-108,4785	-199,2739
-98,3862	-190,3608
-110,3792	-178,9578
-112,7385	-218,0825
-111,8866	-172,2074
-115,2947	-192,7207
-117,1950	-207,2035
-123,2244	-184,0698
-106,9716	-216,6411
-113,3940	-198,6841
-111,6247	-202,4202
-122,7001	-232,8285
-112,8041	-210,6120
-111,0347	-238,0719
-115,5568	-250,3922
-115,0323	-228,2416
-116,4742	-257,0120
-109,2653	-254,0627
-120,9307	-249,2791
-112,6076	-291,8774
-115,5568	-275,6245
-120,7999	-285,1931
-144,0648	-308,5238
-113,9840	-295,9411
-128,7298	-318,4857
-129,3850	-324,1870
-128,5987	-303,8714
-136,4630	-341,0302
-146,5554	-313,2427
-142,1646	-311,1461
-134,6936	-333,8212
-137,9050	-309,9662
-149,4391	-325,7606
-138,7569	-325,6946
-148,3907	-299,6118
-152,3884	-344,1760
-144,1309	-317,9614
-157,2383	-317,7654
-145,6384	-345,6177
-158,6147	-317,8962
-166,0856	-333,8874
-164,7750	-350,0743
-181,8144	-322,1564
-169,4280	-377,3377
-166,5448	-366,5896
-186,7297	-361,7404
-171,5255	-394,2461
-186,0090	-365,5415
-193,8733	-404,2737
-186,7954	-402,6349
-193,2836	-374,3239
-185,6814	-431,0781
-201,4101	-409,9753
-194,0046	-410,5001
-198,9853	-440,1876
-198,9853	-415,8083
-200,0340	-436,0595
-208,5535	-450,6080
-192,8250	-427,2119
-193,0873	-454,9339
-216,6145	-455,1302
-208,3571	-445,6279
-209,7988	-471,7111
-214,7798	-455,9169
-216,0249	-474,7918
-222,5787	-494,4520
-225,2655	-467,5173
-225,0693	-502,5791
-235,5549	-509,7877
-233,5234	-489,3410
-240,7324	-514,1792
-244,5335	-504,8731
-246,3686	-509,5265
-250,4318	-547,2750
-261,3109	-531,6774
-258,2306	-548,6517
-259,8037	-560,4479
-260,4589	-534,9549
-261,9010	-571,3276
-275,4012	-555,7954
-268,3233	-577,8816
-268,4546	-610,8457
-281,7584	-578,6679
-264,7846	-616,5480
-275,9915	-625,0672
-273,1735	-607,5697
-287,7880	-642,7624
-290,5404	-630,4416
-285,8875	-626,9688
-288,8368	-662,1613
-298,7326	-637,8476
-306,7281	-651,2829
-314,1336	-676,3828
-316,6241	-653,9699
-312,6921	-682,6092
-329,0762	-679,0046
-331,8943	-670,7475
-346,5744	-699,0588
-334,3193	-685,5584
-350,8346	-687,4592
-354,4391	-714,3943
-359,2888	-686,8693
-368,2019	-708,6930
-379,1462	-700,2386
-370,6922	-684,3794
-379,9329	-713,0840
-380,9815	-696,5690
-385,1759	-710,5940
-397,8245	-732,7447
-399,8559	-712,5600
-403,7884	-741,3305
-401,9533	-734,5799
-414,0121	-718,0655
-422,5972	-764,5303
-407,6551	-755,9449
-399,2014	-750,3093
-426,7919	-776,3924
-412,2428	-749,5228
-425,1535	-783,0119
-418,8621	-775,4748
-438,4574	-749,8510
-427,7751	-799,9857
-440,6857	-777,7034
-443,2417	-784,5852
-452,8755	-809,5541
-446,3220	-790,6800
-457,5942	-808,1128
-456,3491	-814,4043
-463,4924	-810,8654
-445,4047	-835,0483
-459,7572	-824,7590
-462,6406	-820,6962
-466,7695	-852,2187
-460,4778	-829,7398
-461,9199	-840,5536
-462,0508	-833,7375
-454,5143	-820,8273
-451,4339	-851,5634
-458,9705	-827,2493
-448,0258	-806,9339
-449,1401	-846,3205
-447,9603	-818,2711
-445,3389	-826,7255
-433,2802	-840,7498
-429,7416	-803,5911
-439,9649	-838,4563
-437,9989	-820,8266
-432,8215	-803,9189
-423,8432	-840,2909
-443,6351	-804,3771
-445,4042	-811,6520
-430,7243	-831,2468
-434,1978	-799,7897
-440,4237	-813,1593
-443,8314	-821,7440
-440,8169	-796,6441
-447,5669	-833,2130
-433,5424	-802,0831
-446,3875	-795,0712
-443,5037	-807,1949
-430,2001	-785,6993
-435,2464	-800,0516
-432,0351	-793,6941
-435,5739	-764,3344
-432,8869	-796,3813
-437,6709	-757,5838
-420,6315	-771,4776
-418,0101	-782,4872
-411,1943	-740,8722
-416,4370	-761,5816
-404,2472	-766,1686
-401,1670	-730,3862
-394,3512	-755,6175
-387,2732	-742,9030
-389,6325	-716,9512
-382,4889	-748,5391
-374,4936	-709,9383
-371,3479	-717,2130
-372,8551	-705,6128
-365,5806	-694,1442
-366,3669	-712,8873
-364,8595	-687,0002
-354,3737	-667,9297
-349,9172	-708,8892
-356,1429	-662,8828
-344,2153	-661,6381
-340,3486	-674,2203
-332,2877	-637,4548
-331,1735	-659,6715
-336,1542	-637,1922
-315,5759	-632,2117
-329,2075	-654,8211
-337,2680	-610,7153
-322,0639	-610,1914
-325,1442	-622,8392
-325,6684	-583,1245
-326,7170	-605,3411
-331,2389	-586,0731
-313,7409	-560,5143
-330,1249	-577,8809
-316,5588	-549,6347
-329,4692	-534,6926
-313,4130	-542,1632
-308,4975	-504,9388
-290,9341	-523,5510
-297,6186	-503,0379
-293,1620	-476,1684
-288,4433	-505,5283
-290,9338	-487,5056
-280,8411	-468,2385
-284,3147	-508,4115
-292,1787	-458,0799
-285,7563	-474,8575
-270,3556	-477,2819
-295,0625	-447,6599
-288,3777	-490,7824
-283,8558	-465,8783
-286,6082	-451,9196
-281,1030	-477,6748
-280,7099	-441,7609
-269,8962	-447,3319
-254,5609	-456,4407
-254,0366	-414,1703
-260,9833	-441,5644
-241,9777	-431,4711
-259,0172	-404,6020
-242,1741	-439,4667
-237,1937	-404,2080
-243,9437	-396,9996
-235,5550	-421,2473
-237,8488	-375,3067
-244,9266	-390,7734
-228,7392	-394,0496
-231,4263	-366,7216
-231,4917	-388,3481
-225,0036	-363,7064
-228,8703	-356,4323
-217,2048	-377,9275
-229,6566	-346,0772
-223,2338	-351,3200
-214,1246	-353,3512
-207,8332	-329,5619
-221,0058	-347,3220
-213,3380	-332,7727
-216,4837	-319,9934
-214,7142	-328,9060
-218,3840	-302,7572
-205,2770	-304,7233
-202,3931	-309,0482
-188,3031	-287,1594
-199,9684	-305,1161
-185,1571	-274,2484
-190,0068	-263,2387
-192,6937	-298,0379
-181,3558	-268,8086
-186,9921	-271,2993
-185,2879	-279,1632
-184,2393	-267,2358
-165,9548	-270,0537
-164,6441	-251,3760
-167,2653	-246,3299
-156,3208	-280,4738
-148,1944	-241,4143
-162,8742	-244,8226
-149,9637	-266,0556
-149,5049	-231,1252
-152,3230	-253,6041
-153,6335	-234,1396
-142,7547	-214,4139
-141,5095	-257,5360
-139,8711	-228,5034
-139,7399	-225,5547
-143,2787	-234,4017
-137,9049	-211,0710
-131,0890	-232,8291
-131,4168	-233,4183
-138,6911	-197,8327
-127,2878	-233,8117
-133,8415	-203,1409
-122,7004	-206,7455
-135,4797	-223,6533
-117,0643	-185,1838
-131,6132	-207,2696
-129,5814	-194,1619
-117,3916	-161,7219
-120,6030	-198,8805
-106,9714	-176,5324
-124,1418	-157,8550
-102,2527	-165,9156
-106,8401	-152,4152
-107,2334	-167,4885
-102,2525	-165,9808
-90,8495	-134,7206
-90,1285	-170,8307
-98,7139	-171,0925
-105,3327	-147,6311
-106,7746	-167,5540
-101,9249	-149,0727
-106,6437	-160,8696
-119,3575	-170,5684
-107,6265	-143,9612
-101,5319	-165,5879
-116,6707	-163,2939
-111,4275	-143,7644
-96,4200	-161,4588
-89,7354	-132,6229
-90,9804	-121,8098
-83,1161	-141,7325
-88,5554	-115,2559
-84,8852	-131,5088
-70,4674	-131,1808
-89,4072	-112,2413
-78,2003	-145,7954
-65,7488	-105,9494
-64,5034	-120,1056
-76,1688	-141,0110
-64,3722	-107,9154
-77,2175	-107,1292
-68,8942	-103,1966
-70,9261	-84,3882
-61,8168	-104,4419
-89,7350	-87,9264
-84,6231	-78,0966
-84,1645	-108,2426
-84,8198	-66,8896
-88,6863	-90,4827
-83,5091	-85,5015
-81,7394	-66,1034
-78,0040	-110,7987
-73,0886	-87,4020
-57,8189	-75,3439
-64,0448	-105,4247
-61,4233	-77,9650
-55,0661	-94,9393
-62,6684	-111,9780
-54,4107	-78,8172
-53,6899	-111,9131
-47,9881	-97,6912
-55,7868	-87,6647
-37,6335	-119,3839
-49,4297	-98,5435
-39,0096	-98,1506
-48,7742	-115,2552
-35,5360	-86,0920
-27,3440	-123,1198
-52,3787	-106,8665
-30,2930	-82,4875
-32,7182	-105,4250
-48,3812	-82,0284
-48,5778	-85,0434
-53,2310	-101,0992
-61,2921	-69,3144
-64,6343	-92,8419
-66,6662	-77,7682
-67,3215	-67,5450
-62,4720	-97,8878
-76,9556	-71,0179
-83,5090	-62,3020
-81,6086	-92,1860
-77,5453	-65,0540
-84,6235	-70,2973
-93,9948	-73,3772
-85,2130	-50,8330
-84,7543	-84,7150
-79,5114	-69,9692
-73,4163	-54,2409
-67,7804	-80,6515
-62,7340	-50,5049
-63,2581	-56,0103
-56,7044	-64,3984
-38,1577	-35,7595
-46,8083	-77,5058
-39,7958	-53,7160
-34,9462	-41,7236
-26,4919	-75,6708
-24,9190	-56,4032
-25,6397	-65,4475
-24,7878	-67,4788
-15,4161	-38,3156
-24,5255	-71,5424
-8,7970	-70,1657
-23,6737	-40,7406
-9,5835	-76,1296
-10,5666	-48,1457
-21,9043	-57,1245
-10,7632	-64,9882
-24,5258	-36,3493
-23,4771	-55,1582
-15,4818	-50,8324
-27,5403	-35,2353
-17,3168	-77,0468
-27,6714	-31,2371
-36,7809	-41,5923
-22,6906	-53,9781
-25,3123	-19,8341
-27,9992	-55,6824
-27,2784	-54,1745
-28,7856	-29,0746
-30,0965	-53,1263
-21,8390	-35,3657
-36,6501	-38,5774
-29,8344	-53,2570
-38,9439	-17,2125
-33,5044	-40,3467
-42,7450	-43,9509
-45,6940	-19,6373
-42,9417	-54,7645
-40,9100	-28,3532
-37,5677	-20,6205
-38,6819	-42,5748
-37,9609	-18,1298
-42,0241	-35,2350
-27,7373	-48,6038
-44,3178	-0,5663
-23,7394	-43,7546
-33,8975	-16,2290
-19,6106	-13,4114
-24,0670	-40,1497
-9,6492	-13,8696
-12,0084	-16,0327
-19,5450	-21,6683
-12,4671	19,0290
-11,7462	-32,1544
-18,9550	-6,5294
-1,8502	15,4900
-14,1054	-33,2028
-6,6997	-5,3497
-8,9933	4,1526
-1,9155	-11,1171
11,1262	2,9731
9,2257	-16,5567
4,4419	-8,6919
25,7410	15,9491
29,2143	-24,8795
18,9253	5,5293
27,1173	3,3661
14,9277	-17,0806
17,7457	12,9346
19,0564	-2,0078
18,6630	-5,3497
6,2113	13,4588
17,1556	-18,6536
-4,4714	15,0975
-2,1120	16,9321
10,9949	-5,8085
-13,1223	25,9765
-4,6681	8,7402
-2,5709	-7,1189
-4,4061	29,3188
-9,9108	-5,2187
0,5749	12,7383
0,9681	14,9006
4,5727	-6,4638
10,0122	7,6919
10,4708	-1,6145
11,7818	-9,5440
9,8157	12,6723
14,2066	-18,1950
9,6192	-7,1848
17,8111	2,1865
7,3253	-19,2434
18,5975	13,0002
15,3862	-5,7434
20,9566	-13,3451
14,7964	11,1651
15,3205	-20,4887
-4,5365	5,0705
13,0270	10,5094
18,9907	-38,1177
9,4879	5,2672
6,2113	4,4801
18,5320	-22,9133
25,3476	22,0441
10,2744	-7,7094
17,0247	-4,4322
14,4031	10,1819
22,3985	-24,0274
14,0099	16,6703
10,6676	12,0169
3,0655	-9,0854
17,6144	17,5221
9,4880	-9,4788
-0,4735	-1,5486
1,1650	26,8934
8,5047	-30,8435
3,7863	0,4177
-9,3211	5,7253
-5,7820	-24,6828
-8,7969	17,1289
-12,9255	0,8757
-9,7144	-20,7507
-12,9256	13,7210
-15,3504	-11,4448
-2,8987	13,7868
-8,7969	5,6599
-7,0273	-6,7916
-11,4838	14,7041
-10,6973	-0,5659
-18,3650	-7,3158
-11,4837	15,5559
-11,8770	-24,8141
-13,1220	-8,2332
3,6550	4,7424
-15,6780	-15,4425
-4,2744	2,9730
8,8324	-6,3987
3,3275	-7,5125
6,8664	17,8496
11,1262	-6,7918
-3,1605	11,0997
15,3205	9,5922
6,8663	-15,0490
-3,7503	16,1462
7,2597	26,3037
8,9635	-8,6920
4,1795	7,4298
3,5897	-3,3837
15,7794	3,1047
6,8664	23,4204
4,1141	-8,4300
1,4270	0,6142
14,8619	15,4249
-1,7846	-10,7237
-3,1605	12,9348
2,4752	-1,7456
-2,5710	-14,2625
-8,3383	13,1969
-21,7731	-9,3476
-33,7660	2,5804
-6,1100	25,7140
-27,0160	-13,3450
-28,3923	30,5642
-19,3483	22,3717
-23,4773	8,8718
-22,7563	29,8432
-29,7687	-10,7891
-28,3268	16,8019
-28,7202	34,6925
-28,7857	2,2526
-35,4704	32,5957
-20,0040	21,5199
-39,8613	8,3476
-24,0015	29,5811
-34,8807	1,7286
-39,7957	20,9962
-31,2761	25,7800
-32,0626	5,3331
-38,6816	36,0695
-24,5260	26,3696
-35,2737	5,7264
-34,4219	40,5256
-34,2250	19,6850
-35,6671	14,3114
-38,3539	32,6611
-31,8003	6,3812
-26,4266	14,4424
-38,9438	9,5923
-23,0841	-2,3349
-21,1836	15,0320
-24,8536	-2,2697
-25,6397	6,5778
-21,4455	14,1796
-11,9427	-6,7916
-8,7970	8,0196
-0,7360	-2,0077
-12,0737	-19,4399
7,7183	10,9687
6,0142	-5,8088
5,8832	-13,1483
-12,9911	8,6092
4,3105	-6,0707
-0,0150	15,7528
-16,8578	21,4541
-14,5639	1,8593
5,6209	27,2872
-14,1056	10,3789
-12,1395	13,5250
-22,4285	42,6226
-28,5889	12,8038
-24,4601	15,8845
-15,5475	36,7246
-42,3514	6,9059
-43,7931	39,6083
-13,3191	38,4937
-35,0119	10,8379
-34,2252	38,7561
-34,8808	-4,4322
-43,7937	16,0155
-42,8762	29,8429
-45,8910	-3,6456
-43,7937	22,6344
-42,6797	17,1945
-39,7960	-7,4466
-47,2016	26,0420
-40,9099	7,5607
-39,2715	-2,5969
-29,1789	22,5030
-32,1938	0,0242
-36,4532	16,2774
-35,6668	13,2624
-20,4625	-2,6624
-26,2953	34,6927
-19,4794	4,2184
-24,1981	3,0393
-10,6976	34,3650
-18,8897	4,0219
-14,1709	10,4448
-21,1177	19,7504
-12,7947	10,5758
-16,2679	31,6780
-15,7438	15,0973
-11,8771	1,5974
-14,8263	27,2871
-7,8796	4,6774
-16,3337	4,4809
-15,4818	21,7166
-27,0163	-1,0898
-27,6061	10,3136
-34,4218	7,3641
-40,1890	-7,9709
-31,9971	24,7968
-34,9463	3,9562
-34,1598	2,9734
-37,5678	18,5052
-47,7257	-4,8910
-43,1383	22,8962
-39,7304	4,9390
-43,7938	-19,8985
-41,9588	21,7165
-51,0683	-11,7724
-55,7213	3,3668
-53,1653	24,7310
-42,0899	-3,5803
-44,5804	6,9712
-41,0412	11,3618
-47,5947	0,7451
-35,2085	12,0829
-46,3495	5,9223
-25,5092	-1,2208
-33,1768	20,2092
-40,0581	-2,4005
-49,8229	16,0153
-47,9223	21,2577
-46,3495	5,5951
-49,1021	40,0013
-44,1213	19,1606
-54,5416	22,4379
-50,8714	38,3627
-42,8762	6,5780
-37,9609	27,4187
-40,5823	35,6102
-31,0796	15,7531
-35,4705	32,0060
-31,3416	29,3844
-41,3685	24,7972
-29,7031	35,4793
-28,5890	15,4255
-28,3925	28,0742
-29,6375	51,8632
-23,2805	12,2798
-16,8580	32,7272
-25,8365	33,9064
-10,4353	13,1320
-12,2705	29,2535
-3,0298	10,3137
-11,3529	31,4164
-14,1709	34,9548
-17,9717	-1,1550
-5,0613	31,5474
-10,1076	12,2795
-16,9234	6,1196
-10,5007	38,4940
-4,7338	22,3719
-17,9064	11,1658
-16,0060	35,1516
-20,3313	7,1024
-29,4409	29,5158
-17,5133	28,4668
-29,1134	7,0369
-30,7518	28,6637
-34,6184	15,9495
-33,9631	12,2143
-41,0409	42,7534
-20,3972	-12,2966
-45,8906	2,7116
-34,6838	19,4881
-27,4095	-15,7700
-20,9213	7,2331
-15,4164	-5,8087
-20,5280	-7,6435
-21,1176	9,0024
-10,5009	-18,5881
-8,5349	0,2866
-14,1053	19,6846
-6,6343	-23,1099
-14,3020	17,1294
-15,7437	11,3618
-8,0106	6,5125
-8,3385	27,4839
-27,9990	15,1631
-13,0568	15,2943
-6,0447	24,7968
-15,5473	1,0073
-18,4308	11,4932
-9,6490	6,4466
-15,6127	0,7453
-1,1948	19,0950
-6,9620	-4,2359
-12,2703	-7,5779
-4,9302	12,2792
-4,0784	-21,2095
-3,2919	8,8716
-1,4569	13,3930
2,7374	-14,0661
-3,1608	11,8860
6,3418	-7,5128
-4,0127	-0,7623
-5,1925	1,4656
-24,5909	-20,6196
-6,3720	9,8546
-15,2851	11,9514
-18,1686	-17,6705
-13,0569	17,2603
-29,8997	9,2645
-26,3607	0,6142
-23,0186	23,1584
-25,7055	6,5778
-32,4557	17,8503
-25,7711	21,8477
-34,4219	12,8696
-23,8705	36,5280
-32,9801	16,5394
-28,9822	10,4450
-15,7441	50,4871
-20,9870	15,5564
-22,0353	22,0450
-16,9893	34,5619
-29,7029	16,0155
-21,5110	53,6330
-12,9258	26,0420
-24,2636	22,6348
-24,4599	44,3267
-13,9089	-2,7935
-14,3676	12,5424
-19,7415	47,6689
-7,6173	15,8185
-9,8456	20,9962
-5,5202	23,9449
-18,4961	7,4301
0,9025	47,0792
-1,8501	12,1483
-10,6973	12,9353
1,1647	50,2904
-4,9957	16,6049
-4,9957	25,2561
-13,2532	50,5525
-2,1121	22,1101
-21,6421	32,7271
-13,1878	36,2003
-22,8216	25,5837
-17,7098	46,6861
-18,1031	5,8573
-15,2851	28,4019
-25,3121	32,2680
-23,8047	15,4911
-20,6590	41,5742
-17,3823	13,0005
-27,4748	10,0518
-24,1981	37,8386
-24,7878	-1,2864
-18,6932	13,5252
-26,5574	33,9062
-16,0717	-2,7937
-14,1056	21,5202
-20,7903	10,2476
-28,3923	-11,3788
-35,0113	14,7698
-8,4694	-2,5974
-26,4918	0,8765
-15,6128	16,6701
-10,4355	-12,3621
-23,6737	5,9881
-24,1323	7,3640
-13,9743	-2,6627
-10,5010	15,2283
-17,1200	-11,6413
-3,6851	-9,7405
-16,9889	12,6723
-7,6173	-24,2898
-25,6395	1,0072
1,1646	-1,8113
-8,7315	-24,8793
-16,5301	7,5606
-3,9471	-8,1682
3,5893	-6,2017
-5,3890	13,9176
-5,1923	-19,7678
-2,2431	-0,0410
-8,5346	21,9784
1,9513	0,9417
3,7859	18,1121
0,3783	-1,3522
1,4267	0,2866
1,1645	1,3349
-14,7607	-10,3959
-11,8115	13,5248
-18,2996	20,4711
-13,1878	-13,5416
-20,5935	19,2920
-17,1856	20,3402
-19,4138	8,2164
-23,6082	30,4330
-24,0667	6,9711
-27,1473	12,5421
-34,2904	42,5570
-8,4039	11,1000
-33,0455	25,1905
-21,1177	20,0129
-11,2875	15,6879
-19,2830	34,1033
-22,6907	21,1927
-21,5767	35,6763
-19,2829	41,8365
-29,7685	11,7558
-13,9090	48,2593
-25,4432	34,5620
-15,2196	27,0913
-11,8773	53,8296
-22,7563	18,6368
-24,8532	28,4674
-18,8241	43,6713
-15,5472	9,0029
-15,7441	34,3654
-20,3313	20,5368
-15,4816	-16,6870
-13,7121	31,2849
-26,2950	4,9391
5,8176	-3,1869
-17,7098	20,8643
-6,7652	-9,9373
-11,1561	3,7599
-4,0783	7,4296
-7,4862	-6,5948
-14,3019	28,9255
-9,3867	14,1796
-10,3698	10,7723
-18,4962	30,3017
-13,1223	-3,0559
-7,7484	28,4670
-27,0161	21,5198
-22,5594	0,8764
-8,7316	22,5032
-20,3315	9,7891
-18,3654	0,4177
-16,3994	23,8138
-30,8827	5,7258
-18,6275	6,9056
-17,4479	20,2746
-25,9676	-5,3497
-16,8578	17,1946
-15,3506	7,6261
-10,6974	-14,2626
-3,4886	12,4105
-4,7991	-11,0517
4,8346	-8,8231
5,4245	3,1697
-0,3426	-20,4232
9,7499	-4,4323
0,0508	-13,4111
1,5580	-26,1248
8,0461	-3,3841
4,8348	-25,6008
7,8496	-17,6051
4,5726	2,9728
1,1649	-26,1250
7,7183	-1,6799
4,0484	3,6939
10,4708	-16,4254
0,1163	18,4398
2,0823	5,9877
9,6189	12,5417
-7,0273	18,5052
0,9028	-4,2354
0,8368	14,3113
-1,8498	21,1267
0,2471	5,6604
-2,3088	21,0613
-7,6824	6,9053
14,1408	-4,3666
-7,0272	12,6724
5,5559	-22,3237
24,5610	-15,6388
0,4439	2,5141
1,6893	-31,1712
15,5828	3,7593
5,3591	-23,8315
4,1141	-30,4503
17,2866	-2,8598
4,1139	-29,3366
7,9804	-21,8650
-0,4736	-1,6148
10,1430	-24,4211
-13,4497	3,4317
8,7669	-8,4305
-4,9957	-18,5881
3,1308	13,1966
-16,2022	-14,1319
16,0414	-10,9857
7,9804	10,7062
3,3275	-19,8988
13,4856	14,4421
3,3275	18,7669
8,3085	-15,9011
10,1433	9,4614
6,2112	-9,0856
-1,6531	-4,2358
12,8302	1,1380
9,8155	-14,5250
-4,0780	-3,3838
5,2281	-7,9062
10,8639	-25,2728
-2,2432	2,5143
-5,1268	-25,4698
-1,9809	-24,9450
-1,9812	15,4246
3,0652	-15,3117
3,9825	-11,4446
-4,8648	2,8418
-4,6027	-28,8771
-0,8016	13,8523
-9,3213	13,8519
0,9678	-3,9078
-20,0037	26,1075
-7,0274	-1,4832
-7,3552	13,4594
-8,6660	33,9060
-9,1245	-2,0072
-2,7676	29,7122
-10,0419	15,2941
-3,0296	9,4617
9,5535	35,6102
4,1793	12,5416
0,3786	15,4254
12,5026	12,9347
14,9275	-16,5562
12,7647	10,9034
19,2528	2,1212
-2,0464	-17,9981
21,3499	15,6871
4,1793	-11,1827
-4,7334	6,5778
-3,0296	13,4587
-3,0952	-15,9011
-6,6997	11,5586
-21,3797	7,5606
0,0506	-13,8037
1,4265	20,7337
6,8007	5,0048
-4,8647	-4,6285
5,7523	18,1777
5,0969	-9,4128
13,2233	0,8767
2,6066	22,5686
3,3277	5,5293
12,0437	22,0444
3,7206	15,0973
0,3127	-1,2207
6,4730	12,1483
-7,0274	-17,8015
-9,0590	6,0536
-0,8672	11,6237
-13,7122	-17,7361
-11,1563	5,4637
-10,9597	-2,7286
-9,6489	-16,4252
-20,7900	7,4296
-6,7653	-17,0154
-11,8770	-11,5756
1,7543	7,3638
-14,1708	-28,5496
-8,0103	-5,1532
3,1963	-14,8527
5,0313	-18,9157
6,0798	6,7087
3,2618	-19,3092
-2,0464	-9,2816
11,3228	8,5436
-2,0464	-12,8208
9,6846	9,5927
21,5465	14,5730
11,8471	-1,0241
3,4587	31,0882
8,3738	2,9733
9,6845	12,9351
-7,0271	30,4984
14,2064	-0,3689
5,2278	14,7045
-8,2724	11,0342
-4,9956	0,0244
2,4754	27,5493
-8,7968	1,9901
-0,7358	-9,8060
-2,3087	16,4080
-9,5832	-11,7724
0,1161	2,4492
-1,5223	13,2621
-0,5393	-21,1438
-8,4691	13,1315
-0,3427	-10,5273
-21,5107	-7,9054
4,3104	21,1266
-5,7168	-11,3793
3,1962	-13,9347
-8,4694	20,9953
-11,0251	-22,2582
-12,2703	10,1168
-2,0467	1,4657
0,7714	-2,7282
-9,7799	15,6872
6,9974	-0,4345
-0,0150	11,3621
7,1941	25,0588
2,7376	-11,8375
18,5975	32,0061
6,7354	29,3185
22,5952	-8,8227
10,7988	36,3968
28,3625	5,1361
13,5513	5,1365
21,6778	35,6759
22,9886	1,9904
22,2676	24,3385
15,0588	39,3458
19,3840	3,1046
22,0056	32,3992
7,2599	3,8909
23,2509	11,5589
21,0879	22,8961
31,7703	-8,2333
22,3986	-5,1529
7,3256	17,5876
14,9932	-26,5180
21,1535	8,0851
13,8134	-11,2483
15,5174	-6,3328
9,4881	15,2283
9,8156	-6,7263
-6,3717	10,9688
8,5049	22,5027
1,2303	-17,0151
9,0945	12,6073
-1,3257	7,8884
-3,2917	-3,4489
0,7716	22,3066
-4,8645	9,1992
1,1647	13,5249
-6,3718	28,2701
19,3836	10,1168
-8,8623	24,7969
1,4269	17,0635
-1,7189	-0,6962
-5,8477	33,5787
-8,4691	7,1021
-18,4963	21,1926
-14,6295	33,5785
-3,8164	8,2820
-24,0014	31,0230
-21,8387	27,4838
-24,5912	7,5614
-18,4963	29,1226
-15,6129	15,0323
-24,9189	32,0062
-13,6466	43,8680
-19,0862	9,8549
-21,9042	29,2538
-8,1415	26,6973
-20,1348	-8,4949
-12,3358	40,3290
-5,8481	6,8399
-23,7390	10,1826
-16,2025	27,6804
-20,3312	10,3788
-14,3019	15,7530
-20,4623	24,0758
-10,9595	5,1361
-6,7653	33,9719
-15,1539	-4,1046
-7,8794	5,0053
-11,7460	33,0543
4,0481	-2,2040
-5,6513	11,3624
-6,1752	23,9447
8,0460	-5,6774
6,0799	18,7678
-6,3061	11,4927
-0,9323	8,0197
6,0803	17,5219
15,5170	-26,6489
1,2305	2,1871
2,6722	17,3908
8,2428	-25,3383
-1,0635	11,6242
4,3106	20,7986
-0,7357	-11,1171
6,4731	20,5369
-2,4397	-8,7580
9,7499	-16,0319
5,5556	20,4710
8,3082	-21,3407
-0,6702	9,7889
8,3083	0,4824
14,2720	-34,0545
4,9659	19,8813
15,3208	-15,9016
12,7647	-15,9009
9,4881	9,6575
7,9807	-17,2120
22,4641	-0,0413
13,6167	7,7571
18,8595	-15,7045
10,6019	20,1437
9,6845	1,5312
0,3784	-2,5971
12,8958	11,0342
-0,6701	-6,3328
9,0291	14,9011
-1,1289	23,4858
1,0993	-0,6966
2,2135	29,1221
17,4178	-2,2040
6,2111	6,5125
13,6824	28,9253
8,1117	-6,2018
-5,7161	7,1679
24,7580	17,3253
7,7840	-7,6435
17,6146	5,3326
16,7625	-2,0077
7,5875	-22,0614
16,0417	7,8882
20,5634	-23,4382
9,5536	-26,6489
10,2746	-3,0565
23,4473	-39,7565
15,3863	-16,4255
19,8430	-18,6541
36,3578	-24,2900
28,2970	-6,4644
15,2555	-30,7782
41,7319	-13,2797
28,0348	-5,2193
18,2700	-37,1348
29,4767	-7,1193
30,0008	-5,7435
11,5197	-34,5134
15,1898	-6,8573
17,9421	-17,5399
12,6337	-31,3020
13,4857	8,5435
16,4344	-29,1396
-3,8814	3,1044
-3,4883	4,3492
2,3442	-17,5393
-8,6001	17,3912
12,3712	5,0702
-9,4523	-1,6795
3,1308	34,4306
-3,4228	5,0046
14,2718	7,1024
-0,7360	26,3039
-4,9955	-15,1144
3,7206	9,8549
2,8032	2,9731
4,1138	-12,3619
-4,7336	11,0342
-4,1436	-6,7917
-21,8384	-3,6458
-1,2600	3,8904
-9,0591	-19,9644
-8,6001	5,5946
-7,3551	-10,5931
-4,6680	-26,8454
-11,6804	6,3810
-3,8160	-11,5760
-2,2432	4,7427
-2,2431	9,1988
0,4439	-25,3383
0,0506	-1,9418
-2,6363	-0,3694
6,1455	-12,8865
8,1770	2,8419
-1,5223	-28,5498
12,1093	-19,6367
9,6187	6,8394
-8,5999	-29,8607
12,0437	-8,8232
9,9466	-4,1707
14,5340	-30,5812
3,5896	2,1211
4,3106	-13,2145
14,8618	-3,6456
10,8639	14,3106
1,1648	-13,8040
3,7861	7,2988
1,5578	14,5728
-11,0905	-17,8671
-0,9982	7,9541
-7,4206	0,7450
-10,7629	-9,0196
-9,9764	30,6293
-13,3844	-11,1172
-6,4375	-5,8081
-3,4886	15,8837
-18,7584	-3,3835
-18,9548	15,9494
-7,1586	5,4636
-15,7437	-2,9902
-7,8140	23,8793
-16,7924	3,4319
-27,8023	11,6898
-11,2217	22,7650
-17,0544	-11,4444
-10,4353	32,2680
-7,4861	10,1820
-2,4398	-3,7766
-0,4082	28,8602
-3,0951	10,5098
0,1162	8,3476
1,4924	37,5107
8,0460	-4,8909
2,3444	29,1224
3,3275	27,5492
0,7715	-9,8714
-10,8282	20,9960
3,7862	0,0898
4,6380	11,5588
-1,5224	29,9084
-11,6147	-6,0051
4,9002	2,8426
-5,1923	23,1583
-5,1267	0,3520
1,3613	26,2387
-14,1051	13,7211
1,2958	4,2845
1,6233	30,6951
1,2301	-2,0727
0,2472	18,0471
-5,7823	36,2000
-14,9570	10,7066
-2,5053	22,5032
-11,3528	21,6509
-5,9787	-0,5655
-3,5541	10,2480
-12,5978	0,1553
-7,5515	5,7261
-6,3720	14,3109
0,3782	-8,1021
-11,1560	18,5054
3,1309	13,7209
-1,7843	-10,3303
8,5704	24,5347
15,0584	-2,9907
11,5851	10,4446
11,9128	28,4666
16,3692	-10,0682
11,3885	28,7293
24,9544	26,6316
5,7524	3,1047
1,5582	28,9257
4,7039	12,2139
2,7375	0,7455
-6,8961	39,5423
-3,9471	-4,0390
-0,4084	11,4278
-13,0569	15,3595
-10,6975	-3,7112
-21,9043	10,1824
-12,4670	2,2523
-13,7779	-1,6141
-17,4480	22,5028
-24,5257	-12,4277
-12,8604	-5,3495
-28,3268	14,9661
-26,8851	-13,4762
-32,9797	19,6193
-26,2952	11,5581
-14,8919	-4,2357
-30,4896	16,9977
-23,7391	-5,6776
-19,7417	-3,7769
-17,8410	5,5944
-11,6153	-7,3815
-17,1858	13,3933
-22,2318	6,5774
-16,1370	-9,5441
-15,4815	14,1797
-2,1779	-14,7871
-16,2679	6,0536
5,8176	13,2621
-7,0273	-16,6875
-3,6851	7,0368
-8,6657	11,8204
-3,8816	-7,1847
-9,3866	21,0612
-5,4544	2,5143
2,9996	8,6096
-4,9956	26,7626
2,8030	-10,6583
1,7544	19,5541
-5,9132	16,9976
1,2957	-18,3256
4,1136	21,5200
-20,2000	5,7257
-0,2116	8,4784
-7,5518	15,0973
-22,2318	-3,5148
-20,4622	5,7915
-14,2365	12,4759
-18,9551	6,3812
-24,2636	17,1946
-17,2511	-2,5318
-24,5913	3,7601
-15,3505	25,0589
-17,2511	-0,3688
-0,0805	20,0130
-0,3428	19,5539
5,3591	5,2674
6,1456	25,5179
9,3570	24,7312
5,0316	2,7770
13,2237	30,8917
25,0200	-6,5293
9,2914	20,6029
25,4133	27,1560
12,5026	4,9396
14,7309	23,2897
6,5390	20,4059
18,4008	1,1386
-1,1289	22,8963
16,4348	5,7258
7,5873	-0,4344
9,0946	9,3958
4,7694	-8,2990
0,1162	4,8083
-5,4540	1,4002
12,6334	-23,6999
-4,3402	8,8715
-8,6655	-10,6586
-0,0803	-12,1654
-8,2069	24,0756
1,2303	-16,4912
-3,4884	-2,5315
1,8200	13,8520
-2,2433	-7,5125
-4,7992	17,3256
-8,6657	2,1212
-7,6172	2,0560
-9,5178	23,6171
-1,0636	1,7938
-7,7482	20,3407
-9,5832	29,0566
-13,8429	-0,5653
-5,7164	33,5135
3,9828	19,0297
-1,3912	8,7409
-0,4736	42,8847
7,9150	-2,9903
6,2109	19,0955
-4,6024	27,9422
-4,1437	-12,9517
-1,7844	19,8817
-3,4229	-1,2870
-4,2093	-22,5199
5,2278	18,8328
-8,4691	-9,4135
-2,7020	-18,7191
-4,5369	-3,4496
6,4074	-41,5257
-4,4058	-11,7068
2,4754	-8,4961
-0,5393	-26,6491
-4,6024	-6,9885
2,0167	-20,0302
-2,3743	-19,3746
9,0290	-0,6317
-11,3527	-22,9793
-0,8669	-2,8598
-1,3257	-18,5231
4,7034	-33,9237
-0,4737	-6,1366
10,2085	-25,4698
-5,7821	-24,0931
4,0483	9,9850
5,4901	-47,3585
3,6550	0,8762
-2,6361	4,2178
8,2428	-35,7586
22,3330	6,2501
8,8980	-12,9524
13,4203	-13,8039
9,4224	-1,1557
13,4201	-14,6560
18,4665	-4,3013
12,5681	15,3592
0,5751	-15,4424
11,5197	10,3134
12,7648	5,2667
12,3059	-5,4152
10,2090	22,8304
7,8495	-9,0855
6,9977	2,5147
9,2911	13,8520
4,7694	-20,3575
2,2790	6,0535
4,5071	-0,7626
6,4732	-22,1268
12,8957	12,2792
11,1262	-28,4842
8,3082	-5,4152
-0,1456	2,5141
7,3909	-28,9429
12,6339	-1,2212
21,4155	-13,0835
21,0880	-26,5178
22,3331	11,8858
26,1998	-15,5737
29,8697	-8,4954
20,6947	9,9199
14,0757	-1,2212
22,5953	5,7258
14,5343	19,5536
14,4033	-8,8232
6,0802	13,0002
16,6314	1,2691
2,9344	-4,8254
20,0393	15,0317
16,6313	-17,4085
9,0292	1,2694
4,7040	4,3492
10,7986	-30,2534
10,3399	4,0219
-0,0803	-4,8916
4,1139	-23,8965
-2,4398	-5,2190
-1,2601	-15,2460
-9,2556	-8,5612
2,0821	-10,1343
-10,6320	-27,6321
-10,6318	-0,5659
-1,0637	-2,5978
6,9316	-32,8096
-15,6782	0,2205
-7,8793	-20,0303
-4,4058	-11,4447
-2,1121	10,2473
-10,6316	-30,4502
6,8009	8,8060
2,2132	-2,4010
-14,3015	-4,4978
0,9684	9,9854
10,5363	-13,2798
2,4755	-14,0004
-10,8938	11,2961
9,3567	-22,9790
0,5091	20,2747
-7,8137	0,2202
-11,3528	-6,2673
-9,9766	11,5582
-21,3143	-9,6753
-7,4863	-4,8908
-19,8072	19,2915
-22,9528	-1,4833
-18,8897	10,4444
-21,7077	4,6114
-13,8435	-19,9641
-29,3099	11,6241
-27,1470	-3,5806
-22,1009	-5,7428
-9,5179	19,2915
-22,8872	-17,5397
0,3781	2,2526
-14,8262	4,5457
7,7182	-33,2680
-7,4207	-1,7453
-6,1099	-4,8913
0,1817	-14,7213
-0,7361	24,2723
-23,1491	-18,5226
-7,0272	7,3645
0,0505	13,1311
2,9997	-10,8546
-3,7504	25,5178
0,9027	14,7696
17,6797	-3,9076
-4,8645	35,5447
7,8497	-8,6266
1,9513	2,4496
6,0801	23,1584
2,3445	3,3666
3,4585	23,3553
-10,1072	28,0734
9,0289	-1,0896
-10,8941	40,1324
-9,5833	13,1968
-12,6635	16,4085
-12,5982	36,0033
-20,6590	-13,0829
-30,2928	13,3283
-15,6128	12,0825
-29,1133	-16,3597
-18,1686	14,9007
-14,3022	-31,3678
-19,2829	-14,2626
-17,4476	-1,0904
-2,4401	-27,6323
-9,8454	-7,0540
1,5577	-12,4939
2,9341	-43,6883
-3,4229	1,2035
5,0315	-17,7366
-8,3379	-17,4741
3,8519	-1,2216
1,8858	-27,5668
-4,5367	-1,7455
-2,1775	-2,9911
5,9488	-29,7948
-15,1538	6,1844
-6,3063	-17,5400
-2,5711	-17,6051
-3,6852	-3,9083
-12,8600	-19,2436
1,5578	-9,8717
-7,5517	8,9366
-0,4082	-21,0131
-4,4058	-4,4977
-1,3912	-0,2384
-9,0587	-9,8719
11,9127	-0,2382
12,5024	-19,9646
-2,1119	-14,5905
6,2765	-3,1221
1,0337	-25,2076
-0,4737	-28,4841
-4,0126	-15,3117
-1,9156	-30,1227
-9,7143	-4,0395
-5,1924	-22,8484
-12,6635	-22,5203
-15,9404	1,9898
-15,2848	-26,4526
-4,7339	-2,4005
-17,8408	3,8248
-20,5277	-16,0976
-3,0952	27,8768
-1,3259	-9,4788
-0,0150	-4,1698
-5,9131	24,9277
16,9589	-8,8888
4,7692	12,8039
-0,3424	15,9492
15,0586	-10,5270
22,6606	14,1799
14,8618	-1,7456
15,9105	-14,9834
16,4349	18,3740
18,5973	-11,7726
-4,0779	11,2963
1,9513	11,4924
-7,2893	-29,4669
-4,6024	0,0898
2,0165	8,8712
-6,1101	-17,2117
-17,0545	5,0704
-12,6636	-12,9520
-4,0786	-5,4807
-27,1472	12,0826
-20,9210	-11,5759
-3,9474	6,1844
-20,0037	-7,2507
-18,6928	-21,1440
-14,6953	-0,5005
-25,8364	-36,1520
-17,0546	-21,0130
-22,8219	-5,3504
-31,2760	-42,7055
-17,9723	-10,2652
-33,7666	-1,8116
-31,9313	-25,6663
-26,6886	-15,0494
-30,1621	-24,8144
-35,0771	-10,1997
-23,0841	5,6597
-33,1110	-39,1009
-16,5960	-2,1383
-20,2006	10,4440
-22,3631	-4,1701
-31,9967	17,3913
-19,9381	-2,7283
-1,9157	8,7410
-10,3699	39,4768
-11,3525	7,3645
5,0968	27,6152
4,5726	22,1099
1,9512	-5,8736
1,4925	40,3946
7,7184	6,9052
8,6359	7,1024
3,2620	27,0249
8,3082	-2,8593
14,7963	14,5078
7,7838	16,0148
8,1118	-8,8885
18,7284	22,8309
10,4055	13,7210
7,1943	-4,0387
18,5976	27,7459
12,0439	2,1213
17,8768	-0,3686
9,3570	12,6727
21,4812	5,8570
13,2236	16,6050
19,2530	28,2046
20,5636	0,8108
25,8719	35,2171
13,8791	3,8908
24,1025	22,3068
24,7578	33,7750
15,8450	0,5486
27,6415	16,9329
20,3012	25,2555
10,1435	-4,3664
10,2745	30,2365
5,7527	23,5515
15,7139	7,1680
17,6798	31,5470
3,8519	-3,9079
25,4132	15,5566
14,3375	21,5200
17,0901	-3,1868
1,0339	15,2288
14,9932	20,0781
14,9276	2,8425
24,8890	28,7944
15,1243	-4,5634
15,9761	9,1340
17,2871	10,7721
22,2677	11,6241
24,4959	16,1461
17,4835	7,6264
22,2677	2,1217
25,0200	22,1098
11,9128	-5,6774
14,5998	11,2967
14,1409	24,8622
6,0801	-3,1871
17,0244	5,5950
0,9680	14,5076
-2,1775	5,2017
-4,3404	20,7991
-3,4229	1,2695
-17,9063	6,1849
-9,5178	36,2656
-20,5278	-8,4953
-23,0182	19,5543
-22,4939	24,7966
-24,3290	3,3668
-13,9743	23,3551
-19,5451	3,1045
-18,9551	5,6605
-12,9915	20,9956
-12,0083	-0,7622
-27,0816	11,0344
-18,1687	18,0464
-14,1710	2,1215
-13,6468	24,7313
-19,0862	5,3325
-17,0546	7,1679
-15,0228	31,1538
-14,2363	0,2210
-3,3574	17,6537
-5,0614	33,5130
4,9005	-1,0243
3,3929	16,6051
13,9443	16,5392
-1,1289	5,0706
14,6653	21,5199
13,2889	-10,7236
9,6844	2,2527
0,7063	18,1773
14,7307	-18,8503
-1,3255	3,4977
0,8370	3,4972
-1,3910	-20,5541
3,3274	-5,4810
6,8006	-17,9983
-7,4862	-3,6459
-13,7120	2,2521
-21,1831	-18,4570
-4,4716	13,5247
-18,4963	13,7209
-12,4015	-4,4322
-34,6836	16,7359
-11,7461	9,0682
-22,8872	8,8719
-17,4477	44,9162
-20,1346	7,9540
-7,4863	25,7801
-10,6318	25,1243
-11,0905	-13,2138
-4,1435	19,2920
10,1431	1,9246
5,8835	-6,2015
13,6168	13,3933
15,9762	-18,5880
12,8960	14,0490
32,4912	0,9412
17,2867	-32,4159
16,1728	10,2477
15,3208	-5,2190
17,4177	-14,0005
8,3737	4,8081
-3,2260	-20,9476
-0,0150	-7,1846
-12,4668	4,8079
-5,5856	-25,8627
-4,7994	-7,5780
-18,5617	-5,7434
-5,7824	-25,5350
-6,3723	8,4780
-9,3868	-24,0281
-1,9157	-21,0129
-14,5640	0,8756
-2,2432	-21,2099
-4,2748	-11,8381
12,8301	-10,4621
8,2426	-28,0908
8,6359	0,3515
5,1627	-18,5229
17,8111	-12,4278
18,6630	5,2011
9,2915	-22,1271
20,6294	-3,9079
15,8450	11,0993
20,8915	-17,7360
19,5150	0,0243
23,1851	-0,6967
17,3523	6,4469
15,3206	29,4497
13,0269	-11,0513
5,4246	20,5373
-6,4371	19,8158
14,8618	-2,4660
-5,8477	24,2726
-14,1706	7,0363
0,1162	-4,0388
-12,9255	31,5468
0,7715	-21,2750
-0,8015	-7,9708
8,9634	16,1458
4,5724	-20,2920
9,6188	6,3158
11,7160	-13,9353
14,5341	-14,3937
8,7671	-2,3354
18,7285	-21,2097
6,4735	-6,0708
20,6293	-12,1005
17,8766	-30,6466
11,1267	4,9393
23,8405	-1,0905
9,5536	-12,7554
14,5343	10,4442
11,3885	-6,0055
7,8495	0,4174
1,5580	6,7741
9,8154	-18,6536
-8,4692	9,5270
1,6233	3,6937
-7,9450	-17,2118
-3,8817	11,6239
-1,7847	-12,4934
-2,3090	-3,8423
-8,1415	11,6892
-4,7992	-15,7045
-6,1754	4,9395
-7,9447	14,0485
5,1623	-12,8864
-8,6657	18,6365
-1,8499	7,6260
-0,7360	2,7113
-2,9640	19,1605
1,7544	-6,7916
-0,4082	6,1848
-0,1461	10,1821
8,8978	-8,4954
-9,7143	12,6726
1,4924	9,8544
-7,1584	-3,5146
-3,6849	14,5076
-9,1900	11,4275
-4,2092	13,2627
-9,9764	19,0953
-4,7991	17,1294
-6,6996	42,4917
3,0651	33,0545
-8,9934	21,9793
-3,9470	35,6761
7,6527	18,0469
10,0775	37,5114
4,0483	42,3603
7,2596	-6,5289
7,3907	24,7973
9,6846	21,3233
18,4662	0,5487
3,6553	18,0467
10,4710	4,5461
10,4055	2,7113
2,4756	28,6633
3,4587	-3,1216
8,8982	15,3598
8,6358	18,1120
-1,7188	0,8108
7,9149	12,9349
-12,7290	-7,4467
0,9681	8,3475
-5,9135	29,0564
-16,2025	-17,4084
-16,2679	-5,2186
-6,2411	-5,0878
-17,0545	-10,9203
-5,1925	17,9806
-13,6465	-13,3458
-3,8162	-23,6999
-7,8792	9,5264
4,3759	-29,8607
3,9829	-12,4934
0,7061	-7,5786
6,9321	-42,5742
10,5366	-4,0392
14,7309	-7,9718
3,7209	-26,7801
22,7919	4,6112
15,6483	-23,7004
20,3016	-32,3507
13,7478	-6,7920
22,2021	-29,6640
18,0078	-8,2337
25,2166	-26,3874
24,1025	-24,8796
8,8327	0,8102
10,1435	-20,4891
16,8282	-10,7238
17,6800	6,5117
12,6338	-27,6976
14,7965	-5,4809
4,9662	-18,7850
20,2361	-23,2409
15,8451	14,6383
19,9738	-21,4065
10,2090	-15,9666
12,5682	-11,1829
8,5706	-39,6907
8,7014	-4,5636
-4,1435	-15,1807
3,6552	-22,7825
0,7715	3,1697
-0,7360	-13,7387
9,0945	-13,4107
-2,8331	10,6409
-0,5392	-8,5612
-0,2115	7,6266
18,6628	20,5366
5,0312	-8,8885
13,0923	27,8117
4,7038	14,9664
5,6212	19,2921
-4,5368	36,5933
-5,8474	7,1024
-5,7820	31,3509
-2,6364	34,5617
-19,0204	-1,5483
-14,3017	23,8143
-12,4670	15,1632
-24,3946	7,0370
-17,1855	37,1830
-21,9699	-4,8254
-15,1540	9,4617
-21,9700	13,7865
-26,7538	-25,5348
-11,0253	-1,9417
-12,9914	7,1673
-20,2001	-26,3868
-12,0082	7,2329
-4,2749	-20,3578
-9,0591	-10,0682
1,6233	0,5481
-0,4082	-21,0131
-5,5855	0,1550
-1,6534	-10,6587
3,0652	-27,3698
-1,9155	-8,1682
3,1307	-19,8335
-5,9788	-5,1533
5,9488	-2,1391
-3,9473	-37,9869
-4,3405	-2,8595
2,4753	-5,3503
-3,0955	-31,9574
-18,9549	-5,2843
-11,6804	-12,8866
-2,4400	-4,4324
-12,0083	2,1212
-11,0250	-16,4253
-11,4183	12,6727
5,0313	14,1796
-5,3235	-20,8816
8,3079	18,5709
-17,0544	-5,3500
-12,1391	-5,2840
0,0505	18,0463
-5,3236	-20,4888
-15,6127	-7,7090
-13,5812	7,8881
-11,5495	-19,2435
-18,2999	21,1267
-13,4501	-10,3308
-22,5597	-4,0387
-12,8602	25,9763
-9,3214	6,3157
-14,6295	13,7215
-13,9087	17,5879
3,6550	-0,2375
-1,7846	22,1101
3,8517	16,7358
3,1962	6,3814
4,0485	19,0296
5,9489	-5,1533
7,5875	12,9348
21,8087	23,2888
28,6898	-36,4139
9,6192	1,7936
7,8497	-11,1830
24,7581	-24,1586
7,1942	9,0023
19,6463	-18,1952
13,4199	-10,1994
7,3254	13,3277
5,5556	-10,9862
-2,5052	-9,0197
3,6551	7,1674
-1,8502	-27,5665
-8,6658	12,2139
-16,1369	-7,7094
-6,5031	-16,6874
-4,9305	11,4927
-5,9790	-21,6684
-12,2050	-23,5687
-15,4160	-4,1704
-7,1587	-24,8796
-16,0060	-4,6290
-11,3528	-3,9083
-13,8432	-11,1826
-10,9597	5,0702
-3,5541	-14,7215
-10,1732	-2,4659
-6,0443	13,9830
-5,7823	-8,0366
-4,9958	11,7553
-9,5177	4,8083
7,8492	-3,2523
-3,6196	18,9641
1,3612	-9,3474
-7,0930	11,8865
-14,6951	12,4102
-9,9109	-19,4399
-8,3383	11,0344
-10,3697	-3,5150
-14,8263	-10,0027
-9,4523	16,5392
-10,7631	-13,5419
-22,9527	2,7770
-21,1176	19,6192
-12,0082	-8,1677
-20,0692	13,9837
-14,0398	23,5516
-12,9913	-4,2352
-9,5834	35,4140
-25,2463	26,1731