3,4839	-16,5258
-17,8151	3,9868
-2,6109	-1,9770
-11,8513	6,2150
-16,8979	4,6418
-19,5188	-13,2491
-5,9533	8,7053
2,6318	-7,9409
-24,8932	-0,1419
-10,9338	8,3774
-15,3907	-9,2515
0,2726	3,0037
-37,0174	18,8632
-5,8877	-9,3172
-17,2911	-0,1418
-17,2255	9,8193
-24,6964	-12,0694
-7,3297	11,2613
-37,4758	1,0374
-9,2302	-13,1181
-10,8683	-11,2831
-13,2280	-18,8197
-15,1937	5,1661
-16,8324	-6,8927
-4,1837	-24,7837
-33,6095	-8,9241
0,2073	-27,3399
-21,4199	-23,2109
-3,7250	-30,9444
-26,4004	-30,3544
-2,0865	-23,8009
-21,4196	-15,3470
0,2727	-45,6898
-12,3754	-11,4801
9,0543	-14,1674
-15,4558	-29,9611
-27,9731	4,6418
-1,6930	-4,3368
-12,1794	0,6441
-5,5599	-7,4168
-30,0706	-11,2832
1,1903	-3,4190
-24,7623	-16,7229
-11,9827	-18,5575
-38,3937	-10,3658
-10,6065	-12,2663
-51,6320	-1,7151
-28,7598	-12,2666
-33,4784	-18,7545
-24,4347	-11,8732
-33,1506	-15,7399
-29,8086	-19,2133
-21,6818	-7,6135
-30,0708	-7,2859
-9,2300	-20,3930
-27,7115	-9,1863
-10,8028	-22,8179
-18,1433	-18,4924
-11,2617	-19,2790
-22,3373	-40,3158
1,2555	-7,5479
-34,9202	-25,5706
-8,0504	-34,6798
-31,7744	-25,1116
-13,0311	-30,9445
-12,2446	-26,8156
-13,0313	-26,2915
-15,7833	-42,9376
7,4158	-25,9637
-4,1836	-30,6170
-10,6063	-39,2676
11,9382	-36,0563
-11,1306	-48,9669
8,6615	-35,9906
-14,0797	-32,5831
8,6614	-48,4427
-24,3689	-35,1389
-13,3587	-40,3165
-34,1336	-51,3918
-10,8032	-49,8845
-44,2919	-51,2608
-27,8426	-42,2824
-34,2651	-39,7266
-41,2778	-46,8700
-36,8865	-42,4135
-51,8292	-58,4044
-38,5904	-55,6515
-45,4066	-30,1584
-16,6360	-50,1470
-34,1343	-58,1420
-14,2765	-44,2486
-37,9350	-58,0767
-8,9025	-51,6542
-28,4977	-55,7175
-13,8177	-67,6449
-24,1067	-48,1810
-27,5148	-64,7617
-32,7573	-74,4607
-32,5612	-63,9752
-33,8061	-69,9390
-33,6755	-70,7909
-39,5734	-73,4780
-50,9769	-68,5627
-38,8525	-59,9119
-42,7850	-62,9922
-26,8596	-77,4754
-55,2367	-60,1739
-32,1022	-53,7517
-37,9350	-68,2351
-22,3375	-69,4146
-30,4637	-74,5265
-14,1454	-65,8103
-33,7403	-68,4321
-5,2979	-86,6507
-10,9338	-77,5414
-6,3465	-94,5807
-8,3778	-80,0317
-4,7737	-85,7989
-3,6593	-77,6726
-19,2571	-87,2407
6,3675	-93,5322
-15,1287	-90,6485
-11,0652	-89,2069
-33,2166	-101,0034
-30,7260	-97,7921
-52,8118	-97,9234
-31,9715	-111,6204
-67,6229	-106,7051
-47,8967	-99,8898
-55,4989	-111,0307
-53,7297	-92,9429
-53,2050	-114,1766
-52,8778	-114,7005
-40,3601	-96,8750
-54,7129	-113,3245
-38,3284	-96,8749
-60,4143	-105,3948
-38,7873	-124,7932
-62,5771	-109,3267
-40,1636	-101,0039
-53,7953	-118,3708
-48,0282	-110,8996
-82,7620	-110,7033
-55,3025	-122,9583
-70,7034	-112,1449
-57,9898	-116,6669
-71,5553	-116,4049
-65,6574	-126,3008
-60,2832	-125,3832
-53,2058	-116,4050
-54,2542	-133,9685
-75,8811	-123,2206
-49,6666	-122,3031
-85,3184	-135,3447
-71,1624	-133,7718
-85,5149	-113,9801
-68,4758	-140,9154
-92,8550	-124,5969
-89,1195	-133,5101
-96,9836	-149,6973
-76,3402	-127,0220
-97,7702	-155,9891
-82,5006	-158,7414
-75,7502	-156,1857
-94,1005	-161,8875
-89,3160	-159,0039
-83,1561	-175,5848
-85,3839	-189,5437
-106,8799	-173,4220
-88,7917	-188,8886
-99,5398	-173,2256
-83,0903	-194,3283
-111,1395	-200,3572
-80,0102	-179,5170
-105,2413	-199,5057
-90,2337	-200,3574
-97,0491	-179,1239
-92,0033	-197,7363
-99,3428	-194,7869
-83,4835	-190,1340
-70,9659	-206,3869
-76,1439	-181,6798
-84,8595	-205,7972
-92,3964	-207,3697
-74,4395	-183,0561
-100,2608	-197,9984
-79,8135	-203,6344
-91,2170	-199,4401
-88,5301	-188,8235
-106,2246	-196,2291
-98,6881	-197,0811
-108,9115	-209,8605
-105,7006	-197,2122
-110,7465	-208,0256
-100,3923	-208,1566
-104,1930	-207,3048
-106,3560	-220,0843
-94,3627	-222,3779
-110,0917	-204,2900
-98,3601	-213,5965
-116,0554	-213,5305
-95,0180	-215,1035
-116,3829	-220,6083
-93,4453	-214,1202
-106,3557	-203,8966
-90,0374	-189,0201
-111,4017	-201,4719
-86,4329	-205,8626
-98,8843	-201,4718
-95,3457	-207,2389
-90,5612	-205,8626
-104,1930	-191,3793
-89,7092	-193,4766
-97,6395	-210,5814
-86,0394	-202,2581
-101,6372	-197,4086
-74,8327	-195,1804
-100,3265	-193,8041
-77,1266	-205,8624
-102,2269	-189,4786
-84,6632	-186,0051
-99,2122	-189,2163
-79,2239	-180,3033
-99,0156	-173,8153
-101,2439	-158,2178
-102,3577	-175,6504
-85,0566	-184,4973
-82,3696	-160,5768
-94,6905	-159,9218
-85,0563	-173,8151
-93,7074	-171,3247
-81,3862	-172,7010
-83,5492	-174,4048
-64,0849	-150,9431
-79,3549	-168,3756
-73,1288	-155,2026
-95,0831	-149,8946
-68,8689	-174,3391
-84,3353	-143,7337
-72,1457	-146,4866
-86,4324	-136,5906
-79,4203	-156,5789
-82,7623	-153,3018
-83,8112	-131,6754
-75,0290	-153,1711
-81,1897	-153,7607
-67,5580	-149,2387
-73,1944	-153,8263
-64,8054	-149,0421
-80,9930	-149,8285
-69,7862	-147,2726
-85,8426	-149,5007
-69,1309	-150,8116
-94,5588	-151,5978
-69,0654	-128,5947
-89,7092	-136,9179
-89,1194	-127,7428
-79,9442	-133,5754
-84,5322	-134,5582
-89,7090	-122,5651
-80,9931	-114,5044
-73,1286	-128,0046
-87,2191	-109,9167
-70,2450	-113,0625
-92,5929	-117,3877
-62,8394	-116,1425
-88,7919	-106,9020
-75,8155	-117,2566
-83,0244	-110,6374
-62,1842	-115,8802
-80,2719	-109,5887
-76,2086	-101,4624
-80,1405	-107,2294
-58,9728	-86,6513
-67,2956	-94,3191
-70,3104	-111,7512
-57,8584	-102,9695
-62,1840	-102,7072
-53,8607	-75,1168
-62,3151	-79,3766
-48,7489	-88,2893
-67,8201	-64,8929
-47,7004	-76,6239
-77,2570	-76,4269
-39,3775	-72,6915
-76,9295	-74,0020
-64,0844	-55,2590
-75,6840	-58,7981
-50,7809	-76,7547
-67,2301	-66,7277
-73,7839	-74,0679
-62,5770	-65,7447
-67,6892	-75,1822
-58,7105	-82,9151
-76,7331	-70,4635
-64,8053	-87,0441
-76,4054	-84,8157
-52,0260	-77,4102
-82,1726	-71,9053
-55,1061	-76,8857
-75,6190	-74,3952
-65,7883	-60,1085
-68,1475	-48,5740
-46,4553	-33,1732
-63,3633	-55,7173
-55,4337	-32,3864
-51,6978	-27,5369
-65,1985	-44,2484
-49,2729	-37,7602
-56,0234	-34,0905
-39,1149	-36,5808
-59,4967	-38,1538
-34,9861	-59,4527
-56,7442	-47,7218
-29,6777	-58,0111
-40,8845	-53,0302
-38,7217	-44,4452
-50,2558	-54,4067
-37,0178	-49,0983
-45,8648	-58,4044
-33,8065	-60,2393
-34,1339	-44,5763
-39,1806	-54,8001
-28,0389	-62,3365
-20,1751	-52,8339
-16,9634	-59,5186
-36,8209	-53,6203
6,1054	-47,4601
-26,0730	-60,6326
-9,9507	-42,4136
-21,4852	-47,4599
-2,8075	-51,7196
-32,1018	-24,9154
-5,4944	-39,0714
-29,2840	-35,7941
-12,2448	-32,7141
-35,7065	-43,7240
-39,7699	-34,8111
-28,3011	-26,9469
-39,5736	-52,0471
-26,5972	-32,9105
-34,0032	-41,6272
-29,4809	-57,2899
-45,3407	-43,3309
-20,1748	-47,9186
-37,8696	-47,9185
-22,7963	-53,7513
-33,0198	-51,6541
-17,6846	-43,0690
-36,8864	-37,3675
-16,7671	-63,4504
-26,0075	-45,1004
-25,9422	-52,7026
-38,3280	-43,0032
-21,3546	-44,8383
-26,9904	-60,3701
-33,4787	-32,9107
-13,7520	-39,3334
-21,4201	-47,0664
-13,3588	-38,2846
-34,0027	-46,8043
-16,5044	-38,0224
-25,6795	-33,7626
-3,9218	-49,0325
-36,8206	-31,9274
-13,7520	-29,8961
-25,2208	-40,0540
-23,7136	-35,2044
-25,9416	-24,3254
-25,2211	-31,4689
-25,4175	-30,2235
-31,1193	-20,2621
-14,2765	-18,6894
-37,8040	-27,7987
-13,3589	-25,8980
-23,7138	-7,4826
-15,9805	-13,8396
-26,7282	-20,3274
1,7798	-11,4145
-26,0073	-11,0868
-5,6912	-14,4947
-29,0217	-8,7274
1,9109	-17,1160
-21,5506	-7,4166
-9,5577	-8,5965
-2,9383	-13,5115
1,4521	-0,7321
-4,1180	-12,2009
-16,9632	-12,6596
2,9600	-11,0214
7,6126	-5,9749
13,5764	-0,6668
-22,9925	-21,1794
7,4818	-28,5193
-18,3395	-15,3466
-4,0525	-18,9511
-16,8320	-15,8055
-0,8414	-12,3977
-19,7809	-24,6528
-0,3171	-16,7885
-5,5598	-13,9705
0,3381	-29,9612
-0,1859	-19,1477
-6,8053	-16,3298
0,4040	-26,5532
-14,6696	-18,6234
7,2852	-27,3397
-18,6673	-15,7399
3,5495	-23,3422
-30,3326	-25,7014
-0,5137	-18,9512
-23,3858	-16,1334
-9,5578	-33,7626
-16,0456	-29,8958
-4,0529	-33,5002
-8,6401	-20,9830
-8,3127	-28,6508
-14,0138	-34,4179
-7,1984	-23,3422
10,8898	-38,0880
-1,3004	-40,3158
8,8582	-16,9198
-12,3758	-26,6848
-5,8218	-28,2574
-16,6354	-31,2065
-0,7102	-27,2744
-27,7110	-18,5580
-4,3147	-19,2136
-23,2546	-29,3057
-1,8245	-9,9073
-26,2692	-16,6575
-6,2155	-13,2495
-24,4998	-15,0190
-21,2234	-17,7715
-12,4413	-1,7808
-19,7162	-14,6259
-15,3905	-29,8299
-21,8132	-7,3511
5,0568	-15,1502
-18,1432	-24,5868
8,1372	-3,4845
-9,6233	-12,4628
12,2003	16,5041
-0,7755	3,0691
17,1156	-2,3699
-5,8871	20,1743
28,0602	21,4194
1,7806	11,3270
12,7904	17,8151
12,7908	16,5043
16,1327	10,8026
29,6988	2,1519
14,6251	7,3948
13,4461	17,3561
11,9384	6,4769
23,8660	-14,6254
-4,3145	3,0036
13,5113	-11,0867
-4,1834	-14,1668
7,1543	4,3142
-1,4964	-16,6572
20,1958	1,2341
-2,0207	1,1686
5,0571	-15,0843
6,3680	7,5913
4,1396	-1,5840
16,4605	-0,9284
-2,4796	5,2974
18,5578	-1,1250
17,3123	6,5425
28,9123	-3,5501
9,3170	-13,1836
23,4729	9,2294
3,1569	-10,3004
33,1067	-19,0818
3,3534	-4,8607
28,7157	-10,4313
0,9286	1,4308
12,2006	10,8676
10,3002	-20,5892
9,7101	8,3121
10,8901	2,0858
3,8118	-17,1815
18,9509	-6,4991
6,5643	-15,2155
5,6471	-17,5092
3,6810	-4,8609
26,9460	-13,9048
-26,9900	-2,5016
3,0256	-14,6912
-10,6062	-11,8075
9,2509	-1,6496
-26,9247	-12,2663
-14,2764	-11,4797
-33,2816	4,9696
-13,5557	-7,8755
-14,6040	1,3653
-27,0561	3,7899
-25,8105	-14,4944
-22,2063	8,7707
-1,6278	-11,6765
-29,1533	-10,0378
-12,3100	8,5084
-20,1746	-2,8291
-16,1114	-4,8608
-36,7551	6,4768
-1,7591	-10,6281
-35,0514	-14,4945
-21,4199	-18,8855
-48,2239	-24,3904
-24,8934	-12,1353
-37,0173	-21,5071
-22,4687	-10,9558
-23,6481	-14,3639
-24,9592	-31,4029
-18,7329	-25,0461
-36,7555	-20,3932
-7,0020	-33,7625
-24,3693	-32,1896
-18,7329	-34,1556
-37,8038	-16,3299
-4,1839	-30,3546
-40,1632	-29,5679
-19,1915	-7,2857
-25,6796	-11,0215
-17,6188	-12,7906
-23,7789	12,6372
-15,3250	-13,7738
-16,6355	-6,1713
-15,8494	4,2487
-7,7227	-9,3172
-23,5827	-0,8629
-10,4095	-3,2224
-13,9489	-22,2933
-7,0674	-9,8414
-30,1361	-21,8347
-14,2763	-29,6989
-40,0974	-23,2110
0,6000	-32,2551
-35,7723	-23,4079
-28,1701	-40,8406
-35,1822	-52,8989
-20,1749	-28,1921
-26,2038	-41,6926
-16,2427	-52,8991
-18,7328	-35,0732
-22,3375	-43,1343
-3,5939	-24,1943
-7,5920	-27,6679
-6,8707	-51,2604
-20,5678	-10,3660
4,9913	-21,9007
-26,6626	-40,7091
2,6975	-18,2304
-22,4683	-32,7794
-8,9023	-31,2721
-22,8613	-24,0634
-7,1328	-38,2846
-20,3054	-33,9592
-5,1668	-35,8599
0,6661	-42,4134
-15,2596	-26,1606
-10,9991	-51,9817
-5,2982	-42,2165
-4,1837	-28,1922
-16,3736	-43,9862
-10,3441	-29,9614
-37,7382	-29,8306
-3,0697	-45,5589
-37,9350	-19,2134
-22,2718	-21,6387
-38,1316	-35,3353
-36,1656	-25,3739
-42,3258	-31,8619
-37,7387	-20,5897
-49,9936	-28,5853
-40,1636	-39,0052
-43,6367	-19,1480
-58,3825	-42,6756
-33,7408	-35,2042
-43,3749	-36,5806
-37,4763	-47,4596
-58,4479	-30,4203
-28,6944	-50,8676
-42,1950	-44,3794
-16,3739	-45,4281
-31,2504	-51,1955
-16,8327	-64,8923
-36,5587	-43,7900
-14,4077	-58,4703
-29,6117	-70,1353
-24,2380	-61,7469
-17,0942	-67,2520
-20,3714	-60,1740
-9,0988	-72,7570
-21,1577	-68,4315
2,5665	-61,5503
-17,6189	-68,8904
-7,9848	-60,5017
-26,7283	-73,7400
-6,0843	-66,2687
-35,9688	-55,7176
-16,7667	-72,8225
-26,5315	-62,4676
-8,6404	-50,9336
-18,2084	-60,3052
-15,0630	-61,5502
-18,5358	-61,2882
-7,5264	-67,1863
-16,5044	-57,4214
-12,1792	-44,7733
1,7800	-67,3174
-28,8909	-47,8532
-6,1496	-47,6567
-19,0606	-53,6858
6,4330	-54,2100
-22,5340	-43,0689
-3,9216	-40,2508
-31,3155	-37,1705
-9,7543	-50,5396
-26,4658	-14,7571
-11,1306	-26,8161
-16,7010	-37,2357
-10,8687	-30,0270
-14,7349	-31,7309
-23,9104	-29,6337
-19,5845	-38,4156
-13,0314	-34,2868
-3,3320	-28,3886
-36,4933	-29,6340
-9,4266	-53,1612
-33,5442	-33,6316
-15,0629	-47,7874
-34,2650	-39,9886
-32,2333	-45,6904
-45,6681	-55,1273
-33,7408	-30,7480
-47,3721	-44,5106
-30,2675	-45,5590
-40,6220	-33,2384
-41,9329	-41,3648
-28,9567	-33,6313
-44,4889	-9,5801
-20,8956	-32,2554
-34,1998	-32,6484
-16,8325	-33,6316
-31,3815	-48,4425
-11,1310	-20,2623
-41,9982	-44,1830
-17,6843	-42,4787
-35,5756	-29,1096
-10,1478	-39,7919
-35,0513	-25,5051
-21,0923	-24,5877
-29,1529	-36,7770
-20,2405	-15,2814
-20,8299	-36,1874
-34,8549	-36,6459
-22,4029	-23,7355
-27,7115	-32,9762
-9,0992	-35,0732
-29,4154	-34,8113
-15,1283	-46,6076
-26,5317	-29,0441
-3,5941	-35,6634
-24,0411	-46,3455
-2,8077	-33,3039
-26,4005	-33,3040
-12,0481	-45,2969
-16,3079	-33,3694
-13,6212	-35,2044
-22,9924	-32,5174
-20,5680	-32,9107
-9,4267	-50,7363
-25,9421	-38,3499
-18,2741	-29,8305
-33,2820	-35,2044
-13,2935	-33,3695
-50,7146	-42,9375
-20,0436	-38,6776
-38,8526	-30,3548
-20,6337	-49,2288
-46,9791	-25,3082
-36,5587	-25,0463
-34,5926	-43,6583
-24,4349	-15,0191
-40,2285	-19,6724
-11,8517	-18,8202
-8,8370	-9,8420
-21,7477	-27,1432
-2,7420	-9,7761
-19,4539	-19,3446
-7,9191	-25,0458
-22,5995	4,6418
-2,7419	-18,2303
-15,4559	-13,1837
-3,0697	0,1854
-25,6793	-14,2981
-1,3002	-2,8946
-24,8928	-2,2396
2,8941	-10,8246
-14,2105	-3,6157
-10,4752	-10,1038
-4,6423	-13,0528
-14,1454	-3,6812
-12,5065	-13,9704
-8,0505	-7,7443
16,5911	-24,1940
-20,3714	-28,9778
-5,3633	-7,6787
-7,0675	-7,2203
-8,1160	-23,1454
-37,5414	-12,1354
-5,6255	-24,9149
-15,3902	-22,5556
-0,5794	-19,7377
-22,1404	-23,5388
-3,0696	-9,1864
-13,4241	-19,2792
-6,1500	-28,6504
3,5496	-11,3491
-18,2742	-16,9852
-4,8390	-4,7955
-24,1725	-3,4847
-6,3464	-18,9511
-30,2673	-4,4019
-8,5747	-1,4531
-30,5295	-10,6934
-17,7499	-0,5354
-37,7383	-8,9239
-20,8301	3,1348
-40,8183	3,5281
-15,5217	9,7539
-28,3665	10,6060
-14,4729	19,2567
-11,5893	16,0456
-20,4366	23,7131
4,8605	13,6208
6,0397	20,5021
11,0864	16,0455
0,2728	6,6740
14,1011	3,9870
7,8752	20,5674
21,4410	3,0037
-9,8193	6,4773
15,5429	2,6103
-1,0375	-3,2222
20,7202	3,9865
-5,4285	-7,9409
-5,7562	10,7366
-1,2342	-6,6960
4,7947	-15,1499
-2,0863	3,5934
-11,9170	-3,4847
-5,3631	-14,6254
-17,1600	10,9335
6,9574	3,2658
-32,8886	11,2612
-4,7080	6,2805
-24,8278	0,8412
-11,5895	26,8588
-34,6581	19,6496
-16,5703	-9,3826
-38,3280	3,4625
-11,7862	-1,5839
-19,7159	-5,3194
-15,9150	-3,8121
-23,3856	-3,7466
-12,7691	4,6420
0,5349	-2,3703
-8,8369	-4,6639
7,4818	-0,0764
-18,9293	4,1179
10,3000	1,8898
-4,9046	2,2828
9,2513	-6,7609
-8,1811	15,8488
13,5112	1,8239
0,3385	1,9552
23,9313	10,4747
-3,4624	1,7584
14,3632	0,2511
9,0550	-4,8606
13,3145	-6,1714
11,8732	4,1832
-1,6276	5,9525
15,2153	-15,3465
-6,3463	-4,8608
6,6299	-16,1985
-8,6402	-19,2131
4,5325	-9,5139
-17,6841	-0,7978
-1,6278	-13,3805
-21,5506	-5,3852
-8,1814	-14,6913
-7,1982	-15,5431
-0,9070	-7,9411
-23,6475	-21,3757
-2,0211	5,4283
-7,1325	-2,6982
-2,7421	-11,4143
5,5158	-5,3848
0,0104	-3,8775
11,2174	16,4386
-17,1597	23,9752
26,0942	4,7079
10,3653	22,3372
25,5697	23,7789
-11,5888	30,3981
27,0774	33,0195
-2,4793	23,4513
21,9001	34,1338
17,8369	40,0318
14,8221	22,7303
11,9388	32,1677
11,7417	30,4635
11,1524	16,1113
16,7880	27,1868
11,8074	13,7518
1,3216	23,7789
24,4557	15,3902
-0,3170	14,2107
16,8535	21,2231
-7,1326	13,4897
10,8898	23,3857
-3,1350	19,6500
13,8387	15,2593
-21,0260	21,1574
3,3530	21,0918
-3,5281	17,0287
-13,3588	14,3417
-1,6275	20,0432
-4,5115	0,4480
2,6321	18,4049
-12,3759	8,8364
4,9913	5,0355
-21,2887	2,2830
2,1733	-2,3046
-16,0458	17,3561
-4,7736	9,3605
-18,1428	-10,3001
-7,0018	5,9529
-30,7910	0,1200
1,7144	-2,0426
-14,0796	5,2974
-10,3444	-4,5329
-9,1643	4,8388
-17,3568	7,3290
-8,9023	-7,4818
-16,7670	9,4264
1,1902	4,2488
-15,7183	-0,7317
9,7754	0,3167
-19,0604	-12,3971
8,7270	10,1472
-11,3270	10,9987
0,2730	-7,3511
1,3217	-8,7928
16,5258	-12,5285
6,4991	-15,5429
5,4502	2,6759
11,0868	-19,0821
6,7608	-3,9431
-5,6248	10,3434
16,2635	-4,7952
8,0062	3,2003
-5,4288	-1,5839
5,7125	0,8411
-6,0186	23,4509
27,7324	4,2489
-21,6817	2,5452
21,4411	12,9654
-0,5135	15,3902
11,2175	13,2276
4,9917	10,9337
7,7441	1,0378
-6,6732	10,8681
13,2491	16,1107
24,2595	-9,3172
16,7224	-1,4529
31,9272	-18,6234
15,1497	-18,2956
43,1336	-17,5749
6,3024	-26,8810
34,1553	-7,1548
1,5182	-25,3082
15,7398	-33,7623
4,4674	-8,9897
18,5575	-19,8033
-4,8386	-29,7645
20,9168	-19,1478
8,2028	-24,5218
2,5666	-22,4901
-10,6712	-13,6428
4,2051	-21,5726
13,5770	-13,2494
26,9458	-9,0553
5,4504	-12,1354
4,2053	-9,6449
37,4976	-8,3341
-1,1689	3,7901
15,0845	9,3605
-4,7732	-10,9554
14,2323	12,3099
-11,5889	3,8556
1,7803	-2,3699
-12,6376	12,8342
-8,9677	-5,3847
-16,5041	9,0333
-9,8200	8,5088
-12,7032	11,1958
-23,8447	19,7809
-11,1958	5,6907
-16,3082	-0,9938
-3,4629	-0,0764
-10,5411	0,8410
-9,9509	2,8726
-20,1747	-6,8924
-1,1693	-19,0819
-27,1869	-3,7467
-15,3906	-10,8903
-34,3302	-24,4561
-11,0652	-17,6405
-25,4829	-17,8372
-3,5942	-14,8225
-8,1816	-22,4903
-13,4246	-35,6628
-7,9192	-15,0846
-15,5873	-10,8905
-7,0016	-16,3297
-18,4708	-6,6305
4,1393	-23,6695
-21,0267	-3,7466
-3,9871	9,6226
-17,9465	-7,9408
-8,9680	8,6399
-19,1260	8,9676
-5,1014	5,4287
-29,0873	29,6115
-7,6572	14,5381
-17,0940	9,6887
-2,4144	20,1746
0,0108	19,3878
0,8623	16,5699
-7,4604	17,6838
-8,9678	0,2514
4,1395	16,6354
-8,5747	8,4432
7,0229	9,4264
-17,2909	14,2103
13,3799	4,2490
-14,0795	-1,0594
0,9937	10,4094
-7,4601	9,2295
0,9938	6,0183
4,9918	-4,9262
11,5450	-16,6570
-0,1855	1,4308
13,7077	0,8408
15,0186	-0,5355
8,5959	-9,7105
12,4628	-10,5623
14,5596	1,1030
15,7394	-6,1716
-11,0647	-10,0379
29,1743	7,5255
-10,5404	-0,4044
21,1790	-9,3171
5,4502	-13,5768
5,9091	4,3800
-15,0621	4,7731
9,5791	-2,8946
-1,6273	-0,2731
15,0185	7,0014
9,8413	1,6275
-2,6107	0,7756
19,2131	3,8556
12,3313	-1,2560
17,5090	13,0963
-0,3168	7,4600
23,8658	-0,1419
-2,2174	12,7685
5,4502	3,9210
-25,1549	1,3654
1,5181	7,9188
-15,0625	-1,7149
-13,4243	12,5064
-25,7448	-0,9940
-10,1476	-5,5158
-24,2374	16,3730
-4,0529	2,7415
-9,0333	-0,0762
-13,0967	18,2081
6,1055	-0,9938
-10,6719	16,7665
3,8118	11,2614
-18,6672	4,5769
8,3993	26,7935
-17,1599	14,6036
-1,3002	-2,0422
-21,8128	16,1767
-4,2494	7,7224
-19,7812	0,1203
-6,0190	12,8996
-26,7934	2,6104
-5,5602	-0,6009
-14,6038	-4,2054
-19,3225	-13,4459
2,3044	-3,9433
-6,2155	-10,8248
6,2367	-27,8638
-7,3294	-5,9095
5,7780	-13,7083
-18,4046	-6,3026
24,1936	3,1345
-2,6762	-4,9919
4,9262	-0,7974
-8,7051	2,9381
17,8366	5,3629
11,5452	3,5935
-0,4479	3,5280
5,7128	5,0353
10,8896	3,4623
16,7227	-13,9044
1,0592	-3,8121
20,7860	-10,6279
3,7463	-15,7397
13,7736	-4,9263
3,2877	-11,6765
23,4073	-1,7151
6,8266	-0,3389
22,9484	-12,9216
-3,5934	16,1109
22,8829	5,4283
3,1569	1,7586
27,8635	17,2250
11,8076	8,8363
10,1035	0,3825
19,3443	18,0770
13,4458	7,8534
21,2448	4,3802
-1,3654	5,4286
25,5702	-7,0887
-5,6908	12,2443
24,9801	-0,4043
-4,4456	-19,8682
21,4409	-13,3147
-20,9606	-7,5476
-0,8411	-4,4021
-12,4409	-10,3659
3,2220	-20,6549
-4,9699	-3,1570
-10,8684	-17,4438
-8,3778	-23,4730
-6,2155	-1,6497
-16,3733	-7,7446
-19,9780	2,6758
3,8772	-9,4486
-26,5316	-26,1597
4,5327	-1,9771
-11,9171	-7,5478
5,7122	-7,0232
-17,2252	12,7028
10,8898	-0,9941
-0,2512	3,7903
7,5476	9,2295
-5,3627	0,8410
8,3997	17,4216
21,4415	-1,2562
26,8806	-5,6468
26,2911	17,0283
19,5406	-4,6641
26,9465	-5,1228
15,1500	-6,6302
34,1554	-14,3635
14,6911	-10,8246
32,2548	-12,7251
6,0404	-11,2178
27,2741	-9,3829
6,1715	-14,8223
19,4751	-11,0866
4,6642	10,4745
10,8898	-4,2711
17,2471	-4,4675
4,9258	1,4307
9,3171	-9,1860
-14,8659	10,9336
1,1907	15,9141
-6,6084	0,1201
11,8072	4,1835
-10,5407	6,4773
-1,8241	12,3098
-11,0649	8,9019
0,4695	-3,9429
-15,3245	15,3246
2,8942	3,7900
-22,7955	7,4603
14,8874	7,5911
-4,9045	0,9722
-3,8561	11,9166
-3,7902	11,0646
-6,6087	3,2659
-14,0137	22,4679
-2,4143	11,2610
3,2220	-2,3702
-17,6840	1,1688
19,1472	3,2003
-7,6571	-1,9116
13,1835	-10,3002
-7,9191	-5,7780
11,1519	-2,9602
-6,6738	-6,4991
7,8095	-8,7929
-6,2805	-0,1421
13,2489	-5,1885
-9,5572	-3,5501
10,2343	-7,4822
2,6324	-3,0256
7,2196	10,9989
8,9239	-6,2370
6,4987	-7,0887
13,6423	7,6568
-7,9847	4,7076
9,6446	7,1982
-14,1450	13,6205
-5,2977	15,4557
-17,8149	16,8974
3,6805	12,3100
-17,2906	7,0017
12,3313	25,2860
-5,2976	22,5990
2,0424	10,3440
2,9602	20,3707
10,7587	6,0185
19,4098	11,1959
9,3170	11,6544
24,8495	-16,6570
21,5067	7,9189
40,4468	-8,5963
6,4334	-17,1814
38,0219	-4,9263
-5,1665	-11,4801
12,4629	-24,6526
4,4674	-21,5725
12,0037	-27,7328
-12,8341	-8,8586
-1,1689	-9,1208
4,7296	-17,8370
-6,6741	0,7097
-2,8725	-8,9243
-2,0865	-12,6594
15,6085	-17,1815
2,9597	-12,0041
17,5090	-1,7151
-4,6423	-7,3511
14,1668	-15,3464
-5,4941	4,1832
9,5137	-4,7297
2,1081	3,2659
10,0377	17,4870
-6,3459	-0,7973
15,0185	7,1982
1,2561	28,1040
-6,4117	6,0186
10,8901	23,3856
-1,9556	12,8997
6,7612	3,9872
4,4015	26,1382
5,5160	24,6307
-5,2323	22,2061
13,3802	18,0116
-5,2979	11,2618
5,8433	33,5439
-32,0364	28,2352
-5,8876	9,2301
-28,7597	40,4907
-6,6742	37,6724
-25,2208	24,5654
-16,9635	36,6240
-30,7913	31,9709
-29,3499	40,4906
-37,3449	27,3834
-27,1871	15,2594
-14,6697	32,4297
-37,5418	10,2130
-12,0481	22,7961
-25,3521	21,0262
-9,9510	9,4921
-28,1044	23,1892
-3,2661	23,9098
-13,0966	13,0966
-5,1012	34,8545
-13,2275	32,5606
1,2558	27,0557
-7,2636	29,6770
2,1732	18,6017
0,4041	30,9879
0,1416	31,4465
-3,5281	13,6208
-3,4629	27,5800
8,9237	23,1234
-17,3565	13,6863
-2,6762	23,7787
-20,9607	10,6060
17,1811	10,2784
-4,4458	-1,0594
11,6105	-12,5937
-13,6861	9,9506
12,2660	1,1029
9,1205	-15,6739
9,9067	14,2758
6,1715	-11,6766
14,4288	-6,2367
17,7058	6,9358
16,6570	-6,1714
27,2740	-8,9236
27,1426	15,8488
16,2638	-1,1250
-7,1324	10,6715
16,9192	2,6106
4,0086	3,7904
19,9992	7,1981
-23,1232	7,0015
10,4312	12,6375
-8,8364	6,4117
6,2367	-8,9891
0,2075	22,3369
3,8117	3,6590
-3,2003	-0,0107
4,2703	17,4872
-0,5791	1,0377
-2,2833	3,9869
11,0206	15,7832
-16,8324	2,6105
0,6005	-1,1249
-10,3442	-2,9600
1,9766	-6,4332
-24,8931	10,6715
-6,0187	3,3970
-22,9925	6,0841
-11,1307	10,2782
-14,6693	6,4774
-8,9681	23,3199
-13,6863	12,1789
-12,9657	18,5361
0,9937	23,8442
-15,1939	13,7519
-4,6421	19,4535
-4,2493	12,3099
8,8581	4,1836
-14,8003	10,3438
10,8898	6,1494
-13,1620	-4,5328
2,4354	-5,5159
-24,3031	-8,2028
-11,9169	0,7755
-18,9292	0,9720
-13,6867	-1,8458
-36,0340	16,4385
-6,2157	7,5255
-20,6989	8,9020
-20,8301	6,6736
-12,2447	5,3629
-20,4369	-2,4358
-4,9701	2,6105
-11,9172	2,6105
7,1539	11,3268
-11,1306	3,5278
-0,2517	-7,6130
-28,7595	2,0863
2,6976	-4,4675
-26,7280	-9,3169
-4,3803	3,0691
-16,1766	-18,9508
-21,0920	-4,5984
-3,5936	-0,0112
-9,2301	1,7583
2,2390	7,3944
-10,7374	-6,3679
7,4164	-4,9261
-2,0210	7,3291
9,4480	9,8195
-12,9653	10,3438
22,6863	5,0356
-2,8073	11,0649
14,3632	21,0263
-1,4965	22,0749
2,6323	18,0772
-0,6443	18,0773
8,8580	11,9167
-1,8895	6,8706
-1,8897	16,0455
6,3680	11,2611
4,2049	3,5282
9,6449	19,9117
7,8096	1,8896
21,2447	9,6227
0,9284	-1,6494
17,9679	-2,1736
-2,4794	8,5743
15,2807	4,9043
-2,6761	7,9190
17,2465	5,8219
-16,8976	14,2105
-8,1159	20,6328
-20,8298	5,2975
-21,6166	3,7249
-18,2085	15,3245
-19,9785	2,4138
-19,9781	10,5404
-24,9591	-0,9285
-13,2280	-7,9406
-42,5880	8,5088
-4,5770	3,9865
-19,8471	-9,5790
-2,4799	7,0670
-13,6865	-4,2053
-0,3827	-9,7100
-8,2467	6,7392
3,0908	-4,3363
-12,9651	13,6860
12,4625	-5,3196
7,0887	-1,1906
15,2149	-4,2708
4,2053	2,6759
14,8873	7,0013
16,6571	6,5424
-0,7758	-7,0233
17,7057	-3,6808
3,2875	9,5573
15,6739	4,3800
-14,6692	3,6592
5,7125	10,9337
-6,8049	11,4579
11,7417	17,7493
-2,0861	6,6083
12,2660	8,1811
8,9241	14,0793
13,2492	9,8848
17,2475	7,3291
27,7982	6,8047
35,7284	2,0206
27,2085	1,7583
38,5466	-11,7419
19,3444	-6,3681
42,3476	-9,9070
22,9487	-17,3781
37,4978	0,5132
7,8101	-4,2711
33,6310	-16,2639
3,3537	-2,7636
25,3080	-10,6280
7,2201	-10,1689
15,8707	5,6904
11,3487	-8,2030
4,4670	5,2975
9,7102	4,0522
-13,6866	-7,0887
-3,8558	11,1960
-19,3229	9,6229
-17,2254	3,9215
-29,6119	17,7495
-4,7739	4,7079
-45,7994	25,4827
-20,7645	22,5990
-44,4230	3,0694
-18,0776	17,4218
-41,3427	13,2928
-21,3543	-17,3777
-30,7257	6,6084
-16,1115	-1,4527
-21,6161	1,0376
-20,6989	-8,5307
-4,1836	-6,1713
-14,4075	-3,4846
5,7123	-19,6719
-4,2495	-17,5746
0,5349	-1,1909
-19,9124	-15,0844
4,2705	-1,8461
-22,4025	-6,2371
-5,5597	-7,6133
-18,2736	1,8895
3,8775	0,4476
4,8607	-5,8436
7,6785	4,2488
12,2664	-12,5283
14,9531	0,8410
21,5726	1,3650
15,4774	-1,3218
27,2086	2,6103
17,9023	-9,1208
39,3983	-16,5259
16,9847	14,8000
35,3349	-4,4022
1,7149	-9,3169
30,0265	8,7708
0,4042	0,9719
26,8151	-6,4990
8,2684	4,5765
11,5452	-3,8777
4,6641	11,1955
8,4649	-0,9287
-2,8726	7,5255
7,8750	-0,4699
7,6130	-7,6132
-7,9192	8,1153
13,1836	-2,6326
-6,8052	1,0375
14,2975	18,3391
-13,4243	6,1493
10,1688	4,3147
-6,4118	26,8588
-3,5283	19,9777
-18,4046	23,1235
7,8751	15,1937
1,3870	7,3951
0,6005	33,8715
3,0911	22,1403
5,7777	3,4629
-2,0208	23,1236
-6,1497	18,2737
20,2615	18,7981
-2,4143	9,6230
7,4165	11,9168
-2,8728	25,1549
25,8319	7,0669
-10,6059	-2,1735
15,5431	14,2103
1,6493	-1,6495
13,0525	-15,4773
4,4675	5,5596
11,6761	-4,7299
1,3217	-8,2686
2,5666	-5,9750
-3,6590	-12,5940
2,3698	-3,3536
5,5158	-16,5265
-10,2785	-32,1236
8,3994	-18,4268
-5,6911	-22,6212
9,7756	-18,9512
-15,7834	-26,5535
12,5936	-29,0438
-10,9338	-21,6383
9,0547	-35,2697
-5,7563	-27,7330
6,1056	-15,2814
3,4844	-23,8666
8,5960	-22,7522
11,7421	-6,1718
15,0840	-18,9511
13,7736	-2,3048
8,5306	-0,6012
19,2130	-15,2153
6,1712	14,1447
29,5020	-6,8925
-7,4604	-4,9917
14,1010	-4,3364
-19,0602	-12,2662
-2,9384	-3,6154
-22,1406	1,3652
-14,9973	-2,9601
-37,2792	10,2125
-20,5024	-4,3365
-26,5315	-9,1204
-28,1048	8,3120
-29,2184	-2,3048
-17,4880	9,9503
-13,3589	-6,8923
-29,5465	-9,7758
-9,4268	11,7855
-22,5995	-11,3489
4,6634	-3,4187
-29,6773	-0,1422
4,2705	2,6104
-25,2861	-9,4482
15,8705	-10,4967
-2,3483	-7,4821
14,2322	15,3242
5,3852	2,8722
25,1112	-6,3682
13,2494	-4,6643
13,2493	-13,9050
31,9928	-13,3150
23,8003	-20,5897
24,9148	-23,9974
2,4358	-14,2982
34,6796	-13,9705
7,6787	-28,8469
23,6040	-7,9410
4,1399	-7,8101
34,9416	-5,3852
5,8438	-1,5187
36,8422	-13,7737
3,2879	-15,3465
28,6502	-6,3025
14,6256	-8,2687
15,0842	-3,2224
17,3781	-0,4699
-0,0548	2,9380
14,8222	3,3313
-7,7882	2,6105
13,5112	6,0184
-9,8854	10,4750
-13,1620	-1,1248
-8,4437	16,5043
-17,6843	24,8927
-32,4296	-0,6004
-8,9681	23,2545
-30,2015	6,2152
-18,6674	17,2907
-24,5654	18,9290
-15,1285	10,6062
-25,1553	34,7887
-17,2911	13,6205
-12,5068	5,2979
-13,5557	31,2499
1,7801	18,6670
-21,5509	22,4028
6,4987	23,5169
-23,4513	20,7645
9,6446	28,5632
-6,4774	28,8909
6,3678	22,1408
-2,6105	39,4422
3,2222	32,1675
-1,9548	24,6310
23,4072	28,7596
20,1306	15,9804
1,0595	30,2670
11,9390	25,4173
17,7712	20,0435
22,4900	34,0026
16,9192	22,7302
23,0143	24,6965
12,5284	32,1673
28,0606	3,5939
1,9772	16,2424
22,0312	7,1981
6,0406	4,5769
33,9586	13,2274
10,4970	3,9212
19,8029	-4,9261
12,4631	8,6397
26,9462	-1,9115
14,4947	18,7977
17,9022	-2,1084
27,0117	6,0840
5,4501	15,1278
7,0888	-2,5013
-3,1351	-4,6636
10,3652	12,7688
-24,0412	13,7517
-2,6109	6,3463
-30,4637	23,7788
-1,6279	23,9754
-24,6309	25,9415
-7,3296	26,2692
-14,1451	16,8978
-6,4775	28,0387
-20,8295	13,6210
-9,0988	18,8639
10,6275	27,9733
-17,5532	21,0264
3,5498	17,3564
-9,9510	17,0288
-2,3487	1,0379
-21,8785	13,1620
4,4015	4,3146
-14,6040	-9,7100
-6,3465	15,5211
-18,9291	6,7391
4,3360	11,2611
-13,4895	10,9990
6,3677	2,2172
-0,5788	15,2589
13,7733	-2,5014
12,7250	6,4118
17,5743	10,5402
26,8808	-7,6784
11,2173	11,7856
11,5455	12,4408
19,8026	-11,2176
25,2421	9,6231
-4,9042	5,6249
16,0017	-13,7077
-0,5788	19,9121
16,7881	7,6566
-5,8215	-0,1420
23,9314	9,5575
0,4044	19,3222
12,3317	18,7979
10,1692	12,3099
9,4479	15,6525
26,0942	23,5822
3,6152	14,5382
16,3950	12,6379
8,7926	24,6308
17,9677	13,7518
-8,9019	13,4243
17,3780	18,7981
0,6663	3,2007
15,5431	26,4004
-4,9697	14,9968
22,2931	11,7202
-0,2510	7,1326
14,0354	1,8898
10,4970	23,1888
12,1347	10,6713
3,6810	10,5404
2,1734	4,9697
4,7294	-5,7124
-6,8706	4,1178
14,4941	2,5450
-16,1113	0,9066
9,9722	4,1833
-18,5362	9,0985
10,8240	2,8070
-5,1013	15,3244
4,0736	-6,1059
-27,3832	-12,8559
4,1393	-3,4843
-8,6401	-2,0426
-15,8492	8,2465
-1,8897	-5,3194
-3,3976	8,9675
-14,4071	14,0137
0,5348	17,9458
18,4916	-9,5790
-27,6456	24,3031
11,6763	12,8339
-16,5045	2,5452
7,4819	5,6908
-7,5914	1,7586
10,6931	5,2322
-8,0501	18,9289
7,6128	3,2003
-9,5574	15,7178
-0,2516	6,2150
-6,0841	6,3463
-13,0312	18,7979
-14,0140	1,7587
-16,6358	7,8537
-7,7882	8,7057
-37,2139	13,6208
-2,7419	18,4704
-27,1216	14,8001
-5,5599	13,2929
-19,4537	7,3946
-3,9872	-7,2200
-30,4635	-13,1181
3,3527	-8,7928
-18,4050	-13,1837
-3,4629	0,5131
-21,9438	-7,4168
-5,9532	-17,0504
-10,6716	-4,0744
-17,2255	-12,2664
-6,7394	-5,7782
-15,3251	-7,4822
-12,4410	-10,3656
-24,6967	8,6396
-13,6207	5,2972
-29,9394	-3,3532
-11,3271	10,0815
-22,4027	-3,5500
-3,1353	-7,4163
-30,7912	12,1788
-4,5770	10,7369
-21,0264	10,0161
-8,9680	17,9459
-22,9267	9,5574
-11,5894	20,8296
-13,8173	9,6884
0,3382	10,8027
1,0593	16,8976
-14,8661	17,1597
15,0840	24,1720
-12,5724	25,4826
15,8049	27,0557
-15,7835	28,4975
-0,3824	23,8444
-19,5844	23,8446
9,3823	39,8353
-12,6376	31,9054
3,1565	34,1337
-0,9067	33,8059
-0,1861	24,7619
0,1421	21,6818
5,3844	15,6524
8,2683	11,9824
10,6928	14,9969
10,8242	5,8219
-2,5453	8,7055
5,7779	-2,1735
-14,6038	10,2783
6,2366	16,5041
-5,5598	-0,1421
9,3821	-6,2367
-20,2397	20,5018
0,6006	0,5131
-7,3292	-0,2076
-0,3171	-4,2709
-16,4385	-8,0064
-3,5938	-8,9240
-3,5280	-12,1351
-2,4798	-16,9193
7,2197	12,9650
-11,8514	-5,8440
11,4796	-9,8412
-1,2346	10,9989
10,8897	2,7415
-3,3971	0,9722
24,0622	-1,0594
-17,2252	1,5620
8,7272	9,6229
1,7804	18,1426
19,1472	0,0546
-6,8702	-1,5181
18,9508	6,6739
10,7589	23,0577
13,8389	-1,3216
18,4923	-11,3483
4,5983	22,1404
27,1430	9,8848
0,9937	-7,0886
20,9825	3,4627
-7,3293	0,5787
15,2807	-9,9066
-11,1304	5,3630
1,1904	-13,1837
-21,7470	0,4478
2,5011	-5,1230
-11,1958	-25,3077
0,1417	1,3652
-10,0161	-15,9366
-10,0819	-23,4729
6,3024	-8,6620
-10,2131	-12,7909
1,1905	-12,9219
-8,3780	-18,4925
0,6005	-18,8201
-11,5237	-4,8610
12,2003	-15,2813
-21,4195	-20,0651
5,0569	8,1807
-18,1426	-15,9365
-1,1033	-6,3680
-4,5766	-4,0744
0,2728	-6,6956
-3,6590	2,0862
-6,5430	4,1833
8,3995	-0,7317
1,5834	15,5867
13,2490	10,6714
-10,4752	6,0841
4,7293	21,4194
-6,4774	9,8852
7,9406	17,0287
-8,8367	17,2251
14,0353	-5,6467
-19,7156	21,4196
10,8243	-0,7972
-9,4918	16,5044
16,7880	8,9018
4,2707	4,3145
7,6131	5,4286
9,3827	-6,1713
6,3023	-9,7757
7,2856	13,0961
3,6152	-5,1229
13,5113	1,6275
-12,9654	-1,7806
4,3362	-13,2491
-19,2571	7,9189
-17,7497	-2,8947
-36,5585	-11,2174
-17,4878	13,6205
-33,2164	2,8724
-26,1387	-7,9407
-31,6434	-6,4336
-28,7604	-3,0912
-42,1291	5,2973
-20,3061	-4,7297
-24,3690	-5,0573
-30,6606	5,6904
-10,8029	-6,6303
-15,6527	-19,3440
1,5179	5,6249
-26,2694	4,9039
19,9992	-11,6109
-9,9510	-18,3610
4,0740	-11,8073
-18,8636	1,5617
-4,1835	-0,0768
-22,5989	-15,2153
2,8942	0,3822
-13,4240	-8,3344
-6,6085	-14,8876
5,7779	-2,0428
-19,4536	-10,9557
-1,3653	-0,0767
-8,3124	-15,0190
15,9361	-8,6618
0,4695	-8,2032
19,6061	-7,3514
-10,7369	-27,6017
26,0288	-8,8584
6,8267	-18,2958
27,7981	-8,0065
13,0527	-12,9875
16,3293	-11,6110
7,9409	0,0543
6,9575	-6,2372
12,6594	-8,7274
5,3845	0,5787
0,2074	-7,6788
-10,2130	-5,1229
5,1880	-5,3850
-5,1670	-18,5576
3,5496	-3,4188
-16,8978	-8,3998
-1,4310	-14,2323
-17,7496	-5,7127
7,0886	-11,8730
-2,4797	-4,2056
-0,4481	-7,0236
-10,2782	-5,9094
2,7633	-6,0405
-7,9844	-9,4485
3,8774	-21,4414
-5,8217	1,8894
-6,8050	-9,2517
3,0256	-6,0403
-9,9508	-1,3874
9,5137	-6,4334
-5,8876	15,1278
15,1496	13,0306
-12,3756	1,1032
18,1643	8,9677
-8,9020	21,8781
14,8219	-0,9937
0,5351	24,5652
9,6446	9,6885
-5,4282	24,4995
1,5182	12,7686
9,6449	-2,8288
5,3846	13,9484
3,1567	8,7708
-5,1667	-1,0594
5,6469	0,7755
-13,2276	-2,3047
5,4501	10,8025
-6,8052	7,3288
2,3043	-9,3171
-14,9972	13,2273
-4,2493	-0,5354
-14,6692	-17,9676
10,6928	9,9506
-21,3539	17,0937
2,0424	-4,9261
-9,8195	9,8851
1,6490	8,5742
11,7419	-0,7318
-0,7103	4,9043
30,0919	-4,1397
9,1201	4,7731
22,6865	-1,1252
19,2782	-11,0211
35,2036	-5,9747
-0,1201	-9,9069
14,8876	3,1346
-1,8895	-16,7228
26,2906	-16,0671
-17,2906	13,1616
11,9383	-4,0745
-13,8172	-5,1881
-7,9847	2,6761
-4,1179	-2,3047
-10,8685	16,8973
-0,6446	17,7491
-15,7836	0,4479
5,1225	13,6861
-8,0504	6,4114
13,9698	3,9213
-15,7835	11,1300
10,3655	-8,7928
-6,4773	5,2319
24,9144	7,8532
-13,0307	-5,1228
18,1643	8,9675
-4,8387	19,1908
10,8242	-16,6571
-8,8362	12,9653
1,3214	3,5278
2,8290	-10,8243
9,7098	1,6275
2,7632	-4,5985
-11,7859	-7,2199
5,4502	-4,1398
-11,8515	-12,8559
3,7462	-2,3047
-16,9632	-4,5330
2,5664	-7,4819
-23,2547	8,9018
-7,2639	0,0546
-16,1767	17,6181
-2,1523	13,0306
-23,9754	0,7755
-10,2787	22,3368
-14,8660	17,2906
-26,7282	17,8149
-1,6933	13,5551
-27,8425	17,9462
-2,2832	25,6137
-24,1726	17,6840
-8,5092	14,2761
-33,4786	30,0047
-8,8368	8,3122
-22,7960	1,1692
-8,7714	23,2543
-26,3346	2,2829
4,8604	4,6423
2,6978	3,1346
5,1225	-13,0526
13,5770	-7,0888
16,6567	-14,2323
13,6426	-7,2200
9,2513	-1,7806
15,8054	-12,2007
9,1203	-2,8290
26,6187	5,3629
14,2976	-8,6616
26,6841	7,6569
-3,6591	13,2930
13,3148	2,2175
5,5813	23,0580
4,5326	19,2566
-11,3924	14,8660
2,1732	18,6015
-4,1180	8,7056
-1,1038	26,6624
-8,7711	22,5990
-13,3589	-0,0761
5,1225	27,9075
-11,1307	9,5572
9,0546	-10,9550
-11,6549	16,9630
13,0523	-2,6326
-11,5893	-4,7950
5,3191	-8,0719
-20,2400	-7,0889
-3,3316	-7,6132
-18,1428	-3,6812
-15,0627	-13,7080
-16,7664	1,2995
-7,4608	-14,8879
-35,7063	0,2513
-14,9972	9,5570
-3,3317	-4,9917
-17,4878	11,0646
-17,6840	-2,8291
-13,8831	-3,8773
-0,8414	6,9360
-17,2910	1,8895
-8,3123	-2,1734
-8,7057	17,2250
3,1563	-1,9115
-24,4341	-1,7148
5,9089	1,5619
-7,6569	-7,7442
-3,0040	4,2490
-9,6227	-2,8292
12,7901	-1,1250
3,6154	4,6418
5,0569	2,4138
8,0719	4,9697
0,4696	-0,8631
22,8176	-12,7248
8,4651	-3,2877
37,4321	9,8849
-0,3822	-2,8291
25,4392	11,7855
9,2517	3,2002
25,3735	10,5404
-2,2827	5,6251
27,6017	-4,5984
14,1010	22,4681
-5,8874	6,6079
-7,1321	-12,5280
14,1664	8,9675
-0,7100	-0,7318
-10,1474	11,1956
-2,0863	-1,3872
-10,3442	-1,4528
-1,9554	7,5912
-25,8762	4,3798
-1,1037	1,2341
-37,6728	4,4453
-10,4752	-8,0063
-29,8083	-0,8628
-15,2595	6,8049
-18,6014	10,0160
-4,4459	0,2512
-6,8048	7,9189
1,8456	3,1349
12,3316	17,6836
13,1834	2,6759
14,1012	16,2420
5,8436	2,7413
24,3250	-8,6617
10,8243	5,1663
33,4343	-3,2879
11,0865	-17,7713
29,4364	-8,3996
-9,1639	-1,5187
20,7203	-16,3952
-5,9528	-19,5409
15,2153	-23,2109
8,4654	-7,8756
11,0208	-15,7401
4,7954	-17,3129
14,6909	-16,0022
12,2008	-16,6576
8,9236	-22,2280
11,4142	-19,6065
0,5350	-24,2597
14,0354	-8,5309
-16,2422	-15,8712
11,9382	-28,5192
-9,3611	-13,8392
-3,9871	-3,9435
-17,0941	-15,1499
7,7437	0,4475
-23,5822	-10,4969
-0,9724	-8,0065
0,8627	2,8069
-9,9510	-8,5962
1,1251	-0,1421
-4,4460	5,2316
6,0401	-4,4675
-13,1621	4,9697
9,4481	-5,5818
-6,8051	-10,1036
25,5698	-6,8268
1,5835	-5,9747
8,9892	11,4577