-13,2766	-79,9247
-33,8552	-69,7665
-8,4271	-52,6618
-41,1951	-65,9002
-14,9807	-70,2909
-36,3453	-56,9873
-29,7919	-69,6357
-43,4884	-67,3420
-28,4812	-63,2787
-34,8379	-69,7669
-36,3457	-64,7207
-38,7044	-78,2211
-40,8677	-75,2063
-28,1534	-73,3714
-55,0235	-88,7724
-29,0054	-79,2038
-48,2079	-71,4709
-30,1198	-85,6921
-65,0506	-75,7304
-42,3095	-78,0899
-68,4583	-68,8492
-45,7176	-63,4100
-72,8493	-78,0898
-61,3806	-57,7737
-81,9585	-65,3761
-60,2666	-80,3835
-60,5287	-67,7352
-61,1188	-72,8472
-60,5942	-76,6482
-71,8011	-87,3961
-58,3004	-104,4353
-71,6700	-73,8957
-45,3898	-84,3163
-65,1821	-108,6953
-59,4145	-86,0201
-75,7330	-103,9771
-43,4894	-105,0910
-79,1408	-94,6055
-61,0529	-109,0233
-67,2786	-110,3340
-61,6428	-98,2100
-64,3950	-102,7976
-61,1186	-104,5673
-53,3195	-125,4732
-59,8734	-122,4585
-50,4360	-122,6554
-67,2134	-141,4641
-28,0883	-141,8574
-75,3399	-133,9932
-52,2054	-149,1321
-59,1525	-154,8991
-43,9482	-150,4428
-86,6117	-157,6517
-51,9434	-146,9696
-68,8516	-166,8269
-61,1842	-159,8801
-74,6186	-152,5402
-68,7209	-166,9582
-67,4753	-158,7662
-76,1921	-172,2011
-67,6722	-164,4678
-82,9424	-166,0407
-63,5436	-173,3808
-82,1561	-185,5049
-57,5802	-178,1648
-106,2079	-173,4465
-77,7651	-192,7795
-96,5741	-186,6846
-82,8115	-181,7697
-111,0574	-182,9495
-96,1154	-197,3018
-111,6471	-198,9402
-110,5334	-189,2410
-109,2879	-200,7099
-113,5483	-222,1400
-105,4215	-207,5911
-120,1675	-206,4117
-104,5041	-219,9778
-113,1553	-237,4102
-108,4365	-227,3833
-137,9277	-238,8523
-113,3518	-243,3086
-136,1583	-244,6851
-110,6650	-244,0954
-151,2971	-264,5426
-138,3865	-256,6783
-143,5636	-268,9337
-125,8039	-270,1789
-142,7772	-266,9024
-125,9347	-287,4805
-134,0610	-281,3202
-128,4906	-276,7330
-103,9144	-288,6606
-133,6026	-302,4886
-102,9314	-310,3529
-131,3743	-319,9212
-112,6963	-301,1125
-143,9570	-328,7032
-111,7134	-319,9869
-156,0155	-321,7565
-116,1699	-315,9238
-152,5422	-304,9139
-143,3673	-325,7544
-139,5005	-330,8659
-141,9259	-318,6109
-147,0372	-322,7398
-157,7856	-327,7861
-155,3604	-327,7207
-158,1790	-354,3938
-143,7610	-341,4832
-184,5900	-352,6246
-162,6354	-372,5475
-185,8353	-368,6153
-165,9779	-382,1815
-190,2263	-378,1183
-168,9927	-380,2812
-184,9178	-410,8209
-179,4130	-392,4053
-197,2385	-386,9663
-181,4446	-410,0349
-189,1121	-410,5591
-189,5712	-410,2971
-187,8014	-421,7659
-191,4063	-411,1492
-179,1508	-417,9651
-201,9576	-439,1985
-184,5249	-422,7491
-211,3947	-428,9098
-181,5758	-434,1526
-210,8707	-449,6847
-198,2876	-450,6021
-223,1258	-445,1628
-206,0866	-453,6173
-229,7448	-473,0812
-219,6526	-462,3335
-236,7572	-483,7638
-232,6942	-482,1255
-207,3973	-489,5970
-238,3964	-508,5368
-225,2886	-505,3255
-244,2946	-495,6266
-223,8470	-518,4985
-248,9477	-512,0105
-230,8596	-521,7099
-262,0547	-519,5472
-234,9230	-519,9405
-277,0623	-531,4749
-244,8191	-526,1663
-282,5673	-528,6571
-270,7713	-538,9462
-273,5236	-535,6040
-278,9636	-551,5293
-290,1699	-559,1970
-278,0463	-553,2990
-285,2553	-559,9182
-300,9187	-573,6808
-297,1174	-585,6739
-322,7422	-595,3075
-302,2949	-584,1667
-323,9221	-589,9996
-317,6962	-593,9972
-354,7238	-595,8980
-322,8080	-613,4615
-347,7771	-608,0877
-340,6338	-625,9137
-349,6774	-631,7463
-337,8814	-612,8069
-338,3398	-648,6551
-339,5201	-648,4583
-332,7039	-651,0146
-361,4090	-665,9567
-333,7526	-666,6777
-355,3799	-673,1003
-338,2094	-680,3749
-362,3924	-678,9987
-359,1810	-682,2101
-391,0313	-686,9286
-354,4624	-691,0576
-395,2910	-688,6329
-364,5549	-692,8927
-390,3757	-696,6939
-354,0037	-718,1240
-383,6912	-693,6137
-382,8394	-713,0126
-365,5378	-710,1942
-369,6671	-705,5415
-361,7368	-725,8576
-376,8762	-709,8011
-371,8295	-715,6996
-386,1822	-726,3163
-358,4605	-710,1289
-400,8622	-726,9718
-377,0071	-729,2653
-400,4034	-718,9764
-389,7211	-728,6101
-409,3160	-715,3065
-387,2963	-716,0931
-398,5682	-727,9550
-394,5052	-715,8309
-387,9514	-723,8919
-386,3134	-733,0667
-374,9098	-717,4693
-395,4884	-737,5887
-371,6330	-730,3142
-390,7043	-721,9256
-372,2885	-735,2294
-396,8646	-724,6124
-352,7590	-734,4430
-409,8407	-727,8236
-385,4611	-719,5664
-387,1651	-733,7219
-376,2864	-711,6364
-388,6722	-717,9935
-378,1213	-722,5809
-374,5166	-709,9324
-387,0342	-716,2240
-376,2203	-714,6509
-377,5316	-710,5878
-367,0456	-718,9762
-384,3471	-707,3108
-362,9168	-708,9492
-397,5198	-706,1965
-363,2444	-701,1503
-396,0125	-697,5456
-361,9993	-706,5895
-383,8226	-676,5084
-358,5259	-682,2758
-376,5478	-686,6664
-361,9991	-668,1197
-360,2291	-673,8870
-349,6782	-675,7217
-339,4541	-660,1898
-338,9301	-662,6146
-321,5627	-647,8689
-331,8521	-658,2891
-298,8217	-647,9998
-338,5366	-628,2081
-297,7731	-660,5169
-323,5944	-627,6832
-313,5672	-617,1979
-333,7521	-626,5691
-301,1155	-617,1320
-331,9827	-615,3622
-326,4122	-602,6482
-330,6063	-589,5410
-320,7107	-583,5114
-319,0065	-572,8290
-308,1280	-567,9792
-302,4259	-571,4522
-307,6035	-545,9586
-280,8646	-529,3125
-306,0959	-541,1088
-278,0463	-520,3336
-297,3139	-511,0932
-281,3885	-505,1947
-290,9566	-493,8570
-272,8689	-504,2115
-294,8231	-488,4825
-278,3082	-469,7396
-294,4298	-477,7347
-287,0900	-460,6953
-280,3395	-456,6318
-287,8111	-457,0249
-262,8414	-438,2817
-274,6385	-450,6678
-260,4167	-436,9705
-273,0653	-434,7423
-242,8531	-424,3877
-261,3998	-432,7106
-245,4088	-419,5378
-263,7587	-422,0281
-233,4810	-413,9016
-252,6173	-424,7148
-213,6891	-403,1535
-235,0534	-411,9354
-213,0990	-396,4033
-208,1834	-402,1050
-211,0018	-387,0972
-210,7390	-379,2328
-199,4673	-376,6769
-182,2966	-382,0507
-210,9361	-369,2055
-184,0660	-370,9094
-204,3823	-369,0741
-174,9567	-351,9693
-215,3924	-349,4133
-178,9543	-344,8912
-210,9359	-340,1727
-193,0445	-354,0005
-197,7630	-331,0628
-191,5373	-322,5434
-196,7143	-337,6163
-185,3770	-315,2686
-197,4352	-321,2324
-186,1632	-311,4017
-166,5680	-301,2438
-190,6199	-316,5134
-171,2865	-309,7631
-186,3601	-294,1655
-171,2210	-291,0854
-199,4671	-296,9181
-180,9202	-296,9178
-192,2580	-290,9541
-176,0708	-288,3982
-207,5932	-290,6918
-184,0658	-277,7813
-191,4057	-263,9533
-169,0583	-262,0525
-168,6647	-264,5428
-174,0389	-257,1371
-158,5063	-241,9982
-156,7373	-234,0028
-145,0715	-241,9980
-157,7200	-227,6454
-116,6945	-222,2060
-150,7078	-234,1989
-134,7167	-221,0260
-146,5786	-213,0308
-134,4545	-223,7131
-157,7851	-208,1810
-130,5224	-208,0502
-148,8722	-224,1719
-135,6343	-216,4387
-145,5954	-225,2205
-139,0422	-230,6598
-128,8183	-214,5382
-143,8918	-209,8197
-128,7527	-211,9167
-131,3743	-222,9921
-101,8830	-212,1129
-130,6533	-195,3359
-98,8681	-206,4768
-120,4294	-199,0056
-92,6422	-184,5222
-117,4146	-185,8327
-91,2004	-171,6114
-119,7082	-175,0847
-97,3607	-168,5311
-111,3852	-142,1856
-113,1548	-153,3269
-106,4044	-161,5184
-102,4727	-142,8408
-99,9165	-152,6056
-106,8636	-148,0835
-91,9866	-149,5908
-110,1402	-152,6054
-90,1515	-136,2870
-114,8585	-142,5131
-76,0613	-154,2437
-102,1445	-148,6077
-74,8815	-137,7289
-95,5252	-142,7752
-77,0443	-152,2123
-106,0763	-146,6419
-75,7991	-141,0059
-96,5080	-157,3898
-84,9085	-151,4260
-73,1119	-158,5040
-92,1832	-161,3220
-73,7015	-153,9819
-75,8646	-155,7516
-60,0703	-166,3682
-83,5977	-164,3365
-52,2713	-156,7344
-79,1412	-151,8192
-61,2498	-157,5208
-77,2403	-149,0666
-57,7109	-143,3649
-83,1384	-129,4713
-59,3492	-132,0926
-65,9680	-117,2814
-67,4101	-126,8496
-56,9240	-118,0019
-68,1311	-104,3050
-56,7928	-109,5478
-69,1795	-114,5283
-42,7683	-95,5228
-59,9390	-107,9093
-46,5694	-102,0764
-74,1601	-87,6586
-47,8148	-108,0401
-74,0947	-104,9598
-53,9754	-89,6900
-83,9906	-95,2606
-71,6701	-80,8427
-78,7476	-75,9276
-74,0950	-84,7749
-78,4855	-83,7262
-71,9323	-74,0268
-64,5264	-67,9975
-73,6361	-72,1263
-48,4044	-72,1918
-66,5582	-68,7837
-52,9264	-67,1454
-65,7716	-67,3418
-42,5718	-70,8807
-66,7547	-65,5723
-61,4461	-56,2007
-75,8639	-66,6864
-59,8732	-54,3002
-70,8175	-53,4482
-56,3999	-67,4728
-53,3850	-58,1012
-55,7447	-60,0019
-58,4311	-53,7759
-50,6983	-62,4267
-25,4668	-58,8876
-50,8950	-56,9215
-33,7241	-50,1059
-53,5161	-66,0309
-17,8645	-46,1735
-49,9115	-48,2709
-18,9785	-51,2852
-51,6807	-36,2120
-26,9082	-41,4549
-40,0806	-37,2605
-25,9252	-23,6291
-28,4152	-43,0277
-24,6802	-44,0105
-27,1702	-29,8550
-30,9061	-41,3238
-26,9737	-47,4841
-38,1806	-49,3847
-21,1411	-44,8628
-44,4720	-47,4842
-9,3447	-64,6545
-44,9309	-38,4400
-41,9815	-41,2584
-46,7656	-52,3336
-32,9377	-34,8355
-46,1101	-32,2143
-29,0055	-50,5641
-30,5126	-21,5972
-26,7773	-29,3307
-24,8107	-25,9882
-27,8258	-25,5950
-13,0142	-38,9642
-7,4440	-26,5123
4,0249	-29,7892
-14,7184	-37,1947
7,1052	-30,7721
-21,6650	-31,1000
9,0058	-33,7213
-18,9780	-31,4932
-2,9216	-30,9690
-12,3587	-49,9743
1,6657	-29,0028
-7,5090	-47,1565
0,2893	-40,7338
-12,0311	-37,7193
-15,8324	-40,2751
-4,8877	-30,8379
-20,5513	-37,3915
0,2895	-20,3520
-29,8575	-20,6799
-17,6675	-26,3156
-35,8211	-21,4659
-20,1581	0,2919
-42,4402	-16,8785
-28,1534	-7,5067
-36,5418	-31,8206
-13,0803	-9,8004
-34,1168	-9,4731
-15,0460	-17,9925
-3,7080	-16,1577
-4,2327	-18,3204
0,6176	-19,4999
5,7291	-18,1894
14,3801	-32,0173
-5,2154	-17,5338
21,9169	-14,2572
1,8625	-33,4592
27,4872	-24,0218
1,4038	-25,7260
12,0864	-26,5777
-2,2660	-14,6503
7,4986	-24,9395
-12,8171	-16,0263
9,0059	6,8454
-16,8149	-15,1744
-1,6763	-8,5552
-1,2174	-6,5890
0,0274	13,2027
19,4264	2,7825
2,3865	-9,3414
16,4773	-0,8874
9,5957	-1,4117
27,2249	-5,2783
-12,7518	-14,9122
24,7347	-17,4681
-8,1643	-19,5653
20,7370	-16,4852
-16,4218	-19,4343
2,4525	-18,1892
-1,8073	-20,9417
-11,5069	-18,8445
-11,6376	-23,4319
-10,9172	-9,0139
-5,3464	6,7800
-21,1410	7,8287
-4,0357	-7,5722
-23,3037	-19,3682
-2,5284	7,6980
-3,9051	-4,3607
4,8112	4,8145
-35,1654	13,0061
-5,6087	1,6685
-22,1893	-2,6567
-12,4901	9,0085
-17,9948	4,0932
-14,6528	6,5835
-16,0941	-10,7834
-4,3636	-8,4240
-1,2176	11,7609
1,2070	3,1757
-0,6931	-5,0816
0,6830	4,4210
25,0624	1,7996
0,2898	3,5034
31,5507	-11,2420
17,7879	-4,1639
27,8149	-0,9530
4,6156	-6,9168
22,0478	-1,2805
-2,4622	10,9089
28,2082	-7,9654
8,1545	-6,5891
8,6785	-4,1643
14,9047	-0,7564
8,6129	-1,2154
30,6986	-17,5992
23,0960	-3,2468
28,2738	2,3892
1,9281	-12,2252
21,6547	0,8820
-0,1034	-6,3270
29,4533	-22,1209
-8,8197	-2,8534
10,8412	-6,2615
-6,6568	-5,9993
9,9235	-12,4874
3,9599	-24,0215
6,3845	-13,9947
-2,2659	-17,4026
-5,6086	-15,6987
3,2392	-15,1090
-2,7907	-9,2109
13,3970	-12,9463
-13,9317	-10,5870
6,7778	-25,5945
-7,7714	-3,1157
12,7412	-0,8877
-30,1849	-1,0840
-12,8833	-0,9529
-30,3158	1,4065
-17,9297	13,5960
-28,9395	13,2684
-23,3694	3,7657
-33,8544	8,6810
-14,9806	11,2366
-3,5770	-4,7539
-14,5218	3,7001
5,4016	-9,6693
-11,7692	-4,2953
16,9359	-1,0187
-15,1114	-14,3225
16,4116	-20,4827
-18,2571	-11,5699
-7,0501	-13,6672
-16,6184	-14,7156
7,6951	-23,9562
-11,5723	-7,5722
-1,2834	-6,2616
-10,1959	-10,5870
-0,1038	1,7994
-4,0355	-14,7813
-5,2812	-8,8828
1,2729	-1,2152
0,1583	-1,6085
12,8071	-20,4171
-3,9705	-4,1642
17,8533	-15,3053
-4,0358	-8,2272
14,7732	5,0108
-13,6695	-4,0331
6,3845	2,7171
-14,4557	2,6516
0,4207	-3,8365
-9,9993	-9,1447
-6,2641	-9,4726
-14,6524	9,7295
-14,1285	2,3892
-9,5407	-9,7346
-16,2258	11,6301
7,2363	15,4308
-22,4519	-7,0476
-6,1986	8,3534
-22,1240	10,1883
-10,9830	17,0697
-27,4324	17,0041
-9,3446	7,3049
-38,5733	15,3005
-15,9636	32,9949
-18,6503	15,7590
-7,5095	29,9804
-12,3587	21,0020
-8,6234	15,0384
4,6807	31,1601
-2,9873	15,0382
4,5498	24,2789
2,0591	17,3319
24,7347	21,6573
-1,2178	10,5817
13,9213	6,5185
-3,2493	-0,4937
15,1006	20,0188
-20,0922	7,5669
-0,2348	12,9410
-29,7915	25,4583
-11,1795	11,0404
-30,5779	13,0067
-19,7648	20,9363
-30,1846	13,4654
-16,0294	21,7227
-16,2912	8,1567
-32,0201	13,0064
-14,6527	4,8142
-29,3332	-17,6645
-3,0531	-2,9845
-43,4234	-5,6717
-8,8202	-18,1888
-44,3407	-2,0671
-10,0654	-11,6354
-35,9520	-9,9969
-11,5073	3,0448
-40,8669	1,4718
-23,6968	5,3385
-26,1214	9,3360
-27,8912	5,2730
-15,3079	6,2560
-19,5683	10,6469
-11,7692	1,9962
-23,9592	2,8483
-4,3639	0,9478
-32,7410	4,6178
-9,3446	7,6980
-44,9307	11,9578
-33,1339	15,4968
-39,7532	5,9942
-27,6947	9,9921
-41,4570	28,0799
-25,5976	30,4390
-38,5734	18,7083
-24,2870	32,6675
-35,6243	26,8348
-34,3794	36,2720
-15,1771	30,1772
-19,6340	33,5195
-6,1334	25,7206
-37,0663	26,7694
-6,3954	29,2595
-42,1126	25,9172
-19,1749	24,2789
-50,1734	22,3128
-22,2553	36,8617
-52,2704	15,6280
-40,0810	21,1332
-37,6558	24,8685
-35,5592	16,3490
-37,3936	28,6041
-30,5128	14,7105
-14,1286	10,3197
-31,2993	16,4800
-5,4122	22,7057
-32,6755	14,5793
3,2386	7,6326
-32,8065	17,2008
-4,3636	17,9871
-24,8109	0,0304
-5,7400	1,7999
-35,6242	15,4969
-15,7013	9,0742
-22,5170	5,4698
-20,8133	2,8484
-24,7452	20,9363
-27,3671	6,7149
-30,8401	19,1013
-37,0664	11,0403
-15,1116	17,5285
-43,4236	15,8245
-13,5391	11,8270
-51,4189	21,8538
-33,5275	6,5840
-58,3001	21,8540
-35,6249	21,8536
-69,1791	10,6472
-54,5646	23,2955
-52,4019	15,3002
-49,8462	9,9261
-58,8898	10,2539
-50,6982	8,8776
-46,2413	8,5499
-44,1446	6,8459
-30,4473	1,7997
-45,5208	13,7271
-30,1852	-0,2975
-49,7806	5,2075
-22,9107	-0,3630
-48,4043	0,6202
-34,0519	9,3364
-55,4164	3,2416
-24,8769	10,7783
-50,0425	26,7690
-29,0711	14,5794
-44,0130	15,1039
-39,2292	35,7476
-38,8355	30,5703
-38,8359	40,1386
-20,2889	30,2426
-23,4350	26,8350
-9,5411	37,7795
-21,5998	34,7647
8,3502	36,7964
-25,7940	30,5049
-3,3805	32,3400
-20,4853	30,7669
3,3696	18,1840
-36,8035	11,8270
-2,2664	16,6110
-22,3857	17,7906
-15,3082	15,6933
-16,8152	10,4505
-27,8255	11,1714
-13,1452	10,3194
-8,0341	-1,9357
-16,1601	7,1736
-26,5806	8,8776
-1,3492	11,3680
-39,0325	8,2224
-14,3907	11,3025
-49,5837	6,5186
-18,1919	23,8202
-49,6491	33,1917
-19,3717	23,5581
-39,0322	33,5851
-30,3817	30,5705
-32,5439	32,7333
-15,2429	41,7769
-22,2549	36,2720
-26,6459	34,6335
3,1077	28,0144
-10,1967	24,2789
6,5810	16,8734
-17,4709	18,2496
7,9573	24,6066
-15,0461	23,1647
6,8430	16,3490
-27,1701	26,1795
-5,7398	24,2788
-25,7937	22,3129
-22,3859	31,9465
-25,2693	32,2742
-25,0731	30,4393
-26,8423	41,1216
-20,7479	24,2788
-22,5172	36,2064
-36,2800	18,3805
-20,8789	23,9512
-43,2924	9,2711
-20,1581	16,8732
-45,1274	11,8924
-3,7087	14,7103
-46,1760	-7,2442
-25,1388	1,8655
-42,0469	4,8799
-21,8620	5,4697
-32,0198	-1,3460
-21,9276	14,2514
-28,4152	4,8797
-10,6554	-0,4941
-9,9997	3,8313
-20,6169	4,2901
-3,9048	8,3533
-24,6144	-8,3582
0,6172	9,2055
-22,4517	7,3701
-0,3660	11,8924
-21,2720	14,1860
-18,2573	9,8606
-31,9541	5,8630
-9,0825	21,9192
-32,4785	4,9454
-17,5366	5,4043
-31,6920	15,6933
-20,2236	10,7125
-28,3494	11,5645
-13,1458	-3,9676
-13,0143	0,6857
-36,5420	-0,6252
-16,4220	-2,9189
-27,4979	6,5837
-10,5897	7,3047
-39,8842	-5,2127
-18,9126	6,2562
-27,5634	7,6324
-15,8982	4,3556
-36,4761	7,9601
-10,9830	6,2562
-29,5949	11,8924
-16,7501	20,8050
-18,4538	4,2901
-17,7986	19,8223
-0,4313	16,9385
-11,0485	10,4507
6,7777	27,4899
-20,0923	13,0066
10,1201	25,5241
-10,3930	19,6257
3,7630	14,1865
-18,4537	22,1817
4,5493	21,7230
-23,5653	18,3151
-2,8562	25,5239
-15,1110	22,3126
0,1584	24,9340
-6,7223	8,6811
5,0082	13,7929
16,5428	20,4776
4,6150	15,3002
17,8536	15,6935
6,5157	23,8197
26,0456	8,8122
4,0910	13,2688
38,8251	12,2856
13,7247	24,4099
22,1790	14,1862
-1,3482	22,0506
33,9097	5,6010
-0,4308	21,5263
4,2876	11,8923
-3,7732	15,3004
0,8795	24,0820
4,0255	24,1474
-13,0143	12,8753
5,9258	10,6471
-21,7307	22,9023
7,0399	5,3385
-15,2427	4,7489
1,7969	5,8630
-19,5679	17,5282
1,9935	-7,1787
-12,9487	2,5863
0,1585	11,4335
-12,4242	15,9554
-0,8247	1,8653
-14,1936	10,3196
-12,4244	21,3951
-9,0818	10,5162
-7,6405	14,1863
-2,4629	26,5070
-27,3013	29,5870
3,6975	17,5940
-20,9445	11,1060
-0,4971	13,2031
-24,6144	16,2833
-4,7569	6,9772
-30,8402	-1,8702
-9,5410	9,0744
-26,3835	14,2516
-12,4900	7,6979
-21,2061	14,1205
-3,1840	5,6008
-13,9972	10,8436
-1,4145	3,5692
2,3212	6,7804
-13,0800	10,8436
14,3799	11,3023
-7,4442	-1,3460
-4,8221	5,9941
-15,2426	11,6957
-0,1691	10,3851
-22,2548	25,5238
5,9911	16,2833
-25,9902	21,7885
-7,0505	19,4291
-14,5868	13,3345
-5,7398	28,9319
-4,9531	35,6819
-12,3590	5,9287
-9,3440	19,3637
-13,3419	24,6718
-2,6593	12,6788
-12,8833	21,5262
10,6443	9,4675
-18,0607	21,3298
3,5008	12,3511
-25,0074	10,1887
-4,6257	26,3760
-28,6773	20,7398
-4,8224	15,1038
-27,3665	27,5556
-18,5193	15,6280
-9,3440	7,8949
-10,1965	18,5770
-10,0649	-0,5595
-16,3568	14,2518
-4,2322	15,3656
-15,6358	5,3388
2,2557	17,5282
-16,0946	-9,0792
0,8138	7,9603
-22,9103	8,0255
-1,8078	-1,8703
-29,7260	2,1929
-13,0800	-7,7030
-34,7723	-2,2634
-23,8936	-1,9358
-36,0174	-2,9188
-35,0348	9,4018
-31,4299	11,0401
-32,3478	7,7634
-28,5465	17,2006
-33,0032	10,3192
-9,0823	15,4312
-30,5784	11,6956
-16,4223	14,1860
-27,2358	9,0087
-2,6597	7,3049
-22,2550	9,9261
-4,1670	7,6326
-15,3081	10,4504
-1,4145	5,8629
-27,0386	3,4381
-1,6111	5,8628
-11,7689	-1,5426
-9,2132	-6,8509
1,3383	12,6131
-17,9951	9,0085
-0,3655	13,0718
-10,8516	5,4697
14,2489	7,6324
-1,7422	9,4018
19,5572	-1,5425
-10,1306	14,1205
15,3631	-5,8024
-2,7249	5,5355
10,2511	17,1351
-0,6930	2,2584
19,4261	5,8631
-4,7562	13,2027
7,6954	-2,2638
6,3193	-16,6159
9,4648	-8,4898
9,9893	-9,0140
9,6613	-6,9171
24,2761	-31,8861
1,8625	-15,1743
31,1572	-13,9949
-12,0967	-17,0094
12,2830	-11,3078
-17,0118	-12,6841
13,8556	-16,6162
-18,7813	-7,6378
-4,1012	-21,9903
-19,1743	-18,0580
-4,2325	-10,6525
-30,2498	-8,2277
-7,7058	-3,4436
2,7801	-5,8683
-9,9341	-12,4218
5,7947	3,7657
-6,6573	-6,5890
15,4940	7,9602
-0,3004	5,7972
12,0206	4,1592
-15,7011	9,0743
10,0547	8,6156
-2,8560	8,2880
0,4863	18,1184
-7,1811	10,7128
5,0739	18,9703
6,2539	28,2107
20,0817	19,4944
11,2347	9,0088
15,9530	20,8708
32,9926	7,4358
25,9145	13,5307
42,1021	6,5181
19,2300	-5,5402
50,7527	-0,6908
6,5160	-15,1741
31,6819	-5,6715
2,7151	-1,4773
30,5022	-18,9098
24,6696	-2,9190
31,0919	-8,0966
9,4001	-7,3101
30,0436	-3,7712
37,2526	-17,7959
38,8253	-13,2738
41,2503	-22,7111
32,2062	-13,2739
51,2118	-14,1915
20,6717	-29,5269
49,3111	-17,9269
19,0333	-26,1845
34,3032	-17,2061
9,0062	-18,1891
33,3199	-13,8637
-1,9383	-11,7009
6,4502	-1,4119
1,8629	-8,0965
-0,9557	-7,5064
-8,4917	3,3069
2,8454	-3,2468
-5,2807	-0,0353
-7,1816	10,5815
3,7632	6,4527
-7,4439	7,6978
4,3529	-5,6058
-12,2934	2,7828
3,3697	3,2415
-21,0096	-8,3583
6,4499	7,6980
-20,0266	-0,0355
-4,4292	3,6347
-31,1019	3,3068
-7,5747	1,6683
-18,1914	-12,4219
-6,1987	-12,4872
0,7485	-1,8707
-6,0677	-12,0942
2,6491	-4,5577
-2,9872	-16,3539
32,2057	-1,1495
-5,3465	3,7000
17,4603	1,6685
-4,1668	0,4234
18,1156	2,3241
-9,7371	3,1760
25,7176	7,5014
-5,5428	5,4697
6,3190	7,1738
3,5669	10,5814
17,3946	-5,6059
15,6909	-2,7878
12,4139	4,5521
25,1937	-4,4264
19,2950	-6,3269
23,2932	-4,5574
9,7268	-10,6523
26,1766	5,1419
-7,3779	-3,3123
17,2636	-10,9142
-8,0989	12,9408
10,3167	5,0108
-17,0772	10,7781
17,3945	5,6007
-9,9994	4,9455
-6,0674	8,4843
-13,0138	-3,0499
0,0930	10,0573
9,3993	15,0378
-1,5455	9,9261
23,8173	5,0765
3,6319	1,2100
15,1666	6,8460
13,2659	1,6687
22,1132	-6,7853
7,2368	13,4652
26,4386	13,7929
-0,2343	16,4145
15,8219	24,4097
8,2199	25,3928
10,9066	21,2643
-5,0837	31,0945
9,7924	10,2543
7,3679	26,8348
2,7146	38,6967
28,3393	8,0913
9,0058	9,7300
28,6016	9,9919
11,8896	8,2880
26,0455	14,5138
4,4187	5,7319
29,9121	8,6812
6,9746	10,1884
12,8728	13,1375
-3,7075	16,2176
16,5425	8,8122
-7,8364	18,0528
3,5666	21,7882
7,0401	17,2663
7,7606	22,5091
5,3360	20,1498
-0,1036	5,1422
18,8364	13,7274
4,4182	0,7512
18,0499	4,6833
-8,0336	-0,1664
13,7244	1,0787
-6,2641	-7,4409
4,0250	-4,8850
-22,4513	-2,9844
-4,7569	-1,4116
-22,1892	-2,1325
-8,0993	-1,9359
-26,9733	16,7418
-24,2867	0,6199
-12,9485	-9,8656
-12,8836	17,3972
-0,3003	-1,5428
-21,7309	3,5694
2,5834	20,6739
-10,3275	0,0958
13,2000	4,2904
-22,3204	22,9023
6,1879	19,8221
-11,5726	14,8415
-6,2641	9,0746
-29,7257	31,2910
-0,1037	16,4143
-18,3882	9,6643
-14,8494	22,7713
-18,8469	5,0764
-17,6678	-2,4600
-7,0505	-3,7053
-15,4396	10,3849
-6,5920	2,7824
-14,1943	-20,0894
-5,2812	-17,6644
-27,1702	0,0300
-0,8247	-5,0818
-31,2333	-13,8635
-3,5771	-12,6839
-31,1021	-8,2275
-7,1816	2,8481
-19,5022	5,7315
-14,7183	-11,0455
-16,7496	0,4889
-19,0438	10,8434
-1,6108	8,0909
-9,8688	14,7756
2,3211	6,6493
-16,0947	1,4720
-0,6936	2,7829
-20,8131	10,9093
-2,4631	20,6085
-11,5726	12,1543
-3,9049	13,5963
-27,8909	9,5330
-5,5432	16,2177
-24,4828	17,5283
-10,5240	15,5622
-9,8683	7,3703
-8,0337	4,0279
-1,1519	9,5329
-1,6112	1,7341
2,5181	7,4358
-4,0359	10,6469
16,6738	-8,3584
5,2703	5,4697
13,3969	7,3045
-3,5768	7,3702
18,4433	2,9792
-4,3632	-5,2780
14,8388	22,1159
-2,0038	12,0886
8,6784	-0,0351
-18,6497	13,7273
9,7270	2,4551
9,1373	5,2076
11,8239	3,5037
13,9213	8,6810
2,7146	7,2389
41,3809	-11,1112
5,9256	-1,6738
27,5529	-11,1767
1,1417	-12,0286
26,4386	-9,3415
-6,9846	-1,9362
10,7099	0,0956
-15,3733	-1,8050
-4,8877	-0,5597
-16,3563	1,5375
-0,1038	6,4526
-17,1430	0,3577
-12,8178	-7,7687
-18,1260	12,4163
-23,3036	-5,1474
-4,8877	2,3239
-21,3376	1,9960
-2,3318	-8,8826
-21,6653	11,4335
0,9448	1,4064
-24,8108	-3,7707
-6,5262	8,6810
-27,0389	-11,0453
-9,2133	-2,9186
-11,0479	8,8118
-3,2495	-10,8490
-9,2785	6,7148
-9,5408	-12,6185
1,0762	-7,0478
2,0589	5,2073
6,9745	-7,5722
-1,5455	-14,3876
10,3823	0,0302
-9,9994	-12,2906
32,7956	5,2077
-4,8219	-4,9506
30,4364	11,1713
4,6153	4,8798
31,4195	-7,7686
16,1497	10,0573
19,4264	8,8117
19,5577	14,4481
16,6084	18,0525
22,4413	6,3215
3,6321	3,8970
19,6888	15,3656
8,2195	7,5013
24,6691	2,8484
-8,8855	7,4357
21,3267	4,2246
-14,2597	4,7487
-4,4290	0,3579
-21,2719	-6,3923
-14,3250	6,7804
-28,6773	-2,5913
-18,3884	1,9965
-25,9247	17,5281
-15,8325	-7,8996
-14,5215	7,5015
-20,0923	17,6593
-8,1643	12,9407
-2,0045	20,6084
4,2875	5,0108
-3,8394	-4,0329
15,5597	1,9307
-5,1498	-11,7662
23,8171	-9,8658
-9,4750	-6,3924
19,2952	-14,0602
-4,8874	-15,2398
13,5937	-5,5407
-2,0693	-14,9778
13,0693	-2,8536
-8,2297	-5,4752
-0,9554	-12,4873
4,6809	-0,1665
0,0931	6,7147
21,0647	-1,3460
0,7484	7,3703
31,1572	0,3582
-3,1182	28,0797
26,0455	6,1252
5,2049	22,3784
28,6669	29,5214
3,3700	14,3173
26,1765	24,6721
-1,0207	22,9679
15,1010	9,5333
6,2539	26,4415
8,8751	8,4190
12,5454	28,6697
23,0961	23,4921
17,7225	-0,2316
8,7439	19,8224
27,0940	11,8925
-0,4311	23,0334
34,3030	1,9965
4,2218	4,7490
14,3801	6,2562
-0,4966	3,5691
17,2635	0,7511
-7,5744	5,7318
5,0082	0,4888
-1,2831	-0,0355
-17,4052	4,5521
-8,8851	-0,3631
-12,0315	6,3215
-19,5678	5,2730
-19,2405	3,8313
-20,8787	17,2662
-37,9838	8,2222
-24,0900	0,0305
-44,6685	14,5795
-14,1943	23,8856
-52,9916	21,9850
-24,8109	27,0313
-37,5251	25,5895
-25,5976	22,1817
-45,1924	19,6914
-24,8766	13,9241
-17,6672	20,0845
-16,3570	22,4435
-7,7713	2,8482
-5,1502	11,2369
8,0228	-0,2321
-9,6065	2,1274
12,2171	-4,2298
-13,8662	-22,2520
20,8678	5,6663
-18,2571	-11,4389
12,3483	-10,4554
-11,3101	3,7655
16,2149	-12,8149
-6,3292	-1,1494
13,7247	7,5011
2,9772	-7,2444
18,1812	-0,8217
23,7521	10,4502
18,7053	2,4549
10,8416	3,5691
6,9746	0,9476
42,7572	9,7950
-3,3149	9,1396
16,2807	-10,6520
-16,9463	9,9264
-3,3802	23,6232
-21,8614	11,6957
2,6487	5,6012
-28,8083	29,7182
-13,3420	32,0118
-18,5846	29,7837
1,4689	16,4799
-5,1499	16,8077
-3,1186	15,7592
-12,9486	28,6041
-8,8855	16,4798
9,9889	16,2833
-10,5241	16,9387
0,0275	23,3612
-11,2448	8,8778
4,2871	16,4799
-21,5995	12,3511
0,8136	-12,4868
-28,8740	16,4144
-20,4855	13,0717
-43,3571	3,5037
-13,3420	6,7804
-20,4852	-5,2781
-18,9126	-0,6908
-3,8389	-3,7708
-2,7908	3,7657
11,7587	10,5814
5,4013	10,1226
24,0138	0,4235
5,1392	9,9262
24,7347	-2,3946
-2,7904	13,9239
25,0624	4,0934
-11,1789	-5,9990
12,2829	5,2733
-2,9213	9,5984
3,5010	0,3578
-3,1179	13,9237
6,2534	11,1711
12,1518	-5,0161
-0,7591	4,4210
23,0308	-6,3267
1,4690	11,8268
18,8365	5,9284
-1,4144	-0,4940
26,3730	3,3728
2,8455	20,4775
15,9529	5,2077
-10,2614	23,4922
23,6206	9,2055
-5,0183	14,3173
12,3485	12,6788
2,7807	14,1863
29,3879	20,4776
23,8175	4,8145
20,2784	18,1839
28,5363	10,8436
22,7685	-3,7050
29,7157	5,9941
2,1248	13,7927
27,9462	-8,0961
7,3020	12,9409
22,3098	1,4719
-18,1255	1,3410
19,6229	21,5915
-2,0695	8,7464
14,6421	0,7513
-4,6908	12,5476
19,8194	-2,7877
-2,3314	8,4191
12,0862	24,4751
7,7612	3,7003
2,7145	13,2688
11,0380	15,8901
1,0106	21,8540
29,4533	28,2763
6,7776	5,0112
12,4794	15,1038
-27,4319	7,5014
10,1202	-2,3944
-10,1307	6,7150
-2,2665	2,7825
-22,2546	0,6199
-6,1987	0,4887
-14,8493	-5,2785
-20,6822	-4,6886
-21,7303	-12,6840
-10,0654	-14,9777
-8,5578	-10,3901
-16,1603	-2,1982
-4,2979	-20,6792
-17,5364	4,5522
10,1199	-5,6716
-14,5873	-5,8679
-7,0505	16,9384
-14,8492	-2,9190
-4,9534	1,8653
-15,8321	11,4988
-0,6936	-9,5381
-21,3370	12,6129
-12,6211	-0,2325
-10,0648	-9,6039
-11,7038	-9,7350
-8,6887	-17,8615
-16,2913	-13,4706
0,0274	-17,7305
-21,3377	-21,7936
-1,6767	-8,8830
-26,4495	-29,3958
-5,2158	-10,3901
-34,4449	-1,5431
-20,3547	-13,9292
-49,5835	-1,6739
-31,4302	-9,9970
-43,2920	-13,0770
-17,7989	6,6492
-44,0129	3,4377
-32,0200	-3,8366
-25,2695	-1,0841
-22,1896	-10,8489
-11,9002	2,9136
-26,8426	-2,9847
3,8941	-12,0941
-15,5704	-10,7833
9,8577	-8,6205
-21,4683	6,8456
18,0497	-0,3631
-12,4242	-2,3947
14,3799	-2,7878
-13,2761	11,8265
2,3870	8,8120
0,0935	12,1542
7,6951	14,0547
8,4166	2,4549
11,6273	7,0425
25,0625	-1,4772
-2,4629	-9,2103
18,9678	4,4866
2,5834	-9,2104
23,9483	4,5522
-11,3756	3,7657
24,3414	0,0956
-14,7180	2,5206
1,5349	0,8164
-26,4488	-7,9653
-14,0628	-4,9507
-17,4048	-6,0650
-6,4609	-12,3564
-17,1427	-12,7497
-3,2496	-27,2987
1,3382	-19,5655
-8,4269	-20,1554
9,3992	-29,1338
-12,6866	-28,8062
15,1664	-22,8423
-9,0822	-28,2162
21,7199	-21,6626
-5,4122	-16,6819
1,2727	-9,9972
-27,4974	-9,6040
8,8749	-24,1528
-7,3780	-14,3224
-8,9511	-10,2592
-16,4217	-6,3925
-0,1037	-10,4559
-11,9655	-12,6184
-11,6381	-5,4095
7,6953	-12,3564
-10,7862	-11,0456
6,2535	-16,3541
-8,8201	-13,9292
12,7414	-18,1234
-9,2132	-1,7395
7,4330	-17,7959
-13,8661	-13,6013
2,6489	3,2412
-18,0603	6,2559
-5,8051	6,1904
-1,4795	4,4211
15,8215	9,5986
-0,7585	8,1567
9,0716	10,0573
28,7980	14,9070
4,4184	22,2469
25,8490	0,8168
8,2195	10,5161
26,5042	7,5669
-0,7589	14,0550
10,9721	16,6108
-15,3732	-1,0839
17,1324	8,2880
-11,3101	9,0086
-2,3973	5,0110
-10,1959	4,1589
-9,6065	5,6008
-12,0307	2,8482
-9,2132	4,8143
-7,7055	-4,2297
-10,5893	1,5377
20,6060	16,3486
-0,4970	3,1759
26,3732	10,9094
-0,1034	-1,4114
30,1087	19,7568
2,4524	17,2662
22,1133	11,8923
-3,9699	17,8561
10,4479	14,8413
-0,1032	1,9964
8,6128	12,2198
-3,9042	10,5158
3,1077	8,0254
18,1812	0,6199
5,2046	2,7827
11,6932	-0,4287
7,4330	3,5691
18,3122	-12,3561
-1,0210	4,3556
20,2127	4,4865
-0,5622	-6,2613
25,5209	-1,6082
-9,9994	6,0594
2,7146	8,0910
-9,8682	1,8651
-2,7907	2,2584
-18,9777	8,6810
-17,2087	12,2197
-8,2300	-9,9312
-19,4372	0,7511
-13,3419	3,3069
-29,6607	-16,4194
-4,1670	-1,8704
-18,1266	-19,4997
-2,3321	-16,0917
-27,1703	-14,6501
-9,8032	-13,6015
-37,7213	-14,0604
-9,0822	-29,0026
-18,4539	-23,5630
-21,5996	-5,5408
-28,3495	-14,7816
-13,3421	-20,6140
-23,4343	-10,3905
-12,7524	-13,0120
-10,8516	-5,4753
-16,5534	-15,1091
2,3211	-21,2036
-21,7963	-10,3903
12,2171	-14,5846
-12,0971	-10,7177
7,2362	-3,6400
-12,7523	-11,8974
0,6170	5,4696
-28,1530	2,5858
1,8624	-8,6206
0,3552	4,0934
3,0419	-7,7032
0,6832	-7,8341
6,5156	1,1443
16,3464	-1,6738
8,9405	7,3702
33,3857	-5,4750
15,6253	0,9478
37,5800	12,1542
16,2807	0,1611
36,4003	-11,2418
4,8775	11,8266
17,1329	2,5860
-1,6760	6,1906
19,2952	10,7124
-5,0185	2,1274
-0,4311	11,8922
2,3217	-0,4286
3,7629	6,1908
-19,8950	10,9091
3,0423	8,8121
16,6738	14,4481
-9,6064	6,3216
9,9237	0,6201
-4,6256	13,5961
20,6714	8,0909
-6,5262	-5,6714
15,4940	2,5861
-14,5869	-4,2953
12,3483	-1,5427
-13,3416	5,4039
1,9938	-6,3269
-12,7516	-0,8873
5,9258	4,4211
-1,6760	-0,5595
0,0930	12,9410
7,7611	16,2175
1,1414	15,3658
17,0670	24,2787
2,7143	18,5114
7,9574	12,0235
-14,4560	12,3511
16,2148	-9,8654
-16,7499	5,9942
-5,6088	4,4866
-33,3958	0,4890
-15,6358	3,0447
-27,9565	-6,9823
-30,0538	-0,2321
-29,2017	-5,0163
-24,7457	-2,3947
-28,6120	4,1587
-35,4936	-14,4533
-21,7962	-7,9652
-24,6146	10,9089
1,5999	-7,2446
-25,6631	-2,9845
1,4690	-4,8854
-19,6336	-13,7981
-1,2835	-12,2907
-19,3713	-15,9607
1,7312	-12,3562
-30,7743	-7,9653
-12,8176	-9,2760
-21,5991	10,3846
-14,2595	-6,9824
-15,5043	-4,2296
-16,0945	6,3870
5,0083	-7,5066
-14,4564	-2,3946
-0,6279	-3,3122
-22,1240	-4,7538
0,4860	5,9285
-13,9321	5,1421
-8,8858	11,1060
-34,9033	21,1985
-4,8882	31,5530
-40,8670	20,0844
-6,9197	21,0020
-33,7892	20,3465
-22,4518	15,8246
-24,6796	28,6040
-29,8575	17,1352
-18,8469	11,8923
-24,4836	11,4991
-11,6382	5,9284
-31,1027	5,0109
-10,0653	-3,7055
-19,4372	-15,7641
-10,0654	-10,4558
-21,8619	-18,1891
-4,7568	-18,5823
-22,1893	-14,7157
-5,2157	-14,3879
-20,8782	-12,5530
2,3866	-6,9823
-15,1111	-11,9630
-2,9872	11,0401
9,7268	1,6030
-13,2765	3,9625
7,5643	22,7056
-0,6939	-0,0351
5,8602	22,3127
-8,6890	24,4752
6,2534	15,9558
-6,5262	12,5480
6,4500	25,8520
-6,3948	42,4978
18,0499	24,5410
-7,7710	32,8643
15,8872	45,2504
3,6324	34,8302
13,1347	26,3107
8,6132	41,4493
5,0082	33,0607
23,8830	16,4802
20,2779	18,7084
8,4164	25,1308
0,4208	25,5237
21,5235	18,8391
-4,7566	9,7296
21,6544	4,0936
-7,3780	5,9940
5,1394	4,6833
-1,1518	2,5860
26,5693	-5,4748
-19,1743	12,0887
-1,6107	6,5181
1,5351	-14,6499
4,3528	-4,3607
2,9113	8,4186
0,4207	-0,1665
16,6083	5,2074
5,2701	-9,6037
9,9891	2,6516
-2,2662	14,1203
13,1347	13,2028
-5,4120	1,2099
6,5812	9,1397
-10,9169	8,4844
12,8725	19,3633
-4,3634	2,9138
-13,6696	20,6743
-18,4532	31,8805
-7,5093	3,9625
-1,1521	17,5942
-5,6090	18,2492
9,0059	13,3343
-10,3275	20,8053
11,7584	12,6789
-17,9296	14,7761
4,8772	18,4459
-16,6843	2,0621
12,2826	8,2880
-15,3080	10,3851
3,3697	4,4214
-18,7156	12,0236
3,1076	3,2417
-6,7882	18,1839
-14,3249	32,7325
10,2515	1,0132
-2,8563	-1,8046
6,0572	8,8118
-3,6426	7,2389
27,5528	-5,4095
4,2217	-7,1134
30,9607	-6,2615
4,6150	-6,3270
24,4072	-21,9900
10,0548	-20,9414
28,7980	-9,2760
6,7127	-9,9315
30,9608	-8,5551
10,3173	1,0131
33,1890	-3,7710
19,8200	13,4649
27,0286	-3,1812
24,0797	-1,5425
7,3679	19,7565
41,1845	0,0957
20,1470	0,0959
24,3416	-2,7878
-1,4142	0,4891
27,6838	1,2753
-11,7689	-4,0329
10,7101	-2,7878
-10,6547	-4,0332
11,4307	-10,1278
-25,0069	8,1565
1,1417	0,6854
-8,2955	-9,9969
-10,7205	-7,7688
-17,9292	-13,0115
-15,2425	11,8921
-2,6595	-5,2130
-15,5704	-6,8509
4,3527	11,7611
-21,7961	13,2029
7,6952	0,6857
-18,1260	10,2539
18,8362	13,2031
-14,1937	18,9047
3,5665	15,2347
-11,0477	6,5839
7,3020	4,8802
-5,5426	14,7104
11,4963	7,7635
4,5498	2,4550
3,5664	1,0133
23,3584	1,7997
-7,6403	-1,9361
22,8342	-16,4850
-3,9704	-11,8317
16,6084	7,4354
1,2072	-10,4558
23,2273	-16,0918
-10,8512	-11,4386
17,3292	-10,1935
6,9746	-5,6716
16,0183	-14,2567
-5,4114	-7,5721
15,1008	-8,5552
7,4333	-8,7518
5,5325	-14,7812
15,4942	-32,4102
-5,8054	-17,5336
2,5838	-13,5361
2,0591	-19,1722
25,6522	-16,9440
0,1585	-8,5556
12,2175	-34,9008
5,4672	-22,9730
21,9820	-16,2887
-15,8317	-6,2615
23,2274	1,0129
-11,8998	-9,3417
2,5837	7,1080
-6,7879	12,3507
3,1732	5,1421
2,1904	10,3195
-12,2278	15,9555
4,9428	12,1545
-8,4924	11,1060
9,7269	11,3026
-0,3659	3,9626
15,8216	10,5817
-10,9825	9,0744
13,6590	2,7174
-6,5915	17,3318
14,1178	7,5014
-17,4049	2,2587
6,1880	15,8901
-12,0308	14,1859
4,2217	23,2300
0,7487	23,9506
8,4814	2,4551
4,5498	5,0766
5,9912	-0,1007
26,8975	8,5499
-2,1353	-4,4918
14,0524	-3,5741
5,1393	5,6662
20,8022	-0,6907
-22,5168	-0,2975
12,0204	0,3577
-31,4297	-0,6251
-7,2471	3,5036
-20,4853	10,2538
-11,1795	1,0132
-18,1259	8,3534
-14,4562	-2,5258
-11,8345	5,1421
-17,3400	6,3215
-11,7035	-7,5720
-13,8665	-4,6884
-1,7421	-4,0988
-20,7477	-9,1451
12,8068	-6,1304
-25,0075	-12,5531
7,4329	-13,0772
-20,6164	-8,2278
1,3381	-29,1335
-6,3950	-16,2885
-7,8370	-4,0334
-13,9968	-17,7959
11,7583	-8,2931
0,4209	-7,6378
0,0274	-4,3608
13,1349	-4,8853
4,2872	-13,6013
24,0138	-0,6908
6,2533	0,0956
32,3366	-1,1495
-2,3318	-5,7370
25,6521	1,0132
-8,6886	0,1612
12,4139	2,3896
-9,8025	-5,4093
8,4818	5,2731
-2,3314	6,1250
-1,0864	-2,1979
-0,5618	16,2832
17,9189	13,2683
23,4240	5,9941
-1,8728	22,5091
28,9292	5,3386
3,9598	23,6888
30,1089	-0,6251
11,6276	1,0790
25,2592	-0,5595
11,2344	6,0596
30,8296	4,0934
-5,2150	1,1442
10,9068	-2,1326
-3,5765	0,6854
16,6736	-2,9192
-3,5767	-18,0578
-13,0799	0,1612
-11,3754	-2,8538
-6,7230	-9,9314
0,7484	1,2753
-13,4734	-9,0794
-4,3635	-4,0330
-24,4832	8,2876
11,9547	-8,7517
-33,2650	-7,2442
-2,0698	1,4719
-27,1702	1,8651
-10,9828	2,1928
-37,0002	0,9476
-11,7692	-1,9360
-18,2571	-1,8050
-19,1747	-12,1596
-5,4120	5,0108
-9,7378	8,1562
-4,1013	3,3068
-10,2620	-0,3632
-0,1693	-1,8705
-26,7769	2,3894
6,8430	5,4695
-29,4641	4,4865
-7,5749	-2,8535
-33,9858	-5,6059
6,1219	-5,0162
-36,8039	-2,7879
-17,2743	3,9620
-28,1529	-20,2862
-14,9149	-5,2784
-10,9825	-19,3688
-13,2110	-22,0556
-2,6594	-5,4097
-10,1963	-22,1214
10,7755	-19,8275
-6,4608	-23,4321
20,8024	-26,0536
-6,3297	-25,3982
7,4331	-18,0582
-9,7372	-24,4807
16,8702	-27,2986
-15,1767	-14,4536
15,6250	-20,1552
-20,8127	-4,6886
0,5519	-5,8684
-3,4457	2,5859
2,9109	-5,9994
-2,8559	-2,1325
-8,2957	6,7803
13,1348	-8,8172
-7,5094	8,0256
16,0839	2,3894
-4,4291	-4,9504
24,2104	2,1929
-11,2449	10,7781
3,7633	-1,6737
-17,1428	0,9477
-2,7906	-2,3945
-1,5453	6,9115
-12,4246	0,4890
-19,4364	0,1614
-8,5580	20,2807
-7,9023	8,6153
4,2869	5,2732
-10,1306	11,9578
-2,0043	-4,2952
13,2656	10,3851
-13,2110	14,9722
7,9575	-2,3945
9,0713	2,8484
16,4768	0,0959
-5,1498	3,7004
10,3166	11,9579
-7,7055	7,8946
5,9257	10,7128
-8,4263	16,8075
5,9257	16,9386
-3,0525	22,1158
2,3212	14,1860
4,8118	0,5546
-8,2300	18,1838
29,3223	3,4380
8,7435	0,0305
24,2105	10,6471
5,9258	2,3897
30,6329	7,5015
-4,1010	12,0234
18,1812	-3,1808
3,5013	25,9828
20,5404	15,9555
-2,4623	21,3297
20,5403	28,3419
4,8121	18,6427
24,8001	25,3273
14,7734	20,8709
0,4862	10,7783
12,7418	11,8925
5,2048	9,8607
18,6398	6,7806
-10,0651	2,4550
22,2441	0,8823
-5,9363	-6,1301
12,3482	-5,2127
-12,0964	-12,0940
13,1347	-6,1958
-13,6037	-7,3100
1,2072	-11,1111
-4,4941	0,0955
4,3528	-10,7180
-0,8243	-1,4118
-9,8686	-14,1258
3,8941	-9,0792
-12,2935	-3,2468
0,1586	-11,0454
-13,0144	-5,5404
11,4962	-6,4579
-19,8955	-1,1495
6,2534	-0,1009
-13,6694	0,8165
8,8748	-11,1109
-7,1812	10,3850
17,6566	10,7779
-5,0839	-5,8025
6,9744	4,6833
5,5985	-1,1496
-0,0379	-4,4916
24,2108	10,7124
12,4137	-1,4117
17,5261	-0,2976
20,1472	-7,9652
38,0388	-9,1449
15,1010	-10,2590
27,6843	-6,9168
16,8707	-11,0454
38,6285	-3,0502
4,5499	-26,7086
23,0309	5,4041
-1,6760	9,0738
0,8795	-10,3246
-8,2953	-11,5041
-5,5434	0,2269
-19,2400	3,3071
-24,5488	20,2808
-3,5116	-1,9358
-17,6023	8,0258
-11,2450	14,2515
-31,6268	-6,1955
1,3379	10,3851
-30,0538	13,3341
1,0757	2,1274
-26,0559	16,8731
-7,4437	9,2052
-22,3201	10,9748
0,6172	13,3340
-9,6715	6,4529