-16,9113	-12,0288
-6,5568	-15,6987
-19,6640	-2,4606
-6,8189	-5,9342
-14,0278	-7,5726
-10,3578	-21,7937
-6,5565	-13,5360
-4,2629	1,2093
2,1598	-8,0967
3,9947	-5,6716
0,4560	13,7268
1,7667	5,2074
5,3058	14,0548
1,2424	12,8095
8,1892	15,1032
-3,0176	4,6829
-2,6244	-8,2277
-13,0447	-12,1599
-12,1273	-11,4392
-32,9677	-17,4686
-18,9432	-17,6652
-39,1938	-21,0074
-40,8323	1,4715
-42,4052	8,2874
-35,8518	5,7973
-47,4516	25,1306
-49,5488	32,4049
-35,2619	18,1182
-35,7863	16,3487
-31,2639	14,1203
-17,3704	-5,5405
-17,2389	6,4524
1,8975	-8,8177
13,1042	-20,2207
6,2229	1,4715
14,5461	-15,0435
6,7474	-11,7666
14,4151	1,4060
7,4684	-5,9997
13,6943	-18,7136
11,2697	-18,3204
9,5000	-15,3058
16,5781	-4,7546
11,5317	-10,1286
18,3476	-5,6719
25,6220	-1,8708
27,7193	-4,8199
27,3916	-4,2956
34,0107	-6,9826
23,7215	-4,4921
24,1802	-4,4269
1,5703	-15,4368
8,3859	-6,5893
-1,5101	11,3018
-3,4764	-3,0505
0,0626	-3,3122
-7,8019	27,0963
-8,6535	12,4818
-5,1805	18,8390
-6,0322	6,4527
-18,1565	12,5476
0,4557	6,1903
-13,5035	-6,9168
-5,3769	-12,2909
-14,2898	-3,9024
-3,4108	-1,5433
-11,7339	-12,6844
-2,7556	-15,9609
-13,1759	-6,9170
-7,4743	1,0129
-19,9261	-8,3587
-9,3092	2,2582
-8,2604	6,2557
-1,8380	-7,1791
3,5360	-5,4096
-5,8355	-12,0942
7,5339	-0,2323
9,0410	4,0275
16,2502	-5,2130
20,1168	9,0740
24,5733	12,6128
18,6095	7,8943
19,8547	14,3825
3,6673	4,6174
4,3225	-3,1812
-7,0153	7,8940
-8,1295	-19,1723
-3,2798	-25,6603
3,7324	-17,2065
5,4367	-31,8867
11,5972	-38,0469
35,7147	-19,1727
31,1926	-27,4956
28,8992	-12,2910
33,6831	0,4886
44,6932	15,4964
38,0740	22,5744
49,6084	27,0965
45,6107	21,9849
44,7589	34,8954
42,3341	22,1159
36,1081	33,1916
34,9941	24,0165
33,8797	40,9250
26,7364	46,5609
22,6075	34,3058
20,3138	40,7940
4,9126	48,7891
4,1917	34,4369
-14,0932	37,0583
-31,7880	35,8788
-39,0629	41,3837
-47,9105	42,5633
-66,7193	28,6697
-53,4157	30,2425
-65,4744	38,3689
-61,4767	33,0604
-68,8167	18,9704
-73,0767	25,6550
-88,8052	28,5385
-90,1161	24,7373
-85,7252	8,6809
-90,3130	4,2899
-90,1817	-2,7883
-89,3952	-29,5925
-76,1569	-23,5633
-74,1254	-25,5952
-73,6010	-32,4765
-70,3898	-46,2390
-73,5356	-47,2221
-70,9795	-46,7636
-61,6081	-46,0429
-75,5014	-68,9150
-54,3333	-72,8470
-52,4326	-61,6407
-49,7455	-80,9739
-30,5431	-85,4302
-14,8145	-85,2994
-12,9135	-94,8677
12,8423	-98,2103
21,5588	-111,9071
25,8187	-92,3775
50,3295	-89,1663
55,0480	-88,7073
66,9103	-82,3501
66,2550	-68,9151
75,6923	-60,7885
77,2652	-49,6473
89,1928	-43,6178
88,6033	-22,0562
103,8075	-8,8180
100,1376	-10,3250
93,2565	6,1248
93,6498	19,9530
98,7614	26,7034
89,7831	36,4028
89,9140	47,0852
90,0450	46,1024
73,4644	55,5397
84,2776	56,1296
53,8032	63,8632
55,2448	77,5601
26,1466	78,3466
15,7260	65,1082
-3,9350	61,6350
-21,6300	65,6324
-44,0434	58,2266
-59,3792	37,5827
-70,4550	26,1795
-97,5219	19,3634
-114,2992	6,2561
-134,8125	-3,1813
-150,2791	-9,2763
-177,4767	-16,5511
-169,6782	-21,7287
-195,9584	-54,4967
-202,4467	-77,6966
-225,5811	-96,1128
-230,3000	-138,3183
-257,9565	-166,8270
-265,4934	-196,1222
-290,7904	-224,8931
-291,5771	-253,5982
-303,1771	-288,7259
-301,2111	-322,2151
-308,6821	-347,1193
-308,8132	-381,6575
-300,5554	-422,8800
-296,8856	-447,6532
-282,3364	-485,4025
-282,3363	-516,0083
-265,5589	-551,9879
-256,6459	-569,4208
-226,2371	-568,8314
-226,0403	-588,7545
-200,0222	-589,4755
-191,8954	-594,3907
-162,9283	-604,4177
-147,4613	-595,4392
-116,3314	-595,7014
-99,7503	-579,6449
-79,9580	-564,5063
-48,7624	-569,8143
-33,2303	-543,9929
-16,9770	-529,7715
-10,8165	-516,0086
5,8954	-486,3206
4,8468	-468,0357
25,0322	-443,8524
35,9112	-400,5325
51,9679	-372,5482
63,8300	-332,2428
74,6437	-284,0736
79,5590	-261,9220
85,3918	-241,4085
87,8168	-202,8074
94,5670	-182,8840
92,2081	-144,4140
96,0087	-122,1313
85,7197	-91,6564
60,7502	-43,7494
62,7819	-38,3750
58,1939	-9,8006
49,9365	27,4239
45,7420	34,9610
47,1181	63,5351
23,9838	73,3001
33,5519	90,9952
12,1869	98,4008
5,6987	91,7819
-8,3917	98,6633
-15,5353	107,9036
-36,7033	102,7263
-42,5363	96,6315
-49,8110	85,2937
-75,5667	89,2913
-78,5160	79,0675
-100,0778	63,3389
-99,4880	62,5524
-117,5763	69,6301
-113,3819	53,3116
-119,0181	42,3672
-94,7042	40,4009
-110,6951	32,5363
-105,0588	24,4752
-106,4350	7,8289
-95,4248	9,3362
-84,5457	-6,9826
-76,9436	-30,5756
-71,1761	-37,8504
-65,0813	-57,5771
-70,8483	-69,3738
-64,6226	-77,3693
-72,6177	-90,0179
-69,6032	-83,0711
-54,1365	-85,6272
-51,5807	-94,8677
-38,4732	-97,4890
-24,0552	-87,3312
3,2080	-102,4045
3,9947	-91,8531
31,9134	-104,2395
31,7169	-106,3366
34,9939	-94,8025
42,1375	-118,0022
47,1180	-94,4090
36,3704	-99,5865
47,9701	-96,7682
44,3658	-86,3478
41,6786	-71,2088
50,7881	-54,1694
31,6516	-39,6857
56,4898	-33,5253
43,7104	-18,9761
65,0751	-9,9320
48,6912	-5,5409
58,4560	2,1270
43,5793	15,8243
35,9114	25,9170
15,7918	47,5438
21,5588	31,2911
4,9781	38,8936
5,1746	55,8672
6,8785	42,4323
1,7666	40,0732
-0,8548	53,7700
-6,0323	43,6774
-11,5373	37,4516
-11,4719	37,3205
-6,1636	35,4854
-17,9601	39,2209
-18,0911	19,6255
-33,5577	18,6426
-24,3829	27,2276
-45,9442	16,6762
-37,4902	18,0526
-46,2065	19,1011
-40,1772	23,1644
-42,4053	24,2129
-35,3928	23,2298
-26,8074	20,2153
-22,4165	23,7541
-13,8965	15,2343
-6,2291	3,2414
-5,4427	18,1180
-18,7463	16,8073
-6,4255	18,6423
-6,4911	15,8899
5,8953	11,1716
-5,9012	28,2762
7,0749	17,0040
-16,2559	17,2009
-8,9814	26,0480
-14,6175	9,3363
-11,7341	13,0064
-11,7339	-2,1981
-9,6368	2,3238
6,4855	0,6852
17,2333	-10,3904
29,4233	-0,6910
25,2944	-0,6911
26,4087	1,2094
22,8695	0,6198
23,5248	6,1904
14,2841	4,6176
27,9155	7,0424
14,6774	5,7971
21,4276	1,0784
21,1655	-4,2956
2,0289	-15,2401
2,3568	-14,2571
2,9461	-4,6234
-8,6535	-3,2470
-5,7701	6,9768
3,4051	3,2414
-5,1149	20,2807
-1,7723	23,9507
-7,9329	13,2684
7,7959	9,1396
0,1280	12,0231
4,1914	1,4718
-4,9837	6,1904
-0,7239	-0,5599
-8,8504	5,6661
-13,1102	10,6466
-10,0299	-7,1789
-14,1587	9,2050
-8,1949	1,0785
-10,2923	6,9767
-10,2266	12,2196
-16,9114	6,2558
-9,8334	11,1711
-15,5351	13,5958
4,3880	-4,2954
-2,5589	-5,2130
13,4975	-6,1961
-10,7508	-17,0753
3,3395	-9,6697
4,7812	-19,8278
0,5212	-13,1430
-8,1948	-8,8177
4,5190	-12,7497
0,9801	1,4061
-1,1171	5,3381
-7,6705	-4,6232
-8,3260	-4,3609
-2,1000	12,7439
-1,5103	13,4647
-9,4400	7,4355
-12,0616	-0,2975
-5,8358	10,5815
-17,6979	16,1517
-10,7509	-1,8050
-14,0277	4,2896
11,2037	-1,6087
5,4368	-12,6187
26,3426	-6,1961
5,5679	-3,9680
12,1215	-0,9531
2,1600	5,4038
-4,0662	-4,8853
-6,0976	-3,3778
-16,9768	11,1710
-18,4184	-10,8491
-16,7803	-7,3102
-7,5397	-12,0944
-8,7850	-5,9997
4,4534	-11,2425
-6,2290	-15,8298
3,1428	-4,8853
-14,6829	3,8308
-2,8209	-3,2470
-5,4423	-5,9995
-2,9520	-10,8492
-2,6242	-6,5240
-4,5906	-8,8177
-9,3089	-11,8978
-14,8798	1,6027
-15,7317	19,8870
-26,6764	0,2920
-23,3340	-5,1472
-36,6380	4,4865
-27,3318	1,5372
-34,0168	5,9281
-31,3951	-9,4074
-33,7545	-9,1451
-14,6835	5,6659
-23,1375	-13,4705
-17,6979	4,0277
-11,2752	11,2365
-11,7341	-1,3463
-15,2073	15,4965
-14,4864	13,0062
-4,4593	20,6085
-6,4255	20,4774
-2,4930	10,6470
0,6525	12,7443
9,6310	18,5766
-1,0515	-2,3949
-1,2481	-6,5891
-7,3430	-2,1985
4,2568	-9,2109
-7,2120	-13,1431
-2,8867	-21,5973
-13,2412	-21,4661
-7,6054	-6,1309
-15,7971	-19,5657
-15,5352	-7,9657
-13,5688	-5,3444
-11,4063	-10,6527
-7,1462	-2,7228
-1,1172	-15,3711
-1,3791	2,1927
10,3518	7,4354
11,4005	-11,6355
12,5801	5,0108
11,0073	4,2241
-3,5419	-2,7226
-2,8865	-8,1621
-11,2752	-9,1452
-7,6708	-6,9171
-13,9622	-12,6188
-19,7294	-23,9565
-17,3044	-19,8277
-11,9962	-16,0924
-20,3845	-22,8426
-8,6537	-25,7262
-5,0493	-27,1024
-17,0422	-17,5996
0,4560	-9,6700
-6,0976	-21,5317
14,1530	-8,3589
-2,3622	4,1583
5,6332	-9,2763
-10,0299	-7,5722
7,2059	8,2874
-11,0129	0,5541
4,3879	3,9621
-1,9034	-2,9192
-1,9035	4,2245
1,2423	19,1665
4,3225	1,7995
7,9271	3,5036
1,8978	10,1880
11,6628	0,8162
5,9609	-13,9294
1,1768	-8,0966
-7,3429	-13,7984
7,0093	-2,0675
-10,4889	-6,2619
-6,0324	-6,5893
-10,4889	7,5665
-4,0663	9,7293
-3,1486	14,1859
11,6626	8,6153
7,0753	7,3048
13,2356	17,8559
5,5025	9,6639
3,9949	13,1374
-3,0828	10,6468
0,1938	-0,4286
6,2231	1,8651
0,9802	3,5689
13,8254	3,5034
14,8083	0,6196
18,8716	-17,7958
3,4051	-3,6402
5,9610	-6,1963
-0,6582	-11,7667
5,7642	-6,7859
0,8492	-2,6573
6,6817	-18,8447
2,6842	-13,0776
-7,2774	-22,3183
-1,5757	-24,2843
-3,0178	-8,4248
-7,9328	-31,2312
-12,0617	-25,8569
-0,8549	-5,2133
-9,6368	-14,1918
6,8129	-19,9589
-1,3136	-29,5926
12,0557	-24,0877
-7,4086	-29,5272
1,3734	-27,8233
-13,5035	-20,1556
-5,1149	-22,7772
-15,4695	-24,2187
-9,5059	-18,8447
-10,1610	-4,8201
-15,6005	-5,1477
-1,9690	-16,4853
-3,6730	-19,1722
-2,9520	-9,4728
-3,6073	2,5855
10,6796	-10,7182
6,2231	-10,7179
20,9032	6,9111
4,9778	-2,9847
12,2524	2,8480
-3,5418	-1,2807
7,3370	6,8459
-8,5882	18,9698
-13,1100	3,2412
1,3733	17,2660
-4,5905	16,4793
-2,0345	4,3554
-4,9838	23,1643
-13,1756	18,7733
-11,6684	14,3827
0,7179	27,6207
-11,4063	0,4233
-0,3306	4,8798
-6,0322	2,9790
10,4828	-9,6694
-0,9859	2,1271
3,3393	10,2534
-25,4964	8,4840
-15,2730	8,0907
-28,6425	-8,1619
-31,3952	4,0934
-29,9531	23,4262
-23,5308	14,2513
-8,1295	10,7781
-3,1489	22,3779
-2,9519	13,6616
2,2253	6,3216
6,5507	-0,2321
-11,3407	-2,1981
5,6331	-3,7056
-14,4865	1,3406
-4,2627	3,2412
-5,6391	6,1904
-3,2798	17,3316
-14,7485	22,7711
6,6161	10,5159
0,1282	24,8683
1,3734	17,3969
1,7013	11,6298
7,5338	6,6492
4,3226	14,7755
1,7010	18,7078
-1,1824	23,0988
-11,4718	26,9000
-3,6730	40,2038
-12,3893	31,1596
-5,2461	15,2347
-23,2684	16,3487
-15,0764	14,0548
-15,0109	7,0424
-13,8314	5,6006
-17,1081	5,0107
-17,6324	-0,3633
-17,6978	7,6320
-18,3534	-10,5215
-15,6003	-4,6886
-4,3285	-3,1816
-3,2140	-21,2038
-1,3136	-22,3835
9,4999	-5,8030
-14,8796	-21,2697
3,4704	-18,6481
-14,3555	-14,6506
-13,2413	-15,2402
-11,6028	-2,1332
-6,8844	-17,7962
-16,1248	-16,4197
-4,4595	-3,1817
-14,6175	-15,6334
-6,5566	-7,9657
-6,2944	-9,0144
-15,0108	-9,0798
1,6357	-6,3929
0,4558	-13,8639
-0,6580	-13,2086
7,4683	-10,8494
10,5485	-31,0999
-0,6582	-22,1870
9,7620	-22,3837
-2,7554	-22,9735
4,2570	-11,1115
-0,1339	-20,5487
6,0263	-4,2298
-6,8187	22,5088
-9,3748	25,4580
-11,8650	27,7522
-16,8459	40,5315
-11,8650	23,3611
-16,1251	20,2153
-26,1519	-4,3608
-25,1691	3,8967
-25,5622	14,9719
-27,9871	-9,0796
-3,2801	0,8820
-19,3364	9,0082
-3,6076	4,2241
-3,2144	2,3893
4,6501	6,3215
2,7496	14,9723
12,7111	14,7756
8,9102	-1,2151
10,4176	7,5667
11,9250	13,8579
15,3328	-6,6549
13,1700	-2,4604
0,3249	-5,2785
-0,9202	6,9111
1,2422	7,3044
2,5530	0,2921
-15,8626	8,6808
1,5044	8,2219
-8,3261	3,4378
-3,4766	2,1927
-22,7441	4,8142
-15,4041	8,8773
-14,8143	3,2413
-6,7534	0,8165
-8,3916	4,6177
-0,8549	12,8094
2,8810	-7,4412
11,0728	6,7803
15,2020	11,6297
20,5757	2,5201
25,2945	-7,1790
19,5272	-7,8345
33,4208	-7,7690
19,9203	-5,8688
23,7868	-25,3984
1,1768	-21,5316
2,1598	-15,5025
-12,8481	-17,4029
-14,2245	-10,5217
-16,4526	-17,2719
-14,2244	-2,1331
-0,7892	-6,1309
10,4173	-14,3883
7,2719	-7,5068
5,9611	3,6998
6,8131	-1,0188
-10,2921	-1,5429
-9,7023	9,0085
-22,9408	10,0569
-20,7782	15,0378
-34,2131	8,5496
-15,0111	8,2876
-31,5261	16,2172
-20,3194	-3,0503
-23,7927	5,7972
-16,0595	3,8309
-13,2414	5,6006
-10,3578	12,5474
-6,2288	10,3194
-9,0470	23,7541
1,4389	12,0887
-5,9012	6,8459
-7,2119	8,5498
-3,2142	14,5789
10,8759	3,1755
-2,9521	-6,0649
11,0073	-3,9023
9,3033	-15,5022
20,7721	-3,7060
8,1238	-19,3691
14,4152	-12,4876
11,6628	-2,7229
14,4806	-10,5216
3,5364	-8,5554
1,3080	-11,5701
-6,3597	-12,5532
-5,8356	-19,9588
4,2569	-20,6143
-7,4740	-17,6651
9,6965	-13,4709
2,8807	-21,4007
5,5022	-14,7814
-3,8696	-6,0651
0,7834	-2,5261
-7,4741	-0,5600
-6,7533	2,0615
-0,5272	4,8141
-0,1996	21,3292
7,6648	1,4718
11,2038	8,0910
9,8934	9,7948
23,0007	-4,0990
26,9984	-12,6186
23,6560	-17,0096
26,0809	-8,4899
16,7090	-2,9195
16,8402	-12,7498
10,0243	-13,7982
18,0197	8,2874
8,5169	-2,1329
4,9123	-0,6909
-1,8378	10,9744
8,1891	4,4863
3,4705	2,4547
7,8615	-12,7496
2,4221	1,9960
0,1938	9,7946
-8,1947	9,9258
-1,7069	7,6321
1,5699	15,5621
-16,9768	15,7587
6,3541	24,8028
-10,3578	18,7079
4,1258	21,9849
-2,8211	37,9755
-0,5272	22,5746
-5,0493	6,9117
-3,3453	18,9046
-10,2265	5,6660
-13,1102	6,5178
-7,0808	-20,1554
-13,3069	-9,3419
-16,1248	4,9448
-12,1928	-1,1498
-11,3407	20,6739
-11,4062	27,8173
14,8083	16,7419
11,3349	11,3026
24,7700	14,3826
14,8086	11,6955
25,2288	3,8965
2,5531	-4,2299
2,7497	-1,8708
-6,3599	-3,6404
0,1281	-21,9905
-7,4086	-20,7453
-13,7655	-16,6167
-17,3045	-31,0346
-18,1565	-15,6991
-20,8435	-30,5759
-20,1228	-26,5125
-9,4403	-27,6268
-10,1612	-33,7872
5,8298	-36,9328
-8,6536	-26,3815
7,6649	-18,4517
2,5529	-19,4346
4,3222	-7,6380
-23,8581	0,8819
-4,6562	17,6590
-20,7781	0,8164
-12,5207	7,8289
-20,0571	3,8965
-0,9861	-8,7520
-4,3940	-9,4075
-14,2897	-18,7792
-8,5880	-12,7498
-18,2219	7,3696
-7,8673	-2,7883
-13,4380	7,8942
-14,8141	16,2173
-5,3768	10,4502
14,2184	13,4650
6,0920	16,4141
12,6456	18,0525
1,1769	16,0208
11,2693	-6,1302
4,3880	9,2706
-4,3281	1,7337
-3,3450	-4,4921
6,1575	-5,5406
-11,0129	4,8794
-9,5712	-4,6233
-9,6367	-5,9996
-15,4040	-25,3982
0,9801	-20,6141
-8,2605	-12,2914
5,5023	-28,8063
-2,2966	-21,8595
11,0073	-18,0585
2,6840	-17,5997
1,3078	-10,3907
-4,8524	-21,1385
-2,5588	-8,3590
-13,2411	-5,1479
-11,7994	-26,3813
-11,5373	-14,5192
-16,9771	-0,8223
-21,8921	0,5541
-21,0403	7,1078
-15,8628	16,5452
-16,3870	18,2491
-1,5102	17,9214
-4,6559	10,7780
13,3010	17,3316
4,5191	11,8264
14,4152	10,3192
5,4366	18,3146
6,0920	23,4263
5,1089	21,5915
6,6162	19,1667
2,3565	19,7565
13,5632	18,0526
14,6774	24,0161
11,2695	10,5813
11,3351	2,6515
-9,8332	5,0763
-5,1146	12,2853
-15,7973	13,0060
-19,8605	3,8311
-15,5353	9,6639
-15,0766	12,9404
-21,2368	-2,1982
-8,7851	5,9283
-15,9284	-0,8222
-6,2947	-2,1984
-12,3238	-9,4074
-3,3454	-12,3566
3,8638	-13,9951
15,2669	-10,2595
4,7815	-27,2333
23,1971	-13,7983
13,6944	-9,9319
15,8572	-18,2549
25,6219	-18,1237
3,9951	-9,2109
14,7429	-4,2300
1,1768	13,7269
5,8954	5,8627
-2,3623	9,7296
3,3393	16,7418
-3,8696	4,3554
8,5167	-6,8512
5,9610	-3,2470
9,1723	-9,7351
11,6628	-6,1306
15,1361	-5,2787
7,2719	-2,1985
14,4806	-2,6572
4,5192	-0,7566
1,4390	-4,2299
6,9440	12,6783
5,6331	6,0591
2,4219	7,6976
-7,6706	-0,8876
-0,3307	11,7608
-16,5836	1,5371
-0,0030	-2,7882
-6,4255	-2,8536
-0,3963	10,8433
-12,0615	-1,5431
-5,2458	4,6177
-4,3937	11,7609
-3,8694	3,8967
6,8131	11,3021
4,5847	-9,2108
5,4368	-7,3101
-2,5589	7,5663
-2,3621	-13,0119
-2,8866	-2,8537
-0,5275	-2,5261
-9,0471	-2,3294
-11,7342	9,5326
-11,1443	1,1441
-4,1975	12,6785
-0,3962	18,9698
6,0919	8,9430
6,0922	9,2707
12,7113	20,1496
4,7159	16,1518
-2,8863	4,9453
0,7836	0,8164
-19,8606	-5,8028
-13,6345	5,0104
-28,7080	-16,9442
-8,0641	-14,5848
-23,5963	-1,6744
-7,8674	-11,7013
-15,4041	-3,7059
-8,7193	-12,0946
-12,9136	-16,8130
-3,8041	-6,1308
-9,3089	-29,1994
1,4388	-14,6503
-0,6581	-9,6044
3,3395	-25,9881
5,6333	-16,1577
1,1114	-11,0459
12,8424	-7,7691
8,7791	3,6998
19,9859	4,0275
13,7599	4,8798
20,8379	21,3291
12,0561	1,6029
17,5609	7,6980
8,9757	21,6569
13,1699	8,4187
-4,6558	19,4944
1,5046	20,8706
14,6118	12,8754
6,0265	25,7858
9,6312	19,0355
8,1238	24,1474
16,1847	20,0841
3,4050	18,9045
9,8276	13,4650
-10,6198	10,3848
-1,8380	13,7927
-19,8606	13,2027
-6,6222	8,1565
-11,0787	12,7441
-1,5103	20,2806
5,8954	9,0741
12,8422	7,2391
9,6966	5,9282
3,8638	8,4185
6,6820	-1,8708
-3,9350	-13,1429
0,7182	-13,0119
-4,7871	-0,4947
-7,1464	-15,6990
-15,2730	-18,5825
-8,7194	-12,6188
-20,4504	2,0614
-7,6053	-0,5601
-20,2539	-2,5260
-17,7634	4,2243
-20,9748	9,7948
-16,3874	0,6854
-34,9338	9,7948
-7,4088	0,7506
-11,4718	-8,1621
-6,6875	-7,6379
-5,5078	-9,4074
-0,5926	-0,8876
8,3859	5,8624
-5,6389	-13,0773
11,4662	-11,1112
-0,1340	-1,6087
5,4367	-11,5701
-6,1634	-5,7373
-9,7023	-3,1158
-9,2435	3,5689
-6,9499	11,8921
-13,1758	9,5329
-9,1782	13,8585
-11,9306	20,8050
-9,4403	12,8096
-2,0344	1,9305
-5,1803	-4,8197
-0,1994	2,6514
-3,8040	13,2025
1,8979	10,4502
6,5507	6,2562
10,6796	18,1180
-2,0345	10,2538
5,8955	24,8027
-5,6392	14,3824
-7,4740	0,6199
-6,8187	-0,6910
-3,3455	-2,8538
-24,0549	-13,6017
-26,0210	-16,2888
-40,8977	-24,2841
-34,1475	-11,3736
-29,8222	-15,7646
-37,5555	-14,7814
-26,6763	-9,2109
-28,4460	-5,7372
-29,1667	7,5665
-28,9703	3,9620
-23,2029	0,2265
-20,3850	5,9283
-2,7557	10,2534
-10,6200	-9,5383
7,0748	-13,7326
-3,4764	-12,8152
2,0942	-0,6257
-7,1464	-12,8155
-3,2799	-16,0921
-20,7780	-9,4730
-21,2367	-1,2812
-22,7441	-17,1409
-23,2028	-25,3328
-18,6154	-21,2041
-31,7882	-21,0074
-23,9893	-3,1161
-22,7443	-8,6210
-6,2947	1,2097
-10,1613	21,3292
1,8976	6,9114
0,9147	8,7465
17,8885	16,2173
14,2185	3,8965
12,3835	5,7970
-0,9202	-10,7181
3,2738	0,8820
-10,7507	13,8579
-14,5520	-4,0331
-21,4332	11,3024
-26,1520	14,6445
-20,4505	6,7801
-44,5023	3,1757
-31,5917	-0,6911
-34,1479	-3,1814
-31,8540	-5,2132
-33,2300	-21,0073
-11,2100	-8,0967
-10,2269	-9,5387
-1,0516	-11,2425
-5,0492	-3,1158
-0,8548	2,4547
7,5994	-3,3779
-1,9036	6,1247
-13,2412	0,6198
-15,2075	4,8797
-15,6661	9,7291
-24,9723	-4,4265
-4,8527	2,1272
-15,2074	8,6807
-2,2968	2,9135
-12,0617	6,3871
-11,8650	9,5327
1,4387	-2,8535
0,4555	12,8751
-4,3284	8,2220
1,6355	13,1375
11,6629	15,4965
9,2378	7,6980
10,2866	15,8899
3,8639	5,7318
-4,2626	6,0595
-13,8310	18,1179
-12,9135	-0,4943
-19,2707	2,3238
-6,4910	11,7608
-9,6367	-11,7010
16,7088	-5,2130
10,2863	-11,2424
18,2819	-16,5509
13,3012	-11,8324
22,4761	-13,3397
23,2627	-11,5046
29,0952	-7,3103
18,4132	-19,8277
26,2118	-10,5215
6,4200	-7,1137
-4,1315	6,8456
-0,5926	7,3698
-13,3069	8,1566
-6,0978	18,1181
-12,7825	26,7688
1,3733	17,5939
-12,1272	24,4096
-7,2776	26,1791
-13,9623	20,4776
-12,5206	25,3927
-22,3509	20,8707
-16,6494	21,4605
-23,3994	20,6084
-20,1228	10,9746
-25,7586	10,9746
-9,8336	3,7654
-15,8628	-10,3248
-21,8266	-12,0289
-14,8798	-17,0096
-27,2007	-6,3929
-26,1520	-2,1985
-26,2177	-2,7882
-18,6154	8,7465
-18,0256	30,8975
-7,9329	13,7928
-5,4424	19,1670
5,4365	31,6188
-2,2310	36,0094
6,4196	18,9701
-8,3260	9,9262
-13,7654	16,0865
-13,1757	21,4602
-11,4719	3,7656
-20,1882	14,0549
-20,3848	13,5960
-8,9816	11,4333
-11,9964	10,9090
-6,5567	0,7510
-9,6369	9,1396
1,8976	15,4963
0,1936	-16,7472
5,8296	-12,4873
-7,0809	-4,8854
-6,9499	-11,8978
-21,1712	-14,9780
-10,3577	-14,7813
-19,0085	-3,1815
-14,7487	6,8456
-13,2413	5,9937
-19,0086	22,5746
-13,5035	28,0796
-20,7125	20,0188
-10,2266	9,4020
-16,9114	9,5327
-11,2096	-5,4750
-8,2606	-0,3634
2,0940	-17,7305
-10,1611	-5,9994
1,7663	6,2555
-9,3092	-3,6401
-10,4888	4,3554
-4,9182	7,6976
-8,7849	7,5666
-14,5518	4,5520
-9,2435	-2,8537
-0,1996	-0,8875
-8,8504	8,8771
2,2254	-8,0310
-8,5881	-2,1328
4,6503	-0,4289
-2,6901	9,0738
-8,7849	5,4694
-22,2854	2,2583
-10,4891	4,3555
-19,0743	6,0593
-12,5207	-9,2105
-19,2052	0,8163
-9,6369	-1,3467
-6,3600	-23,7599
-10,4887	-19,6965
0,2594	-3,6403
1,7010	-2,2640
9,5655	3,8966
-0,9204	4,8141
2,2911	4,2900
-5,7046	3,5688
-3,7385	-10,7835
-10,9476	-13,4050
-7,8673	-12,9464
-11,4062	-10,7838
1,8975	-13,2087
-1,9036	-18,7792
-3,6075	-16,8784
-3,2797	4,6173
-5,9667	-6,2616
-5,5733	7,4357
4,1257	20,0840
-13,9619	16,2830
-11,4716	14,7758
0,8493	11,4990
8,1891	12,2854
11,7937	16,2174
8,5169	1,6028
15,9225	-4,1642
9,5001	-6,6549
17,5609	-10,7837
-0,9202	-23,5633
13,5631	-19,7623
3,3395	-17,7961
-1,0514	-4,8856
-10,8162	-17,8616
-5,0492	-8,0310
-6,6876	-1,4121
-12,1928	-14,3882
-9,1124	-17,1407
-19,9914	-14,6505
-3,2797	-15,9612
-8,7194	-11,1115
-8,9814	-11,7668
-4,7872	0,9473
-1,4448	7,6320
-5,1148	9,9259
2,7494	2,9137
-15,2729	17,1348
-1,1173	4,6174
-17,6323	10,8435
-14,3555	8,0253
-12,7825	5,6661
-7,4086	5,0762
-10,8163	3,8965
-2,9521	1,2096
0,0627	2,6511
-0,9860	-2,4605
1,5702	-2,0018
-0,8550	-3,5746
-5,8355	9,0084
1,7010	15,9551
0,0625	10,7123
-6,4255	2,9138
-1,9036	15,9553
-4,0007	4,3554
0,0625	6,8459
0,9802	7,4355
10,5485	6,9768
14,6774	5,0761
15,0705	-19,1722
8,6483	-5,8683
3,6672	3,5030
1,3734	-13,7329
-16,3869	-7,9655
4,3879	-1,4121
-8,1951	-1,8708
3,7326	-4,2300
-4,7872	-9,2763
17,4296	0,4231
2,4874	4,3550
18,5439	-7,1792
10,9418	-13,2740
14,9394	-5,4752
2,5532	-6,6550
-2,5588	-12,8808
-5,2458	-14,8468
-13,9624	-8,0311
-17,9599	-0,6257
-25,6933	-6,3273
-10,0955	-10,1284
-16,4527	-1,1499
-1,9691	-5,9997
-14,3555	-8,3587
-2,4278	-3,5091
-14,5521	10,3845
-3,8697	3,5032
-10,7510	-10,7178
-0,8551	0,1612
-7,8673	4,8138
-3,2142	-21,6626
-4,0004	-12,8151
-1,1825	-4,9511
-3,2795	-12,3566
-13,8965	-8,3587
-7,9983	-11,8976
-13,2414	4,7485
-13,3723	13,0058
-7,6051	-3,4436
17,7574	-8,1620
14,8739	-1,6740
37,5494	-0,1013
24,5735	6,5179
31,4548	-0,9532
32,8312	0,8165
22,5418	16,3483
18,2166	1,8649
9,4345	7,4356
3,8640	11,7608
4,8467	5,7971
-1,9690	4,2244
-15,7315	8,3530
-3,8695	10,3847
-18,4842	9,0739
-9,1125	5,7970
-15,1418	-4,3609
0,9801	9,4015
-9,5711	-3,2470
10,7450	-5,5407
0,0625	-10,3250
0,5213	-14,6503
1,7010	-13,7986
0,7180	-35,6220
5,2401	-22,9079
6,6819	-12,3570
3,0775	-30,0515
5,2401	-18,5169
-3,9349	3,1099
-8,7193	1,4061
-3,4107	12,8751
-10,0956	2,6515
-0,9859	8,9431
-4,5247	9,6638
14,9394	9,0085
3,9950	13,4650
23,3935	20,0840
4,9779	8,9431
4,9779	14,2515
0,1938	10,8436
-2,6899	2,5203
-2,6898	0,1610
-15,0764	-3,1159
-15,5348	-8,7521
-15,7973	-7,7692
-0,8548	-19,3691
-12,7826	-25,5949
-0,5272	-21,9250
-5,7703	-4,3613
-7,2120	-7,8348
-16,9768	-14,5846
1,4385	6,1249
-12,0618	13,9235
-9,5058	5,7317
-5,3769	-0,9530
10,6138	-1,9363
6,4852	-16,6164
8,4514	-11,7669
8,4516	-22,7115
13,6942	-20,4177
8,3204	-20,0901
-0,5927	-23,0390
3,9296	-16,7475
5,6988	-5,6719
12,5802	-8,2278
8,3205	-4,0990
18,6095	-9,5385
6,4853	-8,9487
8,7790	-1,8056
-2,6243	-28,2820
-2,8866	-11,5702
-14,0933	-2,4609
-18,0256	-9,2764
-23,2684	-4,8199
-29,2324	7,1732
-37,7519	-0,3633
-33,2301	5,5349
-27,2008	-11,4390
-35,8515	-7,8345
-18,2878	-1,6743
-31,6571	-18,8447
-16,1249	-13,0119
-11,3409	-9,9974
-6,1634	-10,9148
-1,8378	-1,5432
15,0703	-7,5724
1,8978	3,6345
8,3859	10,6468
3,6673	9,0741
5,6332	11,5644
-4,7215	11,8920
-10,4888	4,9452
-11,8649	9,3360
-11,8650	-10,3903
-1,5103	0,4231
-10,2920	9,4669
7,4682	-5,5407
6,8784	-2,5258
7,3372	18,6420
6,8128	4,1587
10,6138	3,5035
-12,0616	16,0864
-15,0108	9,2052
-16,2560	3,8967
-22,3512	-3,8365
-28,9701	-8,7517
-27,9872	1,8649
-19,0743	-10,3904
-23,7275	-5,0164
-26,6761	-8,3589
-14,8143	-13,3395
-7,9329	-2,2641
-7,6706	-7,4414
2,0288	-6,3272
-2,6242	-0,2325
18,6750	-7,1792
-3,1486	-2,1328
2,2254	5,0762
-8,6537	3,3723
0,4559	16,7416
5,0435	-3,5745
15,0706	-5,0162
23,1315	-0,2979
14,2187	-17,0752
13,3013	-22,3181
6,2887	-8,0970
0,3905	-28,7409
-3,9351	-33,1316
-6,0978	-23,0390
-17,6978	-2,4607
-4,1319	-0,0358
-19,0086	5,6005
-4,9839	13,1375
-19,9260	39,9416
-4,1973	25,9170
2,0943	40,0075
5,3056	48,7238
9,9590	38,8279
17,1023	52,0006
20,2481	29,8492
12,9080	12,4822
15,6606	18,8389
3,5362	-2,3949
5,6335	-4,3610
-2,7553	0,8818
7,2063	4,7483
3,4049	-2,4605
4,5846	-3,3779
-12,5857	16,4796
2,8808	10,3845
-0,8549	-4,0988
0,8490	-3,2468
-4,6559	4,9451
-5,5735	3,1757
-14,2241	13,6614
-7,0809	-1,2152
-10,2265	-1,6082
-24,6446	12,9404
-25,6275	-3,7058
-26,1521	-10,4558
-17,1081	-4,0335
-18,8776	-5,9340
-4,3285	-4,2956
-3,0177	-5,9995
6,3540	3,5687
1,5701	3,4375
13,6286	-10,5870
6,8129	1,7339
0,9801	15,9549
-4,7214	-0,2322
-2,0346	11,4989
-10,8819	13,8582
-12,6516	19,2323
-6,7533	22,5090
-21,0402	16,4796
-0,3963	1,2752
-15,4696	1,4716
-3,8040	-6,7205
-10,6200	-14,9780
-10,4886	-12,1600
-6,4911	-10,8493
-7,1465	-1,7397
-6,0979	-12,8808
-5,1805	1,7339
-7,5397	10,5156
-5,9669	3,7001
-16,3213	12,8097
-5,7702	31,3563
-9,5057	17,8560
-13,7655	27,2933
0,3247	17,9218
-2,0347	43,4807
-1,9690	31,7497
-9,3746	18,3805
2,6186	27,2277
0,2591	18,4458
5,1744	7,6323
-4,7870	12,6130
18,3472	9,6638
5,3055	14,9722
4,6502	13,7270
7,7960	9,3361
6,2886	5,9939
0,4560	26,1788
-1,4445	0,2266
14,9396	2,1272
3,4706	-6,0649
18,6752	-6,4581
19,7891	0,6852
26,1464	-9,4074
24,5079	1,0786
31,5204	11,1054
19,7893	1,3407
20,1824	8,7465
3,7984	18,1181
11,6625	21,0016
7,5339	19,2322
10,6140	7,1734
5,5025	0,8164
17,1020	10,3191
10,7453	-11,3079
8,1239	1,2752
18,6752	3,4377
10,1555	1,6682
17,6267	1,4062
16,9712	3,3066
22,2140	1,4060
11,0073	-5,6719
14,8739	-16,0921
1,8322	-13,0774
2,9461	-2,1986
-9,1124	-10,8494
-0,4618	-11,3079
-6,8186	-1,7398
-2,5590	3,2410
5,3712	6,9110
8,1235	-6,4581
5,2402	3,8966
6,7474	10,1877
9,8932	-12,4877
-6,4910	-17,5992
1,7666	-5,6719
-8,4572	0,2919
2,5530	10,7777
3,4048	1,1440
0,8490	7,0426
-0,5927	21,7224
5,7642	0,8166
5,6988	9,8607
4,1914	16,5449
3,5362	0,4886
-0,5272	6,3213
8,1238	-11,8979
7,6648	-12,1600
5,3058	-6,8518
4,5192	-25,2674
17,2989	-10,9802
8,3858	-1,8055
20,1169	-9,2763
20,5756	-1,4773
25,5564	0,2265
21,9520	7,7632
22,4761	4,5519
10,5488	-0,9530
18,8061	3,3069
16,9057	15,7585
22,4106	-2,2639
24,1148	-8,1620
20,9690	-0,2323
23,1973	-9,1453
-0,1993	-12,8810
0,1939	-18,4514
-18,0254	3,2410
0,3247	-2,5918
-13,1104	-0,8221
-4,3283	4,6830
-8,9160	13,7924
-3,6075	1,3406
-11,7339	2,1927
-2,2313	1,7994
-0,7893	5,5350
8,3858	1,9304
10,8761	-10,7835
13,6941	-1,6085
-7,5393	2,5201
-0,7891	-5,5407
-4,7870	2,1925
-15,9939	-4,8853
-30,0186	8,2219
-37,2932	4,1585
-24,3172	-6,3927
-30,1499	-2,2638
-16,1250	3,2409
-18,7465	-12,3565
-8,2607	-8,8175
-22,7439	0,7507
-1,2482	-4,5576
3,2083	8,4843
-3,1487	7,5666
-4,5249	12,6785
-4,4594	17,5936
-5,7701	0,5544
-12,7825	13,5961
-5,6388	10,1881
0,1937	11,5645
5,6990	19,8220
-3,6729	4,8142
3,0119	15,6279
-9,3091	26,5066
3,9292	14,9068
-4,1973	12,2856
-0,1996	25,4580
-6,1633	5,7317
-6,1633	9,2707
-5,7700	1,2096
-5,7702	-1,7395
-16,7801	13,1371
-24,2514	1,2751
-15,5352	12,1543
-23,9896	21,1981
-30,5430	21,0016
-26,3487	18,4460
-18,2877	27,8176
-9,6371	27,9487
-8,7193	23,7543
-11,9960	17,7906
11,5314	14,1206
2,7497	13,5305
16,5778	7,8287
13,6944	-2,0672
14,8739	-8,3588
5,5681	-5,6719
14,5462	-5,0167
10,4176	-10,7838
-6,8842	-0,3634
-9,1778	11,2364
-10,1611	0,7508
-12,9137	14,5136
-20,5158	19,2976
-6,0324	18,0525
-11,2099	19,4289
-1,1172	31,5530
-9,7023	32,0773
4,6502	21,6571
5,6987	6,0596
3,4049	17,5284
6,0265	15,3653
3,7981	-0,0355
-1,5102	-2,0017
-9,3090	5,9937
-4,3938	8,7462
-10,7509	13,1372
-1,9689	4,6832
-2,0346	10,4504
3,0774	18,1180
8,3203	8,6153
25,3596	19,1012
12,5147	33,4533
30,4060	25,0650
13,5632	30,0458
13,6942	22,3125
-9,1122	26,4414
-2,8865	29,7834
-0,3962	10,7781
-18,2222	6,6493
-15,0106	4,5521
-16,7149	14,4481
-23,2028	15,9553
-17,8943	4,6832
-6,7533	11,3679
-18,4187	15,5619
-5,5080	-2,5915
-15,4696	-5,0819
-2,3624	2,5856
-12,6515	-11,3735
7,5335	-4,3612
-6,0324	-15,9611
-6,1635	-14,9125
-11,0130	-10,1939
-1,1173	-15,5680
-14,3554	-7,3103
-8,2605	0,4228
-13,4377	-7,4413
-7,9329	-3,5747
-6,6876	1,6681
-5,7702	-14,2571
4,1259	-5,8030
-6,3600	-14,2572
9,8930	-16,9440
-8,3916	3,2410
8,9101	-3,0506
6,1575	-4,4921
16,7743	1,2750
-1,7724	2,9135
1,3079	5,2073
-7,5396	4,7487
-4,7870	16,8073
-5,0491	16,0207
2,9462	4,6831
5,5679	9,0086
-0,3959	9,5327
16,2503	3,3068
-6,8186	1,9959
-0,2649	-7,0480
-9,7679	3,6341
-7,1466	-6,1307
-17,6323	-7,5067
-3,0178	7,3701
-10,0955	8,0252
15,7256	5,7316
0,4559	2,1926
3,1428	-5,7371
-3,6073	6,5835
-7,2775	7,3043
-4,7870	-2,8535
-16,4526	9,2708
-7,9983	25,6545
-17,8289	5,6007
1,8976	9,3363
-5,1150	4,8798
2,4221	3,6344
-1,1170	-0,0359
17,1020	-21,8592
5,3056	-11,5045
22,6070	5,3379
10,0241	-23,2355
4,3226	-13,1430
1,6356	-4,1648
0,7180	-22,4492
-3,2141	-19,6966
-9,2434	-15,5679
3,1431	-14,9780
-2,2312	-6,0651
-7,4084	-13,9948
-18,0911	0,9475
-36,7688	19,0353
-35,1306	11,6299
-27,3976	18,1839
-33,9510	27,2277
-7,8676	34,0434
-14,2899	25,6548
4,4535	17,4628
2,2910	16,0211
11,1383	27,7517
1,5703	7,9600
8,9101	11,4990
11,6627	13,3995
-1,3792	15,8242
-4,3936	10,5813
-6,1634	0,2922
-7,5396	1,6685
-10,5545	13,7925
-3,5420	-0,1667
-11,7341	0,4887
0,1280	-3,9024
-12,3238	-12,2256
6,3540	-22,5804
-12,3238	-27,8233
-2,8865	-28,0855
-10,0955	-24,1535
0,8489	-21,0076
-13,1757	-14,2571
-2,6245	-0,5602
-2,9520	-9,8661
-2,6244	-5,9994
8,7135	0,2919
4,6501	-11,8979
5,5023	-12,4877
4,9781	-15,7645
17,6264	-14,1917
-0,1339	-10,2597
2,2254	-18,1240
-2,4278	-13,9296
2,5528	-17,1409
-14,3554	-4,8856
-6,0980	-5,8686
-10,9474	-6,1306
-8,4570	-1,8051
9,4344	2,9789
12,6455	-8,6210
5,9613	-14,2570
6,2887	-8,5556
8,6481	-13,8639
2,0286	-3,5749
9,8930	-10,3904
-10,2922	5,9283
-3,0175	9,7948
7,4681	10,9745
4,8466	7,9600
-0,5271	8,0909
17,3642	-6,3926
-2,2311	-16,8785
4,3226	-18,3860
-3,3450	-16,0923
5,2399	-16,5510
-9,9642	-17,7961
-5,1148	0,0954
-5,4424	3,6343
-13,2413	11,2367
-4,5249	10,3847
-9,2436	12,0887
-2,0348	15,6932
-18,2876	21,6569
1,7009	4,9453
-11,4720	10,1228
-2,0347	22,3122
-9,7024	1,8651
-6,7532	10,3848
-17,1733	3,5689
-7,0153	12,8753
-15,7970	24,3439
-9,0469	0,2266
4,3881	3,0449
-3,6729	4,8139
8,3204	-20,1551
12,6457	-6,3927
24,7044	-11,7012
8,9102	-4,3610
16,9712	13,0060
9,3690	11,3020
14,3496	18,3802
16,3813	26,4410
25,2940	8,6809
13,8255	13,3340
19,7236	23,2954
15,3985	12,3506
9,1068	4,0933
6,1577	5,9282
0,7180	2,4548
-12,2582	4,8796
-11,6684	-1,0187
-11,1442	-3,4434
-11,4719	0,0953
-1,7724	-17,6650
-2,0345	-23,0390
10,7450	-28,2820
2,2254	-25,3330
15,9224	-24,2190
9,4343	-30,1826
5,4367	-12,1600
10,7452	4,2894
15,0049	-6,2618
1,4391	3,3068
11,5972	12,2197
2,9464	13,5959
3,9294	8,8774
6,4853	9,4017
2,4218	7,5012
1,5045	13,6614
3,9293	-5,1474
21,7550	1,5376
4,9778	15,0378
1,1769	14,2513
8,7789	19,3630
-0,2652	2,4549
-10,0299	9,9259
-0,3307	17,5278
-7,9327	-9,9973
-11,2096	-8,0310
-11,7337	-0,9534
-15,2073	-14,2571
-14,6174	-12,9462
-22,1542	-3,9023
-15,8626	-3,7057
-14,2899	0,2263
-7,4087	-17,8616
-19,7294	-10,7837
-9,2436	-7,5072
-8,8505	-35,0976
-3,4110	-22,9079
-9,3746	-15,3715
1,1767	-15,7646
-0,0684	-17,0097
9,8929	-14,3227
-0,8548	-10,5871
3,2083	7,5008
5,3712	-7,7034
-5,0490	-2,3948
16,5779	12,9405
3,4705	4,7486
-2,2965	7,8289
-7,4085	0,9474
2,1595	-2,3293
-17,4359	14,6443
-11,0132	-10,1938
-25,4967	2,9136
-15,1421	0,8162
-27,4629	1,4062
-15,5353	-2,2637
-27,4628	-0,9530
-18,9432	-2,5260
-22,4165	-0,5600
-16,3217	-17,8615
-25,3656	-3,3779
-23,7930	2,4544
-30,3465	-3,4437
-33,1646	-4,6886
-22,2201	-0,8876
-18,4845	-5,3440
-3,1489	-8,8175
-4,7872	-13,9293
2,5530	-6,8515
-1,1824	-6,7206
7,0094	-14,5847
-8,7191	-8,2931
11,3348	5,7972
-2,4276	11,0401
7,0096	19,3632
9,0413	17,0696
1,3735	30,6355
-0,4614	25,9168
0,5213	15,9555
-8,5881	26,2448
-3,5420	36,1406
0,1280	32,7983
-7,4086	35,7475
6,2231	29,9148
0,3904	25,9170
13,7597	15,0378
10,9416	-7,9655
9,2376	-16,6162
-6,4908	-7,7692
0,7836	-19,6312
11,0727	-21,3351
3,2084	-17,0752
11,7940	-4,9511
18,4129	-4,6889
21,4277	-11,5702
19,2650	-12,8152
31,5203	0,6848
15,6605	-27,2990
25,5566	-38,2434
17,5610	-29,0029
17,7576	-17,3377
1,9633	-22,7769
11,0728	-10,3249
4,0603	-7,8346
1,8977	0,0298
3,0774	-6,7859
5,3711	-8,0966
-0,7891	-2,1329
6,4197	-3,6403
1,9634	1,9305
3,4050	-5,2129
17,4953	8,2220
-3,2141	16,0207
7,2063	-0,8219
-3,0831	2,1928
-2,0345	-0,8221
-16,1904	-7,9656
-10,2267	-9,9972
-20,5158	-5,0166
-10,6200	-6,1307
-13,7001	0,3574
-16,7804	-7,7690
-24,3824	-11,8975
-15,9284	0,3575
-22,8097	-1,0187
-29,4944	11,0398
-12,5204	4,7485
-20,3850	5,2074
-4,8527	10,3848
-6,8844	11,0402
0,7835	11,1058
0,1281	17,9213
8,2547	3,7000
11,7281	9,0740
14,0875	9,2049
22,6073	-8,6207
18,4130	0,6198
19,0686	-4,2955
22,6073	1,7338
13,5633	11,2364
12,1871	-2,3294
13,4976	16,1520
8,5826	19,4286
15,2672	14,6447
7,0096	14,3825
10,2865	4,7488
3,1430	23,5576
21,1653	14,5133
12,4490	-2,9845
11,5316	16,7417
9,3035	17,9867
23,9179	-0,4944
14,8084	2,6515
9,9588	7,2389
3,7329	0,6851
-2,2965	-1,2808
3,3396	2,5857
-1,1825	-0,0356
5,2402	18,3144
8,0581	-7,6377
18,1509	5,1420
16,9712	10,3844
28,3091	-5,4096
30,0130	-2,9192
35,1248	-9,8005
24,3770	0,6198
39,3192	0,6197
24,9667	-0,4288
20,4447	-4,0332
16,1850	-4,8853
6,2887	-8,5554
-6,5562	-4,9509
-8,8502	-3,1160
-5,0490	-2,8537
-8,9814	9,0083
-7,6050	6,1903
-11,3406	8,1566
-6,8843	16,9382
-23,7926	6,8456
-15,3386	-2,6570
-27,9216	-2,7227
-2,4937	-11,8323
-19,9262	-14,9126
-8,4572	-33,1316
2,9461	-13,1432
2,1596	-16,0270
-5,4423	-26,7091
-7,9327	-8,9486
-6,5564	9,1392
-12,1927	11,3676
-10,4231	10,1880
-11,9963	12,2198
-18,5497	14,5792
-22,6785	20,0186
-0,6583	2,1273
-7,8674	6,8459
7,5994	-3,6403
9,2378	-14,9125
24,5732	-24,9397
17,8888	-36,2119
20,7723	-21,8596
17,3645	-22,3841
8,1237	-38,1781
-1,3790	-26,5781
-4,6559	-15,5026
-3,5418	-23,4979
-1,9689	-15,3713
4,9781	-21,0730
14,7428	-25,2016
15,5948	-11,9634
-1,1825	-15,9612
10,5484	-12,1599
-9,5058	-5,7375
-14,0278	-7,3102
-14,2244	1,3406
-2,7557	-5,0819
-23,5306	7,8287
-10,0301	4,5518
-15,2074	-0,1667
-17,5668	7,6977
-17,6323	16,1516
-16,1906	-1,4118
-11,7340	7,6978
-10,3577	16,2827
2,4876	-3,3125
5,1744	-8,4243
3,4706	-11,3078
-4,1318	-6,5236
7,4681	2,1925
-10,4887	3,8311
9,7619	-5,1473
-0,3305	7,6322
4,5192	-0,1666
14,4152	-6,9824
9,4998	-8,3587
13,1701	0,4231
1,0458	5,9280
7,2719	-0,8876
2,4219	3,0447
2,9464	22,9021
-1,4446	8,2876
18,8060	16,9386
4,1258	21,3950
11,7283	17,5940
5,8299	33,9779
22,0173	16,6107
4,3226	12,9409
17,1677	18,5768
17,0365	15,4967
15,8568	14,9067
0,3249	10,5158
3,0119	7,7632
3,8639	1,2096
6,3541	-8,6864
4,9781	-10,2594
8,8446	-11,0459
14,8085	-21,8593
6,2233	-15,6333
6,0923	-9,2110
9,1069	-8,5554
14,9394	3,7653
-2,4277	-1,2153
2,2909	6,8457
-3,6075	19,8218
-8,4572	18,3801
-13,7001	13,7928
-12,8483	26,7689
-14,1589	25,7860
-16,3873	35,3543
-27,1350	34,6333
-21,4333	27,0966