-5,5753	-19,1061
-6,7549	-9,9309
-5,5098	-1,4112
-9,4420	-10,1928
-5,5753	9,2058
-11,6047	5,8633
-8,3280	0,7516
-9,7698	-4,1637
-26,1537	-1,0180
-3,7403	-2,9186
-6,4275	-0,4937
0,4540	-3,6394
0,5195	7,5671
4,9761	-2,1323
1,6992	-13,3387
11,4641	-4,6224
3,0756	-7,0474
5,3038	-5,1468
14,9376	-16,3534
3,8620	-9,6032
1,5028	-10,7831
-1,2498	-18,5818
0,0609	-14,3220
-5,5097	-9,2103
-2,2330	-20,3512
-4,0681	-15,2394
-15,2091	-5,4744
-2,4295	-8,6857
2,2889	4,6182
-7,5415	4,6180
-14,2260	-2,9839
-10,4250	11,1064
-2,8231	16,5458
-24,0568	7,2398
-22,5494	15,7596
-14,6852	6,1258
-14,0953	14,7766
-14,8161	7,4363
-3,4127	4,6183
-5,2477	4,4217
-0,0048	1,4069
-11,9323	-8,2923
-7,4758	-6,3263
-5,4444	-7,3094
-21,5008	-1,7388
-18,1584	-5,8676
-20,5178	-5,8022
-15,9957	-2,3289
-3,4129	-17,1401
-6,0997	-26,1840
-0,0047	-15,7638
-3,0849	-12,9457
-5,2475	-8,2926
-8,7865	-5,4090
-8,1313	-9,2100
-16,5855	-7,8992
-18,2895	-4,3604
-18,7484	-11,7659
-23,5325	-2,7219
-18,4863	2,4554
-17,1101	-6,3263
-16,7168	-7,3749
-12,9811	-8,0958
-13,9642	5,0112
-3,6094	-19,2371
-9,7698	-12,6833
-5,1166	-9,6689
-7,5415	-15,5672
-12,5877	-24,7422
-5,5099	-18,4508
-23,4013	-26,5118
-17,6340	-15,7639
-27,9890	-12,8147
-22,2872	-14,8462
-14,1609	-0,9525
-21,1076	1,3413
-14,3572	2,5211
-9,6387	18,0532
-9,9007	5,6013
-8,9178	4,5529
-19,0103	4,4872
-14,7506	-7,1126
-19,5346	-3,7704
-13,8331	-13,4044
-6,0343	-23,8246
-6,3618	-8,2271
6,9419	-16,6159
-1,6430	-18,7785
15,9207	-13,4045
19,0009	-13,6666
21,7535	-9,7343
28,1761	-6,2609
32,8948	2,9798
34,7956	16,7425
40,3005	9,0093
41,4802	18,5777
45,7399	23,2307
38,5967	14,6457
51,6383	18,0536
53,3423	15,8251
45,0848	7,9608
41,2838	20,4780
36,1062	3,5696
15,6589	3,7665
18,0837	16,9391
10,3501	15,0386
0,0610	28,7358
3,0755	35,1583
-13,8329	34,5688
-13,0465	58,4241
-16,1923	60,8489
-16,7169	68,4512
-24,6466	74,4806
-31,5935	72,0558
-32,2488	73,9564
-34,0841	59,4728
-47,5189	56,5237
-60,1675	54,7540
-62,2647	46,1032
-65,6729	38,6976
-68,8841	37,3868
-72,4887	38,1075
-72,4231	6,5193
-69,8017	12,1552
-80,4841	-9,2099
-78,9768	-17,4019
-80,0256	-39,3568
-93,1983	-46,6315
-88,7420	-54,1684
-90,3803	-66,9481
-84,0235	-74,2225
-89,3315	-76,9752
-55,4493	-79,7933
-44,1115	-80,9076
-42,0795	-91,7212
-28,7099	-107,1877
-19,5348	-113,6759
-7,5417	-117,6737
-11,9980	-121,5404
7,3353	-115,5768
12,5127	-130,7812
22,0157	-121,9993
42,6597	-126,7178
51,6383	-109,2195
62,0588	-98,7339
78,7050	-94,4738
81,5888	-92,9007
95,0892	-72,3222
91,5504	-52,3991
96,7936	-45,8453
114,0296	-27,2982
120,1244	-8,0960
116,1925	4,6838
127,1371	21,3956
136,1155	21,9201
132,3799	36,9280
128,9721	39,2872
126,2850	38,0422
112,6532	47,2172
90,7641	47,8070
75,1007	46,4309
45,2160	57,0478
19,0012	62,0942
4,3864	80,7720
-22,0905	71,1383
-30,1516	69,8278
-40,5720	65,3056
-59,3155	56,4581
-76,1585	49,2490
-94,5089	30,2433
-115,3498	14,3836
-135,4697	11,7619
-166,1407	1,6690
-175,5127	-29,7885
-193,7975	-52,7919
-206,6430	-79,3998
-226,6973	-94,8014
-248,3900	-128,3561
-272,0487	-160,1414
-291,2509	-184,1279
-291,7100	-205,9519
-307,8320	-233,7396
-313,4681	-269,1296
-317,5970	-306,5510
-317,6625	-323,4598
-321,3983	-362,1922
-311,8954	-400,2688
-311,6989	-411,7382
-311,5676	-445,6862
-300,0332	-465,2163
-291,7756	-485,3363
-279,9791	-514,5658
-270,2796	-540,9114
-263,0048	-551,6596
-231,1540	-564,3740
-211,6895	-576,8261
-180,7562	-603,0407
-159,5874	-616,9342
-138,1568	-602,2544
-105,3884	-607,9562
-85,9896	-600,4193
-72,8818	-582,5934
-38,6718	-569,6825
-25,2365	-546,9413
-2,2331	-529,1153
18,2142	-515,4834
34,0087	-481,4043
46,5919	-469,1489
70,9060	-441,8198
86,8972	-399,0245
105,8374	-375,6933
108,7867	-356,5562
123,0082	-314,1541
122,6804	-286,3664
110,2286	-255,3018
110,4908	-228,4316
115,0126	-192,9103
103,4127	-151,3603
105,7720	-125,0797
91,4194	-101,1585
86,7009	-66,4240
82,3753	-42,3720
76,9357	-27,2983
62,3866	-6,9819
50,0002	11,6962
43,2498	24,8690
32,6327	33,5200
12,1198	37,3216
3,4033	69,6963
-12,1944	70,8762
-25,6950	77,9544
-29,6930	93,5520
-47,9777	92,4380
-58,9222	95,4526
-64,9518	92,5034
-69,4738	84,4427
-78,3215	98,0739
-85,6616	88,5058
-86,5793	92,9622
-103,0288	91,9791
-96,8029	73,2358
-96,8686	60,2595
-107,8131	42,7610
-98,8346	6,8469
-106,9613	3,5043
-110,4345	-18,9751
-97,2619	-41,7161
-100,9318	-42,6994
-89,5939	-53,8406
-75,8967	-51,6781
-70,5227	-71,0768
-64,3622	-78,4824
-55,5147	-73,2396
-50,9928	-77,1720
-48,5677	-94,4734
-37,8852	-92,6385
-24,4503	-102,0104
-19,9280	-109,4160
-1,2502	-119,2466
-3,1507	-113,2173
-1,9709	-116,5598
5,3691	-110,2683
11,3985	-111,7100
17,9522	-100,2409
21,8190	-93,6219
25,2271	-88,9030
32,6984	-83,0703
45,7401	-83,2668
51,9006	-69,5698
66,5151	-75,0091
56,3570	-66,7514
54,9808	-52,3335
45,2159	-46,3697
44,1670	-43,4858
26,7344	-32,4101
28,9625	-25,5287
18,8700	-5,7367
23,3919	-5,2122
19,0010	10,2545
21,5569	19,2330
20,9672	29,6533
20,1152	32,0782
20,1808	25,5900
25,5547	31,3574
17,8869	34,2408
10,2192	33,5855
12,9062	29,2602
11,4642	35,7482
4,9107	25,1970
2,4201	24,7382
0,6506	25,0003
-12,7188	16,2184
-6,6896	17,8568
-13,7675	26,5729
-8,0003	4,4221
-19,0760	25,8522
-21,3697	14,6454
-27,4646	9,7304
-29,3654	23,7550
-36,7053	13,5968
-41,0308	4,2909
-39,7855	18,0534
-23,0083	4,8805
-25,4333	-1,0833
-26,4816	-9,9964
-19,9280	-14,2563
-13,0467	-6,9164
-9,8354	-19,8925
-5,5756	-11,5692
-11,6049	0,6860
-13,6364	4,1595
-16,1268	8,5505
-11,9326	8,1571
-16,9789	-12,0933
-16,3234	13,8589
-20,6488	10,7784
-1,4467	1,2761
-3,8715	22,5097
0,6506	17,9876
3,7309	12,0240
5,8936	7,5019
9,1049	1,4070
6,1556	14,0555
5,4350	7,5673
23,2607	2,8489
25,3580	23,0340
30,7321	17,6600
39,9727	7,8297
40,0382	8,5506
24,7684	5,5359
15,5277	11,3685
14,0202	13,0724
-7,8035	9,2713
-2,0364	21,9198
-4,9857	12,3515
-6,2308	11,8275
-5,1820	13,5313
13,6267	9,8613
6,3521	16,2183
4,3207	6,7156
-0,5290	6,8467
-0,7256	12,8103
-2,8882	3,3732
6,6143	-1,2799
-0,8565	0,4895
11,1365	-10,3897
11,3987	-10,8485
8,6461	-9,6689
7,2700	-27,2326
-5,1164	-10,5209
4,0585	-9,6035
0,2572	-15,3049
-16,5201	-7,4405
-19,0103	-7,7683
-9,1801	-10,9794
-18,0929	-6,0643
-6,9516	-16,7466
-2,6917	-19,3682
12,5127	-27,1671
6,9421	-38,4392
4,5829	-26,9706
-5,9685	-31,8203
-7,8692	-27,6915
-12,9155	-21,7276
-19,2725	-4,4260
-7,8692	-1,0836
-16,2579	6,3877
-5,2478	3,7664
-14,2919	10,4512
-20,7798	19,8227
-16,5855	12,5482
-11,0806	23,9516
-2,2987	12,8759
3,1408	5,7326
4,5829	2,0623
22,9329	-3,3115
18,0835	-1,6078
14,9377	-8,1615
13,4959	-18,3195
-2,6260	-14,7806
-4,5267	-11,5040
-19,2724	-18,2541
-14,5539	-23,7591
-20,2557	-21,0720
-18,2895	-7,3751
-14,6195	-9,4723
-3,0196	-14,9115
-1,0536	-2,1975
-4,0681	-1,2144
-0,8568	5,1426
-3,7404	-2,0009
-1,4466	4,8805
-4,3302	11,1718
-6,8861	0,6205
-13,0464	-3,0494
-3,8714	3,5040
-15,6680	2,5865
-15,5368	-6,6540
-14,0296	2,5211
-4,6580	-4,8844
-13,7674	8,4195
5,1071	17,4632
0,8471	-0,2969
1,8958	8,0918
-0,4636	-10,6517
-5,2479	-11,1103
-17,2410	-14,8463
-17,1754	-14,9118
-12,2602	-8,4893
-8,9178	-4,0985
-6,4928	-15,8291
-1,5775	1,4069
13,6268	-5,7367
7,8597	-9,1443
18,6078	8,0260
20,3772	-11,6349
27,4552	-9,8652
21,8191	-17,2709
33,7466	-19,4336
22,4089	-18,7784
23,0642	-18,7129
20,3773	-21,0722
16,6417	-18,2542
11,5956	-11,9627
13,5615	-14,1253
12,3164	-8,7511
18,7387	-1,4766
8,3184	4,1594
0,5197	-1,8043
6,9423	7,2397
0,9128	11,1062
5,0416	6,7153
4,8451	0,5552
8,3838	10,5166
-3,8712	15,1041
6,3523	11,1063
-1,2499	-5,1465
3,9930	-12,9453
2,1579	-2,3943
-7,5413	-17,2712
-2,1675	-22,9727
-10,4905	-20,8755
-15,0126	-19,1060
-15,7991	-9,3413
-15,6681	-11,0452
-24,5154	-16,6157
-23,9256	-11,1107
-19,2726	-20,4169
-15,9958	-17,2709
-21,0420	-1,4768
0,0606	2,7175
-4,1993	-1,1489
-5,9029	-1,4110
11,5952	2,2590
17,8210	3,9629
14,2169	6,1255
21,1636	1,0793
4,4521	11,1719
12,6440	14,5142
8,7118	1,5383
3,9275	10,3855
5,4349	3,7664
-2,1675	4,3560
-4,2645	-1,7388
-1,2500	-8,2925
-0,7258	-2,7876
-10,4251	-8,0961
-4,1992	-13,6010
-7,5416	-6,4575
-8,1314	-0,8868
-10,2285	3,3731
-0,8568	8,6160
3,2064	-5,8017
-2,0362	9,4025
4,3209	6,3221
10,6778	-15,1736
13,2993	-0,5591
1,3716	-0,7560
1,3715	-5,6055
-15,0781	-8,9478
-18,0273	0,0964
-17,1755	19,4295
-24,4499	17,0047
-15,5372	10,1890
-29,0376	15,9563
-29,1684	16,4149
-23,4015	12,2206
-22,2872	7,8953
-18,8793	12,2207
-0,2671	25,6555
-8,3281	21,7234
-10,2283	22,9687
-1,5122	22,8376
-11,4080	15,7596
-4,3958	8,4852
-1,1845	9,7957
1,1093	-1,0834
8,9082	-10,9793
5,6970	-14,1252
18,8697	-17,0743
16,3139	-14,4531
13,4303	-15,0430
8,7117	-22,0552
13,0371	-11,7005
9,4982	-12,2248
10,6122	2,0621
8,1219	1,1446
7,0732	-7,4402
0,8473	9,9267
-2,1018	14,3830
1,1095	-0,8213
0,4541	9,3369
9,9567	2,9143
7,9252	0,4241
1,5025	9,1401
-1,3154	-3,9670
-9,1141	-5,0156
5,6968	-15,5670
-1,3812	-15,4359
-14,1605	-5,2123
-2,5607	-9,6033
-6,3618	-13,9941
-10,7528	-6,9163
-9,5731	-9,2755
-20,7798	1,9312
-0,2669	-4,2292
-3,8716	-5,8020
-2,2328	2,3246
11,5296	1,4069
4,1897	-10,5205
1,3060	-0,1002
10,8743	9,2713
7,1388	5,0114
13,8234	2,9799
16,4449	5,7979
23,2607	12,6135
22,2778	-4,4913
26,9964	-4,0980
16,0520	-5,6053
15,7899	12,3512
9,1050	-14,1252
4,7795	-5,2777
3,2067	0,0961
6,6800	3,3731
19,0664	9,9266
22,2778	0,3586
31,7806	4,9460
28,7004	4,3560
34,9918	5,2080
20,3774	-0,8214
20,1151	-2,7220
11,1367	2,7176
13,8236	2,1931
14,0201	-4,6224
9,6946	-6,3919
-5,1164	-4,0326
1,3059	-8,1615
-12,3255	-14,3874
-9,1797	-21,6620
0,2574	-29,5921
-1,8397	-33,5897
4,8449	-30,5753
-5,4443	-31,1651
-2,3639	-28,0849
-0,8568	-37,8495
-1,2499	-20,9410
-3,1505	-15,5672
-2,1675	-16,8778
-5,5753	-5,7366
-7,0172	-2,7218
-10,0973	14,8419
-0,1358	12,4825
-1,2500	11,4997
-0,2014	20,4125
-6,0993	7,8951
2,9445	6,0600
12,9714	-5,4089
-4,0679	-12,0935
-0,1358	-7,5716
-6,6894	-9,5378
-6,9517	-16,0912
-8,0658	-7,5715
-8,1970	-6,7852
-14,8814	-13,7975
0,3884	-7,3751
-0,0705	-13,2077
-9,1144	-8,2926
-6,9516	-15,0427
-9,4420	-13,8631
0,9782	-5,8022
-14,8816	-16,4190
2,6822	-12,0936
-9,2456	-4,0326
0,4540	0,4893
-4,3302	-9,7342
1,5682	-8,3580
9,9567	-17,2054
4,5829	-0,9525
12,3817	-4,6227
13,3647	-12,6178
9,2360	2,1278
10,8744	12,2858
8,5152	-0,6901
9,7603	8,0918
6,4835	-3,9669
13,2992	7,8296
-2,6261	4,2249
0,0610	-2,3942
4,1896	2,9141
-9,3764	1,1446
-6,6894	-7,7026
-12,2601	-2,1976
-20,9110	6,6499
-19,3381	7,8295
-15,2094	12,8759
-19,3381	13,5314
-2,1021	12,8103
-10,7527	-3,2460
-2,4297	1,2759
-13,3087	-8,8824
-19,3380	-12,5525
-9,9009	-13,7321
-23,7946	-19,0406
-22,4837	-12,3557
-9,8354	1,3412
-15,7991	3,8318
-19,3380	7,2398
-14,6194	16,6771
-9,6388	19,0364
-12,1946	19,7573
2,6166	13,2036
-0,5947	4,7495
10,2844	3,4386
2,6166	0,8826
1,1750	-7,3748
-1,0533	8,8782
1,9614	17,2010
5,8935	11,6964
17,2970	22,4443
16,7727	17,9879
23,4575	24,2792
16,3796	5,0115
13,9546	-0,1657
8,0564	2,6521
12,9714	-8,4891
1,0438	-12,2901
-2,0364	-15,9602
2,3545	-12,4870
3,7961	-0,3626
-3,6093	-1,4113
2,4200	5,4048
0,3886	17,9221
7,2699	8,7470
5,3040	3,1767
13,9548	13,2690
17,8213	-0,6248
9,2360	-5,4744
10,8091	-5,4744
12,5784	-2,9840
12,1852	8,1570
8,7772	-8,7512
12,1850	-3,5082
-7,2138	0,9482
-7,0826	3,8971
-17,4375	-12,1591
-15,4058	-13,1421
-18,0273	-12,0935
-11,9325	-6,6541
-10,8838	-6,6542
-9,1143	-12,4213
3,2065	-2,9186
2,4856	-12,1592
13,8889	-10,9138
-0,6600	-4,0327
6,4835	-12,8799
14,4133	-1,8698
9,9568	-1,6734
12,9715	-11,0449
-1,4463	5,3390
12,2507	-4,3604
7,2698	-8,6200
6,6801	3,3074
-2,9539	5,1424
-7,5413	1,7346
-9,6387	6,1257
-3,4128	2,8488
-17,6998	11,1064
-11,6702	9,2713
-3,6749	3,3733
2,3544	9,7956
-2,4296	-3,3116
2,3545	-3,6392
-3,6748	-8,6856
-13,3086	-14,3219
-8,3933	-9,7343
0,4539	-13,0113
-3,4782	-21,9240
2,3545	-10,6518
0,6508	-6,3266
7,6632	-7,8338
4,7141	-2,8530
4,9106	-16,2223
1,3717	-10,5208
-2,3641	-21,5310
-9,5730	-23,4314
-11,1459	-19,6304
-7,3449	-23,1040
-6,4275	-26,3150
-6,8208	-20,2203
-14,2263	-21,2033
-14,7505	-5,6057
-13,5053	-5,4746
-17,1755	-10,1274
-16,1923	6,3221
-9,7699	1,6689
-12,1289	-6,3918
0,3884	-5,0811
0,1918	0,5550
-6,8861	10,7130
-5,9032	10,3855
-17,8962	7,3710
-15,2093	21,9856
-8,9177	15,6285
-1,5777	9,9269
1,0438	11,0410
8,3184	0,6207
3,5998	3,7663
8,9083	-6,3263
4,9760	-1,0835
-6,0996	-8,7513
-7,1482	-17,1400
-7,8692	-22,3828
-12,5221	-9,5379
1,6993	-21,4654
6,0902	-16,3535
7,9908	-5,6713
3,7965	-2,8532
4,2552	-6,5231
1,0438	-12,1591
-8,5244	-9,6688
-4,8543	-5,3435
0,1263	-16,5502
1,8303	-22,5139
-7,2137	-6,7198
-8,2623	-9,7344
-10,2284	-14,0597
-11,0150	-11,7004
-10,6217	-19,1061
-6,8861	-6,1299
-2,8227	-10,5865
-2,8228	-13,5353
1,1750	-1,4768
-7,3449	-3,5084
-9,8352	-8,8166
-13,2433	4,4216
-14,0952	-6,5230
-23,4014	0,6861
-20,2556	-3,3117
-13,8986	-1,2801
-8,4592	3,8971
-8,5245	5,8632
-4,3956	7,3708
14,6100	8,0261
22,9331	3,8319
26,0134	11,4339
28,0452	-7,5715
24,0475	-9,9962
18,8702	-7,7028
20,1153	-10,5208
15,0689	-13,6010
12,9717	-9,3412
8,0563	-20,0891
8,4495	-4,8848
3,5996	-10,5863
-8,0656	-11,0450
-10,2938	-4,8190
-1,8398	-8,6858
-5,4443	-2,3941
-0,7258	3,3730
-3,3472	6,4532
-8,3278	5,0770
-7,5412	11,6308
3,5344	11,0408
10,6123	9,6645
10,1535	-4,6879
8,6463	-8,5545
9,6947	-1,4111
7,6630	-11,3072
-3,4781	-9,3409
6,8109	2,1933
-1,9709	-1,9355
2,4201	2,7833
5,3037	-1,6078
3,5342	-3,9669
6,6146	-0,6248
13,2336	-19,3025
2,6169	-20,0233
13,5614	-7,1784
5,3039	-15,0427
11,6608	-9,7998
8,5806	-5,9333
9,4981	-7,3095
15,4619	-0,6904
17,0348	-12,9455
20,1150	-16,1567
12,5784	-3,1808
20,1150	-9,0134
12,3817	-17,2709
6,8112	-6,0643
1,3061	-10,3897
-15,4712	7,4360
-4,1990	-9,9309
-17,5687	-18,1226
-16,2578	4,4217
-13,0466	0,0961
-16,7821	-8,1612
-8,3279	-5,4089
-3,6748	-8,6857
-9,6386	4,4214
-7,2791	-5,4089
1,3716	-6,7849
8,9081	9,5990
0,7819	16,4147
7,8599	16,8737
12,9061	24,6724
15,7241	20,2815
5,7627	32,1436
7,0077	24,8036
1,9615	13,2694
-6,4272	28,2770
-2,4950	17,0702
-3,6093	8,3543
-13,6363	16,2185
-8,1969	16,6773
-6,4275	25,5245
-15,4058	22,3787
-2,1021	14,5799
1,0437	14,0555
3,4684	2,6522
0,1263	-0,6245
3,4686	14,6453
3,3377	3,6352
1,7648	1,4071
1,9615	19,1019
0,9782	10,4511
-5,2476	21,4613
-5,1822	18,1843
-8,9833	2,6524
-9,7698	13,9900
-1,7088	1,4724
-4,9856	-15,6980
5,8935	-2,9185
4,5828	-6,7853
14,2168	-14,1907
14,2824	-4,6226
21,4259	-5,2779
19,4597	1,8655
16,0518	-1,9355
8,7118	2,2588
9,6292	3,7662
9,1704	1,1448
9,8258	-0,6902
9,6293	-5,9332
11,7264	-10,1276
8,3841	-5,4746
8,6461	-9,4068
6,2213	-21,3344
-4,0023	-17,5986
9,6291	-10,1930
-2,1020	-16,8777
3,5343	-12,9455
5,0415	-18,9748
4,8450	-1,0835
-0,8567	-4,6881
4,7139	-5,4744
0,2575	9,5988
7,9907	-5,3433
5,8936	1,3416
4,5829	-6,1953
-0,8566	-6,0641
-3,6746	10,7785
-2,9539	8,0916
-3,2161	-6,3917
-2,9540	4,4874
-14,6193	9,6646
9,5634	8,3539
3,4029	8,6816
-1,0533	6,9121
10,9398	7,3708
11,5951	1,2760
11,5298	-4,5566
9,3015	14,1210
14,4134	6,2564
12,6438	-9,7994
6,6146	4,5528
6,6145	1,3414
8,1874	9,0747
6,0901	7,1086
5,8936	8,4194
0,8473	5,7324
8,1218	-2,3285
-5,8375	-6,1295
-9,9661	11,4338
0,7815	-0,2316
-2,2988	-2,4598
-9,4421	1,1448
-8,6557	-0,2315
-9,7697	-2,1321
-15,3405	-2,3288
-26,2848	-8,4892
-26,2194	-2,7220
-31,2003	-12,6180
-30,2827	-17,3364
-37,0985	-4,0326
-27,8581	0,4893
-25,1054	3,3730
-21,0422	3,5041
2,6165	12,5483
7,8595	29,2600
25,3579	23,2307
29,0281	23,9517
35,4508	22,7719
31,3220	10,3200
28,6349	9,2059
19,0666	3,3074
6,2868	9,8611
-8,9831	7,4361
-7,2792	-0,8212
-14,5539	5,0116
-14,3572	10,6475
-14,2918	5,0769
-18,2896	-0,1003
-17,7653	8,2882
-21,9596	8,8125
-26,2849	11,6962
-19,7969	3,3075
-23,6636	0,2275
-33,2974	4,1595
-23,2705	3,1108
-28,5791	-10,8482
-33,6252	-2,9841
-29,4963	-9,9309
-22,6806	-2,1975
-19,6659	-2,0011
-16,5202	-3,7048
-11,8014	-5,8677
-7,4105	-5,4088
2,0923	-4,2948
-2,0364	-7,2439
8,2529	-5,9331
9,1703	-6,7851
13,1680	4,1593
-10,6216	-5,9987
3,5342	-2,8530
-9,4421	-5,6710
-8,3280	-6,3263
-3,3472	3,5041
-16,6511	-2,3942
-12,1290	2,3901
-13,8330	9,8610
-17,8308	6,5188
-24,3188	9,2713
-24,7120	10,3200
-22,0252	3,1765
-19,8625	8,6161
-23,4014	11,1718
-16,8478	2,2591
-14,6196	9,5991
-15,6025	3,1764
-13,1122	3,5697
-3,1507	4,2905
-3,5438	-10,8483
1,6992	2,1934
5,4349	-2,9843
7,9907	-21,2686
5,1072	-12,8145
8,1218	-14,7151
7,5976	-6,3922
4,3207	-13,7322
11,2021	-23,7590
6,9421	-3,8362
1,6338	-18,4508
-5,1820	-14,1253
1,8302	-14,9118
-9,6387	-17,5987
-10,9495	-17,5987
-16,3890	-13,2733
-15,1439	-9,9309
-27,3990	-0,8215
-23,2703	-0,4937
-18,3552	7,3709
-21,4353	14,6454
-12,3257	17,0048
-11,6047	21,7234
1,6336	19,5608
2,1580	16,6116
13,0370	14,3179
5,5658	8,0918
4,3864	-1,4109
0,3885	-3,8358
-4,8543	-11,0450
-6,0998	-23,8901
-15,2093	-23,4972
-16,1923	-32,4100
-18,8794	-22,6452
-22,6803	-19,0407
-16,7822	-19,8270
-12,0636	-4,4916
-21,4352	-13,7978
-10,8184	-19,1059
-11,5393	-15,2393
-12,3257	1,8654
-23,7945	-11,3073
-7,2794	-19,0404
-11,9325	-16,3534
-13,5709	-0,3626
-2,4952	-3,9671
-4,6579	-9,1442
-5,1819	9,2058
19,5250	1,4070
16,1172	-4,3601
12,9061	0,4894
10,0882	-11,3072
15,2654	-7,5715
9,1050	-7,6373
1,6339	-27,2978
8,1874	-8,7513
2,4202	-12,8801
11,7262	-15,6980
4,1896	-7,1785
-2,9539	-18,8438
-6,4928	-9,7343
-1,8400	-9,9310
-14,4885	-12,8145
-21,3698	3,3074
-17,7653	10,1232
-19,8626	17,0047
-25,8917	29,7187
-22,2874	18,0535
-24,9742	31,7506
-8,9834	29,4567
-7,2139	13,4005
-12,7188	18,7742
-11,4736	16,2837
-10,8838	-3,5736
-12,7189	8,1573
-19,7313	-6,2607
-22,4183	-5,8019
-24,4501	7,6328
-43,7176	-6,5885
-31,3968	-1,2800
-18,6176	8,8781
-24,2536	10,4511
-21,7631	29,3910
-12,7843	21,8545
2,2889	22,6411
3,5997	23,4273
1,4371	15,4975
1,6992	15,3663
-1,7086	-3,0494
2,2234	0,1619
-8,0656	-11,1760
8,1872	-2,9841
-3,8058	-16,8779
1,5027	-18,5817
4,9105	-13,7976
11,3330	-7,5717
1,8959	-7,8339
6,3523	-2,4598
4,6484	-2,1976
-4,4611	5,6666
12,5782	-5,4743
4,6483	15,8904
13,4304	11,1717
5,9592	7,1743
8,7773	2,7834
1,3061	11,8929
2,6168	12,7448
-2,6918	-0,7558
-5,2478	-18,1881
-10,2286	-4,4914
-20,6489	-13,3388
-26,3506	-2,2633
-26,7439	-12,0283
-29,2341	-19,8924
-22,5496	-6,0642
-19,5348	1,0790
-8,9179	-10,6517
-14,3573	-0,9524
-9,3109	-5,8675
1,8958	-6,1298
4,5829	-12,3558
17,6902	-19,3683
17,2314	-17,8609
15,7242	-8,6203
14,1513	-6,4576
6,4834	3,7661
0,2576	7,3050
9,5635	-11,8312
4,7138	-6,0640
5,9591	-6,5230
0,3885	4,2249
1,1750	-2,3942
-3,0193	1,9314
5,8936	4,2906
-3,5437	11,8273
1,8958	11,6308
-0,7256	23,0339
0,0608	15,6284
5,3692	14,7765
5,6970	15,1041
8,5151	5,8635
-1,9706	18,1842
8,0564	4,9457
5,3037	-0,1657
0,3884	8,2882
-11,4736	-3,6393
-12,4566	10,9097
-11,4737	2,7176
-13,3088	-4,5567
-17,8307	3,4386
-9,7699	-3,0496
-22,6803	-11,2415
-5,9688	-1,6077
-25,0398	-8,2925
-22,1560	-15,4359
-16,5857	-4,3603
-26,4161	-5,3434
-27,0715	-1,7391
-25,3676	-9,2102
-21,6320	-21,5308
-10,6218	-7,2439
-9,2455	-15,1085
-2,2329	-29,5918
9,4980	-18,1229
8,7772	-5,8678
2,7479	-7,6372
-5,7063	3,8316
-6,6238	-5,4744
-4,6579	1,4726
-16,5198	-9,6687
-9,0487	-7,0472
-5,7720	4,0938
-0,6602	8,7468
-4,5268	4,0940
4,1894	7,3709
-2,4951	14,7110
3,2721	22,9030
10,5466	12,5482
7,2045	2,5213
23,4575	2,3900
25,0304	-5,7367
31,1254	-16,0257
26,8000	-5,4746
21,4260	-8,5548
19,5253	-8,4236
16,4449	-6,2608
-1,4464	-3,9669
6,5489	8,4848
0,8472	2,7832
-4,1992	2,4557
-9,8352	12,1549
-5,1168	2,5211
-15,1439	5,0771
-14,4885	3,3730
-11,7358	-12,5522
-2,3642	-8,8167
-5,9031	-5,1469
3,7308	-18,3196
-1,9707	-8,6203
4,7139	-9,8656
5,7625	-11,1107
-0,2669	-19,3026
0,9127	-11,4382
-2,6263	-8,8824
-8,9831	-11,3728
7,5318	-11,9626
5,8936	-8,7514
14,6755	-17,5332
25,0958	-14,4530
20,0496	-8,7513
19,7875	-0,4283
12,7095	1,8000
9,6292	1,6036
6,4834	11,6963
-3,0849	20,4780
-5,7718	17,9222
-5,1820	13,0071
4,2550	24,3449
-7,0827	14,3177
-7,7380	19,7573
-15,7335	2,0624
-12,2601	-1,0178
-9,6387	2,8487
8,3181	-7,7027
5,5659	-9,6031
20,7049	-0,6902
27,5207	-3,8359
23,7853	1,5380
25,3582	1,0137
17,4939	2,7177
26,0135	9,9920
23,9817	-4,4257
20,5083	3,2420
15,8552	16,3490
7,4010	6,9121
9,4327	8,4194
5,2382	1,6692
8,8427	2,5867
9,4980	-3,0496
13,1680	-11,0449
11,6608	-12,3557
21,5569	5,4701
27,1929	4,8147
13,7582	6,9121
14,6756	14,8420
4,5830	14,5144
5,1072	18,9054
2,3547	15,1699
7,7941	4,1598
9,4327	14,1212
17,4280	7,9606
15,4621	-4,1636
15,2655	-5,0810
9,8914	-8,0302
2,8135	4,0938
-0,1359	-4,4258
-7,3448	-5,2121
4,0583	5,7978
-0,0048	-6,0644
9,6289	-18,5814
2,4857	-1,0180
5,5004	-7,8993
2,8789	-12,1589
5,2382	11,6961
6,8766	5,6012
6,7456	9,2714
11,0709	5,5359
13,4958	4,8806
5,3695	8,1573
10,0880	1,5381
12,9060	-5,5398
0,5197	-2,8529
-2,4296	-4,9502
-7,2793	-3,1151
-12,7844	2,7175
-0,6602	-6,1952
-5,6410	-0,2970
-3,0195	-0,6248
-8,0657	-2,5908
-13,5707	0,5550
-11,6046	6,3221
-13,7019	8,6814
-24,1878	1,2759
-17,3721	11,2377
-29,4307	17,0046
-16,9133	14,9076
-5,7722	9,9269
-2,3642	20,1504
5,3692	-1,8697
13,4301	11,6963
3,4689	6,7154
16,4450	-1,8042
17,7557	-0,1660
7,2698	-8,6201
-0,1356	-14,1250
-6,6238	-5,3434
-4,1990	-7,2440
-10,9494	-7,4405
-9,9663	-2,0665
-19,9278	-3,1807
-0,9224	3,8973
-15,9957	0,5549
-0,4635	-5,7364
-0,7914	12,8757
2,0924	10,7130
-2,2985	12,8759
4,3861	16,2839
-8,5245	27,7526
-5,7066	19,5606
-12,8499	3,7010
-15,2749	1,4071
-11,2771	7,8951
-11,8015	6,0599
-13,3743	-6,3917
-10,2286	11,8273
3,6653	10,3854
15,1997	3,4388
16,7071	10,4511
16,5107	9,0094
18,6734	13,4658
19,0666	5,6014
19,2631	-15,0425
18,6733	-2,5251
21,4257	-5,8022
22,7366	-9,4721
18,3456	-7,5060
20,0496	0,4239
21,0324	9,7300
9,0394	3,9629
1,9615	1,6695
7,1387	11,8928
0,5851	-2,5252
0,0608	-10,5206
-12,2601	-18,7783
-10,6872	-13,6010
-12,3913	-11,7662
-16,2580	-18,7128
-24,6465	-7,3093
-11,0806	6,7153
-18,1586	14,4485
-5,8377	2,1281
-5,1823	24,3447
-5,5097	17,5289
-0,3979	22,0511
-3,6745	23,4272
9,1704	11,6310
5,4349	17,1358
1,5028	6,9777
7,4011	9,2714
4,9760	7,6985
5,5003	-2,1319
-6,4928	7,4363
2,4855	2,1278
-4,7891	0,8828
-7,5414	1,8657
-3,2818	12,6136
-6,2962	0,0963
-6,6895	11,8273
8,7772	3,8317
11,7918	2,0624
15,9209	-1,4768
26,9310	-10,8483
22,3435	-11,0451
35,6472	-15,7637
18,1491	-12,2246
15,3310	1,0792
15,3310	3,8317
14,3478	6,5189
14,4134	7,7640
12,3817	2,6523
13,8891	10,4509
6,3525	4,8803
0,2576	-6,5229
0,3231	5,2081
-1,9053	-8,0959
-6,0998	-9,4063
-2,6263	4,6838
-5,3787	2,2589
-0,7257	2,8488
5,7626	2,7176
1,5026	-6,9161
2,6823	2,1278
-2,1020	-5,6710
-6,3618	-2,3286
3,3375	2,6521
5,8277	7,3708
1,6991	2,7834
-5,3133	12,1550
-5,2476	15,0385
-0,2014	5,7979
-4,9855	-1,5420
4,9759	-12,0934
-3,4126	-4,1636
-1,7741	-7,5061
0,4542	-15,8291
0,3228	-10,0621
-0,0701	-11,7661
0,2574	-10,7829
0,5196	-13,5353
1,9613	-10,2584
1,8959	9,2712
8,6461	-2,7219
8,9082	-0,6246
12,7750	6,3877
19,1973	-3,4428
4,8453	-3,9669
14,5445	-7,8337
7,7942	-4,4913
-0,3321	2,7173
7,5320	-17,5987
-3,6748	-7,4405
-5,0510	5,0768
-5,9030	-4,7536
0,5851	5,1424
-5,9685	5,6667
0,1264	2,7178
13,6268	5,4703
12,1194	5,5358
10,3501	-4,1634
12,3818	11,9583
10,6777	1,8656
6,7456	-1,9352
5,3693	18,8398
8,3839	20,2815
-2,7572	20,6093
-0,4633	13,5970
2,7479	16,6773
0,5196	20,5438
3,1411	17,3324
-10,7526	4,9462
-4,3955	8,6161
-2,7575	2,8488
-18,1584	-0,9523
-15,0128	2,8487
-13,7021	5,3390
-19,0105	0,4895
-10,9494	4,8150
-11,4737	-0,8211
2,4199	2,5868
-7,7382	10,3201
-5,5097	2,3245
4,6483	8,7472
-0,1358	8,8126
7,9252	19,4950
-7,4756	15,3007
19,3285	13,2692
6,4178	4,4218
0,3231	10,9099
6,2213	0,7518
11,7917	6,3877
-0,9221	-12,9455
6,3523	-10,9793
-0,7256	-18,5819
-12,9154	-31,6891
-10,8838	-35,0970
-16,5856	-20,5482
-21,5006	-30,2475
-14,5540	-21,0068
-13,8985	-30,6406
-22,2216	-17,5332
-15,9301	-15,5016
-4,0682	-12,8145
-12,1291	-1,2146
-11,4735	0,6859
10,1532	-6,7195
-7,0826	-12,0279
6,0246	-9,2754
-2,4950	0,2272
1,5683	-6,7197
-1,7741	-13,5354
8,8427	-8,8823
-2,6916	-14,9117
5,5004	-19,5645
3,1409	-8,3580
1,8304	-17,4020
9,4325	-6,3919
4,3208	6,3876
7,5976	1,6691
0,2574	12,7449
-8,7867	17,0701
-14,0296	22,7063
-11,7360	17,9879
-9,1800	15,2353
-9,9664	6,9123
1,7646	13,5969
3,2064	9,5991
1,6992	1,2106
-0,7255	4,4218
3,4688	5,6014
3,0756	6,9776
3,3377	-4,8845
-2,4950	-0,4281
11,6608	-0,5592
2,2890	-1,5421
-1,9707	5,6669
-1,9708	14,1866
-1,8398	12,6139
-11,5391	28,3426
-5,0512	18,5778
-14,6195	22,4444
-14,0297	19,6262
-11,8670	11,6309
-9,1146	4,2908
-13,3743	1,4726
-18,4860	-4,6879
-17,3064	1,4724
-12,4567	-9,2756
-14,4228	-14,3218
-13,2430	0,2271
0,5194	-12,6835
-2,4297	-7,0472
-5,0510	-13,4043
-0,9876	-6,3264
12,2505	-4,4258
4,1895	-9,6033
0,5196	-17,0087
-2,8883	-5,4744
4,7138	-9,1446
-3,5439	-13,0111
-5,7065	-8,6858
-6,7551	-22,1862
-9,9662	-8,2270
1,3059	-6,5232
0,1262	-18,1885
-4,7888	-6,0642
-7,2135	-4,5570
5,8935	-8,2924
-9,5075	-1,0179
3,4032	-11,8969
-4,1336	-12,6177
-0,0703	-13,9942
-2,2330	-13,5354
-5,6410	-10,5208
-11,2770	-9,9966
-7,0828	-18,5816
-10,7528	-6,3264
-7,9347	-14,0597
-7,0827	-8,4890
1,8957	-7,6372
-4,9199	-4,2948
6,2868	-5,9988
1,1751	-17,5332
5,5660	-25,5940
15,0686	-10,1276
1,7648	-11,4384
7,8596	-21,1376
6,8109	-7,0473
-3,3472	-2,9187
-6,8205	-6,3264
-2,2333	-1,4111
-19,2726	0,4239
-8,9178	12,8758
-10,1632	9,3368
-19,4691	10,6477
-7,2139	15,1696
-13,0466	17,1357
-3,6092	4,3562
-7,1482	-8,1614
-8,7209	-19,4335
1,4370	-9,8001
1,6990	-22,5797
-6,2965	-31,8857
-15,0128	-15,5017
-17,5030	-17,6645
-10,4252	-13,6010
-13,7674	-14,4530
-2,8228	-8,9478
-3,5437	3,1107
-2,4951	-8,6203
-9,1141	-7,4404
-3,6092	-6,0644
-11,9979	-15,5672
-15,9955	-22,9070
-12,9809	-12,1592
-11,9323	-10,9141
-11,8669	-6,5231
-3,6093	-15,7637
3,2063	-12,5523
-5,5754	-9,7344
11,3330	-17,1399
7,0731	-14,3220
18,5421	-15,7638
17,6901	-18,9096
2,4858	-6,9819
7,8599	-2,0012
8,6460	3,7662
-9,7040	10,7787
-0,3324	5,8636
-3,4127	1,6693
-3,9369	11,8928
13,7579	-0,2970
5,8281	-1,5421
20,8359	2,9798
8,3842	3,7663
20,5739	2,5867
4,3863	9,7302
5,8935	8,2884
-6,0341	12,6794
-6,6240	8,4850
-0,3325	5,9293
-3,3472	5,9945
1,0440	-7,0472
13,0369	3,4385
-0,7256	-4,1639
-8,6554	-16,2879
-2,4952	-4,7535
-19,6003	2,7175
-13,5709	-0,9523
-15,3404	3,9628
-11,9980	-2,4596
-3,0851	-2,1320
0,7161	-3,3117
11,3984	-13,0110
1,5026	1,5378
15,9862	-14,7150
14,2821	-13,6008
17,1003	-10,9139
10,7433	-6,9818
3,8621	-16,6156
9,9567	-9,2100
-2,4950	-11,7660
-9,1798	-7,9649
-10,4250	-10,5207
-18,3550	1,4725
-27,6612	7,5017
-27,0059	4,4216
-29,4308	-0,8866
-21,5665	10,9753
-22,6806	1,4727
-17,6342	13,3346
-14,2917	11,4994
-9,9661	-7,5058
1,3059	7,4365
0,8474	1,5380
4,5173	-8,3578
1,1750	4,0940
0,5852	4,2249
-7,2792	7,8295
-9,6384	9,8611
6,0246	8,6816
-7,4104	13,8590
-2,4296	1,4070
-0,8568	-4,6877
-5,2477	4,0284
-3,4127	-9,6687
-4,6579	-12,2901
1,3061	-12,7490
8,3184	-11,8314
3,0756	-9,2756
12,0542	-10,9797
10,6123	-25,5941
10,5467	-16,4189
7,7944	-7,3752
14,7410	-14,9117
10,2847	-6,1298
3,8621	-5,4089
17,7557	8,8780
7,2699	0,6204
12,8405	3,5041
2,0271	4,6837
13,2337	-0,3626
-0,3979	-6,9816
-0,3980	-5,0156
0,5850	-9,1444
-11,4736	7,7638
-9,6385	-9,3413
-3,8715	-18,5161
-5,9687	1,8655
-13,7674	-12,7490
-2,6916	-6,9162
-2,9540	1,2103
-5,7718	-0,1003
-3,2816	16,1527
-8,8521	14,0555
-13,1776	9,0749
-13,5054	7,5676
-19,9280	4,1596
-14,7507	-6,1295
-13,7020	-1,8698
-12,1291	-9,6688
-4,3958	-10,8484
-8,7211	-23,8246
-9,1142	-22,1207
-8,7212	-14,1254
-11,4081	-21,2032
-18,9450	-10,4551
-21,5008	1,9310
-26,0230	-5,8677
-23,6637	0,0962
-30,4139	3,8317
-21,5007	-5,2777
-3,0851	6,7154
3,6653	3,7007
15,1997	6,5845
15,0688	18,5776
16,7729	21,3956
21,2948	15,8907
15,0034	19,4297
18,4112	16,2184
7,7287	4,4218
5,5005	3,0454
-9,3108	-9,9308
-6,2307	-10,9141
-10,7528	-26,3806
-17,4375	-40,6675
-15,2092	-30,2473
-17,6341	-28,6746
-10,9495	-30,5096
-17,7654	-17,5333
-21,3696	-18,9750
-18,0274	-7,3750
-17,3721	-12,0281
-18,2239	-15,7635
-11,0806	-3,3773
-9,7697	-2,8530
-6,5585	-9,6686
-4,2647	1,4070
-18,0927	0,8828
-3,9370	13,9900
-12,1947	1,8658
-15,3404	4,1597
-14,8816	15,9561
-16,1268	12,9415
-12,7844	23,6239
-13,8985	19,0364
-11,4080	29,1945
-9,4421	30,5707
-16,9787	22,5099
-15,9958	15,2355
-12,9155	19,8229
-17,4376	17,7912
-14,4226	6,9777
2,6821	3,0454
2,3545	-10,0619
-5,5097	-6,0642
6,2868	-12,8801
-4,8544	-10,9796
-2,1674	-10,1277
-5,0511	-11,2417
-5,1167	-2,9840
-10,2285	-4,1638
-11,6048	-0,6246
-13,8986	1,0139
-22,2218	15,1042
-33,5594	15,4972
-17,7654	10,8443
-29,3651	3,0453
-14,3574	-10,9136
-2,2986	1,7346
0,9782	-15,8947
5,3693	-16,8121
9,4981	0,6205
16,9038	-2,3944
15,2653	-13,7974
17,1004	-7,1785
18,0834	-20,5476
26,0787	-10,9795
12,9061	-12,3559
35,7127	-19,7614
26,1443	-10,1931
18,4769	-15,2395
21,6881	-17,9263
21,3602	-1,6735
4,3865	-16,0914
7,8598	-19,2370
4,7796	-12,3559
-4,2644	-17,2055
6,8767	-2,1321
2,4201	-0,6248
7,4664	-5,2777
0,3885	3,4385
7,7287	-6,1952
11,2021	5,2736
15,6585	-7,3094
11,6608	3,8975
-3,0848	14,0555
-6,4927	9,8612
-8,2624	13,4655
-18,8138	-3,7705
-18,8140	-14,7148
-25,3675	-1,0835
-27,6612	-4,4915
-26,4815	-13,0111
-25,2364	-4,9502
-30,6760	0,0961
-38,9990	-6,3919
-26,6783	3,7662
-24,3190	-4,2948
-13,7021	-5,3433
-14,8816	-7,6372
-5,3133	-11,9624
-2,1020	4,1593
-8,0002	-1,6734
-5,5753	4,7494
-3,0196	9,9266
-4,5923	5,8634
3,8618	-0,7556
1,4371	-1,2144
1,3717	-3,9670
12,7750	4,2249
11,4642	-11,8971
8,6463	-11,5037
11,7263	-6,5230
9,8258	-9,0133
6,6800	-5,5399
1,8959	12,6137
0,4541	2,7832
3,6652	11,8928
-7,0171	-0,6248
5,1070	0,5552
4,3205	7,3053
-5,1167	11,6305
-1,5776	2,7832
-8,9832	1,4726
-5,0511	-1,4766
-17,0442	4,4216
-15,2747	4,7491
-14,5539	1,1448
-15,8646	3,8973
-13,8985	-1,9354
-6,8863	-3,9014
-8,5247	-0,2314
-8,6557	5,8633
0,0606	-3,3773
0,4538	-3,5082
-8,3278	-5,9331
0,5851	0,6860
-3,3471	-1,2802
-8,9832	-11,8314
-13,8984	0,3583
-15,0127	-8,7512
-24,6465	-4,0980
-25,8917	-0,7556
-22,3529	9,6646
-15,4715	12,9414
-16,0615	8,4194
-16,7165	-4,0324
-2,7575	-3,1804
-2,7573	-2,5909
5,3036	-14,1251
-4,1335	-5,8021
6,2211	-11,1105
4,3206	6,0600
-3,9369	2,9141
3,7963	0,8828
-3,4127	2,2589
-5,2476	0,5549
-0,0048	-7,5715
-14,5539	-4,1637
-23,3355	-9,3411
-15,4714	-1,0835
-20,9765	-1,3458
-15,2749	-9,7997
-17,5031	9,4023
-7,7383	9,5989
-23,3357	13,8589
-4,5268	8,4850
-15,9303	13,1381
-16,7165	13,9901
-9,7042	25,3278
-10,0974	16,2840
-2,4296	23,8861
-5,9032	13,5968
-6,5584	4,9461
-8,0659	12,0238
-16,1923	-2,7874
-23,0736	-6,0643
-15,4060	-1,4768
-23,8603	-6,9817
-23,2048	14,9729
-20,7800	7,8950
-12,7190	2,3247
-7,6728	18,3809
-11,7359	-3,5736
-10,1629	1,6694
-5,7721	3,5697
3,9929	2,7832
6,4833	-1,1490
3,0101	-2,5908
10,6124	-3,4427
16,3139	10,0577
12,9717	3,5695
20,4428	-2,6561
20,9672	5,2080
27,1276	-0,4936
23,7196	11,4994
16,6418	0,8825
21,8190	-8,0301
18,0178	5,2081
7,5976	1,4724
8,3839	1,5382
-1,2500	6,1256
-8,1968	6,7154
-6,4931	-1,8043
-11,0805	-7,2439
-15,6024	-16,1568
-5,3786	-2,4599
3,6652	-12,2247
5,9592	-6,1296
10,4811	6,3221
3,7965	10,8441
9,4981	4,9459
4,4516	-1,8043
2,2234	-1,0179
-17,1752	-0,6248
-9,4420	-9,6688
-6,2308	-22,7104
-11,9324	-14,1252
-11,6702	-16,9434
-11,2115	-15,6326
-7,5413	-9,2102
-1,4466	-12,4869
0,3231	-1,6733
-0,2013	3,8973
3,7309	2,4558
2,3545	14,2523
2,7479	11,2375
14,0200	1,6038
10,4812	10,8443
20,7705	-3,4428
27,9138	-9,1444
14,4134	-4,3604
15,9864	-27,5601
10,0880	-11,7659
5,1072	-10,0623
9,2360	-20,8099
-2,1017	-14,2562
-0,2666	-2,5253
4,7140	-3,4427
5,4348	4,6181
-1,5775	-3,5737
-5,1164	0,1617
2,0269	-10,7829
5,8935	-24,0212
0,2575	-13,4700
9,2359	-14,4532
3,3376	-16,4848
-0,4634	-10,3899
-0,0047	-10,5210
-3,4126	-4,8192
4,7139	-12,8146
-4,0680	-15,7636
-5,8373	1,7998
0,9784	-13,8633
-4,4610	-17,9919
1,8959	-1,8701
6,4833	-10,1275
0,8473	5,5357
10,3500	-4,8190
4,6483	-6,1952
5,0416	5,2080
6,0902	-13,6009
3,0099	-10,1274
3,5997	-7,7682
9,4324	0,0961
1,2404	1,9310
0,1264	0,6206
11,9229	12,6137
11,5297	16,2182
18,0178	13,9900
14,2169	18,0534
19,5909	29,3910
23,9163	20,6748
26,8654	12,1551
24,2441	5,1426
31,9116	-7,7679
21,5569	-8,2269
25,1613	-5,0158
13,6269	-18,8439
8,9738	-25,6596
-5,0510	-15,2397
-3,7403	-29,9196
-8,7211	-19,9580
-15,7335	-8,9480
-14,6850	-11,3729
-14,8817	-12,8144
-22,7458	3,3729
-14,4884	7,6983
-21,1074	2,2590
-10,8837	6,1258
-1,7742	16,2182
-2,1674	13,0723
3,5345	-4,4259
18,2799	-8,6857
19,4596	-10,7174
19,0010	-10,2588
24,3748	-17,7298
11,6610	-14,1252
24,2439	1,5378
15,9208	-18,1231
9,7605	-18,3195
15,5931	-5,9334
14,8722	-18,7784
15,1342	-14,1253
12,1195	-16,4846
15,7897	-17,0089
13,5614	-12,3559
18,5421	-15,4361
13,2991	-17,1401
9,3671	-11,9626
4,7140	-8,2270
13,4959	2,5865
15,5930	0,0307
20,1806	-2,1974
18,0179	9,2715
13,4960	10,4510
11,1368	7,8296
6,3526	1,4725
13,7580	-6,5885
3,7309	-15,4359
7,7289	-19,4991
16,4449	-14,9118
12,1852	-10,8487
14,3478	-17,0745
8,0563	-12,1590
4,1897	7,5673
-3,8058	12,9411
-3,0849	15,9561
-6,2963	19,0363
-23,9255	12,2206
-16,8476	13,2691
-7,7383	10,0578
-19,1414	2,3246
-14,4227	9,4025
-5,6409	3,3731
-3,8058	5,9292
0,9128	10,0578
3,5997	-8,0957
0,9783	5,7323
0,3230	1,2101
2,9444	-7,1784
4,8448	1,1448
13,8234	3,8971
8,2529	-12,6832
15,7897	0,8827
15,5275	-0,9524
0,6509	-1,3457
8,9738	-1,6078
-8,1968	-3,7048
-2,1018	8,9435
-5,7719	1,8655
-1,3154	-9,0789
2,8789	-11,3072
-0,2013	-12,6179
-0,1357	-14,3220
-2,4296	-13,6666
-1,6432	-17,5332
-10,3595	-2,1321
-6,8863	-3,6395
-22,0906	-6,7194
-28,6443	18,3808
-30,4792	13,0068
-30,2172	7,3054
-29,4963	9,3369
-25,1708	-8,0301
-18,5517	4,8148
-14,6851	1,0136
-8,1969	-13,4043
-7,8691	8,7470
5,6314	5,9288
6,4178	2,1936
15,0688	13,3346
12,0541	9,2058
13,9546	12,3517
8,0563	9,8612
-3,6746	5,0773
-8,7866	21,3955
-12,5879	19,9538
-21,4352	22,5098
-14,3575	28,7357
-23,4669	33,3889
-15,6025	39,1561
-16,0612	48,4624
-10,8183	41,6468
-1,5121	53,2466
-3,2817	50,5596
-2,2983	38,7632