-7,5033	10,0031
4,6865	8,1024
-3,8333	2,4664
4,9486	7,5781
-2,6535	5,2187
13,1405	-5,0047
-3,3090	7,7747
0,0988	7,2502
-0,6876	-14,9662
1,9991	-1,4004
-4,8163	-9,0683
-2,3916	-16,6703
-2,5881	-14,5078
-11,2391	-15,6874
-7,5689	-5,2016
-18,2513	-7,3644
2,9167	-9,7888
-14,7124	17,4739
0,4265	-0,1553
-4,8818	-9,1336
9,3394	-1,2040
-1,4086	-20,3405
6,9145	-15,5563
-3,2436	-13,9182
6,3245	-27,5494
-3,6367	-9,4615
4,3585	-10,6413
-0,8186	-17,1946
-1,1464	-2,4490
2,7204	-6,3812
-6,1926	0,6312
8,2909	-2,3181
-8,9452	-12,0172
2,2615	-5,5292
-7,5689	-3,7600
6,6523	-21,0613
-9,8625	-4,3496
14,3857	-17,2603
-1,9983	-11,8862
4,5552	-8,0197
-3,4401	-25,1901
-4,4888	-10,1168
-4,3576	-16,8017
0,8851	-29,2535
-1,1464	-20,1439
-5,0787	-19,0954
6,2592	-14,4422
-8,0278	-0,7452
4,2932	-7,1675
-6,3893	15,5735
3,2446	8,7577
-9,2072	1,7456
-0,6221	16,6222
-8,6830	6,2018
-4,4233	5,7433
-9,4039	15,9012
-5,7996	3,3183
-7,1101	14,8527
0,5573	16,8186
-1,5397	-5,5289
-5,4064	5,8088
-2,3916	6,0051
-14,5158	-2,2523
-5,6028	3,9735
-13,5984	-13,8523
-9,6662	-4,8738
-16,4164	3,9733
-4,0957	-17,5223
-18,2513	-0,7451
-6,3893	-10,7068
-10,7801	-19,1607
-3,0471	-0,7452
-12,2875	-13,1971
-0,4258	-4,3495
-13,0740	7,9712
-5,8652	-2,2522
-1,0154	19,8989
-4,4889	13,8040
5,1452	11,9037
6,3902	26,5182
17,4660	11,7069
-2,0638	2,0735
11,3057	15,7046
-2,1948	-5,3980
9,2085	-0,2862
-0,2942	-1,3350
16,9417	-5,9878
12,2887	6,7261
19,3666	4,3667
19,5633	-0,2205
20,2841	17,2774
29,5248	-5,1358
14,9101	1,8111
24,5442	0,6965
14,5824	-18,7675
18,7113	-9,7237
2,1306	-13,9181
13,0751	-20,9301
1,5408	5,0875
16,0898	-0,2208
15,4344	8,6268
21,2016	10,4618
14,5826	8,4304
19,2355	25,3386
12,5508	17,3431
8,3564	10,0689
3,5723	24,2899
-4,6198	13,6076
7,7666	16,8845
-3,8334	10,6583
4,0311	0,6971
-5,3407	14,6562
1,6063	16,2289
-15,8265	13,6078
-10,1905	28,7465
-35,2253	27,3703
-28,9995	32,4823
-39,5509	37,0042
-43,0900	24,1591
-45,7769	31,7614
-39,0924	26,9115
-47,0877	10,8552
-39,2237	17,0155
-50,4957	10,5927
-50,2337	-1,5313
-61,6368	7,0538
-57,6393	-13,6558
-52,9207	-13,1969
-65,1760	-17,6537
-54,2969	-36,9867
-61,5059	-26,5667
-54,5591	-32,2029
-61,6369	-49,3733
-43,8767	-34,7589
-52,0030	-55,0752
-36,9953	-55,3372
-35,1601	-50,7499
-22,0529	-58,4831
-15,4335	-55,2063
0,6884	-60,2527
4,7519	-58,0243
4,6210	-44,5896
24,7407	-51,6674
14,7135	-43,8028
27,4277	-31,8098
11,1748	-34,4310
32,9983	-27,9429
22,6436	-24,7973
38,9622	-27,9429
33,4573	-10,8379
53,5113	-10,8379
48,3996	-3,3009
58,2956	25,2728
64,2595	14,2630
60,4583	32,3512
72,2551	35,4968
64,1283	24,6836
64,1942	41,9195
58,0335	32,1544
57,6404	23,0452
39,9456	44,9339
50,6933	28,4845
32,9330	38,6427
38,2413	42,9024
21,0710	32,2202
34,5057	42,7715
19,7600	31,6957
22,1848	23,1761
11,2402	26,7148
11,6332	7,7092
-1,0808	2,1388
-10,4527	-5,2016
-14,8436	-26,8285
-27,3612	-28,4671
-32,9974	-38,8222
-56,5251	-62,8083
-64,2584	-66,2819
-81,2980	-81,8143
-86,0824	-91,0550
-105,7433	-104,1624
-103,3187	-119,4981
-125,7320	-133,7851
-126,7152	-148,4655
-147,5558	-174,8766
-141,2646	-185,6903
-155,2894	-208,9562
-166,9551	-236,9401
-164,0714	-248,0162
-163,0886	-283,7991
-166,4962	-294,4162
-159,2217	-317,1576
-145,5245	-341,1439
-143,3618	-335,1148
-125,8634	-351,9580
-128,9435	-371,6842
-108,7582	-361,7884
-110,5275	-372,7986
-82,6091	-371,4223
-89,4246	-359,8224
-59,8022	-364,0165
-58,4258	-340,2924
-35,8812	-336,2947
-20,7421	-332,8863
-5,5377	-300,5114
11,2400	-294,2199
20,2840	-281,5710
34,1781	-255,0943
34,3091	-248,4093
42,1081	-214,1991
35,0302	-195,7179
41,1251	-185,1661
30,8359	-147,5481
50,0378	-139,4215
30,1805	-120,0223
37,7826	-86,8610
22,7093	-87,6472
27,3622	-72,2459
20,2188	-63,5297
14,1237	-63,0706
12,0922	-34,3003
8,2253	-37,6425
6,7181	-24,9280
-0,6877	9,1507
-8,1586	16,6876
-16,3507	28,6810
-5,0131	38,3804
-19,0378	37,9218
-14,5159	52,6020
-27,0988	53,5848
-17,6617	37,0046
-31,4899	58,3693
-25,6573	51,2257
-34,2425	58,7627
-33,7185	72,9838
-45,1872	54,6995
-47,6123	72,7219
-57,9668	65,5127
-52,3310	45,6556
-55,7388	67,1512
-69,8945	53,5194
-52,9862	40,2813
-66,2901	42,4438
-53,3793	28,6812
-63,3409	27,5015
-52,9861	11,0517
-53,4449	-1,9243
-45,7118	6,4640
-56,0663	-15,0322
-42,8281	-32,2025
-44,9906	-26,6323
-40,0755	-46,4897
-29,3928	-44,9825
-25,0020	-52,5849
-13,2052	-73,8185
-12,4844	-61,4978
-10,5180	-64,7750
-4,4232	-82,5350
6,5215	-68,5759
2,3273	-80,4381
18,8425	-82,7972
18,1216	-75,2608
33,9158	-87,6469
16,2868	-71,9182
34,7023	-71,0664
32,0154	-71,7870
24,2820	-44,7207
25,3307	-49,3736
25,9857	-35,1519
23,7577	-22,0447
19,2355	-15,1631
20,4153	-1,4660
16,4830	5,0222
17,5972	0,1727
1,8029	23,2416
12,9441	28,0255
-2,3259	23,7005
14,0581	39,4945
-3,9643	27,3049
9,6672	34,8416
-4,0299	39,4290
0,4265	22,8485
-13,7294	39,8879
-9,5352	34,7103
-14,5814	22,1276
-10,5184	35,0381
-15,5644	25,1421
-18,3171	27,8947
-18,1860	28,0911
-25,1330	11,4451
-22,7081	23,7658
-32,2763	14,7872
-14,8437	3,8428
-26,3125	8,1024
-17,0063	-2,7766
-18,6447	-5,0703
-4,9478	-1,9248
-16,0232	-12,8037
-4,4889	-9,7235
-9,7317	-6,3158
-3,7681	-17,1291
-11,3702	-8,3473
-11,0425	-12,8039
-8,6831	-12,0173
-13,0741	-8,2819
1,6717	-14,3112
-3,7679	-7,6920
6,4559	-8,5441
-1,4085	-13,5245
3,4413	5,6119
0,6888	2,8593
16,0242	-4,2838
-3,7677	6,0052
10,7157	-7,4952
-1,2773	-5,4636
4,3586	-1,0075
3,5068	-22,9618
1,0817	-5,3982
-0,6876	-3,9566
-1,9329	-12,0827
4,2931	5,2187
-4,8820	-3,3665
8,1598	-7,4296
-8,6175	2,6628
-1,9983	-13,2625
-12,5496	-0,8761
0,6885	-5,5950
-15,3678	-11,5586
-6,1928	-3,6287
-6,9136	0,4345
-1,4086	-1,0727
2,6548	13,2141
3,4411	1,4178
5,7350	16,6221
-1,9330	12,0345
-3,9644	-7,3639
-12,6153	6,9228
1,9338	-4,0875
-3,4403	-9,7233
1,4751	8,8231
-6,6513	-0,3519
11,1089	9,4132
-2,8502	14,7215
11,5676	7,3162
-0,5565	24,6832
6,3247	23,8966
-10,6489	8,1027
-2,5226	22,7172
0,0333	14,0007
-5,7997	10,9206
-3,3091	6,9882
-5,7996	-6,3154
-1,3429	3,3838
-9,4040	0,6966
1,0819	-5,3980
-7,9622	15,2457
-1,6051	0,0414
-6,9135	8,2991
-2,9814	16,4255
-6,7825	11,8381
3,1789	17,9985
-6,7169	17,0153
-1,8673	4,5637
-11,5010	12,0346
-12,6809	-3,5632
-20,0864	-7,8885
-27,0990	-9,9204
-23,6256	-24,5349
-36,2742	-13,5902
-30,6380	-2,9080
-37,5193	-14,6388
-28,4752	-1,5313
-29,9169	7,9057
-8,0279	0,4347
-24,8705	12,9520
-1,2120	2,5974
-12,3531	13,6075
0,7540	12,4277
-6,0617	-2,5797
-2,9160	14,7217
-10,1248	11,4446
-0,8843	-6,3810
-3,5713	6,0052
-7,7001	-2,3835
-6,7169	2,0733
-7,0448	17,8018
-1,3431	9,0201
-12,1565	25,5352
1,2786	21,7995
-6,3237	8,2992
5,0140	15,9668
-16,4817	3,0560
4,2930	-6,4465
-16,0231	3,8423
1,2128	-21,8478
-12,5497	-6,7089
-7,1103	-8,4131
-5,8650	-20,3404
-10,1249	-7,5609
-4,1610	-4,6774
-3,9646	-5,9224
-1,9983	4,4322
-10,3871	-1,6625
-2,4570	6,9228
-10,3869	6,0706
7,1112	-5,4634
-10,7146	6,9883
7,7665	5,2187
-8,6829	-4,6770
9,4050	9,7409
-1,3429	7,9714
4,3586	12,5590
-1,2773	11,3793
1,2782	-2,6454
-10,0594	2,5975
-11,8945	-0,4830
-0,1635	-17,9154
-7,8312	-10,9033
6,1938	-18,2434
2,0650	-24,2072
16,0899	-21,5858
5,1453	-28,6637
10,7159	-22,5688
1,5409	-22,7001
18,9733	-33,5788
4,8832	-14,6390
13,4682	-15,8842
9,0120	-10,1167
15,4343	9,4130
10,1260	11,3793
13,5338	24,4211
17,0073	27,8289
9,4050	13,2802
16,7452	27,5015
7,5045	23,8967
6,5871	8,8891
-7,5688	20,4888
2,1960	7,7093
-18,0546	15,9669
-4,2267	15,9013
-17,9236	9,1512
1,9991	19,7025
-10,7147	19,4402
-2,4573	7,9716
-6,3893	24,2900
-2,2606	17,5397
-1,3431	14,9839
-12,8119	15,5736
-2,9158	2,6631
-8,0934	12,6245
3,2444	13,4107
-20,8729	-12,2792
-11,0424	11,3793
-29,4581	1,6142
-18,5791	1,6799
-33,2593	5,6119
-16,6131	-6,9054
-22,0527	-1,2693
-14,2539	-3,3666
-15,0402	-11,5584
0,9505	3,1216
-1,3430	-8,9372
1,7371	-15,4906
9,5361	-13,1316
5,7348	-27,7463
10,7814	-36,7902
4,9486	-25,7148
15,6311	-40,9191
1,8684	-25,1904
9,2084	-17,7849
-7,7654	-15,7530
1,9994	-5,1362
-11,5665	-5,9225
-2,7193	2,0730
-4,9474	5,2187
-1,6052	-2,8421
0,4266	9,2820
1,2782	-2,3835
-9,3383	-8,1504
-6,1273	17,3430
-6,8481	15,8356
-16,9408	23,3725
-3,6367	36,3486
-10,5836	23,3726
12,2232	35,2347
7,4389	31,6955
21,3982	10,6588
8,9465	27,8945
17,1385	16,4255
4,6867	5,1535
14,9100	19,4403
-7,9620	4,3670
-11,6321	13,6733
-11,0424	19,7679
-21,7251	6,0057
-17,7272	24,2246
-25,7228	17,6052
-16,1543	8,7581
-16,7444	12,4936
-15,3024	8,4958
-30,1136	13,4110
-14,2538	16,3599
-28,3443	4,1049
-20,2833	19,0471
-28,6062	19,3746
-10,1251	10,5931
-14,8435	26,3215
-5,1442	7,6437
-6,6514	8,0370
-3,1127	9,6752
-10,7801	-11,4929
-10,1906	3,1217
-10,7802	4,2356
-10,6493	-5,0047
2,1959	21,5373
-14,1227	13,1486
2,1305	3,9083
-4,1612	21,5375
-6,8480	13,8041
-15,7608	19,8990
1,2129	13,9351
-9,4694	3,9084
7,5043	15,7046
-0,3599	8,6266
4,1621	-4,2183
6,4559	1,8110
5,4072	-0,2208
9,9293	2,7284
5,1451	1,8763
6,7837	-10,5098
0,4265	7,8402
5,0142	-0,5486
4,2931	-13,9832
0,0989	-3,0388
-3,5710	-10,7722
16,6140	-6,9056
0,0335	-9,5926
8,2255	-21,7821
3,3103	-6,2501
7,1767	-3,3668
-6,3891	-12,0172
-4,4233	4,6289
-9,1418	-1,0727
-13,4019	11,6415
-3,7679	10,8548
-13,1397	5,2190
-3,6367	14,3939
-9,4695	14,5904
0,2955	0,7626
-5,2752	22,2584
11,8298	8,5613
0,0333	11,2484
4,2277	18,1950
0,0335	-1,0725
14,4512	8,6269
7,7012	9,8719
21,2014	4,4326
15,6966	20,0956
15,3033	7,9713
17,7282	3,9083
10,8467	11,7724
12,9441	0,3035
1,2785	2,4664
9,6018	1,0899
-2,0639	-7,4296
2,9169	5,6120
-8,4864	5,4152
2,5892	-9,0681
-6,2580	-0,2207
13,9269	-6,5778
-1,6050	-0,5485
12,0919	-3,5633
-2,3916	-19,5539
-3,3748	-4,4806
-9,6662	2,0073
-18,7103	-11,5584
-17,1373	9,8719
-14,9747	7,9712
-3,3747	3,7771
-5,3409	13,9352
5,5384	0,3037
-2,3915	12,4279
11,9609	11,5757
-4,1608	-1,2691
16,2864	22,5860
6,3249	12,7555
17,2693	9,0856
1,9340	5,8742
11,5676	-7,1675
-1,1462	-0,4174
9,2740	-6,4469
12,0266	-17,2602
14,3858	-0,5486
9,9950	-9,5272
11,0434	-9,0025
9,0773	6,3983
-4,1610	-4,8738
-1,2119	8,3647
-17,4649	14,2626
-0,8188	-9,2645
-11,6322	11,6415
0,4264	9,7405
-13,2050	-7,9538
-8,1588	6,2019
-15,1712	3,5149
-8,2245	8,1681
-7,1103	11,7724
-9,6664	-2,7763
-10,5836	18,1951
-13,2709	16,6875
-14,1227	-0,1549
-20,8730	26,2560
-9,2729	12,2312
-17,8581	8,5613
1,2785	16,9498
-4,8163	2,5319
5,6040	9,4788
-3,4400	6,6605
4,5554	-12,2137
-1,7361	11,1826
2,1304	-5,8571
-1,4084	-20,9957
9,2083	-2,7113
7,5046	-18,8988
13,0750	-15,6218
14,4514	-9,1994
5,8006	-12,8037
6,7837	0,5656
7,4389	2,7284
12,6819	1,6800
2,9171	10,7238
15,9588	-3,1043
7,2425	-7,9540
13,8616	-6,7090
4,8177	-14,3767
9,4706	-11,2310
-0,6874	-7,2988
2,9824	-15,4907
0,4921	1,4831
-1,6053	-5,1361
-2,8504	-2,0557
-4,8165	6,8572
6,1281	2,5975
5,6038	18,4573
22,1191	21,4063
8,8152	12,2315
18,7114	23,3069
11,3056	14,0007
16,8105	0,4348
-8,4209	8,1024
0,6886	0,1069
-7,5034	7,1193
0,0987	10,6582
-3,2435	-1,0726
-7,4379	18,5883
-0,0977	10,7238
-2,1295	-1,0069
-3,0469	13,4108
-5,9306	-0,1553
9,2083	-3,5630
-2,1295	5,1530
5,8661	-14,1800
4,0966	-1,2038
10,7813	0,4999
6,3904	-7,7573
15,4343	13,9351
1,4098	3,7114
19,0389	12,0347
7,9634	16,1633
21,6603	5,7432
14,7136	14,8528
10,5191	12,7554
13,0097	-5,4633
8,1597	14,4595
3,4414	4,4979
0,6886	3,1873
5,0797	7,1849
-3,2435	-3,8251
3,7691	4,8912
-0,8840	9,1508
17,9904	-4,0872
6,1939	9,0200
11,3713	4,4979
7,9635	-3,4973
16,8762	14,1972
9,7984	-5,9879
12,0920	3,2528
9,6672	4,1046
5,4728	-5,3325
1,0165	6,9884
4,0965	4,4322
-1,3430	-5,8567
-11,5010	9,6752
5,8005	-3,1698
-13,9914	1,6799
5,2107	-3,4320
-8,4208	-10,9686
5,8006	-3,4976
-1,8672	-12,6728
3,2447	-25,6489
-5,6028	-15,0321
1,8682	-21,7826
-9,1418	-23,4207
-3,9646	-9,3961
0,1643	-19,9473
-11,1736	-7,9541
-4,0955	-3,1045
-15,8922	-13,0003
-7,0447	2,5972
-17,0718	-4,6774
-7,7001	-13,9178
-17,9237	-4,0875
-5,0131	-11,2964
-10,3215	-6,1847
-1,0809	-6,8402
-11,8288	-21,2579
-0,0979	0,4346
-7,6345	9,8060
-3,3092	-3,6285
-4,7509	14,3939
-2,0641	6,9227
-7,2412	6,0708
-4,2923	-8,5439
-5,5373	-15,4906
-8,4210	-5,4639
-6,9791	-20,9305
-15,6956	-33,3821
-6,1927	-10,5103
-10,0594	-24,9938
1,0818	-16,9327
-6,5858	-14,5736
4,6863	-26,3697
0,8199	-9,6581
11,5676	-1,5318
3,3103	-16,0150
21,2015	-3,1043
18,1215	-4,4151
10,9780	-7,7573
20,9397	1,2865
11,9610	-11,7552
17,9249	-8,1507
3,1792	-12,2797
8,8809	-31,7437
-8,4208	-6,5125
0,4920	-19,8821
-11,5011	-25,5177
7,1111	-3,3667
-2,7847	-16,1462
12,6163	-4,3496
-1,2772	-9,9203
5,0141	-19,8816
4,6208	-10,9688
-0,4257	-13,0660
-0,4254	-19,8816
3,1790	-7,1022
16,8107	-13,9835
8,5531	-9,2648
14,9758	-12,0830
0,6888	-19,6850
4,5554	-15,6220
-8,9452	-18,5057
-7,8311	-24,6659
-19,4965	-6,5125
-7,1103	-11,5588
-18,2515	-11,6241
-16,2199	1,3519
-13,1395	-10,9686
-10,8460	6,4639
-12,5497	4,3666
-5,4064	-12,6725
-7,5690	7,9713
-13,0740	2,0729
0,7541	-4,9393
-16,0889	2,8595
-11,5668	3,9081
-27,8853	9,4787
-8,4866	12,7554
-19,0379	0,5658
-1,2775	14,6561
-4,3577	6,3985
6,9801	-0,0894
4,9486	15,3114
15,2376	0,5659
10,7158	13,1490
5,6694	16,2945
9,1428	0,5004
-2,7193	10,8551
-1,5395	9,7407
-6,1927	-5,2669
-1,1463	9,5442
-15,8265	-2,9732
-8,7485	2,9251
-17,7272	10,2650
-16,3509	-0,3517
-20,2831	7,0539
-12,2223	3,8426
-17,4650	-0,8759
-12,2222	16,0323
-15,5644	9,5440
-10,3217	-0,6793
-12,0910	4,7600
-8,8144	-2,5800
0,0332	-0,3516
-10,5182	5,2842
-2,9813	-13,7866
-2,6538	0,7623
-2,0638	-10,3791
-9,3383	-23,8792
3,0480	-7,0367
-10,1247	-12,6074
5,8004	-13,3280
-6,2581	-3,9564
11,2399	-4,7426
-5,0128	6,9883
13,1406	6,2673
6,3248	-6,9708
11,6988	3,3182
9,0774	-11,6241
9,4704	-5,9879
14,1237	-11,8863
2,4582	-18,8985
13,6650	-5,0705
4,2277	-9,3306
6,8492	-17,8500
-14,9089	-4,8085
-6,7825	-14,4423
-27,6886	-9,7236
-14,8437	0,1067
-30,4413	-15,5563
-17,1375	-4,3495
-16,9408	2,3348
-8,7490	-16,3427
-22,3147	-5,3326
-9,6007	-8,5440
-8,2244	-10,3789
-14,7126	-4,3497
-6,3894	-17,7190
-17,0063	-1,9248
-3,0470	4,2354
-14,6470	-12,3449
-8,4209	14,0006
-18,1859	3,6458
-13,1397	-6,1843
-29,5236	16,0979
-9,9940	6,9228
-20,6109	10,3308
-13,2708	14,5905
-7,3069	0,3694
-1,4087	16,9499
0,4920	8,6921
4,8174	-7,1018
9,2740	1,8764
5,0141	-8,6749
7,5702	-9,3302
0,6233	0,2379
8,0944	-14,5076
-3,2434	2,8595
0,4921	-2,0559
-11,6975	-12,5415
3,2444	-1,0073
-13,8604	-15,2943
-1,2775	-19,1607
-4,5542	-4,6119
8,5529	-9,5926
6,9803	-3,8253
11,5022	-2,9078
14,0582	-9,5269
5,0796	2,7938
1,2131	-9,7236
-12,4186	-20,6025
-3,0469	-12,1484
-21,2661	-17,6536
-16,8750	-8,1507
-18,5135	-4,3499
-8,7488	-16,8669
-23,8874	1,4176
-10,3216	-0,3520
-16,1542	-5,0047
-8,6832	6,4640
-5,6683	-0,5485
4,0964	-7,7573
1,0164	-1,5316
6,1281	-13,6557
7,1113	-11,0998
-4,8820	-6,9712
-3,4400	-18,5054
-10,7147	3,6458
-2,1295	-6,7747
-26,3122	-9,7235
-3,5712	-12,5416
-10,3216	-13,3281
-2,5227	-3,9566
-8,9451	-11,9521
1,1473	-23,8138
-6,3892	-9,5926
5,6037	-12,8041
2,8513	-28,0738
0,1641	-16,9982
-1,6706	-21,4547
2,7857	-15,4909
3,2446	-10,5756
3,5067	-10,7067
15,1723	-1,2693
3,1136	7,2502
11,3057	-7,2330
-3,3089	14,3940
2,9824	6,7917
-18,5790	9,0200
-5,9306	7,1194
-11,5669	-3,8906
-7,9623	9,6097
-8,2900	-3,5633
0,2297	-18,3087
0,2299	-3,8253
1,9992	-3,4321
6,9146	2,6628
2,1960	11,3136
15,8277	-2,6454
10,5847	17,6709
17,9906	12,0344
18,3837	-4,0871
27,0345	10,3962
16,3521	-2,0558
23,5611	-11,0996
14,1238	4,1046
19,6942	-1,4660
3,1791	5,0222
6,3903	3,9079
3,9000	-8,6748
1,8027	6,6606
-1,6050	-2,5146
-5,6684	-11,1653
-2,1949	-4,9395
-18,0548	-10,5756
-0,0978	-7,4954
-17,6617	-10,0513
-11,1734	-11,0342
-23,6253	1,2865
-8,6176	-8,0852
-16,2853	-9,6579
-4,3578	-2,3181
-12,0909	-17,3258
4,6862	-9,8545
-4,8164	-0,4176
1,2129	-9,9201
0,0989	8,4956
-0,3600	10,7893
5,3418	-2,9075
2,3271	14,1974
13,5339	6,7262
12,2887	15,0494
18,1216	13,6074
16,3521	6,9229
30,6390	10,2653
14,7137	11,2482
26,3791	-2,1866
12,6165	10,4617
20,2842	-2,3180
13,9272	-19,6194
20,0874	-4,0219
11,3712	-7,4300
14,7134	-5,3326
15,3689	-0,4831
9,7981	-12,7381
9,2741	5,2187
2,0650	-13,8524
4,1621	-25,3209
-10,3870	-0,8763
-3,7679	-15,7530
-26,9677	-9,7891
-4,8165	-9,3960
-17,6617	-17,7844
-3,4403	-1,5315
-12,0255	-4,4153
-0,5567	-16,2771
-4,4232	-4,0874
6,0625	-7,2332
3,7688	-3,5630
0,4264	2,7938
1,8685	-7,6918
4,7518	8,4301
13,7959	4,1045
1,6717	-9,0024
8,5532	0,8278
-1,1464	-4,1530
5,1452	-5,4636
-8,8141	1,0244
-1,2120	-8,0195
-22,1835	2,9250
-9,9283	0,6967
-13,4017	-12,7380
-8,2245	2,0731
-18,4480	-1,4006
-9,2077	-12,8036
-15,0402	-9,6581
-15,4992	-18,5710
-13,7950	-9,3960
-13,5985	-5,5294
0,1642	-12,3450
-9,2074	-14,3110
5,2763	-10,2479
4,0965	-18,1121
3,3758	-8,9373
-2,5223	-21,5858
14,1892	-13,1971
6,1938	-8,2165
17,0727	-15,8840
13,0751	2,0074
17,0072	3,3835
14,2549	-8,2816
19,1043	6,0052
12,4854	-8,0852
10,5847	-6,1845
13,2717	-3,1700
5,7350	-22,4374
12,8130	-7,9541
-2,9157	-3,4979
11,3712	-25,6489
-1,2773	-9,6581
9,6017	-9,1995
3,0480	-21,7167
5,9316	-15,6218
-7,2411	-10,3135
8,9461	-8,5440
1,8027	-5,4639
-2,2606	-17,3913
-3,1124	-2,8423
-2,0641	-11,2967
-9,2728	-20,5370
-8,6176	-13,8523
-2,3916	-10,1169
-16,3509	-6,9055
-6,3237	2,2040
-20,8728	-6,3155
-4,2922	10,0685
-6,8481	3,1215
3,1134	-3,6940
-7,9619	6,3329
14,9756	2,4661
8,6844	3,2527
18,9733	1,5487
6,5216	-6,6432
4,6209	6,6605
0,6886	4,3010
-16,2854	-14,5731
-14,3192	5,5464
-19,1691	-5,7259
-10,8457	-7,8884
-12,2221	2,5972
0,6887	-9,0682
-9,3384	4,3013
3,7033	3,3181
-7,1101	-1,3347
-0,6877	16,7531
-9,1417	5,4153
1,8681	5,1534
-11,3701	17,2774
-4,7511	4,4979
-6,7825	12,7557
-4,7511	13,3453
-2,7847	8,4303
-0,2946	23,0447
-8,2243	13,3453
-19,8897	5,0224
-8,6831	18,2606
-18,3825	6,7918
-12,4188	14,5906
-29,6548	15,3113
-22,3148	1,4835
-31,0311	12,4279
-23,8222	12,6899
-20,8731	0,4348
-20,0212	13,8041
-11,7635	1,2212
-20,2833	2,0732
-17,6615	9,7407
-12,4845	-4,7426
-13,7951	9,4787
-23,7566	14,4592
-13,0741	-5,8567
-18,8414	7,3816
-11,0424	-1,3350
-17,9893	-22,1097
-4,2267	-13,4592
-15,7610	-22,2411
-3,4402	-17,5880
-15,5643	-8,5442
-3,7679	-22,7652
-11,3046	1,1555
-13,9262	0,6311
-15,2367	-5,2668
-9,4043	13,1487
-10,7148	4,7601
-3,9647	11,3139
-4,8820	12,8210
-8,3554	2,7286
7,5044	16,4912
-4,6853	22,1925
5,5385	4,6292
2,5237	20,2922
11,6988	7,5126
-4,9473	10,5929
11,1089	13,5418
-0,8842	-0,0239
9,0116	13,7386
4,0966	5,6776
3,3755	-2,1210
2,7204	9,6754
4,6862	8,3645
-2,7847	-0,4172
-8,2243	14,8526
-2,3260	-6,6431
-11,3701	9,8720
-6,8480	13,9350
-17,6615	-9,0680
-9,9938	6,4641
-18,1857	2,2039
-4,2268	-16,4081
-22,5112	-9,2648
-7,7657	-23,8795
-11,9599	-24,4692
-2,5884	-18,8334
-8,4209	-31,0885
-3,0472	-17,1293
-8,1589	-17,6536
-16,6131	-17,5222
-9,0763	5,0220
-12,0256	-5,7258
-1,9328	-2,7764
-2,1295	-2,7111
3,2446	-13,8521
2,4582	-2,4489
1,1475	-7,2989
-0,4253	-19,3573
8,0287	-8,8716
-8,6174	-10,6412
-4,1611	-15,9494
-2,8504	-7,6921
-4,4891	-17,0636
-12,1565	-9,3304
-9,0109	-9,4616
-4,8164	-18,9642
-7,9622	-4,9395
-2,5225	-14,1804
-5,2096	-25,6489
1,9339	-16,4085
-12,0908	-27,0254
1,5405	-28,7947
-18,1858	-22,1758
-11,1735	-30,4986
-22,3802	-12,2796
-8,9454	-10,7725
-13,0741	-21,1924
-9,7974	-7,8887
-8,6175	-21,1925
-5,4721	-2,7113
-14,7779	-5,7261
-11,4358	-16,8013
-7,8967	7,9712
-10,9770	4,8253
-4,6199	-12,3448
-17,0062	11,9691
-9,4696	3,0560
-23,4943	3,5805
-13,0086	9,0854
-21,3972	-10,8375
-7,8969	4,8257
-21,0694	8,1021
-5,9306	-15,3595
2,7858	-1,2038
5,6693	-13,7868
8,6187	-7,4297
15,3687	-4,5463
8,3565	-6,9711
7,1112	-6,5779
4,7520	-6,3813
-6,0616	-13,5902
2,3270	-6,8400
-17,3339	-14,3112
-7,3723	-18,8985
-14,0571	-5,0051
-5,9305	-16,4740
-13,3362	-6,2501
-7,4380	-1,9905
-10,7803	-14,1144
-8,0934	2,8595
-6,9137	1,4176
-5,7997	-5,8566
-9,0762	12,2968
-6,4550	9,1509
-9,0762	9,6099
-11,8945	13,2143
-8,4209	11,0517
-16,3509	21,4720
-1,9328	20,9474
-16,6130	2,1388
-4,4887	16,9500
-13,5327	9,4131
-7,1102	5,7433
-10,5180	12,0346
-1,2776	-4,3493
-6,3237	18,5227
-5,7996	13,0174
-6,5203	-3,1696
-7,7002	15,3769
-3,5713	6,3984
-13,3363	-2,7765
-6,9791	8,4956
-10,7148	-1,3349
-4,3577	-2,0556
-8,5521	5,8741
-4,4232	-6,9053
-12,6152	7,7092
0,8197	4,1702
-8,1587	2,4008
2,6546	9,7407
-7,1101	0,4346
3,1789	-1,7280
0,7542	1,5487
5,3416	-10,8376
-0,8186	1,8109
-0,2945	-5,2016
-5,0130	-12,0826
-11,8290	9,3475
-8,9452	-5,5292
-17,8583	-2,5799
-8,8141	-4,2185
-12,0255	-17,1945
1,4749	-6,3156
-14,4503	-10,7069
-10,1248	-23,6828
-11,0423	-14,3768
1,6059	-13,9837
-3,5057	-14,9009
2,6546	6,1360
3,1792	-1,2694
10,8466	15,3114
10,1916	16,8841
9,4705	-1,1380
9,0775	17,9984
-0,8186	4,5633
6,1938	-9,7233
-1,4085	3,4493
7,3077	-6,3156
-9,4695	-1,0727
-5,0130	3,7769
-17,3339	-6,1188
-11,5668	10,9860
-21,5282	6,2018
-9,9939	1,2212
-19,3655	19,4401
-9,8629	1,2212
-10,4526	7,9059
-6,0618	6,7261
-6,8480	-12,5414
-7,3070	-1,7935
-6,5859	-1,1385
-10,9114	-19,2261
-4,0300	6,6605
-6,3238	3,3836
1,0819	4,3669
-7,6344	13,6729
8,5531	0,6313
2,8515	5,9398
12,6818	7,1848
9,6018	-15,2284
12,2886	4,4979
12,6164	-7,2989
5,7350	-14,3766
6,1284	-8,9371
12,9439	-14,2457
11,5023	-11,6896
4,8175	-2,7114
9,9950	-14,5077
-3,6367	2,9250
4,2932	7,1192
-18,8411	3,2527
-6,1928	12,6899
-22,1181	-3,4975
-10,9770	3,8426
-23,1667	2,5317
-10,0596	-13,9177
-29,2615	7,6436
-17,3996	0,1067
-16,8098	-12,6070
-16,6132	4,2356
-10,3215	-6,3813
-9,6663	-2,6456
-1,4086	1,1554
-20,6108	-1,5970
-2,1950	7,4470
-9,6663	4,6944
-6,7170	3,6461
-10,6490	14,5249
5,1451	2,0075
-1,7361	2,1387
5,0141	3,2526
1,9995	-8,8716
7,7010	-7,0366
1,8029	-11,4932
4,3586	-16,6048
-0,8841	-1,4661
-0,0323	-2,3181
0,4266	-3,8907
-11,1078	10,7894
5,9317	5,4810
3,9655	6,5952
13,0097	5,6119
6,6526	-17,3256
19,3010	-4,1528
1,4753	-2,3181
10,9123	-11,3618
-12,5495	2,3352
1,8027	-2,7767
-6,8481	-3,8906
-4,4891	0,5002
-14,6469	0,1070
-15,3680	7,7748
-15,5645	1,0900
-16,5477	-6,1842
-14,2538	10,7895
-15,7612	4,4324
-4,2267	15,7702
-13,2706	15,7702
-3,0469	10,5930
-4,7508	24,1591
2,7202	27,3700
-6,5858	8,0372
5,1450	25,2076
-3,7024	19,1125
-4,0302	13,8699
-3,9645	22,1272
-4,2923	9,5443
-0,2288	19,5714
-4,0957	12,6899
-5,8649	1,0247
-5,0788	15,7046
-2,9815	0,1068
-17,5304	-7,0363
5,9316	10,7238
-13,1395	-8,2818
1,8028	1,1557
-14,7780	6,7259
-9,3384	-14,3109
-16,0231	1,8766
-2,1952	5,6118
-11,1079	-9,0679
-6,5205	16,0979
-10,7146	8,8233
-0,2290	14,1975
3,8344	25,4695
-0,3600	8,6924
9,2740	21,3409
-6,3237	15,8356
2,7203	9,2167
-12,0254	15,8358
-6,1271	7,2505
-9,5350	7,9715
-0,5566	14,1973
-6,2581	4,3014
8,0942	10,7895
2,1306	7,1192
11,1090	-8,4125
13,9927	9,4786
9,6017	1,0243
18,2525	-6,5121
4,7520	1,0899
10,6504	-4,6117
6,7835	-0,6140
11,8299	-1,7283
-0,8841	-16,7359
5,9973	-8,0851
-1,9981	-11,9520
5,9317	-28,2704
-2,0637	-17,6536
1,8027	-27,8118
-11,8287	-21,4548
-2,8504	-20,4063
-11,5012	-20,9303
0,8195	-3,6287
2,3270	4,6944
3,1134	2,7285
15,6966	12,6901
12,0921	12,4933
20,5464	9,6099
13,5339	13,2797
18,5147	5,4155
-4,0951	10,5929
19,1045	4,8911
-1,4084	-5,9878
2,5893	0,3691
-12,5495	-2,5803
-3,4402	-17,5223
-18,7101	-6,1846
0,9505	-12,7383
-11,8289	-0,6140
-13,9261	5,8084
-6,9137	-7,4952
-16,8098	11,6414
-10,9769	6,5294
-15,8268	-2,5142
-15,4988	14,5249
-9,9283	4,9566
3,5722	2,2697
-4,5541	2,9249
16,3520	-7,6262
9,0120	-4,8082
27,6243	-10,0513
12,6820	-26,2386
16,7453	-11,4275
11,0435	-16,2773
1,0818	-16,5392
-12,0252	-4,6117
-9,2075	-4,7427
-16,3508	6,6606
-8,4868	8,5610
-11,1080	-6,3155
-14,3194	0,6968
-0,1635	-2,7112
-13,4673	-4,6117
-0,4255	-1,8593
-6,9791	-19,9472
8,2908	-9,1992
-11,5666	-4,6120
-6,5859	-19,6850
-3,2435	2,5973
-3,7681	1,6141
-4,9475	-2,8420
6,9799	11,3138
2,6548	12,3623
9,3395	11,7070
17,5317	10,7239
13,4683	-6,0533
11,3058	10,5929
3,3757	7,7090
5,1452	-2,3831
-2,7847	19,7024
2,7858	21,8650
-3,7677	16,2292
4,0965	26,5838
-3,4399	8,6925
5,9971	23,0449
6,4559	14,3284
0,9507	-0,1549
-0,0977	15,1804
-1,0810	11,2480
-1,8018	5,2189
-5,9306	15,7702
7,3734	7,3161
4,6863	16,1635
10,6502	21,8650
-2,7192	0,6970
3,1136	10,5274
-4,2920	5,1531
1,4094	-2,5144
-16,2852	1,9418
-3,2437	-11,3619
-22,7079	-5,2014
-13,1397	1,3520
-16,6786	-8,8059
-11,7635	5,6120
-17,5960	12,0343
-5,3411	-8,6747
-18,1859	7,5125
-12,4190	-10,1168
-15,4990	-9,1337
-18,4481	-10,9689
-1,4742	-21,0613
-7,7001	-7,8888
8,1598	-20,4717
-4,8164	-27,2218
7,5044	-14,0492
-1,8672	-18,5712
10,3223	-17,5226
-7,7655	-16,8018
0,2953	-28,2049
-7,3723	-19,2920
-4,1612	-19,9475
0,0989	-34,7584
0,1642	-9,0684
2,5237	-17,6537
-3,9644	-16,6049
3,1791	-9,4615
-8,5520	-16,9326
2,5237	-11,8208
-12,0909	-12,2797
0,2955	-21,6512
-4,2920	-6,0536
9,0773	-6,9057
3,9000	-15,8183
8,0288	-2,1215
4,3587	-12,9349
9,7325	-3,3666
6,7181	-7,2333
11,1088	-15,7529
7,1112	-2,6457
0,8852	-0,6798
3,2446	-15,4251
-4,7509	2,2696
2,0649	-4,2186
-12,0909	-2,5800
-4,2920	6,9225
-15,7609	-14,9009
-8,5521	-4,4151
-20,4796	-9,7237
-7,0450	-26,1074
-23,1012	-12,2794
-12,0911	-13,0005
-7,4380	-6,3812
-6,5861	-8,0853
1,0819	-17,3912
4,6207	-4,4152
3,2447	-13,5904
1,5407	-19,4884
2,3271	-9,2649
-9,3383	-15,5565
1,2129	-23,3551
-12,0255	-14,2456
-2,1950	-12,6727
-12,6151	-1,7283
5,0795	-3,4323
-4,4887	-17,1946
1,1473	-0,7451
2,3926	-6,5780
4,4897	-10,5100
13,8615	1,2866
6,2592	-5,7914
10,0605	-0,5484
1,0163	2,3350
6,3904	-11,7551
-11,6322	-2,4490
-3,3746	-8,9373
-14,3193	-20,4714
-7,9622	3,1214
-20,5451	-12,3451
-8,1588	-13,2624
-10,1904	-2,4491
-5,7340	-7,6264
-11,1735	-4,2840
-6,0618	-5,2018
-9,6662	-18,6364
-4,4235	-6,2501
-11,0425	-3,3668
-11,6979	-14,9664
-3,5713	-4,2840
-9,8628	-12,7382
-2,4570	-1,4659
-9,9283	3,0559
-5,6028	-5,9879
-17,7926	7,0539
-10,5181	10,1995
-25,4603	7,2506
-4,2923	12,4278
-15,3022	4,6290
-0,2290	3,9737
-7,5033	2,0075
4,1620	-2,1212
5,0797	2,0730
6,5213	3,2525
10,3225	-16,6703
3,1135	-4,2840
11,7644	-7,1677
1,9994	-6,1846
16,0243	-2,8422
4,8175	-4,9393
14,1893	9,2819
6,7181	2,8593
21,5947	-10,4443
1,0164	-8,2817
14,2546	-12,4761
5,4729	-6,1190
14,1236	-1,5316
8,9463	-0,6139
5,4728	5,8087
8,8808	12,5589
1,8027	6,2676
-0,3598	17,9985
-2,7848	14,5250
6,0627	1,7457
-8,3553	16,0324
1,0820	-2,9076
-14,3191	4,6290
-1,3430	5,0219
-17,1372	-16,8014
-2,9815	-9,0026
-15,4333	-9,8548
-3,2438	-12,6071
-14,5814	-2,3836
-12,0257	-3,6943
-13,6640	-3,1043
-13,1399	7,7090
-12,8119	-4,9392
-15,3679	14,9837
-5,8650	5,8741
-18,7103	1,0246
-8,5519	23,3067
-20,5452	4,0391
-5,4719	7,1196
-24,4119	17,9327
-14,8435	-0,4828
-22,9700	8,8889
-2,6539	6,9882
-16,4820	-0,1551
-1,7363	11,0516
-5,4062	7,5780
3,3755	-0,8758
11,3711	15,7046
8,8150	6,0709
4,7521	17,9331
1,8028	27,5011
13,4028	10,4620
-10,4524	24,4211
9,2739	14,2628
-13,6639	6,6608
-3,7677	13,8696
-10,1248	2,9251
4,6863	5,2189
-2,7191	6,7260
3,3101	-6,1844
4,4242	7,1848
-2,2606	3,7767
-8,9451	-16,4081
-6,5206	0,7621
-10,7148	-9,7238
-13,7952	-15,4908
-12,4842	-8,8718
-17,0719	-22,8310
-7,2413	-21,5201
-22,1182	-13,0662
-16,0231	-32,7267
-28,7374	-5,2673
-28,0820	-18,2436
-36,9294	-17,9154
-31,4245	-5,8571
-37,1259	-11,6896
-12,7468	5,4809
-28,2785	8,1022
-1,8676	-5,0702
-3,1781	15,8358
1,4749	14,3937
-7,9621	1,6144
-9,2074	4,2358
-2,3918	-4,8738
-14,2539	5,7431
-13,9261	9,4129
-20,6108	2,5319
-9,6006	20,5544
-15,8265	14,4595
-1,6052	14,7875
-14,1225	25,9940
-4,1610	16,4912
-6,3238	9,2824
-7,8312	12,8866
-9,7972	0,8935
-7,5692	2,2696
-3,6368	-3,8910
-7,3724	-14,2455
4,6865	-6,6434
6,5868	-13,5248
5,2109	-6,3157
-3,7022	-1,6628
-0,8185	-11,4274
-10,3868	5,8085
5,0795	1,2864
-21,5281	-11,9516
-11,5667	10,2650
-26,9677	-1,4005
-17,0064	-1,9245
-31,7520	13,7384
-23,9534	-1,7280
-24,4776	1,8766
-20,5456	0,1069
-13,2053	-13,5243
-12,0912	11,1826
3,8343	0,1068
-2,9814	-7,8228
12,8785	-3,0388
5,7350	-10,4444
12,9441	-11,0998
2,5894	-10,2480
10,5192	-23,5516
-5,0128	-3,8254
4,9485	-6,4469
-3,7023	-14,1144
5,2760	3,2526
-6,7825	-4,8739
-5,5375	0,3036
-8,8797	9,6751
-15,6957	-2,5144
-13,0085	11,1171
-15,7612	15,8356
-0,8843	5,8744
-13,7295	22,2584
-3,1780	13,3453
-12,1565	9,7410
0,6886	15,6391
-10,9768	4,1703
-2,6537	21,1443
-0,4911	19,5712
-2,3917	14,8528
-4,5541	16,4912
6,5212	13,6075
2,1306	2,3353
5,7349	14,8526
11,5678	-3,9564
-1,3431	-2,0557
0,6888	4,4321
-5,0131	-9,8545
-0,6877	13,4764
-18,5791	16,6874
-6,0616	1,2213
-18,4480	19,2436
-3,5713	5,4811
-9,8628	20,1613
-3,6368	28,8774
-2,7848	19,1782
2,8511	25,2731
-1,1464	20,2922
-0,8189	3,8427
-10,3214	12,8212
-12,4843	4,6945
-10,5836	8,1026
-10,9770	11,3791
-1,3431	-0,9414
-14,9091	10,1997
-1,6706	10,2650
-16,1542	-2,2521
-8,1589	16,4256
-26,1157	12,2967
-13,4674	6,2020
-25,4605	10,6584
-15,3025	-7,9538
-16,6131	6,6607
-5,9963	10,7891
-5,4718	-17,9154
6,2590	5,3500
6,5870	3,7768
14,9100	-11,2306
18,1871	4,7601
14,4513	-0,2863
15,7623	-1,9903
6,3905	-5,4638
17,1384	-19,5539
1,0165	0,3690
11,6334	-11,8209
3,9002	-23,7482
24,5439	-15,2942
6,2594	-20,0129
15,2378	-15,6874
6,5215	-4,7431
9,0773	-17,7190
3,1792	-4,4807
5,9970	2,0728
7,8978	-12,7381
5,2761	4,1703
9,0119	-5,2015
1,1474	1,4177
9,7328	-4,9395
-3,2434	-10,3788
8,5531	-0,3518
-7,5033	6,3327
2,7858	-9,7234
-11,5011	4,0392
-2,9160	-1,9248
-12,4186	-7,9538
-5,4720	8,1021
-6,0616	-8,2163
2,3269	-6,1190
2,3926	-7,4300
7,5699	-20,2092
14,0581	2,0730
6,7181	5,1531
15,8277	-0,0895
5,0142	14,4595
11,7644	10,6584
-3,5710	4,7604
9,7983	14,1974
1,7374	3,9083
11,3056	17,8674
-1,4082	8,2990
15,1066	-1,5968
-4,8818	6,4640
1,0162	3,2527
0,0988	-2,3177
-8,0278	15,3769
-4,2921	2,5319
-5,5376	15,2461
-3,1781	17,0154
-11,8945	10,7241
0,0989	19,8990
-5,8651	5,5465
-0,2943	8,7579
-11,4356	6,5294
-5,1441	-12,1482
-15,4988	0,6313
-4,3578	-5,0707
-8,5522	-16,1460
-6,5861	2,7282
-8,2243	-4,6774
-1,2121	-15,4907
-1,0809	-3,8254
-1,7364	-17,3259
1,0819	-17,9810
-3,5059	-4,1532
-1,2773	-17,9156
-7,1103	6,2673
2,9169	0,9587
-10,1903	-9,0025
1,5406	3,8424
-9,8627	-7,4299
-4,4888	-8,8716
-13,5983	-2,3835
-6,1273	1,8109
-9,0108	15,1147
0,8195	21,5373
0,0332	8,1682
8,2251	19,5716
3,7689	22,7171
6,4558	12,1658
7,7667	17,2121
2,3271	3,6461
13,5993	14,9840
-2,9157	16,8843
11,0435	0,3039
0,4922	28,4188
2,2618	17,8017
2,5239	3,7774
0,2299	20,2922
-6,8479	10,3307
-2,0641	19,1782
-7,6999	18,6538
-4,3578	9,2168
0,4265	21,8652
-2,1296	16,8843
-10,6491	4,2360
-13,2706	11,1827
-7,8966	5,1533
-14,1227	7,5127
-9,8627	10,3307
-16,7440	1,1557
-8,4209	9,4132
-20,8728	9,3474
-7,3069	-17,3256
-18,5790	-5,7257
-2,5227	-6,3814
-5,7993	-9,8546
1,9338	-4,4808
6,3904	-13,5901
7,5043	-2,2525
-1,8017	-6,1848
-1,8019	-17,1946
-1,5396	1,0243
-14,5814	-0,9419
0,8853	-8,5438
-5,9307	6,7260
-1,3430	-7,8229
-15,9574	6,8572
1,1474	5,0220
-14,0569	-7,7573
-0,2289	9,4131
-2,3915	-0,4176
9,4704	-9,7890
-1,2117	-2,1870
8,4219	-14,9010
6,9803	-14,7043
8,1597	-9,9203
-0,4910	-21,5200
-3,1125	-3,9563
-4,2266	-5,9225
-15,6299	-12,2792
-2,5226	5,5465
-12,8120	2,7282
-8,2899	4,2357
-15,5643	-2,0559
-2,3917	-12,6069
-10,7802	10,1340
-6,3893	6,7914
-11,7631	-8,1506
-3,4403	4,8256
-12,8775	-5,7259
-15,0404	-4,4150
-22,5113	-1,5972
-17,9896	-15,5562
-16,3509	1,6798
-12,1567	2,1383
-2,7848	-12,2793
-7,8311	4,4324
3,3757	3,7112
-6,0615	-9,0025
5,7351	1,3522
-2,9813	-5,2014
6,7834	3,1873
-6,0615	4,5634
1,8026	-4,5460
-10,0592	12,9521
-2,7193	8,0367
-6,1926	-2,8420
-3,5714	5,2844
0,8197	2,9906
-3,6370	1,6799
-1,0808	4,3668
-7,5035	-2,9732
-4,0955	11,7724
-6,4549	5,2842
4,3587	-2,1867
-5,8649	8,2333
17,7937	-1,9903
12,7475	-8,2817
25,7236	-5,3327
16,7453	-14,6387
25,5926	-1,7936
21,5949	0,0413
21,8569	-5,8567
19,7599	11,4448
13,3372	1,4176
19,8909	-7,5606
7,7010	2,6629
16,5486	-6,7088
0,2956	8,2990
17,1384	6,3328
5,8661	-10,8373
5,6695	15,9013
0,0990	5,4153
5,7349	-2,9075
-7,0445	13,0831
7,5699	-1,8591
-2,7192	-0,0896
0,9508	-1,2038
-4,0953	-13,0658
0,8852	3,7114
-1,4085	-2,5147
-1,3431	-8,7404
-1,3431	3,0560
-12,5498	-10,6411
-2,3261	-6,3810
-18,4481	2,6627
-13,2705	-13,3935
-17,0063	2,6630
-7,0448	6,0051
-19,2346	-0,2861
-8,6833	21,9962
-18,9723	15,5736
-5,2754	19,9648
0,8196	23,5036
5,8003	12,8213
4,7520	23,8313
9,2739	18,3916
14,1236	-2,8419
1,8028	12,2313
9,7983	7,8402
-4,4888	-2,3832
0,2299	13,8695
-12,6807	3,1873
-2,0639	17,4741
-13,5982	8,6921
-2,1950	-2,9074
-7,4380	12,4280
-7,3069	11,7068
-10,1903	1,0246
1,9993	9,3477
4,9486	0,2380
4,4897	5,8088
10,0606	14,5247
16,0896	-10,1821
15,0413	7,8402
5,6695	-0,8762
17,7939	-16,2770
2,5895	-1,7281
21,4638	-4,2187
0,8199	-13,9834
6,4560	-4,5462
-4,9474	-12,1484
-1,1464	-0,0241
-9,4695	7,0536
1,2783	-10,5098
-13,4672	3,3838
-7,5691	-0,0898
-7,7000	-3,9562
-5,5375	5,8741
-0,8842	-5,8569
-3,7680	-2,0556
9,0774	2,8593
1,8028	-16,5392
12,8786	-1,6625
2,3927	-7,6265
8,4220	-12,0826
-6,9789	-1,7936
5,9317	-7,2332
-3,6367	-13,1969
10,5191	-4,4808
-1,4740	-16,8669
7,2422	-2,7767
-0,3598	1,1553
9,0771	-6,7743
-2,6537	4,8256
1,5406	2,2040
7,3734	2,0732
-3,7022	7,9713
7,8323	-5,2013
0,8853	9,2166
5,8662	4,5632
4,9486	-18,1775
11,1090	6,9882
1,4753	-5,2018
19,7598	-15,2286
7,3079	-3,5633
10,4536	-17,5880
6,1283	1,4176
11,5021	-5,3328
14,5824	-17,5878
10,6500	-10,0512
5,0797	-18,8988
-2,7848	-22,6998
0,2955	-21,3236
-8,6176	-20,0784
-5,3407	-13,9179
-17,0062	-9,9857
-1,9985	-13,4589
-12,6808	10,3961
-0,0324	9,4784
-10,9113	-9,5268
0,3608	-1,4659
-12,2220	-7,1020
-2,5229	-1,8592
-13,7950	3,4492
-9,9285	-8,8714
-3,8335	14,9182
-13,9262	13,0831
-4,2265	3,7773
-8,2244	16,9499
4,9486	5,3500
-4,4888	4,2360
0,8198	3,6459
-7,0445	-17,1945
9,9948	-3,5630
5,4074	-9,1340
15,5000	-24,0104
12,8132	-11,4931
24,3474	-9,0684
10,9783	-15,6873
30,5078	0,9588
24,2164	-4,0219
22,9056	7,1194
20,6776	11,3792
22,9711	-6,7742
14,9103	7,9060
9,9293	0,9587
4,8830	-11,4273
-11,4356	13,2796