-8,4010	1,6751
-14,2994	-15,4952
-8,7287	-9,3347
-8,0079	-17,0026
-5,4519	-15,1019
-15,0857	-5,7306
-4,8620	-17,3303
-6,5660	-8,0241
-7,0247	-3,0436
1,1019	-19,3619
7,7863	-13,4634
-2,0439	-4,2231
6,1480	-11,3664
5,3616	-13,6601
7,0655	-10,8421
4,6407	-13,3325
1,8226	-8,8760
-0,0124	-14,0534
-11,5467	-6,3857
-2,6993	-7,6966
-10,6948	-20,2137
-9,7772	-7,8274
-12,6609	-3,3057
-5,8451	-8,7450
-19,4767	-3,3055
-14,1682	-12,4150
-23,1466	-11,0386
-13,7751	0,6267
-13,1853	-7,2376
-15,1515	-5,8613
-20,1976	-0,4875
-13,3820	-7,4997
-17,4452	-2,3224
-12,5300	-8,7450
-6,3697	-2,8465
-18,1661	-2,0603
-11,5468	-9,0069
-8,5323	-9,2691
-8,7287	6,4595
-12,5298	-7,0410
1,8226	-10,1866
-3,8135	-11,9561
2,8713	-9,9901
2,9369	-2,8469
10,1458	-20,3450
4,7063	-12,8084
7,9831	-12,6775
8,5075	-27,4230
9,0971	-19,8863
-2,1749	-25,9157
4,1164	-21,9835
4,1819	-18,8378
-4,9931	-23,4253
-11,4811	-19,7552
-6,4348	-11,3011
1,2327	-28,2748
-15,5443	-13,8568
-7,4178	-12,4808
-1,3887	-11,6943
-7,4835	-16,6094
-1,7163	-14,9054
-3,8790	-14,4467
0,4464	-13,2015
-3,8135	-11,7597
2,8057	-12,2839
-1,2576	-7,3688
-5,7139	-15,3640
-3,0925	-1,2738
0,7086	-8,2863
-4,0755	-2,1913
0,9053	-1,0117
-0,0777	-1,3393
7,0001	-3,8295
-0,4709	13,2098
7,8522	9,4743
11,5878	12,2924
14,1436	12,6857
11,5223	21,7953
26,2022	25,9896
27,3819	17,9288
21,8114	37,5897
21,4184	44,4052
31,4452	29,5289
21,0250	49,9761
16,0444	57,2505
22,8602	46,3718
17,2240	60,8552
14,6026	52,4667
14,7337	68,1954
25,0227	65,4429
19,3212	56,0058
26,3334	71,3413
21,0251	81,8268
18,9934	68,7198
21,2873	75,9288
20,1076	76,9773
22,7946	73,9627
25,2193	73,6350
18,7313	65,3121
17,2894	75,8634
25,0227	76,8462
8,9008	55,8094
20,8284	69,9651
8,9007	63,7390
10,5393	55,9404
14,9300	65,4429
8,3108	54,7604
-4,1409	54,1706
1,8882	49,8451
-9,1872	37,3932
2,3468	32,8713
-12,1366	36,6065
-12,0712	23,1716
-16,5932	19,6326
-16,9865	4,3627
-21,5742	10,6539
-28,3900	-2,8467
-32,3221	-22,1143
-37,7618	-20,3449
-45,2328	-24,6051
-54,8666	-51,5404
-48,3787	-43,6106
-60,6995	-58,8809
-60,6996	-65,7622
-70,2679	-83,4572
-69,4161	-93,2220
-82,5888	-103,6425
-88,6183	-112,4245
-92,8126	-130,4470
-95,6964	-136,1488
-99,4977	-145,5207
-112,8671	-151,3535
-120,7314	-166,6891
-118,4378	-184,8425
-126,6299	-179,5999
-137,9676	-181,5008
-131,0864	-203,5209
-142,2276	-201,3583
-142,4898	-214,3346
-150,2231	-232,0948
-142,7522	-224,2307
-159,9226	-237,6658
-158,8740	-244,8092
-158,3499	-249,9212
-164,3793	-265,2566
-172,7023	-263,6839
-177,5521	-273,7767
-174,7340	-291,4058
-177,8144	-292,0613
-186,5962	-294,3554
-195,7057	-315,8512
-198,9171	-310,3465
-209,1408	-333,2842
-209,9274	-342,8524
-228,2776	-338,7895
-240,2051	-361,0064
-239,0256	-368,0844
-246,3660	-379,3568
-263,6020	-403,9984
-268,7140	-408,6519
-279,9208	-438,3399
-291,3898	-449,8089
-292,2420	-474,8442
-318,2601	-504,2044
-325,5346	-524,3243
-340,8703	-549,6873
-348,7349	-590,5820
-375,2770	-607,5563
-382,8138	-646,2230
-399,1980	-668,8334
-408,4387	-698,7185
-424,8885	-746,7568
-427,3136	-769,0395
-453,4627	-806,1992
-459,0335	-847,0940
-483,2820	-878,1587
-495,9962	-923,1824
-509,3003	-957,0651
-532,7625	-991,2100
-551,4403	-1039,1829
-559,3052	-1076,0146
-577,9176	-1112,1257
-600,3312	-1159,6398
-608,9822	-1188,6073
-636,6387	-1225,7669
-643,9789	-1270,3974
-670,0625	-1295,7604
-677,4683	-1342,1605
-700,6682	-1367,1302
-710,6299	-1395,7701
-727,9971	-1438,6310
-733,6991	-1465,6977
-742,4154	-1482,5411
-750,0179	-1519,3726
-756,5060	-1537,6574
-765,7468	-1555,8768
-773,2834	-1563,0204
-780,0993	-1564,3315
-780,2959	-1595,0679
-782,8519	-1584,9754
-778,4609	-1592,7089
-782,9829	-1600,7698
-772,8902	-1592,0535
-775,5117	-1590,9395
-764,3703	-1594,8713
-764,7635	-1569,1814
-744,2507	-1577,7008
-738,0901	-1555,1562
-725,9003	-1532,6774
-718,6256	-1521,7980
-708,2052	-1506,8555
-694,3769	-1484,3108
-675,6336	-1458,5546
-667,4412	-1422,3129
-653,4819	-1404,5523
-630,8062	-1364,3780
-618,6163	-1325,6460
-601,1178	-1310,3098
-588,1415	-1263,3853
-557,6669	-1219,4760
-549,7368	-1187,9525
-523,7187	-1140,6350
-504,9751	-1113,8302
-479,8745	-1074,9010
-465,9150	-1020,8335
-437,1443	-997,8953
-412,8301	-955,0996
-391,7272	-924,8871
-363,3498	-897,4268
-344,2785	-850,3715
-321,2750	-823,7635
-304,3008	-791,1260
-275,7924	-756,7192
-265,4374	-739,4826
-239,4192	-699,5706
-231,2925	-665,8850
-211,8281	-655,4642
-206,2572	-618,1081
-187,7759	-600,0854
-178,9283	-564,6300
-162,2166	-539,1363
-161,2989	-532,4511
-144,2594	-495,4229
-140,0651	-469,6016
-134,4289	-463,2442
-125,7125	-435,0634
-123,7463	-427,5922
-113,9158	-420,1861
-113,3915	-394,4959
-104,2162	-393,8403
-100,2186	-376,9318
-93,2716	-366,3149
-103,8883	-363,2345
-86,7834	-347,1125
-86,3246	-338,0686
-85,4726	-330,2040
-85,3414	-324,9611
-75,5766	-321,9463
-74,3314	-310,1496
-77,2150	-296,0593
-70,1369	-299,2705
-59,3237	-283,6727
-65,9426	-270,1723
-65,0250	-276,5945
-52,7043	-264,1426
-58,5370	-253,7223
-53,1628	-238,8455
-49,4273	-232,3574
-45,1674	-229,3424
-47,6576	-206,0770
-39,1379	-187,1372
-29,4385	-194,4769
-29,3730	-171,5389
-20,4599	-160,2012
-14,6273	-153,3850
-17,3797	-129,9231
-8,1391	-128,5465
-6,5661	-112,1624
-0,1437	-91,9772
3,4609	-96,4334
-4,4688	-73,1679
1,2985	-66,6798
0,3810	-59,4051
14,1436	-51,0164
6,5415	-41,5789
21,4182	-29,3893
8,9664	-23,4909
18,6659	-19,2309
24,4986	-5,9271
33,9358	5,2141
34,1325	0,4301
40,3583	6,9184
43,5698	18,4527
44,8149	12,0303
43,0456	25,3342
51,8928	25,2030
51,4341	23,2372
45,0115	28,1524
46,5845	32,6089
32,2977	38,6383
53,7934	39,2282
38,2614	47,4858
40,9485	53,3839
39,5722	45,0610
49,6647	55,0881
41,9314	57,0540
42,9144	43,2917
41,7350	56,2678
48,8126	56,3332
37,2784	50,6972
44,6183	53,8429
36,0986	50,3038
31,9697	41,5222
36,4917	52,4665
30,6589	42,9637
33,1492	35,8204
21,1561	38,8350
19,1901	37,9829
15,7166	42,3082
9,5563	35,2958
16,6342	34,3128
15,7821	36,8685
9,4907	24,7445
19,6487	22,1887
12,7018	28,2833
7,9832	15,3072
17,4859	18,7152
10,3423	12,7512
4,7063	7,0496
-1,6506	11,8991
11,1288	-2,3877
-4,1412	8,0981
0,8398	11,7678
-1,9784	-14,7741
1,2329	6,5251
-3,3546	-4,7473
-3,0924	-6,1890
-1,1919	-7,3687
-0,7332	-9,2037
3,3300	-3,9608
5,0338	-5,3372
2,3469	-7,4998
-2,7649	-3,3710
-5,3863	-5,3371
-7,6145	-2,9777
1,4295	7,1148
3,0021	-8,7449
-5,9762	-6,8442
-5,5174	0,5612
-11,5467	-10,1211
-4,2722	-6,5822
-3,0272	1,3474
-12,8574	-11,5630
-3,6169	-14,5121
-12,0055	-10,2524
-3,9446	-19,2308
-6,5005	-4,0920
-9,8429	-14,2503
-5,1241	-21,7867
-8,1389	-11,6942
-8,9252	-19,8863
-3,2237	-7,1723
-4,2723	-13,8570
-11,4812	-22,1144
-6,9592	-11,2354
-9,6463	-16,2162
-10,3015	-10,7111
-12,0055	-5,4684
-3,4203	-4,4198
-14,1683	-10,8421
-12,1366	-1,6672
-13,1197	-3,9609
-9,5153	-5,9925
-15,4135	-6,7133
-14,8237	-0,8151
-6,3041	3,9035
-16,5933	0,4302
-9,6463	1,5444
-14,4961	5,6075
-15,5445	-0,4216
-11,6124	9,8675
-8,5322	4,9522
-6,4350	10,9161
-1,3232	14,7826
-7,9422	4,6247
2,6746	8,2292
-3,7478	13,6685
1,8883	3,5105
0,0533	8,3602
5,8204	8,6878
9,0972	0,4958
2,0192	6,1319
3,0024	1,2166
-0,1434	-5,0093
6,3447	-3,1743
-0,6023	-6,9099
1,3639	-3,3708
-6,0417	4,4277
-7,4179	-8,0896
-3,2236	-7,5651
0,7740	4,8865
-11,8088	-3,5676
-13,5127	-3,2399
-8,7942	-4,4195
-5,3864	4,2968
-6,1727	3,2482
-6,4350	-8,0239
-3,2892	8,0325
-12,9885	6,3284
-5,5829	-0,2251
0,7083	7,5081
-2,5029	-8,6137
-5,3209	2,6586
-0,6023	7,3770
-4,1412	-6,7787
-1,5852	7,4426
-4,9930	8,6876
1,3640	-4,5504
6,1481	0,1026
1,8227	-1,7325
5,4274	4,3624
10,4735	6,5249
5,9515	-1,9291
2,1504	-0,4218
-1,9127	-1,4049
3,0023	-8,3516
1,3638	-4,1573
-6,2385	-8,1552
-6,4351	-13,9222
-18,2971	1,0854
-6,6972	-11,3664
-12,1367	-4,2884
-5,2554	3,5101
-15,0202	-10,3834
-7,5490	-8,9415
-9,5806	-3,3055
-7,3523	-9,2037
-4,2721	-7,1720
3,0678	-14,1189
-3,4857	-9,4002
6,0170	-2,6502
7,3277	-10,9732
1,0363	-7,3685
14,5367	-3,8297
-0,2743	-9,8589
16,9616	4,1657
4,9685	-0,2253
9,6217	3,6414
8,4420	-0,6185
13,3571	-13,3323
-4,7308	-0,3562
4,5753	-0,6841
1,0364	-20,2135
-1,9783	-0,2251
1,8883	1,8064
3,5266	-6,9099
0,9708	2,3307
-1,5198	-2,1913
-0,2744	-3,3052
-0,5368	13,0785
-1,3231	-4,8782
-0,8644	6,7873
-3,6169	11,3746
-11,0879	-6,7130
-0,5367	15,7002
-12,5298	7,9013
-8,0733	9,6055
-10,6948	18,3871
-9,5153	6,5907
-16,4619	10,1298
-11,6124	17,4042
-13,7750	8,6879
-10,8260	10,2609
-12,3988	13,9964
-11,8091	12,5546
-12,9887	16,8144
-14,6272	5,4112
-8,7945	13,7999
-27,1446	19,1082
-19,6078	5,2801
-20,9842	14,8485
-19,1492	10,7196
-24,1299	11,6373
-19,3458	23,0404
-18,1661	12,4890
-17,3797	19,6326
-13,9062	16,6177
-11,2192	10,5885
-7,0903	9,6054
-4,7967	14,6517
-2,8960	1,4789
0,8395	5,3456
-1,3885	-1,2081
2,9368	7,3117
5,3617	19,2389
0,8397	-1,9290
9,8183	4,7557
-0,7331	12,8820
6,6726	-1,7980
3,8545	2,2653
2,0194	1,4788
-2,3059	6,4595
3,1990	4,6900
-7,6799	2,4619
-6,5003	0,9545
-2,9614	3,8381
-0,0781	-1,0770
-4,7310	3,1828
-5,2552	-3,5675
2,6090	-5,6645
-8,0077	6,7217
2,2159	2,9860
4,7717	3,5104
1,6917	7,1147
-7,3522	-8,0239
8,2454	4,8211
4,7720	0,4300
9,7526	-1,0117
4,9686	1,6097
13,2916	-13,8567
6,5414	-1,2082
7,9176	-4,8129
7,7867	-11,0386
0,2499	-7,6308
7,3279	-0,4874
2,4126	-9,7279
13,6191	-2,1257
2,4780	-3,3054
2,0849	-0,4873
-1,5196	4,6244
1,8882	-10,9075
-10,8911	2,7895
0,3809	10,9157
-6,1727	-8,4171
-8,4665	1,4788
-4,9930	4,2312
-9,2530	2,1996
-4,0100	1,5442
-7,1560	-16,0193
-6,5660	-12,9390
-7,7459	-2,0603
-8,2045	-10,1212
-13,7096	-6,8444
-8,0079	-12,2839
-13,1853	-17,6578
-10,4982	-7,3032
-13,7095	-7,8276
-5,8451	-12,0218
-13,3817	-7,3034
-10,1049	-15,1675
-8,5320	-9,6625
2,7401	-0,6842
2,1503	-9,6626
-0,2746	-11,4975
-0,7332	-3,6332
4,0508	0,3645
5,0994	-1,7327
-2,6994	-11,4318
2,9368	-0,8805
-1,5197	2,8550
2,0849	3,2482
-5,7795	10,1951
2,4780	9,5397
-9,9082	5,9354
2,0194	14,2584
-8,2044	3,0518
-6,8281	10,6541
-5,3208	17,5351
-0,6679	5,0179
-7,4180	13,1444
-8,8599	11,7679
-10,3016	2,6586
-8,9255	7,9670
-11,8745	0,2993
-10,0396	5,4112
-12,5954	14,2583
-14,6926	4,2968
-6,6317	10,7850
-12,2677	13,0130
-10,9570	3,9692
-12,7264	2,9862
-7,8768	5,6732
-14,6924	8,4912
-8,4665	13,9961
-12,5953	2,9862
-4,5344	8,2947
-7,8112	17,9284
-12,0055	8,6878
-4,8620	9,2123
-2,8961	9,5400
-3,8791	11,7682
-11,4812	17,9941
-0,6678	11,7682
-12,2022	17,6009
-5,5829	13,2099
-9,3185	4,2315
-5,9108	15,3072
-18,1003	14,5860
-5,5174	6,2632
-9,8429	24,0232
-8,4666	1,4135
-10,6292	13,8654
-8,2044	20,0911
-6,7627	9,1467
-9,7117	11,1785
7,6552	14,7171
-7,4837	3,2485
-7,0247	11,8336
3,9197	3,9037
0,5118	6,3942
-5,9761	7,4426
10,2113	-0,4217
-3,4202	0,1682
7,8521	5,6075
-0,3400	-7,8274
0,4465	-3,3709
2,0850	-1,0118
8,5729	-8,8760
4,2476	-2,2569
9,1627	-12,8081
12,5051	-2,9121
7,1967	10,9814
5,4929	-2,0602
12,4396	9,1466
14,6023	9,7363
10,8012	11,3094
15,9130	15,2415
10,4735	7,1150
9,0318	10,8507
7,4590	15,1759
10,4735	-0,2249
7,4590	12,4890
5,6239	11,5714
3,5268	4,8868
1,5606	4,7557
2,8058	-0,5528
-2,3717	6,0665
-0,2745	7,9668
-4,9932	-12,3491
-4,5999	10,0643
-9,3186	13,9961
-3,0270	0,0371
-7,8112	3,3796
0,7741	6,1975
2,8056	4,4936
-6,3037	11,7024
-3,3545	-1,9290
7,1966	3,7727
-8,9907	8,1634
4,3787	-2,3222
2,9368	10,7850
7,8520	11,7022
-1,4540	-3,7640
5,3617	2,4619
10,5390	3,4450
6,1480	4,6901
-1,3229	8,5566
5,6892	-8,2204
5,5582	7,5739
-5,4518	12,0299
3,5921	-7,6961
-8,0078	3,9692
-7,5490	7,6391
-6,4349	2,4618
-10,3671	5,4108
-9,1219	-4,4195
-0,1436	2,4619
-15,5444	11,0469
-0,1435	-0,6184
-8,3354	2,9206
-8,5321	4,7556
5,0338	8,0324
-1,4543	3,0516
-2,2406	-0,0285
-1,9130	0,8235
-1,9784	9,6706
-4,9275	-5,1404
-4,3378	-5,0748
-9,6461	-3,1744
4,8372	-5,4682
-12,9887	-7,5654
-13,3817	-15,2331
-7,0247	-6,9754
-5,3210	-4,9439
-11,0880	-19,0995
-8,0078	-3,9608
1,1017	-6,0580
-4,3379	-15,0363
-7,8111	-3,2399
-2,8304	-0,7496
1,6260	-9,7279
-1,9129	-1,9946
2,0848	-2,9122
-4,5998	-2,0602
8,3763	-2,7155
-1,6507	-0,0940
-0,9297	-3,7640
-6,1726	4,3623
0,9709	-2,3878
8,9661	6,3284
1,7571	-8,3516
2,8714	-0,9459
4,4441	1,6098
1,3641	-9,2035
2,6746	8,3602
1,6916	3,7725
-2,2406	0,2337
-0,4711	11,5714
-7,8112	10,9160
-7,9421	7,1805
-9,0563	14,4550
-1,4542	10,8505
-11,6122	14,5861
-6,9592	10,9816
-9,3840	1,2823
-3,2893	11,0472
-5,0587	10,3917
-4,4034	7,9670
-6,4349	7,1805
-6,1729	0,2993
2,4779	8,0981
-3,6826	9,7364
-12,0054	9,4742
-4,6000	5,2144
-5,7796	3,5104
-11,0225	13,1443
-0,7989	13,7340
-4,1413	0,6925
-13,5783	10,8506
-8,7286	16,8798
-3,3548	5,0178
-5,1242	9,0812
-5,5175	8,8189
-1,9784	1,5445
-3,6825	11,4403
4,4440	5,1488
-5,7141	4,6246
-10,6292	6,7216
1,1016	-6,9097
-14,4959	7,9670
-12,9885	9,8017
-2,2407	-13,2012
-17,9038	0,9546
-10,3016	3,6414
-22,9501	-4,6816
-15,0202	3,3793
-17,1830	-1,7982
-15,7412	-9,6623
-22,2292	0,8233
-10,6949	-9,5970
-10,8259	-7,1721
-2,8961	-5,3373
-2,5028	-22,1144
-0,6023	-13,0704
3,9853	-18,0512
-3,7479	-15,7574
13,1604	-13,0050
1,8226	-26,3087
2,5438	-13,3980
2,6092	-9,3350
4,5753	-16,9371
-0,0777	-9,7282
8,9007	-12,8083
6,0826	-17,1337
8,1142	-13,5947
3,5268	-22,9663
12,1118	-11,8252
8,3108	-9,4661
6,3446	-27,2261
7,8520	-12,8737
-3,8135	-16,0850
-2,5682	-11,4319
-3,7480	-6,9100
-0,9299	-11,2353
-9,3841	-1,6670
-9,1219	6,2627
-7,5490	-2,6501
-10,8914	-1,2737
-12,9885	0,2335
-3,0271	0,2336
-16,3964	13,4063
-4,4689	6,5906
-3,6824	5,2145
-3,2237	10,9816
-1,0609	0,3648
6,0168	11,9648
-8,2698	10,5884
-4,0756	3,9695
-2,2405	14,3241
-7,2869	13,9308
3,1989	18,2563
-13,3161	22,5159
0,2499	14,1930
-2,1096	14,9795
-4,9276	21,4019
-5,7794	8,3603
-6,9592	16,6834
-9,9082	15,8968
-1,7818	3,3797
1,2327	14,2585
-0,6022	14,6516
-0,7988	10,1298
-3,8790	14,9793
-1,5196	4,2970
-1,0610	16,0280
-1,0610	6,4596
-1,2575	11,4404
2,0848	13,8652
-1,9128	3,7071
1,4296	3,9039
1,5607	23,1712
9,2284	0,5613
10,8668	13,6032
5,2307	9,6053
0,9710	11,1127
12,2430	16,0933
12,8983	5,2144
2,3469	4,6246
4,3131	9,8018
1,1016	1,6754
-0,0779	4,9523
-7,8767	2,2652
-5,5830	-4,1572
-9,3841	6,1975
-9,0563	7,5080
-16,0031	4,4279
-2,4373	12,5543
-8,2044	-3,7641
-7,9423	-4,1572
-9,2529	8,1634
0,4463	-7,8929
-3,7480	-1,7325
-6,3694	1,9373
1,4294	-17,4612
-0,3402	-1,4049
-0,1434	-15,2987
2,2158	-8,6138
3,7231	-4,2886
-1,1921	-19,7550
-5,1897	-12,7425
-12,0054	1,5440
-7,5490	-19,0341
-16,6585	-9,2693
-2,1096	-16,0195
-14,4960	-7,8275
-15,6101	-1,9294
-19,9354	-18,3133
-10,7606	-4,4196
-18,2316	-5,1407
-13,3819	-15,2985
-8,4012	-4,8128
-17,5109	-7,2376
-11,8090	-10,1867
-12,9888	-5,2060
-15,3480	-15,6261
-17,9694	-2,8466
-9,9085	-0,6841
-21,8359	-10,1867
-10,9570	-2,3224
-16,5930	-7,6309
-2,3062	-9,4658
-12,2021	-2,8467
-5,4518	-16,0194
-5,6484	-9,0070
1,8227	-7,0410
2,0193	-13,6600
8,1142	-8,5482
11,5220	1,8718
14,5367	-14,1188
14,9955	5,2143
7,1312	-4,1575
15,0611	-7,4341
8,6386	0,7577
7,0657	-8,8759
4,3788	-4,6815
17,6168	8,0977
-7,7455	-7,3031
3,2646	1,0856
-1,9129	1,8063
-4,0101	4,7555
-5,7794	4,3623
4,7717	-4,3540
-2,2406	-0,8805
-9,7772	9,4086
-3,4857	-4,7472
-3,2237	-6,1888
0,9051	7,3115
-5,9761	-4,4195
3,8542	0,2337
-3,1581	-2,1913
1,8227	0,5613
-4,4688	5,1487
-2,6992	-9,3348
-8,5975	2,4618
-0,4711	0,6266
-5,1896	-14,4465
0,8396	-10,3178
-1,3230	-10,6455
2,6746	-4,4196
-0,7987	-9,5970
-4,9931	-17,1990
3,5266	-1,3394
-1,3887	-4,8784
-4,2722	-10,2522
-6,8937	-2,8466
-3,4858	6,3939
-10,5636	-8,9414
0,8395	5,5421
-15,4134	1,8721
-9,9737	3,2483
-6,8936	11,1125
-6,1073	-8,6137
-7,0247	5,8043
-3,7480	0,8888
-7,7457	-16,6747
-5,7141	-8,2860
-4,0757	-6,5168
-8,7943	-10,1212
-6,6971	-5,9925
-9,7119	-14,9708
-2,7650	-3,5675
-11,3504	-1,4049
-10,4327	-4,3540
-15,5446	1,7410
-17,6416	0,4301
-13,5785	-0,9459
-15,8067	8,4911
-13,9062	1,0202
-16,8554	9,6054
-17,1174	16,7486
-9,8430	5,2799
-11,8091	5,8699
-11,6124	3,7726
-7,3526	9,8020
-10,7605	9,7364
-5,3865	-6,6475
-14,3650	8,4257
-9,7117	2,5929
-15,6757	-8,5481
-6,6970	5,0178
-6,2384	-2,9777
-5,0587	-8,1550
-8,5976	-4,6161
-3,9445	-9,9245
-4,2066	-10,9731
-0,6022	4,7554
-0,9299	-8,2863
3,1988	-10,3833
-0,1435	-12,6116
-0,9300	-18,1821
-2,5683	-9,8590
-4,7965	-11,3009
-1,1265	-14,1188
-3,4859	-4,8783
1,1673	-11,3009
-4,6654	-6,1234
2,7401	-4,4850
-0,1434	0,4957
-9,6462	8,7532
-8,9251	1,2821
-3,1581	1,6100
-0,2091	12,0957
-5,9763	4,4935
-6,9592	14,5206
-6,6316	15,9623
-5,1242	13,1443
-9,4497	9,8675
-4,7310	7,7703
-12,3990	-1,6667
-14,5615	14,6516
-18,1660	8,1635
-13,5785	10,5884
-17,7073	11,4403
-24,9817	-1,1426
-17,7728	10,2609
-15,5447	15,3068
-28,1929	-4,4849
-11,0881	4,4936
-5,3211	-1,7326
-8,8599	-2,3878
-14,8235	-4,8128
-0,4057	-16,8057
4,0507	-5,4680
-4,0757	-6,3202
-1,5198	-12,3493
-9,7118	-3,0432
-9,3185	2,9204
-9,2530	-1,8635
-4,8621	8,4255
-10,4982	-11,9561
-0,2091	-3,0431
-9,9084	14,8479
-3,2892	-5,7958
-10,1049	-1,6670
-6,9592	-5,0094
-10,7602	-9,9245
-4,2723	-0,8152
-7,5490	-12,5461
-6,8282	-6,2545
-4,9932	-9,4660
-9,5807	-19,5582
-1,6508	-4,3539
-11,1536	-0,0287
-4,5999	-11,4973
-5,4519	5,0177
2,3469	-4,6816
-10,9568	13,9307
4,3131	15,7654
-5,9761	5,6076
-1,5197	15,9623
-10,6946	16,0933
4,7064	8,0325
12,8981	17,7973
1,6915	7,9013
7,0000	-3,0430
1,8226	11,7025
9,4904	4,1658
-1,4542	4,6902
10,4735	11,8990
-0,3400	-7,3029
2,0850	7,0496
-6,6313	10,7194
4,6409	3,3139
7,1967	4,6902
-0,8643	8,2946
0,8398	1,4134
0,1187	11,3091
-5,3206	-8,5481
5,7549	-1,7323
-2,1750	9,1464
1,8227	-0,1596
6,3446	8,0980
-2,2406	9,1464
-2,1094	3,9037
-3,8790	3,7071
2,4126	-13,6599
-1,1921	7,5738
-9,3184	3,9035
-10,4980	-5,8612
9,1627	6,2629
-7,4835	-1,1429
-9,5150	-8,8759
-1,5852	-0,6184
-3,2892	-12,4149
1,4951	5,0832
-2,4372	3,3791
-0,2088	-16,9369
2,7401	-2,9775
3,3300	11,0468
-5,5173	-15,1674
10,2113	-3,8950
-1,9785	2,8550
-0,7987	-2,6500
2,7402	9,2120
5,2960	-2,3879
-3,3547	11,7680
-9,2529	10,3260
-7,5489	2,0032
-1,4543	7,1150
-8,4665	2,5275
-7,9422	9,4743
-4,6655	12,1612
1,1671	6,1974
1,7570	7,3116
0,2496	6,6562
1,0362	2,1342
3,7886	7,9669
6,6068	8,7532
-1,6508	-1,8635
5,8860	2,6585
-1,5196	0,8235
0,5121	7,1804
-0,7331	2,3962
3,1335	-6,2544
-2,4370	10,8504
2,7402	0,0368
-4,5343	-8,0894
0,9706	8,7532
-7,2869	-2,8467
-9,1875	-11,2352
-9,9084	-2,5845
-7,8114	-4,0263
-11,4814	0,5612
-16,7899	0,2990
-15,2169	-6,1234
-12,1368	-2,9777
-22,4258	0,3647
-23,4743	6,7872
-10,7604	14,1272
-12,2677	8,2291
-7,2871	9,6709
-18,6902	16,6177
-7,2215	6,1975
-10,5638	13,7998
-14,8237	17,6006
-5,5175	12,0302
-15,6103	11,1782
-18,8868	-2,1911
-9,5154	5,9354
-18,4283	3,9690
-16,7898	-2,3878
-12,2680	6,7216
-23,0159	-0,8807
-19,4112	-8,9415
-27,3412	-4,8784
-24,2610	-16,4781
-22,1638	-0,0286
-18,7560	-0,2254
-24,6542	-8,1551
-17,6419	-6,5166
-16,2656	2,3306
-17,9695	-7,6964
-9,5152	-6,1235
-10,4329	-4,7472
-12,6609	-8,4826
7,1309	-5,9924
0,3151	-9,2036
-9,3840	1,3477
0,8397	0,4300
-3,8791	-10,8420
-7,1557	0,2992
-12,6607	5,0831
1,7571	-2,9121
-10,9569	6,4596
-3,1581	4,8867
-5,7140	7,4427
-8,4665	17,0108
-5,2552	7,6393
-6,4349	9,7366
-0,2745	14,5862
-1,8475	8,2947
-7,2214	9,6055
-14,0370	5,8698
-5,7795	4,4281
-6,4349	12,4889
1,7570	-4,1573
-6,8282	-1,0115
-7,0247	3,8379
-16,1997	-11,2353
-4,3378	4,3623
-8,5321	-8,7450
-5,8452	-9,0725
-4,5999	-2,7812
-2,8960	-11,5630
1,6917	-0,2908
6,2135	-6,5170
7,1312	-14,5121
13,2261	-12,7426
16,4374	-10,8422
18,0102	-8,2863
18,7312	-4,4853
13,0296	-8,6795
13,1607	-10,2523
8,5732	-3,0434
12,1776	-7,2376
7,7867	3,5103
8,9007	1,1509
4,3132	-5,0748
7,2622	2,3308
3,3301	-0,2251
1,1674	7,1804
1,4951	6,1318
3,1334	-3,2399
3,4610	-1,6668
-5,6484	1,6098
-4,0100	-0,2252
-8,6631	-3,4365
-0,8643	-9,5968
-10,6947	-9,7934
-7,0903	-2,5191
-12,0710	-11,8906
-11,4157	-3,5020
-15,4789	1,4130
-6,3039	-10,7764
-4,2069	0,7578
-8,9254	2,1340
-10,9570	-5,9924
-11,9400	-0,9461
-1,3232	-5,6647
-6,3696	0,6269
-2,5684	9,8018
-16,3309	-2,5189
-7,2213	-2,4531
-15,5445	14,0616
-6,3039	-0,2906
-10,1050	1,1512
1,1017	-4,6815
-12,3332	4,1004
-8,2699	9,3429
-6,3693	-6,5821
-5,6485	-1,6669
-7,8110	11,5055
-1,1263	-8,8105
8,3763	0,5613
5,1650	2,9204
18,6655	-12,5458
6,1480	2,1997
5,4928	-4,2884
10,3424	-2,3878
12,2429	-4,6161
2,8713	-10,5797
7,6555	-0,8805
-0,7331	-4,4196
6,4758	1,6753
2,6747	-4,1574
2,1504	-7,4997
-4,5998	-8,8759
0,3809	-7,6309
0,5119	-16,6091
-3,1582	-4,5506
-3,7479	-4,9441
-8,3355	-17,8545
6,9344	-13,9878
2,3467	-12,4806
3,1989	-16,3471
-2,3061	-10,7112
9,2284	-20,7380
10,4079	-1,4049
10,4736	-1,1430
3,7234	-18,7064
10,3426	-3,8295
8,3110	1,6753
10,8667	-0,0941
1,4297	3,9691
11,3912	2,6583
13,8814	-5,9922
13,6848	2,7895
9,2284	-6,7787
13,2260	-0,2905
11,4566	-0,6838
1,7573	5,7387
9,2284	4,2313
3,1990	-1,3391
1,6263	5,1490
1,8227	10,1295
7,8520	1,9376
-7,4833	14,0617
-4,2720	8,6221
3,6578	-7,0408
1,7571	6,1974
-4,9930	-4,2885
-1,3886	-2,4533
-3,3546	-6,9100
1,3639	-10,3179
12,4394	-16,6747
0,6428	-11,1043
-6,8280	-7,6309
-8,3354	-9,8592
1,6259	-13,0704
-12,7264	-13,0048
-11,8089	-6,8445
-20,7873	-11,6941
-8,4011	-7,3687
-15,4792	1,5441
-18,2971	-11,5630
-17,5762	3,7725
-24,5231	0,9543
-23,7366	-3,6329
-19,6080	9,8018
-22,4915	1,4789
-19,7391	7,7049
-13,1199	20,7464
-21,6396	0,1683
-18,7559	11,7683
-9,9086	17,4041
-14,7583	10,7851
-17,1829	7,3117
-11,8090	7,0495
-11,2847	11,1783
-8,0734	11,7024
-15,1511	-5,1402
-6,0417	7,7049
-10,8258	12,5543
-8,2044	4,0347
-13,1851	-3,1741
-2,4373	-0,2251
-1,5198	3,5760
-5,7141	2,7895
0,0531	-3,8295
-0,8645	2,0687
-1,7164	5,0832
-11,4811	-3,8951
1,6916	-2,7154
-4,9277	6,5906
-6,1727	5,0832
-4,8621	2,9206
-9,1219	-4,4850
-15,0856	9,4742
-4,6655	4,5588
-13,1851	-5,7302
-8,6631	-2,3223
-1,2576	1,6097
-2,3717	-9,6625
-1,7818	-1,2739
0,1842	-14,7743
0,7741	-11,3008
-5,5829	-13,6602
-0,4055	-14,9053
-4,1412	-17,8545
-10,3670	-9,0071
-8,1388	-16,6092
-4,0757	0,4957
-13,9061	-5,2715
-14,9546	-2,2567
-8,2044	11,8335
-11,9400	7,7702
-6,0417	8,8845
-2,4374	20,5497
-7,0903	1,8721
-0,6023	13,9964
-3,8135	8,6877
-7,3525	-1,9289
-1,9129	7,5738
-1,4543	6,3285
-11,4156	7,2461
-8,4665	10,6538
-0,0124	2,6585
-4,7965	6,5253
-0,0780	12,1611
-12,9885	2,9208
-10,6291	4,2969
-6,6315	4,7557
-4,4034	19,5013
-8,4009	22,1225
-3,6825	0,8236
0,6429	10,7195
-5,0588	12,3578
0,9050	4,6246
-7,9424	7,8359
-1,1920	5,3455
-3,9447	9,4743
-2,5028	4,8212
-7,0904	-4,2226
-9,5151	10,9818
-12,7263	20,8775
0,4463	-3,6329
-17,9037	8,2948
-8,9252	11,1781
-0,3401	3,5760
4,5095	7,5081
-1,2576	-1,0117
-8,7286	-2,3224
4,2475	-3,0434
0,2497	-20,8035
1,4295	-12,4805
0,7740	-7,1722
6,1480	-18,1167
1,5605	-4,2230
7,5243	-6,3859
-9,0562	-17,6578
3,1336	-0,7496
-0,4710	-8,8106
0,0532	-7,1065
-7,6798	7,0490
3,3956	-10,9733
0,6431	-4,7471
7,3276	-2,1914
-0,7332	3,5102
4,2475	-4,1575
7,2622	-7,2376
-1,7818	0,5613
7,1968	12,0954
5,5583	-7,5652
9,4906	3,3139
8,1143	0,0369
9,4251	-3,3053
0,9709	4,2313
5,3618	7,3769
-1,1918	1,4788
-0,6675	7,3115
2,1504	-5,1403
3,3300	8,7534
-0,4711	10,4571
6,0825	0,2336
-0,5367	-1,0769
1,2984	6,1319
1,5606	-0,5528
6,5411	2,1997
5,8203	-4,0262
-3,0925	4,8212
-1,3884	5,9351
-2,2405	-9,2691
7,1966	5,9353
-8,6630	1,8064
-1,9783	-1,6669
-2,0438	7,4425
-0,6676	-2,7812
9,8181	-9,9244
-4,2722	-0,8805
5,6240	-8,7449
8,8349	-3,9607
-2,0438	2,3961
11,1288	-15,0364
1,5605	-10,9075
3,8544	-10,9077
10,0802	-13,8567
0,0531	-8,6795
5,6893	-23,3594
-4,0100	-10,5800
1,7572	-9,9902
-2,3717	-13,3980
-7,8112	-6,7134
0,1187	-9,9902
-6,8282	-6,2546
-3,4202	-1,4049
0,1842	-11,9562
-5,5175	1,2822
-9,9738	1,2166
4,4440	-5,5990
-5,9108	0,1681
-9,9738	-3,4364
-11,2846	-1,5358
0,8395	4,2313
-4,2068	-3,6985
-7,1558	-3,1742
-11,6122	4,6245
-2,1094	-1,9290
-3,8790	14,1272
-4,3377	10,9158
-5,7139	1,0856
1,1017	5,6076
-6,5659	1,0201
-9,7772	7,9669
-1,8474	5,6075
-7,3525	-2,5842
-14,1025	9,8676
-1,0610	15,0447
-0,9300	-6,0577
-8,2045	4,6903
-7,1558	7,9670
-9,4496	10,1951
-7,0903	8,5567
-11,9400	-1,7979
-16,1999	3,9694
-16,4620	12,3577
-14,0373	-0,1595
-21,1806	6,3286
-21,6394	3,3793
-11,2847	2,0687
-13,6442	5,0178
-12,9232	0,6924
-14,1030	4,5591
-16,3311	9,0153
-23,4090	-5,7956
-9,1223	1,6100
-27,2757	11,2436
-21,3774	-3,5675
-22,7537	-1,7325
-21,7706	-8,1550
-22,7536	0,9544
-21,5740	-2,5191
-19,8043	-11,3663
-12,9232	-4,1574
-19,7387	-6,7134
-7,8767	-10,7110
-7,9422	-4,8128
2,8056	-7,2377
10,2111	-5,3370
-1,8475	2,0029
-2,8303	-4,0263
-0,0124	-3,1087
-4,0756	5,2143
-4,4688	-4,4194
2,2158	4,3624
-6,1073	-3,1743
-7,8766	0,5614
-2,6993	9,8673
4,5752	-2,3224
10,6700	-3,4364
0,2498	-4,4851
12,3086	-13,4633
11,9807	-0,8150
12,5052	-0,5530
13,6193	-5,5992
13,0950	0,7579
10,9324	0,1679
17,7481	-1,2082
11,3911	10,0639
20,4351	-9,6624
10,3425	-2,0599
12,3088	11,1125
9,1629	3,4448
9,2284	4,2970
1,7575	1,5443
12,5708	-1,2736
5,8863	4,1002
21,2871	-2,9776
21,6802	-2,1912
12,6364	-2,0602
16,5687	-2,3224
25,6779	-7,9585
18,9933	-7,9586
9,1629	-14,6432
7,7867	-7,1721
8,0487	-20,0172
-1,9783	-4,6817
-9,9081	-4,4199
0,6431	-24,2114
-12,8574	-11,6940
-13,0540	-4,2886
-16,9208	-9,4659
-12,5299	-6,1235
-19,6733	-1,9292
-17,6418	0,8234
-16,6588	9,5397
-17,2487	1,0856
-20,2634	14,5862
-25,0474	10,5228
-17,2486	1,6757
-18,1007	11,4406
-23,7367	18,9116
-23,4744	18,9771
-9,5808	22,3849
-19,0836	9,6054
-6,6972	9,3433
-12,4644	15,1758
-19,0179	8,8845
-5,0587	12,4888
-11,0882	-0,2907
-16,0687	3,3794
-2,9617	4,1658
-3,8791	-4,1573
-13,4474	5,9353
-11,4811	5,0832
-0,5368	-8,3515
-2,4373	9,7363
-5,7796	1,2821
1,5605	-2,0601
-8,3354	7,7703
3,8543	0,6268
-6,3038	8,8189
-0,4055	9,7362
-5,3206	-11,8905
0,0532	0,3649
-7,2212	15,2413
2,5436	5,3454
-2,3061	9,1464
-10,2360	-5,9268
-3,0925	-1,2735
3,2642	14,4549
-10,9569	-6,7132
-4,6001	-2,3221
-6,9593	10,6538
-12,6609	-5,7302
-4,8622	-7,6306
-5,8452	4,8211
-8,4667	5,2797
-16,3309	2,0029
-6,6316	-6,3201
-4,7311	-2,2569
-3,4204	-0,0287
-8,9253	-12,4804
-4,4033	2,9205
-4,2066	-9,7281
8,7694	-8,0896
-0,1434	-8,8106
-0,9299	-13,5292
6,0824	-14,6433
-1,5853	-13,7914
2,9368	-29,7166
-4,2722	-17,7235
-4,3376	-17,9859
0,3154	-24,5392
-0,8642	-10,9734
3,6577	-8,5486
1,8227	-9,9903
-2,1094	-8,8762
1,6917	-8,6795
3,5923	-9,5969
7,9831	4,5588
4,8376	-12,4805
19,7141	-7,4341
21,8768	-0,6840
12,9639	-4,9438
16,4374	-1,0773
11,3256	-5,1405
12,1121	-10,5144
10,4736	-9,9245
4,0511	-9,0727
4,7065	-3,3055
3,6578	1,8717
2,8714	-9,0726
2,8713	-5,3371
-1,5851	-7,4342
-1,3886	3,2482
-5,5173	-1,8637
-1,5853	-6,5822
-1,5852	1,4789
-3,1583	9,1463
-9,1873	-4,5505
2,3469	9,4086
5,6236	-2,6499
-5,7796	1,1513
3,8543	9,9329
-0,7988	7,9014
2,0847	0,1027
-10,6946	11,6370
6,5413	4,2969
-0,3400	-1,0115
3,0678	0,7580
1,3641	2,9206
4,0509	8,0978
8,5730	-12,7426
6,2135	-4,2883
3,5269	-0,0288
7,5243	-16,0849
8,3764	-2,2568
0,3810	-3,8299
3,1336	-14,0533
8,8351	-1,4049
7,0000	-3,8954
-1,7161	-9,9901
9,4249	-2,2570
-3,0269	-12,6771
-2,2403	3,1170
10,1459	-0,6187
9,7525	-8,9415
1,0365	-0,8806
10,2770	-6,2546
13,0295	0,5613
3,7233	7,9667
13,2917	-6,4511
9,1627	-0,7494
1,9539	5,8041
-1,5195	-2,4533
8,1142	3,1828
0,5774	3,1171
-5,3863	-3,5674
-17,2481	12,3577
0,1188	5,5420
-7,2214	10,1295
-10,0394	16,0277
-2,3717	-10,3832
-4,0103	3,4451
-9,1220	12,2921
-6,9594	-0,6183
-6,3038	9,0155
-3,7482	-2,1257
-6,8937	0,6270
-13,2507	13,0787
-3,6168	-1,9291
-1,9130	2,2654
3,3955	7,7047
0,5774	-10,3176
2,7402	1,4134
-7,5489	4,7555
6,6069	2,3307
-5,1897	-0,6184
9,7526	-9,8589
-0,2746	-2,3877
-3,1580	2,8550
0,5120	-3,3054
-0,9300	11,4402
-6,1727	0,2335
-3,6825	-6,1888
-3,9447	-0,2905
-3,4204	2,4619
-10,3671	2,1998
-12,7263	9,2777
5,1649	3,1829
-8,2699	9,4744
-1,6506	9,2121
-4,1411	-3,2396
4,5097	14,3895
1,6261	7,5081
3,6577	3,1829
5,1651	10,8504
10,8011	-10,7108
1,9539	1,1514
6,8689	5,8041
6,9346	-8,8102
5,9514	10,2607
9,4905	3,9691
-0,2745	5,6076
2,2160	6,8526
1,6917	-3,8952
2,2814	0,1682
-1,8472	9,2118
2,2815	-10,9731
-0,9298	5,1488
0,7086	4,1655
-10,0392	-6,5167
-8,8596	-0,4874
6,2137	-2,6502
0,9050	-4,0264
-5,1896	-2,2570
2,2158	-16,2160
0,5119	-9,7279
-5,1243	-10,2523
-8,4010	-6,7788
-6,0418	7,1802
-7,4836	-5,9926
-14,1683	-1,7981
-15,8722	3,6412
-16,4620	-9,4658
-11,4159	-0,7495
-21,5738	-1,8637
-20,5253	-6,4511
-16,4621	-0,1597
-8,6635	-4,3540
-24,1954	-0,3562
-11,4814	6,1317
-5,1900	-10,7764
-14,3650	4,6901
-6,6316	8,6876
-11,0225	-4,2884
2,8056	-5,4024
-7,8767	-6,8443
6,8035	-3,8296
-0,1434	0,7578
9,5561	-10,4488
2,0849	-0,4873
7,0002	4,6243
6,4104	-15,3640
11,5877	-1,0772
5,9518	-5,1405
13,2261	-8,6139
17,8137	-4,1575
16,9616	-12,8083
9,0320	-11,2353
18,7311	-7,9588
19,6486	-23,8838
7,8522	-11,6941
14,4058	-11,5632
7,9832	-21,5902
13,2261	-19,6239
4,7064	-13,0705
7,6556	-10,5802
3,6578	-11,4976
1,7573	-19,0342
-1,2573	-10,2523
2,8714	-1,3396
10,5390	-15,7574
11,2598	-7,1066
-0,4054	-2,4537
11,3254	-14,1846
5,9515	-16,4126
8,1798	-15,8883
10,3424	-0,3563
4,3132	-3,1090
8,5075	-14,3154
-0,9951	-0,9461
11,3255	0,7577
-0,2743	-6,8443
3,8545	2,0685
-0,2088	2,5927
-4,0754	2,0030
-4,6652	3,5103
2,4125	-10,0555
-8,2698	0,0371
-3,0270	5,0177
0,1841	-2,9775
-14,2337	4,6902
-10,4325	9,7363
-4,7966	-1,5357
-0,7334	2,2653
-7,8113	-4,8782
1,6260	-0,2906
-6,2383	3,3792
-4,5998	-10,5143
-2,7648	-2,2568
5,6893	1,4131
-0,6676	-4,9439
8,3763	0,1025
-1,9783	-8,2206
-1,4540	1,5443
5,8861	3,3792
8,1796	-4,9437
2,6092	0,7580
6,6724	2,7239
7,2622	-2,9120
2,7402	14,5205
11,1289	2,8550
3,1334	3,5761
-1,7816	5,2799
7,1312	-1,9289
3,3302	10,4573
-0,0777	5,5419
1,1675	-7,4340
1,8884	12,6199
3,8544	0,4301
-1,7162	-1,2081
4,9030	9,8017
12,8982	-5,2714
4,4441	1,2168
10,2114	8,6877
10,8666	-2,3878
1,9540	4,8213
20,3039	9,8674
4,8375	4,5591
10,1460	9,8674
25,3502	0,8235
6,0172	8,7534
7,7867	12,9476
6,4761	-3,2397
21,4180	2,0688
2,3472	12,3578
10,8013	3,8381
10,9978	7,7048
8,9006	7,9669
11,4566	10,4573
2,8713	15,5690
9,1629	-8,8758
6,7378	7,3117
10,1458	9,9329
3,7888	-5,2713
3,3301	6,1319
1,9539	9,2774
6,3447	-8,2861
-1,3230	1,9377
11,3254	0,6923
3,9198	2,8551
-3,7477	7,2459
4,2476	-3,9607
-2,1094	7,9668
5,4274	1,0854
10,4078	-4,2883
4,9029	-1,2738
1,9537	-4,2229
8,1797	-4,3541
-0,9298	-17,7888
5,1650	-10,4488
-13,9059	-5,5993
2,1504	-13,5293
-13,5128	-13,5290
-6,4348	-0,3565
-14,6269	-13,7915
-10,2358	-13,4636
1,2328	-15,4954
-5,9763	-22,1798
-2,7648	-13,2670
2,2812	-15,2987
-4,3376	-17,9856
0,8396	-9,4004
5,0339	-17,4613
5,8201	-17,2646
-7,4834	-3,4366
-0,4056	-9,0072
3,9853	-10,8420
-6,0417	-1,8637
-2,0439	-9,7936
-8,0077	-6,4511
4,1820	2,5926
-12,3331	-11,8252
2,2159	-5,9925
-1,7818	-13,2014
-3,6169	-4,8128
-8,5320	-3,5022
-3,8134	-17,9856
0,5775	-12,0872
4,5095	-2,7157
-0,4055	-10,0557
-1,7819	-4,1574
0,9052	-7,8929
-4,4688	-5,0092
-3,3546	5,4764
-3,4201	-1,1428
2,4125	3,5760
2,8712	7,7046
6,8035	-11,1696
1,6917	8,8190
3,3957	9,4085
10,8668	0,9546
13,5537	14,2583
14,1436	4,1658
11,6533	7,6392
13,5538	4,1658
14,9956	-1,1426
19,9107	0,6925
-1,7816	9,2775
8,2456	-3,9607
16,3061	-0,8149
11,1945	-3,4365
-1,0607	-11,8905
12,9641	-6,1234
7,1968	-10,3833
9,8183	4,6244
7,4590	-5,4028
11,8499	-10,4488
2,1505	-4,8783
13,8814	-5,0094
7,6555	-6,9754
1,6917	1,5443
6,2137	-7,1065
5,1650	0,5613
0,6431	3,2482
1,6261	-9,4002
2,8057	2,1997
-2,8304	-0,6840
-1,1919	1,6754
-11,5466	9,6050
5,8204	-9,2036
-11,6122	5,9353
-0,5365	13,0785
-11,8743	-5,0748
-2,5025	0,0371
4,3786	8,0324
-4,4687	9,5397
4,7720	9,0809
9,5559	1,0856
3,3301	9,9986
3,0025	11,4403
12,4396	-3,6984
5,2961	8,0327
10,6701	14,0618
-1,2575	8,0981
8,3764	10,9817
-0,2744	8,9501
-2,5682	16,3557
-5,6482	26,3825
5,0340	16,1589
-8,9250	14,2585
6,0170	13,8651
6,6068	-2,1910
6,3445	5,8043
-2,2405	0,6924
5,3615	-1,6012
-0,9299	3,5104
-3,6168	-6,3200
-1,3231	-1,2081
-7,7457	6,0662
-0,4056	-6,5821
-9,0564	-0,6183
2,5435	2,1995
-9,1875	-5,9924
-13,7750	-0,4874
-13,5128	-2,9779
-0,9300	-14,5776
-5,8452	-3,9608
0,0530	-17,3303
-3,2237	-12,8737
-1,9130	-7,6310
-7,2868	-7,3688
-4,7964	-5,3371
6,2791	-4,2886
-5,9106	-1,9292
4,6408	-0,3564
-3,7479	-7,1721
-4,7308	5,4109
-5,1895	7,8355
11,9808	-4,8782
-0,8643	-4,6815
1,8883	-1,6014
-8,0730	3,8381
3,8544	7,8356
8,1797	-7,8273
1,8227	6,0663
0,7742	7,7702
0,8397	-2,8466
0,2499	3,7072
-9,3185	17,6661
0,8396	5,1488
-13,1197	13,4719
-4,9275	6,1974
-6,7628	-1,4701
-10,4326	9,6709
-13,7094	5,2799
0,3151	7,2462
-15,6756	5,2799
-14,8890	6,7218
-6,4349	9,3432
-3,6824	0,4958
-3,2891	9,6708
-2,3061	3,9036
2,6748	-0,9460
5,6891	6,8528
1,2329	5,0832
0,3154	-5,7956
-2,4371	-1,0116
1,1018	-4,2228
1,5605	-2,2567
-6,5659	6,3285
5,0338	1,3477
-6,3037	1,4133
2,2159	17,4694
-9,4494	-5,2714
3,3956	5,1489
8,2452	2,0686
3,9198	-1,2081
7,8521	8,3600
10,6045	-2,8466
8,1142	-4,6816
5,5583	6,3283
20,7627	-10,1868
-0,3400	-2,8466
7,4591	-3,8299
10,6700	-5,5992
14,0780	-8,0896
1,1019	-5,2060
5,2307	0,8888
1,1674	-0,7495
8,4418	-3,7641
0,5120	9,3432
-1,5852	13,5373
-5,8450	3,8382
1,2328	11,5059
0,2497	14,5860
-4,3378	7,2462
-0,9955	15,4381
6,0823	6,1320
0,1842	16,0281
-5,2553	23,4989
3,5921	5,6077
2,7400	17,2732
-4,3377	7,9669
-7,1557	12,0958
-1,0610	11,8990
-13,1851	6,5906
-9,0563	5,3456
-8,9253	4,2313
-6,8938	3,3138
-7,7457	7,0494
-13,8406	3,5758
-10,1050	-10,2521
-8,5978	1,8720
-11,7434	-0,0942
-13,8406	0,0369
-4,2068	-4,7473
-5,3209	-21,6554
-8,2045	-2,5844
-9,1874	2,1994
-2,0441	-12,0872
-2,8305	-11,6283
-4,6655	-1,0117
-10,3015	-5,5336
-4,0101	3,3793
-0,9299	-5,4025
-4,3378	7,6392
-6,0416	12,8163
7,9174	-8,9415
0,9706	-1,7979
2,6091	5,4108
4,1820	-7,8928
4,7062	0,5613
9,0972	-3,5676
5,3615	-7,2375
3,1334	0,2334
-1,1920	-9,2037
-0,2744	-9,4002
-10,0393	3,8379
-3,9444	-6,2547
-11,6122	-7,0410
-8,6632	-5,7303
-12,9885	-0,8807
-5,9108	3,6411
-11,0225	-14,2500
-7,0904	-8,4827
-9,1876	10,7191