6,6339	-2,9493
-1,7548	-2,2941
6,3717	-12,7143
-3,7209	-7,7335
10,1729	-0,9179
4,2089	-17,7606
9,9107	-3,9325
0,6701	-3,0807
8,6000	-10,8793
5,3232	0,4584
9,7796	-9,1755
-4,7037	-15,0080
11,7457	4,7183
1,3255	-8,9134
1,2599	-9,6995
3,6849	1,5070
1,5875	-14,0250
-0,9027	-0,5901
-5,3592	-2,1632
9,7795	-16,5809
-10,7989	-1,4421
2,0464	-11,6002
-8,8983	-3,2116
3,3570	3,0797
-6,9321	-10,0929
4,6676	3,6697
-5,2937	-0,3282
3,8812	-9,1753
-14,7308	1,2448
-0,7718	-1,7698
-5,6869	2,8178
2,0462	9,5678
4,6021	-1,3110
-7,3254	7,6676
-0,7061	13,5001
-1,3617	2,6213
4,0123	8,8472
-8,5051	5,1772
1,5875	11,3377
-12,5027	19,6605
3,6846	1,1140
-12,6339	12,6485
-10,6023	15,8594
-20,4326	5,6360
-12,8961	11,0755
-10,0125	10,4200
-13,6826	5,4394
-13,4203	16,5149
-9,2262	2,9489
-7,6532	3,4734
-18,6633	14,8765
-2,3447	-0,0001
-13,8137	3,9321
1,1287	6,0946
-12,4373	-5,5051
-4,9661	4,7839
-10,7334	-6,3572
2,1772	-4,3910
-17,0902	7,4707
-1,1651	-10,0928
-16,8936	4,9805
-6,8011	-3,0150
-8,7672	-1,1799
-8,1120	7,2742
-9,4225	0,8516
-12,5684	-0,5900
-3,7208	7,9296
-5,0318	-12,2555
0,1457	-6,5536
-12,4372	6,4221
1,3254	-15,7944
-7,3253	-2,6872
11,2868	0,9170
-7,0632	-16,1222
4,4056	-2,4907
-5,6870	-9,6342
-3,1966	-15,0735
-6,8665	-2,1631
3,6191	-12,2557
-4,5728	-10,0273
4,0779	-1,1801
-1,3615	-11,3381
-0,9029	-1,5077
4,0780	-7,2749
-5,2283	-5,1121
0,0804	-4,3913
-3,9830	-12,3866
5,3886	0,5896
-2,4102	0,1306
1,7841	-4,1946
-13,8133	-0,3280
8,8620	-7,7991
-2,4758	5,6359
0,2112	8,6502
-6,6699	-2,7529
-1,0995	-1,9663
-4,7037	10,4198
-0,1165	-2,4907
2,1119	-0,5900
-3,9831	-3,1459
0,4080	2,4247
-9,5536	9,7647
0,6701	8,5194
-8,5707	11,9929
-4,9661	14,9420
-13,7478	8,4541
-0,7063	11,6654
-16,7625	11,5342
-0,5097	7,8643
-12,5027	18,6121
-1,6239	11,5997
-10,0123	12,3207
-5,2938	14,8110
2,1774	-0,7210
-1,6238	2,4904
-0,7061	5,2427
-4,2451	4,2596
8,2723	3,3421
0,4079	1,1793
7,3548	-0,5246
-9,0293	3,0142
8,5999	-18,7437
-7,8497	-10,2239
4,3400	-11,2071
-17,6145	-17,5641
3,9468	-16,8432
-8,0464	-22,2173
-4,9006	-16,9088
-6,5389	-12,1250
-2,5414	-39,1255
-3,4588	-18,4161
-10,2091	-15,2053
-1,1652	-38,7323
-17,0250	-18,6128
-4,5730	-19,2029
-18,3357	-32,3754
-7,1290	-19,8581
-18,4012	-25,6253
-16,0419	-27,7879
-26,8552	-19,7271
-10,0781	-41,0263
-24,1683	-30,2783
-14,9278	-31,7203
-26,9209	-36,8321
-22,8577	-34,0142
-24,4961	-48,2354
-34,2611	-46,9902
-25,4136	-34,7351
-31,5088	-52,7575
-27,7732	-40,3710
-49,2037	-34,4076
-37,8657	-42,7961
-49,4003	-49,9393
-40,1597	-40,7643
-55,4297	-38,3395
-47,1720	-34,6041
-59,1652	-44,3034
-52,7427	-43,1891
-62,7040	-36,3736
-53,3981	-49,4151
-59,2963	-49,6117
-54,6434	-43,7791
-69,9786	-55,6412
-61,5246	-64,5541
-58,7066	-71,2389
-70,1099	-76,3507
-65,9811	-72,9431
-74,2387	-96,7982
-68,4059	-97,1260
-74,5009	-108,0053
-68,4715	-127,5349
-80,0715	-118,4912
-69,5859	-136,8416
-99,2735	-148,8345
-85,5112	-142,6746
-104,8443	-173,3453
-103,0095	-172,4280
-115,0025	-173,2148
-112,9712	-197,0700
-125,4885	-206,7037
-128,7656	-208,6046
-126,8650	-232,4598
-143,3148	-226,1030
-135,5157	-256,3808
-143,7081	-256,2497
-137,0888	-255,8570
-159,1090	-277,8116
-142,0041	-283,1200
-151,4413	-295,8998
-152,4899	-306,2544
-165,3349	-308,3519
-154,3250	-314,1192
-166,9078	-324,8671
-165,1385	-324,0809
-160,1577	-342,1689
-158,0608	-337,7125
-162,4515	-343,4144
-167,0392	-362,5507
-155,5046	-356,0627
-160,4854	-361,8956
-147,2471	-364,2548
-152,4900	-357,5703
-135,9747	-365,4346
-138,7274	-356,7837
-136,8266	-353,3760
-130,6006	-367,4005
-124,1781	-358,2910
-129,3553	-347,1501
-112,5781	-359,7328
-124,6366	-346,2324
-112,1192	-356,6525
-110,8739	-345,6423
-106,3520	-326,8992
-104,9755	-342,3654
-102,6164	-314,9713
-94,6208	-313,0053
-97,6355	-310,9078
-82,4965	-285,7420
-92,1959	-295,7689
-73,1903	-284,8239
-86,2974	-266,0153
-58,6411	-280,2362
-72,4691	-251,0725
-49,5969	-237,1791
-51,6286	-240,3245
-42,3878	-223,0228
-35,7030	-221,9742
-30,8534	-215,1582
-27,0521	-201,9854
-24,4306	-201,1988
-12,5030	-181,4722
-15,4522	-170,5934
-10,4057	-170,6586
-14,3379	-154,9953
4,7331	-146,8033
-13,4859	-144,2472
3,2914	-123,6034
-9,2260	-127,0111
-2,6069	-119,7363
-15,4517	-101,6485
3,8813	-112,4617
-5,2937	-87,6234
-0,5751	-81,1356
-1,3614	-92,2108
6,9615	-74,2539
2,5052	-81,8561
7,9446	-79,8242
15,5468	-74,9746
-3,5898	-71,3701
8,4034	-64,9475
-7,5219	-54,0031
7,4203	-71,3045
-6,2112	-62,9812
3,8813	-58,0006
-2,0825	-60,8840
3,8157	-42,0098
-8,8980	-59,9011
8,9276	-51,5777
-0,1163	-40,5680
4,7333	-55,5100
4,9956	-55,1823
4,5366	-44,1068
5,9786	-46,8592
5,2575	-42,3373
6,9616	-49,4806
-7,4564	-44,1722
11,6801	-29,6233
-5,6215	-46,6625
1,5876	-33,4896
-5,7526	-26,9362
0,5390	-26,0186
-9,4225	-20,8412
1,1287	-29,1642
-9,8812	-23,7245
-0,8373	-10,9452
-4,3761	-21,6274
9,7795	-16,3845
1,7188	-14,7462
11,3524	-24,3798
14,4983	-19,6613
8,1412	-16,8432
16,2679	-20,8410
6,3718	-14,8117
19,8723	-27,7223
7,4859	-19,3991
14,9571	-16,3848
5,2577	-32,8996
11,4835	-11,6660
-3,7862	-25,9529
9,7796	-26,8702
3,4227	-10,8795
13,7772	-17,3675
6,6340	-5,4398
9,1242	3,0141
4,8646	-2,3597
11,4836	0,0653
27,1467	6,8811
0,2114	1,6382
15,1539	21,9544
11,6146	13,5003
15,7435	13,9592
1,8499	22,7410
23,8700	18,4811
5,3887	21,4303
7,5515	25,2970
-1,0337	22,0857
7,8791	17,6948
2,3086	19,5298
-0,7717	15,6632
0,4081	25,1658
7,7478	11,0100
-1,4925	14,0903
3,4225	20,5782
6,0441	8,8473
5,6508	10,0924
11,0903	10,2890
-5,0971	14,0245
8,2068	17,8254
-0,9029	-4,9155
3,0294	-0,3933
-5,9490	12,1239
3,9468	0,5240
-6,3423	4,7183
-0,5097	0,3929
-11,5195	-6,7504
0,9976	4,6529
-6,6699	0,5895
2,7671	-0,0657
3,7502	5,2425
-2,5413	-10,9447
5,4542	-2,4904
3,2259	5,7668
11,8112	-5,9640
-9,8157	-2,6872
5,3233	-6,5538
2,9639	-1,0487
7,6824	7,2086
-7,9805	-1,9663
10,8938	3,1455
0,9978	10,6165
3,9469	0,7205
5,6510	-1,3765
7,8135	-8,2579
3,8816	-8,1922
2,7672	-2,4908
10,5661	-19,2024
-2,8034	-6,2917
8,9932	-3,1463
-6,2113	-22,2827
13,9084	-12,4520
-0,1165	1,3101
8,7311	-11,7315
4,8644	-14,2216
6,9616	0,3272
5,9132	-6,7507
12,5322	2,3588
7,0929	-11,2070
10,1074	1,1794
13,5154	2,6210
13,1220	-5,7674
11,0251	3,3421
15,9401	-3,2116
15,2193	1,0484
9,7797	7,2086
24,3943	-3,4082
5,7820	-0,3279
16,7921	4,5872
1,1945	-7,0127
9,7142	4,0630
-2,3444	1,3759
1,1945	-1,1798
-2,9342	9,7645
8,8621	-5,0465
-5,4902	10,3545
-1,6236	13,8276
5,7820	-2,6872
-0,9029	2,7522
4,4711	1,3759
-5,5560	-16,3842
4,0123	-2,6872
-11,7166	-3,8670
-8,7017	-9,8962
-22,2678	-1,1145
-6,9977	-11,7967
-19,9740	-5,1119
-10,7334	5,7668
-17,2869	-4,2601
-2,6726	-0,1967
-20,3670	2,0968
-4,1142	-0,0657
-7,7186	5,0460
-1,0996	-2,8839
-3,9175	2,7523
-2,3447	6,1599
4,6022	-7,6680
-5,2283	-1,3109
-2,0168	1,0482
-0,3130	5,7013
4,2090	2,9487
-2,9343	-12,0588
15,2191	0,3931
-0,1819	8,5849
11,2215	-7,1436
3,0296	0,1310
10,7628	4,1284
11,4182	-4,4567
12,2700	2,1624
13,8431	-2,8839
20,2654	-7,6024
16,6612	0,2618
19,5445	-8,5200
15,8747	-8,9132
22,3626	1,2447
15,7435	-18,3505
5,8478	-7,1437
23,4113	-12,4522
5,5855	-11,6657
20,4622	-9,3065
10,6974	-14,5493
19,8068	-1,1144
4,0784	-0,1315
18,5616	-16,4499
12,5980	-6,8159
22,8214	1,8345
18,2340	-12,1901
21,5106	1,2448
18,2994	-9,6998
6,2408	-7,1437
11,5494	-3,0151
6,3062	-12,7142
10,4351	-0,0659
2,0463	-2,8185
4,7333	-8,5199
-3,5244	6,5532
4,6020	0,8515
-23,9060	-2,0975
-2,8034	5,4391
-4,7042	-7,6025
-7,8498	-6,2916
-7,5875	2,4244
-3,9832	-11,4691
0,2113	-5,3086
2,2428	-2,1631
7,4859	-10,2894
1,9152	-3,8671
7,1583	-15,6634
3,5537	-4,7188
17,1852	4,3250
-1,2304	-13,3696
13,4498	2,5558
-1,0993	3,8663
7,5516	0,7206
7,8792	3,2110
14,1706	-5,3087
0,4736	-8,0610
4,3403	2,2934
10,6317	-6,6851
7,8135	-7,4059
11,1560	-6,9472
0,0147	-11,5347
6,9616	-11,2725
8,0101	-16,4498
10,6316	-7,9301
3,8157	-5,3089
9,9763	-20,8407
7,6824	-14,2216
10,3039	-8,5856
-5,2280	-23,3967
12,4667	-6,2262
2,6363	-10,6174
15,6124	-13,1731
5,4544	-4,0638
15,3503	-23,0036
10,3696	-12,1900
12,6633	-0,1971
11,2872	-8,7822
5,3888	-1,5732
9,9109	-6,2263
3,7504	-6,1605
19,2825	9,3713
7,4202	-6,0952
12,4010	-8,7818
-2,5411	11,0098
9,2553	-8,9132
-6,9976	1,7038
4,8644	8,0605
-10,0777	2,6866
5,1265	-0,9178
-3,4587	-12,1899
4,9298	0,2620
1,3910	8,5193
1,5219	-11,8623
-2,8033	-4,9808
-6,3424	9,5023
1,9809	-6,8161
-4,5730	-0,7211
11,7457	-5,3088
-2,0169	-5,0465
9,4520	6,0944
4,7989	-19,0058
18,8891	-9,0441
4,1437	1,1136
12,5979	-12,8455
18,1684	-18,0227
12,9910	-13,0420
19,8725	-13,7630
17,7751	-7,7338
13,0567	-17,9575
15,1537	-22,0861
21,0520	-9,7655
4,2091	-22,6106
19,6102	-18,8094
3,0294	-25,2320
7,6170	-26,2150
-1,3615	-19,7925
3,2260	-29,8196
-8,7670	-24,5766
3,4224	-17,7610
-11,1920	-23,7247
-1,8205	-17,1054
-7,1287	-14,4186
-0,9031	-12,8456
-6,9321	-3,6706
-2,2792	-2,3598
-6,9977	-3,9325
-4,3108	11,4028
0,1457	-5,0467
-10,7332	-7,3401
3,2916	8,0606
-4,2452	-3,8669
9,3208	-2,9492
-7,1287	2,3590
3,1605	-1,1143
2,4395	6,8810
4,1433	-4,3256
-7,5874	-3,6702
-2,7379	4,9804
-0,7717	-3,1461
-1,2962	-3,9980
-5,6869	-3,5394
-0,3131	-22,7413
-1,0995	-0,5902
-3,3933	-17,8263
5,4542	-21,4962
-7,6532	-4,4570
8,1411	-25,1007
-5,2283	-14,1562
6,2406	-7,4717
-6,4079	-16,7776
1,1943	-5,4399
-3,3932	-8,1925
5,5196	-4,0635
-8,6360	4,1938
6,1750	-18,5469
-1,0995	3,4078
-2,8034	19,7258
-0,1818	-11,6001
-1,0341	7,1433
2,3084	7,9949
-3,2622	-6,2916
4,2745	7,4708
1,0631	-6,1607
3,2915	-2,0317
-4,7694	11,4684
12,1388	-5,6363
-0,7717	8,2574
-1,6892	8,1262
-3,6551	0,1965
4,8643	16,8425
-1,6236	4,2595
6,7648	-2,2939
-3,2621	7,6020
-8,1774	-6,1605
-5,6213	8,5851
-6,8668	9,2403
-2,0169	-1,3764
-9,2260	0,9829
3,4225	-0,1312
-20,3016	1,7038
1,2600	11,6651
-3,1968	-5,1776
-6,1458	4,1286
-16,8280	9,7645
-12,8304	1,9003
-20,1704	2,0969
-9,0294	1,4415
-13,9446	1,1139
-16,8938	4,5217
-17,9422	-7,0126
-9,4227	-0,3278
-5,8837	8,7815
-11,6510	-4,4567
1,6529	2,6869
-15,2554	9,3713
1,8496	-7,6679
-5,7526	11,5342
8,9931	3,5386
-5,1627	-1,9007
5,0609	7,0121
-12,9613	-3,2114
10,6970	5,1772
-6,7354	8,6504
5,3231	-15,7288
0,5391	5,0461
-2,4757	-6,2919
3,1606	-8,1267
0,4734	0,3272
4,8646	-11,3382
1,3909	-15,5324
8,2069	-7,0128
3,6847	-19,5957
10,3695	-15,1392
2,7017	-11,7315
11,6147	-25,8215
-5,2935	-8,3890
13,3842	-9,6999
-4,9003	-10,6828
8,9933	1,3102
1,2601	-14,8117
3,8813	-4,0636
4,4713	-2,1633
1,4564	-10,2240
-1,1648	2,3589
-2,8690	-8,8478
0,4080	-5,5053
-1,4928	-1,3767
3,8157	-11,6657
-8,7018	-1,5731
-1,0995	2,8177
-14,5344	-2,4251
-4,9662	6,8155
-15,6485	4,6527
-1,6895	-1,5730
-14,5345	15,1385
-7,0634	3,2765
-18,3355	4,7840
-9,1606	7,6020
-14,7310	4,1286
-8,8330	12,8449
-11,4542	5,2426
-14,0757	-0,2622
-5,6216	5,0462
-15,7796	0,7863
-1,4928	7,8642
-18,0078	13,8278
1,0632	-6,0296
-16,6315	1,0484
-0,3785	2,1623
-9,6846	-4,7188
3,4880	6,2256
-1,6237	-5,1121
-2,2136	4,1940
3,2915	5,9633
0,4078	-11,5346
1,1944	1,7038
7,6168	14,0897
6,8960	-10,0928
-10,9953	0,8518
9,2554	6,4222
-3,0000	-1,6386
10,6316	9,4370
1,1943	-2,6872
11,6145	2,1626
-2,7378	9,0437
11,5490	-0,2623
-15,7137	13,6968
7,4204	1,0482
-1,3614	-7,4713
0,0148	12,3204
4,3403	-6,7507
4,9953	-9,1096
6,1098	3,8007
8,0100	-13,6319
3,1606	-7,0781
-1,3616	-0,1315
6,9617	-12,5832
2,1774	1,2448
7,8791	-6,3574
0,4080	-9,6341
12,9254	-2,2942
0,6702	-8,6513
12,5976	-14,2216
-1,1648	-7,9303
10,9593	-18,6126
5,2577	-10,3550
9,3864	-13,5664
2,7674	-13,8941
7,6169	-12,0591
12,8597	-14,4184
-2,8033	-11,0106
5,1921	-12,1247
-5,2282	-15,7291
6,7649	-6,3574
-10,6022	-11,7969
1,3910	-9,8962
-17,8766	3,2110
3,4225	-4,5878
-10,5366	1,9005
-2,2136	15,0075
-14,0100	-0,5899
-3,2621	15,5321
-3,1966	28,3768
3,8157	10,0926
4,2746	17,8914
1,5219	13,2383
4,2747	21,2993
10,1727	24,9691
2,6363	6,1604
5,8474	11,8621
8,7967	14,3522
6,5684	-0,2622
13,7118	12,1241
6,6996	5,1115
11,8113	0,3275
5,1267	6,1600
20,9207	-10,0928
1,5878	-0,7866
8,0758	6,2910
9,9109	-12,5177
10,5661	-5,3086
13,2532	2,6210
9,1242	-12,4521
13,8430	-4,0635
-2,4101	-4,9811
11,6148	-4,1291
-3,0655	1,5725
9,5831	-12,5833
-2,8689	-12,7798
3,0294	-2,8185
3,4226	-12,9109
4,0124	-4,5225
-10,8640	-23,3968
10,3039	-13,2386
1,9154	3,9315
-2,4100	-23,0693
0,1461	-17,3674
0,9978	-7,0786
5,1922	-26,0183
-0,0510	-21,1686
3,6193	-17,2367
-4,5074	-26,2149
-5,6869	-10,0277
-15,5829	-22,0207
1,1287	-17,7607
-15,7141	-10,1587
-6,6045	-24,9040
-9,4882	-7,7991
-5,4905	0,3272
-11,3231	-9,1753
-3,7211	1,1139
-8,7017	-4,7845
-5,8838	2,2936
-10,0778	5,8979
-0,9030	-11,9933
-1,0339	-8,9785
-5,9492	6,6843
6,5683	-8,3234
-9,9468	-12,5177
8,0757	1,9001
-4,3107	-11,9936
8,6001	-4,0637
0,8667	-14,3528
11,8113	-13,1076
6,6994	-17,1054
11,6801	-18,8092
4,2747	-5,5055
5,9786	-14,4841
10,1730	-21,1684
2,3084	3,0141
6,8963	-13,5666
3,4881	-19,5955
9,8452	-2,2288
2,1119	-21,9550
14,4983	-16,9085
2,1774	-9,5687
13,3187	-17,6952
4,5368	-12,3211
12,4667	-17,4986
3,3572	-13,4352
5,3888	-3,8672
5,1923	-21,8239
6,2406	-5,8330
4,1436	-5,6366
10,1727	-9,8307
-0,3128	-4,5223
7,9445	-8,9787
-2,0823	3,2110
-4,5728	3,4074
6,5029	-13,4352
4,3400	-3,7357
16,5298	-2,9495
1,3908	-9,0443
11,5492	-4,5223
-2,2135	-2,9497
9,9763	-16,2533
-2,4100	-6,8162
11,8768	-20,0546
-5,3591	-12,8454
0,9323	-7,6683
5,3231	-17,2365
-0,1164	-16,1223
1,7843	-15,0083
-1,0995	-23,7900
2,1774	-10,7484
-7,7187	-23,3314
2,0463	-13,5665
-10,4712	-19,0716
-0,6407	-20,2512
-10,8644	-21,4963
3,0949	-16,8433
-14,0756	-22,0861
5,9129	-12,4525
-0,0509	-22,0862
2,6360	-18,4161
-9,4878	-10,4864
8,6654	-19,7269
11,4835	-14,6806
0,5390	-12,4524
7,6826	-21,5618
4,1435	-7,6682
14,3673	-18,6128
11,9423	-23,7243
13,9086	-2,0977
16,5299	-20,1201
22,1004	-11,9279
2,3087	-2,3599
16,3990	-14,9427
7,4860	-6,7506
21,2486	-5,8989
11,7459	-21,2996
13,7119	-7,7991
8,0760	-15,2705
20,2654	-11,9279
11,9425	-4,6536
18,8892	-16,3190
13,7776	-16,3843
12,1389	-7,0130
12,4669	-12,5180
5,4542	-14,0907
16,3989	-12,6490
5,1265	-19,2680
13,3187	-9,9620
-3,9829	-18,0884
7,4204	-14,8116
-0,9027	-10,2242
11,9423	-13,7631
-3,6552	-4,9158
6,8961	-15,8603
3,3572	-19,8578
10,8281	-4,6537
2,3087	-15,5327
5,6509	-9,8964
10,8938	-10,8796
8,0101	-23,3312
11,1560	-6,7506
0,9322	-7,9303
11,7458	-9,6342
-1,4271	1,0481
9,2553	-1,7044
1,6531	-2,1630
5,1265	0,1962
-4,0484	-12,4521
3,8158	-6,0950
-5,8834	12,7790
6,3061	-6,4885
4,2745	-3,0150
0,6044	-7,9958
-0,7717	-4,9810
-4,5074	2,2277
-3,8519	-9,2410
-4,9007	-15,2701
0,1456	-3,1461
-20,5638	-11,3381
-9,3570	-1,9009
-15,1244	-4,6535
-7,5877	-16,4497
-11,1267	0,3929
-8,5053	-9,5031
-21,2191	-7,8645
-6,2115	6,7499
-13,6825	-2,0975
-9,7504	-2,7527
-10,4055	-0,2624
-5,0318	-5,4395
-1,8203	11,5997
6,2404	-2,4251
-3,6553	10,0925
-8,8982	18,1532
11,9423	3,6044
0,4078	18,4810
1,5222	14,1555
2,3741	3,1457
9,3209	15,4665
-6,2766	6,2256
15,6779	1,6384
4,8646	10,6822
21,0518	1,1139
13,7775	-6,8159
16,9231	9,0436
12,8601	-9,5031
14,8916	3,7352
22,8215	-2,6220
13,7772	-16,1222
12,2047	-6,1607
2,0465	-15,9912
18,6270	-14,9425
2,0464	-7,3404
8,3379	-13,2386
0,0149	-10,6171
17,1852	-3,8015
5,6509	-14,8769
14,9570	1,3104
0,2770	-8,9788
8,4689	-6,8159
3,2262	11,0751
10,1728	-7,8647
4,2092	-3,0148
-0,1163	6,9464
10,1729	0,0652
-5,4248	6,8810
8,1414	8,5850
1,9151	9,6336
7,8791	13,1070
-4,0485	6,4224
1,9809	9,1751
-4,0485	24,7069
4,2090	6,8156
-11,0608	17,2359
3,9468	17,6290
-3,6553	11,2722
-2,6725	12,2551
-7,2598	0,9175
-6,9978	16,2527
-9,8158	10,3545
-9,2261	0,0653
-5,9492	-3,5391
-9,4228	5,5047
-4,5729	-2,2940
-6,1459	3,4730
-6,8011	-9,9619
-7,1943	-9,8306
12,8595	-0,1315
-5,6214	-15,2048
12,6631	-11,9933
0,2770	-1,9666
15,8089	-14,6804
8,6001	-4,2602
13,1220	-1,8355
9,6488	-5,8987
16,5954	-3,7360
14,7605	-12,8454
7,2893	-4,6534
18,6271	-3,9982
12,9907	-12,8455
7,8137	-19,6612
3,6192	-9,4377
11,4180	-10,0930
-5,2936	-7,0130
10,8937	-22,5449
-3,4587	-10,1585
6,1096	-5,8988
-7,7840	-14,0908
-0,5751	-17,8916
1,5877	-10,2240
4,9954	-7,7336
4,6023	3,0142
-0,1165	-15,8600
-0,6404	-9,3063
2,7016	2,3588
7,0927	-19,9232
-2,6067	1,6382
7,2238	0,7204
5,7818	-9,6341
18,6925	0,1307
-2,8689	-2,8185
1,6532	-8,9787
-4,1139	-4,3258
4,7987	-8,9788
-3,1965	-7,3403
-0,3786	7,2741
1,3910	-2,8840
1,3908	0,3930
-6,8009	0,6550
1,1942	-3,8668
4,7333	8,6504
-0,7063	-7,2092
3,7503	-1,7040
-3,5899	19,2672
0,2769	-3,2771
-10,4711	7,2743
1,1944	5,6358
-6,5389	0,9828
-1,0340	10,1578
-19,1216	0,7862
-1,8859	4,9806
-8,2429	15,0074
-1,6238	-8,7165
-3,1966	2,6869
-10,6022	8,9782
-5,1626	-1,8352
-3,7210	2,0970
1,5219	-1,0488
-17,2215	-0,5900
-6,4734	9,3714
-15,3209	-3,0805
-8,3740	6,8156
-17,8768	18,7429
-3,1311	-3,0805
-19,2530	0,8518
-4,3109	-0,5245
-15,9761	2,5557
-2,2792	2,0314
-4,2452	-13,6317
2,3082	-7,6678
-3,3931	10,8131
-1,3616	-11,0760
3,3571	-9,0441
-4,1142	-2,3597
8,2067	-14,0250
-4,0486	-1,8353
6,3717	-13,7630
-13,4203	-11,5345
-1,7547	5,5700
-8,4396	-23,1345
-0,7063	-6,1606
-11,4541	0,7859
5,2574	-13,1731
-5,6215	0,1307
1,5874	-9,4377
-10,6020	-10,2895
1,8496	3,8661
-3,3931	-14,1563
0,9977	-8,4545
-1,0338	-3,5394
1,8497	-14,1562
6,1751	-3,3427
3,6191	-1,9666
9,9762	-11,1415
-9,5535	1,3758
11,3525	-4,7845
0,8667	-2,0975
8,0757	6,8153
-0,5751	-13,1731
6,1096	-2,8182
-0,1162	1,4415
7,9445	-0,1313
2,6363	1,0483
7,3547	4,7838
7,1582	0,7207
5,7163	2,2280
7,8136	-9,8305
-1,6237	9,1094
16,3989	13,1723
1,8498	-6,5538
11,8770	-4,8497
11,5493	-5,3742
18,5615	-6,4226
2,5053	5,4391
25,1152	-9,1099
13,6463	-5,7673
13,6464	-0,5247
11,6150	-11,9934
18,2994	2,4245
7,4862	-1,3112
13,9086	-13,4352
19,9379	0,7205
10,9592	-13,8285
6,2409	-3,1460
7,2238	2,8830
18,4960	-20,6442
5,5197	-7,4713
10,1728	-1,1801
-1,9513	-12,4521
12,0079	-3,9324
3,5537	1,5724
6,1753	-5,1121
9,2555	3,8007
14,3672	-4,9812
8,1414	-5,9639
8,4034	4,5872
3,2919	2,4900
12,1389	-6,9470
10,1074	-2,8183
7,0271	3,2765
16,0711	6,8153
2,9638	-11,7968
8,6656	-4,1945
5,2576	5,6355
18,3648	-8,6512
0,0147	-12,0589
5,1266	-5,3088
-2,8031	-18,7436
9,9107	0,2617
7,4204	-11,8625
11,7457	-19,1367
0,2771	-0,1315
11,4180	-15,5324
11,2215	-8,7821
6,6339	-2,0977
13,1875	-15,9911
5,9784	-9,2409
15,3503	-8,1269
2,4395	-10,8792
11,4836	0,9170
1,3911	-9,4375
10,7626	-1,5731
-5,4246	6,5532
9,1243	-9,3720
2,9639	-0,7865
6,8959	6,8154
1,1944	-0,5245
5,1920	3,8664
-3,9829	3,9975
0,1457	12,0584
6,6993	13,5001
-2,1481	-7,7334
-1,6892	2,2937
-5,6215	6,5534
2,2430	1,1140
0,1457	13,6968
2,8983	6,6844
0,8013	0,0654
19,3479	11,7307
2,3086	-3,1460
22,5591	-3,3425
7,4206	5,7013
20,7242	-6,1607
11,0905	-4,9811
12,4667	-15,2702
16,2023	-9,8307
9,7796	-7,9958
6,1754	-18,5470
8,3378	-9,8962
7,6171	-2,0976
0,6701	-10,0930
11,8114	-4,1292
0,1457	-13,3042
6,6339	-9,9617
-8,5049	-0,5903
9,4520	-21,8239
1,3254	-6,8815
7,6824	4,5869
-2,6722	-14,2873
8,4688	-5,8331
2,8983	-11,4038
-0,8372	-20,8408
5,4543	-5,8331
1,2598	-15,7291
4,0779	-11,4036
-8,3740	1,8345
6,5027	-20,3820
-9,0295	-0,7866
-5,8180	1,3758
-10,6023	-6,9470
-6,3424	6,6844
-10,1435	0,5240
0,2112	-3,6046
-8,8982	8,9781
4,3399	-4,6533
-7,0631	-8,0611
0,8666	2,2934
11,6147	-6,2918
4,6675	1,2448
0,9980	-7,4060
10,7627	-13,6972
14,7604	9,1745
5,2576	-13,3042
10,3041	-8,7820
7,5515	1,3102
18,1684	-14,5493
5,4544	-1,3110
15,2192	-5,5055
6,7652	-8,9132
12,4012	8,3881
12,0735	-9,2411
15,5468	-7,0126
8,3380	5,3079
6,8306	-5,7020
15,2848	-4,8500
8,4688	-8,1923
9,2556	-3,4081
9,9762	-2,8183
11,9424	-1,9663
0,5391	-0,1312
15,8745	6,9465
3,6848	-7,3402
10,4350	4,1287
-0,3129	13,3690
12,5978	-3,7358
5,9130	15,5318
11,7457	5,4391
1,9154	3,2766
13,2531	5,7013
13,4497	-9,0442
12,5977	7,7985
10,9595	-3,8670
11,8113	-1,5076
22,5593	1,0482
8,4689	-2,4252
17,4475	-9,8307
9,8451	-2,7529
10,8938	-6,9472
2,5706	-1,1144
5,7164	2,7521
-6,4734	-12,1245
-3,4588	-5,7018
-6,1457	-2,7529
-10,9956	-5,8330
-14,9931	2,6211
-6,0149	2,4245
-12,8961	-3,4737
-13,5515	3,7353
-13,7480	-3,7358
-10,8646	1,5072
-5,7527	10,3543
-14,5346	0,7862
-6,9977	12,5827
-13,2237	1,8347
6,7648	-3,0803
-6,2769	11,5996
9,7139	-4,8500
-7,7186	1,7038
2,1119	10,3542
5,9129	-17,0396
9,5173	-5,5707
3,8159	-7,0783
1,0633	-17,0397
7,4859	-10,6827
2,0462	-17,2364
2,3086	-11,7313
-0,7062	-3,5396
8,2068	-20,1201
4,3400	-11,4692
5,2577	-12,7146
-5,2281	-25,2973
7,6825	-4,5879
-8,3737	-7,9305
9,1899	-19,3990
0,0148	-4,4569
8,7310	-16,9742
-6,6698	0,3929
7,2892	3,8661
-0,7061	-18,8747
8,6654	-3,9324
0,4735	-5,1778
-2,7379	-14,8769
5,5198	1,3759
-4,3763	-12,1902
4,9298	-12,0588
-5,0317	4,5215
0,4734	-17,4329
-13,0270	-4,3255
3,5536	-2,0976
-10,5367	4,0629
1,7841	10,2887
-5,9491	-4,9810
-4,7695	0,5242
-3,5897	6,6844
-2,0171	-1,3109
-0,7061	4,3253
2,1771	10,8786
-3,1310	1,4416
-0,7064	4,6529
5,5196	-2,6872
-6,7357	3,2766
-5,1627	8,3227
-11,0610	-8,9787
-2,4758	-2,4249
-15,5830	7,0120
-13,4204	0,6552
-17,8113	2,0315
-11,3234	3,4732
-29,4112	0,6552
-13,3550	7,9951
-24,4960	-6,1606
-11,9132	6,5535
-20,6950	4,0628
-20,9571	-8,1267
-5,8838	2,8177
-17,1560	-2,9497
0,6044	-17,1052
-13,6171	-3,0806
-0,5752	-17,0399
-11,5198	-11,4037
0,5390	-11,6005
-5,4249	-25,5595
4,2744	-10,8139
-6,5389	-8,7826
4,4711	-25,9528
-3,3277	-15,9257
1,3254	-19,5303
1,3255	-21,5618
4,4056	-5,7677
6,3062	-27,9843
11,4179	-12,6487
13,0564	-4,3915
2,5707	-16,3189
17,5786	-9,2410
13,7117	-12,8456
24,9185	-12,7799
12,8598	-11,4037
18,4306	-13,9596
5,0612	-6,4886
22,2971	-1,7045
4,7336	-15,4014
19,4791	-5,7020
8,0758	-13,2387
3,0951	-7,6680
8,4036	3,3419
2,8328	-11,2070
3,7504	-8,0611
-3,5243	11,5339
-1,9513	-5,0467
-8,7018	1,3105
-7,7841	4,9802
-15,1243	-12,7797
-13,6824	5,5048
-9,7503	-0,0004
0,4076	-7,6023
-21,9400	10,8787
-4,5074	-0,1970
-12,1750	2,6868
-1,0996	9,3058
-12,2405	-1,5732
-3,2622	-1,5075
0,6047	3,1454
0,6700	-5,1776
5,1922	4,9804
12,5320	-7,7336
15,3502	0,9828
3,8158	6,7497
14,6949	-15,9911
2,1119	2,3591
13,3842	-2,0976
0,2769	-11,3378
7,3548	9,3713
2,2430	-8,6511
8,7310	2,0314
-7,5874	8,1916
4,4711	-5,5054
-11,3884	-4,1945
3,1604	6,4877
-1,2305	-10,8793
-0,3132	-6,3571
-1,6238	0,0653
-7,3256	5,2426
-0,1164	-2,4906
-0,3787	-6,8159
-1,0996	5,7015
-12,6337	4,7837
1,4565	-16,1220
-6,4733	-1,7696
7,5513	1,8345
-3,4586	-8,7821
10,1727	-1,1145
-4,9004	-18,5471
6,5683	-9,2410
-1,4269	-7,2095
2,5706	-17,5641
3,0295	-16,6465
5,6508	-12,6490
5,4543	-16,9086
1,3254	-10,6172
12,4667	-15,1392
5,2576	-3,9326
11,8113	-9,8964
7,5514	-11,7312
14,9569	-5,1122
3,9470	-5,3744
16,0055	-14,6149
2,1119	-6,2918
0,9323	-13,6975
7,0272	-18,3503
4,7988	0,5238
-0,1817	-19,0059
6,5683	-9,7651
6,5029	-1,5079
8,4032	-13,7631
17,2507	-13,6318
0,6700	-8,1269
9,3209	-8,7822
-7,0631	-6,9473
12,7942	-12,4522
-6,6044	-1,9664
8,2723	-1,4422
1,7186	-13,7628
6,3060	0,5239
2,8983	-9,8964
6,1094	-14,6803
-8,3083	-0,1971
1,7186	-22,2827
7,9446	-13,4352
0,2112	-6,8819
-1,1648	-27,7877
-1,5583	-17,8917
8,2067	-19,7268
-13,9446	-18,0228
4,2746	-18,6782
-9,3571	-18,7436
1,5219	-13,6317
-7,2599	-1,0490
0,5387	-6,0298
-10,1435	1,9002
-4,5075	7,2086
-4,0486	-12,3211
-6,5391	-1,1142
-14,1410	0,9172
-2,3447	-2,2284
-3,4588	8,5849
-4,6385	-4,4568
-2,2135	-8,3232
-9,1606	8,4539
-2,8033	-2,6217
-9,5538	2,0970
-6,2114	10,0267
-13,4203	5,0461
-0,5753	11,0098
-16,4350	1,3761
-6,9979	7,5366
-17,6800	21,7576
-1,5584	-3,5392
-10,5367	4,6531
-10,7333	13,5000
-8,2427	-7,4712
0,6699	6,0292
-2,9999	4,3250
-5,2939	-5,7674
-6,3422	8,1917
-3,1311	-8,0612
1,9152	1,5071
-3,5899	3,9974
1,5875	-3,0805
-6,0147	-3,3425
8,2066	-0,9177
-6,4734	-0,3935
7,2237	11,0752
-2,8688	2,0968
0,6046	-5,5053
5,3233	3,2109
8,7310	-3,8670
6,6341	-7,8646
7,6825	-9,1754
12,9910	-19,0057
4,1436	-7,8647
14,1708	-22,3482
4,0779	-22,6758
10,9594	-12,1247
-4,2451	-24,5765
5,9130	-17,6951
-8,2429	-8,4548
-6,6044	-17,3675
-12,1094	-14,1563
-0,6408	-14,1562
-9,4225	-3,1462
0,6044	-1,7046
-10,2088	-18,4161
-3,1310	-3,8013
3,7503	1,5724
2,8981	-10,2240
5,8475	-6,6194
2,0462	-3,2116
3,6193	-11,2724
-2,0825	6,2256
11,0249	-7,7991
1,1287	3,1455
5,4543	7,2085
-2,4756	-7,4714
9,0586	1,1794
-13,8788	0,1306
9,5174	1,6381
3,1603	2,0313
-2,8690	-7,5369
-7,7839	-4,1944
4,4055	5,2425
10,2383	-8,4544
0,6045	-4,3912
9,6487	-2,6218
6,3060	-9,1753
8,5346	0,1963
3,7504	-6,7506
19,1514	-3,6702
1,7843	12,7135
23,8044	-7,5370
8,6656	-3,3424
18,1028	17,6943
6,5686	1,9657
21,5762	-2,8837
15,4815	0,9173
20,6587	0,2619
13,4500	6,3568
26,6880	-1,2454
23,1493	8,6505
21,5763	8,7158
24,7877	-5,4397
21,1176	1,5726
24,8532	-4,6534
6,0444	-7,5369
29,5718	-7,9957
15,9401	-17,6294
22,6249	-8,2579
10,3040	-2,6219
15,0226	-16,1223
2,9641	-16,3187
11,5490	5,4389
-0,9027	-18,0228
10,4348	1,9658
2,8983	-4,1292
-0,5753	-10,2238
4,7989	6,1601
-1,4929	0,2618
3,6192	-0,4589
-5,0972	9,7646
8,2067	-4,5878
-0,9028	-12,7141
13,8428	-3,4736
0,0802	-8,1923
7,4859	-4,5223
-0,5750	-5,0467
3,6848	-15,4013
3,3571	-3,1462
8,9275	-18,4816
-5,5557	-11,9280
4,4055	-11,3383
4,5367	-19,3991
0,2766	-10,9451
-5,8179	-14,2218
-6,4079	-10,0275
8,8620	-5,3090
-12,9615	-19,8579
9,3863	-13,1074
-6,3424	-1,9665
-1,8202	-8,9133
-7,9807	-7,8647
2,8327	-13,1732
-11,3885	-14,6148
5,3886	-3,1463
1,5875	-24,8387
-0,7063	-13,1731
0,9323	-14,3530
3,0947	-21,8240
-1,8202	-20,9720
-5,8181	-13,6977
1,6531	-21,1686
-11,7819	-12,6490
0,9977	-23,1348
-8,1776	-20,6443
-6,8667	-8,1271
-16,4350	-14,2876
-4,0488	-22,5448
-18,6632	-11,4038
-11,2577	-18,9404
-20,3670	-6,0953
-7,9153	-11,2728
-11,2575	-19,5300
5,4540	2,7520
-6,3423	-21,9548
-1,8858	-11,0102
1,8498	2,0313
1,3254	-14,6804
0,2114	-1,8353
-7,0632	-7,0783
7,8135	-12,2555
1,8495	-1,3112
3,0948	-15,9256
-9,6191	-7,9301
-0,6408	-12,3868
-11,1265	-15,0080
-3,2623	-2,1631
-14,0101	-7,9303
-8,7018	-14,8769
-8,2430	0,4584
-12,9618	-8,7822
-10,2090	-1,4421
-8,5708	7,2085
-9,8814	-13,6974
-8,8329	-6,0950
-4,1143	5,9633
-11,3887	-11,4036
-7,9808	-2,3595
-8,7672	-6,4229
-9,1605	-8,2578
-14,5343	1,7691
-4,5075	-9,1753
-14,1411	-0,1313
-4,5729	2,1622
0,5390	-8,4544
-10,3401	3,1454
-4,3105	3,0797
7,7478	-8,7821
-0,2473	1,8347
0,8667	-4,3258
11,8768	-7,1436
5,2575	3,8662
13,0564	-4,3913
-4,5072	3,6042
18,6271	-0,1314
1,1944	-5,3086
16,2022	3,6698
0,6702	4,3906
7,6825	0,4587
-0,2472	10,8787
7,3548	-0,7866
8,0759	3,5389
13,4495	14,8108
8,2069	6,2256
8,3378	0,5896
14,8260	6,0290
2,5706	-1,1144
12,4012	-4,2600
7,2891	-1,1799
11,2214	6,7500
-3,7864	8,5193
6,1752	-2,6216
-4,1796	7,9953
7,4202	3,9319
-4,2451	7,0777
3,8157	14,2210
-6,8010	2,5556
9,6483	7,0122
-13,2890	12,8447
-3,1310	-2,3595
0,4736	5,8980
0,6044	6,6844
4,6678	-3,1459
-2,2137	6,8811
7,3548	2,8178
-2,4758	0,3932
11,5490	7,6675
5,3231	7,0122
9,3208	13,2381
-5,7523	6,6844
7,6825	-3,1458
-2,8687	11,5997
14,7603	0,1963
-2,9343	2,2280
6,3718	5,7013
8,9278	-14,8769
11,2869	4,9150
7,8136	4,4560
3,6847	-11,0758
12,9255	1,8349
2,1118	9,3057
5,8476	-5,9640
-0,3130	4,6529
9,9107	1,7693
-8,5705	6,0947
7,4859	10,0923
-4,9005	-8,4542
2,4395	6,6845
-6,2112	5,7014
-3,7209	0,9829
-3,0654	10,8132
1,8495	0,2619
-5,9491	7,2743
-7,7187	15,1385
-1,2960	-9,5030
-10,7334	2,5558
2,0463	5,9634
-6,6047	-11,7967
-1,2960	4,7184
-9,6192	-5,0466
5,3886	-9,8961
-8,4395	3,9973
5,3231	-6,0953
-3,2621	0,3929
15,6122	-3,2773
-5,6213	-15,3357
5,8475	-5,3087
8,4690	-6,8162
5,7163	-8,5200
3,0951	1,7035
10,4349	-9,6997
9,7796	-7,1437
3,0293	-1,1801
8,3378	-14,6148
-2,8033	0,3274
7,3549	-2,7531
-0,5095	-17,6295
11,8768	-9,9618
1,9153	-7,2095
5,6509	-11,0760
-0,8371	3,2107
6,8960	-14,5494
0,7358	-4,3257
3,6848	1,1136
4,0126	-8,5856
7,8134	2,8177
9,2555	-11,9280
13,6461	-5,0465
4,1437	5,0458
1,4566	-9,8963
15,6780	-4,9154
-2,4756	2,1622
14,7605	-8,1268
0,6701	5,1771
7,1583	-0,6558
7,3548	-3,9979
10,8936	9,2403
-10,0121	-3,0804
11,6146	6,9467
0,0148	0,5895
4,4712	-4,4565
9,7797	2,8834
7,5512	9,6335
5,0612	0,5896
3,8157	9,7645
6,3063	-0,1314
1,5876	-3,8012
14,3017	6,4222
2,8328	-10,3549
14,4983	7,4053
2,9639	0,7861
17,0542	0,9828
7,6825	2,3591
12,7288	1,5727
-2,6720	7,1432
15,0880	1,7037
-1,8857	-0,1312
7,9446	10,4201
8,6001	6,7500
6,4371	8,7817
10,5006	17,8912
4,1434	12,9760
7,8136	9,6993
0,2768	13,7624
10,1073	-1,7039
-5,9491	11,4033
13,6462	21,2334
-2,5412	3,9976
6,5029	7,8642
-2,5410	10,1578
12,0077	3,2766
-0,3128	2,0970
11,8767	-4,7188
2,5708	-1,3764
7,8135	6,4877
15,4158	-7,3403
3,0949	-2,3595
6,1098	2,0968
0,0803	-5,1121
8,1413	0,5241
-2,0169	1,9657
7,0927	-3,0804
-4,3107	4,7839
5,1922	-7,0125
-2,4756	3,4077
3,6846	11,2717
-7,5874	-7,3402
9,4518	3,4077
-7,7185	0,7861
1,7186	-3,3426
-1,1648	-1,9663
2,6361	-14,2871
10,3695	3,6699
-3,7209	4,0629
8,7967	-5,9640
3,4225	3,6699
13,1876	5,9634
3,2259	-9,1096
4,6024	10,4856
5,1267	5,8979
14,0393	-2,0317
-6,4732	11,9928
8,2067	5,1116
-6,8666	6,2257
3,2260	1,5725
-4,7039	-3,4737
-5,5559	0,9827
-3,4586	-9,5031
-7,8497	-14,6148
-3,8519	-4,3258
-3,5243	-16,0568
1,1944	-13,6318
-6,1458	-10,5518
7,1582	-17,3019
-10,9954	-16,1877
7,8791	-12,5834
-11,7817	-14,6805
6,3063	-8,7824
0,8012	-20,0545
16,1365	-18,6126
-4,7693	-6,4886
1,3911	-17,3021
11,2871	-12,3867
10,5659	-13,3699
5,5855	-20,2510
1,7841	-6,0954
4,2092	-14,7462
-2,2136	-18,8092
4,8644	-6,2265
-6,0803	-18,4817
2,7672	-13,9595
-10,3400	-6,8819
4,3400	-20,5787
-11,0608	-12,2556
6,1095	-15,9257
-7,1287	-4,5223
6,8304	0,5893
-5,8178	-14,1561
4,2090	-5,0465
3,6193	7,9295
4,0124	-7,2093
5,3232	2,1625
3,4880	6,0946
6,8961	-5,5707
0,1458	7,7330
10,5005	-9,5031
1,9808	-2,8181
9,9108	10,7475
6,1096	-14,6803
12,4010	-5,4397
-1,8856	-6,8161
14,4326	-6,6850
1,8498	0,7860
5,3887	-9,4377
-1,4269	-11,2070
0,9322	-5,7677
3,8814	-22,5447
-0,9030	-10,6171
-8,1772	-3,5395
-2,4102	-14,0252
7,4201	-9,6997
-9,6194	-19,0058
-1,4927	-16,4498
-15,9762	-7,0783
-2,2791	-17,4329
-13,8136	-5,5709
-2,2792	-0,7869
-15,6485	-14,0906
-0,1165	0,3274
-10,0780	-3,2773
-2,6724	-7,5368
-7,9152	2,8832
6,1749	-7,1438
8,2066	1,2450
-7,9809	-1,1800
-7,9804	-11,7967
5,5852	0,5895
10,4350	4,7836
0,5390	-11,7312
17,5129	-1,8353
5,2577	-8,5201
27,2122	-10,8791
1,9809	6,5532
16,0057	-3,9982
15,0882	-2,9494
19,8722	2,3589
11,4838	-1,5732
22,7558	4,2595
16,3335	-2,5562
16,3989	-4,1289
22,4939	1,9003
19,6756	-4,2601
25,3119	7,9952
14,7604	5,3080
21,9041	-5,1120
5,7821	1,2450
26,5570	-1,5731
6,7650	-1,2453
13,6464	11,4030
0,0804	-0,7868
10,1073	5,7672
-6,2111	7,4709
2,1773	3,1456
-6,9975	9,3716
2,8326	11,7963
-6,6044	16,7116
4,0123	16,1872
3,9468	5,5705
0,4733	10,6168
-0,1819	20,7747
-9,7501	8,6507
7,8135	11,0101
-0,9685	16,3183
4,6678	8,3230
-17,1557	19,9228
4,7333	7,6676
-9,6191	15,0077
-1,4926	18,7431
-5,7524	2,0971
-1,2961	15,7286
-1,0993	17,1046
3,5535	-2,2283
-1,4270	11,5343
2,3740	8,2572
4,1435	2,4903
-7,3254	13,3691
0,0148	-3,0804
-5,3593	0,9829
4,6021	8,4539
-3,1967	-3,6047
-3,4587	3,5387
-7,7841	-0,2625
-0,0509	-6,8160
-7,8496	3,2765
9,0585	-9,6341
-10,6021	-6,2918
-2,5412	7,8637
-2,7378	-21,7583
-6,5391	-9,1752
-9,9467	-1,5733
-1,6239	-12,4521
-9,2914	8,6504
-8,8328	-5,6365
-1,3616	-0,1968
-6,9978	4,7183
5,0609	-6,5538
-3,9176	0,9174
3,7501	7,1431
-17,2867	-7,5370
-1,4271	3,0145
-3,3932	3,2108
-1,6239	-5,3087
-10,3399	0,0652
-3,7866	-6,6194
-5,6869	-6,2261
-2,7380	0,9172
-2,9999	-0,4591
-3,1967	4,2596
1,9153	1,7036
-6,3425	-3,0148
7,2892	8,7817
-11,1921	-0,7212
0,7356	0,3277
-11,5197	14,7454
-2,0826	0,4586
-15,3208	7,0123
-8,5707	13,2380
-21,0224	2,7524
-12,3063	12,7794
-17,4835	4,7183
-11,1922	1,3107
-7,7842	11,0099
-6,9324	2,4246
-0,1164	-1,7696
-5,6217	8,2573
0,9977	-10,6826
-10,1435	-0,1312
-0,9684	2,8176
-5,0971	-12,7798
4,4711	4,7183
-11,3885	-6,8817
6,3061	-6,6193
-4,4418	6,4877
-5,5559	-6,5540
-8,3083	0,7207
3,0947	1,1793
-13,9445	-2,0974
-15,5175	2,2936
-7,1287	-9,3717
-10,2748	8,8473
-4,7696	13,5657
-11,9131	1,6384
-1,0996	19,3331
-9,4884	16,7114
-11,5197	3,0146
-11,6508	14,1558
5,3884	10,2890
-19,0563	0,6553
-2,6068	8,2575
-10,1433	-0,6555
-0,5752	3,7356
-4,1139	13,6967
10,6969	1,4416
2,6362	-1,1797
4,4711	8,1262
8,6656	0,6551
6,8304	7,0776
11,8113	-4,2601
3,6191	-3,4080
7,2237	6,7499
1,1943	0,6551
8,8621	0,0653
-5,4248	1,1137
0,7356	-11,4691
-9,6190	1,4415
-2,3446	-5,1777
-4,0484	-16,1221
7,2235	1,4415
1,7187	-3,2117
-0,4442	-19,7266
11,1559	0,4584
2,6359	-7,6682
3,0294	-13,9596
-4,3763	-19,5956
14,1705	-10,9449
-0,4442	-12,7145
6,8960	-17,5640
-4,4418	-8,4545
10,2384	-0,1316
-0,4441	-17,3018
8,0102	1,5725
-2,3445	5,4390
16,4643	1,7691
6,2407	2,0968
7,6824	-9,1752
3,7504	6,3569
5,0610	21,2987
7,6171	-7,3403
8,2067	1,5072
6,4374	6,4221
-0,8373	-15,9254
8,6000	0,1964
-5,9491	-5,5054
3,1605	-3,8669
-6,6044	2,1622
0,4079	-11,6002
-8,3739	-10,8793
1,3253	-3,3427
-12,6337	-1,9008
-4,1142	12,3859
-3,5898	2,4244
1,4562	-1,4420
-4,1796	10,2888
2,8325	-15,0735
-0,5752	-0,6555
-7,3254	7,3396
3,1605	-3,9324
2,9637	-6,1606
15,4811	-5,8329
1,2597	0,0653
5,3887	4,4560
-0,9028	-8,0612
9,3863	-2,5561
-9,1603	7,0119
2,3085	-7,1437
-0,5096	-9,2408
-1,2961	-1,7042
-8,0461	-6,2918
-2,0826	1,3760
-2,7377	-1,2455
-3,7866	-5,8329
-9,0948	4,3250
-9,5536	-7,4058
1,9806	4,9151
-13,6170	13,5655
1,5219	2,7522
-5,8837	3,4076
2,4393	-0,2624
-14,0755	2,2937
7,2891	12,4516
-8,3085	2,6868
8,7964	5,1773
-2,8035	17,5633
-2,4758	-1,9008
-9,2913	-1,9661
3,1603	2,7523
7,8134	-0,7867