-15,1960	18,9356
10,4940	13,5616
-6,8728	5,4353
3,2851	14,4137
1,7125	12,7096
12,5911	9,8916
13,2468	5,1075
-0,9093	6,8114
12,2640	7,9910
4,0715	2,0928
12,0673	3,7313
0,4671	9,4328
18,2275	5,3696
-7,2659	-0,8562
19,4727	2,0273
-5,4309	7,1391
13,3122	13,6269
-7,9213	-8,1964
7,0206	-2,2980
-7,1349	9,1050
-3,3997	1,4373
-8,0524	3,6656
-2,9411	-1,8394
-9,5599	7,0079
-14,6065	1,0441
-2,3510	-2,4291
-14,5410	-5,1816
-8,4458	12,5130
-27,0581	6,8768
8,1347	5,6317
-20,7013	4,9764
5,3823	11,3333
-13,7543	13,6271
4,5958	8,7119
-0,1226	11,0713
6,6929	13,6271
-1,3021	5,8939
20,0623	7,2703
12,1983	2,7483
15,0160	10,2193
10,8878	1,0442
8,9867	4,0589
20,7181	8,8429
8,9212	3,2068
15,9994	-7,0168
3,0232	-5,1818
25,1088	-0,0700
-9,9529	-3,6746
29,4997	-8,4587
-4,0547	-11,1457
11,3463	-9,0485
1,5815	-7,4757
9,3799	-15,6023
-4,2512	-10,6214
5,8410	-6,4273
-0,5157	-15,8645
-5,9556	-24,3840
0,2707	-22,8767
-11,8538	-17,1096
2,7610	-16,5198
-17,0310	-25,4983
9,4456	-20,7140
-10,4120	-9,7697
3,7439	-18,6170
-13,8197	-16,1266
20,7831	-8,0657
-18,4072	-8,0002
5,3823	-18,0926
-1,5644	-17,0439
10,5595	-11,8010
6,3000	-3,2814
3,9404	-8,3931
8,5283	-9,9003
8,0037	4,9108
17,7689	4,3865
6,7586	5,2385
19,2107	5,4352
0,5984	7,5979
27,7303	7,9255
3,3509	2,7483
27,6648	13,4306
4,2029	12,8406
18,5552	0,8477
4,7273	3,2072
19,5381	11,6611
10,3634	20,3773
18,6206	15,3965
10,4290	8,8432
20,0624	17,4939
16,6548	13,1030
4,4650	13,7584
18,8832	18,4770
2,2367	22,3437
23,1429	14,6758
1,0571	8,3190
24,9123	13,4963
-4,3168	13,4962
25,2398	14,6758
-4,7756	5,3042
19,0139	10,6782
0,5984	15,9864
14,6884	11,5300
-0,6468	7,2047
1,7778	18,1492
6,4968	15,0034
7,7414	17,4938
7,0209	14,2170
-3,5962	14,4793
9,9700	20,9017
-7,5284	12,3166
8,3316	9,4986
-12,3125	7,9912
0,6638	15,3312
-16,4412	6,3527
6,2342	7,5323
-14,2129	5,4352
4,4646	10,0882
-14,9994	0,3233
-0,9748	3,0103
-9,1666	6,5491
-5,8903	5,6317
-9,8219	0,7820
-14,4754	-3,2157
-0,5160	-0,5942
-15,4585	6,8112
-3,6618	-4,7232
-28,1069	-13,1772
-2,2200	-5,6407
-33,6773	-12,7842
-3,1376	-14,5536
-28,5657	-13,1774
-13,0991	-14,9470
-28,8276	-11,3426
-10,6089	-17,9617
-33,3495	-18,4204
-14,4099	-20,7142
-25,8129	-27,2023
-12,5095	-30,4790
-21,8153	-27,5300
-25,4855	-24,1221
-12,3126	-22,0251
-30,7940	-28,6442
-16,1138	-32,2486
-37,3476	-20,3868
-16,7038	-36,1153
-45,3430	-32,1174
-20,3740	-15,6026
-48,8165	-30,8725
-30,2701	-35,5908
-61,2682	-27,0058
-36,6271	-34,8045
-48,7510	-28,7752
-50,7175	-25,4330
-53,4697	-30,6759
-60,0892	-37,8193
-55,3048	-43,9141
-71,5581	-43,1933
-52,0936	-45,4871
-74,4418	-38,9336
-58,3851	-49,1573
-80,1433	-55,4487
-61,0723	-51,1889
-88,7284	-48,3055
-67,2983	-64,1652
-89,7770	-73,2091
-69,8544	-70,9810
-103,7362	-72,1608
-78,6363	-79,7631
-96,7242	-98,5719
-95,2171	-97,9822
-104,4574	-102,6355
-106,4239	-114,5631
-102,0328	-136,8453
-129,4927	-132,3891
-114,6157	-143,3339
-140,5683	-159,6525
-117,8272	-170,9904
-147,1220	-179,5103
-126,4782	-195,6324
-148,2361	-214,6379
-122,0876	-220,0776
-158,9840	-234,8890
-134,6049	-250,8144
-151,3819	-262,2834
-138,3405	-268,5751
-145,0250	-279,5853
-153,6760	-281,0930
-148,2361	-311,6328
-147,9745	-321,9219
-147,5809	-312,8128
-161,3438	-334,5709
-144,2386	-351,2170
-166,7832	-343,4184
-142,5348	-356,5258
-168,1595	-357,1157
-146,2704	-378,8082
-168,8148	-382,8712
-146,4017	-367,4051
-169,0769	-377,4322
-152,6277	-384,9032
-171,2396	-385,3620
-157,6084	-386,6728
-163,5719	-386,0173
-165,5382	-380,2503
-150,2680	-381,2332
-166,3902	-373,5000
-148,1052	-385,5585
-151,9721	-363,6693
-131,0659	-362,0966
-146,5324	-361,7031
-118,7450	-349,8410
-146,7287	-344,6637
-107,7347	-333,9156
-126,2158	-326,6410
-96,6591	-326,4442
-112,5842	-312,6816
-105,8995	-301,2783
-100,1320	-299,7052
-86,6974	-296,1007
-88,0078	-285,4181
-92,2022	-275,0635
-74,0484	-274,0802
-79,2916	-253,9605
-69,3296	-250,4870
-76,1457	-240,1977
-56,6812	-228,1389
-68,8711	-219,4223
-55,2394	-198,8441
-69,1984	-189,4067
-32,2363	-188,2268
-61,9893	-173,0877
-30,0078	-162,0120
-37,7409	-143,3342
-21,4225	-154,3440
-27,6481	-141,5641
-21,3569	-118,1023
-11,5916	-117,8401
-14,0823	-115,4807
-10,4119	-107,1574
-21,2911	-96,8027
-1,0402	-89,2660
-14,2787	-90,9042
0,9258	-85,1369
-27,0580	-59,9712
10,2319	-70,5880
-15,4583	-69,8012
1,9088	-59,1845
-12,1157	-57,9392
7,2827	-54,2692
-4,5791	-64,3617
-0,7782	-59,5119
-2,4819	-42,6037
-7,0041	-61,0849
5,6446	-56,7593
-12,1161	-47,7810
-1,1056	-44,8320
-11,1329	-54,9899
4,4648	-53,6791
-14,7374	-41,6205
6,2997	-37,8851
-19,5868	-55,9073
2,4332	-36,6397
-7,9870	-32,1834
6,7584	-48,9606
-12,5744	-45,1593
0,9258	-45,9459
1,0571	-40,5718
-1,4335	-32,9042
5,7758	-48,2395
-2,2200	-33,8870
9,4458	-23,7947
0,4670	-35,6565
3,5476	-22,0904
5,4479	-22,0251
15,9993	-24,0565
-4,5134	-14,6193
22,6840	-21,5007
3,4165	-17,7650
21,1768	-6,5585
8,3974	-32,4451
27,9268	-18,8789
7,2179	-14,8160
23,8637	-23,0734
19,4075	-17,2407
30,0895	-24,1220
23,7984	-15,6678
15,7373	-10,4250
24,1261	-16,9786
7,6763	-15,7333
31,0729	-12,1289
6,3656	-21,9593
32,9077	-15,6677
2,8267	-18,4203
33,3665	-11,9978
4,2030	-9,2454
27,8614	-20,0587
14,0989	-5,9683
24,5189	-6,2305
15,0820	-7,2135
20,5867	1,1752
19,2108	7,7288
14,8195	7,1390
8,7251	13,6271
9,8388	4,7799
13,6401	14,1516
3,9406	20,7708
15,2784	15,1346
-8,8388	17,4286
16,6548	27,9797
-1,6298	23,1301
19,8004	19,1979
-4,3168	25,0962
20,2591	19,4600
-5,6930	20,5740
11,0184	3,5349
7,4141	13,4308
5,8408	24,5061
-3,9891	11,0058
-2,4823	8,5154
0,5983	12,3164
-10,8053	11,0712
0,1395	8,0565
-14,5408	-7,2788
4,2682	0,6511
-18,8006	7,7943
-2,0887	3,9278
-14,8028	-5,5093
11,6736	6,5492
-19,1937	8,0564
4,5958	1,3719
-9,4943	-2,0360
0,9257	1,3719
-2,0887	5,7627
-4,9071	-5,7716
0,3362	-2,6913
-2,0236	2,0927
-4,7100	3,1412
-10,0843	-6,2303
8,5281	1,1752
-12,5747	2,9446
11,6083	5,9591
-8,0527	-2,8226
17,8341	-8,5241
-12,5090	6,0902
20,7177	-5,3130
-12,3778	-10,2280
18,2273	-5,8372
-2,0231	-9,5728
8,2002	-10,8180
-6,0862	-6,8858
4,7268	-9,0485
-3,1371	-13,3739
-1,0403	-12,1941
3,0887	-5,9683
-8,6425	-9,0485
2,6955	-16,5850
-15,9168	-5,8373
17,8996	-4,5266
-12,5092	-10,5558
0,8603	-0,6599
-18,4072	-2,5606
6,4963	-2,2328
-12,1158	3,4687
1,1222	-12,0631
-10,1497	-4,0676
4,6610	-2,4293
-3,9894	-5,0507
-13,0335	2,6824
0,2050	-2,4293
-2,8756	3,0758
1,7123	8,5807
-11,5917	-3,2813
9,3800	-6,3614
-19,1938	0,7164
7,8072	-3,9367
-11,5915	0,1921
4,2026	-7,8033
-17,9484	-2,5604
8,6590	0,5196
-4,7757	-10,0315
2,3020	-10,9490
-5,9552	-1,4463
6,4307	-6,6236
5,1859	-10,0314
2,6952	-6,0337
4,8583	8,3841
0,2705	3,1412
19,9971	-2,2326
0,7292	5,8939
20,6524	6,6802
-3,3339	0,3232
25,3054	5,3041
-8,3800	5,1730
26,4195	7,6633
-1,3021	8,8430
14,1642	3,4035
0,5986	7,7289
18,9482	16,1174
4,0063	-1,5117
8,5280	5,9595
10,9531	12,2509
-3,3341	13,4305
10,1668	8,7119
1,4500	-0,5940
11,9361	12,4476
-6,8073	12,7096
24,4534	-2,4947
-5,8898	-1,7737
19,6693	6,8770
-3,1372	5,1729
23,3392	-1,3151
2,3679	1,7651
14,5573	7,4011
-4,7099	4,5830
8,0693	-6,8202
7,8074	-2,1015
2,8919	6,2214
10,6910	-1,2496
-3,4651	-3,8710
20,8491	-1,7739
-4,4482	-4,5264
8,4628	4,2554
-8,6422	-6,7547
18,5553	-6,5580
-1,4988	0,7164
19,8659	-4,4609
-2,2851	4,6485
19,5382	-0,9222
8,0696	-2,4949
20,4556	-2,7572
8,1352	-18,9444
15,4094	-6,0337
14,4266	3,1411
6,4310	-9,4418
18,6865	-10,8834
7,1518	-5,3129
12,1984	-8,7207
-1,1055	-7,0823
24,3225	-4,4609
-2,2852	-4,2643
23,8636	-1,3808
1,1883	-5,1163
24,1912	-2,7570
1,7125	-3,0192
24,1912	-2,8225
3,0232	1,1096
16,6544	0,1266
8,2661	3,9932
10,4284	1,0440
5,8413	-11,5388
-7,4629	-8,3275
0,6638	0,5852
-15,9826	-10,4903
2,5643	-8,2620
-20,1770	-9,9660
-2,3510	-4,6576
-26,9926	-1,3808
4,9234	-8,6552
-17,8831	3,4691
4,3990	12,5128
-17,2277	-1,1185
2,7605	-2,6256
-13,1644	19,5910
-4,2518	12,9717
-11,4604	12,3821
-4,4484	18,3458
-7,4627	11,0058
-17,2934	19,0668
-0,8435	14,2170
-8,6428	6,8117
-4,1204	20,9672
-15,3272	13,1684
14,6884	3,0760
-7,3317	0,8479
11,8048	12,8409
-11,5912	11,6610
22,0284	-0,3974
7,6108	4,7144
19,9968	14,5446
1,9094	7,0080
20,2589	7,5980
8,3317	11,0058
-3,5960	16,2487
9,7081	11,3991
-7,6594	19,8532
6,8244	15,2003
-6,5453	26,8655
4,0717	19,5911
-13,6886	14,9381
19,9313	17,2974
-16,5722	22,9989
8,2660	11,9889
-1,7611	11,4646
10,8216	12,1200
-6,8727	15,8553
10,1008	-2,8224
2,1712	1,0444
3,6781	12,7752
-0,4502	8,3842
0,8602	4,5178
8,4626	7,4668
-11,9193	12,9063
15,9992	11,6610
-17,0967	0,7822
2,9576	5,8941
-18,4728	22,4744
8,2659	6,9423
-11,0673	4,5832
11,5425	5,5007
-12,6400	8,5808
6,2341	4,3209
-7,0039	4,3210
-0,9093	3,0103
2,2368	7,3356
5,4476	-4,3953
7,6762	-2,4946
3,2196	4,0588
8,7249	-1,1841
-1,9577	-1,3805
21,3733	4,5176
-7,3315	8,1876
15,9339	14,4134
1,1227	-1,7083
16,7858	7,9255
-0,2535	7,9254
19,4726	5,6974
-4,2512	7,9910
12,4603	2,5516
9,6424	13,2994
12,4601	9,6950
-2,2851	3,5347
1,9089	4,5833
9,9701	17,2971
-6,6765	14,6757
5,5791	5,8284
-10,0843	7,5980
7,0209	8,9087
-12,9023	12,4476
15,0817	10,1538
-6,9385	8,5155
16,9166	20,3774
-13,6230	8,5154
16,3268	6,4184
3,4164	19,6565
4,0060	9,4984
3,8754	6,2873
7,4138	0,5201
4,7928	17,8216
-0,8436	16,3140
14,3610	1,3721
-0,3850	11,2680
11,6740	16,0520
-7,8559	7,4668
13,7056	8,1878
-6,4797	7,9912
14,0987	18,3458
-10,4774	16,4451
11,0184	3,5347
-13,8851	14,4137
4,4647	12,8407
-10,1496	9,9572
7,0861	10,9402
-0,9745	8,2532
-3,7273	11,5300
-1,2366	15,5276
-5,8244	2,4206
5,0549	20,1808
-11,1984	15,0034
11,5428	8,1222
-15,7858	17,1661
16,1958	10,0883
-13,7542	9,6296
8,9214	9,5639
-5,1034	8,5153
13,3777	11,7922
-3,3338	10,3503
22,1594	-5,1161
-4,5134	9,2363
12,3947	12,1198
7,4797	10,2848
6,9552	7,5323
9,7080	-0,9874
-0,0572	2,8138
12,6570	10,0882
-1,8267	-2,6258
12,6570	-3,5432
-13,0332	12,3819
15,8682	-2,8225
-13,7541	-2,6258
9,7732	8,1219
-17,8174	-1,9707
9,0522	-13,7670
-7,3316	-12,1287
3,8090	-3,5435
-15,7201	-7,1481
-0,8438	-15,0124
-1,8266	-20,9760
-3,2687	-9,7695
0,7949	-16,4542
-11,2641	-15,6021
1,6468	-20,9106
-13,8854	-7,5413
6,8896	-7,7381
-17,4898	-17,1095
12,5256	-8,5898
-22,2739	-5,0510
1,3845	-4,6577
-10,7396	-10,4247
-3,2032	-5,9027
-18,6037	1,0441
-0,9094	7,6632
-10,7394	-3,2812
-11,3295	2,5515
-1,0400	4,8452
-1,7614	7,0079
-2,6129	1,4374
-17,2277	1,6340
6,3000	-1,7083
-15,1306	3,3379
0,7293	-5,9027
-18,0796	-4,3297
4,0714	6,0249
-20,8321	-5,7717
-0,4506	1,6996
-20,2423	4,0587
-3,1377	6,8768
-15,0650	1,1751
-8,3151	-0,0699
-8,5768	-2,8223
-10,2156	11,5954
-2,1543	-3,0191
-9,7568	1,5030
-0,4502	3,5345
-4,9725	-1,6427
14,9506	10,9401
-9,8876	1,6995
9,3803	-0,7907
-1,8920	7,2045
23,7324	-6,9512
-5,9552	0,7822
16,2614	5,3040
1,7126	1,8961
19,0138	-0,1355
7,0210	-4,0021
8,6592	3,1413
12,0019	4,8451
11,0185	-12,4563
20,9803	-3,6089
5,6446	-0,5945
23,6019	-13,4395
11,4773	-15,4055
28,3858	-5,3130
0,4019	0,0608
29,6310	-7,0825
-1,1710	-10,0971
25,5021	-3,2158
-1,4331	3,0756
22,4872	-5,5750
2,6300	-0,2011
16,1302	2,8791
-1,4987	0,0611
0,2705	2,3548
15,4096	-7,9342
-2,6132	11,3988
12,0672	8,9082
-3,2030	-9,7037
12,7881	2,4206
-15,1304	5,5661
16,3270	-0,2011
-9,2978	1,1097
8,9213	-1,9705
-14,5404	-2,9537
15,6714	-0,5943
-13,5575	-5,9027
8,8557	-3,7400
-8,9698	0,3886
8,8556	-16,4539
4,5961	-3,3467
-1,8923	-0,0045
4,1374	-3,4780
1,5810	-5,4440
8,2005	-10,4902
-5,2347	-7,6721
5,5135	0,9784
-12,7057	-5,7718
4,7924	-4,1334
-18,9970	-1,4464
2,7608	-0,7912
-15,2616	-9,3107
4,7268	-11,6044
-13,1644	-12,4564
-3,5963	-3,9368
-10,8050	-7,2136
-7,4631	-9,2451
-14,2782	1,0439
-10,0189	-15,0124
2,4988	-10,1626
-21,0945	-5,5097
-4,1202	-5,7718
-15,3928	-9,5729
1,5813	-15,7333
-15,1306	-3,3469
5,7100	-6,2961
-15,5893	-15,7987
13,5741	-6,7547
-15,6547	-2,0363
4,3991	-11,6043
-5,3000	-14,4879
2,1709	-11,0144
0,2707	-5,9683
-1,5648	1,7650
1,5814	-9,7039
-3,6619	-7,2789
-7,7248	2,6169
-15,6548	-0,2667
-0,7781	-0,5287
-21,5532	-5,7716
1,3846	4,9109
-27,7790	9,6293
-0,5815	5,2385
-20,8321	6,2872
8,3968	16,1830
-15,1960	10,8091
8,0692	3,6658
-8,3801	6,9426
5,3167	12,0542
1,1227	9,4328
6,4964	6,2216
13,2469	0,2578
1,3190	9,1707
12,1982	0,1922
-0,1228	0,7821
13,4433	9,1706
-17,0310	10,4812
8,3315	-0,9875
-17,3587	0,0612
10,6907	5,8938
-15,3271	9,8914
9,9697	-6,4269
-9,0356	4,3866
-1,8923	12,1851
-9,4942	-0,7909
0,5981	-11,6698
6,9553	-1,7738
-0,1884	2,8789
9,1181	0,6507
1,3844	-11,8011
8,0695	-10,6213
-14,1473	-6,5582
18,4896	-14,6846
-16,4412	-9,9004
11,6083	-8,1311
-15,7204	-7,7378
-0,6470	-3,9368
-12,9677	-14,4880
8,6588	-8,7863
-14,2785	-1,3154
2,4984	-11,6045
-7,6592	-12,5874
-0,2540	0,3231
1,2537	-6,8204
-0,9748	-11,6699
12,7225	-15,9953
-2,4822	-5,2473
6,9555	-3,6746
-7,1351	-12,1942
13,4434	-1,1186
-1,8267	5,3694
12,4602	-0,3322
-7,0039	-4,6574
8,1349	2,1583
-2,2197	5,6317
12,9844	13,4959
-7,9213	-4,0676
10,9528	-5,9025
-3,9236	7,5322
8,1347	2,6826
0,8606	7,8600
-3,7273	5,8938
9,0525	-0,7908
-2,6131	3,9934
17,8999	-0,5286
3,2851	7,2702
24,5189	12,0542
-11,1326	0,7821
21,9631	-0,3976
-1,1712	6,9424
17,0478	1,9616
3,9408	4,1899
18,2274	-5,3128
9,4459	-4,7228
22,0285	6,8113
15,9995	-2,8880
16,9823	10,1538
23,9294	10,4157
10,0355	1,9617
30,0897	-2,4946
2,1056	12,9718
24,3881	10,0226
-0,9745	5,8284
21,8976	6,9425
-11,1982	12,3821
15,5406	16,3140
-0,3192	3,7968
12,0014	11,2023
2,3679	10,4159
19,6034	1,4375
-5,3653	3,0759
8,9213	-2,2325
10,1012	7,0081
4,9890	16,5106
12,5917	4,4520
3,3506	3,9934
14,8853	15,0033
-8,6424	9,6293
18,8174	7,3356
-6,2175	9,5639
19,2105	13,2995
-10,0841	17,2316
10,9530	12,3164
-5,1033	9,4985
14,5573	21,1639
-9,4286	13,6272
10,8218	10,3505
7,3486	8,5810
6,4309	7,3358
15,0164	16,3796
9,5110	-2,2326
19,3418	2,6172
0,7948	11,5953
22,0943	-5,2473
0,2050	-1,7738
15,0163	7,4011
-9,4941	-0,3977
15,6716	-1,5117
-3,7926	-4,6574
17,2443	-0,3976
-10,9360	4,7141
13,9674	-0,4632
-5,7587	-3,8710
1,9743	-0,6598
-2,4818	-5,4440
-2,2857	-3,7400
-3,5305	-2,2982
-14,2131	-1,5774
-1,6298	7,3355
-13,7544	-1,7085
16,9166	-2,8224
-13,4923	9,8915
8,7247	1,3718
-9,2322	-2,4292
16,9821	1,3719
-12,3778	4,1243
15,3438	-4,9196
-1,3678	-10,4245
11,0839	-2,8224
1,1227	5,3038
4,9234	-11,6700
7,6107	-6,0993
-0,6472	0,1265
11,2153	-12,3909
-2,7444	2,2891
4,1374	-15,2090
-6,8729	-12,5218
5,7757	-3,9368
-7,3316	-9,1797
13,3777	-10,2281
-6,4141	-3,6746
12,1980	-3,3469
-9,4287	-2,0361
11,1494	-6,0993
-3,1373	4,9763
6,9550	3,0100
0,9915	-16,3884
0,4670	-0,6597
1,5814	-0,0702
-4,9070	-15,2088
2,0401	-19,2064
-14,0164	-9,3106
7,8073	-3,0849
-10,2154	-2,9538
7,8726	-15,7333
-19,3248	-18,6166
7,8070	-4,5920
-24,4366	-10,6214
7,8725	-13,6358
-10,6085	2,0926
4,9233	-0,7255
-11,6569	-3,3468
-1,1059	-8,7207
1,3192	0,3233
-2,2857	11,9886
2,1712	1,7650
-4,0551	8,8431
1,9090	20,1806
-16,7034	9,8261
7,9382	20,1809
-22,4051	27,3897
11,2149	10,4817
-24,1746	19,0013
3,6128	12,7754
-17,7520	15,9867
-1,3681	27,5863
-11,2638	10,5470
3,5470	6,4839
-15,4580	8,4498
-1,9580	5,0420
-7,7248	6,2215
-1,6303	-4,0675
-4,0548	6,6148
-16,3102	9,1705
1,1881	-3,6089
-10,7397	-5,9681
3,5474	-1,2496
-15,6547	-0,2011
15,2783	6,1558
-11,8537	3,1412
8,6591	-1,5773
-7,9215	11,5954
14,2294	-5,1818
-4,7757	2,7483
-0,5816	8,6463
-1,6954	13,8237
0,5980	1,3719
-3,7925	3,6657
-0,3195	7,3356
5,4480	15,1343
-10,8707	-1,1186
5,8412	-1,0528
-7,4628	3,5345
14,2296	-1,5118
-10,2153	-1,3806
12,7223	1,8961
-18,3416	3,8622
8,2659	4,9762
-10,9361	-5,2473
7,8725	2,5516
-9,1666	9,2361
-2,1545	0,1922
-3,5304	-1,5771
-0,9094	8,3186
4,7926	3,0103
-2,2856	5,3040
13,1157	-3,5433
-9,6256	11,0712
13,6402	9,2359
-2,6130	-8,7207
22,1596	-1,6429
-5,6275	3,2722
16,7203	-8,9831
0,4674	-6,2304
25,2398	-5,9684
0,2708	-13,1773
12,7879	-6,4271
1,2540	-16,7163
13,8364	-9,6382
2,6957	5,6969
5,5134	-14,3570
9,3803	-5,7061
1,8432	-1,2497
4,9893	-4,0022
-4,4482	-7,6067
13,9675	-3,7400
-14,6062	-0,3321
11,0184	9,4326
-13,6232	0,9130
15,3436	1,2407
-9,2322	-0,7254
8,2657	2,7480
-15,9167	-0,9220
3,6782	-15,6019
-4,5135	1,1097
-3,6618	4,5174
6,4311	-9,5072
-4,0551	-0,5943
7,2175	1,8959
-8,3804	-5,1820
10,2976	-0,4632
-12,3125	-6,2960
8,7247	-0,0045
-12,7712	0,2576
10,1009	-2,1016
-11,9191	0,5854
10,6908	9,1050
-3,1373	-1,6428
9,0523	4,1899
-3,3992	0,6509
9,9697	-0,0699
0,6641	2,7481
-0,3849	-2,7569
9,5114	4,1244
5,2512	14,9376
14,1644	-2,8880
0,5982	-0,6596
17,7033	6,6147
-4,2514	-1,3152
19,7349	4,3210
-13,4264	-1,9705
8,9871	6,4181
-3,2028	1,3061
9,2489	-11,0145
-13,2952	-5,5751
12,8532	-4,7887
-6,3486	-9,9662
-1,6302	-15,0123
1,1225	-10,3594
-0,7784	-5,7718
-2,9406	-2,1019
-9,0358	-10,4904
4,0717	-8,6553
-14,0820	0,2576
8,0038	-4,3955
-3,5962	1,1752
11,5427	4,7141
-12,7055	3,9932
18,3586	6,3524
-2,3508	-5,8370
17,3754	8,6464
3,4820	12,3818
12,6568	-0,9219
5,4482	-1,2494
5,7100	16,5762
4,8584	11,5299
1,0568	8,0566
2,2368	3,7967
-10,1498	6,4183
6,0378	14,6756
-14,4097	-5,1818
-1,8266	-5,5748
-18,0797	12,9061
4,1370	1,1751
-13,8853	-5,4439
11,9357	-2,6259
-14,3441	6,9423
2,3675	-3,1503
-6,4140	-11,5386
4,2681	5,9594
4,0062	14,2822
0,1393	-2,0360
8,1351	-2,2982
7,5448	0,3234
16,3925	11,3988
-5,9555	6,8112
13,2469	-5,9682
-6,4797	-2,2981
12,3293	3,0101
-11,1982	-7,0168
12,2637	1,3719
-0,2538	1,4372
8,8555	-4,1332
-19,2590	3,7966
11,7391	-7,2790
-5,4311	-2,4292
-4,2517	2,6824
-2,9405	-5,9027
5,9063	-2,9535
0,7294	2,2892
-12,5090	-3,8711
9,3803	3,9931
0,5981	-1,7086
14,4264	-6,0993
-13,8851	1,6338
23,7326	-11,7355
-6,6108	-12,5217
10,5598	-2,2983
-6,0864	-10,2937
14,3607	1,0441
-6,5451	0,9784
4,5302	-2,4948
-1,8920	4,3209
11,3458	2,1582
-0,3847	5,1074
-2,4820	5,3695
12,5259	-2,8880
-4,7759	3,4036
9,5114	5,2384
-4,9069	7,2045
11,8050	2,2893
-6,0864	1,8306
9,4456	3,9934
-7,1349	13,8235
23,7324	-2,8225
-9,3632	7,2702
18,0307	10,6779
-6,8072	-1,7739
10,3630	-0,3975
0,7295	8,5808
12,4601	7,9255
3,4819	11,0056
-4,9724	0,1922
7,8074	-0,2009
-7,2008	9,7605
0,6639	6,4181
-6,4798	-0,5285
14,1641	8,2532
-12,9023	8,3186
4,2026	4,2555
-13,2954	3,2069
10,4285	1,2407
-17,1619	8,4497
7,0862	-7,4756
-2,1542	-10,0313
3,2194	10,8089
-5,6275	2,5512
3,7438	-7,0825
-0,1225	-16,9128
-3,1375	-0,8565
1,5814	2,0923
-11,9193	-11,1457
0,0084	-2,4950
-17,8830	-2,0363
3,2196	-4,1334
-19,1937	-6,0339
1,2534	-3,6746
-15,8514	0,1266
-3,1375	0,8474
-16,8999	-8,0653
8,5278	1,7651
-12,2468	2,8135
-1,5646	-7,7376
4,3339	-2,0360
1,1222	1,1097
4,9238	-2,4949
-4,8413	0,9130
17,7033	-2,1672
-5,1035	-0,0044
12,3950	10,4812
-5,3655	0,5198
12,9847	4,5177
-8,5768	13,5616
9,9044	17,2316
-7,4626	12,9718
10,2318	8,5810
-7,0693	13,8240
4,7923	16,7075
-1,4332	13,5618
0,4014	19,0012
0,8606	22,6711
4,0714	10,2849
3,1543	12,7753
-6,2177	12,7752
10,3632	10,2849
-12,2470	11,6611
7,9383	3,4692
-7,5939	12,7097
14,8849	17,6903
-13,0988	-2,1015
11,4771	9,8917
-6,6107	9,4983
8,7245	3,5347
-10,0184	8,9741
7,8070	6,6148
2,6955	7,4012
-2,3511	11,9232
0,7951	11,7266
-2,9409	1,8307
7,3485	4,1901
-14,6063	9,4983
8,7247	4,9109
-14,8029	5,9594
6,7586	5,7629
-17,2276	13,1028
0,7948	-3,4777
-14,6717	5,6320
6,7584	16,3797
-14,5406	10,2849
4,3335	9,3675
-11,9191	20,9018
1,3844	13,9550
-12,5745	24,6373
-6,0211	8,7777
-1,9577	18,5426
-14,2787	22,5401
1,9744	14,4793
-19,3250	12,3821
1,5812	14,9380
-25,6819	23,8508
-6,1521	18,2146
-33,6117	6,6149
-1,9579	6,9427
-26,7305	24,5716
-6,8078	11,6611
-29,0897	12,9065
-10,9365	16,2487
-9,7566	7,5980
-16,5071	15,2003
-10,3462	21,4916
-10,0846	19,5254
-2,5474	16,7074
-7,2008	16,3797
8,5937	11,3335
-3,0064	17,5594
6,7586	15,2000
-14,1473	8,0567
12,4604	8,3188
-7,0695	5,3042
19,5380	10,4159
-10,0841	3,9934
8,2003	5,0420
-3,5960	12,9717
-0,0573	0,5199
-4,8412	3,7968
-2,1545	1,8961
-3,3338	2,0927
-6,2832	1,1752
12,7224	-6,5581
-10,4776	-2,3637
12,5258	-7,4101
-15,3927	-11,1456
12,3292	-10,6213
-7,3973	-3,4780
7,6759	-16,1264
-14,8683	-12,9807
8,7244	-11,2114
-15,0650	-14,0293
-3,7931	-12,6530
-21,4218	-10,4250
-3,5964	-16,8473
-6,6108	-5,7718
-14,9341	-1,9053
-2,4819	-3,4126
-11,1330	-12,6531
9,7077	-4,4609
-17,6865	0,3230
14,2953	-11,8011
-0,1884	-11,8010
12,1326	2,9445
-9,5598	-8,1312
20,2590	-13,7015
-1,6300	-4,7888
14,2951	-4,2645
-4,9066	-14,0948
7,5449	-15,0122
-7,2004	-11,8010
-0,7126	9,2360
-0,4502	-0,3324
-4,4482	-14,3568
3,2198	2,6170
-10,3464	-6,8202
6,0378	-5,4439
-11,0018	-1,7739
5,3169	-3,0847
-14,7372	-1,5773
5,3168	0,5854
-11,2639	-1,6428
6,0375	-0,5942
-19,7834	0,9132
0,3359	3,2725
-12,1813	10,4159
-0,2541	11,6611
-6,4141	16,9039
-4,1207	3,7314
-0,9091	17,2974
-7,0042	20,3774
11,8049	3,0761
-6,4145	13,0376
0,7950	14,2171
-14,8684	8,0567
11,7394	8,5155
-10,8051	6,8115
10,6253	11,3334
-11,2637	9,4328
16,1958	8,7119
1,7125	12,6441
17,7686	10,1537
5,9725	12,2509
13,3778	11,2678
19,3419	5,5007
13,6399	8,9741
25,1091	13,5616
13,5089	0,9787
19,6041	6,2872
0,9261	8,5153
28,0581	10,8745
3,2197	2,3548
18,6208	2,7482
-8,8387	5,2384
16,4580	0,5198
-5,0378	-5,9028
10,7562	-8,1308
-7,1348	11,5953
0,5981	-3,8057
-1,4988	-9,6382
-5,8245	4,1242
-3,2682	-0,9876
-5,1692	-4,3955
-2,7440	-10,6868
-15,6549	-6,7547
-0,3848	-5,2473
-20,4391	-3,4780
3,0229	-8,2621
-27,5826	-5,9683
-5,6278	-8,7208
-21,2910	-8,1966
0,7944	-9,0485
-25,2887	-7,6724
-13,8200	-3,5437
-22,1429	-25,5637
-10,8054	-14,4880
-16,6379	0,3229
-16,3760	-12,1944
-13,2300	-11,3423
-21,4223	-10,1627
-12,2469	-4,7887
-21,0289	0,1264
-2,0233	-3,0192
-13,7545	-4,6574
2,9574	9,6293
-22,0117	3,0757
16,5889	4,1900
-13,0989	12,4474
4,0715	3,4690
-6,8728	3,6001
7,2171	-0,2664
-12,3123	8,5809
1,1879	9,8914
5,1202	-1,9705
-6,4801	1,2409
-5,9552	9,8259
-10,2810	2,5514
6,0377	3,4034
-13,0336	-3,2813
1,7779	-1,9705
-11,3294	2,8134
9,9041	-6,1649
-18,4728	-2,5603
8,3968	2,4857
-22,9292	-4,3954
4,7923	-3,9367
-18,6039	-0,9876
1,1222	-8,5898
-13,9508	-7,4101
-6,7422	-14,6191
-4,4480	-16,3229
-7,6598	-1,9051
-6,0863	-9,3764
-15,7860	-15,2745
0,7295	-2,9538
-9,1012	-9,8351
11,1496	-16,0609
-5,7587	-14,3570
22,0285	-1,2498
-1,6299	0,5852
23,7325	-10,8835
5,3825	-7,9342
14,7541	4,5830
15,7373	-5,3784
16,4578	-3,9365
7,5454	-6,6891
6,4964	2,3549
4,1375	7,5975
3,9405	-16,7162
10,1011	-3,4777
-6,4798	-0,2013
16,0648	-14,9468
-7,0697	-13,8981
7,2829	-7,7378
-17,2931	1,7647
7,4139	-4,2646
-12,0502	-12,3254
6,8239	-12,4564
-13,5575	-6,8859
5,7753	-15,9298
-8,4457	-14,7501
3,2194	-3,6746
-0,6468	-11,6701
-2,2200	-14,5535
4,3995	-7,9345
-4,8415	-11,6045
4,2684	-5,7063
-13,7543	-7,0170
13,8366	-4,9198
-11,1984	3,7308
7,2830	-6,6238
-5,0379	-2,8881
14,7539	-6,0338
-16,6376	3,0101
13,9675	4,8450
-9,6253	-4,2643
4,7924	0,2577
-5,4965	2,5514
-0,4505	-1,5773
-5,0377	-7,8031
-3,2686	2,2893
-4,5135	3,3378
-11,9194	4,5174
3,2852	-7,1479
-20,7667	-2,8880
3,2196	6,6801
-11,7884	-6,4270
-1,8267	-4,1331
-20,3734	-0,0699
0,6636	10,9400
-18,9315	2,6825
5,1856	-3,0190
-8,7734	8,5153
8,0036	4,3864
-0,4502	-9,5071
7,0861	0,2580
8,6593	15,4619
-5,1035	-2,5604
8,3316	-4,7229
-4,3171	-3,9365
8,9214	-4,0021
-12,9024	3,4689
3,1541	-6,9513
-20,5045	-4,4608
-0,6470	6,6146
-14,7373	-0,0045
0,5324	-0,1356
-24,9608	-0,0045
3,1539	-1,9706
-10,2808	1,3063
-3,0721	2,2237
-7,2660	-0,6598
2,0397	9,1705
6,7586	-1,8394
-4,4483	5,1074
13,0502	9,3673
-6,4143	9,8915
12,7880	7,0080
-16,7688	10,2192
12,4604	5,6318
-9,7565	13,1684
9,2489	-1,0529
-7,7903	8,7121
14,0984	15,3310
-18,0139	5,5007
4,3337	3,7313
-3,8582	-1,6427
0,0738	3,6002
-1,6299	10,2191
-4,7104	-1,3806
2,0402	-0,3976
-5,4313	1,5684
8,2660	3,9932
-12,3780	-0,4632
9,9700	3,8622
-17,1621	0,6508
4,7270	-6,3614
-13,0333	-6,6234
9,4455	6,4837
-19,5868	6,1559
8,0036	7,2701
-13,8853	7,1391
-0,3851	7,9912
-5,8899	17,6249
-3,2688	16,5108
-6,8729	11,3336
-9,1015	22,5402
-0,7781	21,2294
-18,9319	8,0567
-7,2662	11,1370
-19,2596	14,5449
-6,8731	14,2826
-27,5825	17,9527
3,5470	13,4306
-28,6311	18,2148
-0,1885	19,0012
-12,9679	10,8092
0,2046	19,1978
-15,8513	11,5956
-1,7613	0,6511
-3,4649	3,0105
8,1346	-1,1839
2,5645	1,1098
-5,3001	3,7966
11,4120	-4,0678
-2,6787	-8,0653
13,1159	-2,7571
-8,1181	-6,2961
9,9045	-3,9368
-8,7079	1,7648
18,3585	-12,2598
-12,3778	-9,5727
13,8365	-12,7840
-5,1032	-3,1502
18,7516	3,6654
5,4481	-13,5705
11,5428	-7,3444
10,5601	-3,3469
17,7686	-7,7378
12,8538	-7,2791
5,2514	-13,9637
23,5361	-13,6359
1,2535	-3,9367
17,1791	-15,0123
0,5327	-10,9489
14,4265	-0,2012
-4,6445	-9,9005
24,0602	-8,1309
-3,5303	-8,3931
19,3415	-4,3298
-1,9574	-2,6915
28,1888	-9,7693
2,4334	-9,1795
12,0015	0,7164
5,8414	-3,2813
0,9915	-4,2643
11,6741	-5,9027
-1,1714	0,3232
11,6084	-1,7740
-12,1158	-0,3977
11,4118	2,4204
-9,0356	13,2337
10,6907	-5,0508
-12,3779	0,0612
8,3968	4,7141
-9,6253	-8,3931
5,8408	-5,2473
-12,0501	-13,4394
4,7267	-4,5265
-4,9067	-5,5752
-5,3658	-6,2961
0,0741	-6,2961
0,9911	-8,6554
2,8920	-9,1140
-7,5285	-4,7887
7,9383	-4,3300
-11,2640	1,1096
0,6638	0,5853
-15,7203	1,3718
11,6082	6,2871
-8,6425	14,8066
2,9573	12,7752
-11,1982	11,5300
10,1006	11,1369
-10,5429	7,9912
2,8261	15,3967
-7,7903	7,2047
-3,3341	9,0397
-1,3678	16,7727
-6,6109	-6,4925
7,4796	-10,9487
-16,7689	0,9130
12,7880	-7,7378
-14,6062	-12,4563
21,0455	-6,9513
-14,7373	-6,6237
12,7879	-8,3932
-5,3000	-13,4394
11,4770	-11,6043
-10,6738	-0,2667
4,7924	-8,9830
2,2367	-2,1672
4,5301	1,8960
-4,7756	2,4858
-6,4142	-5,5095
10,7564	-5,4439
-5,7590	-4,1332
12,3948	-0,4632
-7,9871	-2,1016
11,5428	-2,0360
-6,2176	3,6656
15,9337	4,1243
-5,7588	0,1922
11,2806	1,3065
-9,8218	13,9548
14,5573	17,8214
-1,6954	3,7968
2,7608	14,9381
-1,1055	22,2779
0,8602	13,8238
-1,4332	12,7753
-3,1376	10,7437
1,9746	14,8724
-14,6062	17,4282
12,2636	4,1901
-14,6063	6,0251
9,7733	10,3503
-16,8344	6,3526
16,6544	4,2555
-14,4095	10,6124
19,4726	5,0418
-11,1327	-3,1501
10,7564	0,1267
3,4821	5,4350
15,3439	4,4519
13,2470	-8,1310
14,8851	-12,2595
24,1259	2,7480
-0,3192	-1,9051
26,9441	-1,7084
1,6467	1,0441
21,1768	-1,1185
-6,8074	23,3262
14,8197	5,2384
-2,5475	9,2363
8,7902	15,5933
-17,2273	12,7752
14,8195	16,1176
-0,9746	15,0034
13,3775	13,6272
-2,0230	14,0859
7,0862	3,1415
6,4313	17,2973
9,9042	14,6756
14,9510	5,9594
2,6953	7,7290
16,6549	6,6803
-2,2197	2,6171
16,9169	5,1075
-3,0062	-8,0653
25,4365	5,8284
-3,8582	4,5831
13,0501	-1,8394
-3,0061	0,2578
15,9991	16,3139
-3,6615	2,6169
7,1517	-0,2010
7,4142	-6,2959
9,8386	0,0612
6,8244	2,6825
5,0546	-9,6383
8,2006	-5,7060
-0,4504	-0,3323
10,2978	-5,2475
-4,6446	-8,5898
22,2907	-19,0099
-9,4942	-10,1626
23,2082	-5,3786
-6,0864	-11,7355
20,3245	-7,4757
1,4504	-0,3978
16,8510	-10,3592
4,0719	-6,0993
12,3946	-3,6745
4,7273	-5,8371
11,6737	7,2045
18,2277	-7,4101
8,4624	-4,0676
9,5115	5,1073
6,6932	1,7649
27,1405	-6,0993
0,4673	-4,1333
15,6063	3,7310
2,2369	-6,2960
32,2522	-8,1310
-0,1880	-3,0847
28,9753	5,6970
1,5815	-5,7062
19,5381	-1,1840
10,1011	1,5684
8,3315	-0,2010
9,4458	-3,4122
7,6760	-0,0699
12,1328	-2,1671
3,8749	-0,9874
13,5090	-2,1671
-2,2855	0,3234
13,6400	6,0903
-12,0503	-7,4100
5,5791	-6,3613
-8,9701	-5,0507
4,3338	-0,5942
-7,5281	2,2891
11,8047	-2,4949
-12,5088	-6,0338
6,3653	-4,3955
3,6130	-13,2428
-0,1229	-3,8055
0,8605	0,9129
-3,0065	-5,1163
-5,8897	-0,0044
-9,8222	-0,2666
5,9067	6,3527
-8,6426	9,4328
4,9236	4,7799
-9,7565	6,0251
8,3315	10,6782
-13,6885	8,9087
17,3100	15,7243
-4,3824	7,5324
16,8511	12,5786
-3,7924	18,7388
16,7855	-0,6598
3,3510	0,9133
8,2004	8,5808
10,5599	-7,4755
-1,3679	1,1098
10,2323	-1,0530
-4,1859	-0,0044
23,1427	5,0417
-7,3316	-10,5557
22,1596	-7,2132
-6,4142	4,6485
10,4287	-7,8032
-16,8343	-5,3127
8,2003	-2,4948
-8,8388	4,9107
10,6250	-4,1332
-5,6275	-13,6359
3,6783	-2,4947
-1,1054	9,6291
9,5109	-8,4586
2,5645	-4,4609
-0,9748	5,0417
13,5745	-0,3978
-12,5090	-2,6259
16,1304	-7,2789
-11,4605	7,9255
7,3486	9,1050
-3,1373	-0,5286
21,8973	4,5833
-11,0671	13,7582
10,7564	10,2849
4,0062	15,0036
10,4287	16,9695
7,7420	13,9549
8,0038	19,2633
14,6233	7,7946
8,7902	15,0037
15,3442	22,9333
0,4016	11,9888
20,5870	5,8941
-4,3170	19,7220
12,3950	9,9571
-0,1881	8,7120
26,0918	2,6826
-9,0354	0,5855
22,0287	8,7773
4,0063	-5,9683
26,9437	-5,7060
9,5770	1,8304
15,0818	-5,7062
22,6188	-7,6067
19,9968	-7,0168
15,8031	-2,4950
13,1158	-3,2813
28,1893	-13,4394
8,4626	-0,5287
19,0142	-1,7741
0,0741	-5,9682
26,0920	-2,1017
-2,4164	1,0441
15,1474	5,0418
-6,6105	-0,1356
19,2105	-3,2812
-1,4333	-7,5410
11,4771	5,4351
4,6616	-1,9050
18,2272	-6,4922
8,4627	13,9547
5,5789	7,8599
19,4729	5,1075
8,2003	1,0443
24,9779	9,6950
7,4140	13,8892
24,5192	3,1414
-3,1372	9,9573
22,2254	15,6587
-1,2367	11,9888
22,2252	10,4814
-2,6785	13,4961
8,7247	8,3187
-7,0693	9,6296
13,9019	0,5200
-3,3339	6,1562
0,4669	14,8723
3,8751	1,1753
-8,9703	4,2556
5,3824	11,5953
-11,7885	2,8136
-1,9576	-3,2813
-21,6187	-5,0507
-1,6300	-4,5920
-28,5655	0,9129
4,2026	-18,4201
-18,8662	-6,2958
-2,4167	3,7309
-26,7959	-0,6601
2,5639	-9,2451
-20,5700	-7,7376
-7,0700	7,4666
-16,4412	-0,4632
-21,6845	-3,2811
-17,0965	5,3697
-16,7038	10,5469
-8,9046	1,1098
-24,3713	10,1539
-4,4481	14,6757
-18,9318	9,3017
-2,8752	10,3504
-19,3903	7,1391
12,0014	9,1052
-10,8050	12,5785
14,0985	6,8770
-6,6762	-2,2980
11,9358	7,4014
-5,1032	10,6780
5,1201	10,4814
4,9239	7,7289
4,0714	5,0420
9,1838	17,9525
3,6782	0,7165
9,0526	2,0274
3,3507	9,5638
18,0308	6,2870
-11,9846	0,6509
19,2761	-2,4292
-13,4265	3,9933
11,8706	4,0587
-4,9068	-4,0021
15,4748	2,5516
-10,0184	4,0588
12,4600	7,0734
-1,4988	-2,9535
10,6250	4,0589
1,5815	2,0271
1,5811	-0,9876
7,9385	-10,5557
3,2850	-4,1988
14,0333	-5,7062
-5,6277	-10,1627
17,1134	-9,9660
-10,8050	1,5681
20,7178	-7,9345
-5,1034	-17,2406
10,2976	-12,3908
-7,7247	-2,5606
11,0839	-4,5267
-8,9043	-12,5876
3,1541	-16,7163
0,7295	-12,5220
1,2534	-11,5390
-0,3845	-16,9129
-2,9408	-13,8982
3,0888	-9,5730
-12,6401	-14,0949
6,2345	-15,6023
-12,1814	-24,9084
8,9213	-19,2723
-25,6163	-18,8135
3,2852	-21,0418
-15,3926	-21,3695
12,7222	-16,3888
-14,5407	-20,5831
1,9743	-29,4304
-1,6954	-23,0733
6,6928	-14,2261
3,8097	-20,2553
4,6613	-13,2430
12,1983	-15,4056
3,2851	-8,0000
17,8344	-5,7063
-6,6107	-13,9637
15,6063	-6,0337
0,0740	7,4009
21,6355	-7,6067
0,8605	-1,1840
17,8344	4,0586
-2,2196	-5,3130
26,8783	1,5684
8,1351	-10,7525
19,4726	-7,9998
10,8222	-4,3300
13,5744	-18,5511
14,7543	3,0757
10,2319	-6,4271
12,0018	-0,5943
2,3676	3,4689
11,4119	-1,9051
-2,8751	-2,9535
16,7203	3,5345
-0,9090	4,6487
23,4704	4,3210
-6,2829	6,2870
27,6647	-1,1840
-10,0185	8,2532
12,8536	12,5129
3,4819	6,1559
7,5449	1,3719
1,8436	-0,4631
0,5324	0,5855
-3,2027	4,6487
-9,4945	6,4182
-3,0061	0,8477
-13,2956	8,2532
7,4140	16,5763
-5,5624	7,1391
8,6592	1,2410
-8,4457	9,3675
19,9313	21,6225
-4,3169	-0,9874
26,1573	4,5832
-2,2197	12,7751
26,9436	-3,4123
-3,7270	-2,4291
5,9068	10,5467
1,6471	-0,9220
5,5788	3,2723
4,3995	-8,1964
-3,7928	4,1244
11,2151	2,0927
-12,4436	0,3889
5,8412	6,0904
-16,9000	1,5029
10,0354	3,8622
-21,4219	-1,9705
6,5619	-1,9049
-16,2446	3,7311
0,5980	7,7288
-16,8343	3,4689
1,4498	-4,3297
-19,6524	7,1390
-8,7736	4,7141
-13,8197	10,6124
-9,4947	0,1922
-6,2830	8,5153
-7,5941	8,0564
-0,3192	1,2408
-9,6256	5,1075
4,5958	6,3526
-19,3248	1,4375
2,3021	3,7969
-21,4219	7,9256
8,4624	10,1538
-13,3611	14,1514
1,5154	13,8894
-19,0625	18,3458
0,9912	13,1684
-3,5960	10,0228
3,2849	19,1323
0,8605	18,7390
-2,5476	16,5763
9,5769	20,5739
7,1517	5,9594
13,3123	6,9426
-7,7248	21,7535
19,0795	7,3356
-1,1058	1,3065
14,8196	13,1684
-10,0841	6,5491
17,7031	4,0590
-6,9383	9,8915
9,3800	10,0226
-6,0862	8,1220
9,6420	-4,1987
2,9577	1,5685
3,3506	4,9763
10,1012	-1,3152
1,1879	-10,6212
13,4435	-0,9874
-3,8583	4,0587
11,3464	7,2700
-7,7904	5,8282
20,0625	4,1243
-9,9530	14,4134
18,0964	-0,0699
-9,3631	6,0250
19,2760	9,4327
1,2536	1,1097
8,2003	-1,7738
5,6447	-1,6428
5,7098	-2,7568
7,1521	4,8451
2,9573	-3,5434
3,2199	0,6509
-4,3826	-1,1842
9,4458	-11,2111
-9,8876	-3,2813
8,3317	-8,6553
-10,8050	-5,1163
12,7879	0,3886
-12,3779	-17,2404
9,7732	-1,3150
-19,3902	12,7749
-0,3193	0,9785
-11,2638	-0,3321
3,7437	-2,4948
-4,1203	-1,3151
0,9256	6,7457
-6,9382	-1,7084
5,3820	0,3888
-0,1881	1,2407
-10,6085	-4,0678
13,2468	1,6994
-9,0357	-3,6091
14,8197	-3,7401
-4,8413	-8,3932
15,0162	-7,4101
-4,3170	-2,4949
9,9044	-2,0362
-7,5935	-8,9830
18,0962	-3,6089
-7,2004	5,9592
8,2003	-8,4587
-0,2535	-5,1817
10,6905	-1,8395
2,4333	-3,2812
-6,7419	0,9785
1,5158	-2,0361
-8,9702	-2,2326
10,1009	3,5345
-20,4389	1,5029
13,1156	-3,0845
-13,7543	8,1876
11,6738	9,8260
-16,8343	1,8307
14,2952	6,9425
1,1225	6,0250
8,3313	18,2146
-4,9720	8,6464
11,8702	7,8600
2,7612	6,3527
2,8919	18,0836
12,4606	7,4668
8,8557	10,8747
22,9463	13,2339
3,8096	17,2970
24,9124	4,3210
2,6955	1,8308
26,1575	8,7775
-5,8242	14,9378
13,1158	5,6317
-6,8072	-6,5579
14,6228	3,7967
-1,6300	8,7773
3,7437	-10,3591
-8,2491	-4,1986
-7,8562	7,3354
-13,4264	-9,1796
-13,2958	-2,1016
-6,2831	-7,0168
-20,7669	-4,3298
-11,9193	0,1920
-25,7476	-9,2450
-8,5771	-2,8880
-40,2965	-1,3155
-12,4437	-4,9852
-39,7723	-1,7740
-16,7692	-6,0994
-40,3621	-2,8880
-14,1479	-0,0045
-33,2842	-11,5388
-26,5342	-3,7399
-31,0559	6,5490
-23,4541	-6,1648
-21,0288	1,6340
-16,6384	-1,9051
-13,4923	-9,8347
-25,1578	0,2577
4,1369	-5,7061
-18,8664	1,5684
0,7947	-1,4462
-23,1259	-9,1794
4,9234	5,3696
-14,5407	13,0371