-5,6286	0,5215
-6,6772	-0,6583
-6,8738	4,4536
-4,3180	-2,5589
-14,8037	-3,9349
-17,6217	8,9100
-12,3133	1,1767
-14,6072	-4,4592
-17,4251	8,5824
-18,1461	5,5021
-14,8693	-1,3135
-11,6580	6,8785
-10,8715	0,2593
-12,2478	3,3396
-5,2354	1,1766
-1,3687	-8,9812
1,2527	1,5701
-6,2184	2,6184
-12,1820	-10,2265
-5,5629	-4,7213
0,2697	-2,8209
-9,0364	12,1868
-12,5754	7,8613
-11,4612	1,1769
-9,8230	14,5462
-8,3812	6,6818
-16,1800	-1,2477
0,4662	23,2626
0,1384	8,4514
-2,2208	13,3013
2,6289	23,9834
0,5319	14,0220
8,8550	13,4978
17,1780	11,8594
8,0687	5,2403
12,1319	9,8933
10,2315	1,4393
14,8845	17,0367
16,5228	11,2038
9,4450	4,0607
14,5569	8,6482
17,7679	12,7112
5,4473	5,3713
8,5930	15,3983
12,8528	12,2524
4,1366	0,1285
15,6709	13,8253
13,5081	3,8638
17,5713	0,9148
15,2776	2,4221
11,3455	-0,9203
7,7411	4,5847
13,9671	4,5191
16,0641	-8,4568
8,7241	7,4028
11,1490	9,3031
8,6586	11,8591
19,6686	3,8637
10,8867	-2,1655
20,5207	3,2084
13,4426	2,5530
25,5669	-6,3598
16,3917	8,3858
13,9670	3,9292
15,2778	-2,2965
22,2245	7,3372
16,5884	0,9147
19,3409	-3,5417
11,2145	7,8615
14,5568	-4,1315
8,5276	-0,1993
17,0472	13,0386
13,3116	-3,8040
12,8529	0,9147
13,1151	-1,1170
18,2924	2,4874
23,8629	0,1936
17,7024	-4,8525
12,3286	1,3078
15,9331	-6,2944
18,6854	-13,6342
6,6270	7,8613
11,3454	-10,8820
3,8088	-2,4276
7,2167	2,8806
6,4302	-11,5370
1,3184	1,4392
1,4496	18,3472
6,9545	6,0921
10,6246	15,9226
0,0732	20,9033
10,6902	12,8424
8,3964	13,7600
17,7025	9,9589
18,9476	22,8040
23,1419	18,1508
8,5930	14,9397
21,5037	16,2504
17,3748	25,2943
22,1590	17,2990
18,2268	21,1001
15,1468	20,4447
19,6688	21,3623
15,7366	30,2095
17,4405	22,4107
9,9694	29,6853
14,4258	29,6196
5,0541	18,8719
8,7240	23,7870
0,4008	19,3961
-4,5800	19,3306
-11,5923	21,2310
-9,3642	4,2573
-18,9981	19,5927
-18,5393	16,9710
-16,7699	2,0289
-18,3428	5,6334
-25,8139	-3,2141
-20,8987	-8,9812
-26,6004	-1,6413
-29,2218	-7,8019
-23,9789	-11,1441
-29,3529	-11,8651
-28,8286	-17,3046
-31,7778	-15,2074
-30,5325	-18,5499
-31,4501	-19,7950
-32,4987	-15,6008
-31,3847	-26,9385
-27,3870	-17,0426
-31,1881	-17,8946
-32,1711	-33,5577
-33,0231	-25,5623
-36,1687	-32,7060
-28,8287	-45,6819
-33,6130	-35,2618
-39,9042	-45,8133
-37,8728	-49,2866
-42,1325	-44,1095
-43,1156	-55,1851
-44,5575	-59,5760
-46,9824	-52,9570
-40,8222	-74,0595
-55,8954	-62,3285
-48,2277	-74,5838
-53,6674	-80,0887
-58,2549	-63,4427
-62,8423	-70,8484
-66,3158	-69,7342
-67,0367	-69,7344
-72,1486	-90,0504
-75,2287	-73,9287
-76,0808	-86,0531
-85,5835	-97,1285
-80,2752	-97,9807
-89,3847	-101,9784
-87,3532	-104,8620
-89,7782	-104,6657
-98,1669	-118,6903
-96,3975	-111,0227
-108,9805	-126,0307
-111,6675	-139,2033
-115,3377	-129,7007
-125,3648	-154,3424
-132,8359	-156,5706
-136,3094	-157,8817
-141,8145	-182,3922
-146,2710	-192,0916
-159,5093	-207,9516
-163,9003	-215,1607
-165,2766	-218,8311
-166,3910	-241,8999
-177,5976	-256,1215
-181,7264	-269,6221
-182,3819	-284,6955
-191,6881	-299,5725
-189,3289	-323,4277
-202,6328	-330,1125
-206,1062	-333,1276
-210,5629	-361,3083
-214,6917	-376,8403
-229,0442	-374,0227
-219,5416	-408,6915
-239,6612	-412,2960
-243,0691	-423,8963
-247,5256	-452,9289
-253,5551	-456,2058
-258,9290	-468,7891
-262,5992	-487,2048
-260,8953	-501,1642
-267,3178	-514,9925
-266,4004	-518,0073
-275,9686	-527,1827
-269,6771	-548,0232
-269,2840	-548,1544
-266,0728	-563,6866
-260,3711	-576,0073
-263,7135	-570,3714
-269,4805	-575,8111
-265,0896	-587,3453
-261,6161	-582,1681
-267,5144	-592,1952
-264,1062	-593,1126
-254,3416	-585,1173
-254,5381	-590,4912
-252,5719	-583,5445
-235,4671	-581,1852
-236,4502	-580,9883
-233,5008	-566,8982
-222,1631	-573,9105
-212,3327	-565,1939
-211,6772	-549,3997
-204,9268	-548,0232
-198,0453	-525,8065
-187,0352	-524,0369
-182,7751	-515,5824
-163,1798	-498,0187
-160,7549	-484,1905
-156,4293	-473,0491
-145,0259	-459,0898
-141,2248	-450,7664
-140,6346	-415,7043
-121,3015	-407,6435
-112,9785	-401,6791
-114,6166	-375,2679
-93,1863	-363,6678
-96,8563	-348,3977
-86,3048	-333,5865
-82,0449	-329,5229
-67,7581	-303,1117
-75,7532	-292,8226
-61,3351	-289,8731
-61,3351	-265,1003
-54,9124	-251,2722
-55,7643	-254,7452
-47,1135	-232,5283
-44,2954	-224,9259
-46,1958	-205,7893
-35,4478	-191,1091
-27,2560	-185,9971
-29,2219	-174,9869
-26,1417	-170,7268
-17,8841	-160,7652
-17,2943	-148,2478
-18,0806	-149,0339
-19,7190	-133,8295
-10,0851	-122,6229
-11,5924	-128,8486
-15,3935	-105,8453
-6,6116	-108,1392
-6,4150	-116,0687
-6,4149	-96,4079
-6,2839	-99,6192
-3,6624	-91,3616
-7,4635	-98,3084
1,9736	-106,6968
-2,1552	-91,5580
-0,5168	-87,4950
-9,9540	-105,1240
-9,2985	-81,9242
-11,4614	-84,2182
-8,9710	-94,0483
-10,4785	-90,9681
-18,2117	-82,3175
-16,9665	-90,1816
-13,6898	-75,6326
-20,9642	-82,2518
-16,1145	-70,4551
-21,2261	-59,1175
-14,8037	-65,6709
-5,9563	-54,8574
-5,7598	-59,7726
-7,5291	-52,5634
-8,5776	-43,9782
3,8087	-46,8618
1,6459	-40,7012
8,2651	-34,8029
5,0538	-25,1036
-0,7133	-19,2709
-5,5629	-15,4042
5,6437	-16,3216
-3,3347	-12,8482
-6,9391	-19,0084
-2,6793	-0,8550
-0,5822	5,0431
3,5466	-11,7339
-4,0557	2,0943
-4,5142	5,8952
8,5273	-8,1293
5,5782	3,9294
3,0225	8,7133
21,0448	1,7667
18,0956	10,6795
17,7681	7,2718
15,8676	7,7961
21,4382	13,6288
25,0427	15,8571
23,9940	15,6605
22,4213	21,2311
21,7659	23,0006
19,2101	27,1293
23,5355	23,1972
23,4699	32,7000
19,4067	34,3383
26,0259	24,7047
27,4676	32,7001
27,0089	34,6661
23,2078	30,5374
33,2348	35,8457
38,3465	18,2821
28,7783	26,0155
27,5987	22,1486
32,7105	13,8912
24,7151	20,9691
24,1909	28,9642
32,2518	18,2165
23,2733	29,2264
19,0791	16,6436
14,1640	24,1148
27,4022	26,8016
18,5547	19,1995
31,0066	25,6877
26,6155	25,4253
26,1569	21,8209
27,3364	17,1023
27,5986	12,3838
18,6201	7,2719
21,7003	16,9057
20,0618	4,7813
16,8505	5,8301
10,0348	7,4683
9,6416	5,6334
13,3116	7,2717
13,1804	0,3249
5,0541	7,9271
7,6755	14,8082
12,4596	-7,2118
6,8235	4,5848
7,8721	0,6523
9,6415	-9,5055
6,7580	-0,9204
7,4788	-18,5496
6,1025	-14,2241
-7,1356	-1,5104
-0,3200	-16,1904
-1,5651	-14,6174
1,4494	-3,6076
-0,3201	-10,6198
-8,0533	-0,2652
-12,9030	-5,0494
-7,2670	-13,9621
-7,7912	-1,9691
-10,7405	-15,9282
-10,3472	-7,0153
-12,2479	-8,2606
-5,1044	-22,0886
-14,4106	-7,9983
-8,7089	-7,0155
-10,8717	-20,3191
-9,6920	0,7180
-11,1993	-9,8334
-12,7066	-11,7338
-18,4736	-1,7723
-7,8568	1,0456
-4,1868	-0,1340
-2,2863	2,4218
-16,5730	-10,9474
-8,7742	6,0264
-3,9245	-6,2290
-3,4659	-5,3768
-10,4782	4,0601
-3,3348	-15,4695
-7,5947	-8,5881
-15,1313	-7,3431
-8,2501	-13,0447
-9,7575	-5,1148
-12,9032	-7,3431
-18,1462	-8,7848
-18,2117	-4,0007
-17,5563	-11,4717
-18,7360	-6,1632
-22,6681	5,8297
-11,8547	-10,1609
-18,9325	0,8492
-27,2556	6,0264
-15,3279	2,2909
-18,5393	6,8129
-2,7450	3,7327
-3,4660	5,5022
0,4008	8,3201
6,8232	-0,1339
11,1487	0,6526
7,0201	2,5530
13,3772	-5,2457
20,7172	-3,9350
31,6615	-3,3452
12,7875	-6,8841
11,2147	-6,0978
24,4530	-8,9158
18,5546	1,7009
19,9310	-9,0471
19,4721	-22,1541
18,5546	-0,9860
16,5230	-7,3432
18,2269	-12,9791
17,1127	-3,4764
10,8868	-12,3894
4,3332	-11,3405
15,1464	3,7325
-0,3200	-15,0763
0,7940	-2,5587
-9,8227	11,9899
-1,1065	-10,7508
-2,2862	-10,0953
-1,9585	3,4050
-8,7087	2,5530
-11,0680	5,3056
-5,1696	2,5531
7,2164	3,6672
0,9906	7,4028
-4,1866	9,5655
12,3285	12,7767
13,0493	14,4151
12,1318	4,9781
15,6708	16,7090
11,3454	5,7644
8,6587	7,9928
24,3216	11,2695
20,5205	-0,9857
13,9015	13,1701
11,8700	10,0242
18,7511	9,4345
16,0642	13,8255
10,4281	7,8616
14,0982	15,0051
22,1590	13,7599
15,2122	8,5826
16,1952	19,7237
18,6200	9,8932
20,1273	1,8324
23,1418	14,5463
12,0009	7,2717
14,0979	-1,7067
11,2143	7,8615
8,0686	-1,3136
-1,3030	-4,7213
-7,7910	1,8976
2,9568	-7,7362
-4,4489	-0,5927
-17,4248	-1,7070
-1,3687	-9,0469
-10,3472	-0,5273
-8,3811	-11,1441
-2,0243	1,9631
-9,4298	-5,6392
0,4661	-16,2558
-8,3158	4,3880
-5,5631	-0,5274
-5,1044	-10,6197
-7,2670	5,6332
-6,6115	0,1281
0,0731	-0,5270
-1,1065	10,5485
-4,1866	0,7181
3,2845	17,7575
-0,3855	12,5800
0,3354	2,3566
3,0224	12,9734
11,5420	11,2693
9,9691	7,7304
5,7093	-1,7723
6,5613	-7,9982
11,2142	0,1938
-2,4171	-3,6074
5,7748	-13,6343
0,7940	2,1598
3,8742	-7,0810
-15,3278	-8,0638
0,7941	-0,4618
-3,2038	-13,8967
-19,0633	-8,6536
-17,2282	-0,1342
-14,8690	-15,6005
-4,8420	-2,8210
-4,1213	-10,5543
-7,7256	-2,5588
3,2188	-5,9668
-2,9416	-5,7701
2,0391	-1,1170
5,1848	8,7788
-2,6138	-8,7847
-1,3031	6,5508
1,4494	3,4705
-1,1721	-2,4932
-0,9754	6,6163
-0,8444	3,4704
-10,2159	-5,8356
-4,5143	2,7495
-3,9900	-8,9158
-2,6794	-7,3430
-3,6623	-4,3940
4,9883	-11,4063
2,8912	-3,6075
3,2190	-9,0471
10,8867	-16,2559
5,2505	-3,4764
12,1318	-14,5520
7,5443	-7,7362
7,3477	-7,2776
6,6268	-14,3553
6,7579	-2,0346
-7,5943	-6,8844
8,2653	-20,2535
4,8574	-3,0176
8,2653	-3,8043
1,9739	-8,7194
13,9669	-11,9962
9,8381	-10,6199
2,5637	-5,5082
11,3456	-15,3386
8,9206	-19,0739
11,4110	3,0115
4,2675	-12,5206
6,0370	-20,1224
5,0540	-0,8550
2,9568	-15,4694
6,1682	0,7836
8,3962	-1,7069
6,8235	-8,7191
8,0031	6,9439
-2,9413	1,9631
0,5321	-3,0830
7,7411	1,0457
3,7432	-3,5418
2,8913	-0,1339
6,5613	0,1281
10,6899	-9,1123
2,9566	-4,5904
0,4008	-0,4617
-3,2037	-3,0831
-4,7766	1,4390
-7,0703	-8,0638
-2,3518	0,0628
-5,6285	11,3348
0,2696	-3,0831
-5,0387	-2,4276
-9,4297	5,8298
-1,5651	-6,8841
-2,6794	-3,0830
0,7941	-1,1825
-5,3663	1,3078
3,4811	1,7666
7,4131	-9,9644
4,4640	2,4220
2,9567	3,9946
4,3985	-13,6998
0,4663	5,0434
0,6629	0,4558
2,8256	-4,4592
0,9250	12,3834
-6,0872	4,1258
-7,9222	-1,0514
-0,7133	11,4004
-2,9415	7,5338
-2,9414	12,6455
4,5951	4,3881
8,7894	5,3712
-5,4318	3,9949
10,6246	0,5870
8,8550	7,9926
12,4595	12,1868
3,5467	-2,8209
3,8089	8,5170
6,4304	3,4705
12,9839	-3,3450
21,7003	5,0435
15,4087	2,0289
9,2486	2,7497
14,3603	4,2570
11,3457	1,8322
13,6394	7,9270
13,1150	9,1721
14,9500	6,6163
10,9523	12,4490
8,1998	9,6965
14,8188	5,1091
12,0008	19,5270
22,0933	2,9464
6,2991	9,6968
14,7534	18,7405
14,6878	5,3058
17,1781	10,8764
4,7264	11,7937
18,0302	3,5363
7,1513	18,6750
6,4303	4,7813
6,4959	-1,1167
5,5129	14,0875
8,1998	-0,7238
5,3162	1,0459
6,6269	-0,5927
3,0879	-3,4762
12,9839	2,8151
2,8257	-2,9521
9,1172	-6,0977
4,3985	-2,9521
10,1657	-10,4232
7,2821	-9,4401
5,1849	-7,0809
-2,5482	-23,2026
5,8403	-0,6582
-2,8759	1,6352
-8,5775	-1,9691
7,1511	-6,0978
-9,8228	-6,8187
-1,1063	-1,7724
1,5149	-1,0517
7,8064	-7,6051
-0,4512	-8,3260
3,2845	-7,6707
5,9059	-10,0299
10,6244	-10,9474
3,6121	-8,3916
5,8404	-0,7238
14,0324	-3,2143
11,4764	-15,4038
-0,0579	-2,1000
-1,3030	-0,1997
0,6631	-12,2581
-6,0217	-0,4617
-1,9585	-5,9014
-10,6092	-14,4863
0,7284	-7,7362
-1,6310	-10,8820
-5,8252	-4,0662
-11,3957	-5,4426
3,4809	-14,9451
1,1214	5,3710
-6,6772	-0,5929
-4,6456	-13,1756
-3,7282	8,8446
-12,7720	3,1427
-12,4444	0,1284
-13,0997	13,3665
-16,5731	5,8954
-11,4613	6,6820
-10,8716	10,7452
-5,4975	-5,1144
-11,9856	18,0198
-1,6309	13,2355
-4,5145	-0,0682
4,2673	12,4491
-11,7889	6,7474
5,7092	9,7621
4,3329	2,8808
2,6290	-2,7551
6,1679	13,4321
-4,7110	2,4220
1,1218	6,0267
3,2188	8,9755
0,2699	7,2717
4,9883	5,5678
-1,7617	8,5167
3,7432	-8,6535
0,9908	6,3542
10,2312	-1,2481
4,9228	-2,4932
-3,3347	8,3857
5,5127	-1,3137
9,4447	-3,3451
1,3182	7,3371
-2,1550	-1,3136
-0,7133	7,4683
0,5319	4,9777
-0,3856	-6,5564
-5,2351	10,8761
3,6776	-5,0492
-0,1889	-5,9010
-3,0725	10,3517
4,9885	-12,5858
0,1387	0,5214
0,4010	1,8975
-0,1234	-12,8479
11,6731	-3,4762
2,1048	0,1281
11,1489	-4,9179
5,9714	9,1067
12,7872	-3,1486
9,9691	0,1940
1,2529	9,7621
8,9206	4,9124
7,2821	9,7621
-0,4511	-1,2480
-5,3007	-0,0682
3,5466	13,1698
-5,2354	-3,6074
-5,0387	4,3226
-5,6941	-3,0831
-8,1844	-7,1462
2,1701	1,9632
-1,0412	-0,3307
-4,5800	-9,1778
0,6629	2,5531
2,0392	-7,7362
1,8426	-3,0174
11,6075	3,7325
12,0006	-8,3259
12,0664	1,1112
13,3770	-2,2967
0,6632	-10,5541
11,8699	3,2083
13,6393	-4,9182
5,7749	-8,3259
1,3186	1,7665
6,5614	-6,5566
3,8088	-5,3112
5,1850	0,3902
6,4955	-9,0469
-7,5290	1,3080
0,5974	2,0287
-2,6140	1,5046
0,0075	15,0049
0,3351	5,8955
4,3328	9,6311
-2,9416	19,6580
-0,1235	6,3542
-0,2544	20,9689
0,9907	16,3156
2,4325	8,9102
3,8088	19,9202
0,1388	10,4829
7,8065	7,1408
12,2629	6,6820
2,6291	7,0096
8,7240	9,6311
4,1364	16,5122
6,0370	-3,1484
0,4009	11,9248
6,8888	7,7305
-5,9561	12,5147
-2,0896	15,4637
-14,7380	10,0898
-11,3301	18,3474
-2,3518	14,6773
-12,5099	6,8787
-12,5097	13,3667
-2,1552	12,9734
-5,3008	7,1408
-3,3347	18,6751
3,2844	6,2887
3,4155	-3,9347
5,9714	6,0266
6,1025	-0,3305
10,4279	6,2887
5,0540	4,0603
11,2799	-1,9689
-0,6476	5,7643
5,2507	-0,1996
5,7094	-2,3621
8,7240	1,3734
-0,5821	-8,3259
0,3355	-0,3305
8,1342	-5,3769
5,3160	-13,3066
2,8258	2,8151
5,3161	-0,7240
11,7386	-5,3769
9,5758	-6,8843
8,3306	-8,7192
4,7262	-9,9644
0,6630	-5,9013
-0,3855	-7,6051
2,8911	-0,2652
-7,0701	-6,6877
2,9567	-7,5395
-4,8420	4,3879
1,9738	0,1281
-2,6793	2,8152
-0,9099	7,6648
6,6267	-1,3791
2,0391	7,1406
0,4663	3,8638
-7,3979	4,3227
1,8426	5,8954
6,7577	1,6356
4,2672	10,8763
-10,8713	14,9393
-4,1212	3,7328
0,0075	9,3690
-0,2546	15,2670
1,5149	4,5193
-1,3031	9,3035
-2,8103	13,7597
2,8913	7,1407
6,1025	12,5802
3,0224	10,3519
4,0710	10,0242
8,6585	11,1383
11,8041	6,6163
8,9206	11,5315
4,5296	7,9270
6,7579	-0,7237
6,5612	9,3033
2,9567	1,4389
5,5782	8,1237
0,4009	4,0604
7,2822	3,3396
-1,1064	11,7937
6,8890	1,1113
2,0393	8,2549
6,4302	19,2648
-1,4996	19,3958
5,5127	12,6458
10,0346	23,9835
4,2674	16,3158
6,8889	18,4786
7,3476	24,3767
2,0393	3,7330
10,1657	19,8549
8,0029	24,8353
9,6415	4,9780
4,1364	14,6774
1,2529	0,8492
4,1364	14,1530
-1,5651	11,4659
4,2019	-0,5272
-1,1720	5,5677
4,0708	11,9900
0,0076	-0,0684
-1,5653	12,6455
1,7771	-2,1003
3,8086	-4,4593
-5,6941	-2,6244
-1,1720	-3,7385
11,0175	-1,7725
3,2187	-9,4401
7,6097	-11,0129
-3,8590	-5,5735
6,2336	-5,6390
1,9737	1,7666
1,7771	4,7811
-1,1719	-2,5588
1,9738	6,2887
-2,0894	10,7449
7,5443	-8,7191
3,9399	6,4854
12,7872	5,5020
5,0540	-3,8695
2,9569	-2,2310
7,4788	-8,4571
7,4132	-1,7068
3,0223	0,3901
-1,3685	-14,5519
8,3962	-5,0492
-1,8929	-8,4573
-4,1866	-13,0447
4,3986	-3,5420
0,9906	-9,9645
-1,8928	-1,9692
0,3353	-8,2606
2,1047	-16,1903
2,4325	0,1937
5,1194	-1,5760
10,3623	-9,4400
9,0516	5,7643
3,5467	-0,8549
16,7193	-2,7553
7,6099	2,5531
21,0448	-1,9034
18,4233	4,4538
15,3432	5,8953
16,2609	-4,5247
16,7196	8,6480
22,6835	3,1429
27,4674	-2,2964
22,0281	14,9394
16,1298	0,5869
18,0305	1,5045
21,8970	0,3903
23,9285	-15,2727
18,2269	-5,2457
18,9477	0,4557
12,9185	-11,7995
11,9354	-2,8867
22,3556	-12,1927
9,4448	-13,1101
7,6100	-7,8017
9,6414	-12,1271
1,4496	-6,3599
5,0540	4,5844
7,6754	-11,3406
-0,1234	-0,7894
6,5613	-1,4448
3,6121	2,0286
7,1511	-2,7555
8,4618	3,4705
-1,4996	3,7981
10,6901	-8,2604
6,2336	-2,8863
6,2335	2,1598
5,7749	-1,2482
8,0686	-7,2117
5,7747	4,3225
0,2697	0,1937
3,0223	-8,7847
0,7940	4,7812
1,1216	-11,8649
-2,2861	-1,4447
2,8257	-1,4449
2,8256	-17,8288
2,5636	-8,6537
6,9545	-8,9816
2,0393	-9,9646
11,2798	-13,4380
8,3306	-24,9067
-0,2544	-11,7996
8,1342	-15,4697
14,9497	-21,4333
0,4664	-19,3361
4,9884	-19,2706
4,1365	-21,2367
-0,0578	-6,6222
9,5105	-15,2731
6,9544	-9,0469
9,1827	-3,2800
7,7410	-9,7678
2,1704	4,1913
9,9038	1,4387
14,5566	-6,6875
12,0662	5,8952
10,3624	-8,5881
7,0200	0,7181
11,6730	1,7665
5,1195	-8,7192
10,4278	1,7010
3,2189	-7,3431
2,3015	-12,4547
4,2021	-7,5396
7,7409	-11,6028
2,5637	-4,0663
5,8404	-9,3747
0,4665	-18,8771
0,4010	2,7496
5,6439	4,3878
8,7240	0,1282
9,4448	12,7766
5,4472	18,5437
0,9908	9,1067
9,1828	7,9927
11,2799	3,4708
15,8018	21,8208
12,7217	24,3764
11,5421	1,6357
18,6199	7,5340
10,0349	11,9247
12,5253	-2,8208
14,0981	9,8276
9,7728	-1,5758
22,2245	-0,5927
15,2121	1,3732
13,6394	-12,6513
21,2414	-1,0515
15,7363	-2,4934
9,1828	-6,8842
11,2799	-1,5103
8,1997	-12,5203
10,2967	-5,8356
1,3839	2,6184
3,3500	-8,7848
0,5975	-5,1802
-2,7449	0,1935
-2,5482	-5,0493
-2,0240	1,4387
-7,7911	-3,8697
-1,3031	-13,3067
-2,0895	1,7010
9,1826	-3,5420
-0,3857	6,6817
-1,0410	-0,1996
12,4593	-7,8015
-8,2500	8,8445
0,5318	-0,0029
-3,2693	3,9950
-5,3010	10,0241
-3,4004	2,1599
-6,6772	10,0242
-10,7404	10,2207
-15,8521	-0,5926
-9,2985	7,0751
-7,8568	11,5969
-7,7256	-0,0683
-0,9100	4,0604
3,4154	6,1576
-5,8251	4,1915
6,2991	3,3395
-1,8275	-0,3960
-2,5482	5,1090
1,1873	2,8806
4,5295	-2,2966
1,7115	14,1528
4,2675	-2,9521
0,2698	-4,0659
3,4154	6,4198
-4,7764	1,8978
0,9907	13,7598
-1,1720	12,4490
-0,2545	5,6990
-4,0555	11,4662
-5,4318	19,8546
2,7602	9,8933
2,8255	11,8594
2,1703	13,4978
2,3668	12,7769
-3,9246	18,1507
-0,6478	10,8107
5,7746	16,3813
-6,2184	10,4829
-1,8275	-1,9033
-5,2354	3,9949
-13,2307	-1,9034
-9,4951	3,2084
-6,6772	4,5845
-16,8352	-6,5565
-11,1336	-0,7238
-8,7743	-6,2945
-11,2647	-4,7215
-5,3010	-1,5757
-3,8592	-2,1657
-3,7282	-6,4253
-8,0535	5,7642
-5,3666	-5,7700
-16,5731	1,1768
-6,0874	4,3224
-16,2455	-4,5248
-7,5946	2,1599
-13,0997	0,8490
-6,1528	-5,6389
-3,6627	5,1744
-8,9710	-8,7192
-8,3811	5,9609
-10,2161	2,5529
-12,5098	-2,0345
-5,1043	3,2739
-1,9586	1,3732
-8,3811	-4,8526
-3,7280	-5,0491
-5,4321	-4,3938
-3,1383	-2,5587
-5,1043	2,3563
-3,5316	-9,5056
-5,3009	-1,5101
-7,7912	9,9584
0,1386	-6,7532
-5,4975	-3,0830
-4,7109	-3,6730
-6,0873	-10,8818
-4,9732	3,6016
-9,8229	-15,2727
-5,0388	3,6017
-13,5585	0,5868
-10,6749	-2,8863
-12,2478	13,1698
-10,1507	5,6987
-16,7043	-3,4762
-5,6288	5,4368
-14,6727	2,5531
-8,5122	1,1770
-10,4783	7,1407
-9,4952	7,2719
-1,0411	9,6311
-7,2014	5,6990
-4,8419	3,9952
-0,8443	16,5779
0,5975	17,8230
6,9544	11,9247
3,8742	10,6141
-2,2206	0,1939
9,1171	6,1577
-2,5483	7,5993
1,8426	-3,6726
-2,2861	6,2888
3,9397	2,0289
0,0076	11,1385
-1,6963	11,9248
-4,8419	2,0290
0,7285	15,2018
-1,4341	16,6433
2,5634	3,4708
-6,5459	16,5779
-0,2545	10,8107
-0,1891	10,3520
-7,1359	14,4806
-1,6308	6,9441
-1,8932	8,0583
-7,5947	17,2986
-12,0511	1,5045
-3,3349	5,4368
-5,4321	7,9271
-4,3180	-3,2140
-10,9371	4,5193
-3,9902	10,4173
-5,6287	-5,7044
-8,0536	10,2208
-9,4296	-4,3938
-7,8567	-1,7722
-7,8567	8,2546
4,9883	-11,9960
4,4639	-6,4907
-4,1865	2,6185
9,4448	-4,1970
10,7556	2,0288
5,4471	3,7328
2,8258	13,1044
11,4765	12,7767
15,0154	4,1916
8,0031	12,1214
19,7996	11,6627
13,4424	9,2378
1,5152	9,1723
3,2846	7,0751
11,3455	0,8493
8,2652	15,2671
0,3354	4,7158
-1,4996	12,3836
-0,1234	12,7111
10,1001	12,9078
8,1996	11,2039
11,0830	7,9927
1,1872	11,9904
-1,2375	11,6626
6,9544	4,2572
-0,8444	11,9904
-2,2206	16,4467
0,9907	-5,8354
-2,5483	9,6966
-3,5969	13,3008
-5,8251	-5,6389
-7,2669	2,2909
-2,2861	-1,9690
-5,7597	2,2909
-11,9199	0,7834
-3,6625	-18,8772
-5,8252	-2,5587
-4,8421	2,0941
-10,5438	-9,1124
-4,5145	7,5993
-6,8738	0,5868
-3,5315	4,5192
-7,1358	8,7789
0,9906	-3,1485
-8,2499	15,2671
-1,1064	12,6456
3,4156	4,2571
8,8550	17,2332
3,0879	8,7135
3,7434	5,9612
12,8528	14,2841
16,7193	5,5678
11,4110	10,9418
12,0008	10,8762
13,7048	2,9464
14,7533	10,0243
16,0639	-0,5270
4,9229	4,1261
3,4811	10,4830
0,7286	-0,3960
-3,0070	7,7305
-6,6769	11,9901
-8,5776	-0,7237
-0,5823	10,4830
-11,9200	11,5313
-7,2014	-0,3305
-9,0364	15,3981
0,5318	5,0433
-5,0387	2,9465
0,4663	10,5484
4,0053	-1,3134
4,0708	15,0049
10,6244	2,3564
6,9544	2,2910
2,8912	7,2062
11,2799	1,1112
4,9884	4,4537
6,0372	11,2692
13,9013	1,8977
10,8867	3,5362
10,3625	9,2377
3,8089	-1,5756
12,1321	9,7622
13,3115	12,9733
8,4620	11,5316
14,4913	11,9903
12,6562	8,3859
11,7387	4,1916
14,6878	11,8592
7,8720	-0,3959
10,5590	10,5486
0,9252	3,2084
4,6607	9,3689
3,5465	11,9246
0,9906	1,3734
-2,2862	5,3712
-11,5267	9,4342
-7,0048	-2,4277
-7,9879	-0,0683
-3,6625	6,8128
-6,2841	-0,6582
-9,8229	8,0580
-8,5777	-5,1147
5,1848	-7,1461
-0,7136	1,8976
0,4007	-9,0468
-0,3202	0,6525
0,0075	2,6184
-0,0579	-8,5881
2,8911	3,6015
-0,5822	-2,4278
-1,3687	-8,3259
0,8596	4,9778
-5,0387	2,1597
-3,0725	-5,3767
-2,4828	5,7643
-3,4003	3,2740
-4,8421	10,1552
2,6291	8,9100
4,3983	-1,5755
0,9906	6,0266
8,0685	7,4028
7,2820	9,3034
3,7432	7,9270
6,9545	2,2910
5,3162	1,0458
9,6415	0,9802
6,6268	3,2084
-1,4339	-1,0514
2,1050	0,5870
11,1488	0,7181
4,0710	0,7179
9,6415	-12,9135
6,5612	-7,0807
-1,4996	1,7664
10,6900	-18,4841
1,4493	-1,4447
3,1532	-3,4110
-3,7936	-10,7508
-4,9733	-1,2482
-7,1359	-13,4378
-3,0072	-6,1632
-7,1360	0,1280
-3,4660	-9,7022
-10,4127	3,7327
-7,0704	5,1743
-13,6894	0,7179
-9,8883	3,6672
-3,7280	1,5044
-6,0218	3,8639
-1,2376	12,8420
-8,3811	-5,1146
6,2335	11,9247
6,4956	4,6501
9,7724	-2,4931
6,8233	2,2909
9,9035	-2,2966
2,6947	-2,8208
5,4472	3,4706
-0,4509	6,8784
-0,1233	8,9756
4,6610	13,7596
12,2630	1,8977
11,0178	14,4151
9,3139	5,8298
11,2145	0,3905
16,3918	10,0242
20,9138	6,8784
12,7217	2,0289
17,1128	6,7474
19,2754	0,5216
13,9670	13,8909
14,0982	17,6919
15,0810	6,5510
7,7411	23,5903
8,1342	18,2163
7,2168	15,8572
12,9183	24,1802
1,1874	14,4809
-2,4170	26,1463
-0,8442	17,8886
6,0370	17,3645
8,5273	23,1315
14,0977	9,9588
0,1387	11,4007
9,5104	13,0389
13,8357	0,1285
9,6414	13,6944
13,7703	3,0774
11,2800	7,1408
15,9330	10,2209
11,5422	7,0752
11,6733	6,6819
8,6586	6,7474
6,8891	-4,7213
1,6463	10,0899
10,2314	16,6431
8,6584	-8,5226
-6,9391	5,6333
9,5103	5,6986
-3,7281	0,8490
-3,6624	-1,3136
-6,0218	5,8953
-2,2208	-4,1316
-8,4466	0,5213
-3,8591	-10,8818
-4,8421	1,5700
-4,1868	-1,7070
-6,4804	-10,4231
-4,1212	-4,0662
-3,0725	-4,9837
-8,5120	-6,4910
6,4302	-5,1804
-2,3518	-6,2946
3,7432	-3,4110
2,4324	-9,5714
-0,9099	-9,7023
1,0562	-9,7680
4,2674	-5,3770
-1,6308	-10,2922
11,5419	-8,5881
1,7115	-9,0469
7,7408	-7,7361
-2,7449	2,8151
2,8257	-7,2119
5,4470	0,9802
-3,9245	-1,1171
-1,0409	-0,8547
-0,5821	6,4851
-0,1233	0,6523
5,1195	3,5360
10,0347	4,6500
8,5273	-8,6536
13,1149	0,1939
0,9252	7,9269
8,7240	5,3056
9,6414	9,7620
11,5419	9,2378
4,7263	6,2231
8,1997	6,4852
3,8088	4,9125
-1,1719	14,6117
-5,2351	14,6771
0,7941	1,1114
-3,7279	11,2039
-7,7256	8,2546
-9,4951	-6,4909
-9,9539	3,9293
-6,6771	-4,9838
-1,9587	-9,7023
-10,1506	-6,6223
-8,1190	-21,7611
-3,3349	-14,7487
-10,0851	-29,7565
-5,4319	-27,0039
-2,8761	-15,8630
-9,3641	-24,3171
-4,0556	-19,0741
-1,8930	-19,7295
-7,0048	-25,2343
-13,2307	-0,6584
-7,3324	-6,2291
-12,9031	-15,9937
-8,0534	-0,0685
-10,8716	-4,2628
-12,8376	-4,5249
-6,1530	-3,8040
-9,1678	-5,1802
-18,0805	-2,9518
-4,5802	5,2400
-18,2117	-5,1146
-13,5585	6,1577
-13,1653	8,4513
-13,8207	-1,3135
-16,9007	3,1430
-10,3472	6,6164
-14,2793	9,1067
-11,0681	10,4173
-7,3979	-3,4762
-7,0048	9,4999
-1,1064	5,9608
4,0708	-9,5710
6,6922	-2,4277
2,8258	-6,4910
3,6776	-13,9620
1,3839	0,4557
2,8912	-9,8990
4,9228	-4,1318
-0,1235	-12,2584
-5,1042	-14,1587
3,2189	-3,7386
-7,5946	-19,9915
-0,7788	-16,4524
-2,2861	2,2907
-2,0240	-7,5398
0,4664	-9,3745
-1,4997	-2,6901
11,2798	-14,6830
3,5465	-4,6560
11,4765	-11,9962
13,5735	-13,1756
2,1705	-2,6900
22,1589	-18,0909
14,6222	-6,7531
5,3818	-1,5104
8,4621	-11,2751
18,7512	5,8953
18,4889	2,6839
7,6101	-0,2650
3,6125	8,8445
19,5376	2,4220
6,6270	7,5339
9,1829	12,5146
10,3625	2,8153
9,0518	9,7622
16,7193	10,0242
5,9715	3,4052
6,8890	11,5972
7,3477	-3,1485
11,7386	3,9952
9,1826	19,0026
6,6269	1,6356
17,0470	5,8301
1,9738	9,1722
-1,1717	5,1091
9,5762	13,3666
4,9230	15,9225
7,8721	7,2718
6,2337	7,5995
5,9060	2,4877
2,2359	13,6943
0,7940	15,3980
0,5975	-4,9179
4,9227	6,2888
-10,2815	6,9439
0,4663	-3,7383
3,0876	3,4051
-2,8105	-4,1971
-3,0726	2,7497
-2,4172	5,2400
-1,8274	-3,6073
2,5636	3,1431
6,2336	13,9563
4,3331	0,1283
4,5298	7,2062
-0,9097	3,6017
15,4088	2,7497
19,2097	4,5846
13,6392	2,3564
14,3602	3,9293
20,1928	-1,9689
11,4110	-1,7724
16,7850	5,5021
12,9184	-2,6899
19,1443	-5,4423
12,1319	-0,9859
16,7851	-0,0029
9,1829	6,2231
8,0033	6,0919
7,7410	-4,7213
7,0201	11,5971
4,3987	10,2863
7,1511	11,9249
8,5273	14,4151
2,8912	11,3350
3,2189	18,9372
-0,5823	11,8593
4,9227	5,0436
-1,6965	16,4469
-10,5437	14,0219
-6,5460	-2,8862
-1,3032	6,4199
-7,0048	10,1553
-12,4442	10,8762
-12,7062	10,6139
-4,5144	-4,3281
-16,1797	11,9903
-6,6115	2,8807
-3,2693	-1,0512
-7,3980	13,6943
-5,2353	10,7450
-7,7258	4,1916
0,0074	12,9734
-6,2841	13,8253
0,5971	15,2016
-14,3450	17,9541
-9,8229	7,6650
-10,5440	20,2480
-14,4761	19,7236
-17,2285	15,2674
-15,9178	22,8040
-13,9517	25,6875
-14,8037	29,9473
-6,4807	19,8548
-5,6942	15,4640
-0,8446	19,4617
-7,3326	21,6242
-3,7935	9,7623
2,3667	19,6582
1,2526	16,7744
-7,3325	4,7160
-3,2037	14,6774
-7,7913	0,6526
-8,2500	7,5995
-10,6748	14,0873
-6,6116	0,6525
-13,6239	-2,2964
-11,5267	3,6016
-5,2353	3,7327
-4,4489	5,1090
-5,4320	2,4220
-5,9562	19,6580
-4,7765	16,5775
-3,9901	-5,4422
11,0830	10,6798
-6,6117	7,2716
-5,7595	-2,6241
-0,4513	8,7791
-0,5169	8,7789
-11,7889	5,3056
-2,1551	0,1938
-0,3857	-2,0343
-3,9245	8,1236
-1,5652	11,5969
-6,2182	-4,8525
6,3648	9,2377
8,7895	0,8491
5,7095	-0,3960
15,3432	4,8468
16,9815	6,8130
15,3431	6,6162
17,7025	7,6649
11,6731	3,6017
13,3117	15,4636
11,4767	9,4342
19,2755	-0,9858
17,1783	-0,3961
16,1298	-7,8671
18,7513	1,1768
18,7512	6,6816
5,8408	-11,2096
31,0065	-4,1971
27,9261	2,0286
18,0303	-12,9791
33,5624	-5,6390
23,6663	-7,9329
21,4383	-11,6028
22,4212	-5,2460
29,1059	-20,9090
20,7828	-10,2920
20,1930	-0,7897
20,8484	-16,9769
21,7658	-9,6367
13,1806	-8,1296
12,8529	-11,3407
10,8213	-4,8528
7,2167	-13,7656
3,7434	-10,9475
-3,5312	4,4532
10,2313	-20,7124
2,4979	-6,2288
-1,1065	-7,8019
-4,6455	-8,2605
-4,7767	-6,6221
-12,5755	-10,6196
-10,6750	0,7180
-15,1315	2,2253
-14,8038	-13,3721
-16,2456	10,9418
-17,1631	11,2036
-15,8523	-5,0491
-13,0998	1,5046
-3,7937	-1,5756
-13,4930	-0,1338
-3,6625	4,1914
-3,0728	-3,1485
-1,1721	6,9440
-6,4149	5,9609
8,1340	-1,7722
5,5781	13,3665
6,4302	4,7157
8,6584	0,3906
13,1803	11,1384
3,0223	3,2085
2,9569	19,5270
2,4326	12,3834
7,2821	-11,7335
1,5806	17,1678
4,3986	8,3857
8,0031	1,6357
-2,3517	14,1530
2,6948	6,0919
9,3792	9,3688
3,5467	5,1745
3,2845	-2,3621
6,2335	2,8152
5,7748	-0,0029
2,9567	2,4221
1,1873	0,3248
5,7747	-2,0344
1,3183	3,5362
-1,7619	16,8398
-1,0409	-3,8695
5,0537	2,9464
0,2698	7,8613
-7,6601	-0,8548
4,3331	7,9925
1,4494	1,2421
5,9715	-0,5272
3,2845	2,2253
7,4789	-7,2774
15,4742	-3,9350
14,3601	3,5360
12,7873	-2,7555
17,5058	2,6841
12,7873	0,6524
16,8504	-1,8379
11,0834	4,9124
11,5420	4,2569
8,3308	5,3055
2,1050	5,6333
4,7263	-0,8548
6,1681	4,7814
4,5952	12,0558
9,5104	2,6186
0,9908	4,5848
3,6122	-2,0344
6,0370	-0,5270
5,9716	11,1382
16,4572	-2,8210
4,9884	-1,8378
10,4279	7,9924
5,7749	-5,3113
10,9522	-3,7384
-2,6793	-3,5418
-5,4317	-3,0830
-4,5143	2,0943
-2,5482	-3,4107
-7,0047	3,5363
-5,3008	7,2716
-4,6454	4,8469
-4,9076	15,0705
-3,6624	12,7767
0,6629	5,5023
1,9081	9,8277
1,5149	12,4491
8,5272	13,7599
-3,5969	11,4005
0,9906	-2,2963
4,5951	17,8231
-0,1236	4,4536
-7,2669	-3,1483
-3,6623	0,5871
-2,0240	4,8468
-11,0680	4,0604
-4,8419	5,3055
-0,0580	-10,6851
-4,9076	13,5632
-4,1867	14,6115
-4,3834	-5,6388
0,6629	15,0705
1,3182	9,6964
-3,8591	-0,7236
7,2819	6,2232
-6,4806	5,5021
-3,5969	-2,9520
-3,1382	-1,6413
-0,9100	-6,4909
-3,8591	-3,4107
-3,2037	-0,0030
-3,1381	-7,4085
-10,0849	-4,9181
2,2358	-5,6389
-4,7111	3,4705
-2,0240	2,9461
6,8232	-4,2627
-1,1721	4,2571
1,0562	-1,7069
9,8379	-5,0491
3,5465	1,3079
12,3284	-5,1146
2,8257	-10,0953
9,1172	-2,4933
11,2799	-6,2945
2,4326	-6,8842
6,0373	-7,5398
16,3917	-24,7100
7,1514	1,1765
14,7535	-9,5061
20,2585	-22,8752
20,3896	-15,4697
23,6664	-16,1251
18,6201	-13,5692
20,5206	-20,0572
16,3263	-28,1180
18,7510	-8,1951
8,9205	-11,9307
3,3501	-14,3554
3,4810	-8,2606
0,0075	-15,9282
-6,4805	-9,5056
-5,4319	0,3247
-9,7573	-4,6560
-12,3132	-0,1340
-10,1505	2,1596
-6,0874	-8,1949
-10,8058	4,9778
-8,0534	-8,3261
-0,2547	1,7666
-9,3642	0,4557
-2,5483	-8,6536
-2,5485	-3,4762
0,0731	3,4049
-1,8930	-8,3259
4,0052	15,5292
1,3839	8,1234
5,7748	1,5046
1,3184	8,0581
11,3454	5,7643
5,9060	12,5145
5,7093	7,4682
7,2168	-1,9032
6,8234	13,3665
3,6123	2,0287
10,6900	-3,6072
5,2506	7,7959
7,2167	-5,5079
9,2482	7,7305
6,5613	5,5020
9,4448	-1,3790
-0,9099	15,8568
5,3160	12,3833
-1,8274	1,7667
-11,9855	9,3688
-7,0703	4,1916
-13,4929	7,6650
-14,0828	14,8739
-21,7505	6,4853
-19,8500	12,7113
-23,7166	17,2330
-11,0683	0,2594
-11,4616	10,9418
-14,4761	11,1382
-13,7553	1,9633
-8,3158	4,3881
-10,8717	-0,0028
-9,2332	6,3542
-6,5463	5,1089
-11,9201	-3,7383
-12,7720	12,5801
-5,8253	7,8613
-4,7111	-3,8038
-13,0342	9,5654
-13,5583	0,7181
-4,3835	12,3180
-7,9879	12,6455
-5,5630	-1,3790
-5,8907	10,6141
-3,7936	12,6456
4,1363	-5,1799
-2,4828	13,6287
4,9227	7,4682
0,9251	4,7814
7,9373	14,4151
5,4470	0,0627
-4,5800	2,5531
-3,2690	7,2715
2,1703	2,6185
5,1194	4,3880
-1,0409	0,5213
3,0880	-11,4061
6,2991	-2,4932
1,1219	-6,1633
7,0857	-1,2481
10,2314	2,4873
15,6053	-17,2387
20,3239	7,8615
13,0494	-5,9668
14,3601	-1,9033
14,1635	9,4343
8,1341	-2,4933
-1,1719	-3,0174
4,5297	7,7304
-1,8273	2,6186
6,8234	10,0898
0,1386	12,3179
-3,5312	8,2547
7,6099	12,1869
4,5296	5,8299
1,6461	1,0459
13,7701	13,3010
12,1973	5,9610
1,2528	3,2741
2,3016	11,6626
4,4641	2,3565
9,7725	7,9271
-1,1720	10,9417
2,7602	-0,5926
-6,5459	3,1430
-5,1041	6,0920
-1,8273	9,6309
9,4446	1,1113
-7,0047	-3,2141
-3,0726	3,9292
-0,8444	-4,9836
-6,5460	-8,7846
0,6629	2,6840
-5,0387	-5,4425
-6,2838	-5,9012
6,6922	-15,5348
0,9249	-12,1925
-2,3517	1,5044
2,3013	-6,5566
7,0854	-13,5688
10,6899	1,0456
-1,1064	-10,2921
3,8744	4,5845
7,2168	-3,0178
7,0856	-11,0786
0,2700	-1,5103
8,5274	-0,9862
10,7556	-13,0446
0,0733	0,9800
17,5058	-7,3431
4,8572	-1,0515
0,6631	5,6984
7,0200	-16,9112
4,0052	-1,4448
1,5150	-4,2630
7,2820	-12,9135
-0,3200	2,6840
2,3669	-2,6901
0,0076	-13,0445
-0,3856	7,8614
-7,9877	-1,3137
-7,7910	-2,9520
-3,6624	6,8128
-11,0679	0,9146
-5,4973	-0,2650
0,2696	12,3179
-3,4003	-2,5588
-6,4805	-0,8546
-6,0218	3,7328
-11,5923	0,2593
2,3013	0,8492
-6,4806	1,9633
-1,5653	6,0921
6,0368	2,6186
1,5804	-6,4908
-11,7232	12,2524
3,2189	1,8322
-0,8444	6,0265
-2,4828	8,7134
-2,6139	2,3565
-4,3178	11,9248
1,5805	14,2839
-1,1721	-2,4931
1,0562	9,5001
-3,5968	16,3156
5,1850	-2,9517
3,8742	13,6943
1,5804	6,4197
0,4008	4,0606
1,0561	8,4514
-1,8274	0,9803
-1,5652	15,2671
0,0076	5,2399
1,5149	-4,9178
-2,1551	13,6942
-2,0895	6,2885
0,2043	0,5870
6,8233	4,1259
1,5804	1,3078
6,0369	-0,7894
8,5271	-2,2968
-4,7765	-14,8140
9,1170	-3,2143
-5,4319	-6,3601
-0,5822	-16,7147
0,2696	-13,1102
-5,8907	-16,3871
-7,9222	-16,1904
-5,9562	-9,1782
-9,7573	-9,8334
-5,5630	-4,5250
-1,9586	-2,1002
-14,6070	-2,2311
-10,6747	13,3664
-3,7936	6,8783
-1,0411	2,4876
0,1385	8,9102
5,9057	6,4854
-1,0411	7,3375
-0,6478	17,6920
-0,9098	8,0583
6,0369	20,5102
-2,0239	17,4298
4,2676	10,8764
19,7341	11,9249
8,1342	8,8448
10,1660	14,3498
18,4889	18,1506
19,0789	-3,4760
22,6177	15,3327
18,4235	14,0873
16,4575	4,3880
23,9285	-1,5757
13,9015	6,4196
18,4234	7,5337
16,8505	1,1112
16,4573	-6,0321
7,6099	3,9293
3,1535	-3,3452
-3,0723	4,7157
5,7094	0,3903
9,9036	-10,0299
0,1387	1,1113
-4,0555	6,2228
-3,3347	-16,2559
-3,5969	-3,0829
-7,4636	7,9923
-6,2184	-9,5056
-13,0342	-0,7893
-15,2624	3,4705
-15,6556	-2,8864
-7,2016	0,3249
-12,2479	-3,8039
-8,7744	4,3881
-8,9710	11,4003
-6,8084	-8,7846
-11,7234	6,2887
-2,1552	5,5020
-0,0581	-6,5564
-2,4173	7,7304
-1,7619	-4,1317
1,5804	-3,2796
-0,7788	7,0749
1,3838	-11,6027
0,2042	2,5532
-0,5168	5,5020
-1,9585	-2,7553
0,0075	8,4513
-4,7112	-3,9350
-11,7234	-2,0998
1,7113	6,3541
-7,4637	-0,4615
-5,3664	-2,2964
-0,5168	8,1892
-9,0364	3,4051
-0,9098	13,7597
2,8912	8,9100
-0,4511	0,3248
2,6292	4,2570
8,1997	-3,5418
12,4596	5,9609
17,1125	1,7665
6,1026	-7,9328
9,0517	-1,6413
10,8212	-2,2968
13,4425	-13,1101
-3,1380	-2,6244
11,8042	-11,2752
8,0685	-11,9304
-1,3685	-1,7069
4,5299	-11,0785
4,0709	1,3734
3,3501	-3,4107
-4,4487	0,9802
6,2993	7,3371
3,0879	1,3078
11,2799	-1,0513
10,2312	10,6140
-0,2545	-2,8210
2,1704	5,0434
12,6560	-2,8866
7,8720	-8,3914
7,8064	-3,0831
7,0200	-6,7531
7,6099	-8,1294
6,7579	0,5213
1,5806	-11,8650
-1,9583	-4,0661
4,4641	1,3732
-4,0555	-10,4887
-3,9245	-1,4447
6,1025	-8,5227
0,8595	-5,9011
-4,6453	0,5868
12,7214	-14,3554
7,6752	-9,6367
3,5465	-1,3794
3,6775	-6,4911
-5,1697	0,7179
1,1218	6,1572
3,7431	-10,5543
3,1533	0,6525
-6,0873	1,9631
0,3353	-0,0028
3,6120	12,1212
-5,9562	-1,3135
-0,6478	10,0898
0,3353	10,2207
-3,0071	2,0287
-4,0556	8,3858
8,9859	5,0434
-2,8761	-1,6412
-4,1867	1,5045
-2,8105	-5,3113
-5,5630	-3,0175
-7,7912	3,8636
-5,7596	-7,5396
0,0075	-1,9035
-9,6263	-7,0809
-11,0024	-10,0955
-3,6625	-1,1170
-8,6432	-6,7533
-1,6964	-11,2096
-7,5946	1,8974
0,4008	-18,9430
-3,7280	-3,6075
1,9736	-8,0642
-2,3518	-17,1079
-9,8884	-7,6053
3,3499	-19,8606
-2,8762	-12,1927
-7,9879	-6,5567
-10,1506	-17,0424
-12,6409	-1,7069
-15,5244	-1,9036
-10,2816	-6,2944
-12,9687	-5,0491
-13,8862	-2,1000
-23,5199	1,9632
-18,9324	11,7936
-3,8592	-9,3744
-7,9226	4,7815
-12,4444	11,4660
-13,3619	0,5216
-6,6117	11,2695
-8,8399	4,7158
-0,9756	8,5169
-6,9393	11,4004