-109,1686	-86,4753
-79,5462	-30,5081
-87,8695	-27,1004
-40,0938	-39,0934
-52,3486	-54,1010
-6,7357	-67,7978
-9,6190	-57,3121
-0,5753	-58,9509
-7,3250	-78,4150
-31,9014	-51,7423
-42,8455	-73,1728
-69,3224	-120,0306
-28,4278	-67,4055
-61,6546	-112,8223
-30,5903	-120,8826
-41,4693	-130,5820
-24,4954	-100,7635
-51,2336	-117,3442
7,2896	-122,1283
-14,0750	-96,7002
-42,5180	-95,6517
-26,0026	-76,1877
-51,8250	-121,4727
-60,9341	-120,8826
-95,2100	-105,5477
-91,0153	-94,9966
-111,0045	-121,2110
-72,6654	-128,7470
-114,6741	-81,4304
-43,9600	-90,4745
-78,3663	-104,1055
-27,3788	-79,4640
-38,3229	-91,1296
-6,4072	-104,4335
-30,4587	-123,1114
7,6824	-130,9100
-65,9797	-132,5490
-50,2514	-138,3166
-55,4944	-190,2207
-73,9758	-151,0956
-20,8915	-145,9842
-68,6683	-159,4188
-51,1693	-160,9916
-94,4235	-157,3871
-60,8687	-141,5273
-67,4882	-149,6545
-81,9054	-194,3496
-38,8478	-177,9006
-11,5848	-210,6689
-10,7974	-221,1549
43,6627	-207,2611
16,7937	-213,4871
39,9271	-185,6989
5,9144	-135,9579
6,3069	-189,3691
15,2196	-155,1594
-25,2823	-193,1050
-25,1507	-195,7914
-52,1528	-152,5379
-69,2568	-179,2111
-107,9895	-138,2509
-105,8266	-170,8882
-158,1243	-180,7182
-111,4626	-153,1937
-106,0235	-186,8791
-72,9271	-197,1021
-58,3122	-165,5796
-19,7774	-160,9270
-53,1342	-210,0131
-28,8213	-206,6707
-56,4116	-225,1522
-61,7207	-212,6352
-60,7375	-230,2649
-78,2362	-256,4134
-78,6293	-244,0929
-122,3422	-265,5885
-108,9068	-236,3595
-138,3984	-237,6701
-101,2397	-234,3274
-147,8357	-196,0546
-134,8601	-203,2636
-183,0943	-220,3678
-148,1641	-208,2437
-182,4393	-188,4519
-147,6400	-218,4673
-171,0358	-177,8349
-138,3991	-224,5627
-138,9883	-221,6789
-108,2525	-254,3822
-103,7305	-314,8714
-153,5378	-265,9823
-106,5481	-282,9566
-148,4257	-289,5750
-74,7628	-252,9407
-137,8739	-269,7833
-81,3160	-266,0475
-139,5123	-251,0396
-137,0878	-239,5706
-177,5239	-218,0752
-191,8768	-225,8739
-190,2383	-259,9523
-165,9254	-234,3935
-200,6580	-258,5112
-158,5191	-309,6951
-158,0597	-327,2589
-164,2213	-357,2088
-173,7240	-309,7609
-242,8649	-294,0985
-200,4629	-361,8612
-243,2588	-245,9937
-235,2624	-250,7786
-247,3211	-269,2587
-178,6389	-258,0528
-204,5908	-322,6706
-135,4501	-279,4172
-173,2636	-290,8870
-105,6965	-335,7783
-162,7781	-269,5222
-131,0589	-331,5852
-147,7048	-364,8767
-145,2806	-343,3814
-128,2407	-375,6254
-138,9895	-385,2598
-154,2588	-435,3951
-187,6171	-472,8817
-185,5857	-448,0438
-210,0307	-448,1101
-202,6253	-512,3346
-226,0870	-469,6709
-219,0092	-469,3439
-240,5705	-480,4844
-192,0741	-436,3136
-264,6882	-441,7525
-215,4049	-400,0058
-233,2308	-396,4013
-223,2038	-431,1351
-216,7155	-409,6393
-198,6935	-426,2857
-214,1596	-432,9048
-203,8710	-430,8081
-206,5572	-480,0256
-230,0193	-484,7445
-198,6273	-492,4782
-214,9457	-535,9944
-182,5711	-511,8773
-217,4359	-549,2332
-209,8990	-571,3837
-223,3994	-553,7545
-186,1757	-542,9411
-219,0746	-516,2024
-196,7927	-502,4397
-218,0263	-518,5613
-220,6484	-451,5834
-263,9673	-455,5158
-252,2374	-494,5086
-291,2314	-440,5729
-321,1161	-470,7852
-322,8198	-485,6618
-333,1746	-503,1604
-277,5343	-509,4521
-321,1811	-499,8842
-263,8363	-535,9288
-269,0795	-526,4258
-250,4666	-498,8354
-243,7816	-537,0432
-181,9158	-534,0281
-201,4448	-544,9732
-143,7737	-566,2725
-183,0950	-534,5537
-196,7921	-588,4245
-194,8262	-621,6506
-225,8254	-563,0619
-227,2670	-596,2892
-262,5259	-603,6934
-247,8459	-561,3574
-291,7554	-536,9127
-275,3057	-525,9021
-317,5764	-537,0435
-259,8394	-570,2041
-268,1621	-543,3348
-260,6255	-579,3145
-267,7683	-599,4992
-231,9860	-559,0641
-279,6304	-568,7636
-229,4303	-580,9530
-260,2978	-605,0700
-251,4505	-599,1718
-231,7896	-580,4946
-265,1476	-591,8984
-257,9379	-615,0977
-244,0450	-633,5136
-286,7740	-612,2145
-293,9830	-656,4516
-262,7228	-656,0582
-309,4499	-658,1553
-273,3397	-638,1669
-306,5008	-641,3126
-261,2811	-631,4819
-299,2261	-605,9230
-270,0632	-589,1458
-274,9779	-596,4200
-298,1130	-586,8510
-294,5734	-574,4650
-295,3611	-566,6003
-303,0283	-577,2173
-326,0317	-628,1385
-309,9094	-583,0503
-344,7745	-597,1413
-286,7095	-637,3147
-320,3948	-638,2324
-269,0142	-639,0188
-289,7233	-651,7984
-253,3510	-636,9872
-312,2675	-649,5698
-279,5002	-608,7407
-305,7143	-569,1575
-309,2541	-645,9645
-308,4666	-546,2183
-287,2339	-556,8356
-272,4221	-518,2342
-294,1153	-501,0636
-294,6388	-495,2960
-329,3081	-453,1559
-321,9021	-451,9765
-330,0289	-502,6353
-300,7342	-473,7339
-317,1836	-446,2096
-273,0771	-502,6357
-275,5675	-461,0857
-263,1154	-473,4720
-278,8436	-439,5241
-226,2846	-449,0274
-286,7087	-481,3361
-278,9754	-473,1445
-275,4366	-490,7086
-278,3207	-486,7109
-277,7305	-470,8513
-253,6794	-470,8513
-256,3002	-476,6181
-257,8077	-448,5687
-217,8300	-477,3388
-253,1540	-427,4660
-208,5236	-449,0936
-248,1731	-495,8856
-218,2232	-466,7221
-291,0995	-467,2466
-287,0363	-468,1641
-296,6046	-467,1810
-262,5263	-468,5567
-257,8732	-445,3574
-261,9363	-449,0927
-242,6682	-455,1218
-230,0858	-427,9902
-229,6921	-449,8133
-244,1758	-409,1811
-237,4906	-425,6304
-246,6003	-404,0682
-205,2467	-369,5308
-229,1016	-369,8584
-163,1067	-373,5278
-213,3727	-356,7506
-196,1367	-347,9040
-242,3397	-376,4120
-208,7204	-398,8258
-247,3211	-412,5230
-242,2754	-415,9965
-238,9324	-447,7164
-234,3454	-474,1929
-205,7056	-456,3672
-196,3998	-464,1662
-166,4498	-477,6008
-189,9767	-444,7667
-151,4412	-402,1027
-184,5367	-406,4277
-150,1956	-387,2254
-193,1870	-399,9392
-152,7514	-363,6981
-206,4249	-364,6812
-172,0189	-371,5622
-195,6774	-313,7594
-171,1018	-307,9922
-208,0646	-297,7017
-209,5722	-274,1738
-190,3697	-233,3447
-184,2106	-205,0988
-188,1417	-215,3877
-190,1079	-233,4754
-142,2657	-185,1100
-140,6934	-190,8778
-165,0064	-221,4819
-192,9248	-168,0047
-175,0336	-165,8421
-205,9014	-182,4879
-176,8033	-191,2041
-185,0609	-226,3969
-175,5582	-208,8992
-171,2327	-223,9734
-187,1586	-230,5923
-225,0380	-236,9497
-218,0265	-234,9176
-211,0141	-234,7865
-209,5728	-231,7718
-188,4042	-241,7331
-212,3905	-213,8150
-182,2429	-235,8351
-185,3232	-252,3499
-130,4037	-220,8923
-150,5231	-180,7192
-120,1138	-207,1954
-106,6786	-194,7431
-100,6492	-170,8227
-89,4417	-175,4105
-41,8631	-208,3750
-32,0324	-233,3435
-32,3602	-173,9687
-26,1338	-217,0262
-30,0666	-243,2395
-40,9453	-187,0757
-83,0860	-221,8755
-73,3864	-204,3771
-146,1320	-182,6201
-100,6497	-253,0048
-153,5381	-181,0463
-105,4995	-196,7757
-116,9029	-243,9609
-101,5016	-216,6330
-124,7661	-207,5891
-89,3118	-193,3675
-116,9675	-183,7333
-118,4104	-161,4507
-149,6706	-123,4395
-128,8962	-138,5785
-107,2034	-170,6248
-106,2862	-113,7399
-43,5672	-139,4961
-63,4250	-154,4379
-64,6038	-180,8492
-92,1949	-185,8300
-78,4983	-173,1821
-145,0831	-204,2462
-136,8260	-208,5712
-202,8203	-183,4711
-163,4335	-178,2286
-179,0314	-194,0220
-142,2003	-148,0814
-152,0301	-179,2110
-104,9757	-132,9423
-101,1737	-153,3242
-73,6490	-185,8295
-85,8379	-117,8690
-62,7699	-161,5818
-62,0486	-175,2780
-80,6612	-129,0097
-100,1905	-127,1097
-150,9812	-114,9854
-114,7398	-161,5816
-171,7570	-138,0536
-144,2314	-88,3123
-172,0842	-108,2351
-122,6048	-96,6346
-145,0169	-69,0436
-82,7584	-82,3476
-128,3708	-118,7196
-103,2051	-99,5835
-114,3464	-122,1936
-98,6839	-134,1213
-115,2647	-129,9275
-145,0839	-155,6831
-140,3647	-147,8188
-141,8073	-145,5255
-101,5675	-166,7588
-149,5399	-138,7750
-84,1344	-165,6446
-120,4415	-115,0506
-93,0471	-141,7236
-120,7031	-108,3652
-95,6681	-72,3206
-101,8285	-78,3498
-92,5884	-84,7065
-93,5712	-104,3019
-77,2532	-83,9205
-82,8891	-107,5138
-71,2242	-114,0676
-72,9276	-158,3040
-79,6127	-95,5206
-67,9467	-120,2935
-111,6597	-119,4409
-72,1409	-86,2142
-139,6435	-66,4880
-96,2584	-87,0003
-146,5908	-72,3860
-107,2033	-108,6927
-149,2117	-86,2138
-99,9940	-109,6104
-99,0105	-120,4239
-63,7520	-114,0019
-32,6879	-133,7941
-35,9649	-129,2062
-44,7463	-100,3714
-41,7974	-151,9477
-28,5589	-119,5067
-46,8441	-109,6110
-40,1587	-110,8555
-75,2866	-61,1139
-68,9295	-74,3517
-114,8048	-46,7607
-76,7284	-45,0572
-99,9282	-53,1176
-45,7295	-51,2829
-50,0546	-29,6562
-9,1598	-64,1282
-28,9509	-52,0039
22,2319	-58,8199
12,2050	-81,5602
11,7455	-22,4469
-21,8742	-33,5223
-26,2657	-2,9165
-71,8783	-2,5886
-73,5828	0,0334
-58,3128	60,9157
-103,3364	24,0842
-70,6333	12,9438
-108,5136	45,1871
-82,7580	26,5748
-139,0536	31,3592
-106,1546	33,4558
-136,1048	-18,9069
-114,4777	15,8268
-88,9183	-15,7624
-76,4671	-68,9771
-68,3400	-56,5912
-83,9387	-70,8787
-104,1230	-78,2839
-126,4714	-61,3762
-105,5652	-84,6411
-131,1896	-81,0366
-66,3085	-97,9451
-74,3692	-109,4137
-33,6706	-114,5915
-54,7728	-139,4300
-5,3587	-170,3630
-31,9662	-140,5440
-29,7380	-141,6586
-39,0444	-129,0751
-29,2795	-139,4960
-30,1313	-174,4919
-14,4687	-137,7923
-12,0434	-175,1483
-9,9466	-191,7284
-13,4196	-162,8271
-11,4540	-162,0409
6,8307	-126,7821
-39,1102	-123,4397
-10,7329	-125,7983
-47,8266	-77,2362
-21,6773	-106,0063
-77,3177	-121,8654
-49,1370	-79,3328
-69,3227	-56,8545
-89,9665	-93,2917
-85,7722	-52,5280
-72,9933	-34,7679
-61,1965	-11,9612
-72,4033	-20,7431
-45,1392	-39,5513
-2,8696	-11,0435
-14,2068	-17,2694
-30,0011	-46,5639
-29,5421	-29,9827
-78,4319	-18,8422
-45,2709	-6,7832
-109,6270	23,5597
-53,6597	4,4236
-105,4988	43,4177
-76,4007	29,1309
-83,2161	38,7651
-42,3875	53,6417
-45,9914	37,9786
-7,1288	20,1528
-25,6751	4,8169
-8,5705	-30,3101
-16,8932	8,5519
-3,4585	-35,0957
19,7415	-56,6561
-9,0945	25,0669
11,6812	-11,4369
-1,8852	-19,4967
38,8129	3,9648
3,0305	-3,3753
49,8887	10,8461
8,6014	1,8674
35,0122	-22,9048
-13,6808	-9,8634
13,9090	-4,0965
-17,2205	-30,3108
11,5488	-25,2649
-20,6944	-41,3211
-20,8912	-36,1442
-13,4854	-56,7878
-25,7411	-65,4384
-38,5861	-19,6288
-75,6796	-20,6125
-54,0532	-67,4699
-125,3563	-30,9667
-76,9905	-41,9117
-107,8581	-77,6942
-64,0796	-75,2693
-85,9685	-86,6730
-27,8382	-83,3305
-63,2274	-84,2482
-33,7364	-97,4207
-10,4709	-75,6629
-17,8770	-72,7134
-13,0921	-72,1890
-24,0377	-79,2665
-37,9959	-61,5067
-37,4067	-64,1934
-38,2585	-68,4537
-60,3441	-95,7815
-24,1028	-38,9626
-73,2548	-88,8354
-70,3051	-100,2380
-53,3967	-59,9990
-13,5511	-46,7612
-43,3693	-29,4594
2,2434	-22,0540
-29,8037	-24,9368
-48,9403	17,2684
-37,2747	21,9212
-33,6712	7,3728
-7,7188	27,0994
-21,6780	31,2282
12,9258	33,9151
12,2704	30,9659
57,0322	10,8467
39,7302	45,2530
30,3595	47,8741
0,8677	44,6636
-2,8677	55,4771
-37,5364	74,3516
-0,8369	60,9821
-48,8748	84,9025
-21,6119	33,5219
-53,7897	32,6042
-8,3084	-8,2247
-29,2141	-23,6256
-27,5106	11,5013
-24,4955	-34,5054
-43,3703	-49,7093
-56,4118	-56,0014
-82,2982	-76,1211
-8,3737	-56,4604
-19,6459	-73,1726
49,7576	-111,2483
11,2226	-47,0891
62,2099	-67,9300
29,3112	-79,1358
32,9809	-37,5204
36,4544	-26,4449
43,5319	-25,5265
19,9391	-33,3914
30,0967	-71,1399
10,0423	-68,1911
-7,5217	-68,6504
8,0105	-92,3083
-2,6067	-57,1809
18,2344	-4,2285
19,2827	-34,8334
10,3050	-46,8916
-5,1618	-26,3133
-0,9023	-44,3359
-75,7441	-23,0368
-25,0201	-20,0874
-60,1475	16,6129
-55,9532	15,6300
-44,4841	21,1361
-10,9303	57,8362
-27,9688	66,2902
2,1120	31,8183
9,0594	28,5416
30,6860	38,8303
45,6287	29,8517
40,5821	7,5034
57,4256	-45,1217
27,2129	-20,8084
11,6814	-72,5822
-26,1331	-61,8998
-15,1890	-66,6189
-77,7105	-52,3318
-37,5373	-33,7852
-61,8508	-41,3216
-33,0157	-45,2532
-30,0655	-10,7157
-3,1308	-32,8015
22,1667	-40,2068
30,6861	-38,6339
47,4638	-23,3642
19,2830	-35,0954
45,9564	-54,2318
-30,0003	-67,6664
-8,8318	-30,3114
-43,5010	-57,3123
-18,1386	-54,7558
-73,9752	-43,3530
-50,8405	-58,8196
-38,1266	-41,2557
-5,2278	-65,4388
-23,9051	-48,3330
-17,8761	1,1459
-10,6668	14,3844
-13,4857	-18,5793
-17,2865	9,0115
-23,1199	29,1962
-36,8168	21,7256
-75,1555	38,3713
-52,8733	1,4095
-103,2709	33,1284
-60,6726	19,1034
-141,3476	-28,8034
-102,6809	-31,3595
-151,7680	-53,1832
-127,9126	-48,7268
-145,7390	-22,9715
-129,6173	-72,0577
-161,1396	-6,9801
-91,5404	8,1582
-99,1422	-20,8731
-66,7018	36,4053
-30,9182	30,1789
-34,1958	-27,0991
-27,2484	-38,0438
-50,7764	-80,0532
-30,5252	-77,1701
-69,6506	-125,6678
-37,2753	-182,6182
-87,1480	-141,1997
-41,3381	-127,4377
-56,8049	-134,1217
-16,3692	-82,0200
-17,2865	-59,8682
40,2543	-29,8524
23,0843	-22,1845
39,5336	-18,3829
16,7275	-3,6376
20,7899	-40,2726
13,9084	-58,4256
-43,3048	-41,3216
-4,9004	-83,5927
-50,0552	-95,3234
-25,8062	-98,4039
-45,6636	-109,2169
3,5542	-70,2228
-5,7519	-53,3803
32,6529	-100,3036
41,8936	-9,3395
41,7625	-67,9291
14,6309	-26,8379
36,5192	-61,6380
13,5819	-77,7597
35,3392	-66,7500
27,2133	-80,0544
52,0507	-148,1458
25,5091	-102,5984
5,9788	-119,2453
-3,6545	-161,2534
-36,6854	-147,0317
-25,4784	-139,4299
-58,1160	-103,5162
-39,1103	-109,8732
-95,0122	-114,3293
-19,6462	-72,7797
-70,7639	-90,1472
-15,1238	-129,0092
-44,6148	-94,4063
-2,0819	-87,6562
-7,1938	-50,1038
-14,2722	-57,8367
-32,9495	-60,5886
-34,1952	-5,7352
-12,6339	-33,1293
-43,5017	-63,0789
-20,1048	-55,4110
-62,8348	-55,9362
-63,4238	-69,6331
-54,5770	-67,2084
-50,7101	-85,8208
-69,4532	-80,5122
-20,8912	-69,8303
-82,5603	-105,5467
-38,4551	-38,8314
-64,4727	-66,1603
-41,0766	-84,3132
-47,5646	-71,9266
-33,2780	-45,8434
-27,5759	-39,6176
-27,7730	-41,3869
5,2575	-51,1515
-51,4312	3,9643
-11,4537	-32,6707
-48,4166	-33,7839
-33,9327	5,3404
-94,2917	-43,7461
-70,8297	-39,7482
-113,3628	-43,6810
-93,8991	-77,9561
-135,4485	-38,6346
-102,4190	-74,8109
-122,9970	-64,3901
-88,3945	-45,8438
-80,9230	-57,1816
-84,8557	-57,8365
-42,3220	-30,5083
-68,8646	-71,4680
-46,5814	-51,0858
-29,7391	-31,0323
-12,6337	-52,3968
-46,4499	-51,0207
18,2997	-81,2986
-29,7378	-98,2066
19,0867	-91,5225
-26,3953	-145,1968
-10,9944	-102,2701
-36,6846	-101,8125
-8,7674	-143,2958
-71,4848	-88,7044
-55,0359	-85,1660
-82,2988	-97,4859
-94,1614	-20,9395
-81,4475	-17,7285
-123,3253	-9,9944
-91,0157	30,1136
-111,5945	11,0428
-95,9309	22,9048
-116,7055	0,8844
-40,3559	-14,3852
-64,0141	7,3071
3,6852	5,2749
-11,5188	-44,7286
23,3461	-31,8839
-37,1434	-44,1398
9,1897	-92,7017
-52,8728	-71,0096
-39,0453	-102,4666
-62,7033	-51,5453
-41,0111	-83,3309
-16,6971	-98,9275
-30,8528	-68,9122
21,1179	-61,9002
-0,7059	-64,1281
9,7152	-98,5349
-21,8732	-122,2586
18,8241	-46,8270
-71,0910	-76,9084
-6,1455	-65,9626
-78,3663	5,6678
-72,3372	-11,4364
-66,7015	25,7886
-85,8387	30,6385
-98,4868	46,6295
-100,7808	74,4167
-76,9910	40,7312
-77,3846	12,0920
-64,0802	27,4272
-113,2979	-18,7106
-72,1408	-16,4168
-137,8086	-5,5379
-105,6957	-19,7593
-145,0828	34,9633
-86,0351	-1,6714
-117,9510	18,7765
-61,4592	23,8877
-97,4377	42,5001
-54,5773	4,0309
-34,3913	11,0434
16,0055	-0,0980
14,4994	10,3876
34,1596	-5,7344
31,4731	-24,9360
-4,5723	14,0576
12,0081	6,9794
-64,6040	-13,2055
-59,2297	-2,1956
-105,5641	-7,5698
-62,7693	-13,4023
-78,3671	3,2437
-110,6108	-10,5837
-102,5492	48,2673
-70,9616	25,1986
-67,0948	0,6890
-51,9562	51,8725
-44,3534	48,7265
-10,0788	47,0227
-23,8405	47,7439
-23,1852	36,5364
-16,5657	25,7234
-32,1634	27,4921
18,1682	-6,9792
-53,3317	35,6188
-39,5684	41,3859
-58,1155	26,0506
-30,0662	50,7579
-74,6304	34,1117
-17,5486	31,0974
-32,0975	8,1595
31,9969	2,1304
38,8129	27,3614
62,2748	8,0935
56,5081	-1,5398
46,2186	17,5962
36,6506	12,7471
4,3405	17,5969
2,8991	35,0950
-21,2187	11,2398
-7,6529	32,9978
-61,0645	30,3758
-13,2888	12,2225
-52,9382	50,6921
-18,0072	46,2358
-30,8527	69,3052
-20,6288	83,8541
-23,1841	73,9586
26,4261	87,9829
13,4503	56,6565
33,3733	22,5124
39,4028	20,4806
44,3833	43,1557
47,7260	27,6235
8,6006	24,6093
22,6913	21,4634
-12,3709	27,6891
7,1588	8,1594
-36,4882	-15,6954
10,3700	29,5895
-16,6963	-2,4581
15,3512	-23,2980
21,7743	-7,3076
75,3821	-27,9514
31,9981	-0,7541
74,5961	9,7971
69,0910	11,0426
57,1629	18,9730
45,3016	50,5609
54,6724	43,8766
51,7896	85,6234
28,6546	77,6935
58,3426	74,4831
-13,4197	88,7042
33,7015	66,6844
-2,0163	87,5247
-14,5336	67,7321
-61,5224	30,1146
-29,8692	31,8836
-51,4310	8,0284
-58,1809	-2,3923
-31,1146	-13,8613
-27,6418	-15,8275
-28,4928	-4,8177
6,9613	-41,7143
12,4670	-64,1926
7,6171	1,1463
6,8312	-15,3695
-32,8186	-40,2725
-19,0557	-13,7304
-68,4709	12,2218
-51,6277	10,5840
-107,2678	28,5405
-40,0927	19,6279
-38,5857	34,5046
5,9794	45,9732
7,3559	10,9120
58,8670	37,9786
34,0293	45,3836
51,7236	33,4564
55,7870	13,7300
13,4501	10,3878
25,7060	37,4541
28,5884	45,9081
9,1908	59,5399
-4,3099	67,2730
36,7160	57,3117
-23,8395	48,7923
29,0482	38,3725
-14,0749	67,8633
-16,5649	64,9793
-23,9048	25,1332
10,0422	-15,6953
-28,3617	-11,4363
19,0855	-44,0083
-9,8148	-50,4302
27,7369	-22,9713
39,2060	-43,1562
36,9119	-11,1087
15,1543	8,1591
-1,2961	32,7355
-8,7665	54,7558
-19,3837	53,7730
-7,0627	62,0964
-32,3593	85,4270
-1,3607	77,1697
-32,6214	109,5442
-19,0555	89,6214
-43,3695	80,2501
-8,8324	113,5423
-32,3598	81,6913
-2,2136	56,3952
-33,0805	101,3525
-22,0052	99,0588
-6,0142	74,0244
0,9320	120,3585
8,7313	94,7992
-1,2303	114,9847
24,5260	109,4790
-9,2252	50,1037
8,3386	71,7959
-40,8790	40,8620
-13,1576	-17,4648
-90,4899	-0,3608
-30,9835	-36,9957
-62,4408	-5,7350
-4,5730	-37,9790
-45,7290	-32,4078
-7,2595	2,7848
-5,7517	-4,4896
52,3782	-21,6595
34,5531	31,6870
57,9497	31,3590
70,9263	28,0170
58,6058	16,1547
105,7918	-32,2107
69,0910	24,4773
60,8339	-30,6393
13,9755	-75,0722
33,1116	-39,0274
-2,1465	-26,1169
44,1212	-19,2352
8,1427	-2,3924
34,1602	-25,1330
18,8249	19,0377
27,0158	-16,4828
7,6832	-40,2065
-1,4274	-10,1913
-26,7890	-39,4868
-18,0736	-68,3875
-20,1046	-52,5939
-30,9840	-69,5677
-22,1364	-64,5213
-72,2058	-75,7937
-51,8240	-80,2494
-93,7672	-59,9340
-61,5893	-71,2064
-123,7831	-89,3596
-77,2528	-58,1644
-91,1462	-39,6179
-54,3810	-46,4331
-63,8175	-24,6753
-29,1492	-47,2192
-28,1656	-26,8374
-36,2926	-18,7771
-14,7306	-40,1413
-25,7412	-35,4225
-1,0334	-2,0645
1,5227	-10,4532
19,0867	-13,2055
15,6139	7,9625
44,5800	12,2227
-17,6788	15,4335
20,0696	-8,7487
-1,0332	32,5385
16,4651	-9,2083
24,2642	-25,7229
55,2626	-27,0997
40,2551	-36,6678
34,6845	-26,5100
29,2450	-49,9064
17,5130	-57,1804
-13,0918	16,0231
-56,5427	-23,0367
-43,1079	-49,4467
-106,8092	-2,3266
-86,8864	-3,0478
-155,8306	19,4968
-102,7464	28,6060
-129,0263	7,8321
-49,9901	55,6736
-71,3541	76,0546
-20,3674	54,1008
-34,4569	47,0883
-19,1219	25,3962
-25,9374	66,6182
-31,5740	46,4980
-22,3988	12,8786
-48,8105	25,0679
-55,4290	20,4801
-81,0540	3,9653
-41,4046	36,9949
-94,2926	26,7717
-95,2751	23,3640
-117,1639	38,6343
-94,2270	43,4838
-127,9121	61,7681
-63,4911	20,0216
-103,2708	0,4925
-65,7184	44,1384
-25,4133	4,1610
-39,9626	-28,3446
-10,4053	-22,1841
-51,2347	-40,0102
-21,8744	-32,2115
-59,2961	-27,5586
-68,7981	-51,1514
-83,6092	-13,2057
-37,0785	9,7968
-70,8295	-27,6890
-36,8821	22,3806
-74,1719	10,9768
-55,9532	-0,2296
-87,7384	-17,7933
-72,2721	-41,9105
-103,0085	21,9213
-61,9177	-6,7182
-76,6629	-36,6673
-53,6597	1,0813
-48,6787	15,1057
-59,6890	1,2778
-11,3230	11,5673
-50,5793	49,5129
16,3338	60,8503
2,7675	21,5293
26,8857	16,8111
19,0870	40,0102
72,0404	31,4244
43,7944	-19,6281
69,0259	-6,9141
27,2797	-33,8494
66,7317	-11,2398
28,3277	-9,4053
35,8638	-79,3320
29,7692	-57,1153
15,1545	-70,8130
51,1995	-82,2160
47,8568	-40,0765
72,9575	-29,5249
23,6093	-12,5507
84,4269	-20,7428
38,0274	-36,4050
71,5163	-12,0921
18,6287	-36,7994
15,2208	-71,9264
-9,8144	-31,8842
8,7317	-43,0256
-50,5786	-39,2238
-4,8351	-20,2183
-18,9253	-5,4069
-8,9639	26,5096
17,6444	38,6992
13,7122	13,8617
46,4151	54,8873
8,6005	43,6801
25,5749	29,2625
22,6259	8,6842
57,7531	12,1574
22,7573	35,4220
66,0112	3,7679
19,5461	-20,9387
76,8248	16,7443
37,1753	13,5985
67,9767	13,9269
28,1313	79,7906
45,6292	60,0642
54,9351	71,3371
63,1266	79,0702
77,7415	37,9794
57,2939	91,7837
68,3703	8,7492
44,4492	-48,7907
48,3161	-8,6837
-15,1889	-15,3692
17,0548	-62,6202
-42,4525	-20,4150
-30,7211	-13,5994
-55,4936	22,5116
12,6635	30,7690
-27,9684	27,1651
11,1563	57,6394
5,5860	49,1194
15,8745	40,9935
-26,3300	31,3594
-38,5201	26,5096
-4,2446	10,5186
-30,9187	7,9624
-42,6490	-23,6262
-51,0380	-34,7019
-34,7194	-49,9721
-53,4627	-53,1178
-44,4188	-22,7746
-83,4121	-23,8885
-13,7476	12,3536
-72,9920	44,8595
-9,2255	25,7890
-47,1050	54,4285
6,4377	31,4901
-0,5747	-14,0571
-20,4977	-22,5774
-13,4855	-46,3021
-34,3921	-62,9480
-30,1317	-46,0402
-35,1135	-42,9595
-43,3699	-5,0800
-23,8404	-49,2513
10,6315	-36,6021
-65,4551	-17,5317
-9,0282	-26,1170
-15,8443	-32,9327
3,2920	-28,4104
-39,2405	-16,5485
-21,4152	12,3528
-27,5752	23,2317
-10,9954	-17,1377
-13,4197	38,3714
-21,7434	12,3535
-10,0122	0,9507
-46,0575	7,5043
-29,8699	7,0454
-59,5579	32,1455
-12,1094	20,3486
-44,4842	-16,9411
11,4840	19,9554
-29,4760	2,1949
-12,6989	-26,3780
-77,9065	60,7850
-21,2840	53,3793
-5,8178	56,9190
-11,5852	61,3755
-27,7063	56,3950
13,0566	75,5965
-9,9459	41,7141
10,9595	0,9510
15,4161	0,7541
-19,8425	20,6104
4,9957	-1,8678
-37,4065	6,3238
-27,6412	10,1909
-36,2923	30,7689
-40,6173	-10,6496
-48,4814	-15,9578
-23,4470	-1,8683
-75,8752	-45,9086
-5,8173	-28,2136
-1,0987	-11,3061
16,1370	-51,2827
3,3584	-15,0412
18,8897	-8,4222
34,3567	-7,7006
28,5232	23,6913
18,4968	27,8858
2,4402	21,1359
39,0098	51,2828
11,5501	39,2236
43,3354	29,1316
5,1283	59,6712
58,4747	42,3696
42,5491	76,1864
52,5107	79,6588
41,5010	32,3431
56,8359	50,6929
32,4570	52,0688
62,2750	10,1916
50,8068	46,3017
58,9324	36,4057
75,7098	60,7195
40,8444	25,4607
46,6777	22,4467
21,1185	52,1999
78,7902	53,7070
41,6966	52,3967
50,4788	61,6373
8,0771	61,3754
38,0268	56,4603
-10,0770	83,5262
-18,9245	44,6637
-21,7423	101,9421
-14,4031	57,4425
-14,4681	28,5417
0,9978	33,5876
-8,0454	19,3005
9,8452	16,6791
11,0255	7,2421
16,9234	8,5531
23,6086	58,5569
-2,6061	50,4958
10,8947	-12,4183
-18,4003	40,2070
-3,7200	19,5625
-23,7086	31,4903
-42,5176	32,9317
-71,8120	11,6326
-27,3791	24,6745
-55,4284	14,5161
-28,5588	3,3095
-31,1144	-17,9245
-24,7575	-6,3901
-10,0114	-25,3306
-21,4814	-39,8794
-12,6985	-38,2411
-25,9377	-10,1916
-9,8157	-20,8085
-79,6115	-26,3127
-18,7285	-4,5549
-82,5609	-3,4410
-49,2682	8,0937
-51,8241	22,4456
-39,0447	-2,1954
-27,3129	-10,4525
-2,0166	17,7932
-13,6157	-10,1909
-9,2909	5,5380
-9,9459	-29,8523
-29,8698	-8,2905
-21,4155	-28,6074
-42,1914	-46,7607
-56,4776	-73,4991
-82,7582	-48,3991
-54,5119	-45,5152
-86,5589	4,6854
-47,6960	19,4966
-93,5705	22,9706
-25,4785	48,4644
-58,3121	48,6607
-39,7652	30,8356
-24,8886	57,7051
-18,8595	47,7437
-12,4364	56,3288
16,0711	21,6597
-6,4071	-16,2858
-5,2279	-21,9222
42,6790	-84,1165
-22,2678	-83,9201
-11,0604	-59,8688
-28,5594	-67,2743
-36,1606	-62,7513
-30,4594	-13,8617
11,0251	-29,7208
-18,4656	20,1523
33,7010	-1,0817
-14,8612	-12,8121
-6,3416	28,9335
-31,9663	-17,5314
-28,1007	-32,9317
-38,8480	8,2244
-26,3312	-19,8250
-6,6042	-6,9140
-15,8452	6,3239
10,4353	-39,7472
-43,3695	25,9854
38,4195	24,6084
-19,5147	34,7018
6,7659	37,9784
-54,2485	32,0805
-29,7383	57,3115
-87,9347	24,2815
-76,0075	-17,8580
-97,1097	13,2712
-52,8077	-0,5574
-26,0030	-21,8564
20,5931	21,9214
2,8337	-6,6526
43,4005	-4,7514
42,0900	12,7464
54,6727	9,6012
70,1397	52,3307
76,3653	42,1066
54,6078	19,4322
56,4429	36,7334
43,3352	11,0430
-2,8020	-19,3002
2,7025	-7,4388
-23,7086	-43,1558
-11,7159	-32,1460
-40,1585	-32,6703
-0,5749	-57,2462
-23,0533	-42,5005
-0,7060	-41,4525
-8,1765	-78,4802
-10,8643	-44,9913
-1,0332	-57,5744
-1,9514	-19,5632
-0,8365	-30,4426
-15,5172	-38,5681
-5,2277	11,1079
-62,7685	-3,0480
-17,1556	-21,9221
-83,1505	-10,9118
-37,8648	-26,1168
-60,2125	-46,0396
-24,8885	-66,8802
-36,2265	-78,8078
-2,4756	-36,9304
-36,4888	-52,3314
-23,1194	-41,6486
-10,6672	11,0424
-9,0291	-2,3270
17,9066	11,4363
-5,5555	23,8225
26,5577	7,1768
-3,7199	44,8599
70,2052	23,3635
39,3378	-39,5505
94,1918	-37,2571
26,7551	-33,4568
34,6851	-36,1436
-13,2874	-21,3325
19,0210	-13,1401
-7,9798	9,7976
4,2094	49,4469
8,2074	20,8077
30,2271	36,9299
36,5194	33,4564
38,9438	40,0757
61,6855	47,4813
51,4611	33,9812
40,1237	69,3707
-20,6286	53,8383
-5,6864	32,3432
-79,6113	50,5614
-29,4762	13,7954
-78,7597	-8,8800
-55,9533	-1,0816
-95,9297	-17,6624
-45,8612	-16,2204
-95,7336	-10,1914
-54,1839	-24,0848
-7,8496	3,1122
-24,2993	-24,4132
24,5258	-56,5903
-26,0032	-8,7492
-22,6601	-6,4554
-52,0210	19,4320
-27,8382	54,8213
-92,9158	75,0723
-51,6277	93,8812
-80,5945	69,8293
-31,1804	77,0390
-54,0520	116,6874
-9,7496	89,8831
7,0282	48,0716
47,4635	43,9429
47,3987	56,7871
86,3921	29,6553
71,4506	26,4441
62,9303	21,0046
76,8242	37,3885
36,3879	26,1819
44,7113	16,3517
17,5137	42,3040
68,6317	48,0707
-16,4994	21,0045
25,2474	7,3074
-19,8421	-21,8563
-36,1606	-1,6715
-46,0561	-9,4705
-16,5006	-63,8649
-6,1454	-2,7854
-28,3629	1,0803
-56,2801	-22,5120
-41,9285	-16,2858
-49,9892	-7,5694
-52,4148	-9,0767
-18,5972	-36,9949
-1,6237	-17,1379
47,4634	-25,9203
41,8932	-55,8705
47,5298	-45,7779
6,9630	-60,5234
43,8598	-50,2996
-11,7150	-38,3721
10,1083	-29,4593
7,8802	-64,8483
28,1959	-39,4864
16,9242	-64,0625
27,2127	-76,5142
7,8803	-69,1087
3,8159	-64,7180
-0,7054	-78,1527
-5,7527	-79,5944
3,3574	-54,6902
-10,7329	-15,3687
40,3853	-9,7326
-40,3545	26,7060
26,4272	55,6728
3,0959	36,5368
24,7882	53,9041
-29,7377	59,8022
-22,8564	59,6712
-38,5855	76,5140
-9,7501	45,5809
-39,7648	47,7440
18,7584	80,9702
1,5230	52,4624
30,4240	47,7439
24,4605	44,8601
-14,7962	33,2600
7,4866	48,5952
-26,3309	26,7715
-13,0917	1,2782
-19,5804	61,0468
6,5035	41,5819
-22,9877	-7,8971
12,1398	-0,7537
8,9288	-0,4917
38,6164	4,8823
36,1919	15,4992
78,6589	14,3854
29,7690	37,7160
18,8245	-15,6958
25,5090	-22,7730
-8,8325	15,3680
22,6908	-12,2230
5,5196	-4,6202
27,4093	4,1608
-18,9251	-6,5209
19,0213	1,1466
4,0786	13,0746
29,6383	53,8379
35,0122	56,3286
38,0268	63,9966
13,5821	62,0965
40,6476	75,3348
-24,1016	51,0204
4,6023	29,2627
-39,1757	25,9195
-49,7929	-6,2583
-20,8918	17,5308
-75,2214	15,9577
-22,6610	-10,6494
-56,3468	37,7161
-18,2693	12,6158
-47,1058	27,4927
-18,4004	25,6574
-30,0659	16,1554
31,3417	66,0935
17,2522	58,2943
96,6819	19,0389
84,9518	36,8640
147,6691	-4,2925
88,6870	-23,1014
81,4777	-22,9705
42,8115	-12,0921
37,8956	-19,2352
39,0100	-14,5169
31,4069	-47,1533
27,2130	36,2739
14,1711	-7,8322
52,7720	-1,9984
17,0551	7,1763
69,1564	5,0133
1,8513	3,2438
68,4360	-34,7019
-6,4722	-77,7587
-0,9673	-15,8930
-49,5296	-36,7342
-25,8719	-50,3646
-44,6152	-11,3708
-30,7876	-13,5340
-18,9905	-32,3425
-13,8789	-41,9107
3,0299	-47,3504
-2,6720	-55,0184
-10,0775	-68,7156
-49,7269	-63,5378
-30,7873	-47,1541
-72,0091	-33,9159
-20,6946	-37,1926
-67,1591	-45,5811
-12,4365	-73,1060
-26,4614	-49,7754
-20,1698	-50,1689
-28,7547	-87,7858
-5,4905	-48,3986
-17,3519	-12,8129
-2,0826	-17,7276
4,8648	5,8001
-0,8369	2,0648
35,2743	32,7355
11,6151	17,8587
42,2210	-2,5881
-17,8102	55,8699
16,9896	17,9240
-30,4589	0,3612
3,6856	28,5411
-28,6237	11,1740
30,1622	-19,3659
-12,9602	3,1123
53,2307	-43,9421
-8,6351	21,7905
7,5517	6,1926
-28,4271	-7,4382
-16,0417	29,5239
-4,1790	1,0156
-0,1168	-3,5061
-18,2696	1,9985
-42,6492	-15,4994
-38,4546	24,9360
-68,1429	4,0299
-35,6368	0,9505
-76,7282	37,7812
-38,0619	5,7345
-76,7277	4,2275
-30,3941	-13,9265
-63,0960	-34,0458
-19,2528	26,9678
-28,1654	13,2050
6,6339	-11,9600
22,1667	50,1026
6,4380	78,3483
61,2921	24,8060
17,9720	62,2931
12,8610	51,7409
-11,5191	61,8996
-14,2059	59,6709
-51,2342	32,0809
-55,2316	60,1952
-89,2450	32,3424
-52,8727	36,1437
-65,7179	38,6991
-68,6014	6,1930
-42,3211	18,3170
-32,4259	3,0468
-14,0095	-37,5193
-1,6896	17,9241
0,4082	22,5113
-8,4390	18,0556
35,5364	46,2358
51,1992	27,3614
42,8108	-2,1297
0,8024	16,6789
37,1092	-10,5843
-24,8227	-6,3247
23,2156	-50,6271
7,6832	-65,0448
7,9456	-41,5178
8,2077	-60,1957
-8,2425	-64,5211
-67,6834	-60,4581
-35,3095	-79,7253
-66,8326	-57,7056
-70,5686	-61,1792
-66,1773	-82,2815
-64,1459	-50,2344
-34,8503	-62,5555
-12,8962	-69,6327
11,6803	-5,9317
-26,1990	-3,7036
18,6280	36,9950
-37,4051	23,7562
2,7025	9,5359
-32,3594	56,2628
-17,9419	29,4585
-45,9909	18,4494
-1,2300	69,3049
-11,7152	75,6615
19,8073	33,1947
30,8172	16,9416
-12,8303	10,4534
-1,8195	30,3759
-20,4329	4,6857
-4,7043	-6,5206
-78,5633	46,7598
-43,8945	7,4382
-73,6483	8,6183
-65,2598	11,0428
-87,8033	1,7364
-14,1412	5,9959
-32,3597	-9,6670
28,0651	-20,1525
58,4088	23,9533
76,6931	18,1204
78,3322	28,5418
84,8854	74,9411
59,9163	87,9828
24,0674	94,4058
39,7307	97,4860
-6,4077	71,2721
-21,4154	102,7288
-68,9289	70,0256
-28,4935	2,2614
-76,4663	15,4342
-61,3273	-22,4465
-92,3259	-42,0413
-83,9373	-22,5775
-87,9346	-26,5750
-72,4687	4,6201
-58,0503	9,7317
-27,4455	-13,7294
-44,3533	39,2240
-6,2771	32,8006
13,8428	-15,2363
-8,5050	24,6092
40,3853	15,9583
-3,3268	29,2619
56,5735	-0,6228
38,8788	-15,8923
61,4892	8,8145
36,5856	4,7509
77,1527	-23,4296
55,8535	-24,2154
82,1330	5,0787
14,1072	8,8141
49,9549	5,9310
40,2550	15,3683
12,9259	51,8719
-10,6013	50,4958
-19,5150	54,3628
-14,0754	87,1963
-43,8946	105,8744
-11,8469	119,1132
-41,4036	113,7392
-9,0287	101,4188
-47,8916	131,6958
-14,4027	61,5067
-66,3073	51,0866
-24,8885	58,8845
-54,1830	31,7521
1,0635	-0,2946
-51,6266	2,3263
12,5979	-18,9731
-13,8125	-27,2309
11,0251	-37,3240
-10,4048	-67,1424
3,0295	-48,3337
5,8481	-30,1808
5,6512	-77,4971
32,7182	-59,1472
12,8605	-80,3809
29,0480	-59,1474
-28,7546	-65,9633
-5,5550	-84,2471
-37,6676	-38,5031
43,1378	-19,8914
-9,5528	-25,2649
33,5705	-19,1699
70,4675	-14,1895
85,7371	-41,8455
81,4780	-19,7596
57,2945	-38,6998
57,6877	-17,0724
1,4568	-29,8521
-13,4199	-47,1529
-75,6798	19,6278
-59,6891	-12,0919
-88,4595	-18,9073
-31,1810	7,3067
-74,2382	-29,9831
-35,8986	2,1950
-40,6169	-38,3072
14,9574	-81,4287
-3,3921	-4,8175
37,3712	12,6804
19,8080	-0,2297
48,9054	31,4250
40,2552	74,8757
54,9348	107,1856
66,6006	135,8248
48,5780	124,4878
67,9116	158,6974
15,4823	106,8575
34,6843	48,5309
-21,3494	35,8161
-4,4412	9,1424
-43,7628	-3,1785
-26,4614	-18,3830
-47,6295	-24,2813
8,0758	20,6765
-15,8445	20,0205
10,7627	-15,1057
0,6709	25,7232
13,7772	39,4854
-11,5191	41,6486
-16,3039	42,5006
15,2849	24,8062
-14,5343	52,3962
41,7616	10,0596
-14,3371	-71,5323
33,2421	-13,5331
-47,6292	-27,1659
-11,8467	-65,7003
-73,4509	-9,6670
-40,0276	-31,4254
-61,3924	-4,2270
-44,2878	16,8100
-41,7311	17,7278
-16,8282	54,0350
-33,8012	50,6265
6,6993	10,9777
0,6051	3,6377
-0,0508	-23,6257
34,3563	-15,3684
-1,6885	-39,8794
47,2674	-48,0710
8,0764	-16,0900
38,3548	-58,8199
9,7153	-91,4560
55,0006	-39,5519
-17,7447	-61,0481
-2,4092	-61,6378
-57,5910	-84,1168
-30,0008	-82,8053
-61,8514	-9,9297
-39,5694	-40,2728
-25,2168	-20,2180
-35,5720	4,2923
-41,6661	34,5047
-53,0047	44,2040
-67,3570	42,7625
-106,6786	23,1021
-52,4151	24,4126
-129,4195	-9,0770
-61,4582	-36,1432
-110,5449	-17,5316
-85,2479	-43,1566
-105,4984	-28,6067
-68,1436	-5,2759
-108,3167	17,0722
-71,3546	55,6080
-75,0899	50,7580
-51,5627	31,5565
-29,8701	67,0769
-39,2423	2,9166
-33,1468	-1,2771
-36,8168	10,0600
14,8259	0,1640
-34,2603	-4,5551
20,0045	-34,1117
2,0476	-58,4256
40,6483	-12,9445
-5,9477	-50,4313
21,1185	-63,9307
-2,2780	-24,8717
13,8432	-65,6349
-39,8304	-13,2058
-15,8444	-9,6673
-10,5357	-10,1915
10,2381	-10,9778
16,4651	-35,4885
-2,9998	-42,1067
32,7830	3,7681
-15,1242	5,0128
-24,1019	-30,5728
-16,8934	5,7341
0,9983	-16,8105
-6,9971	-22,2495
25,0502	3,5714
-9,3557	-28,8032
20,7902	12,1568
-32,6867	-28,7380
-25,1506	-40,5997
-44,7457	-18,2525
-7,9809	-40,2070
-27,5102	-38,1101
1,1285	-30,2460
10,8942	-54,4287
24,3942	-34,8331
19,8075	-23,3644
20,5284	-46,1044
30,5554	50,4953
13,7132	22,5769
33,3739	2,9169
15,9417	9,0769
58,0155	-4,7516
1,1959	-20,0868
25,9027	-40,6002
4,0139	-49,7750
25,5088	-8,1602
20,4632	-35,3575
22,3629	-28,8690
13,3196	20,4141
6,3721	8,1589
15,4165	28,0822
-19,4492	13,4675
7,4861	-19,0379
-10,4056	31,7520
-1,6891	-16,8759
-76,4655	-14,0571
-45,8600	12,5498
-80,7912	-23,0364
-51,2999	-24,1502
-68,2737	-21,9224
-38,5206	-27,5583
-41,7315	-2,7201
-26,4622	23,8877
-38,1923	16,5481
-13,0271	33,9808
11,4837	25,0024
1,1288	1,6715
4,8650	24,9364
10,1731	-46,2361
13,3194	-36,8645
-5,4244	-54,1013
9,4531	-82,7402
-2,7367	-34,2437
49,4301	-79,4637
8,8638	-35,9470
75,7757	-12,6168
43,8602	-60,1957
84,0333	-41,5178
51,7899	-48,4653
69,4185	-87,2620
41,9590	-17,5316
33,5042	-40,6664
-0,3123	-27,7546
-22,1362	5,5377
-2,9996	23,8223
-41,1421	23,3640
-32,1630	39,4198
-38,0614	4,5551
2,8988	9,0113
-39,4374	-21,9873
29,2447	-28,2785
-7,3247	3,7678
9,7148	-6,2594
-25,8054	-49,9713
31,9308	-13,0092
-6,9318	9,4696
-24,8890	6,4553
-7,1283	20,2835
-31,2463	-3,5712
-27,9689	50,4302
-29,7388	9,1422
-26,1338	-12,6808
-17,0246	8,8139
-15,6480	-48,3992
-29,8688	-54,8216
30,7517	-39,4867
-25,2156	-68,2564
9,1253	5,0784
-9,0938	15,3017
-10,1426	-5,1447
-24,5605	8,6837
-1,8206	30,9660
-48,7438	36,7989
-10,7334	40,7964
-14,1410	27,0998
-3,2622	30,7039
13,3847	34,0459
13,8432	18,7109
42,0898	49,4473
21,0526	39,2236
35,7985	38,0440
15,8758	31,5560
52,0516	13,6648
23,1500	14,0575
26,6889	-19,3661
-6,6030	-30,7038
33,1108	-15,0407
-8,1764	-2,9171
18,4307	3,2435
4,2751	-17,2036
21,4452	-16,2207
-6,9316	-41,5178
13,8432	-48,0062
12,4672	-64,7831
-20,0388	-6,2595
25,3124	-2,3932
-52,6100	-24,8056
-3,9165	10,8463
-22,9223	15,6304
-0,6401	16,9416
-23,2498	43,8106
-4,8347	9,7983
-54,9039	39,2894
-21,2188	38,4371
-62,9653	12,1568
-66,1769	-14,4507
-53,1350	-15,4994
-69,9131	-13,7302
-55,5600	-25,7237
-54,7743	-21,1358
-11,9125	1,0809
-19,4495	-28,0823
24,5914	-14,4504
12,7950	-3,2445
43,1385	-24,7405
9,5188	-33,1287
51,1996	-28,4107
-16,6298	-39,0278
35,0122	-46,1709
-4,1131	-50,1688
12,5984	-81,2322
10,3700	-26,7065
24,2633	-18,9733
4,4065	-3,7681
-5,5557	44,9253
3,6856	64,5208
-18,2040	114,9184
18,0377	109,6101
-9,4223	83,4616
4,2755	102,7291
-11,5844	78,8734
-6,1449	44,7296
-31,9001	79,1357
5,8482	43,6802
6,0452	29,5906
35,6018	62,0959
52,7728	35,4884
64,6345	47,6784
40,5832	44,1393
32,3250	50,7585
23,5429	51,5452
-10,0124	25,9855
-37,2095	19,9561
-42,8464	2,5233
-60,2129	-24,9367
-61,1301	-30,1147
-17,5485	-73,6309
-22,2014	-76,5795
21,6426	-37,5859
25,0510	-54,4289
70,2706	-65,1107
35,2753	-33,2602
84,0336	-13,5998
73,6136	-21,4640
78,9212	-30,5083
76,6937	-63,2099
56,3112	-19,1042
69,4844	6,3890
35,9947	-22,8392
26,6233	21,4634
-28,3620	37,2574
-22,9879	26,6411
-33,2120	42,3690
-15,9103	22,6431
-49,4645	20,8729
-4,9001	-11,3706
-22,0702	-5,1445
-15,9104	43,7452
-29,4756	34,4389
-19,6462	25,1994
-40,6823	63,2755
-8,6358	43,7459
9,3218	43,0908
30,2928	30,9007
42,2867	-5,5371
44,2525	-5,8654
71,3189	-14,1888
7,7491	-4,3588
34,8816	-34,5054
27,0170	-20,0869
59,6536	-1,9335
17,2522	6,3897
57,8845	1,9336
45,5641	32,2761
60,9646	-7,5696
73,8100	2,9169
68,6320	46,3670
61,2927	44,9904
78,5279	26,5100
101,0726	59,8676
73,6128	15,8929
77,4802	11,3709
50,8064	-0,3609
78,7907	-44,5318
29,5725	-24,4782
61,6200	-34,1121
8,9287	-32,7356
33,3739	-7,3075
7,4217	-12,2223
23,0187	20,1525
-5,0960	24,0194
25,6401	5,4729
12,5985	27,4272
31,5380	0,0980
-5,2929	-62,3578
-0,9027	-61,6372
-5,0317	-61,0478
-48,4170	-50,6934
-31,1151	-59,0821
-50,8414	-79,9875
13,1222	-17,9248
-6,4074	-46,3019
24,3295	-27,7548
16,6621	-14,3197
25,1161	-3,8340
-1,7533	8,2896
15,9407	-18,4484
-12,0429	-9,6665
8,0755	63,4060
-9,9458	18,7101
19,9377	-34,7662
24,5258	24,0842
11,6804	3,6367
-10,4707	14,3192
-52,8730	5,6681
-32,4912	-19,1690
-70,2408	33,4561
-98,4864	18,7101
-107,0716	-54,0341
-94,5546	2,2605
-134,2033	-21,0710
-61,7208	-53,9700
-80,0048	-79,1360
-17,4173	-75,7939
-1,2295	-92,1781
65,0273	-93,5543
43,9251	-107,2509
46,7431	-41,4527
70,7952	-38,3726
78,3965	-26,7714
47,5297	30,3106
23,9369	69,1077
89,5383	37,7824
15,0892	76,0554
32,1942	41,2559
-4,3098	71,2713
10,8943	37,3230
-53,7242	19,0391
-6,2760	37,2574
-19,3175	-1,4744
13,3192	8,0283
-2,9991	-14,1231
-0,7712	10,1256
18,7585	23,8219
9,6487	-7,8315
18,0378	-25,3295
16,6615	12,8778
65,7476	-18,3180
10,3045	-18,3181
63,2582	-45,6468
50,6748	-55,7388
48,7091	-21,9881
22,1018	-30,1802
11,0260	0,0983
9,9772	46,5634
-6,7349	32,8671
-38,6505	67,8637
13,3192	79,0703
5,3896	54,9529
41,3686	70,6158
27,4756	32,5386
29,9655	-13,5981
60,9645	36,6678
31,6037	27,0332
58,2119	-14,3193
35,4713	0,7538
90,3251	-21,0049
59,2610	-58,0981
100,6800	-52,0040
41,5005	-87,0656
54,7387	-38,2412
-3,7847	-34,7026