-8,4653	4,1525
-12,7251	9,7886
-9,4481	12,7377
2,0204	4,5456
-4,5331	-2,0078
-10,6280	6,2495
-3,6155	-5,0883
-8,4653	-9,1515
-0,5354	-8,6929
-9,6449	-9,0206
8,5742	-6,2026
-6,8923	-13,5426
7,9844	-18,1299
-3,5499	-0,2387
4,6420	-10,2001
-2,0426	-9,4791
3,3313	-3,5809
0,8410	1,4654
2,8726	1,7931
1,1032	3,7591
2,5449	1,5310
8,7710	12,0167
10,2125	2,9727
9,4263	0,9412
-1,9771	3,5626
6,2805	-3,1876
-6,2371	3,1694
-2,2393	0,6789
-8,5963	0,2203
-1,5184	12,0822
-2,7635	0,0891
6,4114	-3,4496
-2,1737	2,7105
0,9065	-1,0906
-4,0742	-10,3312
0,4476	-9,1515
-2,4357	-7,7099
-6,1059	-8,6274
-0,4042	-8,1031
-3,5502	-11,0520
-1,9773	1,7274
-14,6258	1,9240
-4,0088	-1,9425
-19,5409	3,2349
-3,8778	3,6936
-11,0212	-2,5323
-3,7467	-1,5493
-12,9217	-4,8261
-6,4336	-3,3844
-8,0719	-12,1007
-3,8778	-17,2125
-5,3849	-16,6228
0,5132	-21,8657
5,8873	-17,3438
2,9381	-15,5742
8,9021	-19,0476
8,1810	-4,9574
8,9020	-11,7731
1,1687	-20,6859
11,1957	-13,1493
-5,7126	-12,5596
4,6419	-20,4239
-13,6427	-13,9357
-10,0382	-8,3651
-11,2178	-1,6148
-6,7615	3,7591
-11,3487	1,7276
-1,0597	6,5117
1,1686	-1,3527
1,8895	-7,3820
0,6445	-11,0521
0,5133	-14,7222
3,9867	-11,3144
-5,5816	-12,6906
6,6737	-5,8092
-4,3365	4,5455
3,9866	3,6281
-12,5939	5,2011
5,6250	11,8857
-7,0889	5,2010
3,7900	8,7400
0,1857	0,6135
2,6104	-1,1561
3,5936	0,4822
0,1200	-6,8579
-0,7973	-9,6758
-0,1422	-3,9741
-4,5985	2,3173
-6,6958	3,6281
-1,6494	2,1209
0,5787	5,2667
10,0160	14,3106
-2,7634	9,1987
10,9336	6,6428
3,3970	5,2010
6,3460	3,5624
3,4625	-8,2340
2,6759	-2,3357
-0,4041	2,1207
4,6419	7,3637
-1,4527	12,5411
-1,5183	9,2644
7,8534	20,9298
6,5426	18,3738
13,0308	6,2498
5,6907	12,6723
9,6885	13,6553
1,5619	13,8519
8,1155	12,8033
-9,7103	13,2622
3,2658	24,7965
-1,9115	14,1796
8,3120	9,5266
-1,1251	15,2282
0,8409	10,2472
-4,9261	6,3807
-2,6982	7,7569
-12,9873	10,7716
-16,9196	19,4224
-19,2133	18,3739
-23,9975	16,9977
-17,6406	11,6893
-29,6992	14,7694
-21,3762	4,8733
-35,5975	-8,3650
-32,4517	-11,3142
-41,7579	-15,9018
-33,8282	-21,2759
-38,7433	-28,4849
-32,3863	-24,8804
-29,1094	-25,0116
-21,9660	-34,4488
-20,7207	-36,8081
-19,5411	-39,3641
-16,6573	-34,3835
-14,8224	-45,0003
-7,7444	-40,6748
-8,3343	-34,9078
1,1030	-41,0682
-5,4506	-43,7549
5,6252	-29,3371
6,8048	-30,3201
17,6840	-14,1326
20,7642	-16,0330
33,3471	-8,3650
29,8740	8,4121
42,3914	-0,6319
42,9813	-6,3333
46,9134	-3,0566
43,5713	-2,1392
54,2534	-0,5007
51,7633	0,1547
46,7825	10,1163
56,2198	19,6845
45,2096	14,3106
52,2220	16,8011
35,0514	22,4373
40,0976	28,1388
30,2015	21,9786
27,5801	33,7751
21,0921	27,8768
28,1698	30,1706
17,8152	29,1220
15,2590	19,6849
8,9677	33,1853
5,8216	32,0710
-3,7465	22,6339
-9,5138	14,8351
-6,7613	14,9005
-17,7715	8,8055
-10,6280	-1,2871
-22,5558	-11,0519
-19,2133	-6,2680
-35,6630	-16,6883
-27,6676	-28,4848
-42,0201	-34,6453
-39,4643	-36,7426
-51,6541	-39,6919
-53,0960	-46,9009
-70,7908	-51,9472
-74,6577	-55,2240
-86,4542	-66,2342
-90,5178	-86,0918
-103,8216	-94,4806
-118,3052	-112,0447
-119,6160	-133,1475
-131,2815	-149,0731
-123,1551	-170,8312
-127,8082	-183,0867
-113,9800	-195,8010
-115,7493	-222,0155
-93,9913	-224,8993
-93,4668	-239,1866
-79,8353	-263,3694
-74,7231	-266,9740
-61,8126	-279,6882
-52,0473	-276,7391
-39,2023	-288,5358
-30,2891	-290,3052
-22,7525	-287,1596
-12,7907	-278,2467
-11,9388	-279,4917
0,5788	-256,5538
2,0862	-234,9267
19,8466	-213,4962
14,9315	-199,6022
28,7596	-182,7591
25,8762	-160,1491
35,7721	-160,4110
23,7791	-140,3566
32,1020	-119,7783
19,2570	-109,2922
15,3902	-95,9227
14,8659	-83,0118
7,9189	-60,7294
12,3100	-43,2310
7,0669	-34,1214
7,8535	-32,4826
1,5619	-4,8263
14,6692	-0,1077
3,5935	-2,4012
10,8681	4,2836
5,1664	6,8395
6,0183	13,0654
-5,1227	7,3638
-4,8607	12,3447
-6,1714	25,2552
-8,2032	22,1750
-12,7251	20,6023
-10,9558	28,1389
-16,1330	27,4836
-18,7546	29,3186
-16,0020	40,0011
-21,3105	35,2171
-10,4971	50,8147
-28,5851	52,1908
-22,2935	44,9821
-30,9443	38,8871
-24,7186	41,2464
-36,3184	35,6101
-30,6825	27,0904
-47,4596	21,3232
-33,6316	22,7649
-44,3139	13,9174
-36,5807	12,2791
-32,6484	9,3954
-30,0271	2,9073
-24,7840	-1,8769
-24,5219	-8,5618
-18,1647	-16,1640
-15,6090	-13,2151
-8,0066	-29,2714
-11,2179	-38,7741
0,3165	-38,9709
-2,7635	-43,6897
10,0816	-51,2919
3,9213	-49,7190
13,7518	-48,9325
10,2784	-41,3304
13,2275	-44,6072
12,7689	-49,5222
23,5822	-39,8885
22,7959	-37,3982
21,8128	-44,4104
24,8276	-33,9901
25,8760	-27,6986
30,9880	-17,8027
28,3664	-18,7200
34,0682	-15,9018
22,8615	-8,0375
26,9902	-3,8432
11,3270	-10,0690
14,2760	-6,8577
3,3315	-0,1076
9,6884	-4,2363
10,2783	-5,5469
13,7516	-1,4837
14,5383	4,2180
16,7663	6,7083
13,2931	-0,3695
12,5065	4,8734
10,6715	11,3614
-3,2878	3,1694
0,1201	13,7208
-13,5115	8,6089
-4,5987	14,1140
-18,1647	18,2427
-13,2495	10,0509
-25,6358	21,7818
-14,0361	19,9467
-23,5386	12,0825
-13,1840	16,8666
-16,2641	18,8326
-8,3999	16,6700
-18,6233	8,9366
-11,4800	1,7933
-10,3659	8,9366
-19,1478	-0,1730
-13,3150	-3,7774
-22,4246	4,8077
-7,9411	4,2834
-20,5896	-1,6147
-2,3705	5,6598
-16,4608	4,2835
-11,0868	3,5626
-15,8708	4,5456
-10,4315	3,4971
-16,4606	7,8224
-6,6305	-2,0736
-10,2347	1,9897
-1,9118	-0,3041
-5,8438	1,5966
-7,2856	14,5726
-1,5839	3,6936
-6,2371	1,5310
-7,1546	5,3975
-11,7421	3,7591
-4,0744	4,1524
-8,4652	5,3976
3,9210	8,2157
-10,4967	15,6868
-1,9771	5,5943
-8,6618	11,8204
-8,7930	15,6213
-11,5453	3,3660
-10,4314	-3,9084
-9,3827	2,0552
-3,0913	-4,2364
-2,5014	-1,4838
-8,7274	-7,2511
0,9065	-10,2000
-5,3196	3,6935
-0,7319	3,4312
-3,4190	-8,8893
3,1348	-3,3188
0,9721	-2,2047
2,0206	-0,4353
-2,9601	-7,0543
0,5131	1,5966
-15,5431	6,7737
-9,0551	3,4970
-7,6134	2,3830
-11,0213	3,6282
-8,2686	2,9072
-5,9750	3,3660
3,4624	2,1864
-3,7467	5,3320
4,6421	1,6620
1,3653	1,9897
13,0962	-3,6464
-4,7951	-2,2047
10,7370	-3,7120
-6,0404	-0,3041
-3,4189	3,6936
-16,1330	0,7445
-9,7106	0,0236
-16,0020	3,3659
-6,5649	-7,3820
-11,6110	2,1863
-4,4676	0,8098
-3,0257	-4,7605
-8,6619	1,7930
3,2658	-0,8939
-5,8438	3,4315
4,9697	-0,0419
-1,9116	-1,5492
2,9381	3,7591
-7,0889	0,2857
-2,5015	-5,0226
-6,1059	4,2179
4,1176	9,6573
-3,5499	3,4315
7,6568	3,6937
6,6082	3,9558
1,1031	15,9488
4,9043	1,0066
-1,1909	0,2203
-3,6810	7,8880
-6,3682	10,7715
-2,5670	4,0869
-8,0065	8,0847
6,5426	6,0530
-2,1736	13,7207
12,7032	3,7592
8,3778	0,2204
16,0454	7,8224
6,0840	5,7908
6,4116	3,8903
2,6761	3,8249
-0,0765	10,6406
1,4964	12,2790
9,8194	7,8225
7,1981	6,1186
7,4603	6,7083
20,8297	4,0868
10,4748	-2,3357
8,8366	0,8755
0,2512	-1,4183
6,6082	-8,0374
-4,8606	-6,7266
5,5596	-2,7945
-8,3995	-0,5664
0,9720	2,7105
-12,5284	0,7446
-3,6812	9,7231
-12,1353	15,0970
-7,6789	8,8711
-8,2686	5,2666
-2,6981	2,4486
4,2489	5,7252
-3,3534	-8,2996
7,0014	-9,6102
-7,3511	-7,7098
1,4308	-10,3312
-8,2687	-8,9550
-0,8631	-5,0884
-6,3680	-10,3968
2,1516	-7,2510
1,6275	-14,3944
4,3799	-4,0396
0,2514	2,5793
14,2758	-4,8261
4,2491	-3,8430
10,4748	2,5140
6,2151	4,3490
4,8387	2,9073
0,9066	1,0068
-7,6788	3,6938
-2,1737	10,3784
-15,5433	2,7107
-9,3173	-3,0564
-22,1624	3,8247
-11,4800	-1,8115
-14,4291	-1,2872
-12,3975	-6,5300
-7,3512	8,8054
-12,1354	5,9218
-10,4968	-1,2870
-3,6157	0,8757
-12,3318	6,2496
-5,6473	-1,4838
-6,4992	-3,8431
-14,1671	-3,7120
-3,3534	-3,5810
-9,7761	-4,3675
2,6104	-8,2341
-4,7297	-14,9187
9,2296	-9,4137
2,2172	-13,4115
10,2783	-15,3120
3,0038	-9,6104
12,9652	-8,6929
3,0692	-8,7583
-2,9601	-7,9718
1,4309	-2,4012
3,7245	3,0382
3,9868	5,5941
0,5789	1,2033
13,4895	4,7423
1,7584	6,6428
8,5743	-1,0904
0,9065	1,2688
6,0838	-1,3526
-6,1057	3,5624
10,1471	-5,5471
-5,2538	-10,3312
6,5427	-8,9550
2,7416	-9,0206
14,9968	-15,2465
10,5405	-13,0837
15,9799	-14,0668
12,1790	-7,3166
6,0840	-5,6128
7,8535	-18,1956
1,8895	-11,3798
2,1517	-11,7731
-9,3827	-10,5279
7,3946	-10,8554
-2,6325	1,4653
0,9065	-3,5809
-1,0596	1,3343
2,4138	-3,3187
-4,5985	5,8563
0,5133	5,0042
-2,5669	-8,4961
-0,9941	-2,7289
-3,1567	-4,4985
-3,4846	-5,6126
-3,1568	-5,0884
-9,7761	-10,1346
-4,4021	-2,1392
-6,4338	-6,7923
-0,0766	-8,6272
-5,5161	-4,4330
7,1324	-8,7584
-3,9432	-11,3142
1,4963	-8,2341
-8,3340	-11,9696
2,7416	-1,4839
2,5450	-6,5959
2,1516	-21,7345
-3,5499	-11,6419
-4,9263	-9,0207
-10,1035	-7,3821
-11,2178	-3,1222
-7,6788	1,3998
-10,6936	4,1524
-3,7467	4,0869
-11,6767	6,3807
-2,1739	11,0338
-16,0020	8,8055
-2,0427	6,7084
-4,9263	5,7253
-1,1908	8,6743
-14,9532	2,6450
-1,3873	-4,5639
-8,4652	-2,7944
1,4307	3,0383
-2,8945	-1,3527
8,0499	-3,5807
9,6884	1,6621
6,0838	-1,5493
10,1472	-3,3187
1,0377	-4,8916
9,2952	5,4631
-4,0088	16,2109
-1,3217	11,4269
-12,9872	9,6576
-4,7952	22,4372
-9,0551	20,2743
7,1323	4,7424
-6,8267	3,8903
3,7902	-1,6803
7,5914	-5,5471
8,8365	-12,0352
14,3416	-16,4261
10,6714	-9,1517
5,9530	-14,2636
1,9551	-16,0984
8,2466	-9,5448
-1,0597	-0,9596
9,6229	-2,9912
0,7755	-0,1731
15,2591	-5,4814
4,1835	4,6110
16,5043	-4,7606
7,3948	-9,7412
10,9992	0,3512
4,7077	-8,3652
2,4794	-8,2997
0,9066	-18,7199
0,7098	-21,1447
-3,6809	-8,8241
-4,9263	-19,3099
-3,8776	-23,3730
-7,8755	-13,5426
-1,3873	-19,3754
-6,6302	-14,8533
6,3460	-13,2149
-0,2731	-5,0884
9,6229	8,2155
2,4139	2,0551
5,9528	8,6745
0,9066	14,3105
8,4432	22,1093
-1,3872	11,1648
2,8071	8,9367
-0,7319	6,1841
-2,3704	9,1332
1,6274	-0,5662
1,8895	-1,6147
15,3900	9,8540
7,9844	2,1863
14,0795	5,9875
12,8342	9,7885
20,9607	9,3299
11,0647	14,2451
15,1935	6,5118
1,2343	5,3977
0,2511	2,4484
-13,3804	-2,0736
-13,9049	-2,0080
-23,1454	5,8563
-16,5264	9,9196
-11,8077	9,5264
-11,3490	8,6745
-3,7466	6,7740
-1,1252	7,9536
9,0330	5,9219
5,7562	-1,1559
11,3924	2,0553
10,9992	1,2033
18,4049	-2,2046
16,5044	-0,1075
19,2569	-3,1222
18,4050	-4,3019
24,7618	-10,7244
12,0480	-8,8239
17,6839	-4,6295
5,8219	-2,9256
2,3484	-2,1391
-1,6493	2,5795
-3,4845	4,4146
-2,8947	10,3784
-8,4653	11,8857
-1,5840	5,4634
-16,0019	18,5049
3,6590	8,4123
-8,7274	-1,2869
6,0183	4,3491
-0,9285	3,1037
6,2805	-5,7437
2,3484	-6,7266
6,3460	-4,6294
7,6569	-1,2872
13,5551	-9,1516
17,4219	-16,5571
21,1573	-26,3876
17,2908	-20,7516
8,8365	-26,1257
13,0309	-27,7641
5,3630	-29,0747
5,3631	-21,3414
-0,6008	-9,3484
4,8387	-12,8217
-3,8120	-8,2996
7,9844	-5,6127
-2,0425	-7,0545
4,2489	-13,0183
-7,6786	-14,5257
-5,1228	-19,3098
-8,2686	-16,4262
-6,4337	-18,5889
-9,6449	-5,3506
-1,6496	-2,0738
-5,9093	-9,2826
-4,7297	-3,1876
2,7415	1,7275
-1,2563	1,7930
7,8533	-2,4013
-10,8900	-3,6464
-3,2222	-5,1538
-1,3873	3,0382
-2,3704	1,7931
-5,1227	7,6258
13,7516	10,5094
8,7054	9,7230
15,5866	8,4779
13,9484	5,9875
8,5743	13,9830
8,2468	9,0022
6,4772	10,5096
17,2251	9,6576
4,8387	8,8712
15,4558	-0,7627
9,6885	0,4169
16,8976	-1,9425
14,2760	4,2834
15,5212	3,6280
5,2977	-3,1875
13,8172	11,6236
3,1350	10,5094
9,8195	6,9051
11,9823	14,5727
11,5889	8,8055
14,8004	4,2180
19,6500	0,2858
20,5019	-3,4498
9,6885	-1,4183
16,1765	-5,6127
-2,7635	-17,5402
0,3821	-15,1153
-17,1161	-12,0353
-12,5941	-11,1832
-15,6743	-3,6466
-6,8270	-1,3526
-13,1183	10,4439
2,0205	10,3129
-1,1905	8,9367
7,6568	9,7885
7,2637	-0,8283
8,8364	-1,6803
8,6398	-0,2386
-4,3364	-1,0249
2,5450	4,2179
-2,9602	-1,3527
5,8872	-6,7921
-1,7150	-1,7459
1,4963	-3,7777
-4,7952	-16,1640
0,3821	-9,8069
-16,5261	-9,9381
-4,2054	-0,2387
-16,7883	0,2856
-10,4970	-4,6949
-11,8077	10,1162
-18,4268	7,7568
-13,5770	4,0869
-9,2519	3,6281
-11,7421	-0,8939
-4,3366	0,5479
-0,9286	2,4485
-3,6811	-2,5322
7,0014	3,4970
2,3483	0,3511
10,2783	-8,2340
8,2467	-5,0227
15,7178	-8,3651
6,0842	-2,8600
17,2251	-2,9911
6,9361	2,4484
12,2443	5,0698
4,7733	-3,0567
6,4115	-2,2045
3,2004	2,1863
4,2488	2,7760
10,8680	-0,2386
-0,6009	1,5964
6,4115	3,4971
-1,8461	7,6259
6,4115	7,1017
1,6930	6,1186
14,8003	5,6598
13,2275	4,6766
21,5506	-5,3505
13,4242	-10,3967
19,9121	-10,0036
1,2344	-1,0907
8,7709	-6,5957
2,1516	-2,4668
-6,6302	6,5772
-1,7805	5,9219
-3,6810	4,5458
10,8025	7,1016
4,3143	4,5457
8,3121	5,1355
0,2512	-2,4667
0,0546	4,8734
-7,8753	4,8078
-1,7149	7,4947
-3,6155	0,3513
2,0861	-0,6317
-7,3510	-1,4837
1,8896	-6,2680
-1,5838	-13,3459
0,3822	-18,9166
2,5450	-20,7517
0,5788	-21,2761
9,1643	-28,4194
7,7224	-21,8002
20,3709	-19,5065
-0,8628	-17,6058
12,8998	-12,3629
5,2319	-8,4307
2,8070	-3,9742
-6,6301	-9,1515
1,0375	-6,0056
-4,1397	6,3150
10,8024	1,9242
5,0354	4,8079
13,5550	10,9682
13,7518	6,7084
8,4432	4,8078
13,6208	1,2033
14,6036	-2,4668
14,7349	-4,0397
11,9167	-9,7414
17,7494	-14,1978
6,6737	-2,9256
12,0479	-1,8116
5,4285	-0,6973
13,0308	-1,2871
0,1857	1,0723
7,3946	7,0361
-3,9432	0,6135
-7,0890	-2,3355
-13,2493	8,4123
-6,8269	11,6890
-2,3703	7,8225
-3,0257	12,9999
8,9020	10,5095
-4,5330	9,6575
5,1009	-2,4012
-11,7421	-5,5470
-8,2030	-5,3506
-16,7229	-18,7855
-5,7784	-17,3436
-18,5579	-11,2489
-7,2201	-13,2150
-15,6086	-7,7754
-4,3365	-1,4184
-4,2709	-5,4160
-4,0088	4,0868
1,2997	9,0676
0,0544	-1,8113
-0,0765	1,7277
-1,6495	7,2325
3,0692	3,7591
-7,2856	-2,9255
2,1517	2,1863
-2,4359	6,4461
2,6760	-0,1075
-4,4674	-6,2022
7,7223	3,1039
-4,3362	6,3151
17,8148	1,3344
1,3653	5,3977
8,5743	3,4316
6,9359	10,1163
-2,9601	11,0993
-3,6809	2,7763
-4,5331	9,1333
-0,9285	11,9512
-10,8902	1,9898
0,2512	7,1016
-5,4506	-0,3696
4,5766	1,5310
-1,7148	1,6620
13,4895	-6,3334
2,4140	2,5138
10,6059	-5,8093
-4,3363	-11,7730
2,0861	-11,1176
-8,3996	-12,7561
-9,1862	-13,9358
-12,0697	-13,9359
-11,9389	-12,8872
-18,5578	-3,4500
-12,2010	-2,4013
-8,7931	0,5480
-9,7761	6,9705
-2,6981	8,0845
-8,3997	0,0893
3,7900	4,6112
-7,5478	2,5140
-1,1252	2,1207
-11,6765	-4,3017
0,3821	-3,4498
-6,3681	2,7106
-2,9603	4,2177
-5,1884	-6,9233
3,4623	-3,7775
7,8534	1,2032
14,9968	4,7422
16,0456	3,1038
16,4388	-1,9424
23,9099	6,2496
12,9653	1,4653
18,5360	-2,5978
9,4264	-0,7630
18,6670	-7,2510
9,9506	-8,8895
13,0308	-18,3266
4,9700	-16,6883
14,2103	-19,7030
3,4626	-21,3415
6,4771	-21,0137
0,9722	-20,5550
1,4964	-17,8680
0,9720	-10,0692
-11,0868	-16,9504
-11,0866	-15,1153
-8,0066	-12,1662
-6,7613	-10,1347
-11,8732	-9,8069
-2,8947	-4,3018
-8,3998	0,9411
-3,6157	9,0676
-11,3488	12,6722
-0,5354	13,7208
-0,3386	17,4564
8,2466	19,4879
11,7857	5,1356
18,5357	12,8688
13,0310	12,4754
5,7563	12,4099
14,4072	9,4609
7,8534	8,2157
16,1110	11,4925
8,1155	4,8077
18,9946	-1,1559
6,2806	4,0869
16,8320	-2,2703
6,0840	-6,7921
5,7563	2,0552
-2,3046	-1,1561
6,0838	2,2519
0,2511	8,5433
-0,7320	4,3491
-2,5013	7,1016
1,4963	5,9219
-3,8775	-1,4181
2,9380	4,6767
-0,4698	-2,0735
-6,6957	-3,7775
3,7901	-5,7437
-4,3365	-12,4939
0,5788	-0,8285
-3,8777	-6,2680
-2,1738	1,2689
-10,8244	9,0021
0,3821	9,2643
-8,0720	10,3130
-3,2223	12,0169
-4,1397	11,3615
4,3798	19,4224
3,9213	10,1162
10,5404	2,7107
13,0964	-0,3040
16,2420	0,6134
16,1111	-5,7437
11,1957	-8,3650
12,5721	-2,1391
3,8557	4,1523
11,7201	1,7931
1,1033	1,4001
11,6545	15,2936
4,4456	11,0337
14,4725	2,6452
3,6592	4,4801
6,5427	-4,1708
2,8727	-4,4329
2,7415	-2,4014
-4,9261	-6,8578
-12,2008	0,6789
-10,1036	-2,2048
-17,3783	-12,9525
-10,6281	-5,4159
-25,9636	-0,1731
-12,3320	-6,0713
-16,9852	-3,9087
-10,9557	-12,1661
-11,4144	-10,0691
-7,8755	-14,3290
-5,4506	-16,2950
-3,6156	-13,1494
-6,1713	-18,9822
0,6443	-22,0624
1,1032	-28,2227
7,2634	-20,3584
7,8534	-13,2806
3,2003	-22,3245
11,2614	-23,4385
6,0183	-14,7877
7,5913	-8,7586
0,3167	-14,5256
6,9359	-6,9890
-2,5669	-1,5494
7,3945	-1,2872
-10,1035	-3,5153
-2,3704	2,5141
-12,4629	15,8178
-8,9897	4,1524
-18,8199	-0,5661
-13,3805	2,9072
-12,2663	1,0721
-9,1207	-0,2387
-8,2686	-6,3992
-7,3512	-9,1516
-6,3026	0,2855
-10,4314	-6,3336
-1,5840	-12,8215
-10,2347	-2,9912
2,9381	-7,6443
-5,3195	-13,0837
2,1517	-8,6928
-2,4358	-9,4793
3,1347	-1,4184
-1,8459	-11,1833
2,8726	-19,7684
5,5596	-9,7415
0,0544	-10,3970
0,8411	-15,6397
0,8409	-11,7075
3,0692	0,6788
-3,6156	1,2031
-0,0765	0,4824
-7,6788	-4,4327
1,6274	8,4778
-7,0234	7,1670
-4,0087	4,4802
-6,8268	10,4438
-0,9286	0,0892
-3,0911	2,2518
2,8725	-4,1707
-2,5013	-4,3673
2,3483	-0,8940
-1,8460	-6,8577
-9,4483	-6,5954
-6,6302	3,4315
-9,3829	9,7230
-12,7907	10,8370
-18,7546	3,3005
-16,1986	0,8101
-21,2450	4,8733
-16,7230	-2,7290
-26,3567	-5,4814
-21,4416	4,8732
-22,0969	7,1669
-19,7377	-1,5492
-19,2132	7,4293
-15,0191	8,0192
-13,3805	13,5896
-14,2325	7,5604
-13,1838	5,2667
-4,9264	13,8518
-0,0110	7,8880
-0,2077	3,4316
9,3606	9,3954
-5,1884	15,8178
6,6082	8,1501
-2,4359	1,9244
7,4601	10,6407
-3,0912	11,3614
3,4625	7,4947
2,6760	-4,1052
3,2658	-4,3019
5,1664	-12,6906
2,4138	-15,3120
7,0671	-15,2466
8,9018	-16,6229
4,4456	-17,7369
-1,9771	-16,2951
4,6422	-11,8386
1,4963	-5,4816
9,6884	-2,5980
0,3822	-8,2340
6,2806	-9,9379
1,6930	-9,8724
7,2635	-5,6126
-4,4018	-7,9720
5,0353	-13,9357
2,2173	-9,2827
6,3461	-8,6929
2,5451	-8,5618
4,8387	-5,2193
4,8389	-6,0713
8,9019	-1,4837
9,6230	0,4168
9,8851	-2,4667
26,7280	-2,9911
17,6184	-4,1708
25,6796	-6,5956
22,0094	-11,5764
26,1382	-14,7877
7,2639	-9,0206
19,7811	-13,6081
7,0016	-10,5933
9,3607	3,8246
2,6762	0,2857
6,0184	-2,7943
5,2976	10,1817
7,2635	0,1547
3,9869	0,4168
6,2805	-3,4499
9,2297	-10,9210
0,7755	-4,3675
0,7101	-13,8047
-1,0596	-17,4091
0,2511	-14,3290
-10,4312	-15,1155
0,0545	-16,5573
-15,0843	-20,6860
-2,6325	-14,4601
-14,2324	-16,9505
-11,0868	-12,9527
-14,9534	-11,9041
-20,0654	-3,3188
-14,8223	3,5624
-13,9050	-0,8283
-9,3172	3,3004
-3,0259	5,3321
-2,5014	9,0021
-4,8607	3,6937
8,7708	8,0847
-0,4042	13,5241
13,9482	2,9727
3,5280	-14,1321
10,1472	-2,4668
5,8218	-9,2172
5,0353	-10,0036
-1,2560	-13,7391
0,1856	-5,4816
-4,7295	5,3318
-7,4822	4,0867
-5,9748	-0,1730
-15,8054	3,3660
-5,3194	1,1378
-10,8247	-2,9910
-0,7975	-4,3018
-12,7907	-7,5787
6,3460	-11,6420
-7,7443	-23,2419
6,9359	-23,1763
-2,9601	-9,8071
7,7223	-7,0546
-3,3534	-7,9064
1,3652	2,8415
-5,3194	-4,8917
0,1855	-6,3334
-2,1081	-0,5662
-2,9602	-4,7606
1,8240	-0,0419
-6,9579	3,2348
-3,8122	-4,1051
-12,2008	5,0043
-4,5986	-3,5810
-15,8709	-2,4013
-5,8438	-7,0544
-11,9387	-8,4961
-1,9117	-4,3674
-8,7930	-10,8555
-7,9411	-11,7728
-16,3295	-1,9425
-16,3297	0,4822
-13,8392	-2,3357
-13,4462	-3,0566
-12,5284	-7,1198
-13,4461	0,6789
-4,2710	-6,3990
-16,6573	-1,2871
-3,8777	2,6450
-13,5116	4,4146
-0,8630	7,2982
-8,2031	9,3954
4,9042	1,9898
-0,9940	2,1864
5,5596	-10,4621
-0,0762	-10,7898
17,4872	-2,3359
6,0186	-11,1832
18,7325	-8,9549
17,8151	0,9410
19,8466	0,6788
17,6841	1,0723
16,8975	1,2033
23,1235	-2,2701
10,5405	0,8756
26,1382	-6,8578
14,3416	-18,2610
24,4998	-9,3482
20,1744	-11,4455
26,7280	-18,5234
21,8784	-22,1278
23,8444	-24,2250
12,7034	-19,8997
19,3223	-22,7177
11,0648	-19,9652
7,4601	-17,7370
-1,1905	-16,9505
0,5132	-10,7901
6,6081	-11,4454
-3,3536	-6,2679
-5,6471	5,9217
-7,1545	-3,5154
5,1663	-7,6441
-3,8122	0,6788
8,1810	-7,9065
-1,5838	-16,4262
13,8172	-14,5255
5,2975	-10,3314
5,7563	-2,2704
6,6739	-5,2195
6,2805	-2,7289
0,9722	3,3003
2,8070	-1,6148
0,8410	-3,2531
-5,2540	0,0236
2,6105	-0,5007
-4,4676	-4,6950
-2,9601	-1,7458
-6,5647	-1,8769
-3,8777	6,5116
-7,0889	-2,1392
4,7729	-11,9039
-11,7419	1,3343
2,4138	-2,4014
-5,3193	-4,4984
3,6589	-5,2193
-4,7295	-3,2532
6,0839	0,0235
13,6206	3,2348
15,3245	1,5965
17,7495	11,2303
7,3292	6,1184
14,8004	5,4632
3,2659	10,9026
12,4410	6,5772
-2,9601	6,6428
1,9551	-1,6148
-8,6617	0,8101
0,5132	5,9219
-10,1691	6,5772
0,5133	1,8587
-6,2369	9,4609
-1,6495	6,8395
-3,2223	6,4462
-11,2179	6,5118
-8,7274	-0,0418
-12,8563	1,0067
-9,5794	-0,1075
-8,5308	-4,6951
0,5133	-6,2025
-1,3218	-4,1708
5,8218	-11,7075
-1,5838	-5,4160
5,9528	-7,2510
-5,9092	0,0235
-3,6810	-1,2216
-6,4335	1,7276
-2,2394	6,7083
-4,8607	9,6575
-7,4822	9,5920
5,2975	13,7864
7,3944	15,2936
9,4919	11,8858
12,3098	4,0215
17,2252	4,3491
12,0477	3,3659
18,4703	-3,7120
4,6421	-3,9086
11,9823	-5,7436
3,2004	-2,0081
18,2737	1,7274
5,1010	-7,1854
10,4749	-10,3311
4,3801	-1,3528
3,7901	-4,3675
-2,7634	-9,2826
-6,0403	-4,1053
-0,4697	1,7929
-0,3388	2,9071
1,8896	5,5942
-7,4821	8,7400
3,1348	11,4269
-8,7928	12,2788
7,6568	-2,9910
-3,0257	0,3514
7,6567	4,0868
-3,6154	-6,4644
7,9188	5,6598
-0,8628	8,4777
6,3460	7,7570
1,6275	13,1965
2,9380	8,7401
1,2342	21,3886
-3,9433	11,0338
1,2998	3,5628
0,0545	6,4463
16,5697	3,3004
0,1201	1,0066
16,8975	-10,7244
7,8533	-7,2508
8,9676	9,5262
7,1981	4,7421
14,7347	2,7763
5,4287	15,2937
12,5066	7,6916
11,5235	13,9175
10,8681	13,1310
8,0502	3,3662
10,8025	11,6236
8,1157	9,6574
8,5743	2,9729
15,6523	8,4779
10,8680	8,9366
6,3461	9,9197
-6,7610	11,4925
9,6883	6,1841
-0,6009	8,6090
8,1811	5,4631
8,1810	-8,4959
11,9166	2,4485
0,1203	0,4167
15,3901	-16,1638
7,9192	-6,5956
22,1403	-8,4307
17,6186	-5,6126
19,0602	-6,9889
21,4851	-8,2994
13,4241	3,0382
19,3224	-4,4330
6,1495	-1,4837
16,0455	-0,5664
7,4602	-7,1855
14,2759	-7,7754
7,0670	-17,8023
13,4240	-11,7731
-2,1080	-7,1856
6,8047	-8,6929
-3,0257	-0,6974
-6,9579	7,3635
-4,6641	9,5263
-3,3535	11,9513
-0,7319	9,3300
-2,9603	15,2282
-2,3703	11,6236
-8,5309	4,3491
-17,1816	-2,3357
-21,1794	-3,1221
-15,3468	-2,1393
-28,7817	-9,8724
-15,0847	0,8101
-25,1116	7,8878
-12,4632	4,8733
-17,9025	5,5942
-3,2880	-4,8915
-12,4630	4,0869
-9,3174	4,8076
-7,4821	-5,9401
-5,1231	8,5433
-3,6155	2,9071
-5,3851	1,2033
-2,6325	3,8246
-7,4167	-8,6271
-3,6155	2,9726
-5,6472	0,4821
3,1347	-9,8724
-5,5161	-3,2532
3,7900	-6,8578
-1,9771	-6,2024
-0,9941	-9,9380
-8,4652	-15,5740
-8,2686	-4,6951
-11,7420	-9,9381
-6,8925	-12,1007
-11,2833	-2,3359
-10,8247	-5,9405
-11,2177	-8,6273
-5,7783	-9,3482
0,9720	-14,0667
-7,7444	2,3828
4,9698	-5,7438
-1,5184	-4,4328
5,6906	9,6574
-3,8776	5,4630
10,2781	-0,0419
-0,5352	5,8564
10,1471	10,8371
3,5281	9,6574
9,2296	2,5141
2,4796	-3,5152
8,3777	2,9071
10,5405	-2,7291
9,3607	-8,1029
14,4726	-1,7459
3,5935	0,2856
13,4240	2,1207
6,8703	0,8755
17,0940	-1,6803
1,6274	12,4754
11,3268	3,3003
-1,1251	1,0067
4,4454	0,6134
-8,5306	-3,2533
5,5595	-2,5978
-6,8267	-2,6635
-3,6156	-6,4645
-4,6640	7,9534
-5,0574	-0,5009
-3,2223	-5,4160
-6,7613	-3,8431
-3,6810	-4,6951
-10,1036	-2,8600
2,6759	2,2518
-9,5793	-0,8939
8,9019	6,5771
-0,0109	-7,3820
8,8364	-6,3334
-3,2222	-5,4160
1,1687	-4,3019
-10,4312	-5,4815
-7,2856	-0,8285
-12,3973	3,3659
-7,0891	4,7422
-8,0064	4,3491
-2,3704	7,8881
7,1980	13,1964
2,8071	6,9049
10,8025	-5,8090
5,6907	-6,0057
10,0161	-9,3481
-0,0764	-4,8918
8,7054	-8,4963
-0,8629	-12,1661
1,4309	0,5479
1,2343	1,8585
2,4794	-3,8430
2,7416	3,9558
1,2341	0,6789
2,0208	0,0236
7,1978	-0,0420
0,3168	-3,9742
3,5935	-3,3843
3,8557	-4,4330
2,4139	-15,1152
10,4093	-5,6125
-0,9940	-4,6952
4,7077	-14,9843
0,2512	-13,4114
4,5110	-11,1832
0,3824	-5,0884
10,9336	-10,5279
4,8388	-16,1639
1,5619	-9,7414
6,5428	-11,1834
14,5380	-20,4895
14,6038	-17,5402
16,8976	-14,2636
26,4659	-18,9821
15,7178	-17,9990
18,0117	-15,0499
9,7540	-6,1370
21,0263	-9,9381
6,7394	-11,5763
18,3393	-6,1368
5,2320	0,2201
12,5064	-0,1732
1,8896	-5,0227
-2,1738	-6,4644
-8,7272	8,8709
-0,4699	1,4652
-5,4505	-4,6294
-4,1398	-5,6124
9,5573	4,4800
6,8047	-5,9403
10,6714	-12,1006
1,6275	-11,0521
11,7200	-15,7708
-5,3849	-14,9844
-2,0426	-19,3098
-9,5138	-9,6105
-5,3194	-13,0184
-6,0403	-14,1323
6,0838	-10,6589
-1,9770	2,7760
10,9991	1,0065
7,7223	2,9071
2,9380	-0,0419
-1,9115	8,0190
-6,6303	11,0336
0,3166	5,0700
-8,0720	15,3592
5,4286	12,6722
2,4138	12,0825
8,9020	11,6892
-1,3216	6,7740
9,8195	10,6406
-5,7126	-2,4668
1,0376	-11,8383
-14,0357	-7,8409
-8,8585	-15,3120
-17,5748	-10,1346
-7,8755	-10,2657
-4,8607	-10,0035
-0,0111	-1,4839
4,2490	-7,3166
3,7246	-7,2510
10,7370	-0,5007
-0,7974	-0,5008
3,3314	-6,0058
-5,6471	-2,7945
-0,5353	-3,8432
-7,0890	-6,6612
-2,0427	-11,7075
-8,2030	-10,5278
-1,5185	-4,1709
-11,2177	-6,7924
-2,6326	-11,2487
-11,7419	-3,7120
1,8894	-0,6974
1,0376	-2,7944
4,4454	0,6134
0,8410	-3,3843
1,4963	2,9727
3,8557	3,1692
-6,4336	-0,6972
7,3946	9,1987
-0,8631	8,2156
8,3121	3,5626
-3,2222	-0,9595
14,5380	-6,2024
3,2003	-3,1878
5,8873	-10,0036
6,9358	-11,3141
3,5279	3,3660
6,8704	7,0361
8,5741	13,8518
5,5597	18,0461
6,4115	11,6236
1,5620	16,8010
2,2828	5,6598
7,7878	4,4802
-4,2053	10,1818
6,8703	7,5603
-10,3657	8,4124
0,2512	17,9150
-6,6956	14,8349
0,3822	16,4733
0,9721	13,9175
8,1810	3,6284
5,2976	18,3084
8,7709	18,3738
10,0818	7,0361
7,9845	10,9683
12,0478	7,2981
1,8240	0,2202
4,3800	-4,1707
3,2658	-5,1537
13,0306	-4,6951
2,2173	-14,3289
11,3923	-21,0135
1,6931	-15,9674
15,7176	-21,4069
-5,4505	-15,9019
-0,1421	-19,8341
-8,5307	-18,9166
-1,0597	-13,8048
-2,5670	-13,1494
-8,8584	-16,3606
-1,9115	-4,6296
-5,0575	-5,8093
-2,5669	0,5478
-9,8415	3,4314
-3,5499	-2,1391
-5,5160	0,9411
7,2635	3,6936
-6,3680	-1,6802
4,3144	11,6891
-7,4165	14,8347
-0,4698	4,0869
-8,9239	3,3661
-4,2054	-1,2216
-6,4336	-6,6613
-1,7806	-14,4600
0,0546	-14,6568
2,5449	-11,7076
13,5552	-15,9675
10,1471	-15,0498
11,9168	-1,6804
5,6907	-0,1076
14,4070	3,8247
-0,3387	-0,0419
11,2613	-3,1220
-0,9940	8,2156
11,4579	2,0551
4,5767	-1,6803
15,7177	5,7909
5,8874	7,4947
9,8195	3,3005
9,9507	1,4000
10,8679	5,5287
7,2636	8,0190
-3,9431	2,5139
7,8534	-4,8916
-6,3680	-1,5493
12,1787	-3,7777
-4,2054	-10,4623
14,4069	-14,4599
-3,5500	-9,4137
3,9212	-9,1516
-4,1397	-10,3312
1,5618	-11,4453
-11,1521	1,0721
-2,3049	-1,7460
-7,0234	-3,1877
-1,5840	1,0066
-2,2392	-1,6149
5,0352	1,9241
4,2490	4,8076
9,3607	-2,2046
8,3777	9,1987
1,2343	4,6111
9,6229	3,3661
2,2172	4,7422
8,9675	2,3174
-0,3386	1,5965
8,4431	0,8100
-9,5792	-4,8260
2,9380	5,7252
-13,7736	2,6450
-11,8731	3,3660
-12,9871	7,9535
-3,4191	12,9999
-6,6302	8,0847
-10,6280	8,0847
-3,9433	6,1842
-17,1817	12,0167
-8,2031	4,4145
-17,6405	3,1039
-8,6619	9,3952
-15,6743	3,8902
-4,3365	-2,4666
-13,0528	3,0383
-4,0743	-6,8578
-11,8731	-7,5132
-6,4992	-13,2804
-13,3804	-9,6103
-7,4168	2,6448
-11,3488	-4,8262
-5,4507	-3,3842
-4,9262	6,7738
-2,1082	5,1354
1,2997	0,3514
-7,7443	-2,9255
5,3630	-6,9887
-10,0380	-0,7630
2,9381	-10,3968
-3,2223	-19,1130
4,8387	-11,6420
3,5280	-15,0500
10,2783	-12,3629
3,5282	-6,0059
3,2004	-2,9256
-0,9283	3,3003
0,3821	0,4824
-3,3533	-0,2384
-5,3195	6,1841
3,0037	4,8733
-4,2710	11,0337
-1,1905	5,3321
1,1687	6,1841
9,3607	8,8710
5,1009	-0,0419
12,5065	-2,4666
10,4094	11,0337
14,8002	2,3828
-1,3214	2,1864
11,9167	-2,9255
7,5914	-4,1052
8,3121	-7,5788
1,2343	-19,7686
-1,9771	-21,4724
-1,8461	-11,5766
-15,4121	-10,7902
-2,1083	-18,2612
-14,0360	-11,0522
-3,5500	-10,1348
-10,8902	-15,9674
0,2511	-16,3605
-3,7466	-10,5933
7,7223	-2,4669
0,7755	-6,6612
8,6398	-7,1854
-2,9600	-2,4669
1,4964	-1,0907
-1,2560	-3,3188
3,2002	-1,7459
0,7756	0,8755
1,4306	7,7568
-0,2076	-2,2047
-7,2200	0,8101
1,0375	3,3660
-3,8778	2,3829
-1,0597	-2,5978
-4,0089	-0,6973
-1,8462	3,8247
-13,7080	5,2010
1,2341	10,9681
-5,9092	4,8734
-4,1398	16,9975
-5,0571	8,7399
2,6759	8,9367
2,0207	6,1840
5,4939	2,5796
-1,3871	3,8248
1,4307	6,2496
3,2658	-0,1729
-9,9727	9,7885
-12,3974	5,6597
-7,6789	-3,4497
-4,2710	-1,9424
-10,1036	4,7421
1,5618	-5,8747
-7,6788	-8,6927
-4,4020	-9,3481
-6,4336	-8,7583
-7,0235	-12,7560
-2,9601	-16,6881
-0,0767	-2,6635
-5,5159	-0,7630
3,5279	-1,5493
2,1518	-0,2385
7,0014	4,1524
10,4749	0,4823
4,4455	-3,1877
11,7201	-10,3966
2,4794	-7,7753
11,5890	-3,1879
3,2004	-9,3481
10,2127	1,9241
-0,7318	6,5771
5,5596	7,2982
-2,8290	9,4609
3,0692	10,7062
-0,4696	13,7208
5,1008	13,1308
10,0161	0,9413
3,4624	6,2497
9,0987	11,2959
4,5766	10,2473
11,7201	4,8079
5,2976	4,0215
9,4920	12,0169
9,6230	8,4122
13,9483	3,5628
7,9192	6,7739
16,1110	4,8733
7,2637	-6,0057
9,4919	-2,0081
6,7394	-9,6759
4,9698	-7,1855
0,8411	-12,4940
-2,6980	-10,8555
-4,7296	-6,8578
-11,2834	0,0890
-7,0235	-4,4329
-10,6936	0,8756
3,0034	1,5310
-9,2517	3,4315
4,3143	-1,3526
-11,7419	1,4654
1,8896	6,4460
-5,1228	-1,0906
2,3482	-0,2385
-8,7928	1,0721
-3,4189	-5,2194
0,4477	-5,4159
-2,1083	-2,7944
0,3167	0,0236
0,7754	11,7546
10,9991	9,4608
1,4963	6,4464
8,7710	17,9152
2,0862	18,1118
8,5088	11,1650
-1,9115	7,9537
7,0670	4,8734
3,1348	7,7570
16,5041	5,6597
5,6908	0,6136
14,8658	4,2181
10,0818	10,6405
17,7494	8,0847
19,7811	2,9728
11,1958	-2,0735
14,9315	1,0721
12,0477	-7,7098
7,9845	-15,4429
3,2658	-8,5617
2,4138	-8,2997
-6,7613	-12,3628
1,1030	-6,9233
-16,5262	-6,0715
-5,5162	-7,3820
-14,4291	-3,0568
-8,2687	-5,4158
-6,8268	-0,6318
-1,1253	-2,2047
-1,6494	-4,4328
1,2341	5,1354
4,5111	4,8732
3,5279	-0,6317
7,3947	-0,6972
2,3483	8,6089
10,8681	10,5094
8,1154	4,1524
15,5212	2,6452
7,2636	3,6937
18,9291	4,2179
2,5450	-11,0520
7,2636	-2,5978
-0,1420	-6,9234
0,1855	-8,3652
-9,9725	-16,2294
-4,7297	-10,9866
-5,2539	-6,3991
-0,4699	-12,1007
0,2512	-15,6396
3,1347	-11,3798
11,6545	-11,7731
7,0014	-17,9990
10,9338	-14,2634
4,4455	-13,9357
7,1326	1,5307
-11,1519	1,7929
7,7222	-7,6442
-14,5600	-0,7628
-6,8924	-3,4499
-23,6041	0,3514
-15,9364	0,8755
-14,6912	1,3343
-8,2034	8,8054
-15,3466	2,9072
-11,3490	-3,4497
-4,0088	0,9411
-9,3173	-0,4353
5,6251	-4,7606
4,9696	-9,5448
8,9019	-7,5787
-0,4697	-3,9742
10,6714	-9,3481
-2,1081	-2,4667
1,8896	6,6427
-3,9431	-3,7774
3,5934	7,2982
-1,5838	3,5625
3,1347	2,5795
3,3970	5,7908
-1,2562	1,5311
2,2173	4,6113
-2,0427	15,2936
1,7585	12,6067
0,7098	11,3616
5,6252	16,6045
3,7246	20,0124
8,2467	23,6823
-2,5013	18,8327
8,3777	22,0441
-1,7804	21,6508
4,5109	20,3399
-7,6787	4,6770
-2,6326	13,9829
-4,3364	4,5456
-4,8608	1,1378
-10,8900	-1,6803
-10,7592	-1,4837
-11,8732	0,4823
-20,4585	-1,0249
-6,4992	3,6282
-10,6937	13,1309
-1,5840	14,4417
-7,3511	14,8350
3,3968	21,4541
-2,3703	14,1141
12,5063	9,6576
7,1325	6,1841
9,1641	-0,7628
8,6400	-2,9911
17,0940	-4,4329
8,3124	-10,7899
20,3709	-10,5277
16,7664	-3,4499
9,4919	-6,2024
20,1743	-8,2996
8,9675	-16,4914
9,1643	6,4460
0,2513	-2,8601
16,4387	-5,3504
4,9698	-1,3526
14,2105	-5,5470
11,1303	-8,2339
8,7709	-10,0690
2,0864	-13,3458
4,3143	-7,3166
-0,9284	-9,0205
2,4138	-18,3921
3,2659	-5,8748
9,6228	-6,9234
17,0285	-14,1979
6,2151	-12,0352
20,1744	-15,9672
9,8851	-4,8918
17,5528	-15,6397
6,4116	-18,6543
10,6715	-16,8850
2,3484	-14,7223
12,5064	-10,5280
-1,8459	-11,2488
6,4116	-5,3504
10,5404	1,9896
15,2589	0,2202
11,8512	-8,0373
13,0308	3,0383
16,2422	-2,2703
9,9506	-7,7096
9,1642	0,6135
5,2974	2,1862
9,9506	-2,2702
-0,5352	-0,1730
12,0478	-2,0081
-1,0595	1,9896
3,9868	-2,7945
-2,6979	-2,8601
-1,3873	1,0066
-8,4652	2,7105
-9,1206	4,0214
-12,6594	7,5604
-3,6812	12,2134
-12,5940	10,8372
-11,2834	10,9681
-3,0912	-4,8260
-7,0891	-9,0204
4,8387	-10,4622
0,3166	-8,7584
6,1494	-16,6883
-10,3657	-13,3459
2,6760	-10,2002
-13,2494	-10,2002
-9,3172	-8,1686
-16,1330	-10,0035
-13,2495	-4,4329
-15,6087	-4,1053
-10,6937	-9,9379
-15,4121	-4,0397
-10,5625	-2,4013
-8,5963	-3,5810
-7,9411	-15,1152
-2,8291	-8,2995
-7,2857	-9,2828
-5,9093	-14,5255
-11,5456	-9,6103
-1,8461	-5,3506
-7,7444	-4,3019
-1,3218	-0,8285
-4,5985	-1,8770
5,1008	5,2665
-4,9261	6,5117
5,5595	3,6937
-2,8289	9,5920
10,4747	10,8372
-1,2561	10,8371
2,6760	5,6598
1,2998	7,5604
-0,6010	12,3444
0,6444	7,9536
-2,4360	4,4802
-2,1081	9,1987
-1,3217	3,6281
10,0160	-0,1730
-0,9284	3,6937
8,9020	13,1308
3,4626	8,3467
14,0794	5,2011
13,2274	3,1695
8,5088	11,0337
6,6084	-0,5663
6,6082	-5,3504
11,7201	-9,3480
6,2148	2,7104
5,2976	-1,9427
8,9019	-12,8871
5,2320	-8,2995
-6,1058	2,7760
-0,7319	0,6788
-12,7252	-8,8892
-8,6620	4,0213
-23,6042	5,5285
-18,6890	-6,0712
-20,3274	3,7592
-22,4247	9,6574
-20,1962	16,9320
-7,9412	9,5265
-12,8562	14,8351
-12,9218	24,3376
-7,8099	16,2111
-13,4462	11,4927
-13,1838	12,1480
-11,6766	11,0993
0,1199	13,0654
-9,3828	8,6745
4,9041	6,1842
-8,0720	12,9343
1,8895	3,1694
-7,6787	5,3977
1,2998	2,0553
-2,1736	0,8101
11,5888	-1,4182
-1,1249	1,5966
11,3268	2,1208
5,6909	11,8201
12,1133	12,5409
11,3270	1,6621
9,7540	3,1039
8,5744	5,0043
0,4478	-2,3357
3,9867	-9,9379
-8,5963	-4,6950
-0,3388	0,6132
-9,7760	-7,5132
-5,5817	-9,7413
-9,7103	-2,2047
1,9549	-5,3505
-4,5329	-9,5448
6,5425	-6,9233
0,2512	-7,7098
-4,0743	-1,2872
1,8896	-2,2047
2,9379	-2,6633
-3,2223	15,0314
-12,2009	15,0314
-2,1738	11,8857
-6,3682	5,9876
-4,1398	4,7424
-6,1059	4,6768
-6,3680	-1,3526
-8,7929	-2,3357
-11,6767	7,0360
-18,0992	2,0551
-16,3954	-5,3503
-25,7669	1,8586
-17,7716	-5,0883
-22,4245	-5,2849
-14,6258	-14,1979
-3,2880	-8,6929
-9,9073	-12,1007
-13,4460	-5,0884
-11,0213	-13,6735
-10,5625	-5,8747
-15,9365	-9,5449
-4,1400	-16,9504
-16,1330	-16,6227
-3,7467	-13,7392
-15,6741	-11,4455
0,5132	-13,4771
-4,4020	-12,4284
-4,0088	-5,4815
-5,1883	-7,8409
-4,6642	-8,4306
-2,4358	-4,4329
-4,2055	0,0235
0,5787	-1,3526
-4,9264	3,3004
7,0669	1,0067
-1,1251	6,4462
17,4873	5,9218
8,5743	1,5965
11,2614	4,2180
0,8411	6,9049
6,7392	10,1817
-5,3194	10,0507
0,6443	6,3806
-1,9115	9,9196
4,7731	2,1863
3,3970	-4,4984
6,4771	0,4822
10,8682	-9,3482
11,3268	-14,1978
12,5721	-7,9719
2,0862	-4,3019
10,1473	-0,5664
6,4771	-3,3843
13,4895	1,2689
6,1496	9,2642
19,3879	3,3005
13,6863	5,6598
24,4997	0,9411
16,1767	0,3513