-67,4490	-2,8215
-83,9648	-21,5643
-56,1116	10,0246
-74,7899	1,4383
-51,3274	-56,3634
-107,8857	11,8589
-65,2869	-40,7017
-111,4903	-51,8414
-83,3753	23,3278
-116,9948	-30,2153
-72,6926	-2,6893
-84,7505	8,5815
-39,8586	-79,6293
-56,1107	3,6014
-48,9674	-52,6296
-32,9762	-65,5390
-34,2877	-55,3160
-30,0927	-101,3881
6,9341	-98,8974
-20,5250	-92,4758
-45,5597	-125,8332
-4,5997	-90,3784
-29,4382	-106,5663
-13,3817	-137,9570
-52,0480	-79,6966
-37,4335	-161,6167
-60,5021	-149,6885
-53,2937	-122,4923
-69,3492	-218,3710
-39,1379	-150,2787
-40,4479	-175,0525
-38,1547	-206,6395
-52,4408	-114,2997
-69,6117	-145,3643
-46,1498	-140,3823
-65,0248	-82,3831
-44,2498	-99,9466
-48,2477	-53,8742
-11,4162	-50,9913
-43,2008	-94,0472
-11,9398	-13,2422
-65,9413	-95,0971
-45,6909	-133,9589
-70,8563	-110,8915
-42,5458	-158,0773
-83,9635	-148,5090
-44,7735	-127,0801
-42,7417	-205,1981
-67,9737	-127,6690
-69,1530	-164,8940
-82,3265	-162,0749
-45,6260	-82,9082
-74,0687	-140,3833
-6,1731	-161,1571
-65,2212	-106,1077
-20,5254	-176,5583
-88,6173	-85,0044
-39,7279	-96,2116
-84,2269	-120,4585
-84,0958	-36,6384
-122,9583	-82,2518
-83,4405	-72,0275
-118,2396	-66,9823
-99,8245	-159,5189
-114,8974	-107,6141
-121,7797	-136,1890
-127,7431	-180,9491
-146,2252	-108,8604
-136,8530	-159,2580
-155,5971	-176,6895
-144,9141	-97,8505
-168,7041	-177,0179
-115,8823	-120,3938
-175,2576	-116,3320
-138,0328	-182,7190
-154,1542	-130,7498
-110,9661	-203,4294
-127,9392	-207,9508
-91,6985	-175,5769
-117,0601	-228,5296
-113,9804	-182,9162
-107,5573	-171,9068
-107,8204	-211,2930
-65,5489	-143,5290
-118,4371	-148,1826
-65,1560	-189,4031
-131,5447	-101,3888
-86,5211	-157,1602
-136,7875	-142,4138
-83,7690	-125,8341
-139,9986	-205,6569
-111,7522	-165,8765
-132,5271	-197,1386
-86,9797	-281,9411
-139,1462	-196,0901
-123,6144	-264,4448
-130,0371	-238,4261
-149,8950	-185,9980
-132,5929	-256,3823
-148,7157	-129,7666
-147,6663	-128,3912
-145,5698	-201,7243
-127,2198	-94,5076
-167,7864	-157,6198
-113,7189	-179,3764
-120,0104	-139,4662
-68,1057	-233,9690
-135,0175	-205,0675
-104,5430	-211,4916
-158,4791	-283,1220
-128,7921	-226,6957
-177,1578	-256,0565
-205,0111	-258,7423
-190,0688	-208,0178
-199,9655	-232,3970
-154,3518	-232,5930
-163,2648	-222,5665
-99,1699	-265,3614
-111,0978	-234,7561
-85,9313	-262,1511
-118,5683	-322,0505
-82,3272	-275,1271
-154,4820	-333,0615
-99,8249	-288,8241
-142,3578	-279,5191
-125,9086	-338,1733
-173,0285	-290,1352
-150,3540	-275,5214
-177,8132	-343,8090
-186,2681	-252,6485
-191,1831	-309,4687
-235,2894	-303,9626
-209,9268	-256,2533
-239,0255	-335,8798
-203,8324	-324,5415
-214,9738	-330,5720
-176,9622	-413,4742
-185,7439	-349,1185
-150,3545	-392,1765
-180,1726	-411,3776
-155,7282	-366,9450
-174,9951	-437,9861
-148,0605	-404,2343
-177,7470	-391,7838
-153,3685	-473,7026
-147,0766	-389,3581
-180,6315	-432,6784
-172,4393	-457,0566
-204,6182	-371,9918
-194,7877	-457,5161
-230,0470	-414,9169
-211,9589	-388,7033
-252,5915	-441,9181
-213,0078	-399,7785
-279,7889	-425,4039
-229,9160	-468,0009
-282,6723	-351,4129
-233,3891	-395,9777
-246,7585	-365,0431
-227,1635	-325,6571
-232,6678	-386,6705
-219,8233	-363,2084
-213,4002	-367,3384
-219,5607	-455,7460
-180,8290	-392,6354
-244,0062	-484,8455
-209,2717	-499,5904
-275,5950	-478,2266
-240,2053	-511,4533
-295,8459	-486,8768
-283,3284	-456,0755
-302,7271	-487,8594
-276,4474	-401,2867
-295,1902	-447,4900
-280,8382	-464,3975
-309,6075	-448,1451
-280,5760	-484,9768
-276,8401	-487,7286
-291,1930	-486,2222
-272,4489	-559,2287
-279,6586	-479,0132
-249,1181	-513,8792
-280,3796	-550,9057
-251,8054	-457,7142
-296,1736	-527,3136
-265,7647	-511,5836
-303,1860	-452,2091
-285,5567	-558,1148
-331,6285	-496,5763
-310,1988	-522,2678
-372,6544	-581,3803
-360,1374	-519,5803
-387,5965	-550,3826
-353,6498	-535,7016
-352,9282	-485,6981
-334,1198	-525,5439
-301,8755	-488,5807
-305,2834	-449,3256
-252,1332	-512,4357
-272,5804	-441,4599
-223,4282	-459,2869
-290,9302	-477,1115
-235,8801	-447,9489
-298,5979	-506,8657
-265,5680	-460,2035
-276,9057	-454,7653
-284,9671	-519,3832
-305,6099	-479,3405
-279,0686	-522,6606
-291,5197	-543,6315
-264,4538	-463,2847
-225,9837	-501,0337
-234,4381	-496,2483
-202,8490	-453,8472
-211,7623	-507,5859
-170,2122	-416,0975
-178,8632	-452,5367
-184,4990	-489,1045
-223,9516	-425,4697
-196,3610	-479,7338
-263,9285	-474,0309
-231,3576	-381,4295
-256,2614	-441,1320
-253,3124	-355,6720
-252,3941	-334,9637
-194,6572	-397,6798
-169,9492	-269,9509
-151,9270	-345,8418
-130,4302	-335,5516
-124,0738	-292,6920
-111,7529	-378,0196
-174,5368	-371,0069
-147,7327	-383,9191
-225,9178	-471,9333
-182,4672	-413,9348
-237,0588	-447,6866
-160,7088	-458,3023
-181,7458	-389,6214
-138,7539	-433,5958
-150,6153	-416,5556
-145,7006	-405,2841
-161,5599	-462,2342
-171,0634	-394,0114
-173,6191	-410,3960
-221,6576	-424,4849
-190,6585	-369,9598
-167,0669	-424,4199
-180,3045	-372,9738
-167,1970	-356,9840
-138,4270	-444,3426
-184,6948	-361,3739
-151,5337	-374,4818
-182,2700	-424,9431
-171,2603	-320,8723
-185,7434	-371,3357
-172,8331	-368,5822
-176,6337	-325,0013
-176,5687	-376,6437
-199,1779	-348,0692
-171,8502	-299,3769
-177,8791	-353,7709
-176,5030	-264,4452
-114,6369	-306,3231
-158,6113	-316,3490
-79,3780	-249,8307
-126,6299	-336,7313
-134,0351	-286,9235
-175,3882	-292,5603
-133,7082	-330,3087
-206,7154	-278,2730
-191,2488	-295,2477
-204,1590	-325,4587
-181,0908	-239,1486
-164,7714	-290,3978
-162,8714	-299,8992
-126,8910	-255,6632
-125,2537	-295,8362
-143,8653	-234,5601
-156,3833	-253,3038
-144,7835	-281,9423
-184,8259	-219,3557
-124,7945	-264,0513
-138,0330	-241,9650
-98,7761	-214,8995
-88,2905	-278,5345
-90,2563	-246,0285
-111,5551	-267,7876
-95,0405	-338,0412
-150,5492	-253,4346
-158,1519	-296,6235
-152,9747	-291,3135
-137,7058	-194,5834
-168,0485	-248,2568
-151,7958	-183,6374
-136,0674	-166,6641
-160,5780	-222,3685
-135,9362	-135,2713
-156,8424	-178,1978
-133,7733	-196,2849
-142,4239	-131,1429
-87,7664	-223,8108
-108,5407	-171,9713
-49,4925	-153,8193
-55,2596	-235,2138
-71,2508	-157,5541
-135,4102	-175,7738
-141,4403	-225,9077
-145,9623	-157,7509
-165,4930	-200,4807
-152,1228	-234,8208
-144,2592	-189,6669
-84,3584	-253,4336
-102,4466	-218,8960
-16,4622	-215,7514
-42,6769	-255,7927
8,9660	-173,6108
-59,5846	-188,5535
-39,2029	-199,3656
-78,6554	-156,3091
-67,0566	-215,9463
-114,0455	-164,0418
-107,6236	-150,3455
-120,0751	-217,9120
-104,8710	-113,9720
-81,1464	-142,6776
-64,6317	-196,5474
-44,0530	-128,9147
-75,1175	-231,7410
-61,7476	-200,2832
-88,2904	-154,2124
-56,8983	-222,1727
-97,2035	-134,9437
-63,9109	-166,0088
-102,9701	-209,8509
-56,4397	-134,2886
-83,1124	-213,3908
-54,6698	-189,5350
-55,9148	-135,2728
-71,3814	-232,8554
-43,7901	-170,5300
-25,5063	-197,5316
-18,6898	-219,9437
-49,0990	-130,6845
-28,5856	-178,3944
-40,3171	-168,7595
-15,0859	-106,8290
-66,5314	-189,1417
3,2646	-122,2942
-61,8130	-124,3276
-32,2559	-194,9739
-75,1166	-105,6490
-60,5025	-149,8207
-60,5675	-139,5959
-47,3299	-94,7700
-60,8949	-134,6813
-36,0574	-121,5731
-62,5991	-53,7443
-73,4131	-139,4644
-55,1944	-46,6654
-118,3059	-81,3348
-62,0104	-102,6329
-99,2353	-48,5012
-59,0613	-124,3915
-74,4621	-82,1855
-29,2417	-53,8748
-42,3489	-122,7524
1,2329	-52,3013
-26,4883	-95,9492
-3,0265	-133,6313
-26,4878	-92,6722
2,6750	-133,4356
-0,7979	-122,5561
-15,6097	-74,6501
7,7873	-147,7880
-5,8452	-106,2376
2,0854	-90,9691
-34,2879	-165,6793
-2,1092	-103,1582
-46,6742	-149,7555
-27,9964	-199,2341
-78,2627	-153,2939
-60,9612	-184,4234
-89,2729	-128,6521
-49,8862	-92,2145
-101,7902	-119,1491
-85,9959	-53,8749
-78,9177	-101,3232
-53,2938	-93,0647
-52,6378	-64,4920
-75,5760	-134,1565
-19,1491	-117,3785
-34,4848	-89,8550
15,1268	-162,4024
17,6826	-102,4371
67,7528	-125,8995
56,9393	-153,7515
65,5249	-71,7667
18,4705	-156,8324
65,5246	-115,4127
-11,7424	-87,1682
-20,3940	-139,4648
-98,0540	-41,1610
-72,1680	-85,1360
-77,8038	-121,7034
-73,0856	-23,4001
-57,4218	-82,8414
-63,3205	-72,4857
-37,0400	-17,8953
-33,5015	-122,3590
-10,6289	-42,2742
-19,2800	-61,2152
10,8013	-122,0971
-26,2268	-51,1876
-16,8550	-83,0383
-37,4335	-82,7095
-30,8797	-16,6498
-61,9435	-62,6562
-28,8482	-40,1109
-55,0625	-38,4735
-70,2018	-100,0766
-103,6903	-63,9668
-81,8022	-99,0294
-69,4812	-150,1470
-111,4898	-115,2825
-46,9365	-140,6452
-52,8348	-117,9038
-9,9741	-62,5920
-31,2077	-124,0637
-0,7329	-19,2715
-31,7314	-52,2366
-16,1334	-85,7894
2,2169	4,9773
35,1809	-41,8159
1,1690	-55,7740
42,8488	2,6177
-3,2219	-67,1779
0,8400	-35,3270
-13,1843	-35,7210
-15,9373	-100,9283
10,7358	-21,1717
-30,0280	-69,9965
-14,3644	-77,2048
-41,4966	-66,1953
14,1437	-97,3902
-23,0809	-63,9007
22,9256	-34,6068
-36,4498	-78,3184
8,2454	-1,1822
-50,2122	-9,5716
-29,0449	-26,0857
-28,8479	8,7134
-23,4746	-33,7540
-45,1661	-25,8888
-32,5838	31,2578
-20,1316	-21,8258
-50,8028	53,9995
-16,5272	23,1969
-29,1105	-15,7305
16,8961	55,6376
2,2814	-0,9199
24,3022	34,4044
7,1318	50,5251
32,8875	-47,1882
29,8732	34,5348
40,2931	-31,5260
28,8907	-66,3899
43,3740	24,7039
63,8874	-54,9882
81,4506	-63,3759
87,8735	-34,8035
56,2846	-99,8801
29,2840	-37,4899
-10,6283	-50,3359
-17,9030	-91,7532
-60,8956	-15,3387
-47,4607	-39,9152
-108,0819	-66,5221
-53,1629	-29,8881
-124,8592	-88,3463
-54,9977	-93,5230
-86,1927	-54,0714
-54,5385	-97,5213
-49,1641	-32,9028
-47,9843	-74,0601
-19,6069	-79,3017
-34,8121	-14,4874
-36,9084	-60,2970
-24,9161	-46,7958
-31,6002	-19,6646
-36,6470	-87,3625
5,3622	2,4219
-23,0810	-24,6453
28,8243	-68,4876
-3,4198	26,4735
14,3407	-41,4222
-9,3176	-52,8902
0,6434	-28,7082
-23,4739	-75,4348
-25,7025	-13,3727
-58,9941	-33,5584
-35,9915	-100,4694
-3,0261	12,0551
4,0508	-58,2653
24,1715	-72,0920
27,2508	-0,0029
33,4118	-40,8976
-3,5510	2,4876
44,2905	-5,0497
-14,2336	-71,0434
17,6830	20,4445
-4,9928	-40,5703
26,1368	-33,0983
-36,4499	6,6156
-29,2411	-50,2696
-28,7167	-52,2347
-25,6371	-5,1151
-44,7726	-47,1886
-3,0925	14,9393
12,5716	-34,0821
33,2804	-66,9800
63,2312	11,1377
59,5612	-80,1539
125,0318	-40,7009
78,3701	-43,9131
79,5500	-91,8848
29,4802	-14,7491
39,7034	-50,1389
7,5251	-39,5862
6,2141	45,2823
-31,0104	11,9905
-22,3599	16,6442
-72,2984	59,3075
-67,8425	-27,5930
-93,9910	22,0835
-59,9786	2,0939
-58,4704	-29,8868
-23,6711	34,0102
32,4939	-23,3343
17,5518	-70,7158
69,1295	-10,6860
46,8467	-109,3176
60,3473	-78,3187
-15,2161	-73,0771
-0,6671	-128,5853
-49,0333	-44,8959
-30,4866	-62,4601
-35,9260	-72,3546
-34,3535	9,3030
-37,5636	5,0431
-13,9063	8,9764
-16,5923	60,2905
-19,0832	19,6584
-7,1549	51,2469
16,6343	-4,0006
50,1889	-39,2586
16,5689	-31,9193
55,7599	-61,4764
22,5983	-58,9201
24,1715	-8,7200
-0,1420	-57,2816
35,7712	22,2143
-4,4025	21,0993
-14,5607	-14,8785
-37,6296	50,0019
-30,6178	16,9711
-86,8476	14,9405
-69,6118	54,9165
-38,2852	-27,0687
-66,0732	7,5347
-23,8012	-2,1003
-17,9036	-78,0559
12,7676	-29,3637
-16,7895	-96,4733
-7,4175	-128,7162
-26,0302	-62,0016
-21,2464	-113,7096
-95,2361	-76,2220
-30,5522	-31,0683
-57,0287	-101,7149
-36,3193	3,2082
-40,8407	-31,6575
-29,1760	-39,7824
-36,5154	59,4380
-47,2642	-22,6127
-63,1236	46,0697
-83,0471	49,4112
-46,2813	8,3870
-74,4623	70,5804
-32,1257	33,3552
-86,9789	-30,0828
-8,5322	13,0393
-13,3819	-38,7351
5,8857	-63,5070
-29,9617	-10,7513
3,9203	-102,3707
-2,3706	-83,4958
4,9034	-80,0237
5,7560	-144,6413
29,9383	-53,7439
34,1987	-117,8387
26,5307	-141,1030
71,2266	-67,2443
49,0097	-95,2280
92,5260	-72,3552
69,1294	-17,5021
81,2538	-89,6565
16,9627	-25,7586
21,9428	-41,8156
-61,1570	-52,0384
-84,8162	12,1864
-112,1446	-11,7343
-87,3730	-14,2887
-102,1835	53,3436
-60,6339	-15,6654
-50,4092	35,2568
-22,8190	40,0393
-1,3222	-38,9961
15,3236	30,4057
36,4920	-39,5217
-7,3517	-47,0576
30,4628	-37,5558
-21,3770	-82,6443
-7,5490	-8,9815
-57,7499	-15,7984
-53,6868	-81,9882
-113,7831	-12,7170
-45,3637	-56,2988
-89,9282	-68,0945
-73,4786	-12,8486
-86,7164	-90,5743
-65,7457	-52,0389
-75,5100	-50,7946
-79,3113	-89,9191
-26,2924	-33,4926
-52,3760	-53,0226
-7,6796	-33,0327
-24,3265	38,8596
18,0761	-12,9135
-16,3960	26,7364
2,5442	34,0755
-32,4520	-44,5015
4,5100	19,4618
-39,0711	-33,8855
-5,0582	-52,1687
-7,0894	23,7205
2,4128	-58,4618
-8,5307	-63,0484
-1,3226	-31,9852
8,2463	-73,0105
-10,1698	-68,0956
12,5059	-103,6822
-20,9838	-148,5078
6,8041	-48,5662
-27,7341	-75,3709
8,3107	-85,5933
-45,8875	-9,9653
12,2428	-59,9029
-26,6855	-7,6701
15,3890	32,9612
-1,6497	-24,6440
49,8615	24,5737
14,2763	8,8444
21,4191	-24,5783
20,8299	24,3764
12,1123	-48,4996
1,6923	-44,4358
-35,2051	-46,0099
1,4301	-103,4845
-21,7703	-50,5975
22,6637	-105,3205
7,4591	-93,0644
38,0649	-20,1236
17,9458	-41,5533
62,4446	-3,6069
39,8353	29,8812
70,5061	-12,5854
66,9022	33,7486
93,5093	-27,2009
66,6403	-105,7774
106,6162	-27,2011
40,8839	-108,4662
42,6529	-113,8393
44,8808	-75,0428
-6,1061	-104,4026
73,9130	-30,4122
17,5518	-47,1247
46,9776	-104,2709
-36,3841	-34,1480
-22,3594	-74,8461
-63,5164	-82,0541
-53,0316	-45,1580
-122,3030	-65,9324
-99,7590	-19,8601
-152,3190	19,9193
-144,1928	-57,8707
-113,1938	18,0850
-126,4982	-25,3006
-74,1994	-51,9727
-66,4669	10,2196
-30,6178	-76,2876
-35,5332	-27,0692
16,2407	12,5790
-27,6027	-55,4465
35,5741	-15,7313
-21,0490	-29,3634
8,5078	-36,2440
-19,7381	-34,9336
13,4884	-56,9541
-10,6286	-55,3152
3,1989	-13,1766
-44,5109	-89,9841
-45,2322	-26,1519
-43,0037	-23,8595
-42,9393	-73,6655
-50,4752	9,9580
-58,7332	-59,9692
-37,3027	-40,8313
-88,1586	20,9022
3,5920	-54,5947
-64,3695	-34,3438
-31,2732	-39,8497
-66,1384	-93,1298
-19,3460	-38,8665
-88,5513	-104,5342
5,2307	-99,3558
-25,5054	-37,4254
-24,7849	-84,9384
-37,1046	-30,1494
-39,4651	-5,9015
-31,2727	-16,5172
-48,6402	51,7713
-12,3985	32,3721
-47,2642	6,2239
-22,3600	18,5437
-39,5964	-50,4002
-12,7920	-33,3604
-31,9281	-27,7258
13,4883	-96,8655
-15,0852	-19,3363
2,0199	-28,5775
4,1172	-40,1762
7,6559	44,9548
-3,7468	8,8445
5,5588	4,0615
-1,2570	62,5189
-46,2807	-3,1481
-14,4956	21,5596
-46,6747	43,3166
1,2987	-15,4686
6,1478	53,9994
27,3169	26,1458
8,0494	18,4135
30,0692	50,8533
-19,0167	-5,3766
23,5812	43,9726
-29,8300	17,6262
33,4774	-20,2526
8,5085	28,2436
-9,1867	9,7617
-19,2131	-29,4934
3,8547	30,3403
-0,8638	-28,1833
4,5753	-32,2459
11,0640	9,3688
13,6195	-46,4676
27,7760	-2,9517
1,3646	-28,7735
40,4243	-52,9551
-27,0779	26,9979
14,8649	-33,2300
-43,7898	-25,4957
-24,5230	25,2277
-94,9736	-62,8520
-71,1848	-27,4623
-98,7097	-42,7989
-101,0698	-94,7027
-107,9505	-24,9074
-107,4924	-84,9392
-68,8259	-108,2686
-103,0361	-28,1192
-67,4491	-99,5532
-72,1685	-36,3100
-42,8079	-16,2571
-61,2891	-44,3049
-36,5821	24,3112
-83,5056	25,9493
-65,2872	-2,4922
-116,7980	84,3424
-93,0745	-14,7482
-111,4240	10,0906
-78,9189	-13,4381
-66,8591	-83,8237
-61,2890	-37,7522
-14,3645	-72,4219
-21,0495	-127,9300
19,2560	-55,4479
17,8135	-108,5318
24,4336	-63,7699
1,4957	-22,6139
53,6624	-79,1700
44,6841	44,8896
67,5566	23,7862
41,0150	-17,8274
86,5625	48,7568
34,8552	37,9429
50,2550	35,0603
11,0652	83,0318
9,8186	-2,7542
-20,1968	70,8429
-59,4536	53,8025
-20,7216	4,1926
-51,5900	53,0164
-35,0082	5,8956
-46,3466	12,9741
-1,9129	48,8213
-45,8875	-35,4575
16,0441	7,0758
-35,1396	19,2646
27,7098	-24,4470
-19,0830	43,9067
-14,6262	7,5338
-41,2336	-16,7133
-22,8840	74,1840
-54,0788	-6,4909
-41,8898	16,6443
-62,4025	50,7223
-54,2768	-0,2640
-71,7746	39,4511
-73,2168	29,6198
-42,6105	-6,2932
-11,6128	59,9629
16,5684	-18,5493
-10,6285	-0,0021
51,3686	30,2092
29,9384	-40,9626
40,4898	31,3239
-22,8179	30,6019
-17,9686	-8,0626
-26,0953	89,3231
-47,7883	23,1973
-32,5832	14,6787
-5,0591	56,8173
-2,5020	-37,8170
29,0202	-33,0980
36,8200	-31,7232
42,7176	-130,6820
54,0561	-38,6698
19,6495	-77,4022
61,5926	-69,0127
19,5839	-6,7542
35,3126	-67,5058
13,7514	-38,8000
11,3917	0,5860
-19,0168	-67,5704
-24,8504	28,7021
-64,6958	17,5603
-61,0259	8,2558
-18,2964	66,8444
-17,4453	12,2531
-14,7572	26,0818
-3,9445	69,9245
3,1992	5,0439
-28,4549	40,0404
13,4223	33,0927
-51,3273	-43,9107
-11,0227	32,5039
-40,6448	29,6193
2,6091	-37,5542
-20,3281	4,9781
-1,0607	-32,2464
-18,8857	13,5634
21,4839	18,6091
5,4941	-6,2933
30,2658	74,7745
23,3194	43,9067
-13,5123	31,2597
-1,7813	103,4142
-29,8965	49,9369
2,6751	87,8828
-34,0253	92,3380
23,7122	13,4991
1,0363	91,2904
9,3598	78,9682
-27,9957	8,7149
3,7892	80,5420
-24,6531	21,8215
-3,6167	57,1461
-58,4038	80,6067
-24,3262	-6,2272
-54,2104	100,3339
-73,4132	55,5066
-74,3959	12,6473
-68,6949	97,9743
-58,9298	2,6844
-82,9160	25,4917
-45,2328	22,4101
-68,8258	-58,8541
-34,7473	12,7116
-105,9187	-14,0285
-43,6596	-79,4976
-75,1167	-0,8548
-42,1518	-55,8398
-16,7236	-44,0426
-0,3400	15,8563
-4,2710	-69,3399
27,3166	0,4565
-0,4045	-0,0688
18,8628	-37,2921
35,6400	45,8069
20,0419	-8,0641
33,2150	-7,1453
-21,5733	44,8238
38,6543	6,2892
-36,2537	36,7632
-16,7239	16,3811
-55,6521	-57,2153
-19,4767	4,7815
-55,2588	-21,1061
-13,3165	-42,8632
-76,8851	-3,9356
-35,9260	-57,0195
-67,9072	-25,8236
-75,8381	21,6890
-70,1362	-15,5345
-79,7710	55,5726
-44,1190	49,6082
-93,9922	35,4538
-41,3006	113,7685
-71,7096	64,1579
-17,6424	77,0039
-65,4178	86,1124
-21,7704	2,3580
-59,3224	59,7014
-20,7216	29,8155
-44,6420	-43,7149
-44,3149	38,9911
-31,9282	-14,6830
-45,6913	17,9550
-33,9593	73,7252
-5,5830	4,6507
22,2049	13,7608
-9,1873	15,7911
35,7707	-56,8876
-20,1975	27,2599
32,8216	-46,7309
-29,2414	-85,3301
9,6220	19,7883
-14,2332	-66,7848
16,3065	-54,1352
-24,3254	-12,4555
6,3453	-77,8596
1,1026	17,2331
3,7892	-15,0766
-22,4899	-32,0494
-8,5315	58,0622
8,1151	-6,7530
-28,9138	-3,1476
-17,3133	49,1488
-47,2640	-52,0378
2,3468	49,9363
-49,0339	33,7480
-11,8747	-6,2930
-63,3857	67,9586
-6,2383	33,7486
-52,8996	28,5063
25,9401	71,2354
-26,8157	-6,0967
22,8601	57,4737
-36,6457	48,3631
-16,2647	-8,7174
-24,1944	81,0002
-39,2030	28,7677
-17,0513	4,2581
-18,1009	36,9598
-28,4549	-43,9773
-40,1207	-0,7885
16,2400	-5,9672
-47,8542	-76,9416
-9,2531	24,6389
-38,2195	-17,4355
-6,3692	7,0764
-44,3794	70,9732
-0,6677	20,3140
-56,7660	46,2013
-39,0720	52,4913
-57,8150	-63,1135
-54,6041	-5,6388
-51,3265	-41,8818
-8,7943	-109,1860
18,6659	-29,1014
-16,7896	-64,8189
18,2729	-48,1061
-12,2676	4,9120
-6,8933	-53,2179
-50,8027	1,3078
1,0358	-32,5096
-85,9961	-80,7431
-54,0797	-7,6712
-74,5266	-63,3771
-17,4449	-53,1528
-15,8057	-29,6260
5,7554	-63,1143
1,7585	-24,3823
20,4356	-13,9626
27,7761	-61,8683
-0,4704	44,0375
41,9969	-19,1399
7,0658	-40,3064
17,0931	50,3287
-25,4402	-15,0760
23,7119	-3,2132
-33,2391	35,9764
-3,0268	-38,7341
-53,8169	22,6076
-14,5612	-17,6321
-51,9820	-40,9620
-46,5432	47,3142
-102,8380	-6,3601
-57,1603	-32,9665
-78,5244	25,7531
-63,3209	-39,9140
-45,5600	10,6145
-45,1017	-14,6179
-23,4086	-79,4322
-32,7804	-16,2562
35,2463	-76,9432
-11,1531	-51,2519
45,4702	-3,6737
-6,5651	-34,2129
8,9011	30,8650
-46,8698	45,4131
-45,7566	-1,3127
-77,3446	50,4603
-73,2823	5,4366
-87,3064	-23,9227
-77,2799	36,3697
-45,9532	-27,7247
-33,1742	0,3908
9,0319	20,5092
-2,4372	-81,0052
39,8997	12,0562
16,2414	-26,0869
47,7641	-26,4135
25,0886	11,2694
31,5109	-3,3454
-5,2542	8,3866
16,3719	54,3267
-29,5681	9,8936
-18,5586	75,0369
-25,8331	49,6083
-40,0553	42,4659
-56,3726	110,2296
-28,9139	64,4201
-13,1850	76,5455
-14,1681	126,2866
18,7315	61,0130
6,0828	84,0164
45,7982	59,7667
29,4792	-10,0939
53,3999	68,0241
-11,0873	-11,7994
26,4647	-26,4786
-14,4295	18,6092
22,9917	-36,5723
25,7445	-29,7562
36,4921	-1,9044
11,2612	-66,1289
-13,1847	29,2262
-28,5855	6,4844
-64,4346	-38,6028
-17,4452	25,0319
-72,1683	-31,9844
-7,0246	-18,3528
-36,9752	-21,4337
20,9594	-80,8745
-14,2335	-9,8991
25,2849	-23,4005
-10,3009	-73,3375
9,8840	30,2741
-5,3198	-44,5681
14,8650	-41,5524
3,2656	-8,4575
-11,6772	-62,7214
-20,7861	-8,3914
-29,3724	-24,9730
-25,2432	-60,2302
-46,3467	-0,3307
-21,6389	-34,8032
-46,0847	-46,0745
-32,7804	-24,2519
-48,0506	-108,7928
-3,9450	-45,0919
-53,4898	-27,3326
6,4101	-95,6855
-45,8873	14,6115
-5,3207	-31,7232
-41,1686	-34,7363
-48,5745	28,4394
-46,2802	-45,8779
-26,0301	-7,0801
-12,5945	40,0391
-13,2504	-17,5667
27,8415	24,5731
7,0002	-17,6982
21,8119	-62,9168
-9,5807	19,2644
-22,2944	-47,7791
-54,5385	-59,9682
-7,4186	-23,0722
-97,5304	-89,7221
-56,7017	-13,3066
-104,2805	0,5857
-77,8043	-37,7513
-93,8606	29,9471
-152,5812	-7,8673
-127,4803	-13,5024
-150,4192	62,1905
-126,4320	-31,9844
-95,0410	3,0780
-59,2575	-28,3808
-53,4902	-87,1001
23,7119	-26,0869
-8,7941	-71,8969
33,8052	-81,3985
-6,4996	-13,3074
37,2783	-58,8548
-16,7890	-27,8556
-2,1089	5,7636
-20,9834	-59,5094
-7,4179	11,1381
-57,2903	-28,7080
-65,6796	-66,4559
-53,8172	1,6353
-62,2721	-51,8420
-29,9624	-18,8113
-35,0087	30,2085
31,6421	-58,3297
8,8356	6,0921
68,0146	0,2587
-4,7298	-17,5661
55,1041	65,2713
-30,3550	12,5148
3,2650	31,0629
-62,4022	108,9187
-47,4601	47,5776
-55,7175	113,1137
-30,1591	96,9911
-63,3850	50,0036
-43,2662	157,8094
-50,0157	86,7026
-57,1599	69,0744
-20,1318	94,6978
-38,8760	16,1856
-35,0742	13,3674
-39,9897	15,2668
-4,0103	-56,0358
-31,6663	25,0975
-7,8110	-2,8874
-24,5223	-64,6863
19,4521	24,7038
6,3456	-61,6072
27,1201	-37,8170
11,8511	-20,7135
19,1249	-65,6047
-10,3001	1,5041
18,4037	-17,1088
2,5440	-49,8752
-21,1148	33,5515
17,4208	-5,7703
-35,2049	2,0949
54,9073	57,4721
9,6869	-3,2138
43,6348	46,4632
-30,9445	50,0013
40,6864	-0,0674
7,9840	50,9847
18,4044	-1,7067
-9,9071	-17,1725
14,1441	2,4872
-0,7979	-38,8655
-1,5847	13,0393
1,4305	11,9242
23,1880	-32,3767
21,2876	32,5685
1,3644	-23,2030
39,3097	-31,9842
-32,2560	12,6446
21,6148	-72,8796
-51,1303	-33,8193
-0,4711	-12,6520
-45,9529	-36,0477
-21,9016	39,7777
-67,5798	48,4938
-31,8631	23,6570
-68,0384	84,3430
-20,5249	38,3368
6,2800	53,8036
7,5248	61,4707
38,0656	-3,6062
52,9415	59,8327
58,9712	26,0152
37,0164	3,4719
58,2503	66,5819
22,5985	-6,5566
54,3180	-20,5146
16,9619	26,6704
14,5372	-33,2946
-22,7526	31,7829
-3,4855	15,9224
-38,2191	-40,0441
-8,7942	24,5083
-14,3639	-34,2132
28,8238	-58,8539
24,4335	-28,1186
17,6829	-84,2172
44,1599	-36,0478
-7,0244	-14,6840
11,9157	-64,7520
-19,8700	33,4203
-42,5451	-4,9187
-47,0017	-25,7579
-3,1588	52,3602
-73,4781	-20,5812
13,2912	-9,3740
-23,8016	17,7571
4,5103	-42,9288
7,4599	14,1531
7,9184	-5,9670
17,8805	-43,7148
12,1122	32,1098
2,5446	-21,1712
-17,8379	-19,2046
-11,8083	6,5504
-40,9723	-60,8201
-0,9954	13,1047
-32,7808	6,8124
18,1412	-53,0865
-33,6319	30,7990
63,7546	-35,2614
-9,9075	-18,8110
46,9779	32,9616
-0,2737	-37,7513
12,1781	34,9286
1,9548	21,5582
8,2460	-33,4908
4,6420	71,6934
12,3744	10,9412
-0,1423	-28,5103
-9,7765	8,7790
43,3733	-15,7971
-18,2310	-3,8695
37,5407	0,6520
-21,2457	-43,8461
28,6276	30,4715
-13,0533	-19,7956
27,3169	-57,0837
-3,0263	5,3711
21,1564	-31,9846
-7,3513	8,3208
22,5327	55,8996
7,0666	24,9016
-0,4054	71,3015
-4,7299	75,9538
-10,3011	-8,2590
25,7444	58,5869
13,2918	-15,3383
32,6909	-9,3746
5,4934	-35,5900
50,1889	-103,8121
24,5641	-48,1065
45,9948	-13,3079
-6,1062	-65,4078
14,5373	19,3959
-18,0341	-9,3094
-21,3769	-19,4011
-78,7203	34,2724
-12,3985	-18,8769
-44,4453	27,0643
-27,2752	45,2169
4,9040	-29,6239
9,1633	74,3158
58,5782	3,7986
33,8709	5,1103
59,7581	65,7298
29,8076	5,7643
38,2618	-2,4269
2,4789	24,3113
33,7395	-9,3736
-4,5334	85,7850
26,9237	77,9856
9,5575	66,5181
46,7810	129,9565
14,9969	77,3969
39,4413	115,0804
32,0361	89,3894
15,1273	39,6482
28,7592	82,4428
2,6750	50,8533
25,6783	-22,7426
-10,0392	54,7861
8,4421	39,7776
-32,1902	9,1077
31,7727	58,1939
-15,9372	13,8915
27,6444	43,5797
-14,5603	33,6169
13,2923	-22,7433
-3,2879	40,8262
10,1463	-7,4088
10,0156	-24,5126
0,3157	28,1779
-3,4847	-13,1100
-31,0761	23,9839
6,0832	24,9006
-24,5233	-7,8665
-10,4976	44,9552
-40,5135	3,6670
-17,7069	-28,1168
-54,6039	54,3266
-20,1320	-21,4984
-67,3836	13,3677
-54,0142	64,0262
-71,7082	0,6537
-21,1147	73,8574
-12,9877	80,9999
-10,6941	-11,9947
13,0958	97,2536
11,4574	20,5101
61,6581	2,3580
22,0737	34,1415
47,3716	-73,4682
18,2076	-20,1219
59,3640	-58,5276
-2,4365	-112,2004
31,7734	-35,0654
-16,6577	-73,0109
22,7949	-57,6090
-4,2056	11,8583
10,4085	-48,6963
-19,5408	-16,4516
-11,3496	39,8429
-36,3837	-8,0628
0,2502	80,1485
1,7576	53,1470
-17,1172	0,9162
3,6582	96,2045
-6,6316	13,8253
21,4840	2,1608
-7,9419	30,9957
27,6445	-20,7776
-4,2716	33,1588
33,4113	7,6646
-19,1484	-9,8978
3,7895	46,8559
-34,7458	13,3010
-43,2655	17,0374
-45,3629	40,4984
-56,7016	-12,8473
-71,6432	43,3825
-78,6564	1,7009
-36,6469	-49,6784
-28,2591	33,8138
1,5610	-8,4574
-4,6654	-0,7232
42,7181	34,0760
26,7923	-8,5218
48,0918	55,3108
6,2145	72,6763
59,6919	-6,1621
-2,5670	66,5824
82,1710	7,5335
27,2514	-26,8719
27,5141	11,5316
9,6227	-33,0333
37,7369	-27,3966
-10,6936	-19,4678
2,6750	-84,0200
21,5498	-5,5739
6,5415	-71,4386
35,1156	-103,8778
16,0441	-35,3932
51,9582	-45,4204
-10,8254	-18,4186
49,1402	15,9220
-0,0114	-17,9591
54,5801	81,7867
39,6385	54,8512
58,9057	31,7838
19,7815	111,1475
37,4751	58,4566
-29,0435	80,5431
-18,2309	126,0239
-22,8184	26,8688
-46,8710	127,3356
-12,0053	100,9884
-47,0019	31,9805
-4,9274	81,0008
-20,3941	39,1882
35,1804	3,6028
-30,7490	23,9838
6,2792	-12,7819
-36,9742	20,3792
12,5709	16,4465
-6,0408	-29,2314
18,5350	22,8037
3,6592	-11,1445
22,9916	-44,4362
10,0159	12,7764
12,1124	-33,4923
22,9262	-26,4789
13,3573	20,1163
33,1495	-63,2449
-20,3935	8,3854
20,1734	-48,2389
-12,6611	-117,5747
-14,2337	-48,8282
-75,9029	-68,0313
-23,2775	-111,5458
-66,3997	-19,1407
-23,7362	-79,8269
-33,6317	-42,0115
-19,7387	-10,8172
-31,1414	-38,2099
-21,9015	69,3999
0,6439	35,5832
17,2233	32,5697
3,7895	51,4436
15,5202	7,4035
44,2256	45,4799
45,9295	35,5831
81,7121	2,9468
47,3060	50,1982
69,8500	-10,2263
-13,3807	-40,9620
-2,3712	28,2429
-44,8387	-57,6749
-54,5379	-62,3273
-33,4350	-37,4902
13,1604	-86,7074
-15,6746	-29,1667
-10,9566	-14,4877
19,6494	-67,5050
-26,8819	30,6019
19,7805	-38,7352
-8,3353	-26,0858
26,0713	18,3464
-55,3248	-55,8396
-6,6972	37,8120
-87,5031	4,9779
-34,2225	-14,0915
-82,5876	91,5513
-29,0449	23,5248
-36,7778	-2,6233
-10,5638	31,5199
-45,4280	-46,0747
-21,9664	-9,8980
12,4402	31,0607
-6,9590	-26,3480
16,5037	52,8193
1,2988	20,3131
42,7181	6,2241
32,4942	48,4283
62,2474	-6,6871
5,2313	16,5133
52,4171	28,5708
-1,7811	-39,4547
31,8391	32,1755
11,7194	-23,5309
28,8242	-30,7386
-14,3633	40,6948
23,5810	-7,7362
-18,2957	34,9287
-1,3229	74,3807
-4,4685	1,2435
-43,8562	69,0737
-1,9782	66,0579
-27,4721	24,7715
52,6134	89,9792
28,4962	23,9181
103,5356	-1,6401
50,8448	32,2409
84,0720	-47,1232
48,2237	-7,6703
45,7331	-22,8755
17,0945	-49,4165
49,3374	14,6117
45,2095	-35,7857
66,3115	-42,4044
66,7053	1,6352
57,6603	-49,0235
35,0509	19,5934
15,7825	44,8237
44,2903	30,8006
-16,0031	117,6353
23,8430	48,6909
-18,8868	46,1362
-5,6482	65,7957
-38,0229	14,6784
17,6171	30,0791
-31,0759	31,5200
19,0595	-40,7003
25,6134	-0,9201
53,0069	-38,3421
15,8490	-71,3057
29,4799	-17,5016
49,5996	-41,9466
1,4954	-58,5922
-6,5648	-29,7570
-14,4303	-77,5320
-16,1343	-2,4934
-76,0342	-20,3853
0,3809	-44,5669
-34,8774	38,6633
16,8960	-31,9844
-31,7968	-13,6987
-20,0002	60,4213
-52,8337	-12,5852
-34,4184	50,8538
-54,5377	26,6049
-42,0865	-12,3880
-62,2056	59,0452
-53,6212	-4,5907
-53,5553	-42,0765
-70,3329	27,2599
-27,4722	-26,2829
-65,4833	37,8122
4,1162	96,8595
-18,9525	33,7496
12,5710	138,3454
13,8167	114,6863
52,0897	83,6236
53,8594	138,0177
59,1023	79,7560
49,9932	72,2197
35,3127	74,8400
37,2791	11,4019
26,0717	62,9781
11,9817	40,3677
-17,1167	5,7654
4,5107	36,3049
-35,8603	-0,7235
-5,9754	0,3258
-53,8174	20,3786
-11,2845	-41,6833
-66,7281	13,8260
-19,0838	44,5616
-67,0558	-2,7544
-12,2679	78,9035
-41,6276	17,5615
-16,3309	57,0152
-37,7604	122,8125
-8,5976	36,8954
-40,3166	73,2684
-49,0335	66,4512
-26,8822	-45,9423
-54,9977	34,8626
-26,6854	-61,7388
-43,0698	-84,9374
9,2281	-3,2154
-35,3364	-76,5498
11,1945	-21,7608
-26,6852	-27,3321
19,5175	-56,5600
-37,4982	27,5878
-1,7816	-22,0235
-61,4186	-50,2679
-13,7089	25,7528
-23,8665	-24,9064
-11,4809	-10,3566
-9,0553	2,8148
-4,8617	-55,9706
20,6322	-28,1178
-17,2483	-16,8467
24,3678	-63,0488
17,4199	5,8949
17,4209	-32,6406
-27,7336	-41,5522
17,7486	4,3876
-17,9031	-50,4003
4,9688	-0,8544
-55,1273	14,6113
2,8063	-14,2890
-29,8960	47,7732
-28,8476	0,6531
-2,8294	5,7657
0,0534	65,1404
-4,2059	1,7679
-5,5826	81,7222
30,9215	112,9164
17,0273	57,4742
57,5294	99,6791
36,1644	82,1805
91,2151	43,3182
42,5213	81,1969
64,2797	13,0395
8,1809	23,1979
24,9575	45,4139
-42,4132	-10,4221
-56,2419	70,1215
-67,7757	58,1278
-48,4440	16,4484
-52,2443	113,3754
-40,2520	-2,9509
-12,9225	43,5804
-2,1752	57,9968
32,7563	-37,9474
-10,2354	30,2754
50,4513	22,0167
14,4714	-42,9282
23,5810	28,4400
-28,4544	-35,3925
9,0978	-16,3864
-2,3711	11,1377
-18,3618	-55,7086
-7,6135	-18,2868
-17,6414	7,3366
-37,8255	-14,6169
-40,5791	46,1349
-28,3229	2,6190
-44,7734	21,6251
-3,7473	68,4170
-4,3379	5,4375
7,9175	42,8592
-17,1829	82,3107
13,6848	0,7196
-39,9237	97,0574
22,1389	52,1641
-42,6103	19,7909
-2,7643	83,8842
1,6272	44,5625
18,5349	45,2838
-3,4841	77,7232
28,6276	-2,4922
6,8704	58,0629
-0,4048	29,0295
31,8391	-13,1745
-14,5609	61,8633
20,9599	-10,0955
-29,8313	-5,1795
-18,7552	38,8597
-49,3612	-43,5188
-33,6983	11,2698
-85,2753	5,4360
-69,2851	-59,6404
-110,9655	10,7449
-80,0985	-14,2903
-97,9238	-18,5489
-65,4837	30,3402
-64,6967	-29,8870
-63,7136	-0,9198
-32,2559	-7,2776
-44,4460	-43,7151
-6,0410	-0,3965
-17,5107	-50,9250
6,8693	-59,9023
-26,2925	13,3660
0,0531	-33,9506
-58,0118	15,2021
-22,2945	52,2293
-47,6568	6,4860
29,4132	69,4006
-8,3999	44,2344
47,5676	-12,9116
27,5149	72,2842
63,8867	6,0269
47,4376	9,9597
36,5575	34,8621
27,5795	-69,8640
-13,3158	-2,2965
2,8720	-27,3979
-5,6482	-68,8155
35,8366	9,1719
17,1585	-49,8109
47,4368	-49,0235
13,8822	9,0404
40,2278	-82,9060
7,4603	-11,0128
61,2646	-21,4994
14,9316	-30,5422
71,5543	-2,0342
55,8260	-13,7649
70,5714	6,4207
55,4331	80,3448
41,8011	7,6651
63,8216	25,8849
31,9702	13,1697
51,7622	-44,1734
20,6316	23,1971
28,2342	-21,8263
-14,4302	-5,9001
15,7166	60,4870
0,3155	8,3206
9,0976	24,0501
-4,2058	53,9990
22,2704	-23,0055
-18,5579	28,8991
4,7720	-31,9849
-37,6290	-61,0164
-31,9286	16,5774
-27,4057	-27,2013
-10,3020	-31,5253
-15,4784	39,0559
-14,4957	-45,2226
42,9140	19,7896
-9,3185	38,6631
41,8001	-26,0858
-2,5021	21,0346
62,3786	-9,8992
6,9350	-35,8508
18,2731	-10,6856
-20,7208	-27,7904
1,7572	-6,4249
-51,6542	10,2203
-24,9160	-27,0032
-54,1448	42,5300
-46,1497	-11,7346
-19,3452	-46,4677
-54,8012	-10,8823
-31,8627	-41,4876
-54,5385	-18,2872
4,7715	34,2063
-27,7997	-61,8686
21,3527	22,8700
-12,0706	-1,5108
16,0444	-66,0626
-46,8040	0,9799
29,6104	-54,1362
-32,5832	-35,4577
0,1193	14,2178
-13,9054	-33,0329
-10,9568	36,8290
-2,8297	32,5031
-21,1802	-15,9927
42,4557	30,6685
-9,7117	-23,0065
40,4243	-57,3464
37,4090	-22,8753
62,9028	-78,9744
29,6109	-39,9149
72,2754	-37,8185
50,7795	-99,0280
44,6190	4,1255
17,4216	-22,6791
6,7383	-37,3579
-32,0584	35,7139
-16,6584	-43,9119
-23,4082	13,2363
-18,9520	67,1716
17,7485	16,3825
-7,1553	91,8145
47,9612	70,1867
38,1958	8,0599
66,6388	75,5610
19,9114	-14,8137
51,1064	-15,0751
-10,1040	6,1570
28,4964	-69,3400
-24,9156	1,5698
-6,1723	-33,3619
-28,0609	-54,9870
8,8352	59,3725
-2,8949	9,3028
10,7362	-6,3594
40,3591	24,3113
19,3869	-21,8260
65,5905	39,3195
30,5283	31,7817
63,8214	-24,3155
49,4687	50,3952
98,3584	16,7088
46,7813	-33,4908
54,3182	5,8297
17,3557	-59,1165
22,4670	-39,4553
-14,7565	-42,9958
34,9189	-78,1876
3,3316	-23,1381
68,1464	-67,1125
67,9502	-79,4977
67,3602	-2,2318
78,6330	-66,1947
61,7897	-29,7561
81,1235	9,4338
71,0305	-23,9237
119,9858	41,1543
31,3152	38,9257
68,5397	19,0697
-22,0318	97,8433
-12,0049	77,3962
-38,2854	85,9163
-44,8393	84,5396
-74,3956	24,8367
-60,8300	79,1004
-80,4245	65,4023
-53,7522	8,0593
-36,5154	89,9131
-31,4044	-3,9345
-19,4101	24,1815
10,8015	76,8058
42,7175	-1,5752
-1,7809	29,9483
51,5658	26,9981
33,3462	-47,1224
62,7067	45,2833
20,3704	-12,4551
61,5925	-24,5778
20,3049	23,1314
48,0264	-30,6736
10,7372	-26,4137
-1,7154	-13,7004
0,5134	-93,7194
-9,5149	-46,4683
-28,5849	-93,6549
-21,5737	-83,1682
-9,9734	-17,4369
-34,2879	-89,7224
-8,5319	-50,0068
-33,7636	-2,6910
-0,8648	-86,4454
-71,3809	-52,3663
-6,7626	-65,4744
-47,7878	-102,7632
3,5267	2,7491
-33,4349	-51,7770
15,2578	-45,1567
-15,6089	20,1166
-17,2480	-25,4964
5,4941	-7,6699
-4,2064	19,0022
33,0192	-73,7960
21,3530	37,4182
48,6166	-40,8325
9,2287	-36,3093
49,4680	39,7115
-3,4200	-19,6635
29,7415	20,2484
-17,8373	29,0949
43,0460	-37,2267
25,1547	35,6490
55,2355	-41,8809
4,6424	-66,5211
30,4626	16,0529
-11,1524	-34,8029
-25,7020	-35,3261
-8,4656	26,7356
13,0295	-40,7662
17,2900	16,6438
7,4593	-1,5763
47,9610	-34,0811
-8,2698	46,6588
17,8141	-11,0787
-23,0805	6,4861
19,5830	35,9768
-21,1798	-0,9198
17,6171	40,2372
-10,9559	35,4520
20,3043	-45,5496
-24,8492	28,7672
-4,8615	-63,6389
-9,6453	-38,8650
-15,1511	30,1429
-21,4422	-42,7324
-26,2269	27,7850
2,4128	24,4416
-21,2465	-18,4179
-6,7625	26,6704
-42,0865	-7,0809
-3,5511	1,9642
-26,5543	58,6519
24,5638	6,8791
-29,5027	34,6666
24,7614	49,4113
25,8759	-31,3940
43,3079	18,8718
38,4594	-12,0621
52,4175	-44,0424
48,5513	24,5077
13,2917	-14,3554
-4,9269	-5,9001
-50,4097	28,6360
-39,0717	-43,7806
-65,3523	16,2502
-9,0566	-21,7614
-37,6306	-60,8851
6,4105	14,1529
7,8527	-47,3204
58,1843	-74,7137
31,5123	-19,5992
101,2420	-105,0583
30,8567	-82,0549
52,2215	-85,3328
35,1826	-119,4101
53,7284	-23,4658
50,8455	-48,8937
45,0121	-38,8653
57,2020	16,3807
25,2198	-32,7048
39,9655	17,4307
3,8548	43,7750
29,6107	-36,1776
-4,0748	55,6376
70,3740	-19,1396
10,9985	-41,8798
42,2593	24,1799
14,0136	-19,7291
27,7104	35,2565
36,4272	86,3080
62,3786	0,9155
20,5674	60,6191
5,6245	27,2602
25,0892	-24,5774
-25,6369	68,3515
-12,7258	15,0054
-41,8900	32,5048
15,4542	90,7002
-44,2493	58,1945
23,4500	83,8193
18,8625	65,1408
38,4579	3,8653
13,2276	55,2447
62,9689	-1,9033
6,3464	-18,4180
42,7840	1,7004
35,8372	-57,3474
22,4673	-36,6377
22,8612	-49,0907
42,1280	-105,9089
44,9465	-6,1637
-0,0115	-41,6849
52,9420	-51,6447
12,9642	36,1726
-7,8105	-28,5112
-36,1877	-8,5873
-9,6464	37,4179
-55,7834	-29,1005
-14,2339	17,2992
-78,2615	15,7252
-9,5802	-51,4483
-2,8297	0,8490
8,1144	-49,8107
18,1426	-37,6861
69,7189	0,9137
60,6097	-81,9889
40,7524	-8,5226
59,6927	-19,4678
19,7802	-29,1657
50,8449	34,5346
12,7675	-29,1010
45,9950	-56,6250
2,6099	10,0237
47,8296	-97,6524
-20,6552	-58,0680
32,4944	-67,5068
-31,2723	-110,3660
-21,3111	-41,8159
-38,7438	-63,1808
-65,8765	-69,0779
-73,4782	8,2541
-58,2090	-38,8004
-28,1935	10,4838
-62,6654	71,7591
-23,8017	-2,0990
-18,6248	89,7172
-1,2574	57,7348
-8,9907	-3,0816
21,3524	30,4721
-23,3429	-43,1906
-4,8613	-6,6865
-16,5261	35,7792
21,3529	-40,5037
9,4261	36,6978
27,8412	14,6769
23,7790	-22,8737
33,2812	66,5164
33,1504	15,8569
2,8062	17,6274
-6,8930	64,8123
-52,7035	-17,8282
-30,2904	47,7085
-87,2415	47,1828
-37,1062	-14,0262
-61,8789	72,8085
-33,6983	33,6835
-72,4295	45,0872
-22,2948	71,1046
-87,8304	25,8196
-57,5530	76,9374
-64,8273	36,1076
-78,2632	-25,6265
-95,6292	38,5325
-86,7831	-18,2876
-92,3533	-25,6267
-85,6691	12,8421
-62,0758	-27,3964
-83,7687	22,6077
-37,9582	56,1613
-72,1026	-7,2106
-4,6655	87,5542
-27,6685	47,9701
5,0998	19,7252
-13,9706	80,6074
21,7460	32,2414
-24,1938	20,1840
7,0008	98,6292
6,4770	3,2095
16,4375	80,9357
13,0301	77,3299
-19,0831	19,1351
7,0009	78,1825
-4,2069	22,6073
-5,7795	3,7995
-47,7883	37,4186
-25,5061	-1,5752
-38,2201	23,1979
-5,0587	44,1687
-16,5927	3,3403
20,1731	54,4580
-3,0262	-6,7533
15,7823	-42,0105
-5,8439	-3,2800
0,2504	-54,2675
15,9145	-77,3354
31,9701	-22,6794
69,3919	-96,4722
49,0750	-1,0516
59,6926	-34,6063
41,9317	-26,7407
46,5191	60,9458
-2,8297	-5,6390
42,5867	-4,5239
-36,9743	31,7817
20,9595	-59,1818
-48,6398	-12,6513
-15,7408	-55,2503
-48,4430	-74,1234
-16,6586	33,2896
-58,9288	-14,8800
-52,1133	-0,0017
-36,5155	46,0687
-43,7908	-32,1806
-27,7993	21,9522
-48,1163	3,7976
-12,5299	-59,6399
-66,2042	-4,8520
-31,3383	-44,2400
-24,4574	-52,4966
16,6341	-3,9357
-38,4813	-61,6728