8,2980	-87,2571
-68,5110	-121,1394
-46,8185	-99,5776
-111,3722	-104,5585
-59,5330	-90,4028
-113,0762	-90,9924
-43,0835	-109,0801
-87,2546	-86,5354
-35,0876	-79,7859
-41,9688	-111,3737
-31,5491	-80,2441
-57,6320	-73,6254
-61,1063	-62,5496
-88,3691	-47,4763
-78,1459	-91,5155
-78,0799	-9,1367
-91,2528	-4,2219
-59,0085	-34,2370
-86,0751	-59,5993
-54,9451	-35,2861
-73,1643	-55,8647
-24,9956	-78,2783
-71,9193	-102,2640
-60,1885	-81,5547
-71,5258	-66,2196
-39,5451	-84,2417
-98,1992	-50,6869
-90,9249	-20,5409
-62,0892	-57,9614
-84,6342	-53,8324
-72,5749	-65,0395
-97,7416	-93,6790
-88,8934	-117,6002
-126,5119	-159,8053
-123,0379	-117,7970
-135,4901	-107,3773
-111,2416	-112,2920
-142,6988	-100,2330
-77,2938	-93,6790
-120,7440	-73,0351
-83,3229	-78,9334
-77,9487	-94,9893
-51,9967	-77,8192
-48,9161	-66,6131
-34,0396	-130,5104
-36,4639	-110,0630
-75,1306	-94,1384
-55,0107	-118,1901
-108,6204	-85,5530
-101,2144	-118,1244
-139,6846	-79,9167
-107,5716	-54,4888
-115,1082	-72,1177
-68,5773	-87,1251
-83,5194	-83,9795
-57,2396	-85,1596
-90,2693	-117,7969
-59,4025	-179,4659
-85,6821	-118,4521
-62,9416	-125,1379
-68,5772	-145,0599
-60,3201	-123,4991
-67,9215	-142,6357
-68,5771	-180,9745
-54,9455	-201,2250
-102,1974	-231,9618
-96,8232	-220,4278
-135,1622	-214,2681
-88,1073	-250,9679
-126,5768	-207,6479
-62,0892	-147,5523
-72,3125	-217,0199
-31,2215	-203,9772
-75,9819	-155,1541
-38,6272	-196,5070
-76,8342	-204,6337
-64,7767	-216,0365
-118,0572	-164,8530
-152,7921	-175,0111
-161,7703	-163,2795
-176,5167	-158,6919
-163,4093	-144,2081
-176,9097	-147,6165
-152,6606	-178,0248
-139,7500	-180,9741
-124,4145	-186,3481
-158,3618	-180,4507
-118,5167	-236,4840
-191,4582	-245,3969
-155,2826	-253,7207
-168,4553	-265,0586
-154,3000	-279,1491
-127,8228	-300,7761
-109,7354	-293,3048
-108,4233	-276,2660
-106,7202	-304,6430
-98,2649	-304,7078
-116,8126	-262,3061
-145,7792	-258,4394
-183,1352	-248,8054
-184,1838	-234,4526
-214,1995	-207,9108
-166,4894	-239,8920
-177,3680	-234,7804
-124,0873	-247,8219
-140,5362	-240,8100
-110,3901	-252,0822
-144,7309	-258,7664
-160,1982	-212,9572
-181,3659	-224,2292
-186,5443	-224,9500
-174,0917	-267,2206
-226,7178	-254,0479
-186,2160	-245,6597
-250,5731	-277,5104
-213,0858	-292,0594
-229,0115	-300,5137
-194,0804	-304,5775
-227,7659	-320,9614
-204,6973	-342,9162
-240,1524	-330,6606
-233,0752	-291,2082
-257,1265	-317,6848
-216,4945	-308,9027
-192,6391	-318,2745
-200,0447	-327,5813
-178,0239	-359,3660
-186,8060	-342,7859
-171,7323	-337,6740
-203,0585	-343,7034
-155,2825	-340,7535
-192,8350	-299,0071
-165,8991	-294,0266
-191,2617	-355,9573
-162,0328	-331,9058
-209,2188	-345,5381
-176,6480	-373,7840
-251,4246	-352,1577
-196,8992	-396,3943
-241,0045	-354,0580
-201,5524	-366,0516
-214,3967	-386,5644
-199,9139	-407,3389
-214,0031	-388,2028
-203,7802	-422,3469
-184,5777	-392,3313
-235,3032	-435,2577
-203,3210	-418,4146
-256,2746	-398,6239
-232,8777	-480,9366
-257,3884	-433,8163
-218,4605	-446,4654
-258,5027	-464,4219
-209,4821	-442,0743
-245,5923	-467,9612
-206,7951	-459,3761
-213,5450	-476,3507
-206,1397	-547,5880
-219,7051	-523,5361
-216,8220	-496,3396
-211,7754	-506,7593
-235,8275	-479,5614
-213,5450	-461,6043
-264,3358	-441,2223
-244,0193	-446,0066
-297,1042	-469,3374
-271,7424	-478,1849
-358,5122	-496,8630
-334,5922	-527,8616
-376,5351	-519,5387
-335,8377	-497,9123
-371,3574	-519,1458
-317,6840	-492,0794
-338,5233	-535,8570
-298,4163	-498,8286
-323,1879	-453,6754
-336,8199	-512,0022
-307,8525	-553,2891
-338,3273	-534,6775
-299,6604	-547,2609
-340,8174	-568,2982
-271,6109	-578,5220
-291,9273	-568,2986
-255,3580	-570,1992
-298,2835	-584,1581
-237,4009	-576,2932
-278,6883	-562,1381
-269,9066	-546,6060
-264,4015	-577,4734
-266,3027	-572,0990
-278,8851	-545,8194
-257,7830	-543,9190
-265,0569	-588,0244
-250,2460	-549,2928
-230,3880	-567,3816
-241,7915	-628,3955
-230,5844	-639,7986
-281,5059	-623,9394
-257,3234	-633,7049
-319,7794	-641,8968
-282,3591	-661,0328
-333,3457	-633,9004
-279,3449	-582,5205
-305,6897	-599,3628
-279,6067	-576,9491
-286,2906	-555,6499
-256,4723	-542,0839
-267,6783	-545,6228
-259,3560	-570,9853
-272,3969	-574,0000
-299,1363	-585,6004
-291,9265	-633,3761
-294,7452	-604,6058
-251,6878	-584,8145
-292,3858	-606,8344
-265,1225	-603,8191
-286,8145	-583,8307
-221,8033	-555,0600
-279,9334	-545,3610
-232,8131	-558,9265
-225,8664	-534,6782
-233,8621	-535,3337
-231,4366	-539,9865
-229,7987	-545,5568
-215,2489	-527,8621
-238,1218	-521,2427
-259,0269	-486,6398
-256,6683	-505,3828
-249,6558	-483,3617
-276,4600	-434,2759
-223,8998	-465,7986
-250,7041	-473,5967
-177,1068	-464,4218
-211,1854	-458,5895
-167,8660	-482,3790
-190,0823	-491,1605
-156,9210	-469,6651
-148,7945	-460,1627
-150,3021	-445,7446
-115,8298	-449,9387
-148,7295	-417,5637
-141,3884	-429,0979
-151,0232	-441,2876
-150,0398	-442,8600
-221,2775	-423,9861
-139,3572	-429,0328
-176,9099	-459,4405
-120,7448	-413,3689
-149,3183	-387,0892
-93,3505	-411,6647
-128,0192	-374,7019
-135,8184	-373,3256
-160,1322	-346,1934
-148,9918	-315,1950
-169,1111	-364,5434
-172,1260	-342,8504
-157,5764	-325,6806
-196,6364	-355,1722
-165,1129	-375,6192
-209,5468	-379,8142
-175,4021	-401,0479
-190,0827	-416,9080
-165,4404	-449,5449
-145,5175	-417,1699
-106,3272	-391,1524
-149,5147	-424,5751
-97,2173	-356,4174
-146,7622	-356,2866
-104,5575	-343,0478
-145,3209	-353,2059
-143,9450	-355,1714
-157,7727	-296,6482
-158,1665	-290,3569
-134,9008	-332,4961
-174,9437	-312,5072
-176,0575	-307,4614
-208,4323	-311,5244
-170,6840	-318,2090
-225,2755	-302,5455
-158,4283	-262,0444
-175,7954	-262,5687
-145,5832	-282,0977
-153,9712	-264,2720
-138,1778	-259,1607
-166,8821	-306,5431
-140,3408	-311,3274
-170,3566	-317,6191
-179,0727	-340,3605
-154,8241	-321,8140
-157,0525	-359,8250
-96,6930	-345,3410
-112,0283	-280,8544
-69,7566	-334,3966
-91,4492	-290,5522
-74,4097	-272,0713
-123,3650	-250,7719
-84,1747	-231,5043
-102,1975	-257,3904
-64,5800	-222,1319
-116,5498	-210,5979
-83,5853	-235,0427
-84,1091	-251,8195
-77,6875	-242,8413
-74,2786	-232,4871
-85,7483	-233,4046
-71,6571	-257,8496
-84,8306	-248,0844
-74,9336	-238,9093
-106,7848	-235,1741
-96,5607	-241,6615
-126,8389	-214,7266
-88,7624	-241,0722
-147,6796	-233,1423
-103,9672	-274,6266
-151,9397	-255,3589
-114,9120	-250,9683
-104,3605	-265,8446
-90,8602	-221,1486
-79,3904	-176,0603
-31,5497	-174,0281
-47,8673	-146,1093
-43,8044	-168,9156
-44,3938	-149,8445
-73,6235	-174,4210
-99,5098	-199,9142
-128,9359	-215,7086
-86,7312	-193,4921
-159,2795	-244,6763
-119,6954	-241,5302
-116,8773	-216,5617
-65,4315	-217,4135
-64,2515	-201,4227
-34,6950	-217,6751
-50,1612	-168,8504
-75,5241	-134,5096
-69,3635	-172,5857
-109,5381	-153,8418
-102,9182	-110,8506
-113,4050	-151,4171
-122,5791	-132,3456
-109,7343	-118,3211
-78,1461	-102,6580
-122,1201	-107,8357
-52,3894	-135,6883
-103,9009	-141,0624
-53,6347	-142,2425
-76,8347	-169,3743
-90,3354	-143,8806
-108,0297	-150,5001
-94,2679	-163,4104
-119,3676	-138,0486
-86,6657	-181,9576
-91,3837	-174,2896
-90,6631	-141,3255
-61,1056	-154,3670
-81,8810	-162,2962
-52,0613	-143,6841
-85,2884	-133,3294
-26,5020	-149,4517
-35,8087	-169,5710
-24,9293	-159,1506
-46,6216	-131,8881
-14,5751	-172,1923
-54,4860	-158,1015
-21,1946	-124,2194
-48,5881	-105,4106
-52,2585	-87,6504
-34,4323	-105,2790
-62,0892	-92,8268
-53,0446	-41,4472
-48,9823	-86,6673
-71,0671	-97,0215
-68,7080	-75,9193
-55,3385	-101,4784
-83,5189	-96,6936
-34,4982	-81,4239
-96,1020	-56,8477
-26,9612	-46,8863
-71,9188	-64,1873
-16,0166	-23,6204
-38,3639	-27,4217
10,4602	-51,9323
-5,2683	-51,9976
0,3675	-95,2518
-4,2853	-100,1013
-17,7205	-96,9567
2,8580	-152,6622
-46,4910	-162,2303
11,5742	-123,5648
-55,4040	-147,6166
-18,8997	-156,3979
-37,5121	-124,3510
-1,8603	-127,8245
-14,0494	-121,2053
61,3818	-165,7696
4,6284	-159,0191
37,4614	-136,7377
-2,0566	-173,3065
-0,4846	-170,8160
-23,1598	-136,6719
-65,4969	-151,2211
-55,8623	-133,0013
-83,5855	-134,7709
-101,5416	-88,3057
-99,3139	-69,1691
-78,9976	-94,9896
-94,8573	-50,3590
-26,5024	-44,9202
-63,3339	-61,9595
-19,4900	-86,2734
-63,5302	-112,2259
-38,7577	-89,0920
-56,0594	-81,3592
-34,4328	-96,4973
-43,2798	-57,5683
-17,9833	-2,7149
-39,5439	-57,8303
-45,4427	-27,0277
-38,9539	-25,4553
-56,3872	-29,7153
-20,1450	-38,4317
-33,9737	-78,8672
8,2320	-82,9304
-31,3513	-58,2243
26,7140	-108,8836
0,5652	-112,5533
43,2292	-69,6273
25,7310	-50,6875
43,7530	-50,0974
-21,8479	-41,5117
64,9212	-9,6610
10,6574	-18,3120
31,1043	-16,1486
3,3174	1,4802
-8,8728	-1,2067
-1,3360	-14,9691
-21,7184	-8,2189
-30,6961	-36,0717
-55,1416	-15,7557
-18,4410	-49,4418
-82,2076	-70,1512
-12,6739	-99,5112
-43,6725	-42,2991
-6,8414	-93,5482
-22,1110	-95,7761
6,9213	-86,7321
-8,0205	-54,0952
10,6570	-51,9325
2,3997	-56,7161
-18,5068	-27,5526
-17,1301	-8,3506
-27,6821	-51,6043
-12,4118	-57,8298
-46,0977	-36,7276
-43,2135	-25,7835
-33,1214	-45,5101
-26,3057	-91,1878
-65,4306	-57,8956
-19,3591	-53,5058
-67,5934	-104,5582
-11,4294	-130,7067
-43,7384	-104,6895
-3,8930	-109,2118
-31,5482	-104,6894
1,2850	-93,6795
15,1136	-75,9839
17,0137	-28,9944
4,1694	-23,2925
-9,7905	3,5777
-16,9339	28,2847
-62,6784	-1,9277
-38,8233	-8,1533
-68,3804	-35,0230
-34,3667	11,8347
-34,3664	-14,7733
44,2111	-51,2106
-6,6440	-26,5692
72,5238	-16,8048
94,0199	-46,6892
90,4154	-55,9297
111,8466	-35,3515
106,2751	-29,6501
98,3461	-19,5570
85,9590	-46,2300
84,1900	-5,7938
41,1979	11,2448
69,9682	-55,6019
-3,3017	-50,2932
6,2668	-37,5801
-38,3637	-79,7195
15,3756	-65,7603
-36,5946	-78,2122
23,5675	-64,7774
-14,9018	-61,5665
42,4420	-87,1252
51,6832	-65,0394
43,6876	-41,7743
86,9422	-40,3981
77,7661	-34,6305
61,0551	-50,5556
14,3275	-18,7052
25,5345	-27,4220
-18,7687	-67,7260
-8,5449	-51,8663
-69,3625	-8,6128
-2,3847	-33,4510
-47,6047	-57,7641
6,2658	-53,5044
-25,1911	-53,6363
19,4388	-71,9207
9,0191	-72,7072
45,7188	-72,0519
45,5229	-41,9058
42,7697	-65,6298
29,7286	-86,2732
4,4965	-71,1343
2,2683	-66,5467
-49,0467	-50,2937
-28,5336	-33,1232
-49,5712	-26,3726
-20,9320	7,9679
-82,9942	-32,5985
-3,9580	-17,8523
-69,3628	-3,6313
-17,1307	0,3659
-42,8207	-2,3210
-22,2431	-26,0447
-71,3941	-1,4035
-8,8734	-2,3212
-24,0773	-44,5263
-17,0655	-40,6588
-19,0963	-19,7534
-36,2017	-27,0281
2,1373	-47,6717
-27,8783	-57,3712
6,7907	-42,6259
0,2373	-49,0489
48,0784	-81,6860
6,1357	-73,4939
46,1781	-75,2639
25,6653	-87,9121
36,5438	-91,5816
-5,5955	-50,3598
1,1539	-67,9231
-32,5968	-40,7910
-33,9083	-46,3614
-26,6990	-37,0550
-61,3683	9,9342
-39,4131	-17,1324
-76,5725	-31,4188
-38,2991	-50,4243
-74,4756	-34,0405
-58,6152	-40,5946
-76,1788	-66,0879
-36,9888	-46,2962
-104,2284	-33,0583
-39,3481	-76,6396
-93,6773	-58,1581
-31,8765	-55,8647
-23,5530	-62,6801
20,2903	-36,1381
5,8733	-65,8912
21,4047	-36,4651
21,0778	-6,1879
31,9559	-35,0888
40,2795	-20,6052
8,6255	-4,2871
30,6461	-44,1330
5,2179	-45,7057
44,8019	-37,1211
27,6971	-73,6249
61,6449	-71,5282
38,2489	-128,7412
78,8153	-129,2000
24,8136	-113,7343
10,3297	-140,9970
-9,9211	-123,7604
-23,1605	-101,1506
-48,6536	-59,9933
-65,3657	-41,1844
-38,6921	-43,1500
-58,4846	-26,7659
-24,0121	-16,9358
-73,0336	-19,0323
-30,3689	9,3451
-61,3678	59,2182
3,1200	66,0995
-48,5220	58,3010
30,3180	54,4349
-19,4894	74,0298
11,9678	73,7677
-17,9820	62,8887
8,3629	33,2012
22,8468	42,9658
7,1180	18,7826
46,1127	-0,2890
29,6624	-17,3943
47,8169	-84,5692
36,9372	-78,2780
42,1807	-110,5222
1,2208	-105,4758
32,6127	-81,1623
-5,0708	-89,4193
47,5543	-59,4037
14,4588	-63,8603
66,8220	-70,0859
17,4739	-78,0816
79,7983	-102,7230
22,8471	-95,3829
12,4267	-51,6707
29,1382	-89,1571
1,4158	-55,9297
23,1748	-37,7763
24,8786	-37,5796
71,4752	-33,6474
14,7862	-52,2598
29,0737	-53,3082
-16,9988	-33,6482
14,1306	-61,6971
-63,0707	-57,1094
-10,4456	-22,7684
-30,3687	0,9553
-20,4073	-39,0214
-27,8123	-67,1360
6,5278	-50,2933
11,5745	-37,4493
14,8508	-65,9573
8,9535	-72,9036
0,4989	-45,6411
12,7546	-70,2825
-10,1836	-73,6904
-12,2803	-92,9581
-56,7798	-64,0569
-32,0725	-68,5136
-82,4703	-103,8371
-64,9070	-75,1977
-89,1553	-60,5179
-67,0043	-97,6108
-57,8290	-38,3006
-35,8093	-4,8118
-59,9257	-5,5978
-53,5034	12,6872
-41,2477	22,1899
-57,2394	13,4741
-60,9743	23,8283
-63,6621	-15,1002
-50,2269	-30,4354
-106,5881	1,2176
-70,0838	-42,8881
-94,0049	-49,8351
-67,5285	-65,1047
-134,5719	-34,3685
-84,0437	-31,5507
-115,1735	-60,5828
-73,8205	-44,4607
-80,1771	-12,2829
-47,8683	-18,1810
-60,9747	-9,3991
-42,5597	-21,2609
-36,6606	-3,2384
-31,1560	-17,8529
-5,2026	-42,2979
-34,3013	-23,0303
1,3509	-23,5554
-44,2627	-33,0579
-25,2569	-38,1041
-59,2048	-37,3831
-37,7748	-33,6474
-78,1443	-38,3004
-8,7426	-59,5995
-74,3438	-14,5106
-38,4957	-42,9541
-38,9544	-75,5903
-37,8408	-61,8934
-33,2525	-50,7524
-6,3177	-32,5335
-0,6806	-41,3809
1,1543	-62,4831
30,7775	-61,3689
-3,3020	-17,5259
-11,9526	-46,1650
-63,0054	-23,6200
-48,0635	4,9535
-49,7023	1,2182
-29,9106	16,6848
-51,6680	-12,4130
14,9165	-7,3673
-5,7268	-24,8658
25,9270	-68,9056
17,0805	-51,8663
63,4137	-24,5385
40,4113	-90,8604
38,7723	-63,9906
45,9815	-55,8645
-0,9428	-59,2727
9,9367	-65,1713
-31,8103	-129,9204
2,3994	-125,9882
-72,7710	-86,9294
-65,0374	-114,3234
-121,7268	-86,5357
-66,8734	-44,3304
-121,8584	-12,7418
-70,8056	-26,3073
-73,7543	-50,9481
-12,1507	-3,2379
-30,1725	-11,5621
-18,4418	-63,9252
-22,6353	-78,1466
-5,7933	-52,9808
-8,7421	-37,4493
-21,0627	-44,1335
39,1653	-53,2424
-3,8916	10,3930
38,5106	2,5281
-19,0957	-37,4482
7,1838	-27,2244
-59,7287	-9,3992
-35,2187	-26,9627
-68,6421	-19,9505
-37,1853	-35,8756
-53,8311	-30,4358
-17,8522	12,4245
-41,2478	-23,2926
-35,3500	-18,3110
-21,4558	18,0606
-51,3411	-18,3772
-33,6455	-11,4957
-50,2923	-5,2699
-14,5746	-6,8426
-39,4783	37,1978
28,6795	-6,1217
-29,2543	-8,6769
4,3659	48,0108
-13,7222	-14,7072
-0,9433	-16,9346
-23,2905	6,0680
-9,1355	-0,2889
-14,6398	15,1120
-12,4777	-7,0393
5,8075	21,6658
-10,1182	5,0191
32,6771	-24,9303
-1,2054	-4,7455
-3,1709	-13,8552
-38,1674	-15,8871
-13,8536	-28,2075
-72,5085	-3,3696
-30,1070	-10,6442
-91,4487	-17,0665
-37,4470	-51,1454
-41,6410	-66,3492
-14,7065	-65,4984
-40,5265	-111,6361
-25,3231	-132,0836
-38,8886	-150,1062
-20,1455	-111,3089
-18,3755	-99,5782
-0,4844	-126,4477
21,0777	-104,1647
18,3908	-71,5936
65,6427	-90,0742
19,8988	-48,0652
83,4690	3,5116
49,8487	14,0629
88,5151	7,5749
46,1134	-38,4308
85,3687	-28,7313
14,2625	3,4463
-1,0739	-32,9259
-41,7062	3,1846
-39,9381	-3,0416
-70,8049	0,6285
-77,4249	-13,8551
-74,2130	-32,0087
-92,3671	-16,8699
-53,5692	-28,7321
-88,2378	-30,8289
-26,0432	-4,8769
-29,6478	-30,4362
29,9253	-40,0700
13,2136	-51,3424
60,1372	-81,6202
28,1560	-62,2868
38,7722	-28,7984
-2,0561	-50,8838
32,2181	-29,7152
1,2855	-15,1013
-11,1670	-56,8473
4,3657	-46,6891
-24,9952	-34,6962
11,0504	-46,7547
-26,6340	-20,2778
-41,4446	-2,3208
-76,1790	5,4784
-47,0813	26,0563
-97,0199	2,7915
-64,7755	8,6243
-88,7617	-1,9924
-19,2281	25,9911
-40,8547	14,1288
-16,4753	-30,8942
-19,2276	-22,3090
-14,3128	-7,3020
-41,7718	-27,2903
-28,9930	6,5269
-20,2109	49,8461
-47,8019	60,0048
-28,2062	61,9711
-75,7199	69,5736
-23,8805	71,4080
-48,3914	50,2396
-23,2255	-15,2309
-65,2992	4,8233
-5,5961	-6,1877
-18,9653	-22,5716
-11,9534	-28,6664
-2,5811	-28,7975
12,6880	-12,3476
16,5552	11,1137
6,3966	-38,8898
12,1647	-17,1974
-5,6616	1,9387
21,0775	-41,3806
-30,3690	-25,7172
-34,4967	-44,3957
-42,7552	-74,0833
-32,9904	-64,7120
-79,4554	-93,9412
-38,8885	-74,8045
-60,8432	-49,5076
-4,1545	-39,8083
-6,5790	-50,4899
39,7546	-16,0175
7,7083	36,4110
31,0388	13,6700
20,4880	-1,0096
27,5650	5,0853
19,0459	37,8528
-8,3485	-17,0006
17,9321	0,5634
-20,4726	-9,8574
16,9488	-30,3699
-34,4971	-1,9276
8,4287	-64,3181
-71,6563	-6,5150
-16,3441	11,8996
-61,5641	-52,6526
-41,2486	-13,0028
-84,2396	12,7523
-31,5493	-17,0008
-49,4399	14,3258
-11,2326	10,7868
19,7016	6,1337
32,6771	29,9235
60,3998	28,2197
35,2336	30,2517
72,7206	84,3187
6,6599	61,3158
39,1004	84,3844
-28,9922	71,4086
-6,3165	78,9451
-19,0960	69,5731
34,9708	22,6494
2,5968	22,6492
44,0807	15,4392
23,7651	-22,1784
50,3065	-40,9872
10,8541	-26,3076
14,5889	-47,9347
-24,3391	-79,5883
-40,9202	-64,5148
-45,3110	-21,0645
-49,5708	-14,9045
2,9893	-58,8786
5,8072	-45,3123
44,3433	-20,8026
45,2608	-45,1166
79,8645	-62,4837
83,1412	-71,0688
101,5568	-72,1830
82,1584	-54,4234
91,3327	-91,1886
42,1156	-71,3310
26,7796	-30,6988
48,4065	-61,1073
5,0861	-25,6516
5,5456	10,0652
-16,5409	23,8936
-31,0241	15,6364
-58,6806	1,6777
-57,6322	25,0742
-118,3843	36,4768
-74,0166	-10,1845
-120,1541	-7,4320
-64,3830	2,9877
-85,0266	-20,1471
-36,7263	-59,2723
-42,6241	-92,1712
0,1052	-73,5597
-12,4771	-87,6502
-4,1548	-106,1311
-4,6784	-105,9338
-17,9826	-52,8499
27,3686	-45,6405
-18,3101	-5,8597
27,5003	-2,3208
-41,1820	39,0984
-10,2481	29,7261
-35,4803	-9,6604
-15,2297	-20,2771
-37,5118	-7,1704
0,8262	-18,8355
-25,0598	16,0951
4,4311	-6,9740
-3,4981	-16,9349
49,5199	-15,1660
50,4376	-26,9622
19,1768	-23,2270
34,7098	10,8516
21,3392	-30,7639
2,5311	-40,5939
-13,0669	-52,1287
19,8976	-61,8938
-43,0171	-85,7492
-7,5617	-83,6520
-21,1279	-90,2710
38,3784	-46,0998
-26,5019	-59,1416
4,5622	-48,5896
12,4923	-24,9311
8,6251	-44,6577
-8,4791	-37,1208
22,8462	-68,7748
3,1857	-23,4238
-19,7523	-30,3712
-26,4362	-53,2424
-28,2716	-38,5623
-5,2029	-18,4432
-50,3571	-46,2961
-19,6863	-49,7693
-57,2386	-73,2966
-11,9532	-21,7201
-59,6633	-66,0882
-8,1522	-68,6434
-25,6501	-27,9455
3,5130	-1,9937
-2,7777	-46,3608
4,1032	-2,9763
47,6857	-38,1688
54,1075	7,1819
99,3282	-2,3865
69,1160	-12,0199
110,7320	4,7574
66,1015	21,0099
92,3822	-13,4620
55,5503	-29,1903
40,9361	4,6913
19,0467	-29,9774
47,6852	-23,3583
-49,6353	-45,7061
25,9925	-33,5818
-13,9191	-11,4310
11,7707	-66,6775
6,5942	-50,0966
20,8151	-30,1743
53,3872	-44,4612
31,4979	-67,5299
58,2370	-100,7565
19,4394	-60,3864
38,5761	-27,2911
-9,1344	-42,1017
29,4010	-11,1677
-24,8631	47,7490
37,6583	37,3292
-3,1049	46,2422
44,6051	36,6084
51,5522	34,5111
63,5450	43,8170
73,6381	17,9960
88,1867	12,4910
56,6647	34,4457
64,2005	11,9663
36,3484	-9,1360
26,9101	-10,9712
50,4381	27,6290
8,7565	-9,6611
32,8091	-48,5888
-30,6955	-12,0200
43,1637	1,8075
-34,3663	-58,7481
-16,9335	-73,4930
-42,4273	-46,7552
-19,8179	-56,9134
-38,2333	-60,7797
-20,8008	-72,9038
-17,2614	-33,5164
15,5716	-11,8900
6,0038	-67,9881
-0,0259	-23,2925
9,8709	-19,6889
13,3437	-75,5253
29,0069	-74,0832
-28,5334	-72,7074
5,8075	-66,7438
-24,9291	-57,9623
-7,2344	-109,1453
-21,2588	-55,2742
23,1745	-55,1442
11,2473	-68,7751
24,6818	-77,5569
5,8082	-47,4104
34,2499	-32,9926
-0,6149	-34,7616
-14,3127	-46,0333
0,0401	9,9346
-15,6897	7,5094
-41,0508	-6,1873
-13,0017	-8,1528
6,0698	20,5515
-27,8129	-0,6818
-24,7977	17,5370
-64,5786	9,6075
-36,6604	52,2056
-96,7571	34,9042
-33,1874	26,3846
-79,7834	10,9839
-44,8528	18,1268
-57,8287	-13,9862
-52,2587	-24,0785
-47,1462	-39,6759
-43,6735	8,5584
-40,2650	15,2429
-46,6220	-29,6490
-27,0921	-5,1379
-62,0229	53,5817
-40,7891	29,3990
-97,4125	36,2809
-62,3510	40,6719
-102,3281	32,2834
-64,7105	65,5100
-67,2661	35,1665
-22,7672	28,8100
-23,2903	42,1132
41,5898	44,6690
23,4374	8,8209
69,7711	10,1972
61,5139	60,7249
47,7511	22,2551
60,7932	-19,6219
19,8982	-6,1870
49,3240	-6,1875
-8,0204	-32,3365
28,0904	-43,1502
-8,6102	-36,5964
15,7041	-27,0940
10,2645	-29,1252
63,0860	-22,0471
9,8057	-24,7997
29,5321	-5,2704
20,8162	-60,6480
50,6341	-21,5229
21,9952	-16,1495
-12,3464	-18,5739
-10,6419	-44,8538
-44,7871	-51,5382
-1,2706	-47,6720
-26,3718	-44,5269
-21,0624	-84,8312
-32,4002	-70,2820
4,8245	-11,2345
-2,1877	-40,0047
26,4515	-11,8238
33,2024	-27,7490
83,4678	-25,5208
26,7148	-35,7445
62,6276	-44,6572
23,9620	-46,2959
41,1315	-26,7662
21,7984	-56,0608
29,0068	-44,4603
20,0944	-15,1008
-4,2854	-27,3558
14,5244	-44,5918
-8,6762	-80,5051
3,7761	-29,3871
-61,4981	-7,1061
-9,5283	-82,8652
-61,7607	-47,2137
0,9568	-54,7510
-27,8126	-111,8982
36,1505	-113,4707
39,8870	-110,3910
81,8954	-101,4126
71,2792	-80,8999
75,6039	-88,4360
64,3977	-36,2034
15,3104	5,0845
24,8134	-2,0585
-15,2955	27,1712
-12,3458	52,2055
-51,8645	27,3019
-24,0115	50,4364
-60,1876	18,3233
-54,7483	23,4359
-65,7580	45,5867
-28,5346	36,7396
-55,2725	33,7250
-34,0394	58,9560
-54,4204	19,8306
-11,8225	4,3644
1,5475	-20,0807
24,8777	6,4612
36,1509	14,3253
42,7040	12,1630
46,7027	24,4180
25,3381	1,9392
63,6108	-1,7963
4,3663	-23,6857
48,5376	-40,2010
8,8227	-45,3783
25,4686	-20,0819
10,5264	-48,1309
3,3166	-27,8144
-46,6871	-3,1730
-20,8011	3,9706
-50,8164	16,2263
-33,2532	31,2341
-37,1196	33,3314
-50,0960	48,4700
-57,9600	1,8742
-91,1867	5,7406
-45,9666	11,0481
-61,4339	-63,2038
-45,3116	-63,7934
-101,2138	-14,8388
-59,2055	-33,9752
-128,8048	-31,1572
-108,2926	-62,6794
-163,8671	-5,9249
-113,8639	21,0096
-141,3231	-18,7046
-116,5509	-2,9754
-116,0254	12,0972
-74,3450	-3,3689
-39,5447	-17,5252
-37,1201	-28,4694
-22,5696	8,3616
-10,1836	-2,3868
31,2356	-30,4355
-9,8555	12,2285
10,9197	28,4157
-20,4066	34,2487
9,4777	11,6387
-18,1783	-7,8904
11,3775	13,4744
-46,2280	27,2363
-22,7667	-7,8255
-13,2641	-28,4689
-39,1513	9,9347
-39,8715	-17,0664
-51,7995	-28,2730
-12,0844	-24,0134
-48,4572	-10,2509
-23,7494	-24,4723
-56,1243	-39,4797
-24,7979	-19,0979
-38,5606	14,5871
1,8094	-11,5618
-29,5166	-6,8429
32,5458	-19,4913
-21,9801	-11,6266
5,8071	12,6870
6,9216	-25,8481
25,3366	-5,0729
26,4516	34,7066
47,4883	-21,4573
54,1080	9,7386
33,0051	16,0296
53,1909	37,1980
15,9658	24,2874
38,3797	13,2121
10,7883	21,3383
28,4179	27,4322
-29,3196	-41,5113
15,1140	-18,5080
-7,4305	-25,8488
21,3394	-30,0431
-13,7226	-50,2932
-12,0842	-22,5714
-3,8269	-4,8768
-9,2013	10,1965
-16,8684	2,0701
-8,7423	-14,9035
-7,2344	6,0679
-19,0967	-29,9117
7,1184	-22,4402
-25,5845	-4,2217
2,9894	-2,0591
-30,8929	-14,6418
2,4649	-30,3044
-63,9225	33,9207
29,9904	21,6650
6,7902	-2,7793
0,8921	-6,3179
-8,0202	22,3212
12,1638	19,6997
-5,3989	27,9572
4,2996	40,6714
-26,8951	52,3368
-39,1512	38,5089
-30,5658	6,8551
-60,8440	21,1419
-38,6263	11,7701
-42,5584	20,1583
12,9508	0,9562
-10,2486	-8,1531
39,3619	18,4543
-12,2148	13,2115
-1,3361	-0,7477
-22,4386	-6,2524
-22,0461	10,0002
-36,2016	8,6893
-45,5083	9,1483
-33,5802	13,6705
-36,5298	78,0924
-15,8201	66,2960
-10,7742	48,6018
-12,9359	55,6798
-32,5314	57,0557
19,6356	31,7587
7,0527	32,0208
38,1172	34,6422
17,4737	41,7201
74,2933	61,9051
16,2942	40,6717
39,8867	62,2991
-12,4764	75,2089
5,1516	35,0359
-42,6240	31,4315
-64,1207	30,5134
-52,0616	12,9498
-60,1889	11,5073
-54,9455	-22,5061
-87,5824	-36,6617
-32,5319	-33,3201
-83,0604	-49,5072
-37,1843	-39,6113
-39,4784	-25,2592
-3,4993	-28,5358
-66,4135	-12,5444
-4,9412	-12,0854
-59,9258	22,6489
-48,8504	50,9600
-27,8131	8,5588
-30,1074	40,4091
21,3394	27,7602
36,3464	-9,0707
43,2291	-9,5951
37,0026	-33,1881
39,5593	-21,0638
-2,8431	-16,9355
10,8542	-24,0791
-26,3052	-28,1419
-4,8093	-15,6902
-22,1762	-8,2848
3,6441	-14,1174
-33,5141	-17,1321
-16,2135	-24,6687
-60,9088	-12,2825
-44,3288	-5,4010
-65,8895	-1,7309
-38,1030	33,6586
-24,9952	-9,4641
-39,0858	24,9430
-16,4096	52,6640
-42,6899	36,7391
-6,4478	37,6572
-27,4849	7,7069
22,5196	17,2752
-1,9254	-4,2212
50,7658	-21,4570
8,9536	-38,6932
33,3329	6,3301
-15,2292	12,4901
7,0526	-7,9568
-2,9086	-3,7626
31,6937	-4,5491
21,9948	-33,6475
12,8850	-59,0753
26,2553	-52,1286
22,5190	-21,0650
15,4417	-59,0757
-16,0160	-28,8634
36,4127	-39,0212
-35,4147	8,0336
27,6966	21,4029
-11,3626	-21,2605
47,4886	0,3014
-2,6464	32,0854
22,2570	6,1335
-0,9424	-20,6052
19,2422	-7,6289
40,2798	-29,2561
42,2454	-12,0202
43,4259	-55,0119
34,1849	-40,2658
39,8869	-8,6783
10,9198	-38,1037
53,9773	-63,3349
-0,6144	-29,9120
73,6380	-62,0903
25,7967	-80,2435
67,0847	-69,4960
41,7876	-62,0902
66,4294	-40,3328
64,9876	-52,8496
75,3418	-12,2822
24,4207	26,5149
30,5800	4,0365
-24,2733	18,7172
-15,3616	35,0354
-45,1145	35,4942
-41,7729	34,9695
-47,4085	5,6753
-57,5011	17,9959
-15,5578	17,6679
-58,9426	-9,3328
-9,0690	-3,8929
-37,5774	35,0347
11,3779	9,7380
-57,5003	5,3468
-22,6354	-12,4131
-63,4645	17,1437
-41,1174	45,6515
-59,4672	29,7922
-48,7201	48,1430
-47,3427	56,5972
-16,4759	62,2336
-2,4502	85,8262
1,4815	44,0800
13,3444	48,2088
-7,2344	48,5358
22,3228	30,3170
-35,3492	34,0527
-5,5955	55,4829
-35,4805	78,5518
-30,5653	85,8262
-53,4376	65,0517
-15,4270	72,3921
-48,3913	87,9234
-8,1528	39,5576
-54,8792	40,0820
-44,0663	21,7967
-46,0975	-14,3136
-54,6836	-23,0958
-41,3139	-12,5449
-52,7832	-37,7764
-41,4450	-43,8711
-71,1979	-58,4202
1,6787	-23,7515
-17,1302	-28,4051
44,8016	-57,5682
-5,1364	-51,6696
63,4795	-54,6190
25,2724	-51,2108
80,3880	-43,6745
80,3887	-35,3514
121,0863	-29,7808
105,9482	-0,9452
95,5274	-39,0210
83,6661	0,0387
59,5481	18,3881
78,6850	-34,3021
66,2328	-24,0130
110,0764	-60,2551
50,0457	-63,2041
82,4861	-58,5518
49,6523	-92,4990
43,0986	-51,2111
2,7937	-10,7101
11,9679	-11,5620
-43,5409	-6,5150
-17,5240	-13,2652
-37,9056	31,4307
-60,9749	13,4079
-64,9722	18,7827
-84,1751	51,5505
-73,6230	62,3636
-63,2035	10,0665
-34,9567	44,4730
-52,4547	41,8514
5,2832	48,4703
-2,7778	37,5256
37,0687	11,5737
7,8397	56,7931
24,8134	49,0592
-5,9229	-9,5293
5,4795	22,6490
-9,9867	17,6022
-21,3254	11,2455
-35,4804	-15,4929
-8,1528	0,8906
-17,6552	-13,7243
-43,6072	-17,1978
20,0285	-55,9295
-35,8738	-18,1148
2,1380	15,8980
-20,2107	-18,9667
-17,3923	-22,1777
-48,7840	-2,5172
12,6883	-28,8630
-15,2296	-23,5548
24,9437	-25,4551
-15,6879	-1,7966
49,1266	19,4373
18,5872	22,5831
35,5604	37,1982
21,4710	32,8725
27,8929	21,4039
52,7976	33,2001
36,8063	-7,2356
94,4133	-7,4322
45,9820	-20,9330
84,4519	-44,1985
31,3673	-53,1113
32,3503	-36,2690
-49,1113	-31,3539
8,1666	-18,1809
-62,4161	-12,8722
-30,5662	18,4545
-78,2103	34,1176
-18,1145	22,3868
-46,0322	-8,2836
-14,1820	-3,3036
13,4751	-29,4530
-2,4504	-75,3940
43,5567	-100,4944
24,1576	-76,7048
18,1288	-51,8672
-3,8914	-38,9562
1,8753	-39,0871
-63,9885	-8,5472
-40,5927	-22,7684
-97,4123	-50,6863
-15,9514	-26,2415
-69,1667	-9,5302
-33,6461	-12,0862
-39,5438	-19,0325
-32,9256	5,6744
-46,6872	-7,4329
-12,6092	-29,5182
-24,9947	-30,1733
3,6442	-0,1585
11,7057	-15,9526
-20,4725	-20,4090
10,7886	-27,3556
-36,5288	21,9279
16,8173	23,5002
-36,5946	14,1949
1,6785	22,7148
-41,1162	44,4722
1,3510	9,6728
-32,1376	7,5755
25,5334	7,9030
10,9846	-11,2333
13,5405	28,0223
60,2028	-19,3601
63,2168	-38,4308
68,3298	-16,0182
42,5739	-67,9885
64,6600	-85,5526
13,3447	-116,2236
-3,4321	-97,2839
-34,4968	-79,1313
8,8218	-122,1224
-66,2823	-97,2180
-10,7080	-59,4695
-23,3564	-68,5783
4,1030	-47,0822
-3,4331	-36,7928
1,6125	-9,3987
-10,1182	12,0973
-46,8190	-25,1270
-21,5869	-0,4852
-40,2003	3,2499
-19,9483	-26,9624
-26,1089	-11,6924
31,8907	-13,1347
-46,2939	-40,0044
3,2518	-28,9943
-47,8015	-43,3467
-19,2933	-18,2463
-70,5427	2,4630
-22,1117	-17,0665
-28,2064	-19,8838
-25,5195	17,5372
-17,2615	27,5642
-12,8057	35,4940
-25,9122	20,2902
-33,5805	38,3778
-17,8514	26,9092
-26,2406	9,0832
-39,7405	-4,6792
-79,7179	0,7599
-83,9124	32,6758
-122,7756	6,4618
-90,8598	17,0790
-147,2860	73,0464
-72,5748	51,4846
-54,2903	25,2708
-40,0033	45,0628
-43,9345	71,4073
6,1997	9,8036
1,8750	-13,9853
-30,1724	14,9810
-0,8114	-16,5422
-20,3421	-12,9378
-1,7949	-63,5315
-43,0174	-22,9648
-0,4188	-37,7112
-77,1615	-56,4537
6,2006	-24,7345
-54,5516	-16,4117
-5,9891	-37,0551
-29,0581	-13,3307
-19,2932	-9,3330
-35,5461	20,0271
-4,6788	48,9941
11,9679	9,5417
25,1399	32,2175
27,1728	49,5841
29,7284	5,4132
57,1886	18,8480
17,6697	-14,2479
28,2873	-20,2772
1,3513	-1,5346
-5,9234	-60,8448
-32,5967	-38,5622
-16,0163	-10,4478
-62,6125	-5,0079
-21,9802	-3,5004
-34,9563	6,8550
13,5403	45,4556
8,6258	76,9781
71,9989	32,9383
47,8827	49,3885
88,9732	96,6393
100,7705	31,8901
77,0460	52,4686
95,1346	57,7110
79,4054	36,1495
90,6782	16,8818
61,1866	-6,6459
80,8478	7,7064
37,0693	14,3906
58,7614	-31,9430
-1,7286	-19,8842
38,1169	-20,8676
-18,0473	-21,9162
26,5826	-34,3026
22,3885	-37,6449
31,4973	-24,4069
10,7888	-15,6905
29,5312	-54,6185
19,3079	-32,9912
-26,5025	1,8734
-26,9610	-6,9739
-83,5192	5,2162
-40,9208	37,9849
-113,4039	74,8159
-59,7951	104,0453
-74,7371	55,2216
-25,8474	77,7665
-45,9007	101,4897
-9,0042	62,0370
-31,3513	28,8758
6,0692	49,7156
-6,7100	14,7187
-2,4507	-22,8990
-1,9254	-15,2969
-3,9578	-4,2217
9,8712	-7,6296
-18,7691	-8,4813
-8,8073	-7,8910
-65,6275	15,5710
-47,3427	33,9207
-65,6931	29,2025
-24,9299	43,0960
-78,0790	52,4026
-10,5119	63,7399
-59,0739	40,9341
-20,6702	53,6484
-23,6843	84,5810
-6,3832	39,6885
-5,5956	44,8008
10,5909	39,4265
17,9317	37,5263
-11,3636	65,1820
-2,5810	26,5817
-27,3539	59,6772
40,4764	39,0983
4,3657	-11,2987
38,9697	6,1993
19,8987	-8,4157
62,2346	-21,3260
-23,0277	4,8886
2,8584	2,5948
-33,5801	37,1982
-60,1881	59,6110
-56,7802	22,7148
-37,1201	58,4977
-32,1388	51,0259
-27,6828	38,7713
-16,3442	51,0917
-40,5924	13,4086
8,2323	22,1255
-23,1594	84,9082
37,1996	28,2199
-2,3840	34,4461
64,1355	61,9055
19,4396	61,1193
62,9559	59,9394
44,3436	47,9466
85,6308	59,7430
29,7293	69,3105
77,5695	6,9210
32,8085	23,2398
1,0885	60,4633
-4,9405	39,2292
-35,0228	4,0368
-45,1801	3,3155
-70,1501	-0,2891
-40,0028	6,7233
-37,9715	-22,1785
-8,6759	-4,7454
-14,1805	2,9869
40,4764	-28,2076
-9,9863	-16,0832
5,9386	13,9978
-39,4778	11,9662
-2,0575	28,8095
-18,1789	38,1156
21,0110	49,2571
42,9010	59,8078
39,2302	36,4771
33,9227	9,5422
-15,2955	30,1857
8,2326	10,7212
-56,1902	-10,1851
-1,7294	-43,8705
-84,8947	-17,3942
-16,4094	-46,1654
-49,1779	-78,5394
-41,3791	-36,4001
-69,8866	-53,2430
-10,1185	-49,0483
-31,7450	-54,1604
-26,7645	-46,6238
-23,8149	-65,8912
-9,6601	-51,6047
-26,3713	-45,3131
-22,2430	-43,2813
-10,7739	-3,5010
-39,5441	-1,2725
22,1914	20,2236
-50,8159	9,1479
21,4711	-0,8785
-18,9653	10,1309
4,8901	-33,9750
-32,2032	-51,1452
2,2684	-28,4703
-5,3336	-47,4759
14,7855	-47,0169
-24,2733	-32,2712
22,8466	-17,6566
29,7281	-22,8995
1,0882	-33,5813
2,8584	-0,0927
-23,6845	17,3402
-24,4050	-12,8065
-45,0490	-14,2476
-12,0845	17,3400
-85,7466	-5,3356
-16,7372	-31,4844
-64,8407	-17,9185
-10,4459	-12,4793
-57,2383	-11,2341
3,7098	-27,0280
-20,2762	-12,4129
10,1975	22,3213
-33,7765	45,2591
-9,3977	42,3757
-13,8534	31,8244
-9,7908	40,9335
8,5600	26,3841
-28,6646	13,6048
29,8596	10,1971
-18,2440	48,4702
30,9739	27,3676
-7,7580	39,5580
31,6288	55,4829
-16,5403	71,0802
11,4436	35,0355
-5,1366	33,2006
52,5349	12,7531
53,2563	2,6604
62,0379	12,3592
70,4930	-10,4476
54,5668	-46,5580
71,9999	-26,1107
24,6818	-47,4105
34,8405	-75,3283
-17,6546	-48,3931
-7,7588	-44,1339
-90,6623	-65,3015
-41,7728	-35,2203
-125,8561	-13,5932
-113,9283	-12,5447
-112,6832	-6,0557
-66,2186	3,2497
-91,5146	-1,9930
-30,3044	-4,6806
-52,7826	-53,5047
-23,6846	-32,3365
-31,0896	-12,7419
-21,2595	-60,1894
10,7882	-49,3758
-15,8200	-38,1036
12,8201	-31,9436
-3,8268	-34,2374
18,9152	-73,1003
5,6768	-48,2621
53,2561	-25,9807
-1,6631	-96,6933
28,3524	-64,7116
0,9581	-38,7593
29,6627	-8,6786
13,5411	-24,0795
49,7167	-42,8222
46,0474	8,4271
64,3310	33,7894
46,6372	-9,3983
30,5146	10,1975
48,7342	15,5053
11,1812	-10,4471
6,5940	-32,8606
-61,5638	-49,7693
-37,9050	-65,5636
-68,7075	-38,8252
-14,3785	-59,1410
-67,5282	-36,5961
-31,4176	13,0145
-18,7037	5,5435
12,2293	-4,0900
2,0064	-1,9273
61,4473	-4,2873
59,5475	-19,4261
73,8999	-66,1532
81,1752	-40,3974
93,9544	8,8850
106,4065	-22,1133
59,1548	-1,3374
98,0183	19,5683
42,2464	26,8431
52,0117	2,9874
17,1462	-41,3141
32,8090	-17,7873
20,0295	-34,5649
31,2354	-11,5615
-8,0200	5,4778
36,0194	19,5686
12,2302	30,4481
36,0849	87,0055
50,3721	60,7915
19,6353	91,0038
38,8382	80,2554
9,7397	30,2519
10,0022	20,2904
-34,7594	29,9892
-11,5595	3,7741
-47,8670	-35,1541
12,8194	-31,6152
-17,5236	-39,4802
25,1407	-31,0918
1,9415	-66,1537
50,5688	-56,9780
26,1239	-22,1133
9,1500	-21,1300
24,0928	-23,8820
26,5165	-4,6144
15,7035	-5,5977
-26,1742	-10,9064
21,8641	-55,1427
-12,2808	-5,6634
41,7869	-3,6322
-17,7198	-40,7906
44,7365	-30,0427
24,6820	-22,7685
53,3871	-13,6592
2,0730	-30,9606
79,4049	-42,0357
27,0415	-10,9713
14,8515	17,1432
6,4630	-1,0096
-2,6475	14,8503
-14,7055	50,3707
-18,6381	42,7684
8,2979	38,4430
-4,7445	11,0488
-1,5980	4,0367
-18,5720	-5,3356
37,0026	-40,7906
-3,6949	-28,8628
66,8879	-19,0332
35,3652	-29,6499
98,1487	-38,5624
57,3853	-30,8291
59,0237	-28,2078
58,8272	-20,2127
51,0275	-57,3056
26,6486	-20,6053
29,3348	-19,6227
26,4518	-20,2121
17,4726	-16,6079
46,3089	-31,6808
2,5305	-21,5884
37,8550	-17,9184
7,6426	-53,7666
35,9545	-40,4622
6,4632	-9,0712
29,6627	-20,5399
-28,5330	-17,7215
36,2164	14,7187
-4,7438	27,6951
11,7714	34,6419
33,0056	24,5499
73,3094	37,3950
46,7027	43,7511
44,0154	-18,1802
53,7804	-26,6998
1,4819	-3,6318
10,4608	-35,0236
-66,2172	-41,8390
-41,5751	-30,6323
-62,7439	-12,5446
-29,3857	6,2640
-54,8791	-17,5908
27,8273	-0,0266
-28,4022	61,0528
25,0752	54,0406
7,2496	58,6289
43,2283	70,0975
22,1918	28,6788
34,9055	27,6956
49,7171	-0,0267
40,8034	15,8985
37,0033	27,3015
1,9409	47,0938
23,8301	63,2164
-50,3571	94,6087
-22,8318	115,0559
-64,0548	109,0268
-53,8310	69,1151
-76,1133	55,2869
-49,6374	30,1859
-72,1811	-20,8670
-31,1562	-36,7266
-22,4391	-11,4307
-14,2477	-15,9527
-31,9412	-18,9675
-1,5991	-29,9769
-5,7928	10,1967
-43,6728	42,5060
24,9438	30,5788
-26,9610	33,2008
16,6869	57,5799
-12,6735	22,2559
58,3679	6,1996
17,7355	-19,5565
103,6534	-6,4497
47,3581	-36,4658
80,9785	-56,7162
50,7663	-40,0701
58,6302	-24,7346
23,3718	-25,4552
3,7103	18,5852
-2,7775	-3,8285
-10,1839	5,6746
8,2980	3,3805
4,1687	-28,8627
21,9297	11,1799
4,7593	52,7946
45,4573	-1,7966
8,0359	-15,1651
30,7772	17,0781
-23,1585	26,8428
25,4030	-8,0877
-29,3196	-19,0320
11,0502	17,2094
-31,6139	29,7915
-24,1433	-26,3066
-37,9053	-6,2525
-35,6124	-0,0924
-35,2839	5,2162
-58,9431	8,9517
-59,1394	20,8793
-77,7520	16,4888
-50,6201	35,0350
-88,4347	-3,3685
-33,0562	19,9623
-78,5382	25,5322
-27,0265	-0,8132
-33,9079	-39,3481
-8,1526	-7,8256
-36,9224	-4,8772
5,1516	-22,2443
-13,5912	-46,9507
23,5020	-9,3329
28,5488	26,0560
7,8389	-12,6100
19,3081	7,7072
-11,2977	38,3119
13,1477	37,5259
-22,5043	52,0089
17,3424	23,8941
19,1114	14,1948
14,3272	-7,2360
-12,2802	-12,1512
4,4310	-36,4651
-43,9347	-23,5550
-31,8765	-27,0284
-45,9667	-43,0845
-35,6782	-24,4064
-50,8164	14,5876
-57,3702	23,6969
-21,7835	21,5347
-24,9953	23,3045
21,4049	54,4998
-11,4945	44,7349
45,7851	41,8513
19,5701	32,2174
41,1978	-7,8911
-0,1556	-5,9254
29,9906	-65,7602
-37,9706	-71,1340
-11,0357	-37,7765
-56,1249	-46,8859
-52,3240	-32,9918
-42,6898	-32,2706
-23,1603	2,7914
-4,2196	-6,3184
8,3629	2,2017
33,7263	1,7425
26,7132	4,9539
23,3061	-28,7314
7,7083	-32,2701
21,1433	12,7527
-17,5230	15,3086
11,4437	13,8014
-48,6526	28,5475
-9,5937	49,5188
-61,3015	56,2031
-8,2185	21,7974
-83,5843	27,1060
-37,9061	78,1580
-53,4381	37,5911
-45,7054	39,8852
-38,6924	39,3607
-53,3077	20,9451
-21,3252	49,5839
-63,5961	7,9032
-5,9235	23,9599
-10,4459	34,1829
20,0294	4,6920
33,5297	-0,2233
83,2062	-19,3599
41,5258	-13,8556
91,5298	-43,4780
34,0547	-81,4888
65,9050	-69,5611
40,1493	-38,9564
56,5980	-44,9196
46,7028	-22,4408
33,5949	-18,0496
40,6077	1,4150
23,6983	14,7184
-5,2022	5,7401
-23,4877	5,7408
-6,9066	33,2654
-63,0713	3,4468
-6,4480	32,2831
-69,4939	74,8157
-9,9869	34,2489
-39,6095	48,0119
-16,4754	26,8436
-65,9546	8,4278
-4,6139	26,5154
-52,2582	-50,8174
-15,6241	-40,9869
-29,1241	-24,4727
-47,7363	-64,9741
-17,1306	-69,1026
-67,5281	-73,4280
-35,3494	-41,7740
-67,2005	-28,2736
-27,2888	-32,0089
-80,3728	4,3640
-25,0602	-5,4010
-63,3329	6,0028
29,1381	10,1971
7,6426	20,4862
61,2511	36,2807
53,5186	62,4946
87,4002	6,9860
69,7065	31,2346
83,0750	41,0643
69,2477	-10,5125
56,5330	-21,3258
51,8801	-30,0429
9,0845	-69,9542
12,9509	-67,2020
-55,2722	-75,3943
-15,0990	-69,8239
-73,7537	-68,5791
-24,4054	-73,4279
-56,4525	-48,7209
-17,1309	-32,7958
-40,5272	-27,0939
-13,3298	-35,2860
-24,2081	-75,8523
10,5255	-22,6372
11,8369	-14,8389
18,1933	-45,4440
17,4076	-39,4139
0,9577	-0,8795
29,6630	-31,0914
13,3441	4,0362
40,1489	-22,7024
14,3932	12,6217
57,7785	18,5196
29,0736	-25,5201
59,8097	17,6683
-23,0934	34,8376
17,2764	-35,2196
-19,5552	-7,8256
-34,9571	-26,5692
-42,8862	-8,0226