-20,6036	11,8374
-11,6256	11,7717
-18,6376	7,1842
-17,0649	8,4292
0,6955	3,5141
-19,8174	-3,8915
10,5259	-1,2701
-20,8004	-4,3504
0,4334	-4,2848
-14,6400	-6,3165
7,7077	-21,5862
-15,2299	-5,8578
5,6761	-13,2635
-3,2368	-21,8485
-3,6301	-10,6420
-16,4093	-15,2952
-5,2029	-13,7222
-5,2682	-12,2805
-16,6717	-15,1640
-4,8749	-8,6105
-8,0864	-17,1956
12,2299	-20,7344
-1,5329	-6,1855
8,6910	-12,9358
-0,0908	-18,9650
22,8466	-10,9041
-9,7246	-15,6881
19,8319	-3,8262
-8,1518	-9,0692
9,4772	-9,9209
0,4333	0,2371
-1,1398	-7,4962
-6,6445	-11,4938
0,5641	-8,0203
-10,3800	-1,2046
-16,0819	-10,2487
-5,9236	-9,2656
-18,4412	-7,0374
-1,9259	-6,4476
-15,9508	-4,7439
-3,1712	-24,1424
-17,3271	-15,3605
1,6783	-16,9991
-16,9338	-30,3028
6,9867	-21,5866
-7,1689	-18,1133
8,0351	-25,3877
-9,2659	-31,0238
2,9890	-26,5674
-12,8048	-20,4070
-8,4796	-27,7472
-1,9913	-37,7740
-11,1668	-27,2229
-12,0839	-40,1990
-17,1960	-32,0069
-3,7609	-36,7257
-20,0141	-39,2160
0,3022	-30,8930
-22,8321	-32,9901
3,9721	-37,3154
-15,8852	-36,7257
8,4285	-30,1720
-18,1134	-29,9099
0,4331	-34,1041
-10,4455	-33,5798
-6,3826	-19,5553
-5,8581	-33,3833
-15,6233	-34,5628
1,1542	-29,1235
-20,6697	-30,9586
-12,4117	-38,1673
-22,5702	-36,3324
-4,0888	-42,8861
-29,7136	-44,6555
0,4986	-51,5368
-30,6966	-50,7504
-3,4336	-41,7721
-21,5871	-48,7846
-16,5409	-51,2749
-24,7982	-52,5201
-24,0120	-61,0398
-36,7912	-58,7459
-30,7623	-45,6390
-26,3056	-56,2557
-33,9082	-48,6536
-33,0558	-56,9768
-43,9350	-71,0668
-29,9757	-57,0421
-40,1995	-66,6761
-27,2233	-64,3167
-41,6413	-72,9021
-17,3275	-71,6568
-33,2528	-65,2343
-22,1118	-73,8852
-38,9543	-87,5820
-29,1897	-63,7269
-34,8911	-65,6277
-33,5151	-82,0770
-45,9666	-65,4965
-40,0687	-69,2977
-43,8040	-70,5428
-58,4187	-71,1327
-37,5780	-75,7203
-55,9285	-69,7564
-30,7624	-78,7349
-62,9407	-85,8783
-36,9228	-82,9293
-56,7147	-91,3834
-35,3501	-95,3155
-59,7950	-96,0366
-39,2167	-106,7188
-49,7681	-102,6556
-50,3580	-95,7745
-60,1226	-102,0005
-55,0112	-95,9057
-59,7295	-102,1316
-79,3905	-106,7190
-67,2006	-101,6073
-81,9465	-112,9450
-69,1667	-96,3645
-78,5387	-101,6076
-61,0405	-115,6977
-87,1894	-104,6877
-62,1547	-109,4065
-81,4879	-119,3023
-68,9049	-125,1350
-78,4731	-125,9869
-67,7909	-125,9870
-78,9972	-127,8221
-63,0068	-141,8467
-76,5069	-134,8999
-81,6844	-126,3150
-74,6718	-138,7667
-71,9852	-132,4754
-75,2617	-145,5826
-93,7429	-137,6528
-64,7760	-152,0053
-87,9760	-164,7845
-79,1285	-147,0245
-92,5635	-151,7434
-71,1334	-158,2313
-94,3330	-156,3963
-76,9661	-160,3941
-94,0710	-168,1272
-84,7651	-171,6662
-93,0879	-168,1929
-98,5932	-166,7512
-103,9012	-184,6427
-99,0520	-194,2762
-100,1658	-182,2835
-107,8338	-198,4054
-99,5760	-197,4224
-119,8924	-218,2629
-94,3333	-214,9860
-115,0429	-207,1220
-97,0204	-215,3797
-121,2687	-225,3411
-94,3991	-227,0450
-117,5332	-224,9480
-109,8655	-226,9797
-108,7513	-237,5310
-111,3731	-246,3127
-121,2686	-228,4215
-117,3368	-242,3808
-113,0111	-245,9196
-121,0069	-233,5990
-122,1206	-238,5143
-128,4124	-249,1310
-116,6813	-239,7594
-136,2112	-235,7618
-124,5455	-242,5120
-131,4270	-244,0192
-115,5018	-244,0847
-138,0462	-234,3855
-116,7471	-251,2282
-132,9344	-255,4879
-124,6116	-247,8857
-141,9783	-252,7356
-132,3449	-253,0632
-146,3038	-254,1119
-151,0882	-264,4010
-149,5805	-258,9617
-158,3628	-260,8623
-150,7604	-272,8554
-168,2587	-266,4328
-145,8451	-271,6105
-158,2972	-283,5378
-131,6895	-275,2805
-157,6418	-280,5889
-133,7211	-289,6329
-147,8769	-295,3345
-133,7868	-292,9753
-145,7141	-288,7155
-133,1315	-307,1312
-146,2384	-305,2305
-152,0714	-296,4488
-146,3039	-303,3302
-159,6737	-291,9269
-148,8598	-302,0852
-162,0985	-309,5561
-155,4135	-292,4514
-156,8556	-312,1122
-138,7020	-304,5098
-168,8486	-296,1213
-144,5346	-297,1044
-156,0034	-296,5143
-129,2649	-292,1891
-155,1515	-307,1310
-137,3257	-291,5988
-136,3426	-281,2444
-142,0443	-292,9751
-145,1896	-274,6251
-142,5029	-278,6884
-139,8811	-284,1276
-140,8646	-273,5764
-131,3614	-274,6906
-145,4520	-266,4330
-130,8371	-263,6805
-137,5876	-270,8238
-122,0553	-263,5493
-145,4517	-263,9425
-116,2228	-264,6632
-138,2429	-257,1266
-119,7618	-267,2191
-131,4272	-245,2645
-132,0826	-241,4636
-132,1479	-255,4881
-117,5993	-249,8520
-130,3128	-255,2259
-128,8058	-258,2404
-120,3513	-243,1016
-132,3445	-244,2815
-112,4868	-242,1841
-114,5187	-233,8611
-109,3411	-245,7230
-117,7298	-229,5355
-86,2070	-229,3391
-115,1085	-241,9872
-99,6418	-217,6078
-116,3534	-223,3752
-98,5932	-224,0960
-100,8869	-223,2440
-99,2488	-224,8823
-107,1127	-225,7998
-102,3943	-220,0328
-94,8575	-231,7635
-106,4575	-213,9377
-97,0856	-208,6294
-104,1636	-208,5638
-80,0462	-208,3015
-99,7073	-203,9760
-89,0901	-180,8418
-94,8573	-188,1818
-73,1650	-184,1183
-91,7116	-164,1954
-72,1165	-167,6033
-88,1072	-180,5135
-71,7889	-159,0832
-83,7163	-151,4811
-85,3549	-155,6099
-83,3230	-163,0152
-89,4837	-153,9713
-85,1579	-151,5464
-94,1366	-152,0707
-82,3397	-158,1655
-89,0902	-134,6381
-74,0822	-135,2281
-82,5365	-143,0267
-70,9366	-132,8031
-93,1532	-135,6867
-57,5017	-130,6404
-85,4201	-139,4876
-69,1672	-128,3465
-85,5510	-126,1838
-74,7379	-127,5600
-70,5433	-129,1327
-76,3107	-123,7588
-77,2934	-116,3532
-75,6552	-120,5475
-62,1545	-115,4357
-72,6404	-121,0062
-51,2755	-113,5351
-64,4483	-102,0663
-46,0324	-116,0254
-66,4798	-103,0491
-40,0687	-106,7849
-52,5862	-109,7337
-44,0665	-105,4082
-56,3216	-100,6241
-40,7243	-91,3836
-59,1396	-94,7915
-43,0835	-97,5439
-61,9576	-87,3203
-51,8653	-87,5170
-55,4695	-87,4514
-56,8461	-80,9633
-50,4889	-86,7306
-67,4628	-82,7984
-45,7046	-88,3035
-66,5452	-102,3934
-27,7479	-79,1937
-58,0258	-79,3906
-36,2021	-91,3177
-62,6131	-78,6038
-42,4935	-79,7179
-53,0449	-75,5236
-51,6032	-69,1010
-59,0084	-70,8048
-47,8676	-55,7315
-40,2652	-75,7200
-51,9309	-66,4792
-46,7530	-57,3044
-52,7826	-58,1563
-32,6628	-66,5450
-38,5612	-65,6931
-18,8348	-69,8873
-48,4570	-72,1810
-22,5701	-69,8874
-34,3668	-74,5404
-13,8540	-69,1664
-30,5657	-69,1008
-14,3128	-61,2365
-32,9248	-66,2173
-15,8201	-62,8748
-23,6842	-49,2434
-23,9466	-58,2874
-27,8129	-63,4645
-34,7600	-50,7506
-23,3565	-42,9518
-37,6436	-39,2818
-18,9001	-58,4838
-30,4348	-49,8984
-19,2279	-43,0828
-33,4492	-47,2117
-10,0529	-50,7505
-32,4006	-43,3450
-7,1692	-49,1122
-19,8832	-51,4713
-7,6280	-39,3472
-19,3587	-50,4228
-8,4800	-46,8836
-15,1644	-38,4296
-12,5432	-49,0464
-16,6061	-42,1650
-24,6673	-25,5845
-14,5745	-29,6478
-23,4221	-28,3371
-13,9192	-23,3565
-28,4028	-37,5776
-3,8923	-29,7133
-28,5339	-48,0633
-4,8098	-29,0579
-24,2741	-27,0920
-8,2178	-45,2451
-25,2571	-26,2398
-13,5263	-32,0726
-25,9779	-41,4440
-15,8856	-24,2079
-26,4366	-32,2691
-28,1408	-20,1448
-21,1281	-16,4750
-36,2674	-28,9266
-24,6016	-12,2149
-37,5781	-14,4433
-17,4584	-24,1424
-33,0561	-14,3120
-17,9173	-18,5064
-32,9905	-13,8533
-13,7885	-16,4748
-21,3251	-16,8679
-11,8880	-19,6204
-23,3565	-18,9651
-19,3590	-22,9627
-18,1789	-16,8023
-12,6088	-16,8024
-20,8658	-24,6667
-13,0019	-17,8510
-15,6886	-18,0476
-26,1745	-14,2465
-10,0525	-21,7833
-31,5484	-19,8825
-7,7588	-0,9428
-29,5825	-19,8827
-5,0719	-18,7028
-32,2694	-16,5403
-0,0258	-17,5232
-25,0604	-10,3143
-7,9558	-16,1471
-20,6694	-32,2689
-13,0675	-21,6520
-21,8490	-22,2418
-19,2279	-25,1910
-14,7057	-16,1471
-29,5169	-22,5041
-13,7880	-23,2248
-23,5532	-14,5742
-11,2977	-23,2904
-11,4289	-19,9480
7,1833	-8,8725
-23,2908	-15,3605
15,2443	-5,2025
-3,4336	-16,9334
6,0691	-7,6927
-10,5112	-16,0814
2,7268	-21,5209
-10,5112	-13,1322
-8,8730	-15,8849
-11,1009	-25,9117
-4,0889	-12,8047
-8,9383	-19,4239
-24,2082	-14,3120
5,9384	-15,8851
-23,8151	-28,4678
-4,6127	-11,1008
-3,7611	-13,0015
12,8851	-22,9627
-13,7879	-9,5934
15,7688	-18,6374
-8,2828	-4,2848
10,7880	-1,8602
-5,9235	-6,0542
0,6300	1,9409
1,2854	-4,8091
-8,0210	-6,8406
-8,6103	6,4631
-9,4629	-0,4839
-8,0207	-7,5615
-26,7644	5,0869
-5,8581	-2,5154
-17,7206	-2,3187
-7,6278	4,1037
-26,6988	-5,5955
-7,6934	-4,7434
-24,6016	-6,8407
-2,6471	-6,7095
-17,1305	10,3953
-7,4312	3,7760
-16,5404	-4,0881
8,0352	3,8417
-6,5790	-2,9084
-6,5136	8,2981
-3,8263	-1,6634
-8,0209	-9,8553
2,7928	4,1693
-16,0162	-6,1199
11,4435	3,3828
-10,7079	1,0233
1,9407	-11,3627
-15,6884	6,3974
17,6036	-9,8556
-7,0378	-7,6272
7,3144	-0,6149
-1,8605	-4,1539
0,1710	-7,3650
-9,8558	-3,3018
2,0715	-8,5446
-4,2197	1,4824
-6,1861	-2,0567
2,5304	-8,4135
-16,1474	3,7106
0,3680	-0,2871
-4,7442	-13,3941
8,1011	8,7569
-7,1033	-2,9086
4,5623	-1,0080
-6,3822	-1,9255
21,2083	-1,2046
2,9238	-1,5979
20,4874	2,3344
4,9556	-6,4475
16,2930	8,4293
-0,0250	4,1693
12,6232	1,1549
15,3758	17,4077
-1,2049	5,7423
20,0946	25,2721
3,9724	17,6699
25,2719	13,7380
0,8924	29,3353
28,4832	18,0632
12,5577	11,3132
29,5972	18,3910
11,3782	16,2936
26,4513	9,1503
17,2110	0,8927
29,4659	-6,6437
9,6088	7,0532
19,0457	-1,4012
15,5070	-5,7263
9,4119	11,5096
8,9535	2,5310
2,2031	7,1186
24,2233	6,0700
3,0550	5,1526
24,2233	8,9536
10,8537	5,7422
26,1892	-0,4181
6,9873	1,6791
29,4659	3,6450
4,5624	-4,8746
27,8274	-3,1708
6,5940	-7,7582
14,3926	-4,4814
16,4244	-7,6927
7,5767	-7,8238
10,6573	6,5942
4,9553	1,3513
17,4729	-1,3355
-8,4795	5,8078
17,1453	9,7400
6,3316	11,2474
15,8345	3,7108
-2,9743	3,5797
23,2400	16,0971
1,2856	12,9512
20,0942	5,8735
-3,4985	10,9196
21,8636	6,1355
7,2493	6,4632
15,7687	-1,3356
2,6617	2,4000
4,9551	2,5310
-4,3506	3,9073
-8,8075	9,9366
-3,8264	14,5240
-21,3903	5,9388
-0,2220	5,3491
-23,4219	12,8203
4,1033	1,0893
-10,4458	13,6067
11,3776	8,4294
-7,5621	3,9075
15,5065	7,8397
-1,4016	13,5411
14,9822	0,4997
5,4799	3,7109
16,8829	1,4171
8,8223	8,2983
7,2491	5,0869
8,1671	-13,2630
2,3995	9,6745
6,8562	6,2663
0,6301	-8,2170
10,1984	0,3684
-9,0693	4,0381
1,2854	-7,9548
-13,2636	0,6960
14,2613	-0,0904
-6,5791	4,6937
8,6251	1,2203
-10,9043	0,0408
3,3166	13,2135
-7,4309	-3,1050
-4,2199	18,7841
2,5962	3,9727
-9,3973	-0,8766
-7,8239	17,8009
-7,7586	6,2008
5,8075	-1,0734
-6,9065	1,6134
18,9802	-5,9888
4,3001	-18,5716
18,9146	-15,6879
3,4483	-13,6564
27,9586	-1,9910
11,3126	-14,5085
31,2353	-11,5591
4,8247	9,8054
19,9632	-4,9401
15,7038	-3,0393
18,5214	17,4077
22,7161	4,0384
19,7010	13,9345
25,6652	5,5458
16,2277	4,9561
35,4954	17,9976
13,7374	10,5264
32,6118	-1,7287
2,0064	11,6406
24,0267	7,9704
14,3271	2,9244
15,3755	14,7862
-5,9235	-2,0564
12,2953	10,6577
-5,2027	14,2620
-8,8730	11,3131
-10,1179	27,4349
-16,8684	21,2089
-6,1204	20,8814
-24,4708	29,9909
-13,7226	23,6339
-27,9441	22,5853
-16,9339	18,8498
-30,2378	22,5854
-2,7783	28,2868
-34,3010	13,6067
-5,0064	6,8567
-14,2470	25,0756
-0,8777	16,4247
-7,7587	5,6770
2,6612	19,6361
3,5137	7,5774
7,8386	20,3570
3,1861	17,9320
2,9237	10,4611
12,6234	25,2066
5,1519	12,3615
14,2618	8,1675
1,6131	16,0317
21,8639	16,2283
-4,4818	19,4396
20,9463	14,3932
-2,5812	11,1165
21,1428	14,0001
-4,2851	11,6406
17,9314	3,2521
1,0888	3,5142
4,8898	9,8710
1,6788	1,7445
7,9044	-17,1297
-5,3336	-15,5568
-0,4187	9,5431
-5,7268	-8,8070
-11,5597	-9,9864
4,3656	-2,7121
-12,0185	-2,1880
8,4287	-6,9719
-12,9360	-10,7075
4,0378	-12,4769
-5,8581	-6,1855
6,3969	-1,7946
-2,5157	-18,0474
4,4963	-5,2678
-5,4648	-17,3265
-2,9747	0,9582
-9,9867	-0,3528
-7,7589	-1,9254
-0,6807	7,1839
-17,9824	5,9388
6,3317	-10,5761
-12,6739	1,0893
5,1521	5,3489
-4,6783	2,0067
20,4875	-0,2872
7,7080	-7,8237
25,4027	-3,0396
16,2933	-12,2803
33,4636	-16,0156
9,5432	-2,5155
25,5339	-16,0160
12,6234	-23,6179
9,4120	-16,1469
10,1332	-15,7537
-2,1225	-5,7269
-1,5979	-13,5256
-5,3338	-18,3096
10,3947	-6,6441
-25,6500	-2,7121
-0,2875	-4,4159
-14,6402	6,0700
-4,8097	7,8395
-28,3372	4,6283
-9,5940	4,7594
-22,1768	14,1312
-9,3320	20,2259
-25,1914	9,6090
-11,7568	3,2522
-20,3417	13,0826
-16,6064	20,6845
-11,8874	2,7933
-15,8199	10,1331
-18,2443	-5,3332
-19,0965	3,9075
-8,8072	6,5285
-13,5261	-6,8407
-2,4505	3,7107
-23,8806	3,7760
3,9720	-3,3018
-9,7906	-2,5154
-2,9094	-10,8384
-14,7711	-2,4496
-9,3974	-5,0057
-6,8412	-10,0519
-11,6913	-1,6633
-22,8318	3,6451
-8,6765	8,9536
-9,8559	4,1694
-16,8685	8,2982
3,8412	8,1017
-11,6256	12,2960
9,4117	2,7932
-23,6184	18,3908
17,4072	15,3760
-6,5791	-3,0394
19,3076	10,5922
-2,1882	13,4755
6,7247	-2,8427
-0,0254	8,0362
0,1054	9,0191
-8,9382	9,0192
-4,6132	5,7424
0,4333	-3,3014
-19,4900	14,1966
-10,7732	5,0869
-8,6766	4,4318
0,8919	10,3298
-14,9024	5,2835
-10,3801	2,0068
-14,5746	10,0677
9,4770	-2,1874
-18,8344	8,1018
2,7925	15,5727
-7,4965	0,4340
5,9381	12,2961
0,0401	6,4634
-3,8923	23,8303
3,2516	13,5410
14,2611	1,8760
-0,3530	17,6044
-5,2027	10,3298
14,4583	9,7401
-3,6300	10,6575
7,4460	0,9583
-7,5619	3,0554
23,3055	4,5626
-0,8120	-0,0904
15,5721	9,4777
-9,0694	-1,0081
14,4578	-16,4088
-10,4457	2,4000
3,0545	-0,2215
-14,9021	-2,9739
-16,7373	3,9073
-12,8705	3,0553
-25,8470	2,4655
-16,4094	-0,7457
-26,6335	4,8903
-10,6425	8,9535
-32,0073	14,3929
-7,3001	-7,4960
-20,8006	-0,0904
-0,2879	-6,6440
-19,9486	7,0530
-1,9262	-1,3357
-16,0819	-6,7752
3,1199	-0,2871
-7,5622	-5,3990
-4,1545	-15,4914
-9,5936	-1,2047
-6,3827	0,6302
-4,8751	-1,1392
-18,8999	1,9409
-6,4478	-8,5448
-13,1327	-2,1222
10,3294	-1,1391
-12,9361	-0,6149
6,9215	-0,4838
-10,1179	-3,8262
27,3685	-8,8068
-1,4018	-5,5301
11,3122	-21,9139
0,6301	-13,1976
10,5913	-7,8238
1,8098	-12,4114
8,2976	-16,0158
2,8584	-9,6590
-3,6299	-16,0159
7,6425	-8,8725
-2,2538	-16,8024
7,3148	-10,1177
-6,8411	-11,8874
12,8196	-19,3583
-8,0863	-12,8047
14,4582	-12,8703
5,3485	-29,3852
19,8319	-14,7051
2,3994	-16,6057
7,7734	-17,0645
8,8875	-11,2317
12,0330	-5,1369
1,1544	0,8924
-0,0255	-3,9572
6,8560	-9,6586
-9,5283	11,5094
3,1205	-13,5909
-15,3610	1,2204
5,2830	10,6574
-22,7665	-4,2192
-2,5156	12,2958
-7,2345	3,5137
-1,2707	-17,1298
-10,7077	-9,4621
8,6253	-7,1030
-7,3654	-10,0521
16,2929	-10,8386
-1,4671	-9,0035
-0,1566	-10,2486
-1,5981	-14,9018
-1,2054	-12,6734
-10,5766	-5,5956
-13,7882	-9,7898
-10,3146	-8,9377
-26,6987	10,5919
1,2196	4,8901
-15,0990	2,4655
-5,3340	3,7107
-18,7688	-11,2970
10,5256	7,6428
-14,1158	5,6110
7,0521	-14,6394
-12,8705	-4,7435
-5,3341	-2,2533
-11,3631	-5,7268
-3,7613	-15,9502
-9,5281	-2,0567
-17,3271	-7,6274
-5,0061	-14,9674
-16,8684	-26,7636
-1,2051	-8,2826
-11,8221	-3,9575
-0,9431	-14,9018
-20,7349	-16,4745
2,9235	-14,9016
-25,9123	3,4483
-0,2221	-3,2363
-7,8244	-7,1028
-6,7103	8,1671
-8,3486	-1,4668
-3,4336	3,9729
-11,2321	11,1163
-5,0065	0,6962
-11,8220	7,8396
-32,0072	12,5581
-17,3269	6,7256
-16,2132	26,1896
-1,7296	7,5773
-23,2910	-0,4179
-2,1228	10,3300
-18,3103	15,8348
-2,4505	1,8101
-23,1598	6,2010
-3,8267	-0,8770
-15,6886	-10,7728
4,6929	-16,6710
-11,2978	-10,3797
-19,2277	-9,0035
-12,0840	-13,2633
-14,3126	-13,5254
-15,7541	-4,4815
-19,8176	-13,3944
-13,0015	10,1331
-13,5917	2,1375
-0,0255	-4,8089
-11,7565	17,9974
-0,2877	6,8563
-11,4288	-4,6777
11,7709	12,6892
-3,6955	7,7084
11,1810	13,7378
-0,3531	7,6428
10,7878	-2,0564
4,6278	10,3299
8,3631	0,4994
8,8878	-9,4619
4,2343	5,3490
-1,4669	-4,6780
-3,1055	4,7591
14,2615	-10,9695
-11,2976	-14,1152
10,3293	-2,2533
-18,1790	-8,3482
16,0963	-16,4089
-12,4120	-1,7289
5,6104	-7,2341
-4,0888	-8,6757
4,3652	0,3682
-9,0692	-3,5639
12,0986	0,3028
7,3147	0,7615
3,1858	-0,8113
7,2494	8,0361
-1,1395	6,3321
12,6890	-3,3671
3,0548	9,2158
9,9363	6,9219
-1,2704	1,9413
9,9362	4,5627
-2,7777	5,1525
15,5722	6,0045
-0,2220	0,7616
19,7663	2,4000
-6,3823	3,1209
17,8657	0,4339
-4,4162	0,7615
0,5644	1,8756
-3,8262	-0,6147
6,3316	8,8223
10,3950	4,4968
5,0207	-0,8114
6,4630	12,4923
-8,4794	0,7614
21,9294	0,7615
-0,1564	-2,7119
25,7303	-0,2870
-2,5812	9,6089
23,3054	-1,7289
7,6423	-5,8574
16,3585	16,8178
0,0403	11,8369
12,5575	-11,1005
-1,0083	6,4632
10,9191	-0,4838
4,5624	3,1863
0,4333	1,8100
0,6959	-6,9717
-9,9868	5,1524
9,0844	2,9240
0,4333	-8,0203
14,4581	2,5965
-10,2488	-5,2680
15,6378	-9,7898
0,8266	-10,5108
15,6376	-12,2802
-3,3021	-8,6104
5,7416	-2,6466
-1,0738	-16,6712
8,6907	-13,9842
-2,1225	-15,1640
-1,2052	-17,5887
6,7248	-10,1178
-16,7373	-23,6181
-5,9235	-15,1639
-18,1135	-20,6691
7,0525	-27,2880
-15,2299	-4,6782
9,6739	-11,2976
-14,4434	-19,8169
4,3001	-4,8749
-2,0570	-23,0283
18,0624	-14,3118
-1,2050	-5,7269
12,4263	-18,0474
-8,5450	-6,1198
-2,5158	1,0889
-0,2874	-15,4914
-6,3171	2,9242
-6,3823	4,9558
-6,8413	3,9072
-4,2853	8,6913
-20,2105	7,4462
5,6762	11,7715
-20,2107	-2,3188
0,8265	-6,3162
-20,9971	8,6913
-2,3194	-1,3357
-21,6524	-5,3989
-6,9071	-8,0860
-28,1404	-10,3797
-15,0335	-2,6465
-17,0648	-14,0498
-20,4731	-9,9209
-23,0285	5,4799
-27,8131	-0,9426
-25,0602	-14,6394
-35,6118	2,5311
-14,1159	1,4169
-25,9126	17,6042
-14,1160	2,4654
-32,2695	-2,9738
-11,0359	8,1671
-31,3519	-1,9255
-1,9920	-14,0494
-30,1068	-5,5953
-7,8903	10,9194
-21,1938	-5,1368
-15,6889	-9,1344
-18,8999	-13,7875
-14,5749	2,7275
-18,3755	0,9579
-21,7837	-11,4937
-10,3802	-3,5639
-24,6017	-4,8748
-9,9870	-8,0859
-20,4074	-8,6103
-3,4991	-13,7875
-25,2571	-6,3165
-5,2032	-10,1831
-32,3349	-14,1152
-17,6550	-10,3141
-31,2862	-0,9427
-10,3151	-1,6633
-22,5700	-2,7120
-16,2788	-9,0688
-19,4897	12,4925
-13,9849	3,5794
-6,2514	-6,6439
-16,4097	-0,3524
-0,9429	12,3613
-12,9362	7,7082
3,1203	3,0554
-14,9677	-0,2870
10,5258	6,9875
-0,7464	-1,0734
17,8001	-0,1558
-14,9676	6,8565
9,8704	8,2982
-8,0207	4,5627
0,0399	15,6383
-9,0037	-8,4790
-6,7757	-3,0394
-2,5813	4,1694
-6,3826	-4,7436
-0,4841	-6,7752
-10,8390	-11,8215
7,1180	-12,5424
-13,6570	-11,2317
9,4773	-6,5133
-20,5382	-19,4894
11,9022	-19,6859
-7,1033	-16,9333
12,0987	-9,9210
6,5939	-11,8217
19,9629	-24,2077
-1,6636	-2,7775
-1,1393	-2,9086
7,1184	-9,3965
7,6423	0,4338
15,2448	2,9897
-6,2513	6,1354
13,7375	-2,8431
3,1202	-8,6756
18,3248	7,1839
-3,6954	-3,2364
16,8173	-19,8822
-0,8119	-12,6734
13,8681	-14,5083
-3,3677	-11,1006
12,8196	-16,6056
-3,0398	-13,5909
13,4094	-13,1322
5,2178	-15,0328
7,2490	-16,0814
-1,4012	-6,3822
4,9553	-13,8535
5,7421	-18,7030
-9,7903	-17,7200
-1,2702	-22,0454
0,8266	-15,4263
9,8049	-14,6399
-12,4772	-22,1109
17,4071	-17,7199
-1,8605	-10,1833
10,5259	-14,5741
0,3024	-0,4183
18,7177	-11,1663
-3,3020	-7,6926
15,0478	-10,8384
1,8098	-11,4281
5,9383	0,0406
2,9895	-0,8115
3,2514	-10,4451
11,5091	3,7106
-6,2514	-5,3990
10,8538	-7,6270
-5,0717	2,0067
13,6717	-4,5469
1,5475	-3,6948
13,6061	-0,7458
-13,3291	4,8904
19,7665	6,4632
-5,0062	7,5118
4,3654	1,7446
-11,0354	8,5604
-12,2808	2,6622
-14,9022	11,0508
-18,0482	4,8903
-20,0796	8,2327
-41,9688	7,3807
-24,2739	-2,9739
-29,8447	-8,0856
-8,5455	9,2813
-44,0003	0,9580
-16,5407	0,3028
-21,0627	-7,8236
1,6781	-8,9377
-21,3248	0,5650
3,3821	2,7930
-11,0356	-7,8237
-4,7442	1,0892
0,8266	2,4655
-3,2370	-2,2530
0,0402	-1,5975
-1,2708	11,7717
3,3826	10,6575
-17,4580	-0,6802
7,9046	2,0069
-6,5135	10,3952
10,9848	1,2202
0,1056	2,2032
10,3948	2,9896
1,6787	-7,0374
18,1934	-1,0080
-5,8580	-3,3020
21,8635	-12,0836
-1,6638	0,4337
2,6615	-13,5255
-2,5812	-12,6734
-1,9262	-10,3797
-9,6591	-11,8216
-19,6864	-17,0643
-3,6298	-5,5956
-21,5870	-15,6227
-7,4309	-7,0374
-13,2638	-9,2658
5,2174	-10,6419
-18,2445	-0,8771
11,3779	-11,2973
-0,0254	-8,6103
17,2104	-5,9889
-3,9574	-13,1322
14,8512	-7,8892
3,2516	-7,1684
6,4626	-8,0202
6,2008	0,2373
3,6445	9,4121
5,0866	0,6305
-4,2197	-1,5322
12,6887	-1,9253
-0,2222	5,7423
9,2153	5,9388
-6,1857	1,1548
15,3100	-6,3163
-8,6762	-0,4181
0,6300	4,8247
0,4989	1,7445
-1,4019	-4,2193
-15,1641	3,9072
-5,7273	-4,4160
-9,6592	-15,4259
-14,1815	-1,4667
-19,7517	-7,1686
-22,1112	-14,6395
-16,2127	-4,5469
-17,8515	1,8098
-4,8752	-8,0205
-27,8785	-11,1661
-1,4017	-12,2147
-21,6525	-8,0204
-1,7951	-7,2342
-22,2422	-18,6372
5,0861	-3,0397
-15,9508	-12,1494
-4,2855	-13,1322
-10,4456	-5,5957
0,3021	-15,2295
-4,4819	-1,2703
-6,7102	-6,1857
6,0041	-20,9310
-2,8436	4,4969
5,6765	-6,5789
-3,2366	-13,3943
13,4753	-9,2002
-3,8919	2,3342
19,1114	-2,7122
12,8853	-9,7899
15,6379	-5,0057
9,2154	2,6619
26,2545	-3,1708
15,3102	-20,6031
23,6985	-1,4665
5,2833	1,6135
5,6108	8,1017
8,6257	4,5627
-1,3360	7,5774
7,5771	4,8905
-8,3483	10,5921
20,4221	10,0022
-3,4988	10,2643
14,5893	9,1502
-0,6151	12,8202
11,7057	3,3830
-2,3190	2,3346
19,6353	6,8564
-6,7099	8,8880
5,4140	-0,4180
0,3679	8,6914
0,3021	-5,2677
1,7441	-5,2021
-9,2007	8,5602
-2,4502	-3,4329
-19,8831	-1,5979
-3,5643	-11,1007
-24,5363	-15,1638
-11,1011	-4,4160
-32,7937	-11,2975
-2,1884	-16,9334
-32,2039	-1,6636
-7,6279	-19,4238
-25,9125	-1,4014
-6,5139	-12,8703
-29,1236	-17,3265
-16,0164	-3,3674
-18,6376	-9,7900
-2,8438	-18,0473
-16,1472	-4,2848
-7,2346	-8,3482
-1,7292	-12,0836
-7,5622	-5,5956
8,4287	-12,4769
-10,7078	-10,5108
12,9508	-10,4454
-4,3508	-15,4260
12,8198	-3,8919
2,0062	-6,9065
7,7735	-7,3652
-0,2218	-12,4114
21,5359	-9,3312
8,3634	1,6788
19,3732	-5,7923
10,1984	-12,0835
8,5599	10,7885
14,0652	-1,4668
-5,5959	3,5142
9,8054	8,2982
4,3000	8,6914
22,5847	3,7763
-1,4016	11,8371
12,8198	6,2666
2,0718	5,1525
18,6523	3,7107
-3,6299	-0,6801
12,0331	5,8734
-3,1711	1,0236
4,1687	6,3975
-3,2366	-2,8431
-8,4797	-8,8068
-12,8046	-7,2995
-9,4627	-11,0351
0,3679	-3,4986
-12,6740	-8,5448
4,4967	-11,7560
-15,6230	-9,5278
8,8222	-1,6636
-14,3122	-10,1831
9,9363	2,6619
1,6785	-5,0712
12,1642	1,6790
-5,5959	8,2982
11,7710	-4,5468
-6,9067	-5,3985
3,4479	13,4757
-8,3484	1,4172
-8,2831	17,7356
-9,1346	14,1310
0,1710	12,8204
-5,4647	16,8837
-11,2321	21,9297
10,3950	3,2521
0,7609	12,7548
5,0210	14,9828
-3,8919	1,0892
15,8344	-7,4959
6,2005	-5,2022
17,4072	-0,4183
5,7419	0,8268
14,1304	-10,2486
3,9070	-10,7730
15,4410	2,3342
5,8731	-4,0884
-0,2876	-4,2849
6,3318	-3,8917
-8,5452	-0,8114
-1,3358	3,3172
-0,1566	-7,7583
4,9555	-4,2848
-10,3799	-1,2703
21,3394	-1,9256
-4,3507	-12,0836
17,6694	-8,4135
1,6788	-6,8408
25,3371	-4,6126
7,2493	-14,9672
15,1135	-4,4814
17,2109	-0,5494
26,1234	-11,3626
5,6111	-1,0079
15,7689	-0,8114
16,3590	3,9727
4,1036	-0,1560
20,1601	0,4339
2,9895	-0,8769
21,2086	2,0721
4,5623	-9,8554
21,4705	5,6766
-0,2219	-0,3529
20,2252	-24,4044
4,8899	-5,3334
15,4409	-16,9333
-5,3992	-4,0882
6,5282	-2,4500
-1,3360	-7,2340
3,9066	-1,0081
-11,9527	-2,8432
-10,3802	-8,0859
-5,0716	-1,9257
-13,1982	-7,4960
2,8582	-2,3843
-7,4311	-4,9403
1,8751	-8,9378
-10,0525	2,3343
9,1496	-6,5787
-3,3022	-20,1443
21,6667	0,9581
-5,7925	1,8099
11,7709	-3,8916
4,7589	-8,0859
14,1957	-4,2193
0,5646	-3,1051
-2,1881	-0,0906
12,2956	-11,6904
0,6954	-6,1198
6,6595	-7,8893
1,2198	-7,4306
27,7620	-8,4136
-1,8604	-14,3119
23,3713	-7,7583
11,0503	-3,8262
26,8444	-17,9163
8,3634	-2,0565
26,0581	-9,3311
13,6719	-12,2799
24,6163	5,8734
17,8007	-9,4620
15,1136	8,8226
9,8711	6,0697
21,1429	-11,1004
19,6358	-5,8576
7,1838	-5,4646
23,5681	-12,2803
9,9363	-12,9357
33,3983	-14,5087
13,3442	-14,5087
23,5024	-23,4215
15,1137	-14,6397
32,1529	-8,9381
10,3951	-5,9892
25,4681	-20,4068
11,3781	-15,9504
17,8003	-12,9358
2,7274	-15,0328
15,9653	-13,7877
5,4141	-17,0644
-5,9237	-2,2534
4,1690	-10,7731
-12,1498	-16,0157
-1,8603	-5,3335
-19,7519	0,9578
6,1350	-15,0984
-18,9000	-8,0860
0,9576	-6,0545
-15,1644	-13,6566
6,8557	-9,2657
-7,4310	-19,1615
6,7246	-10,9040
-3,5642	-13,5256
18,9143	-20,7343
5,2177	-10,2486
4,6277	-6,7753
15,9002	-12,6735
9,1496	-13,0011
7,9048	-10,4453
3,5792	-0,1562
14,9171	-1,9259
-1,5981	-19,3583
22,1259	-9,7245
2,5306	-12,8703
19,8320	-23,8147
-8,1517	-22,7006
13,5406	-15,1640
4,5623	-3,8263
8,5597	-10,5110
5,8730	-30,6959
2,1371	-11,6904
-2,7777	-16,8680
-1,6640	-16,2780
1,7441	-13,9843
-14,6401	-12,5424
-3,1709	-9,3312
-15,9508	-13,0667
13,9994	-14,7050
-9,2005	7,8392
13,8682	-3,1054
-8,6107	-12,0179
11,4434	0,2373
2,5304	3,2517
7,0522	4,4314
-7,5620	-1,2046
3,3823	-1,9254
-6,7101	0,5648
5,5448	-2,5154
-14,7711	-2,7118
-22,8320	8,4291
-2,3192	5,0867
-30,3033	1,2858
-10,0522	3,6450
-17,0651	-7,4305
-2,3847	-1,3356
-18,3101	1,0234
2,7926	-17,3919
-8,4142	-5,7920
4,8896	3,0550
-14,1157	-12,2147
3,1201	-8,0203
-15,2297	-8,3480
2,7268	-5,0712
-12,7395	-3,5640
-12,6741	-5,1367
-12,8049	3,2517
-19,1621	-3,5640
-8,7416	-1,9909
-20,3418	4,8901
-8,8727	-2,2531
-13,1982	5,2179
-3,7609	8,4946
-13,4603	-3,7604
13,2784	7,3152
-9,8559	12,7544
8,6253	-6,9061
1,8752	4,9559
16,4894	4,4971
-5,7268	2,2034
5,8072	1,2202
0,9578	-9,9863
-12,3462	8,6258
0,8268	-3,1708
-4,1543	-11,2971
-1,5326	2,7931
-7,8898	-2,5155
5,8729	-18,1128
-11,8220	-3,1707
13,0162	-12,6079
-14,3779	6,0044
4,5620	1,2201
-4,3508	-9,3964
13,2126	1,6792
-13,0670	19,3081
2,0061	-2,1875
-7,6275	9,1503
6,4624	7,5118
0,1713	16,1626
-9,6593	10,3953
0,0404	-1,2698
2,1371	10,0677
5,8729	6,3976
0,5645	0,3684
23,3054	2,9898
-1,2705	-6,7096
22,7156	-0,5492
5,1520	-1,7289
13,6716	-2,5809
-2,4501	4,6280
19,2421	-5,1369
6,4627	-14,7050
4,7585	-13,3943
-2,9743	-5,2025
1,4163	-11,7559
7,1835	-10,5108
-13,9191	-8,4136
5,4141	-4,9402
-19,2929	4,3659
10,5916	-1,3357
-8,4141	13,2134
10,5915	2,7930
6,4627	2,0069
24,2228	12,1648
-7,5619	-2,1220
22,0602	6,0046
4,1034	5,3490
5,4141	-5,5955
-0,7460	1,5480
15,7031	-4,4815
2,0718	-7,8892
-3,7609	-4,2193
9,8706	-11,4938
-6,5790	-6,8406
2,8584	-8,6757
-2,0569	-6,4474
16,1621	-0,6803
1,3509	-6,5784
22,7811	-2,3186
-1,1394	8,6259
16,6863	11,0507
-2,1225	2,2689
4,9553	-1,2044
0,3679	-3,3671
7,1833	4,2350
-6,7100	-6,7752
-6,2514	-12,8043
-3,7608	7,2494
-5,1373	-16,2782
9,1498	-25,7805
-0,8774	-9,7901
15,8345	-20,6035
6,7904	-7,5619
34,9708	-24,0771
-2,5157	-29,3851
19,2424	-5,3337
4,2345	-21,7177
25,2713	-22,1762
-5,2683	-6,7097
5,1518	-7,6928
-14,4432	-4,8747
-5,5961	-12,8700
-6,9067	1,0237
-7,1691	2,9897
-10,5111	3,3829
-18,8344	-6,2507
-1,0740	5,5458
-22,5044	11,3783
8,3632	0,6306
-13,9849	10,3953
3,3823	1,0237
-24,9292	6,4632
2,3992	3,0552
-15,8854	-9,0688
-10,6426	2,0068
-21,7179	6,7907
-4,2202	-11,6902
-23,6186	2,6622
-16,6720	0,3028
-12,1497	8,0362
-17,1963	16,2280
-11,9530	2,9244
-14,2471	21,8643
-6,5134	19,4394
-4,2854	14,7866
16,2929	24,2892
-1,1396	18,3254
22,3879	18,9808
-3,9576	18,2599
12,4921	20,0292
8,4288	13,6068
22,0600	11,3785
-2,3190	4,8250
3,0547	17,7354
-1,3359	3,0554
-0,9430	11,3129
3,7103	6,7253
-9,9869	2,5967
6,5284	14,7861
-1,0085	6,3975
13,8029	-14,0495
0,9577	0,5650
17,4074	1,7443
6,5939	-6,3819
26,8445	-3,0397
8,2324	-14,7050
26,9755	-4,4159
0,4991	-9,0690
13,6718	-7,2337
2,9896	5,2179
5,3486	3,5794
2,2031	10,1987
1,6129	12,4269
1,3511	13,8687
-13,4603	9,7401
-3,8917	22,1264
-10,9044	5,7426
1,7441	16,5560
-10,9699	19,6360
8,1665	5,3493
-18,3756	18,9154
-0,7465	17,7354
-20,8004	3,1212
-2,3851	17,4735
-20,2762	15,1796
-2,9750	10,1989
-22,8322	7,5119
-24,3397	-0,4177
-12,1497	3,2522
-23,8810	22,7161
-15,6230	1,6790
-21,7837	2,5311
-3,2367	5,2180
-16,0164	9,2155
2,5960	-6,3164
-14,5090	-10,7072
11,8366	-1,4012
-6,3169	-1,0081
15,0477	-22,5693
-4,9405	-15,5569
2,0061	-4,4160
-0,5495	-12,8045
6,5280	-18,5717
8,5599	-18,3751
-5,2029	-7,0375
-10,9696	-9,0036
-8,4140	-21,4553
12,4921	-5,5300
-6,6446	-13,1979
7,8391	-9,2654
-11,6252	-1,3358
14,5237	-12,5424
-1,8603	-5,0056
17,2760	-1,2047
-5,2682	-8,0859
22,0603	0,3026
11,0502	-8,0861
2,7926	-14,4429
2,9241	-11,3627
13,0162	-12,5424
7,5115	-15,6882
-0,5497	-22,4384
0,1060	-23,0937
-9,2004	-3,4331
5,1521	-20,4725
-16,2129	-27,4190
4,1035	-8,0205
-13,2640	-12,3461
-2,9746	-14,9019
-21,3248	-23,1593
-0,5499	-14,3775
-16,3441	-5,0715
5,6757	-15,2296
-14,5745	-21,1276
-9,2007	-7,1030
-11,2976	-19,0962
-4,3511	-18,7682
-3,8920	-5,2024
-9,9216	-8,6758
-8,4139	-0,7459
-18,6377	-1,0737
7,3802	-2,3187
-16,1474	11,0505
0,0401	4,3658
-19,6208	-4,0226
0,5642	1,8101
-20,6694	-3,3017
-3,6301	-1,0080
-16,8028	-5,7266
-6,9726	-5,7266
-18,8343	-6,3819
-11,6911	-16,4089
-9,3971	-9,1999
-18,9001	-4,0883
-9,2658	-14,0497
-5,1375	-1,5979
-7,0378	-7,3653
-26,0433	-17,6542
-3,3020	0,8925
-1,2052	-10,8386
-2,9091	-14,5084
-12,1495	-3,5640
7,5767	-10,5109
-3,8920	-17,5230
12,4263	-8,6758
2,7272	-9,7243
11,6399	-7,7583
9,1498	-0,8116
7,2491	-12,0837
3,9070	-10,1175
-1,5327	-7,4960
-1,4013	-2,7774
-2,8435	-2,1877
8,4289	2,8585
-5,4649	0,1716
18,1937	-4,6780
-1,2051	-10,1174
16,6862	1,8100
-6,0546	-5,2025
17,2759	-20,0788
-9,0038	-7,6272
7,3800	-14,3119
-8,7417	-8,8724
-1,4674	-3,7607
-6,2513	-16,6056
-16,0164	-2,5154
-12,6737	-9,0036
-5,2687	-20,4721
-10,2490	3,4485
-22,9631	-2,3189
0,3678	-0,6148
-23,1598	-5,5300
5,6763	-3,4328
-14,7056	-7,1028
13,4093	-3,3017
-16,3439	4,8248
7,3800	17,0799
-12,7394	4,7592
8,6251	6,3977
-3,6299	11,3129
-1,8607	9,5435
-10,9042	10,8542
-10,7734	15,4417
-8,8726	4,2352
-8,8728	11,7064
2,7927	28,0245
-23,0286	20,8156
9,8706	13,4756
-7,2345	7,9052
0,9576	11,9682
-6,4480	0,6306
11,2466	-1,5321
-10,2492	4,7593
-4,3510	5,0868
-10,5768	-11,3624
4,3650	4,1040
-12,0186	4,3660
-5,9241	4,9559
-14,1812	3,7106
-15,6232	-1,9908
-6,4479	14,2620
-6,5792	5,0214
3,2514	-5,3987
-7,0379	3,9729
17,0795	5,0214
-2,7779	6,0044
16,4896	5,6766
-2,3191	-1,3357
22,3878	10,6575
-0,8773	-0,2218
18,5867	-9,3309
0,6956	5,3489
10,3291	-11,7560
-1,1394	-18,1127
3,3169	-3,4983
10,1327	-8,5448
-4,2854	-11,2972
-3,5642	-11,1006
-6,3825	-17,7853
2,0717	2,0067
-12,2151	7,4458
8,9529	-14,9015
-16,7372	14,8517
9,2151	5,2833
-7,0379	1,7447
4,2996	12,2304
-19,4895	5,2835
3,1856	8,9537
-3,7610	8,3638
-8,4144	-0,6800
-14,7053	15,3107
-8,3488	4,5628
-8,0208	14,3277
-14,8369	8,8227
-5,7271	14,4587
-18,8345	17,9320
1,0886	8,2328
-10,3149	1,4826
-2,7126	17,6044
-17,6547	4,7592
4,3652	1,0895
-19,3585	6,3321
-1,2053	-6,1196
-18,5721	12,0338
-6,5793	0,8926
-5,3993	-9,0685
-13,1984	17,9320
-15,4917	0,9580
-12,2153	4,7595
-9,3314	14,9173
-19,4242	3,3829
5,9383	2,2034
-16,8029	4,1694
5,0863	1,6136
-15,4265	8,5604
2,5959	8,6259
-3,9577	7,4462
5,7416	1,2204
-7,4308	12,4270
24,1573	9,2812
4,6933	5,8078
17,7349	-8,0857
14,4584	1,7447
14,3926	5,1523
23,5024	-5,9231
6,6593	2,9898
9,7399	-1,9911
6,2007	-2,1221
23,1746	-2,3843
-2,1880	-7,1028
12,2300	-2,3187
-6,1201	-2,3845
18,1280	-11,0350
-12,0840	-7,9548
9,0839	-8,5447
-9,9868	-12,2803
0,3021	-10,3142
-11,6907	-8,5447
-7,6278	-8,5447
-7,6929	-5,5957
-0,0257	-13,2633
-6,2512	-0,4183
-6,4480	-3,1709
-3,9576	-12,6079
-14,1811	-1,7290
8,4942	-2,0568
-13,0015	-10,1831
12,2298	-9,2656
-5,7270	-5,7921
6,3315	9,2154
-9,9211	-4,8748
17,9968	-16,9986
0,4334	4,2349
-0,3533	-5,5955
-11,9528	-0,5491
0,5641	7,8393
-7,5621	-0,8113
-22,6356	5,5456
-6,5790	5,4801
-20,7352	-4,5469
-8,6107	0,0407
-21,5215	5,7422
-1,7295	-4,0881
-24,0773	3,7762
-5,6616	6,5287
-20,0139	11,9026
4,3653	5,0214
-5,7926	-4,2846
2,3337	1,0238
-7,5618	6,1354
7,3800	-5,5954
7,0527	-0,4179
13,0816	6,2664
10,3295	0,6305
-4,0231	10,9196
17,6696	1,2858
1,4818	7,2496
10,1984	6,1356
-10,4456	2,9245
11,3124	18,4564
-11,9530	19,8325
11,8365	8,8227
-15,6886	22,7819
2,6613	11,5096
-19,6207	12,5584
3,6443	13,2790
-7,6933	4,8251
-15,5577	17,6045
-8,7416	11,9683
-18,0481	8,6260
0,4989	13,6066
-7,7590	5,4147
0,7610	5,4802
-18,1791	9,8710
-4,4818	3,3174
-10,7079	5,6113
6,3969	11,2472
-17,3926	-7,0373
7,5109	-1,2699
-15,2954	0,9582
0,5641	-3,5638
-13,0016	-0,6802
-5,2031	-4,0880
-18,8998	10,7232
-9,7906	16,3590
-14,4433	9,3469
-18,3757	8,8226
-5,5304	11,1164
-12,4120	13,4102
2,3338	13,8688
-20,6038	6,1357
12,1642	9,9367
-16,4750	9,6745
19,9629	0,7617
-2,3849	9,6744
4,2342	10,9851
-8,2828	-5,8576
15,1786	-1,4666
-14,3122	-5,0711
5,0207	3,8418
-8,6106	0,1716
-13,4604	-17,4574
-6,9721	-1,0080
-15,2955	4,2346
4,3656	-8,0204
-19,4243	-10,0521
10,0016	-8,0860
-10,7080	-13,1324
8,1666	-18,1130
-10,5113	-20,2100
6,3316	-9,5933
2,9237	-8,6760
16,6204	-14,8361
-7,1032	-14,3774
2,0061	-5,2022
0,0403	-6,9718
-0,1567	-1,2045
-1,8602	-5,7921
-7,2345	5,2179
2,3996	5,3491
-8,9385	0,3684
7,0526	26,5172
-12,5428	28,4175
20,6839	5,4148
-9,3315	12,2306
12,8197	15,1141
-6,1857	20,0949
21,9947	17,8011
0,3678	7,3154
11,8366	13,8691
1,0235	13,2135
14,2614	2,9901
6,1352	17,2113
7,1836	12,8203
5,3490	8,4295
12,4266	19,3740
21,2741	13,7378
-0,8115	21,2090
33,1362	27,7625
10,3950	18,8497
34,6434	15,9662
12,3610	14,8520
27,0411	10,7889
-0,1563	11,1820
13,8028	8,1018
2,2031	8,2328
13,4094	6,7254
4,2346	1,6136
2,3994	-7,8236
8,1667	-3,6295
0,0400	-18,3749
13,9994	-7,2995
-8,0211	-10,7075
3,0550	-12,5425
-10,6423	-13,1979
15,3755	-13,0014
-13,1328	-12,8702
4,2345	-12,6081
-8,4142	-21,2587
3,9721	-12,7389
-15,7539	-13,1978
1,1540	-5,9888
1,9406	-9,6589
3,5132	-14,6395
-5,5304	-3,3018
-3,8267	-10,3798
-10,2488	-21,1275
-9,2006	-3,9572
1,5475	-4,5471
-21,4557	-8,6759
4,8244	-14,3775
-11,5598	-15,6225
17,4072	-3,3674
-3,1056	-3,9574
14,0648	-6,2510
-3,2365	-5,6612
24,8781	-15,6881
-0,0254	-6,1852
13,6061	-2,4499
9,5431	-6,9716
10,3948	7,7738
10,7229	-2,7119
17,3416	-9,3308
14,3929	20,8155
0,8924	6,6596
24,2234	-3,6291
4,3002	18,8495
28,3520	2,7276
7,0527	11,5752
22,5849	9,4124
-0,2217	-0,7456
33,5292	14,9175
5,0866	13,4755
27,4342	-2,8429
-2,3845	12,6891
1,8097	-0,7459
3,0550	-8,5444
2,7269	-1,1389
-6,9721	-1,1391
-18,7034	-7,1683
-8,5450	10,0675
-16,4753	-5,3990
-3,1713	-1,0733
-27,0266	8,4947
-8,0864	7,7738
-19,2278	7,7084
-3,0404	-0,8767
-24,2739	-0,6802
0,3675	3,6452
-19,5553	-3,0394
4,2995	2,4000
-15,7542	3,3174
-8,9386	-8,2167
-6,7757	5,9389
-24,4707	4,1038
-23,3561	5,4800
-14,9024	-7,0372
-12,4118	3,1864
-27,9440	9,0844
-10,3146	-5,7266
-22,6356	-1,9254
2,0715	7,8393
-23,4877	-14,7705
1,7438	-6,7095
-17,8514	0,9580
-2,1229	-10,8383
-14,0502	-1,8599
2,3991	-1,7945
-19,0308	-10,5106
-12,2151	-0,4837
-8,6761	-3,6949
-3,8921	-3,6950
3,1860	-7,8894
-7,5621	-8,1514
3,7104	-5,3991
2,5305	-19,0305
14,6547	-19,0962
-4,8749	-20,0793
23,8953	-27,8125
-2,5157	-30,9581
19,3732	-21,9144
-2,1880	-22,5698
14,1959	-22,3074
1,8098	-21,2590
1,8750	-23,2249
5,0212	-19,4238
13,6058	-13,1323
6,2007	-20,8655
1,5473	-5,1369
-0,0252	-14,9017
-4,0887	-5,5299
15,0479	-10,7073
-15,6885	-2,3842
21,4050	7,9049
4,2344	-1,7945
20,2252	2,1378
6,9870	2,3344
21,2082	-2,5152
6,1351	-2,0563
14,9823	4,2351
0,6302	2,2690
8,8219	5,3492
-1,0737	6,5943
-1,3362	-5,7919
3,2515	4,6938
-10,2492	7,8394
-2,3189	2,5310
-7,5622	4,4315
10,5259	1,4168
-4,0233	4,2348
14,9824	-0,0906
0,3679	-11,3627
24,0263	-2,5809
4,3001	2,1375
21,9293	-17,3265
15,3103	-2,9086
22,7156	-9,3312