15,8976	-22,5945
-0,3552	-36,5536
21,1405	-31,5729
4,9531	-45,9909
12,0310	-41,4689
3,9046	-37,6679
13,6693	-48,6781
9,7372	-55,8213
2,7902	-51,6272
-0,1587	-63,6202
-2,4528	-48,4159
-6,9090	-55,8217
-13,1352	-61,3265
-12,5452	-50,4477
-22,5069	-52,7414
-20,3442	-60,6712
-38,1044	-52,6104
-19,8199	-66,9627
-28,2086	-59,1639
-19,4924	-66,9629
-32,5995	-67,0938
-21,1963	-57,3292
-14,1183	-72,5991
-8,2859	-87,9999
-18,0504	-72,3370
-22,9658	-92,2601
-24,0141	-91,9977
-35,0244	-91,7359
-25,3249	-107,3989
-36,8595	-83,4785
-30,9610	-104,5157
-43,2820	-104,1223
-32,5996	-98,0276
-47,9351	-109,2342
-35,8765	-109,5618
-40,9883	-92,7847
-27,8158	-117,1641
-50,6221	-108,7099
-35,5490	-105,3022
-43,2166	-122,0138
-31,0926	-115,8534
-40,0710	-126,4049
-43,8722	-124,7664
-51,0153	-127,7812
-55,0787	-141,6748
-47,8698	-135,6454
-60,3217	-136,7598
-50,9500	-143,5098
-71,9872	-129,2887
-57,9624	-142,9204
-72,5116	-142,8545
-68,5795	-132,1070
-78,4100	-157,8625
-75,5921	-144,9518
-77,8858	-147,6391
-76,5754	-168,8070
-88,3062	-156,1586
-88,6341	-164,4164
-95,7774	-172,1495
-108,6227	-166,1859
-110,1952	-175,3610
-112,6203	-187,9439
-111,3751	-181,9804
-117,4045	-192,8594
-111,1131	-193,5803
-123,6960	-193,3184
-108,1641	-208,7849
-124,6136	-203,8698
-113,0793	-221,2370
-133,2643	-229,2321
-118,3877	-209,7684
-127,6283	-243,5848
-127,9561	-231,2640
-125,5968	-235,4586
-132,7405	-245,3544
-140,7357	-222,0894
-148,8624	-250,7287
-155,2848	-251,7116
-164,6566	-250,7287
-158,2341	-258,9208
-174,8804	-267,2439
-168,6545	-269,2102
-179,1404	-298,4392
-176,5846	-282,3174
-192,5752	-293,6556
-184,5145	-321,5082
-185,7596	-317,1175
-176,9781	-341,3660
-203,1267	-340,2518
-195,5246	-331,3395
-185,8253	-363,7143
-188,0539	-351,3935
-204,3719	-373,4140
-194,2796	-383,5718
-191,7237	-380,0330
-210,6635	-388,2253
-197,9494	-399,3007
-206,5347	-388,2910
-194,1486	-405,9202
-212,4331	-396,4175
-192,7067	-409,3938
-207,8457	-423,0907
-208,4355	-417,6516
-208,1733	-436,6571
-207,1250	-444,5213
-229,4070	-459,9225
-222,3949	-460,6436
-231,2422	-467,8527
-240,0898	-480,4358
-241,5970	-492,8220
-250,3791	-480,3705
-250,7722	-499,5072
-254,5080	-513,5972
-253,3283	-498,2622
-262,6999	-519,0371
-254,2459	-523,6902
-264,8627	-521,5932
-256,5399	-536,1422
-272,4649	-534,1762
-272,0063	-549,8395
-274,3000	-554,1648
-263,0282	-552,7231
-272,4653	-561,7018
-286,3590	-567,3379
-284,5240	-574,4814
-307,2651	-597,5501
-294,2234	-590,8656
-308,1829	-604,5629
-316,1126	-628,4180
-327,6471	-634,1198
-325,6157	-634,5133
-350,3229	-660,7935
-335,8396	-662,6942
-360,9400	-685,2387
-354,7142	-681,7654
-369,3288	-699,0673
-369,0013	-720,9561
-380,4700	-711,5848
-382,7641	-724,7578
-390,1039	-735,5058
-396,5923	-736,8822
-401,4418	-759,8854
-413,6318	-761,2618
-409,0443	-762,5071
-434,1448	-784,0687
-435,3898	-782,0371
-451,8396	-788,7877
-438,4704	-810,1523
-459,0489	-811,4633
-455,7722	-832,5659
-479,0375	-837,0225
-465,3407	-852,4237
-478,6446	-868,9388
-488,4751	-871,2326
-493,8491	-877,1313
-504,6627	-892,4667
-509,7087	-893,5811
-513,2480	-917,5673
-511,2820	-919,8611
-523,9307	-924,6457
-527,3385	-947,0590
-543,5260	-945,2897
-543,1328	-958,6595
-557,3544	-978,9101
-548,9660	-978,4516
-571,5105	-1004,7973
-573,7388	-1022,0332
-590,5816	-1009,9095
-593,3998	-1042,2189
-594,2519	-1047,3306
-603,3618	-1045,8237
-610,9638	-1075,3803
-624,9233	-1070,7274
-628,2000	-1086,6527
-647,2711	-1081,0823
-648,1886	-1089,9299
-657,6914	-1100,8745
-648,6476	-1105,5277
-669,6847	-1112,4747
-659,0024	-1136,6575
-673,0927	-1123,1573
-668,7020	-1150,1584
-677,9424	-1160,5785
-666,7360	-1151,3383
-680,8262	-1177,4873
-670,0785	-1183,1888
-682,4647	-1184,1722
-679,3189	-1200,9495
-678,4014	-1204,8160
-682,2026	-1197,6729
-681,4816	-1219,0376
-686,2002	-1220,4137
-682,8577	-1215,3023
-685,6759	-1221,3314
-675,9765	-1216,8096
-691,0498	-1225,5259
-671,9789	-1214,5159
-693,5402	-1219,7589
-671,5856	-1230,8343
-679,2535	-1218,2514
-679,9087	-1227,6233
-682,5955	-1236,9946
-659,7236	-1222,9046
-660,7066	-1233,2593
-669,2263	-1223,6255
-663,8520	-1222,8392
-657,3642	-1228,5407
-654,8080	-1220,0866
-654,6114	-1227,3611
-640,7832	-1228,3440
-648,1888	-1217,5961
-641,2419	-1225,3293
-642,8801	-1219,8242
-627,9380	-1218,3169
-636,8507	-1220,4794
-620,6633	-1203,7678
-624,0711	-1203,7024
-604,0827	-1218,2510
-607,4248	-1191,1847
-611,4881	-1193,8062
-603,6235	-1189,0873
-603,7548	-1170,0164
-590,7784	-1171,0649
-595,8250	-1168,1810
-595,3659	-1156,7777
-600,4777	-1153,8282
-578,2610	-1127,8105
-595,4314	-1121,1913
-575,5738	-1115,0960
-579,4405	-1089,8647
-569,6756	-1088,9470
-571,8381	-1072,6938
-547,1966	-1058,0792
-554,1432	-1061,5523
-545,7546	-1037,6970
-538,2177	-1030,9468
-523,2755	-1030,8153
-516,1974	-998,7683
-510,8234	-997,1954
-500,5995	-996,9329
-495,6187	-985,9882
-488,0162	-970,5216
-481,6592	-941,3580
-466,1926	-951,1228
-478,1856	-942,7991
-450,5294	-911,8662
-467,1754	-912,9802
-454,8545	-901,2488
-437,4876	-887,0931
-442,9927	-883,8815
-448,7594	-861,5991
-434,7349	-851,6376
-418,6130	-856,0282
-415,0742	-831,4521
-426,6081	-816,5753
-423,6588	-811,9875
-399,2793	-795,9967
-401,6387	-794,2926
-377,0625	-774,9592
-389,9075	-768,4057
-372,0159	-771,4199
-377,8485	-745,5332
-356,7459	-751,8246
-365,4620	-737,8651
-349,5367	-726,1342
-346,0632	-718,5319
-334,5945	-701,4268
-331,2520	-689,1716
-337,2158	-700,7711
-338,5262	-674,8842
-330,0068	-667,0854
-332,1037	-659,1551
-329,6135	-637,7904
-327,9749	-640,4116
-329,1547	-623,8963
-320,2416	-604,4321
-312,8362	-604,5629
-318,8654	-585,8195
-320,2414	-572,4502
-302,1536	-585,2293
-307,5930	-558,3594
-289,3739	-552,6578
-286,3592	-542,1063
-288,2598	-534,3729
-288,5869	-531,2926
-266,1739	-527,9500
-275,4798	-507,3063
-276,2662	-508,8789
-254,5081	-490,2665
-259,2925	-491,0531
-260,4717	-494,1985
-256,1464	-480,1737
-242,9081	-468,3117
-250,4446	-469,1635
-227,9002	-458,6121
-232,1599	-465,5586
-219,3149	-445,3735
-214,9893	-441,7036
-209,2222	-436,8537
-199,7849	-431,0865
-209,4842	-431,9384
-200,3743	-420,2073
-189,1025	-409,3285
-197,9495	-421,9111
-195,9179	-394,9757
-181,3034	-395,8277
-205,6170	-398,2522
-179,4024	-380,8851
-182,2864	-369,4163
-173,4388	-366,9258
-182,7448	-358,6682
-162,4943	-361,2894
-168,1303	-334,8783
-166,6229	-340,5801
-159,0206	-351,6551
-151,3531	-313,9065
-156,5957	-321,3121
-155,6127	-316,2000
-149,7798	-298,4398
-147,4862	-306,0419
-137,4589	-287,6914
-141,8500	-282,9730
-131,3640	-290,3784
-134,9685	-266,5231
-126,5142	-261,8046
-129,5943	-269,9308
-108,7539	-242,1435
-123,8927	-254,5955
-113,9967	-250,2695
-116,8802	-225,6282
-110,1957	-236,6382
-112,9480	-227,0698
-104,5596	-222,9410
-110,7853	-226,2830
-106,5911	-205,4427
-99,3164	-219,0087
-115,3074	-208,6537
-90,4690	-198,1680
-104,6906	-199,0855
-104,5591	-184,5364
-105,9354	-178,4417
-89,5516	-194,9563
-105,2145	-176,6717
-90,5347	-164,0236
-104,1659	-175,2953
-92,0419	-159,6978
-99,9716	-168,3484
-90,5345	-156,8795
-84,5052	-145,4108
-92,6317	-150,8501
-82,8666	-130,9926
-90,4034	-130,5341
-83,5220	-141,6749
-92,2383	-127,6500
-83,6529	-127,9777
-88,1095	-126,2081
-73,4293	-107,0062
-92,2381	-114,4772
-73,3637	-101,1077
-84,8981	-101,8944
-74,4778	-114,8701
-77,9513	-92,5880
-77,4270	-100,7800
-66,9412	-104,5809
-69,3007	-85,9032
-79,9827	-90,2941
-70,3492	-84,0681
-72,4461	-86,8862
-78,0169	-93,3086
-69,3003	-73,1891
-66,2204	-95,9301
-67,4655	-80,5289
-73,6257	-72,5995
-65,3027	-89,1144
-85,3565	-84,7888
-48,3288	-86,6240
-77,2303	-90,2283
-57,4383	-82,8228
-64,7783	-81,9709
-54,9481	-79,7426
-63,1398	-81,3155
-54,4238	-78,6938
-53,3094	-73,6475
-51,7367	-67,8805
-50,2945	-77,7763
-46,6247	-65,1277
-35,6145	-56,2806
-48,3285	-67,1594
-28,9951	-60,1471
-40,9229	-63,2272
-36,7283	-50,1200
-40,3984	-49,9235
-35,8764	-56,5425
-34,7623	-40,8137
-33,1240	-37,6025
-31,3544	-53,5931
-33,3207	-38,3231
-19,6235	-39,3062
-34,5659	-30,7864
-32,0097	-21,2183
-32,7308	-40,8790
-24,8008	-30,6553
-24,6701	-22,9877
-34,3690	-33,0802
-31,0267	-25,4125
-20,7376	-31,4419
-31,0923	-32,4247
-18,1816	-28,4272
-32,1406	-38,3231
0,1029	-29,9344
-9,0066	-22,8568
-12,2178	-30,3933
-13,5283	-23,9053
-11,6935	-37,2746
-9,0063	-42,9760
-4,4846	-31,5728
-12,3488	-32,1628
-23,2934	-37,2745
-15,3634	-28,6893
-20,4753	-36,6192
-13,9872	-25,9367
-28,1430	-22,0704
-18,3125	-41,3376
-24,2763	-22,9219
-6,5162	-33,8665
-16,2811	-21,3489
-17,7884	-6,9968
-23,2277	-24,0361
-4,8778	-24,7567
-12,3488	-14,2713
-6,8438	-18,5309
-7,8268	-19,3175
-10,8415	-25,2813
-13,1351	-37,1431
-1,0111	-11,1255
-7,3681	-19,0554
-14,4459	-19,8417
-6,9747	-9,2904
-13,2007	-13,1569
-8,3509	0,2125
-13,0040	1,0644
-3,6324	-7,3240
-13,2661	10,6985
-5,9263	12,2712
-4,3533	20,3322
-8,5477	18,1039
-11,7589	9,7155
-10,9071	15,3516
-10,5137	8,0772
-14,1839	5,8490
-14,5114	16,0070
-13,7249	6,9630
-2,9115	8,6015
-21,9824	13,6476
3,9045	-0,2459
-4,2221	13,6477
2,3971	13,8441
-2,1903	5,8490
11,5720	25,4440
-6,6467	20,3978
16,5529	16,4003
5,0185	16,6623
11,1790	15,1551
8,0989	23,2816
14,1280	19,2182
16,2253	12,5993
9,4094	21,6432
14,9801	17,5143
0,8242	14,5653
7,4436	15,2206
1,7417	16,0070
2,3971	22,4950
-13,9213	18,7594
-3,7633	4,7349
-3,4356	23,4126
5,2803	14,8927
-7,3024	7,4219
0,7584	22,0363
2,5279	11,4848
-4,3535	8,6015
-11,8243	23,1503
-12,0866	0,2783
-8,5475	13,8445
-23,2277	13,8442
-4,4843	17,2523
-19,6887	32,5220
-4,8120	20,1357
-17,1329	19,8082
-4,2878	26,4928
-10,9069	14,4342
-0,5523	17,7112
-19,5575	27,1482
1,0863	16,0072
4,4941	18,3010
2,5935	13,9755
0,6277	17,4490
5,4117	24,3301
13,3417	6,3078
-0,4866	18,6942
2,3319	19,0216
8,4919	14,1721
-0,7486	32,5221
-4,2220	27,6723
5,5428	20,3981
-11,5622	38,1583
-5,4673	32,3911
-23,6863	38,8792
-2,6494	32,4566
-15,9533	23,0197
-11,5624	31,9325
-19,8853	30,2939
-7,4337	12,2718
-7,1058	27,4103
-4,6156	16,9900
-1,9284	11,6161
-17,9193	19,2835
2,2660	-0,9014
-11,1034	11,2228
0,4965	1,4576
-8,8096	-19,0548
2,2659	5,9798
-11,7587	-6,6688
-1,7972	-6,2753
-10,1202	6,1763
7,5742	3,4894
-5,8604	9,1254
5,3460	6,4386
-1,2075	1,8511
7,1810	15,2205
-3,6323	3,8171
-5,4019	6,6354
-0,9454	16,2690
-7,3024	10,5019
-4,0910	9,8468
-15,8875	21,4464
6,7879	16,5968
-16,7397	31,2114
-1,7972	23,6747
-5,1397	16,1384
3,5108	33,4397
-15,2978	26,6240
-3,8291	19,5464
-12,1521	42,2215
-6,5160	28,1313
5,8046	30,3597
-9,8585	41,1074
-15,6253	18,5630
-7,7613	26,5586
-8,9408	19,6771
-6,3195	19,7428
-10,0549	21,8397
-20,6062	7,2908
-7,4335	16,1382
-26,8321	30,2281
-12,1521	6,7664
-24,7351	13,0579
-21,7859	17,0554
-13,5286	2,7031
-13,9873	13,0579
-20,2788	9,1255
-19,8200	7,8804
-17,3951	10,3052
-21,7206	-4,3093
-14,1837	1,3270
-16,8053	15,4169
-1,4698	4,6692
-14,7081	22,8881
-4,6154	12,2057
-19,0989	9,8467
0,7586	26,5583
-14,4458	5,9145
-2,2562	19,9394
-17,5260	31,6044
-9,0064	15,6140
-13,5939	28,6556
-4,1569	18,8907
-21,7202	17,3834
-7,1059	25,3131
-5,4020	9,1913
-16,0188	25,6410
-14,3802	23,0847
-13,3316	0,6717
-0,7488	18,5630
-12,0210	14,0408
-2,1905	13,5167
-6,9091	16,4002
0,8896	9,8467
-6,3849	7,3564
1,4793	14,9584
-2,1251	2,5723
-13,4630	28,7865
-13,5937	11,8126
-4,4845	4,0141
-9,9239	14,0410
-14,4460	21,0532
-10,9068	9,0601
-8,1545	11,2229
-9,9894	2,6377
-24,4073	7,2907
-1,0108	11,9438
-17,8539	9,1256
-11,1035	13,0579
-19,4266	16,1379
-10,1861	7,4873
-23,4899	14,5651
-13,3974	12,2057
-17,3951	12,4025
-12,0212	22,4294
-22,5723	2,3100
-16,3465	19,5459
-8,6131	18,7595
-11,5623	7,3564
-6,9746	21,0533
-16,5429	19,2839
4,6908	19,8737
-6,1226	26,9515
-1,2073	19,2840
-2,9768	30,8182
14,3247	24,4611
0,6276	20,8569
5,0186	25,4443
8,2299	19,6115
10,9822	13,5169
6,8537	24,9200
11,2444	11,9438
4,8876	9,1915
9,1472	22,4295
10,2614	4,9971
-1,4040	23,6747
13,8660	15,1548
6,3291	12,7957
4,6909	20,8565
1,4141	13,8442
9,4095	10,5020
-4,3531	18,5627
3,1836	-0,3770
-3,3045	9,7811
5,0839	9,0601
-13,2660	15,6792
7,3777	12,4679
-0,4867	11,4195
-8,0233	7,6840
-9,2683	10,7641
-1,1422	12,0749
-9,1373	26,9516
-22,5723	21,5118
-10,2514	12,8615
-18,9023	34,6847
-15,2976	18,7594
-18,7057	18,4974
-7,3679	19,7426
-17,5260	16,4657
-6,3195	17,5143
-15,6911	12,0092
-4,8123	3,7518
-22,7034	17,9730
-2,9117	5,5211
-16,7397	6,0455
2,0035	4,8657
-3,8947	1,3924
-12,0212	8,6014
-1,2730	12,2056
-8,7444	-4,6369
-3,9600	13,1233
-5,9917	3,3584
-1,4697	6,5698
-14,6424	22,6914
-2,7148	11,1572
-9,2029	10,8952
-0,4867	26,2305
-10,7102	10,5018
-4,9431	19,8737
-3,3701	18,7594
3,7731	8,8636
-7,3022	12,2060
0,4965	13,1233
5,6738	7,8806
-1,7973	16,5968
6,8537	1,9168
5,4772	7,4219
11,9655	17,0556
-0,0275	11,9438
24,2208	21,6431
8,3610	14,6306
16,0288	9,1259
8,0335	11,1573
27,5629	-0,6390
12,6209	13,6478
17,5359	13,0576
11,2446	4,2105
13,8003	5,1935
7,7057	5,1278
9,0162	-1,9500
6,3293	3,8171
-3,8945	5,0622
7,8366	-6,6031
-4,2878	7,5526
0,5621	-1,7536
-12,0209	-0,7704
-0,0279	1,9164
-7,8266	-2,8675
9,7370	9,9774
-5,1397	3,7515
7,5743	2,3754
3,2491	7,7494
16,1596	9,9120
7,4434	15,8759
14,8490	8,5358
14,0628	7,4219
14,4558	20,0702
16,6842	26,7548
11,1136	5,7180
18,4537	23,8060
7,7057	25,3131
9,6718	21,0534
-0,2897	30,7527
11,3756	18,5631
-1,4039	29,8354
5,0186	33,1774
-1,1419	17,5146
7,1156	39,1414
-3,2390	17,7765
9,2783	17,1869
7,9020	19,0873
-5,7293	4,6694
4,9531	17,4489
8,9506	5,7177
12,2275	0,0163
3,3146	13,9752
-3,8286	3,6859
-0,5519	-2,9331
12,6863	7,0283
-0,2244	6,8972
6,4603	10,0429
1,5451	2,3097
3,1833	-1,0978
0,4309	27,4757
5,2803	11,2227
-7,8921	12,9925
-4,4189	29,8350
-6,2538	9,2568
-9,0065	9,3225
-13,8559	17,7764
-16,6084	7,2908
4,1009	14,1720
-9,8584	6,8318
1,3484	8,7981
-13,6594	19,5458
-2,2561	3,6861
-14,9045	17,3178
-3,2391	22,6915
-3,5668	13,8443
-4,6811	28,0001
-6,7780	17,9731
9,7368	16,2038
-2,9769	21,3155
3,6422	14,6308
5,7395	18,7596
0,4965	15,7448
8,8198	9,7156
5,4118	23,3471
15,3734	22,8880
6,0017	6,0456
16,7498	19,4804
8,6887	10,2397
21,5339	15,1551
16,2253	22,9537
24,2207	10,1087
7,4436	21,5777
20,5507	22,0363
7,8367	8,2739
13,0794	25,1167
2,0041	19,8082
3,5111	10,9610
6,3294	19,1529
-4,3533	20,2669
-2,3213	24,8544
-3,5668	24,0679
7,2467	6,9631
-14,7079	18,8251
6,2637	14,2374
-10,1860	-0,2458
-4,4842	14,6308
-5,4673	5,1278
5,5426	5,7833
-9,2684	16,7933
2,5936	-5,8823
-0,6176	8,8635
3,3144	7,4869
-0,2898	-0,5737
0,4309	4,4070
8,4920	-0,5082
3,7077	0,4749
4,1667	13,7785
1,5453	-2,0157
18,7813	2,3753
9,6716	1,9165
10,9170	-9,5521
5,0188	4,0138
21,7302	7,0937
11,2446	1,1956
13,8659	-1,8190
9,0163	-7,3241
8,6885	-3,7850
5,6085	8,9286
5,6084	-17,3510
6,0017	2,8995
7,2467	-8,8314
4,7565	-1,4259
-0,7485	3,2927
16,0943	-4,3094
3,4458	0,1470
25,6625	-3,1298
12,3586	-9,8799
22,1891	-1,1636
12,9485	7,0936
18,3880	-12,5014
17,9293	-0,5738
17,4049	-2,6055
15,0457	-6,4065
22,4511	8,8633
21,5993	-8,1761
20,6161	-3,6539
21,2717	1,7199
9,8684	-10,2731
20,3544	-0,4428
21,9270	-6,6033
23,5000	-7,7173
17,0774	-3,7198
15,7013	-22,3975
14,9149	-15,7783
26,7112	-0,5087
10,4583	-24,2982
28,8739	-21,3489
12,6865	-15,7130
31,2986	-25,3467
15,4390	-9,4872
14,5870	-31,0484
20,4197	-27,3782
14,2592	-14,4023
18,0605	-31,1794
11,5066	-19,7107
5,5431	-20,9559
6,9847	-27,7715
6,6570	-14,0746
0,5622	-22,0702
15,8320	-18,8586
1,4140	-13,0917
9,0818	-25,9366
4,8876	-14,7299
13,8660	-6,2105
15,3078	-24,2325
19,5021	-3,8509
17,2740	-16,6960
18,9779	-19,6449
32,2817	-12,1738
23,0409	-19,3828
15,7667	-4,7682
15,3734	-5,0961
23,3032	-23,4458
3,8391	4,7345
26,8423	-3,5232
6,5916	-0,7705
16,8153	6,1763
3,5115	2,7685
32,1505	1,7200
8,1644	6,5040
14,5214	-0,1805
14,1938	0,0162
10,4580	14,1717
9,1474	-5,8166
10,3269	2,7031
9,8027	-4,1783
-0,3555	9,9120
-0,9451	3,0960
0,9554	-9,0933
15,6355	6,7663
2,0040	12,0089
18,9124	-4,0471
9,8030	15,1549
30,1191	7,7492
19,8955	-0,0494
25,5972	7,2250
24,3520	0,0815
32,6094	2,0478
18,0605	2,5718
24,6795	-5,9477
19,8300	5,5866
6,8538	3,6859
25,1384	-1,2947
11,2445	7,9458
12,8832	-5,0303
12,4899	-2,2121
17,6017	1,9165
14,8491	-10,4041
17,6672	10,6984
11,4413	0,0814
21,9269	-7,3240
13,2762	0,2127
8,6231	1,9165
2,4628	1,7199
19,5674	-5,2270
-3,6322	-10,0766
-4,2220	-4,7027
3,9045	-1,3605
-3,3047	-18,9240
1,1519	3,2927
-7,8265	-12,6983
-0,2899	-11,7805
-10,1203	2,4406
8,8196	-10,2734
-7,7610	-2,4745
5,1495	-4,5717
-5,3362	-3,7851
4,4941	9,1254
-1,4040	-2,9333
3,6421	-3,4574
-2,1249	0,5403
8,2296	-5,0302
-7,6954	12,0745
-0,1589	-4,5061
2,8558	-10,2729
-10,0549	14,6305
-1,7315	-2,0812
-6,9746	-9,4210
2,0040	14,4995
-5,8604	-2,8022
10,5891	-6,6685
-5,2706	6,5039
3,5768	-10,4043
7,0502	-4,3749
15,4386	0,1468
1,2176	-12,3049
14,1281	-9,2902
7,7056	-11,9117
9,2128	-17,6788
16,6185	-7,5208
1,8073	-9,4214
9,5408	-6,6688
7,1156	-2,3435
15,0457	-12,6326
2,2660	-7,3896
11,7033	-2,9333
5,0841	-14,5330
6,7880	6,0452
-3,0422	-12,3050
3,5112	-7,0618
3,9701	0,9334
9,0160	-9,1591
2,2661	-3,7197
8,9504	-11,0597
-5,9259	-15,2538
-3,3046	1,3266
9,5405	-16,8269
-2,1906	-15,1883
-10,3168	-9,2247
-6,5159	-19,2518
-3,6322	-5,4893
-12,4141	-16,0407
-3,5012	-21,9387
-9,0718	-7,4554
-3,5669	-17,6135
-18,1813	-10,7321
-2,0596	-18,6619
-6,7782	-19,3171
-10,9726	-6,1445
-13,9871	-1,6882
-12,8732	-9,8144
-16,2810	7,3559
-13,8563	-3,1954
-10,9726	-8,6346
-28,4707	0,1471
-7,0403	-5,0958
-24,7351	-3,2606
-10,1203	8,4701
-24,0796	-5,3579
-11,3000	3,3585
-17,3949	2,4407
-2,1250	-10,0764
-17,7226	3,9482
-5,5329	-2,6710
-11,1691	-5,8821
-9,5307	-4,7026
-6,5160	-9,6832
-5,9264	5,1279
-12,4142	2,6373
-7,5648	-10,6007
-14,3147	0,9336
-15,2979	-6,4065
-6,9747	0,9990
-22,8999	-11,6495
-0,5520	-5,0303
-10,1205	-7,7829
0,9553	0,7367
3,4456	-11,4530
7,2466	-0,3118
1,0210	-20,8902
14,1281	-21,2831
14,7836	-6,9965
19,6331	-18,2687
13,5385	-13,9431
20,9438	0,1469
16,0943	-15,5161
7,9677	2,8996
2,4629	11,2224
11,5722	-13,6154
14,1936	-1,4913
1,3485	-2,7365
3,4457	12,2712
5,2152	9,5841
16,0285	-9,3555
2,0039	6,8320
8,3608	17,9728
2,3972	6,2421
7,9022	5,9799
14,7179	5,6523
9,6715	5,0626
11,5723	17,9074
10,1302	0,4093
4,8876	6,7009
-2,6491	7,5525
7,1159	-4,3093
4,0355	2,5063
6,3949	-10,5354
1,0209	-15,0573
16,3564	0,2124
-1,6005	-23,7083
5,1498	-12,6326
11,2445	-2,7370
15,7008	-28,9512
6,7225	-13,8122
10,6546	-17,6791
8,5575	-24,7568
10,0647	-11,4531
12,1620	-9,6181
5,5428	-15,9094
12,7518	-1,8193
-2,4525	-20,9556
11,5723	-1,3601
3,1837	8,4698
11,4412	-6,3410
-3,9597	1,3924
21,9923	1,0646
0,1033	4,4072
1,4797	11,8780
-0,7486	4,6037
1,9382	14,7618
-1,6006	13,2543
0,1687	1,3925
-4,3532	13,9755
-11,4311	12,0746
-4,6153	2,8344
-12,0211	15,2204
-9,8582	6,0454
-16,7397	10,5020
-9,3340	8,9289
-19,2300	2,3099
-10,1204	12,7300
-18,2470	10,5017
-10,0551	-5,3578
-27,6841	13,6476
-22,9656	-0,0496
-27,1598	-4,3748
-13,1353	5,5866
-16,5432	-6,0134
-28,4054	6,7008
-28,7326	12,0744
-24,6698	-1,9501
-17,5918	4,1448
-29,0606	8,8633
-26,9633	11,5503
-25,7837	19,3491
-23,6210	0,8024
-29,3881	4,9969
-13,7249	13,4510
-23,9486	3,1618
-9,2030	2,7688
-12,8731	5,9798
-7,4991	5,4556
-15,8875	5,7176
2,5934	-0,7704
-10,4481	1,7200
-4,2222	-0,1807
-4,2877	-9,5521
-12,6763	8,7978
-1,2074	-3,0644
-19,2954	-12,7635
-2,1904	7,0284
-11,8898	0,3434
-0,0933	-9,6178
-17,1326	0,0814
7,5744	-5,0303
-8,9407	9,8463
-1,6663	0,4745
-0,1589	-14,5329
-0,8144	0,2782
-7,9577	1,2611
1,4139	-4,5060
-4,8120	0,2127
-11,8244	5,5210
-6,1225	3,9483
-4,5500	2,7685
-6,7125	-1,3601
-15,3632	9,5188
-2,6491	-1,1636
-12,8073	-3,1951
11,1133	14,1718
-7,4335	-2,0812
3,7077	-0,1149
-12,0864	3,8170
3,2489	-0,3117
-3,4357	6,7662
6,1979	0,4090
-1,2075	-9,2901
3,5765	-5,0958
-5,0085	-3,3264
5,1494	1,3923
5,1494	8,2733
-9,9237	-19,5793
5,9361	1,7857
-9,3994	6,8315
-1,6005	1,7856
-4,3532	13,2542
5,5428	4,6691
-15,7563	10,3708
-1,0108	4,0139
-7,6300	-2,2120
-1,6663	26,5583
-1,0109	13,0576
-3,3047	2,1790
-4,2876	13,6477
2,7901	10,1087
-0,4867	9,5189
-4,8121	11,4194
-0,4209	1,3268
-3,4358	5,5868
0,1034	8,7980
-3,4356	-0,0493
-0,6830	19,7425
-7,0401	13,5818
3,7078	5,0625
-12,4795	15,8757
8,0330	-4,5714
-10,3170	9,3222
2,7900	8,9944
-5,9917	-5,0302
-15,1013	5,8488
-3,4357	-5,9479
-9,4654	-4,6370
-15,6910	6,9627
-16,0187	-3,1299
-8,8098	-13,6810
-12,0212	1,0645
-19,2955	-18,4652
-21,0649	-6,2098
-10,9069	0,4089
-22,7034	-8,3727
-7,3024	0,9989
-9,9894	-4,2442
1,4792	-21,2177
-11,1690	-12,0426
-0,8800	-11,0598
-5,3363	-4,5061
1,8726	-8,3073
9,9336	-18,4651
-4,5500	5,7176
-2,5180	-6,5378
-2,4526	-7,2583
1,2174	22,8879
-7,1712	-3,9164
8,8850	-8,3068
-5,0087	10,0429
-6,9747	0,2126
-16,5429	-3,0641
-5,0086	3,1618
-13,7247	-3,2607
3,4454	4,4071
-0,8143	-3,9815
0,2342	9,8467
-0,2243	17,1210
1,5449	17,6452
1,4141	22,3638
-3,8945	7,8804
3,8389	10,2398
-9,0062	15,6136
0,4311	3,2274
-7,3023	8,9946
1,0209	6,3730
-0,5520	1,3925
15,0453	17,1210
-12,0208	4,5379
10,7857	4,3417
8,8851	22,8226
2,4625	3,8172
8,4920	7,2908
15,7660	13,0578
-6,4503	6,5697
-6,1228	9,8467
-5,7293	13,1233
-2,1908	1,7201
-9,3995	7,8149
-10,1859	7,2906
1,4795	-5,2267
-3,6977	8,9944
-0,3553	-1,2948
2,7905	-1,1637
24,5483	-0,5084
9,2130	-7,2585
13,3418	0,6057
7,3127	-5,2270
19,4367	-2,0812
14,8493	3,5548
18,9122	-9,0281
12,2933	-7,6517
0,2346	4,2756
17,0774	-19,5794
6,3947	-8,1104
-0,0275	-2,4091
10,7858	-22,0041
5,6738	-2,0157
-2,1903	-6,0137
11,1133	-18,1376
0,6275	-9,6180
8,6884	-20,1694
-10,0546	-16,5648
8,1643	-13,0261
13,8658	-28,2302
11,4409	-8,4384
4,2977	-29,2135
5,2807	-23,7081
20,3541	-15,3198
8,9506	-17,5480
13,8662	-13,8779
9,6717	-10,7323
16,4220	-22,3976
5,2154	-8,1106
13,0140	-18,9897
-4,7460	-15,8438
6,9192	-9,2248
5,4772	-8,3073
3,6421	-0,6396
-4,9430	3,6201
12,3583	-13,0258
2,3968	-7,3240
0,9550	-4,6372
-7,2367	-16,4334
-0,1589	-2,0156
3,2490	-3,5885
5,0184	-2,3433
10,9167	13,0576
0,0378	-9,5525
8,5576	-4,7024
3,9045	6,4384
13,3417	-10,4698
6,2638	0,6058
22,1888	-11,7151
2,0694	-12,4358
12,4240	0,2780
10,9823	-9,8146
8,1641	0,2125
-0,5519	-6,4723
3,5768	-13,3533
6,8537	2,5063
2,9869	5,5863
18,2569	-7,4551
-0,8797	7,6181
4,6911	-7,9139
-3,0422	4,6036
15,8321	3,8825
9,0818	-0,1806
22,8443	4,4725
2,0041	2,3752
18,9778	-9,0278
16,1599	13,8442
24,6139	0,3435
16,9465	-1,9500
30,5778	0,6713
30,5123	-14,0086
13,6040	3,2928
17,9952	0,3436
20,0921	-9,2245
15,5703	0,4748
15,9633	1,1955
22,2548	-18,9239
9,8683	9,3219
16,0943	-6,2757
2,0040	-12,5670
14,7179	-2,4089
7,3122	-12,3705
13,8659	-5,5545
4,5598	-4,7028
3,0526	-5,4235
15,5045	0,2126
20,0917	-3,2608
15,4389	4,4069
7,8365	7,8803
10,6548	-3,6539
4,2321	11,1573
7,9678	16,5966
6,3948	12,7956
4,1666	19,4803
-6,6468	9,5844
6,0016	17,5144
-6,9745	24,8543
6,5914	9,3880
-1,9283	33,9640
-1,2074	32,1942
5,0841	9,2571
3,1179	27,9347
4,1010	22,4295
2,6591	18,0388
0,1033	31,6701
-8,5475	8,2738
-2,9768	12,9925
-7,6300	25,1820
-1,6661	1,0648
-7,4989	9,5846
-2,1250	13,6475
-5,4673	2,5720
2,7901	12,4679
-11,8242	-2,8676
12,1618	-2,8674
4,1665	15,4167
15,9629	-15,9093
9,0819	-6,7997
13,6692	1,6543
18,7814	-7,0620
22,5822	1,5888
15,6356	5,1932
5,9363	-0,4428
17,8640	6,2418
9,1476	-1,9502
25,9903	9,7154
14,5870	12,6642
21,4683	-13,1566
13,3417	7,8805
15,0457	14,7614
12,4898	-6,3410
12,5552	-1,2946
9,8683	-0,3117
20,4849	-4,5060
9,8027	-3,6542
13,1449	-15,4505
6,4604	-0,4428
8,1642	-4,3096
3,4457	-15,7126
-5,0739	-5,2925
13,8004	-12,3048
2,3315	5,3244
10,7204	12,4021
1,0210	-7,1274
13,9316	3,0309
12,0311	12,6645
18,1257	0,4094
11,3758	15,1550
19,6986	7,6182
2,7906	9,2569
16,2253	10,6986
16,0942	-0,9013
11,3754	3,0310
6,1983	16,4000
3,1835	5,5866
3,4457	4,9314
-3,4356	1,3922
-1,7316	5,0624
-4,5496	10,3706
8,4264	-1,6879
4,2321	2,1132
12,6861	5,4553
-3,0423	-8,1759
10,5236	3,4893
9,6716	2,7027
10,0648	-12,8947
6,3294	1,9819
5,6739	-2,6057
3,5113	-12,6326
-2,5181	0,0157
-2,5180	-13,6811
-3,5013	4,8000
-1,9284	-2,4746
-12,0210	-10,2076
-8,6130	6,1764
-20,2129	6,1108
-10,7757	10,1740
-6,4504	14,5649
6,2634	1,5233
-8,2853	11,2883
-0,4866	9,8464
-0,6830	-13,4188
17,9945	18,3007
6,7880	-1,2949
8,0332	-13,2221
18,2568	0,8680
-1,9939	-3,9162
3,3803	3,0962
-2,9769	-1,8847
-4,4186	-14,2052
-9,0063	19,6113
-9,5304	7,8801
-7,1713	2,7687
-11,4313	21,3807
-19,6231	10,5672
-6,0572	6,6354
-11,6278	19,8080
2,5934	-0,1148
1,4138	25,7719
-10,0549	11,2227
-1,1419	6,0457
-0,6177	22,4950
6,7224	14,4341
-7,0402	17,3833
6,0671	26,4271
-12,4797	10,8296
2,1351	15,8106
1,6761	21,4464
2,3315	19,9392
-9,5304	29,3762
5,2152	8,8635
-10,0546	14,4998
11,1133	31,7355
-0,6176	8,9289
5,8049	-1,1634
0,2999	22,7571
-0,4211	-0,9015
-4,6152	5,9799
-2,1907	-0,4427
-11,6931	-1,8188
-7,5646	10,3707
-11,1689	-7,8482
-23,2275	6,3075
-1,5351	5,3243
-10,0550	-4,0472
0,5619	2,3098
-5,4675	1,7853
1,0205	-13,8121
-17,2638	2,7685
-1,0765	-4,6373
-9,6617	-14,2052
2,0037	-7,1930
-0,5521	-9,9455
-0,0935	-1,8191
6,1982	-8,7004
-5,5985	-6,4065
7,2469	-0,5084
2,8558	-4,5716
6,1327	-12,2392
0,1034	8,7321
11,1136	-1,3605
10,5893	-1,8845
24,4828	8,9942
12,7521	-15,2540
30,5777	3,8171
18,3882	-1,7537
33,4613	-14,7950
23,1724	-0,2462
27,2355	-4,6372
29,7916	-2,8019
17,7329	8,2079
24,6144	-8,1760
18,1261	18,1695
37,0661	4,1446
21,2063	-3,2606
23,4346	9,0600
13,0799	7,6836
25,1384	-7,4549
8,7545	-2,5398
22,5169	-4,9647
18,6503	3,8170
23,2376	-1,6881
13,1452	-20,3656
15,0456	-9,4866
8,0334	-4,4407
14,8489	-0,6394
13,9970	-13,0914
1,8728	-19,0550
13,8660	-4,2438
-9,3994	-2,2124
0,8245	-13,8121
-0,4864	0,4747
13,4727	-6,0789
-3,5011	-2,0156
11,7034	3,3582
7,7055	-14,2053
13,7349	8,2080
-0,6173	10,1083
19,1743	-14,4019
9,8028	1,1957
3,0525	1,7197
14,6525	-17,5476
16,2250	-1,3603
6,3294	-6,4068
4,4943	-13,8122
15,3079	-3,3921
6,9846	-14,5332
12,4898	0,2779
4,8220	-13,2881
15,3078	-11,1906
-3,7632	-0,0497
11,4411	-1,8192
7,3123	-11,7150
8,4917	3,7516
1,0208	-0,6394
3,7731	-1,6879
-1,7317	-5,8821
-6,1227	-3,6539
-7,1711	5,4556
-2,5838	1,1301
-10,0547	3,0963
-13,3971	6,3074
-1,8626	-10,3386
-8,0888	-0,7048
-0,8141	7,3559
-2,6493	-12,4358
6,3946	6,3731
-13,5937	0,4746
3,7077	-3,9160
-3,2391	10,9605
5,8048	7,4216
-1,6007	13,3854
6,1325	12,3368
-3,9599	11,4195
6,2635	24,2645
4,3632	15,4171
-4,8775	11,1574
4,6910	22,3641
1,8073	25,7063
16,4219	21,6432
-0,6175	31,1458
15,7667	23,5437
-0,1587	30,0974
12,8831	21,7088
2,8559	17,4491
13,9314	28,5900
-2,0593	23,1505
0,8242	20,5947
-3,5011	25,9029
2,7246	15,0894
-9,3340	16,5314
-15,2978	16,0068
-4,8120	0,0818
-17,1985	16,4001
-13,4627	4,6035
-16,2808	10,5674
0,0376	13,4509
-6,1883	-1,6879
2,2004	11,5505
0,5621	14,7615
6,6569	8,0769
9,0820	13,4509
22,9098	-0,7705
13,8662	-7,9136
24,9416	14,7615
25,2695	-6,6032
25,7281	-3,9816
30,4469	-4,5061
23,8276	-23,6424
31,6266	-2,7364
17,9294	0,3434
16,2913	-12,0426
16,8153	-0,7050
22,4514	0,9333
4,2324	-4,9648
14,7181	7,3558
3,9045	-8,8971
3,0525	-12,5668
5,3462	-2,9987
2,6590	-10,4043
-8,1542	1,2612
-4,4844	-0,7052
-12,0208	-5,6201
-2,4529	10,6983
-5,2707	10,3705
-9,3341	7,5526
-4,1566	4,4069
-8,0888	6,1112
6,2636	22,1017
-4,7465	16,7277
2,3317	12,0749
3,9700	25,3130
11,4410	9,7810
-2,1247	14,8929
11,2445	26,2959
7,3124	-3,9160
20,0918	8,4705
3,3803	11,2882
13,7349	-3,7848
12,4242	13,9754
6,9191	11,1572
4,3634	8,5359
1,2830	8,8635
8,4920	7,2253
-7,4333	16,7935
7,6400	20,9221
-12,8073	5,9801
13,3415	31,2114
-11,4967	17,3831
-2,0593	15,4828
0,6930	24,1989
5,9360	5,6523
-1,1419	20,4635
-0,9452	15,4825
5,0187	-2,1464
11,6375	19,0872
13,7348	-1,9500
-3,4357	-2,4085
6,6571	10,1086
3,9699	1,1957
5,6084	-5,8166
-7,7610	-3,4574
8,9508	-12,6324
-8,5475	2,4408
1,5451	1,7197
-4,5500	-18,9239
-9,9894	1,7199
-19,4265	0,8677
-11,6279	-2,8021
-13,2006	-7,4553
-3,0429	-9,2246
-16,8052	4,1447
-12,2178	4,2755
-13,4628	-26,9193
-9,6618	-4,3093
-3,5013	-3,1300
-9,2029	-10,2076
6,3292	-1,0983
-6,8435	-11,6496
-1,1417	-14,9261
8,8197	8,1423
12,8828	-16,1061
5,6084	-5,3579
9,8026	4,9309
10,3271	-6,4722
13,9313	3,0305
6,9848	-18,9895
17,2081	-12,1736
7,7056	-1,9501
15,9630	-12,9601
9,6061	8,0113
7,8364	5,8486
1,4142	-2,7364
2,7903	7,7494
2,8558	11,7469
-2,2560	5,8488
4,4942	18,3005
-3,8944	-3,1295
9,8025	15,8759
-3,3046	16,3345
10,1958	-7,5859
0,4311	21,7087
11,1134	10,5674
11,9655	6,1111
18,3223	10,2399
17,7982	14,6963
7,0504	15,4171
21,5339	15,6792
19,7642	-1,4255
11,5724	18,0387
7,0505	22,7568
18,1915	-5,4234
3,8391	9,3877
18,3882	-8,9625
8,2956	-7,7827
19,4365	-0,9674
7,6402	-21,8732
20,4197	-15,3852
20,0264	-14,9266
15,7009	-35,3737
22,8444	-12,1740
1,6762	-23,4463
6,2641	-15,6474
8,9506	-16,2372
-0,1587	-15,7785
-1,2729	-12,4358
3,6422	-6,4723
-9,5960	-10,5353
8,6229	10,2395
-14,1837	3,0959
-7,4988	-9,4867
-4,8775	3,2927
8,4261	-3,3265
-4,2222	1,4577
1,1517	-11,7151
-3,3702	-15,4505
-9,5306	-3,7196
-10,8410	-0,6395
6,6567	-10,7975
0,8242	-3,4574
-2,9769	-3,6542
-4,6151	-10,5352
1,3487	-0,5738
17,3395	1,9820
10,7203	10,2396
23,1067	6,7661
11,6380	1,7200
17,4706	9,9774
19,9611	-1,7535
26,1868	-1,5566
21,9925	7,0940
19,6986	0,6060
10,9170	8,0116
6,8535	13,3854
3,7079	0,2129
-6,7781	20,0048
-9,4649	13,7786
-16,7397	6,5044
-7,0402	24,4611
-26,0458	9,5190
-10,3826	28,5243
-17,7883	19,6768
-7,8923	9,3224
-17,7881	20,3980
-2,9770	7,2906
-8,6131	11,6163
3,2490	9,3223
-0,0932	12,5991
1,9383	9,3877
5,8706	-1,5568
8,6229	-5,1611
8,7542	9,9119
2,5281	-2,6710
16,3564	-14,2052
5,8049	2,3753
16,7496	-12,6326
9,6716	-17,7442
17,7326	5,3243
-6,3846	-5,0961
20,1575	-9,6178
-4,3531	-3,7853
11,1134	-12,1082
1,6107	-0,5084
9,6714	-5,9479
-2,4526	-9,1590
-10,4482	6,1108
-15,1009	-6,0134
-5,0743	-4,7680
-2,9115	3,6859
-21,6549	-0,9671
-13,9213	7,4216
-11,8898	3,7513
8,7540	-9,0935
-12,0210	-0,3774
3,8390	-4,8339
2,9213	-12,5014
7,5745	-10,6010
2,7248	-13,8122
12,6205	-3,1298
8,7542	-5,2928
0,8241	-21,0210
3,9045	3,8825
2,6590	-2,6713
-1,6005	-15,7781
-3,3047	-7,3242
0,8898	-22,2663
-6,9091	3,5548
0,8243	-6,6690
-3,6977	-22,1353
13,2105	-10,6010
-2,7803	-10,6667
10,1959	-14,5331
6,1326	-3,5888
6,3291	-20,7591
1,0209	-8,1105
3,0523	-3,7198
2,3971	-15,7783
2,7246	-1,0982
3,3801	-9,2249
7,1810	-10,0766
-3,5667	-6,6033
-8,2197	-12,5671
5,5428	-8,1106
-7,8266	-8,8316
2,2660	-20,9556
-12,1519	2,5062
2,3315	-7,4555
-15,8220	-12,5670
5,4771	-3,1299
-14,6425	-6,5379
-3,3048	-7,5207
-8,7443	-4,5718
-9,9240	-14,5330
-14,4459	-2,2778
-9,3998	-2,4091
-8,8753	-11,0596
-15,8222	3,0961
-14,6425	-6,6032
-18,3126	-8,4379
-12,3486	11,0261
-18,0504	4,0137
-6,3850	10,3707
-22,6380	4,6691
-17,5261	11,0261
-23,2933	13,5164
-14,9703	4,7345
-23,3588	-9,6831
-4,2225	9,8465
-21,9827	-2,6710
-23,0968	5,9144
-14,6425	4,6034
-19,6891	-14,7294
-16,5430	16,0724
-32,2062	9,1255
-9,7272	5,8488
-20,3443	21,3807
-8,6131	1,5234
-18,8367	10,6330
-5,7951	11,5503
-15,6255	-10,7316
0,4309	16,0725
-7,4991	14,0405
-6,7126	-3,5884
-0,5521	11,5504
5,5426	2,1133
-5,9261	-1,8189
6,1981	7,4872
3,7732	1,0647
-3,1080	9,9120
5,4118	3,3584
0,8241	0,6716
7,1158	11,4849
-2,6493	5,3244
7,3124	-0,6391
0,8897	8,6668
9,2783	1,9821
-8,8095	5,3901
9,7371	11,2225
-10,2513	-7,6516
12,7518	4,4725
1,1519	7,7491
7,1157	3,9482
5,3463	-1,6225
3,4455	-2,4088
8,4921	6,5040
-4,0256	2,2441
6,5260	-10,6006
-6,2538	12,4678
0,1690	-0,4429
-8,9408	-11,7803
6,2636	14,6305
-16,6740	0,2125
0,1687	-6,5374
-10,3171	2,9651
1,6104	-1,4913
-11,8899	5,5865
-2,9115	11,9434
1,2173	-6,4720
-6,9748	4,1449
-5,7293	3,5550
-2,7149	-3,3261
-1,6007	11,2884
-8,9408	7,1596
1,7416	16,9244
-15,9532	19,0869
2,2004	-2,6053
-11,9556	2,5722
-8,9407	5,9798
-9,0718	-0,4426
-1,6008	3,9480
-8,2199	-10,4696
2,0693	-0,5083
4,1010	4,2102
-3,9600	-9,6179
-2,6490	-3,3263
2,4626	-5,2270
1,7419	-7,5861
3,7079	-2,2778
16,0942	-3,2609
2,0039	-6,1444
15,7012	-4,0473
6,0016	-5,0959
8,1645	-7,7828
4,6910	-3,9818
19,5020	-10,6009
1,0210	-2,3433
12,4897	-6,5377
6,0672	-1,9502
11,8998	3,6859
10,5236	-15,9092
11,4410	-10,0764
5,8051	5,3899
5,0840	-6,7998
9,8028	-6,4719
2,4626	-4,3749
-0,9452	-7,9793
-0,2243	9,0600
9,0818	5,8486
-2,9769	-2,8675
8,9508	18,8248
-0,2243	-0,4427
12,3586	8,2083
-0,8141	15,6136
15,7664	6,3733
4,8220	17,1211
14,8488	6,5042
11,7688	2,1792
11,1788	24,7887
4,6909	10,3054
10,1958	10,2399
9,4094	6,1766
-2,3872	7,8806
-5,7293	15,8758
-5,7950	10,4363
-0,4865	10,1742
-9,5960	8,4046
3,3801	-6,4721
-6,8437	4,6691
-5,5984	15,4166
-11,2344	-18,5963
2,2002	-0,5739
-17,5914	-2,7368
-3,8289	-17,4165
1,7416	-0,6395
-0,4213	-10,7976
-5,6638	-8,4381
-3,1737	-3,4575
-13,6591	-9,2246
-1,7972	12,2057
8,9506	10,3050
-6,9092	-1,8844
2,7247	19,6113
-3,5668	15,0237
-2,3872	13,3855
-15,0355	18,8906
-4,4844	9,9122
-14,5768	19,4805
-13,2662	24,7231
-8,9407	5,6524
0,0375	12,2715
-12,2175	-1,8844
-9,5961	4,8660
-2,5181	5,3244
1,8069	-18,2682
-3,2390	8,7980
3,3145	-1,7535
0,8243	-7,5859
1,9383	7,1595
14,1282	5,9796
-6,6467	0,8024
21,1406	8,9943
7,3780	-5,6858
24,1551	-5,1614
3,6425	-1,6883
13,3418	-16,6304
16,6842	-2,4091
22,2545	-17,2860
23,8275	-28,1647
4,1665	-19,5139
9,6064	-27,1162
11,8342	-26,4607
4,1666	-10,6012
-2,3215	-23,1840
0,8899	-7,1932
-10,5790	-4,7685
12,7517	-15,7128
-1,4042	0,5401
-0,4211	-4,3096
-2,0594	-7,7173
7,5742	5,0622
-3,4356	-7,5207
8,8850	-5,4890
1,8728	2,2441
1,0864	-10,7975
19,6331	-3,9162
9,3438	-7,5863
8,6889	-13,9432
11,3101	-6,2101
21,1407	-14,5331
6,9193	-12,9602
21,0752	-7,3897
12,8831	-13,0258
16,2909	6,5695
9,2786	-2,4746
17,7325	-10,6664
6,7881	4,2102
6,7224	-6,1445
-1,9938	-7,1274
-0,4212	-0,9672
-6,6470	-14,5331
-3,5669	-7,0620
-5,7952	-7,7830
-17,3950	-14,7297
-2,3873	-6,8000
-20,0166	-13,0259
-12,4796	-8,5038
-18,3780	-5,2271
-2,3216	-11,0597
-12,3488	2,3752
-6,4505	-3,1955
-18,4434	-6,0789
-6,5160	2,7684
-9,0062	-7,3898
-0,7490	-9,4866
-7,4989	0,9989
-0,5524	-6,2100
-4,6154	-4,1128
-5,9261	-0,7706
1,0208	-17,6787
-9,0718	1,1957
4,1666	-1,6227
-14,3802	-10,0766
-3,5666	-3,7852
-10,5136	-12,4359
-9,4650	-6,4067
-21,9167	0,2779
10,2610	-3,7854
-27,2909	-13,7467
-14,3147	-5,8169
-8,7442	-4,8339
-4,2879	-3,6542
-11,5621	-15,6472
-4,8775	-14,8607
7,1811	-3,7852
-4,8776	-13,7466
-10,0545	8,2735
5,4773	9,1908
16,8805	-8,3070
-3,7632	21,1186
6,6572	15,5478
9,6717	-4,5058
13,9315	19,8734
3,9046	0,6058
21,4680	12,5335
4,4943	17,6451
12,4896	-0,0494
-2,1248	16,2692
16,6184	13,1232
15,3731	-1,6877
-5,5329	10,8953
3,5769	7,6184
8,6884	14,7618
2,7902	15,2859
-7,9575	-6,8651
-0,2899	7,4874
-2,9113	1,2612
-2,3215	-5,7510
-8,6786	6,8973
2,6591	-5,3581
-4,2222	-3,0641
-1,2076	3,6859
-5,4673	-17,4822
2,2658	-9,1588
-1,4041	-1,8846
-9,5961	-6,8653
4,7563	6,7006
-7,3681	3,8825
-8,0231	-3,4573
8,2296	11,9436
-1,8629	6,3074
-21,3268	7,1596