-7,1991	8,0470
-7,7231	5,7530
-6,2818	-24,7209
6,6291	-1,6523
-12,0490	-12,9904
4,4665	-33,1096
-7,1994	-19,4782
5,5806	-29,6365
-18,3403	-24,8523
8,9884	-16,7262
-21,0927	-47,3313
-5,1674	-20,7892
-10,2137	-29,7024
12,4615	-37,6974
-9,9517	-23,2797
-6,1506	-32,9135
-10,4102	-24,1970
5,6458	-19,7408
5,9737	-38,2216
0,0751	-11,4176
-2,5458	-24,3940
-7,1993	-45,8893
4,0732	-27,0807
-11,2624	-38,0253
10,2991	-32,9789
-13,8184	-22,9523
-1,4973	-56,4409
-22,0103	-35,6003
0,9274	-29,4403
-22,7966	-50,4116
-5,5608	-19,5441
-26,9253	-27,8674
-10,5415	-35,4038
-18,6024	-34,5518
-15,0637	-33,4376
-16,1120	-22,2310
-17,7508	-21,9036
-14,3426	-43,1368
-26,2705	-16,2017
-13,7528	-29,2435
-32,8896	-32,0612
-7,7892	-23,9350
-35,7731	-34,2897
-12,3113	-28,7846
-41,9989	-33,9621
-20,6343	-45,7584
-33,8069	-18,5612
-17,9475	-46,4142
-40,9503	-54,3436
-19,7169	-37,5012
-39,7706	-40,9092
-30,7924	-52,1813
-25,7459	-42,6787
-33,1519	-72,8251
-24,5009	-40,7125
-37,0184	-47,7907
-17,5541	-66,7958
-43,3099	-43,7272
-21,0929	-59,1939
-43,3754	-61,2907
-22,7314	-44,1862
-35,1833	-67,9757
-27,6468	-54,9995
-43,8993	-60,7669
-10,0832	-79,8376
-31,3822	-57,2934
-22,5350	-70,7940
-35,9039	-69,0243
-13,8186	-67,9759
-15,3915	-78,5925
-33,3484	-62,6673
-21,1584	-58,8664
-36,4941	-76,5609
-15,8501	-58,4074
-41,2783	-64,8957
-27,4500	-76,8229
-43,1132	-58,8663
-30,3993	-75,3814
-48,8803	-68,1723
-30,8582	-64,4371
-54,5164	-93,9935
-37,0841	-70,9905
-36,8874	-81,6732
-49,0118	-102,7754
-45,1447	-77,2822
-34,7907	-88,1613
-40,8196	-98,4503
-47,9633	-88,5545
-38,0016	-105,7248
-54,3201	-76,9546
-38,3947	-86,8508
-54,2545	-114,5065
-29,6787	-83,1149
-63,2984	-100,4166
-36,1012	-103,2998
-68,5414	-92,5522
-46,0626	-106,6425
-63,2329	-92,8798
-49,7984	-97,0090
-62,5121	-124,0094
-46,6528	-97,1398
-67,2963	-107,8225
-67,8208	-122,0435
-51,6333	-106,5773
-67,2313	-125,1240
-61,9880	-118,7669
-67,9520	-121,2576
-48,3567	-147,9304
-80,6660	-116,0801
-68,2140	-133,1199
-77,5856	-152,0593
-54,9759	-133,4473
-80,4691	-138,8871
-63,3645	-151,9941
-71,6873	-149,5696
-66,3793	-168,4437
-79,4205	-148,6519
-69,1318	-149,3079
-62,8402	-182,5340
-78,7658	-165,8880
-70,5078	-169,6238
-82,7634	-180,2404
-72,2774	-160,9731
-92,7248	-183,3208
-73,7193	-168,1164
-98,6230	-166,6750
-81,4526	-195,2483
-102,7517	-177,6191
-72,3433	-187,2532
-112,8443	-195,6416
-87,2198	-185,8769
-95,0186	-196,5593
-90,0382	-196,8214
-96,7224	-189,2195
-88,0066	-208,4213
-85,7779	-189,0227
-91,0866	-200,0986
-77,5205	-223,4290
-104,5214	-184,8941
-78,2413	-214,6477
-110,0265	-212,3535
-89,5791	-200,8852
-114,4174	-231,2936
-102,1623	-203,1788
-123,1992	-206,1283
-97,5094	-243,9421
-113,1070	-209,6669
-115,5320	-225,3958
-130,4738	-225,9199
-116,8428	-220,0874
-122,9375	-245,6463
-132,9647	-219,0388
-125,1001	-235,4886
-132,8338	-259,0813
-122,7410	-235,2263
-149,2177	-250,2999
-116,9083	-266,9459
-149,8075	-265,8319
-122,2824	-290,3424
-165,3394	-277,6938
-130,5398	-265,3081
-142,9261	-303,2534
-135,1276	-275,9904
-142,6640	-292,5713
-149,2179	-315,1809
-146,3340	-300,2388
-156,2959	-304,8921
-152,5601	-299,3870
-167,6993	-296,6347
-150,7908	-333,0070
-175,2362	-296,1758
-164,3569	-303,5818
-194,8968	-327,9608
-162,0633	-316,5576
-191,5545	-318,6550
-167,2408	-322,7181
-200,9916	-327,8955
-176,4158	-344,4105
-189,9161	-325,6017
-178,3166	-330,7793
-189,0643	-352,2749
-195,7492	-331,5655
-190,1784	-337,9230
-200,8612	-360,3358
-199,7465	-334,9082
-211,4123	-359,1565
-183,8871	-357,1902
-205,5142	-341,9207
-183,3629	-370,4942
-212,4609	-347,6876
-190,7029	-347,4259
-217,3104	-371,3463
-186,7709	-350,1125
-209,3807	-357,9116
-196,3393	-360,9261
-219,5386	-357,1252
-201,1889	-373,7712
-204,1376	-354,2416
-204,4004	-375,4100
-199,9434	-382,6186
-213,5097	-364,7277
-201,4508	-385,9614
-202,1064	-392,3183
-188,1471	-390,2868
-215,9343	-406,5398
-182,7729	-391,4664
-201,1886	-398,6101
-177,5956	-406,6054
-198,3048	-392,6462
-171,5663	-395,3989
-192,2754	-407,1295
-172,8769	-387,9276
-181,0686	-393,7603
-177,9231	-386,9444
-169,8617	-386,9444
-162,7190	-392,8424
-168,8787	-362,3027
-173,0078	-363,2204
-153,6745	-380,5869
-175,4326	-359,4189
-146,0723	-357,5839
-174,7116	-353,3894
-153,4779	-343,2314
-186,7701	-360,0740
-152,1671	-333,3351
-172,8109	-330,2552
-159,2451	-344,6072
-167,0436	-329,4685
-152,5604	-333,8595
-160,6210	-323,7668
-158,9829	-327,4370
-154,6572	-343,7552
-153,4778	-320,2278
-142,6642	-325,1432
-157,5411	-346,1142
-128,0495	-304,6958
-149,0870	-324,5533
-133,8167	-322,8489
-149,5454	-307,5137
-121,2993	-322,5868
-144,8266	-301,8116
-122,2167	-291,6539
-134,0784	-308,2341
-112,1241	-268,7159
-117,6289	-279,9228
-110,2892	-282,7402
-119,8570	-248,9239
-113,6968	-267,5361
-95,6742	-257,3777
-112,6484	-246,1712
-96,1985	-265,6351
-111,5997	-250,1686
-95,4121	-251,6106
-120,1848	-256,2633
-91,4800	-239,2240
-117,9565	-236,4718
-94,2325	-253,5763
-115,4004	-231,7528
-87,8100	-247,8091
-101,7034	-229,0656
-94,1670	-223,8884
-101,8997	-228,6724
-82,5671	-202,1302
-87,4820	-213,1403
-96,5261	-214,6473
-80,4039	-188,3020
-86,6958	-204,8170
-74,5058	-193,4790
-96,4605	-179,3889
-70,5735	-199,1150
-93,0525	-169,2305
-60,8088	-172,1799
-96,3291	-178,8643
-67,8210	-168,9028
-80,9936	-178,7332
-71,4911	-167,5264
-87,8092	-160,3176
-61,4641	-166,1502
-72,6049	-153,6983
-75,4233	-158,6137
-62,2503	-169,6888
-75,4889	-139,6736
-68,2140	-155,9265
-78,7000	-151,8628
-59,0390	-136,8553
-80,9283	-157,4989
-69,7868	-114,5072
-74,6365	-121,6510
-52,5510	-135,2165
-78,9618	-112,7378
-52,1577	-130,0392
-62,1190	-121,7814
-53,9928	-110,5752
-61,5945	-122,0438
-41,0822	-107,9536
-49,2739	-113,9831
-53,5340	-127,0244
-48,7495	-110,1162
-54,1238	-121,1919
-39,1813	-133,7089
-61,9880	-120,1432
-30,7272	-121,2573
-52,3543	-119,6188
-36,4288	-106,4463
-59,7596	-137,5757
-36,2322	-104,8076
-55,2375	-107,6260
-33,6763	-123,4853
-46,5867	-98,9749
-32,2345	-109,3953
-46,8488	-114,5723
-34,2006	-85,7367
-42,7856	-108,6742
-48,0942	-91,8967
-31,5133	-92,2901
-50,7157	-101,0060
-29,2196	-71,7770
-54,8445	-89,6029
-34,9212	-71,5801
-53,9269	-59,5219
-36,4287	-79,7066
-55,3686	-57,9484
-40,1644	-43,7276
-56,8758	-73,4151
-35,1181	-56,7688
-49,5357	-52,8369
-34,8559	-59,3904
-40,2294	-53,3612
-31,7757	-67,1892
-20,2411	-55,0650
-35,4458	-56,5070
-23,3211	-76,2330
-26,1395	-55,3271
-23,1902	-63,2571
-42,2612	-65,4850
-17,2919	-36,1252
-38,2635	-63,5191
-16,7678	-49,1011
-40,4916	-44,3171
-23,3869	-62,1426
-33,1516	-36,3215
-24,6323	-37,7634
-35,2487	-49,2974
-25,4843	-23,4763
-24,9596	-33,5689
-33,0210	-40,4499
-23,8455	-13,8425
-38,5258	-37,1078
-19,3890	-24,4590
-32,2998	-22,4934
-6,3474	-41,5641
-32,8894	-21,9034
-10,4104	-36,7803
-20,0441	-45,3653
1,1239	-34,8141
-17,7503	-54,5406
2,0415	-43,6614
-6,2813	-41,5646
0,0098	-53,4265
-0,4485	-39,7295
4,2695	-47,2007
-2,1526	-53,1642
-11,7212	-37,5013
-4,2498	-51,9191
-12,7043	-47,8555
-1,5630	-33,7657
-23,9766	-50,9359
-13,2285	-32,2580
-34,8555	-27,2120
-16,2433	-55,1956
-39,9673	-18,6266
-18,2750	-32,5861
-39,5085	-29,3090
-8,2481	-29,9646
-24,1076	-51,7878
-26,5326	-20,5273
-18,2092	-37,8945
-21,8797	-59,3243
-28,6949	-24,8526
-23,1902	-26,1636
-9,8862	-44,2511
-20,5688	-27,3430
-10,9348	-33,9621
-34,7899	-17,7745
0,5340	-15,0879
-32,1030	-44,5786
-3,0049	-12,4004
-28,7605	-11,8109
-4,7744	-26,0318
-16,1120	1,6898
-3,0705	-10,5656
-21,1579	-9,9098
12,3304	-7,6819
-5,6915	-19,9368
3,4177	-1,7835
9,3818	-4,1430
-5,1675	-19,9369
13,1174	3,7870
-7,1990	-18,1676
9,7095	-15,4148
-14,4079	-4,7327
16,5251	-25,9661
-11,8521	-0,0795
3,5489	-4,4707
-10,8690	-22,4927
0,6652	-2,3732
-17,6191	-2,3079
-5,0365	-11,1550
-11,6553	3,8526
-5,2332	-5,0604
-4,7742	0,7070
-17,4228	4,5734
-1,8250	-16,2668
-12,2456	1,2313
0,0100	-9,6479
-9,3619	-20,5265
7,0222	-0,0140
-16,7017	-8,8615
6,3014	-20,5266
-13,7526	0,1169
6,1703	-20,1336
-11,6552	-5,9778
12,6583	-17,1192
-3,6598	-17,5122
9,3815	-2,0458
7,1537	-17,3157
0,9928	-17,9708
3,8115	-4,6672
-3,3325	-23,3449
11,6100	-5,5188
-5,6263	-8,5995
-2,2837	-27,6045
-16,1119	3,2629
1,5173	2,3450
-19,7820	-9,8444
4,7939	-4,9293
-22,4690	-10,4998
-1,8907	0,1171
-8,6408	-10,9587
3,4830	-24,5245
-12,1142	-2,1111
-9,0999	-9,8447
-17,9469	-21,5097
-20,5032	-0,9318
-8,0512	-28,5877
-29,4162	-6,4365
-15,6533	-6,5022
-30,5304	-22,7549
-25,7460	-2,8976
-35,7732	-13,3835
-15,1950	-17,9707
-45,6035	-2,4390
-22,2072	-12,3350
-40,8849	-8,9923
-21,7484	-2,8322
-31,2509	-20,3957
-17,7508	1,7555
-15,6534	2,8038
-24,0423	-16,9221
-16,8328	-0,8659
-22,9937	-3,6185
-9,5584	-3,8804
-21,8139	4,0493
3,3522	-13,1866
-21,8139	11,2583
0,4031	0,1825
-15,3256	-8,9922
3,3522	13,0276
-17,0293	0,0514
10,6923	-6,0432
-8,1163	7,2605
16,5905	-16,3324
8,2677	-6,2397
18,5566	10,7338
20,8507	-14,6283
11,7408	3,6563
14,8214	6,8673
0,9931	1,4936
19,6711	22,4650
2,9591	10,2753
19,8021	0,4452
-4,7741	21,2854
17,3770	-0,0792
-11,5243	20,4992
8,3985	19,0570
-17,9467	-1,2589
2,8277	17,8121
-19,3231	6,0154
2,8277	-1,0623
-3,0049	16,5011
-16,9643	2,8041
-9,4271	12,6347
-16,8331	-4,3394
2,3037	-15,2180
-10,9348	11,8482
-1,8905	-5,0602
-15,6532	-8,9265
14,4935	14,9282
-14,5391	-5,0602
5,3839	15,7150
-23,3863	12,8310
9,0539	-7,7469
-16,3741	29,4120
-5,8229	21,4818
-11,3932	-0,0791
4,0073	22,7929
-3,1359	11,7827
-13,8839	19,4506
-1,3006	19,3193
-5,4298	-0,5378
5,9739	29,3465
-2,0873	20,8266
11,8066	3,7877
-4,3808	29,3464
28,4526	9,9477
-5,9537	13,4869
19,2778	24,7587
-4,6429	-10,7617
17,5081	7,3265
1,1899	6,9983
20,5882	-18,5604
-10,9998	0,8380
4,3354	-25,4420
0,0757	-8,9922
8,3985	-3,0288
9,4472	-16,9223
-3,0703	-4,2738
13,1828	-0,8006
-6,6748	-22,2961
17,2461	-0,2105
-6,2815	-8,5994
21,8335	-21,3130
-9,7549	8,5057
17,5081	-15,8738
-1,3661	-13,5798
20,3260	4,8356
-3,0700	-13,3833
13,9036	-10,9584
11,0203	-8,3371
12,2650	-16,6599
9,1198	12,8310
10,8889	-7,3541
19,6054	-2,3732
1,3862	7,3258
27,9941	-11,4828
4,5975	-8,1403
25,2415	-10,3688
1,3863	-12,7933
13,6416	2,4108
-12,7693	-6,7642
10,8889	-2,8975
-11,5898	0,1171
10,4300	-7,6160
-17,9469	6,9329
-3,3982	-6,9609
-7,3956	-14,1695
-13,9496	3,2629
-12,7040	-14,6940
-16,3744	-19,7401
-5,1019	-1,7835
-16,1123	-5,4536
-0,9732	-6,7641
-29,3504	4,2456
-6,6748	-29,7673
-31,9718	-2,5696
-3,9225	1,6897
-32,8237	-13,3177
-16,6366	3,3939
-29,4158	0,9035
-17,5541	-5,0601
-24,8938	9,9476
-24,9597	-5,6500
-17,4883	7,4574
-26,5982	13,0934
-13,5560	2,4767
-18,9305	14,6008
-7,6579	11,1928
-24,5664	3,4599
1,5173	17,2878
-13,6219	5,9500
-3,1359	23,6449
-24,0417	17,1565
6,6289	-2,9626
-20,6340	24,9555
0,2063	17,1564
-8,1821	-0,0790
-6,2163	25,2178
-18,7988	11,3239
-16,7021	18,1400
-5,5607	24,8900
-17,2265	7,5232
-10,6070	38,7183
-22,8625	34,9168
-8,9032	12,8317
-22,8626	35,4415
-9,0343	26,3320
-42,0645	25,6767
-9,7551	29,5434
-29,4816	21,3515
-4,3158	42,4541
-24,0419	32,5578
7,9395	11,6523
-11,5245	37,1456
-18,8645	28,2324
2,5661	13,8149
1,5825	31,4437
6,3016	4,7051
-3,0704	18,2711
14,8212	28,4286
-9,9515	-0,7346
13,1174	18,3364
-11,6554	13,7486
21,0472	0,7071
-9,9515	10,6030
18,8188	3,5251
-10,0169	7,5885
5,8427	13,2899
5,3185	0,3139
7,0222	12,4381
-0,5796	5,6222
7,8087	3,5252
7,7435	17,0910
-2,5460	4,5081
5,2532	5,4257
6,5634	4,1148
12,0033	-9,2543
-8,0510	11,5861
9,1196	12,0444
-13,4903	-16,0701
23,2752	6,5398
-1,8907	-10,1721
12,4616	-11,8101
-12,2451	7,6537
9,1193	-16,8567
-6,2160	5,6223
-6,1506	8,7019
-13,9491	-24,5244
-11,5246	2,6731
2,8278	-4,6673
-24,2388	-25,1797
-9,0996	-14,6284
-30,0059	-6,5021
-5,2986	-4,6671
-28,8919	-3,2253
-4,7089	-14,0385
-37,0836	12,1759
-11,0003	10,4717
-27,9740	-9,9752
-3,9225	19,0573
-22,3379	5,6877
-2,5462	9,5545
-2,6771	18,2707
1,7791	-4,6013
-7,1334	13,9457
-5,8230	17,0909
3,3524	-7,0259
4,0073	25,2831
8,0709	4,8358
-1,2353	8,1129
11,9375	14,4040
-16,5706	-8,1402
16,2629	11,3240
-13,6216	5,2945
2,8280	-7,4194
-16,1773	12,8968
5,2526	2,4107
-19,7163	-11,2204
1,7137	4,5081
-5,2984	-5,3880
-3,2017	-2,8318
-12,9660	4,1147
-2,1530	-22,1650
1,1896	7,0640
-17,3571	0,1169
14,9522	-15,2837
-3,8570	-4,7326
7,4156	-11,0896
-6,9369	-2,3077
10,1024	-1,3249
-5,4950	-23,4103
9,9058	-5,3879
-12,6383	0,0513
6,6290	-21,3130
-0,3175	1,7556
6,6289	-9,7134
-1,8903	-12,9243
-0,1212	8,1126
5,9739	-9,2544
-0,8423	8,5714
14,6246	5,8842
-4,1190	-16,5943
5,0563	9,1613
-14,2114	1,5588
15,9353	-12,0069
-13,8838	9,8820
8,7917	-14,7595
-15,9807	-4,4703
2,4347	4,4423
-2,6769	-15,4804
4,4006	8,0470
-15,5874	4,4422
6,0391	-14,6939
4,9907	7,1294
-18,7991	-7,4852
-4,1841	-2,5699
-9,1654	1,6899
1,9105	-22,6893
-22,6001	0,3794
-3,4634	-4,1429
-26,1390	-25,9660
-3,5946	9,0957
-24,0418	-6,1089
-6,8060	-2,7007
-22,6655	6,4085
-1,0390	-5,1256
-23,9762	11,1929
-13,4252	13,4208
-10,4103	-5,6498
-8,6413	12,8313
-14,6046	6,6053
-14,6049	1,3625
3,6798	12,0448
-11,7215	3,1319
-8,5098	5,8845
-19,1923	4,3770
5,9736	-13,3174
-19,3889	12,4380
0,8618	2,8695
-23,1242	-10,8272
-3,6601	9,0300
-14,0802	-8,3372
9,7746	0,8381
-14,7355	10,1438
4,8594	-20,0680
-5,1018	-3,7494
-8,0513	-4,6016
-5,3639	-15,6115
-6,1507	-3,4874
-8,1165	-9,4513
-13,2285	-2,6354
6,0393	-8,1406
-15,1290	-16,0048
8,3985	-0,4072
-16,6363	-2,5046
9,8403	-18,2984
-19,7819	5,9498
-1,5629	-5,2571
-8,9028	-16,0701
6,4322	4,7046
-14,9322	-12,2037
-16,9640	2,6731
5,1218	4,1147
-8,6412	-19,0192
-3,3979	12,9623
-26,5978	6,0808
2,5004	-3,0940
-14,9980	6,4742
6,2359	-8,4024
-21,3548	7,5229
6,5636	14,7970
-6,2159	-16,0046
6,5635	4,1149
-10,2790	-1,3249
12,6584	-18,5605
1,3865	-0,6038
18,9497	-17,5778
2,8938	-9,4510
8,5952	0,8378
8,1368	-4,2083
13,3793	6,6708
19,9986	6,6707
-1,2352	-4,7324
22,1613	18,0742
-9,2306	1,5590
13,1829	4,1807
-10,0826	19,7780
17,1148	1,4281
-14,5390	10,2756
8,1364	14,3384
-0,7765	-1,9142
5,7114	21,1543
-5,4949	5,6221
3,4177	-2,1763
4,4664	11,7826
6,2356	-6,9606
4,8597	5,7535
0,9928	11,7824
14,4278	-16,6598
-6,0851	9,4234
7,1534	4,9012
-17,3572	-5,1256
14,1001	4,9013
-12,7697	-3,7495
-4,6432	-5,5843
-19,5197	15,2558
5,3836	-23,2792
-17,6847	7,0641
3,6797	1,0344
-8,9684	-14,4974
-1,9564	-5,9777
-4,6430	0,2481
-6,2162	-6,3055
3,3524	-0,9973
-5,8885	-19,6749
15,4765	-17,2500
-11,1313	-17,6434
8,8575	-31,9301
-13,0316	-11,7451
20,5228	-22,6898
-2,2837	-25,6386
23,0131	-6,1092
-6,2812	-22,0343
25,0448	-14,2354
-0,2518	-11,6140
14,0347	-17,7742
8,9886	4,1148
0,9274	-4,3395
10,0373	-5,4533
-2,1529	6,6708
14,9523	-4,5358
-0,8422	-1,3243
11,2823	22,0062
-4,6432	-3,4871
12,3308	21,1546
-7,0023	15,4526
9,8404	0,5765
-5,5605	21,8754
7,0223	20,4990
-7,3954	14,9941
8,4640	15,3218
-10,7377	1,1661
-2,0872	20,4336
4,5323	23,1858
15,5417	-7,0260
10,8235	15,5839
3,1557	1,3624
21,1128	-6,8948
2,8281	10,3409
25,8969	-0,6036
0,2722	17,7465
21,3095	18,1395
2,0419	-7,2227
17,3116	15,1907
4,9911	13,6831
16,8529	6,9987
4,7945	16,3047
22,5543	7,7850
6,1707	18,4675
12,7240	15,0594
14,2971	-3,5525
2,4348	24,1691
15,0834	15,3871
-6,7402	-0,6689
21,0472	17,8121
-2,7426	17,1564
16,4596	3,1975
-13,1627	-2,2420
17,4425	-4,9944
-15,0632	14,6006
13,7070	-0,2108
-2,4803	-20,0677
0,2720	9,0956
-10,8688	-2,0458
6,4978	-16,0046
-0,0556	1,2968
-7,9857	-4,3394
-4,0532	-5,0602
-17,0296	6,4740
7,2844	-10,7617
-17,6850	3,1974
-1,4972	-0,2762
-11,5245	-10,5650
9,1850	4,1149
-19,2576	-7,3539
-0,4488	4,3771
-17,0948	4,5079
8,7916	-14,3006
-7,2646	8,4403
-7,5269	-3,0288
-9,9514	-14,2351
-5,1022	4,5081
-4,5120	-1,6525
-14,0806	-8,7302
2,1726	1,8209
-10,2140	-22,8205
4,0077	-7,2228
-11,6557	-3,4221
21,5714	-18,8884
-14,0149	-1,8490
6,2361	-9,7791
-3,9876	-23,4102
15,6731	-4,1428
-5,4948	-13,6455
15,0834	-0,5381
7,4157	3,5247
13,6414	-16,7255
-0,1862	12,1103
9,0539	-4,4706
12,7897	-11,2861
2,6314	6,9328
12,0689	-3,8807
-2,1526	-7,6160
19,2122	0,9033
-1,2351	-25,7695
17,5738	3,5906
-2,7424	0,9032
12,5275	-17,2499
-1,1694	-2,1111
7,4812	-6,1746
1,6486	-7,2229
14,5588	2,1485
-1,1693	-25,4419
16,0663	5,7532
8,3334	-0,8663
18,9498	-21,9029
21,7026	-2,3077
6,4324	-3,5531
12,3311	-11,0894
0,4688	3,0663
20,2608	-14,1697
-3,7912	-0,6692
10,4957	6,1462
-12,2453	-22,1650
-1,6941	4,6391
-22,1413	-8,0097
-0,7112	-26,4904
-17,2262	-9,1235
-12,6389	-17,1846
-12,1142	-13,1868
-6,6096	-10,0412
-4,1188	-21,8377
-11,0003	-7,8130
19,6708	-24,2626
-9,0997	-26,7526
18,9501	-12,1383
-3,0702	-15,2185
24,5207	-8,7303
-4,4464	-1,2593
11,8067	-11,0895
-5,1016	3,7872
12,3963	13,6829
-6,9367	-5,4533
6,4325	14,8629
-6,3469	-3,2252
2,6968	3,7875
-3,3977	22,2684
-2,5462	5,8188
8,8574	11,0619
-1,9565	10,0786
-1,1696	-4,1424
-15,5878	8,2437
4,6630	0,9690
-17,5540	-10,6961
-10,2137	11,3236
-34,5276	-3,4219
2,3689	5,6221
-28,7607	-8,5338
-15,3914	-19,1503
-32,2994	-0,6692
-14,2774	-1,7180
-29,6125	-3,2907
-17,1610	3,9836
-25,2873	-16,4634
-33,3484	0,1829
-17,1607	-3,3564
-32,8242	-21,1819
-25,9425	1,7556
-28,0400	-3,6186
-14,0806	-19,7403
-36,3630	-1,5869
-20,3064	-5,0605
-34,9210	-8,9269
-8,3136	-10,5654
-42,6542	-19,1505
-13,4252	-1,5869
-26,1391	-7,0264
-16,8987	-12,2692
-24,2384	2,0176
-14,3429	-7,8784
-28,4325	-3,6838
-12,9664	5,0323
-4,4465	-8,7958
-15,3912	4,7703
11,3477	4,5080
-8,0511	-16,6599
2,8936	15,6493
-7,3954	11,8478
16,3285	-5,1256
-9,2960	10,4719
14,1658	-4,6670
-7,7230	-1,0623
5,9083	11,7170
-1,0384	-11,8103
5,9081	5,0981
-3,3322	5,9498
6,1046	-8,8611
3,7455	12,0448
-9,6240	-0,5382
3,9421	3,9840
-7,2647	7,7193
10,6267	-11,8102
-15,3911	12,3726
9,4471	7,2604
-16,7017	-7,4193
-2,2838	12,2413
-15,8497	-0,9970
6,6944	-8,7300
-16,3084	11,3893
-4,3811	2,2143
-9,9514	14,1419
-6,1506	7,3915
-7,3954	-7,5503
-7,1992	12,8969
4,6632	6,5397
-6,8715	0,3796
10,0371	14,6663
-6,4783	-2,3730
6,0393	12,0450
-16,4396	6,3430
15,2142	-2,6350
-17,0295	17,3533
5,4493	14,4039
-11,4588	-19,8055
12,1339	12,0450
-15,9152	4,2459
1,2550	-8,5988
-2,8735	17,9430
3,5487	-8,4681
-6,6744	-1,7831
8,2019	1,1002
17,5735	-9,8441
-13,3594	7,7849
13,7728	-3,7495
-0,7110	-14,5626
16,2630	5,4910
-8,1163	-3,2253
15,8042	5,4256
-11,2621	1,6243
12,9207	-25,0487
-0,5797	0,9692
6,7602	0,9032
-6,7399	-18,8882
10,1024	1,5588
-2,5458	-9,5824
-0,1869	-15,7426
6,2361	-4,4705
2,2379	-28,1289
4,6630	-3,0286
-10,9346	-9,0583
10,7579	-24,5899
-5,7573	-1,6525
9,1194	-14,8909
-22,0100	-19,2160
7,9399	-7,0265
-14,9322	-32,9131
5,6460	-8,1404
-10,8688	-10,2379
3,2211	-22,1651
-10,2790	-0,2762
3,7453	-5,3227
10,6268	-16,0047
-3,4638	-7,2885
3,1558	-18,4295
-11,1969	-4,4703
5,5807	7,3915
-9,5583	-16,3977
8,5297	16,0426
-13,2938	6,4085
16,9184	-0,1447
-2,0872	17,8775
14,2968	-3,5528
-6,2812	0,4452
14,0346	20,4331
-6,5433	-9,9098
5,5149	6,0156
-0,4485	0,9033
6,7601	-12,9244
1,9763	6,7363
0,7308	-7,6162
15,0179	-5,9776
-0,6455	-0,6695
18,0324	-14,8905
-14,4080	11,1272
8,3331	6,0150
-9,0341	-22,8203
8,7916	7,7194
-20,8303	3,2627
-0,5143	-3,0940
-1,7593	12,8966
10,4301	2,0832
4,1389	9,9477
9,5126	7,1295
7,8745	-7,9435
8,0052	25,6763
5,5807	6,9329
5,3838	-2,1107
11,5443	23,9722
-6,5437	-4,1427
7,8744	7,6541
-22,4033	1,1001
11,4787	-12,3345
-16,1776	10,9962
-8,4443	11,5857
-25,0904	-10,4997
-8,7721	-7,5505
-25,2214	-2,5699
-8,1824	1,3623
-16,6363	3,7871
-9,1000	-19,8713
-14,7356	5,0980
-19,3890	5,5563
-3,6600	-21,1819
-6,6751	11,3238
-0,2522	-8,1406
-16,8985	-12,5967
6,8256	9,2266
-19,1922	-13,3177
4,5318	-5,5843
-24,6317	8,3745
-1,3665	-18,4949
-19,7164	12,5691
-2,2186	2,8695
-12,1798	0,1828
-3,3983	13,3555
-7,6577	-2,7663
-11,6559	18,2053
-3,4635	16,3700
-18,1438	-4,1424
-3,2669	22,0064
-13,5563	5,5566
-2,2839	-5,9118
-22,7968	15,3217
3,6800	3,8528
-19,1267	3,1320
12,8549	8,9645
-17,0295	-6,5018
2,5003	5,4258
-1,9560	-0,3417
12,2649	-20,6575
-3,5288	0,1173
8,3327	1,2310
-1,3006	-15,0216
-2,4151	-10,6309
10,3647	-22,8860
-1,6287	-2,1766
3,6800	-5,0606
-10,3448	-35,9277
21,1125	-1,2592
-16,7674	-17,2502
7,2191	-22,6893
-4,3155	0,1824
7,9398	-19,4128
-9,2959	-6,2398
5,6460	-4,9950
1,5830	-19,4125
4,0731	8,3091
2,6317	-2,7011
5,1217	-11,5480
7,0225	14,2073
-2,2839	0,8380
9,7751	-3,9458
0,9274	14,5350
15,2145	-13,7108
-8,7718	7,4573
10,6270	1,0345
-9,5583	-17,0531
10,8234	-2,6353
-16,5051	-0,0797
-0,6455	-9,1234
-11,3933	-7,0264
-0,2526	-13,7765
-27,1874	-5,1258
-10,8038	-6,1090
-17,4227	-22,9514
-14,2774	8,6369
-13,3595	-2,0458
-28,8263	-12,0069
-2,9393	9,8165
-23,2558	-4,6671
-8,9686	4,4426
-21,5517	7,2605
-3,9224	-17,6429
-28,1707	8,8992
-3,3325	3,0662
-15,9810	-7,6159
2,0413	11,3238
-21,8791	-4,6016
-1,4975	-4,2736
-14,4734	0,4447
-7,5269	-21,3787
-5,9537	-4,0771
-10,6071	-14,1044
2,1728	-25,7040
-10,2794	-3,8152
17,3115	-24,4591
-15,2602	-18,4295
6,8914	-1,4560
-16,0464	-21,5754
11,6098	-14,3007
-15,6531	-6,8954
5,8426	-18,8882
-10,4101	6,8673
6,8256	-4,6673
-1,3005	-9,5821
3,2867	12,2411
2,6318	-11,4174
19,3430	-14,4973
19,8675	-9,0581
4,7941	-25,6384
15,1491	-6,8951
-3,6600	-5,8469
19,0157	-11,2206
-1,3663	-1,2592
13,9037	-11,0242
-7,0023	-5,9121
8,7918	7,5881
-12,7694	-9,8444
8,5295	-0,4726
-15,6530	-6,8953
7,2843	-14,4316
-8,1164	9,8165
3,0244	-12,8589
-0,3830	-2,0453
7,9396	3,9837
11,4788	-16,5944
-5,4296	0,1173
16,1976	11,9789
5,7770	-21,5096
27,9284	-1,5210
-5,1675	-7,8128
9,9062	-11,6792
-3,0701	9,8164
13,1173	-2,1767
-5,7570	1,1003
9,5127	1,3622
-11,1964	-5,9776
11,2821	10,9962
1,5174	-6,8953
4,0075	-12,5310
-5,2982	9,9476
0,1408	2,9351
-0,1209	5,9499
-9,4929	8,0468
13,5104	-10,5651
-12,6385	2,0834
12,7897	9,4887
-16,7672	-13,9074
23,4719	6,0155
-5,4949	3,3283
9,7094	-1,7178
-7,7229	8,7678
16,0008	-8,9268
2,6972	10,6685
8,3987	9,1609
15,0835	-19,0192
8,6606	6,1466
7,6780	0,0515
-1,3008	5,7533
10,6271	-1,5213
4,6630	-11,4170
20,1296	6,2777
-7,3956	3,4594
23,0787	-15,4801
-9,8204	16,3046
14,2970	-0,4728
1,7141	-7,1571
10,6924	10,2752
0,2725	-1,7834
16,8527	4,0495
5,6464	22,0061
11,1511	1,8866
14,8213	6,9986
5,1216	12,5034
7,2848	1,8868
7,3498	14,3385
11,7410	-5,1913
-7,1989	3,5908
17,8359	14,4694
-6,3469	-13,7109
15,8699	-3,6837
-2,8734	6,4084
20,6539	-13,2522
-1,6936	-0,4072
12,4618	-8,9924
-7,1986	-10,0409
12,3308	4,6390
6,2361	-12,1382
4,5318	2,3454
10,4960	2,2796
8,2673	-16,5289
20,2607	6,5397
-6,4782	-8,9926
16,9841	-17,7740
-2,3493	3,9182
12,8553	-11,8760
-0,6453	-3,0940
11,5444	5,7531
-10,2134	-12,3345
16,3283	13,4865
-14,7354	-2,1767
10,3645	-2,8319
-2,8736	12,1102
3,2866	2,3453
-1,6283	-1,9145
-3,6603	1,9520
3,1557	-26,0316
-10,8037	8,7024
5,9739	4,5076
-9,5585	-25,2453
16,5252	-10,1065
-11,7211	-5,6503
18,4912	-16,6602
-11,7865	-12,0728
5,6461	-25,5730
-13,3592	-4,7326
3,8766	-16,9225
-2,5457	-25,7696
10,2989	0,9034
-0,6454	-8,4029
-6,8059	-17,9053
-5,6915	2,2797
4,8594	-8,1406
-0,2522	-6,3707
-6,8061	12,4379
8,5951	-6,0432
-24,4352	21,2854
5,2529	11,9792
-12,6387	4,2463
2,6311	15,7805
-33,8721	-1,1278
2,6969	2,5425
-14,2115	26,8560
3,7453	-8,2058
-10,0171	18,9263
-3,5947	9,0955
-11,3931	-4,9288
4,2039	14,3385
-2,9391	0,0515
-4,7744	0,7727
6,2359	3,7873
-4,9055	-7,3538
8,6608	5,9500
-8,6409	3,1973
7,8743	-10,8271
-15,7842	5,1635
14,1001	-8,5337
-20,1751	-10,0408
10,0368	2,9351
-7,8544	-19,2818
-1,6942	-11,6794
-5,1674	-9,8447
4,8592	-22,2963
-15,1942	-2,5701
9,3158	-19,6096
5,9736	-30,6848
-7,3303	-6,1745
9,3162	-17,7745
-4,7088	-19,8714
5,1219	0,9688
-13,4250	-15,6116
5,3839	4,7046
-17,1604	-0,6040
13,1169	-19,4123
-6,9370	18,5985
4,2696	11,8481
-8,5096	12,5036
11,0854	22,9892
0,4689	-2,9629
5,9080	15,1908
13,1829	11,1928
8,0051	-4,8633
9,1853	20,5646
-4,5776	7,5228
16,3942	-0,9967
-1,1699	14,4040
11,4133	-5,0601
-13,4249	2,2802
7,8743	12,1102
-16,1774	-13,0553
5,7772	22,0061
-11,8520	-0,6039
8,7261	-5,3222
-10,1480	3,3939
2,7623	-10,8273
-2,4803	-0,6036
-6,8715	1,6244
-2,6113	-19,2814
-6,3473	7,5228
0,4032	-0,8006
-10,6726	-9,9753
1,6485	6,9329
-15,4566	-5,7156
14,2968	-1,2589
-11,2623	14,6661
9,9714	-13,5142
-12,4417	10,6032
8,9229	14,3384
-2,8734	-17,5116
14,4278	14,4698
0,0757	8,5059
13,3137	2,9355
18,2292	2,8699
3,9421	-3,0939
18,9502	-3,3559
9,4472	14,9938
21,9649	-14,8906
-1,3006	4,6393
19,0813	5,4253
3,7457	-16,0046
26,4867	6,5397
-5,7571	-14,5629
22,3580	-2,9629
-2,0870	10,3407
20,1951	-17,5775
11,1513	-0,2102
20,4571	7,5881
2,3041	-12,9244
15,8698	3,9839
17,4428	3,9838
-1,8906	-3,1595
21,9649	11,3238
6,1047	-13,9729
12,3310	5,0981
0,9930	1,2310
21,0471	-20,0022
-13,2937	3,1318
10,6270	-12,2693
-12,7693	-13,5798
13,9037	-9,5168
-2,6113	-14,7596
8,9229	-6,5676
-0,8417	-6,1746
9,1850	-16,3324
3,1559	-1,7835
2,8934	-2,5045
-1,3661	-12,9245
-9,8861	11,9135
19,4742	-13,7766
-19,5856	4,1150
4,9909	15,7146
-26,4011	-13,7763
-2,5457	27,9047
-14,0147	17,2218
1,4517	-14,4969
-18,9298	22,9895
12,0030	3,0663
-8,4440	2,3458
17,0492	14,9283
-5,1016	-10,1063
12,2652	5,6880
12,4621	4,3115
9,1194	-5,6498
13,4452	15,9112
4,7287	-15,0218
26,1591	-11,8101
5,3840	-1,5870
25,4383	-17,3155
3,6802	-3,6185
22,4236	-12,2696
-3,2665	-20,1335
27,6008	-12,5970
-4,3152	-18,0366
14,1004	-20,0682
11,0204	-7,0920
19,9329	-26,7528
14,3627	-14,1041
16,5250	-5,9780
15,4114	-19,2160
10,6923	2,2798
19,9334	-1,7837
13,3138	-11,6792
33,8267	12,3067
-3,7255	-13,5144
17,3118	3,9840
4,1387	3,3938
12,1342	-14,1695
-3,0045	18,2707
19,2775	1,8864
-4,2497	-16,0045
17,3114	7,3917
2,3695	-11,8106
12,9205	-9,6476
8,7921	0,1825
10,6268	-19,9369
8,3990	-6,0431
10,4958	2,5419
27,4698	-15,1527
6,6291	3,3940
18,7537	-2,3077
3,3525	-6,8950
32,7781	13,2244
2,8936	-9,7133
24,1274	4,8359
0,4034	8,2435
13,5106	-13,1210
10,0372	10,2752
15,6730	3,2626
4,9255	-10,7617
8,3986	11,5859
15,4113	-11,8760
12,3961	-2,4386
25,3071	7,1294
7,0879	-6,5019
25,8315	4,3771
8,5297	1,9522
29,5670	-4,2735
0,7967	26,0039
29,3049	-0,4072
5,3842	2,2802
22,1613	10,3408
8,4644	-3,8149
7,2845	4,1806
-7,9195	8,1126
8,1363	-2,9629
-1,5628	16,8944
-8,1167	1,7555
-4,4464	-5,1911
-12,7698	18,8604
1,5173	4,3113
-20,3065	2,2799
4,1388	3,8527
-24,0419	-10,0408
-2,2182	13,0934
-20,3064	5,8186
0,6652	-16,4633
-23,5831	5,4911
-2,0873	-14,0387
-10,0826	-6,3710
6,1044	-17,2501
-9,0995	-28,9153
2,0414	-2,7011
-1,4318	-23,4763
0,2720	-33,6994
13,5760	-7,1577
-2,4805	-20,9202
13,7073	-19,4782
-2,3493	-3,4222
19,9986	-22,9517
-10,1481	-4,6669
17,9671	0,6412
-2,9393	-20,4611
0,0100	13,6175
-15,9151	3,1316
12,9859	-14,3661
-15,8498	8,7679
-7,4612	-1,9145
-9,1650	0,5104
-6,0852	7,7193
-6,0193	-11,6138
-13,6219	6,6052
-4,8397	1,0999
-17,7505	-16,5944
1,5828	-6,3710
-6,6095	-21,5098
12,1995	-2,6353
-23,2555	0,3789
0,6654	-20,3956
-16,6362	-6,2398
2,8279	-1,3249
-15,4565	-12,7933
2,1725	8,8335
-11,9830	-2,8322
-4,3155	-2,5697
-3,6599	8,8335
-3,1360	3,4596
4,7941	3,5906
-12,1799	5,6877
8,5953	-1,3245
1,0582	16,0424
-3,3323	-1,6524
-3,4634	-4,6668
17,3114	5,8188
-14,3424	-7,7472
18,0324	-6,3053
-11,1965	8,3745
19,2120	-14,6939
-2,2181	9,6854
10,3647	-10,6964
2,5662	-7,0260
18,3599	9,5544
4,2045	-2,9629
10,6922	14,0109
2,6970	11,9791
-1,1699	-9,1231
1,9761	19,1229
-13,5562	17,1564
-0,5799	-1,7830
-20,6995	28,0357
5,7115	0,2483
-21,3547	9,4893
11,1510	24,2999
-3,8567	-0,8657
4,4008	5,4259
-4,6429	3,2630
9,8402	-7,6159
2,2383	10,6685
0,9929	-4,4049
-2,6112	-13,1865
-1,5632	-1,5870
1,1898	-12,7935
-1,7598	-2,8975
3,0246	-10,9586
-24,7627	-21,8373
12,3308	2,0177
-12,9008	-2,8322
7,4812	-10,0410
-13,6870	8,9642
9,7093	-14,7598
-1,6937	-9,7131
14,4280	0,5757
9,8408	-18,4952
16,1319	1,8211
15,6079	1,6897
13,5106	-29,9637
31,3365	-7,3541
14,0347	-9,3859
17,3775	-10,2377
15,0177	-6,6334
22,1614	-44,3819
-2,1527	-6,7642
12,9864	-5,7816
-7,5921	-26,2939
17,7047	-5,8468
-11,6553	-3,5531
6,6291	-8,4027
-9,1649	-0,8659
0,2721	-7,2884
-4,3152	1,6245
5,9734	13,0931
-1,0385	-14,4317
-7,1993	12,6346
3,8112	2,7383
-8,5757	-8,2058
-9,7549	7,4571
-19,9132	-12,4003
-12,9007	-4,7980
-25,3527	0,6412
-6,0195	-22,6237
-13,7530	-6,6330
-6,2819	-12,0072
-21,5513	-13,1212
4,4661	-9,1890
-3,2014	-10,7619
-3,1359	-7,9439
4,4666	-3,0287
4,5316	-13,4487
1,1898	11,0617
4,9249	3,1316
9,0541	-17,9050
-2,3495	7,2607
4,0078	-4,7325
-15,5877	-1,5211
10,3647	8,1780
-19,3888	-13,7109
-3,2670	-2,1108
-21,1582	-0,6039
-2,2186	-21,4440
-24,7628	7,2606
-12,3767	-0,6040
-26,5976	-16,4635
-16,0467	-4,9292
-18,8645	-16,7257
-9,6242	3,2628
-11,7211	-8,7305
-11,2627	-23,8034
-10,0171	3,3284
-19,8477	-3,3565
0,9274	-19,8056
-14,6704	13,1587
6,7600	-9,9100
-14,9325	-2,7663
-3,0048	5,7531
-8,7063	-14,3008
0,7306	3,5906
-24,6312	2,7384
11,0200	-16,6599
8,3331	-3,2906
9,0537	-2,1767
6,8914	-6,6330
-6,5438	-5,9121
-1,7592	0,9691
-8,9030	-0,8004
7,0879	-7,8127
-11,4590	-15,6768
2,5003	8,1125
-22,7967	-10,7620
-1,1042	-14,0384
-16,9640	5,6877
2,5656	-15,5460
-24,4350	4,7046
0,0754	-10,4342
-8,5098	-14,9560
-1,6286	8,6367
-7,3955	-8,7960
2,2380	-11,6792
8,2676	5,2288
8,6604	-14,1698
12,6587	-8,1404
7,2844	2,7384
18,4259	-16,2013
4,1389	2,8042
26,4212	-4,9294
-2,6768	-16,5287
26,6833	8,8991
-5,7569	-4,0116
21,1127	-7,8779
4,7943	16,0425
11,2166	3,3285
-1,6938	7,1953
5,5804	10,0132
-6,2158	1,8213
-7,7890	19,3849
-5,2983	12,5690
-12,1800	5,3602
-2,4805	6,6709
-22,6657	3,5252
1,1240	14,0109
-18,0781	7,7847
2,8278	-3,0940
-19,9131	7,9815
6,4323	-3,0943
-17,0950	-12,9243
2,6313	5,1633
-10,8689	-15,1529
-0,9077	-5,9121
-0,6452	0,8377
6,2356	-25,4420
0,9931	-10,8928
-5,2330	-3,8153
20,1296	-23,0171
-7,7890	1,2967
9,6441	-5,9781
-7,4611	-16,7256
21,6370	-6,4365
-3,2012	-29,3085
11,4791	-0,5382
5,6463	-9,5824
18,6223	-20,9198
0,6657	1,8210
28,5181	1,2310
9,1853	-11,3516
19,1464	-0,2105
6,8916	-2,8977
-2,8736	-1,1935
6,2364	2,5418
3,2867	-10,8930
12,3311	-2,5700
7,2188	-13,7768
16,3942	-26,6215
5,4495	-12,2039
22,7512	-36,9765
5,7119	-25,3765
23,5376	-24,3281
-0,3829	-36,7798
23,2755	-19,2161
4,4012	-17,9711
13,1828	-29,5052
2,1730	-6,9608
4,7285	-20,0681
8,8574	-11,0894
-2,9395	-1,3903
2,2382	-20,1990
-14,9981	-0,2760
-2,6114	0,1168
-14,3426	-21,9683
3,6799	-0,1450
-17,0295	-0,8660
1,9105	-8,5991
-12,7695	-3,0941
8,7262	-9,9753
-10,4101	8,1126
12,0030	8,3090
-1,3660	4,8358
14,5589	9,4889
4,4667	11,9791
9,7748	-9,5819
11,6756	14,2075
6,0393	3,3939
18,5569	1,9524
-1,3007	14,5350
14,0350	-9,7786
1,1242	9,9477
35,3339	-9,2545
-5,3640	-14,6281
9,9062	9,1612
-5,4292	-2,8976
16,1976	4,5080
5,9086	-2,3734
30,2221	-27,7355
3,2217	-3,2250
25,1760	-9,9756
24,8485	-19,0847
16,0008	6,1464
21,8340	-7,7474
20,5883	-10,8272
27,5353	8,2434
4,3354	-14,1698
20,4575	2,5420
0,2721	10,3404
13,5761	-19,8057
-6,0192	5,6222
14,0347	1,6898
-7,8542	-4,7980
14,5589	4,3769
-4,1186	-4,3393
14,6244	1,2314
3,0904	8,0469
7,0877	-10,0407
6,0397	18,9917
12,2649	17,8773
9,9716	5,5570
-4,3810	28,7566
11,2167	13,2245
-10,2793	17,5502
10,4958	25,4142
-9,2963	12,6348
-2,6115	21,2200
-22,0756	10,9963
10,4300	-0,0135
-14,1459	18,5984
0,1409	-5,9121
-10,3446	3,1320
0,6651	14,0106
-4,4463	-8,4024
-0,5145	12,2415
7,7434	9,7508
-1,3009	-18,1671
8,2021	11,5207
2,5657	6,6052
8,7263	-1,3899
-14,2113	11,8481
8,9885	-1,9144
-18,5368	5,1635
0,6653	6,6051
-17,3571	-13,7108
-1,8908	11,8481
-21,3548	-5,9778
-6,5438	-15,4802
-6,1505	3,5906
-3,0706	-1,2592
-15,3254	-0,8658
1,6481	0,5104
9,2504	-10,6307
-14,4737	9,7510
7,4157	-0,9971
-1,3665	-16,0700
11,8721	13,2245
-13,8837	8,1779
17,0495	6,8675
-13,1628	19,5158
10,1681	-0,1449
-4,3154	7,0644
4,4008	11,7171
-13,9490	-1,7829
10,7578	27,3803
-1,7594	5,9498
-4,5121	0,7074
6,1705	1,5591
9,5779	-9,1232
12,5930	11,9792
-4,3156	0,9689
16,9184	-22,7547
-6,4126	-6,3709
19,9330	-10,5653
-3,5945	-11,2861
18,2290	1,8210
-11,8520	-3,6185
12,4618	-0,0139
-2,4148	8,4401
8,2018	-4,0771
-7,5920	11,5861
5,3838	7,4572
-2,6113	8,8337
2,9588	19,3193
1,6485	15,1250
-21,7481	10,2756
3,4836	27,3802
-6,6750	3,4598
0,0755	15,4530
-23,9763	19,3193
10,2336	5,6224
-18,3403	21,4167
8,5951	10,9962
-15,9809	5,1638
4,2042	14,1420
-8,8373	-0,3414
3,7454	12,3071
2,5005	8,0470
1,7138	-14,2349
13,5762	13,4211
12,5271	1,2967
8,2678	-5,5187
3,0246	9,2267
19,3434	-2,9632
-1,8250	-8,2057
18,0326	-2,8319
-4,6430	-18,3638
18,8845	15,3215
-9,2961	2,7384
14,1002	-13,5796
-7,7232	10,0788
8,6606	-0,6693
-6,8712	7,5886
-4,9709	18,4017
-10,9998	6,9330
4,2696	15,7151
-9,1650	17,9430
-10,2138	7,5231
11,0856	19,7782
-10,3450	8,8335
4,0733	11,4553
-12,5076	21,1543
14,1657	2,4112
-17,4883	22,7929
0,5997	14,0764
-13,0973	-1,8486
7,1531	22,6617
-19,8475	0,9035
0,7306	-16,8563
-16,3740	8,6369
-5,4298	-10,6309
-0,0556	-3,2253
-4,7745	-0,0142
6,0392	-25,0488
-6,0852	-4,9946
-4,2497	-2,1115
-1,9563	-28,7186
16,4594	-3,8149
-14,8013	-1,3904
7,4155	-14,6939
-15,9153	9,4232
3,8765	-4,6669
-28,0393	11,5859
10,7577	8,0468
-16,3741	-6,6985
10,1023	13,0279
-4,1844	8,4401
-3,1361	3,1319
-0,1865	10,2752
-7,3304	-8,6647
5,5151	3,7874
-17,2918	4,9666
9,7750	-21,6408
-3,3327	1,9522
3,2867	-8,0097
-22,6655	-25,9662
4,1387	-9,1237
-16,5051	-30,2917
-0,6456	-10,1720
-24,6314	-2,6359
4,4661	-27,2771
-19,7819	-4,7326
-4,5123	-17,3159
-13,3593	-33,2406
-4,3813	-7,5508
-8,9029	-20,5269
-5,2332	-16,9222
0,0755	-8,1407
-11,7212	-21,9686
3,7455	-6,5022
-9,5585	-15,0876
5,5804	-20,3957
-35,0518	-5,3881
10,4302	-9,1237
-20,0442	-12,2038
1,0585	-8,4683
-13,0971	-16,4635
-0,7112	0,7068
-14,9975	3,1315
4,8594	-12,7280
-3,6599	2,2797
-9,6895	-7,9441
6,1050	-17,9708
2,6966	-0,7349
2,5004	-11,0242
-14,3424	-9,3201
7,9400	-4,1430
-8,8374	-28,5876
18,4257	7,9159
-14,0146	4,9664
13,4450	-18,5606
-3,2666	9,2921
11,4788	-5,6503
2,1074	-4,9946
8,9884	2,1486
3,0904	-20,5923
7,0223	-12,0725
8,7921	-9,1892
1,5827	-26,2938
9,7095	-1,7181
1,2550	-23,0174
15,5421	-21,2477
-11,0657	-16,9225
11,4134	-33,9618
-9,1651	-11,0241
14,5590	-14,4324
-7,0678	-35,7966
17,3114	-3,7496
-7,5920	-18,6265
14,1657	-9,9099
4,5977	-1,1282
12,9205	-23,6724
5,9741	5,2946
5,5804	-5,5191
14,6903	-16,0043
1,7794	20,7610
17,9015	7,3259
3,0245	-8,1402
11,3479	20,4334
-13,8183	-0,3417
10,5614	3,7219
-16,2431	7,3260
5,6460	-12,4656
-22,0102	9,2268
-2,0873	10,6683
-16,1774	-16,0700
-2,7427	12,2414
-7,0678	-3,8151
-1,6287	-2,6351
-7,9197	4,1804
-2,2185	-9,0578
8,3986	4,2461
-7,6580	5,3600
9,0540	-1,7177
0,0097	14,4696
7,2189	3,7216
-16,3085	3,7873
16,5905	12,0447
-14,4079	-0,0139
12,9860	6,9985
-8,9028	1,8867
4,5975	-0,5381
-7,6575	4,3116
11,6754	10,3406
7,2847	-12,9898
19,5396	10,1443
10,0373	-1,6523
13,1172	3,9184
21,3750	2,0177
7,9399	-1,5865
16,7221	19,2537
5,5807	7,2604
26,2246	-7,7469
-2,4801	7,7850
25,6347	0,5759
-7,9851	5,8190
18,2291	21,5472
-3,0700	-6,5675