-18,8089	-30,1398
-3,7354	-20,5716
-28,3113	-36,6934
-1,7040	-23,9139
-30,2774	-26,3389
-10,8135	-31,8438
-23,3962	-22,3412
-9,4373	-34,7275
-20,3160	-37,0212
-13,0419	-35,4484
-12,5173	-37,0212
-12,7141	-29,2881
-4,1287	-38,0047
-22,2168	-52,4223
-6,0292	-35,7764
-23,3309	-42,9199
-11,0756	-58,3863
-39,0593	-55,5026
-9,2405	-53,5366
-33,4232	-50,1942
-6,3571	-41,0849
-31,7192	-49,0802
-11,6655	-45,8688
-20,2504	-39,0531
-9,8306	-50,1941
-11,9275	-37,5456
-16,3843	-41,2157
-11,0756	-40,5603
-30,0812	-48,0315
-13,4348	-56,6821
-30,8022	-44,4925
-15,0077	-50,1287
-32,4406	-56,2890
-18,4813	-50,7840
-43,0573	-44,1650
-27,7219	-48,9492
-47,2515	-53,6678
-17,8917	-61,3354
-41,2224	-51,1118
-35,3899	-54,9787
-37,3557	-72,6077
-36,1110	-63,3017
-38,0766	-68,4135
-48,5628	-68,1514
-32,1129	-71,2317
-56,8859	-80,7999
-47,9070	-73,5910
-52,3638	-75,0329
-40,7638	-85,4530
-66,4540	-80,4068
-46,9897	-73,1324
-64,2257	-77,1957
-37,4872	-80,9968
-57,2133	-85,3222
-40,8297	-84,8636
-53,4778	-99,7402
-49,2838	-110,5538
-51,3151	-108,7188
-48,5630	-111,9304
-51,3152	-136,8994
-56,6239	-125,8240
-50,3978	-136,7032
-68,1583	-139,7178
-49,8736	-133,2300
-87,1637	-169,9300
-67,2406	-151,5799
-97,1908	-145,3544
-77,5300	-165,6704
-95,4869	-159,0512
-83,5595	-156,5611
-98,8293	-167,5056
-86,5090	-168,0298
-105,7761	-172,1587
-92,9970	-177,5326
-96,0115	-179,6299
-113,8375	-195,2274
-103,2858	-184,6763
-114,1652	-194,3757
-95,8804	-204,8614
-114,0341	-200,1430
-87,8196	-212,5292
-115,2136	-211,4152
-93,2590	-201,2573
-117,1796	-213,2504
-87,6230	-217,2481
-119,8011	-216,0030
-104,5313	-228,6514
-118,0971	-218,8212
-108,4637	-224,3918
-122,3571	-236,0572
-120,7191	-236,5816
-116,3279	-252,1136
-127,0107	-241,0381
-122,9471	-250,8032
-133,6954	-266,3351
-122,6196	-259,3227
-144,3121	-263,2552
-134,2850	-263,7795
-147,7199	-268,1704
-125,6345	-279,5082
-150,8002	-273,8066
-138,1520	-273,7412
-162,5966	-285,4067
-144,3780	-287,4382
-158,7957	-295,1062
-154,5362	-303,9534
-152,8321	-308,9999
-163,9080	-313,3254
-159,0579	-311,2283
-170,0685	-333,0520
-152,5045	-340,1298
-175,9012	-337,7707
-166,3326	-348,3877
-190,2533	-360,7083
-166,6604	-360,6430
-187,1733	-368,0486
-179,9644	-359,3325
-202,5742	-367,6558
-190,2538	-383,5809
-208,8659	-384,4329
-201,8539	-388,1686
-214,3056	-400,9482
-228,1996	-399,8341
-228,3303	-415,7594
-219,8113	-411,5653
-233,3770	-404,7498
-247,5330	-438,3041
-223,7434	-430,8985
-265,9488	-430,8989
-242,6178	-440,6637
-271,8469	-439,8774
-240,8486	-445,1206
-274,2064	-466,4196
-263,8518	-454,2956
-290,7214	-472,5147
-265,8836	-482,4762
-290,5905	-486,3430
-277,3526	-498,2706
-291,3771	-502,9237
-286,9866	-511,9022
-291,1150	-522,0603
-300,7493	-508,1014
-285,8723	-518,9150
-308,7447	-528,4833
-290,3288	-537,3963
-316,3470	-544,5397
-301,6012	-538,1829
-336,6630	-551,5525
-301,0770	-575,4731
-344,0686	-568,0676
-319,2306	-574,2939
-342,7579	-592,3164
-333,7144	-596,5762
-346,4280	-610,1424
-341,1202	-620,7592
-354,6856	-623,1843
-344,5282	-634,2599
-345,5765	-633,7359
-365,2377	-652,1515
-348,3946	-659,7537
-376,6409	-670,1085
-359,4702	-673,6476
-388,0441	-669,3223
-350,0333	-680,6603
-397,6126	-692,9154
-383,3911	-688,0005
-402,4621	-698,2241
-379,8525	-698,2898
-397,8748	-703,4017
-389,8143	-708,5136
-412,0307	-703,0742
-406,1983	-720,4414
-408,6886	-729,4196
-427,3668	-718,6063
-423,6308	-736,9566
-441,1296	-750,5878
-436,0830	-734,4008
-461,6423	-760,6809
-451,7462	-752,4890
-472,8490	-774,5749
-452,9261	-785,3227
-479,0094	-785,9129
-464,0019	-801,7728
-483,4002	-815,3386
-471,5385	-808,2610
-475,9947	-827,0699
-455,0237	-836,9003
-471,3419	-828,5773
-474,2912	-845,8134
-460,5283	-841,8157
-473,3082	-843,0610
-458,6933	-864,4256
-479,5996	-839,1944
-461,3147	-859,5107
-478,4198	-862,4597
-449,1252	-855,9062
-483,7937	-857,8725
-456,0719	-867,9650
-478,0264	-871,2418
-450,8291	-864,1639
-464,6570	-864,9506
-448,9941	-881,3345
-452,6639	-879,3683
-450,5014	-865,9992
-448,4041	-882,5799
-467,2787	-878,6476
-449,1903	-890,0510
-464,5262	-888,7401
-447,1589	-874,5190
-477,6332	-888,1504
-447,9452	-884,4802
-467,6061	-863,1156
-437,8528	-872,7494
-468,1302	-867,3753
-433,3307	-858,4625
-456,4646	-871,7006
-427,7601	-847,7142
-443,0296	-847,8456
-420,0925	-864,0981
-427,4976	-839,0634
-420,0924	-851,6463
-422,1236	-840,6360
-423,8932	-829,6260
-394,5328	-828,8395
-420,6163	-823,0721
-399,7099	-812,5863
-409,4749	-809,3749
-386,4062	-783,8813
-408,2950	-783,9469
-370,4808	-783,4877
-391,9765	-761,3365
-373,4953	-768,0212
-387,8473	-750,3262
-354,7519	-749,0810
-358,8149	-751,1124
-354,4898	-729,8131
-350,2294	-717,4924
-348,7224	-728,8298
-335,1561	-714,7394
-344,9868	-710,6761
-331,9447	-696,6512
-347,6736	-683,9371
-324,9979	-687,2793
-348,6566	-670,7641
-329,8476	-650,9069
-348,9184	-659,1641
-313,3980	-644,5494
-335,4181	-637,9303
-317,0024	-621,6116
-318,1162	-624,1674
-296,4897	-617,6792
-302,8462	-606,0791
-298,1934	-599,6565
-289,5422	-597,1004
-295,0476	-581,0438
-274,4033	-570,7549
-297,0791	-569,0507
-271,1263	-554,9603
-291,5084	-556,8608
-272,9615	-540,8043
-300,4210	-522,9131
-264,7039	-528,8111
-294,7193	-514,3274
-267,7185	-504,4971
-279,7770	-501,3511
-262,2136	-487,1953
-276,3689	-493,3555
-253,6939	-480,9033
-255,3319	-463,7330
-247,7300	-469,1723
-239,2755	-454,1643
-247,8610	-444,7927
-230,2312	-440,4015
-247,3364	-421,7238
-223,4810	-425,9835
-240,1927	-432,5367
-208,7353	-404,4218
-226,2335	-410,2546
-205,7863	-392,6252
-220,5316	-389,5451
-193,6621	-384,7609
-222,2354	-379,3213
-205,2616	-380,1733
-198,8389	-368,8354
-191,0405	-361,2987
-197,4625	-372,7019
-187,6324	-350,3539
-167,1848	-354,8105
-194,4482	-360,5118
-167,3812	-342,6861
-185,9283	-338,8850
-158,7305	-344,3242
-183,5688	-324,2702
-156,6989	-326,9572
-179,6366	-314,1775
-156,5024	-314,9640
-186,4522	-312,2767
-163,7768	-285,6693
-169,0850	-294,0578
-161,6797	-295,1714
-150,8660	-273,9379
-157,5510	-274,4620
-149,9484	-274,2652
-148,4413	-255,5873
-129,3701	-257,6845
-151,7835	-246,3466
-133,3020	-242,5454
-146,2127	-239,0719
-125,8309	-224,6539
-146,0815	-232,1905
-126,3552	-235,4671
-141,9526	-210,4323
-115,2141	-212,6606
-136,7753	-208,9905
-111,5440	-196,7354
-119,8013	-217,7722
-104,5317	-196,2107
-105,8420	-188,9365
-101,5168	-212,5292
-82,9043	-192,3440
-101,3856	-200,7984
-75,2363	-198,0457
-93,9799	-197,1940
-66,9132	-210,5631
-86,7052	-198,1768
-66,8477	-200,1430
-90,1784	-196,8005
-60,3597	-184,8729
-86,5739	-187,8876
-71,3041	-179,5643
-77,0056	-169,0786
-67,0444	-175,6320
-78,6440	-162,9834
-81,8556	-147,1894
-68,4858	-161,5416
-82,3799	-141,2253
-67,5684	-143,2570
-78,9064	-148,8272
-62,9154	-134,8681
-92,8655	-138,4069
-65,5366	-121,4331
-89,2608	-119,4671
-61,3425	-124,3821
-77,3988	-106,8185
-61,4081	-109,3745
-77,5297	-115,0103
-58,2623	-105,3110
-64,1605	-102,5585
-59,9663	-101,0511
-64,9468	-113,5683
-58,7867	-101,9683
-63,8325	-86,1743
-52,6919	-90,6309
-55,8373	-105,9003
-61,4080	-89,5819
-40,0431	-89,4510
-68,6825	-87,4193
-39,5187	-95,2836
-59,6383	-91,8756
-43,7785	-77,9166
-68,0922	-77,3270
-36,1108	-90,4993
-55,0505	-80,4069
-28,9020	-69,9868
-47,2518	-78,1131
-43,5819	-76,6712
-38,5355	-73,3288
-49,4802	-61,7290
-39,9772	-57,7312
-46,1379	-68,6756
-35,7175	-52,4881
-57,7378	-40,6919
-37,2905	-53,2746
-56,0339	-58,5172
-42,9267	-39,9706
-66,2574	-42,9854
-41,4850	-43,3785
-67,5681	-48,0316
-51,9051	-34,0724
-52,6913	-43,8375
-42,1404	-52,2258
-50,7252	-37,2181
-42,2058	-43,0510
-34,5379	-49,9320
-45,7447	-43,7717
-37,7490	-55,6336
-44,8271	-43,6405
-29,1638	-42,7887
-59,1138	-39,6429
-26,4767	-39,4463
-52,6257	-45,0168
-24,7729	-45,6721
-49,6109	-39,7083
-20,9063	-46,4585
-39,9115	-27,1910
-21,4961	-37,6114
-27,5906	-50,6529
-22,0859	-50,9149
-26,7385	-35,9072
-17,9571	-34,5966
-4,1943	-37,8733
-25,3627	-43,4438
-11,0100	-36,3659
-24,5108	-33,3513
-14,9422	-33,4823
-39,3873	-28,8292
-23,9861	-26,9288
-44,6301	-37,6110
-14,6802	-24,0452
-39,7805	-33,2201
-24,6418	-24,7660
-34,3409	-24,7005
-19,7267	-25,4869
-28,9670	-26,1422
-21,4306	-17,2949
-21,1683	-39,4459
-25,2316	-15,7873
-9,4372	-20,8338
-26,8701	-17,0326
-10,0925	-18,0156
-25,7558	-18,1467
-11,4032	-16,3773
-36,5690	-19,5229
-4,1287	-16,5083
-31,9815	-9,5616
-11,7965	-24,8315
-36,5033	-22,2098
-12,1896	-18,4089
-17,7602	-25,2246
-17,1706	-6,6779
-25,7554	-22,5376
-18,3503	-19,2606
-6,2259	-1,5660
-24,5107	-7,5299
-8,5196	-15,2628
-26,2800	3,0873
-7,8641	-8,8403
-24,4449	1,1213
-4,0631	10,1651
-28,3113	4,7912
7,6680	14,0319
-17,1046	13,4419
9,7651	3,7429
1,3111	11,8693
17,8259	20,2578
-0,8514	13,6388
8,4544	6,4952
9,3067	-0,7790
12,1899	9,8378
14,6806	13,5730
6,9469	-8,1191
7,4715	4,9225
-9,7646	5,5776
7,2092	-2,8763
-20,3816	2,7597
-10,0925	6,5608
-43,4502	8,0026
-12,5174	8,8545
-36,3725	6,2987
-21,1684	22,4860
-36,1758	15,5391
-26,2148	6,8887
-26,7386	20,5857
-21,4961	27,4014
-22,2821	29,3675
-20,5785	27,9914
-4,4563	19,6684
-20,5785	36,9043
-7,4053	35,8555
-27,4596	16,7193
-4,9805	30,6784
-30,9330	33,4962
-14,2212	26,7461
-30,4741	23,2727
-12,3209	15,8672
-32,7025	21,9620
-23,9207	24,5178
-28,3769	19,0783
-11,4035	18,5541
-17,9567	15,1462
-9,2407	15,2772
-2,8834	4,4638
-7,9299	15,8016
2,0319	15,5393
-11,4031	7,6749
17,6949	-4,1213
-13,5659	11,6072
5,3088	0,9903
-17,6944	3,8739
14,5492	5,5122
-23,6583	1,8421
-6,9466	-2,6143
-19,5947	-2,2213
7,2745	-23,7169
-7,1431	-6,3499
-4,1942	-10,5444
6,6196	-14,6731
6,7502	-11,0030
6,6850	-6,0224
-4,1286	-4,1219
7,6681	-2,0247
-13,5657	-6,8087
7,0782	2,9563
-12,9105	5,0533
-0,8518	-4,4493
-21,4301	9,5754
-3,8665	16,6530
-30,2119	5,7087
-4,3909	1,3834
-19,3328	10,1652
4,8495	9,0510
-8,5194	-0,9760
4,1287	-7,6605
-5,2426	9,3787
-5,4393	-0,5829
18,0883	-14,5418
-6,2258	0,9246
6,5541	-5,0393
4,2601	-3,6629
8,7822	1,5143
-7,4051	-6,6776
8,5200	4,1359
-10,2232	-3,0077
9,3063	-2,0901
-18,4807	11,6069
-4,3252	-0,9106
-17,9564	5,9054
0,8520	11,2137
3,4081	4,2669
-7,0125	5,2501
-5,7668	9,9030
-8,3231	7,2817
13,1729	11,6070
-20,2506	11,3448
1,2456	3,0873
-9,6337	2,1700
5,7019	1,5147
-15,8595	13,7043
4,9809	21,1096
-14,8763	11,7381
2,6872	23,9933
-14,3519	17,2431
8,8475	20,9788
-1,4415	25,2385
7,0779	16,3914
-10,0266	14,8187
-5,0462	33,8895
1,4422	24,7801
-9,0439	35,3969
8,0613	23,8625
-12,5829	16,8504
-0,3273	30,6785
-21,4956	32,6443
1,2455	20,0616
-22,1510	25,6976
-3,2767	24,7800
-24,4447	29,3676
-3,6046	24,3212
-24,3138	24,7800
-16,6465	29,5640
-30,1466	17,0467
-33,2271	18,4231
-24,1827	18,5539
-32,0476	8,6580
-22,5445	4,3328
-38,7322	9,5754
-22,5445	-9,6921
-37,3559	15,3425
-27,1321	-3,5976
-46,9240	-6,2187
-24,2486	4,5945
-49,5454	6,2328
-28,0497	6,5606
-44,3680	3,2837
-30,2780	2,1698
-30,0811	8,7233
-12,4524	0,6624
-28,1150	-5,2355
-21,6272	9,2477
-14,0247	3,9393
-26,4769	11,4105
-15,5319	6,9541
-27,9184	5,1847
-0,7208	15,0151
-32,8990	21,9619
2,0318	15,5393
-19,0709	25,6320
6,8160	22,2895
-12,2548	27,9913
10,6826	32,5788
-2,6209	22,1585
9,9618	21,6345
4,4570	31,0715
10,0272	23,9936
5,0468	31,5957
5,3741	22,8139
14,8114	16,7847
-3,2112	20,3891
6,4884	21,6342
-12,9105	22,8794
-0,9172	20,5856
-23,5271	24,8454
8,1922	15,4737
-22,2821	0,4661
-0,3929	8,1994
-13,6314	12,5902
3,6045	9,4444
-22,7407	8,9857
-3,4077	3,6772
-1,9002	1,6456
-0,3278	7,5438
0,7868	4,9223
-3,4735	7,9369
-1,8347	9,1166
-17,1703	11,0827
9,6996	12,5246
-14,0902	9,4445
4,0634	11,0175
-26,2798	34,0860
4,0633	15,8014
-26,1487	16,7194
-7,2745	32,0544
-36,6343	26,8771
-2,1629	18,5542
-11,5343	20,9790
-30,5399	29,3020
-13,1069	23,1417
-16,0566	25,9595
-13,8279	9,1825
-19,4643	18,0953
-6,2257	19,5370
-23,1999	7,3472
0,4589	8,3304
-30,1466	2,4320
-7,0123	7,8061
-32,7023	7,6748
-9,1750	-5,5634
-34,2096	10,8207
-2,2283	14,1628
-23,2652	8,9856
-15,1390	21,8960
-19,3329	4,9224
-2,4908	4,9880
-10,5514	4,4636
-21,1684	3,1529
-12,4518	6,4296
-18,6781	-0,7139
-8,3231	-3,9906
-29,0981	8,9855
-6,5537	-2,9421
-33,4890	1,7111
-7,4711	9,6409
-37,4210	-0,9104
-10,8135	17,0466
-27,1973	17,2430
-1,2453	3,0220
-30,4085	14,8185
-7,2745	17,8329
-8,3884	2,9565
-16,1219	17,2433
-3,1454	8,0026
-5,3740	10,8863
11,8622	10,5585
-6,0294	2,4976
7,5370	7,0196
-12,2551	7,3472
9,3064	2,8909
-15,0730	4,8569
4,2600	14,8184
-20,2503	22,3549
8,2576	6,8886
-14,4834	12,2628
-6,6192	26,9427
-29,2288	24,4522
-8,0610	14,9497
-10,5513	32,5134
-16,2532	18,0297
-12,0585	15,9329
-21,6926	28,5811
-6,3569	21,8965
-22,9377	31,5959
-6,5534	27,4014
-28,6391	18,4232
-2,0315	23,9282
-14,3522	24,9112
-0,4587	31,6614
-15,9249	34,0206
-1,4416	19,8649
-11,0096	34,4794
8,7818	34,7414
-5,8978	18,8818
-0,3930	30,6128
2,2287	23,5346
1,9663	8,9859
21,2340	22,1586
-4,8494	18,8162
22,1517	6,4298
-5,0460	6,4299
20,5134	9,7722
0,5901	11,9347
17,5641	6,2330
-6,0943	1,7767
15,8601	13,1799
-5,8976	9,1820
13,3042	1,8423
10,0931	15,2116
10,3549	13,7042
6,8163	12,3936
4,5877	13,9009
8,0614	4,3983
6,2260	21,1755
11,8624	14,0974
-3,2767	7,8717
10,9449	23,0759
-7,6019	7,0195
14,2217	14,5563
-11,8615	18,9470
15,5979	2,9565
-10,4197	16,4568
12,9109	18,3572
-7,6015	8,9201
11,9933	19,8645
5,7678	2,9563
18,9400	1,9735
6,0953	15,7357
8,1922	1,3178
14,4840	2,0388
3,8668	0,0726
19,2025	-7,0052
-1,3760	8,7234
15,6636	10,1649
-8,1260	-7,4641
24,3798	-6,4809
-13,1068	3,5461
16,0568	2,4319
-7,4052	5,2499
5,7674	-3,7284
-9,5022	16,9155
1,3764	11,0825
-0,7860	-5,0389
-6,5535	10,2964
12,3866	8,9856
-13,3695	9,2478
-4,4559	1,1869
-9,4371	6,2987
2,8184	8,8545
-6,9467	-3,4661
-3,3420	9,2479
-21,8231	12,0657
14,6804	8,5925
-8,2572	8,4613
14,4837	18,0951
-8,2570	1,5145
11,6657	15,5392
6,5540	8,8546
10,3548	2,5632
1,7044	23,3380
5,1119	15,3426
7,1437	5,7745
-1,7040	13,9010
5,2431	12,8524
-14,0247	22,8139
-9,1092	23,6658
-21,1679	2,9566
0,7210	27,1394
-20,1194	28,3188
-0,7864	14,5565
-19,1363	23,7315
1,9661	21,6998
-18,5464	21,7654
-2,8836	16,2603
-10,1577	19,2095
-0,2621	27,3358
6,3574	19,7991
6,7501	13,1145
8,2579	12,7868
2,6215	8,4614
12,3212	9,0513
-1,0484	8,1993
1,9010	2,6288
-7,7328	14,6219
13,8939	11,6727
-15,7936	15,4083
16,8430	22,7483
-5,5047	25,3041
2,8182	18,6196
-2,2934	20,7168
6,3570	8,5927
-10,4854	27,4670
-3,5389	20,2579
7,6024	-1,1721
-3,0804	19,8648
-4,1940	13,5076
-19,9884	9,9033
4,2600	16,2602
-20,4472	4,9881
-6,4878	18,9472
-22,0198	23,9278
4,4565	13,3111
-17,8256	15,7360
0,6554	12,9179
-18,8084	17,8332
-0,7208	24,7143
-7,3397	14,8841
3,6699	19,6026
-6,8155	21,3720
-8,3887	9,5756
-7,7329	14,7530
-1,7696	7,6095
2,0317	7,3474
-22,7410	8,1338
-3,0799	1,1214
-22,3477	1,7112
-9,5680	18,1606
-27,5904	-1,1725
6,8158	4,2671
-15,2043	6,4296
-1,2452	2,1044
-18,5465	14,6873
-4,0632	11,8036
-12,9759	11,4106
-9,0441	15,2770
-3,3421	8,0682
-19,3332	14,2940
-1,5070	-5,5634
-11,7311	-10,2162
2,0318	17,7018
-27,7871	6,8226
2,4251	-8,1192
-23,7895	0,9902
-2,7523	-2,2867
-25,2967	6,8229
-2,6868	11,1481
-32,3745	-4,3183
2,4248	4,3326
-19,9883	4,5946
-18,8744	-1,4346
-8,3228	4,3325
-4,4568	5,7088
-10,4856	13,2453
-15,5977	0,7280
4,5876	0,9903
-16,9739	-0,9102
5,0465	9,8376
-21,3646	5,0535
15,5323	13,3111
-13,4348	12,8522
11,6001	17,7020
-14,2865	20,3233
12,8452	5,1191
-9,5678	18,2919
8,7165	13,4420
1,1145	3,4808
4,7843	13,5078
13,0422	23,0102
4,8498	7,8060
14,4840	3,2186
14,2871	6,4299
26,8702	6,2986
-1,2447	4,2670
28,5744	-2,7452
11,7970	18,4883
26,8704	4,3979
10,4210	-0,7137
31,0647	1,0558
8,1273	-1,4347
27,4602	1,0558
16,8436	7,3471
23,7245	3,5460
15,9260	2,1698
11,2070	4,0046
11,5350	-10,3475
2,2285	9,1166
15,6635	5,4464
-7,5366	-0,6482
-1,5070	9,1166
-21,6267	-0,1895
-3,9320	7,6094
-22,5443	1,9077
-7,7986	-3,0073
-30,2119	16,9810
-1,9660	6,1676
-15,9251	2,0389
0,5897	5,9711
-19,7916	9,4444
-15,1388	10,5586
-10,0922	5,3155
-15,5978	-3,8593
-4,1285	14,9495
-30,5399	13,4419
-9,5679	4,2015
-23,4619	14,4906
-1,7038	3,8082
-30,2775	2,8252
-1,9658	2,2353
-20,9712	-9,8887
5,4397	15,2115
-6,6187	9,4440
5,0465	-4,1218
11,6003	4,9878
9,6339	-0,9106
-5,1766	-3,5318
16,4498	3,8736
17,5641	-7,8573
3,6046	-6,6120
8,1270	-13,6243
1,1144	-8,7092
17,3674	-0,1895
-1,5071	-10,2822
15,3358	-4,8426
-9,1747	-1,3038
15,3358	-8,3162
-4,3905	-7,3986
19,5956	-0,0587
-3,0142	-18,9985
21,5616	-11,1995
1,7044	-8,3816
12,9763	-0,6484
5,1122	-0,0587
2,8837	-6,6121
1,5078	-1,5658
-5,8325	4,7911
20,3164	-19,3916
-13,8937	2,6942
-3,6040	11,6722
-4,7840	-12,0516
4,9808	-0,5173
-23,3306	1,6452
1,9008	-12,3793
-20,4469	2,6283
-2,8179	-17,2292
-12,9757	-7,9884
1,4419	-12,7072
0,0659	-15,1975
8,7819	-6,4157
9,2410	-15,2632
4,8498	-20,7680
19,4647	-15,1320
-0,8518	-18,6053
12,3870	-10,3479
-2,3590	-6,6124
11,7970	-18,2776
-5,4391	-0,4519
5,9642	-5,9570
-18,4151	-7,5296
18,0882	1,0556
-14,6142	-1,1726
4,8500	2,9562
-14,4830	3,8738
3,9324	-1,1725
-1,5725	10,2963
3,2768	14,6870
1,9665	3,2839
0,7209	12,2624
5,4399	-1,3691
-4,5218	8,9858
11,9279	4,6602
-0,5242	1,6457
7,7335	12,3936
-18,2186	16,0634
17,6951	5,5777
-17,8910	4,5292
12,3212	7,4127
1,3767	-0,1240
17,8260	1,8420
-1,6379	-4,4494
5,5054	-6,4155
6,6197	-14,4764
13,5661	-12,7725
4,8501	-2,2213
2,2938	-15,7218
8,3890	-21,8165
-14,4833	-2,9422
7,7337	-11,3309
-14,6145	-13,1658
3,4082	-11,6585
-15,9250	-12,1828
9,3718	-6,5466
-19,7914	0,1379
5,9641	-14,9352
-0,7860	1,2522
18,1536	-1,1073
2,2943	-2,6143
10,8136	-0,4519
9,2412	-14,8039
10,5515	7,3471
11,5350	-1,9592
16,7119	-6,1532
16,9087	5,5776
4,3913	-5,3014
26,4114	-11,7893
2,4908	3,4803
21,2996	-12,5760
-4,2594	-6,4811
11,4037	-5,2361
0,4593	-21,6854
16,3843	-12,8382
-3,6695	-17,2291
11,2068	-14,6733
0,3937	-10,2168
5,8984	-18,4089
-0,3272	-20,2436
0,8521	-6,6123
8,5856	-8,9060
-19,0708	4,2012
7,6681	-1,8937
-14,4178	-11,2651
-0,2619	12,7865
-17,4323	5,1842
2,0974	-3,4007
-20,4469	5,6432
11,1413	2,0386
-12,6481	11,7380
6,7503	1,1865
-5,5046	-5,9566
1,2453	11,8689
-7,6673	-0,3208
2,6870	-4,9737
2,5562	-3,2698
-10,5513	-9,8889
5,0467	-7,2019
-7,4713	-5,9569
1,5731	-16,9667
-19,6608	-1,6314
-6,4223	-3,2699
-22,1510	-9,8234
-3,6699	-6,4155
-23,2650	1,9076
-4,1942	2,1697
-12,8447	-5,8913
-0,2621	-9,0367
-5,5701	5,7741
8,8474	-2,9422
-2,5554	-10,2164
10,7479	3,2184
18,6126	-5,6946
3,3423	0,7936
3,6051	-2,9421
1,0489	-9,2989
16,1877	2,8906
-11,4029	-7,0053
18,4817	-12,8378
-5,2425	3,4150
22,4793	1,8420
8,0614	-11,4616
21,5617	3,4804
7,6029	-9,3646
30,6056	0,1381
18,7440	-3,5976
17,3018	-16,5735
21,9553	0,1380
15,2046	-10,2823
24,5766	-14,6730
1,6386	-12,9692
24,1178	-10,4788
-9,1092	-8,6438
13,5010	-3,9253
1,9664	-16,0494
14,1563	3,6769
2,8841	-6,9400
18,0884	-17,6220
11,9938	-13,1000
25,1663	7,2815
13,1080	9,9684
25,2318	-1,1071
26,9359	2,3010
17,3019	10,3617
23,7248	6,6262
15,5979	-6,8740
23,6592	14,0975
11,0760	11,1483
34,5381	6,9541
10,4207	8,7235
35,4555	7,6750
4,3260	16,5879
32,3754	11,3449
13,8944	7,4783
38,7322	6,4952
10,0278	0,4004
27,3291	4,0705
14,2221	4,8568
23,2658	-0,7137
34,1449	6,6918
9,6997	8,9855
20,8414	-7,4639
30,2124	6,7574
19,1372	-0,4517
7,1441	-4,1215
32,8997	10,5583
11,8625	1,7110
25,0353	6,2987
3,3430	12,5900
17,8263	15,2771
5,5713	23,2725
14,4182	20,1268
2,2289	21,3722
15,6633	25,8942
-0,8515	22,2242
4,7189	28,1880
11,3381	28,0568
3,7356	18,3577
8,7822	34,2173
0,6555	28,7776
17,0396	10,1657
-9,5680	17,5056
12,2555	22,2241
-11,0098	9,3134
10,7481	16,8500
-9,1092	-1,9588
2,4250	10,2309
-9,5679	5,9708
-1,5729	-9,7578
-8,8470	-2,1556
6,4880	-6,0879
-3,6697	-10,3478
2,0315	-14,3454
3,8015	-18,1465
-3,3422	-7,6608
11,6657	-7,5299
-13,5657	-16,5738
13,1077	-7,2021
-8,9782	-10,6101
17,8262	-14,7388
-12,1237	-7,3987
12,9765	-2,4182
-0,3927	-11,3964
17,3672	-16,3771
0,0005	-8,0540
6,8814	-0,8450
-1,2447	-2,1559
-0,3931	-9,9544
8,4545	1,9731
-9,1095	-1,9592
6,3573	-7,0708
-14,7457	-3,4663
0,5902	-12,5103
-19,3331	-0,7138
-4,2595	-2,8112
-23,4617	-2,8765
9,3718	3,6114
-18,5463	-0,9106
6,0296	-12,1826
-6,8809	4,9878
7,9301	-6,0224
0,0006	-0,3206
10,0272	2,4973
2,0322	-1,8936
4,5221	-0,9760
6,6852	1,0556
-1,1139	4,0703
11,5347	6,6918
-9,4370	9,0511
4,2602	9,8375
-12,2551	7,6750
5,2431	13,3766
-20,2504	23,2069
-0,7206	6,2331
-19,3328	6,1022
4,2600	18,3574
-8,7159	18,2916
10,1583	-2,0899
1,1145	9,6410
10,8136	7,0850
6,2265	7,3472
4,1945	-2,8765
12,1247	0,2037
4,4567	3,9392
28,1810	-6,5466
-3,8007	-11,9205
26,5426	-0,1896
1,8354	-9,9544
9,6999	1,7765
5,4400	0,5967
14,6804	-15,2627
-7,7982	5,4466
12,0590	0,9244
2,5564	-8,1193
1,4420	11,3448
2,1634	-0,8450
10,2891	-9,1022
4,8502	5,1190
8,1266	-5,5635
9,8308	8,3302
-4,9805	1,9730
26,4114	-8,5780
-5,7670	6,6917
5,1779	-0,9105
-2,0312	1,3179
15,0736	2,8251
-14,4828	-0,0584
23,2657	3,4806
-6,8807	-2,3523
15,9257	-14,8695
16,5811	7,8058
18,9401	-9,8235
7,5372	-13,1001
12,1900	-6,2190
19,2683	-18,1466
13,8283	-12,8381
21,4309	-16,7705
6,0297	-27,1251
22,6760	-21,0958
-0,9825	-20,5718
29,4917	-35,8414
3,4739	-24,3726
27,3290	-28,3050
10,4863	-30,7952
28,7707	-23,5208
15,3361	-34,7274
20,9064	-24,2415
16,5158	-16,0498
18,2848	-33,1545
16,7780	-20,5715
19,5954	-21,5546
12,3870	-18,4089
10,3550	-21,1613
21,9551	-17,1637
-6,4877	-12,1174
20,7101	-14,4112
-3,5385	-28,7635
15,2705	-5,8914
-3,0139	-10,3480
23,3969	-18,2776
0,4594	-5,6292
21,8895	-10,9376
5,5057	-0,3207
17,5640	2,0384
6,7508	-5,9568
11,9278	0,5313
10,2242	-0,7795
10,1582	-16,5079
8,9788	-3,5318
-8,5849	-9,7577
13,8940	-2,4833
-12,1896	-3,6630
7,9957	-9,2335
-17,8912	1,3833
-3,5387	-7,4641
-20,3815	-7,1363
2,0972	0,4002
-17,1703	-1,1072
-8,6508	-7,0708
-15,0076	-6,0223
0,5240	-11,5273
-18,2844	-2,0900
-7,1435	-1,4348
-0,0654	-14,2797
-5,4397	-0,9759
-6,8809	4,1357
-14,6799	-9,2333
11,1414	6,3641
-11,9928	-8,1194
10,7481	2,3010
-10,0267	8,7889
19,0056	-1,4346
-22,0852	8,7890
8,2578	0,4658
-0,6550	-4,3835
9,5683	8,5923
1,8354	-7,2673
-0,8518	-3,6628
6,4230	-5,3013
-2,1627	-9,6921
4,7190	6,4950
-8,1263	-7,1365
0,2626	-14,1487
-7,0777	-2,2211
12,1244	4,0046
-22,9373	-1,4349
10,4861	0,0725
-19,9881	-4,7116
1,7697	6,0362
-15,4005	-3,4010
3,8012	-16,7700
0,2625	-3,0074
5,9638	-6,0879
7,7992	-1,6968
9,8303	0,5312
11,4691	-10,8064
7,4056	-0,7139
15,6635	-6,2191
5,4397	-19,3261
21,9550	-8,9713
-3,3419	-12,2484
31,7200	-21,0301
-2,2277	-2,6802
17,3677	-16,6393
8,6514	-8,7095
27,9843	-14,4111
4,7193	-13,8867
25,3627	-10,0855
11,7314	-1,3038
2,8837	-7,3986
7,3406	-4,2527
3,4078	3,8082
8,7166	7,5437
-11,7311	8,3301
6,0296	-4,4492
-11,9276	13,5732
1,0488	8,0025
-20,9714	-1,1723
1,5077	8,5924
-17,4979	8,7889
6,0296	6,4953
-7,0775	12,5244
10,4860	-0,0584
-1,8345	3,8738
15,5322	8,0026
5,7022	7,8714
13,8283	17,2430
4,1948	6,2985
7,8645	-1,8277
19,2024	9,2478
3,8667	9,7064
11,4692	-1,6313
-12,7137	-2,2211
16,4499	-1,0415
-12,8449	6,7573
8,3890	-3,0078
-12,9103	-17,5565
10,3549	-7,9882
-12,8447	4,0045
-11,7961	-4,9739
-5,1768	-16,3771
6,6191	-18,8674
0,2625	-8,4473
-7,0124	-15,8530
-1,3759	-19,2606
-12,1897	-5,5638
-6,6188	-19,3919
-21,8233	-23,7825
3,2770	-10,8720
-22,6754	-9,5614
5,8983	-13,2968
-26,3454	-8,3816
3,2769	-9,2990
-30,6051	18,8159
-3,4077	3,2182
-16,0561	-0,8446
4,4563	17,1121
-17,3667	9,9032
-3,0147	21,5687
0,5901	8,7236
-10,2892	5,9058
0,7213	14,2286
-12,0586	9,5755
11,2070	-1,1723
-9,7648	14,8838
-1,9002	7,7403
-8,3228	0,5315
15,1391	4,6602
-8,4539	-0,3861
14,6804	13,2454
-6,4875	12,6555
20,7752	-1,0413
7,7993	17,7675
16,8432	22,9447
22,0208	6,4298
17,6295	15,5392
24,8389	5,5122
19,3335	3,6118
27,6569	12,9177
16,4499	-1,9589
22,0862	7,2161
-9,3712	-2,2212
23,4625	-4,4493
-5,3081	-1,0416
17,8261	-12,1172
-20,1191	-6,1534
11,7968	-4,7774
-9,1091	-18,8019
4,0634	-2,0903
-11,8615	-7,1367
9,0441	-19,0638
-1,7035	1,3176
9,3717	-0,9107
10,7482	-5,2358
-4,0631	-3,2042
12,5833	-2,4178
-8,3885	-5,5635
1,9665	-4,3185
-12,3206	-16,9666
4,1946	1,4489
-16,1872	-12,0518
5,7673	-6,0222
-15,1385	-0,0586
1,6386	-12,1172
-6,2911	1,4488
3,3424	-8,9715
-3,8006	-8,5126
6,5538	5,7087
8,4546	3,4804
3,8013	4,6601
15,5325	-1,1072
6,4227	2,9563
16,1222	5,8397
-3,6697	-3,5320
10,9450	-11,7238
-9,8956	-4,5804
15,5980	-3,9907
-8,5848	-11,7238
14,5493	-11,1996
-2,9487	-2,4179
14,2871	-6,9398
3,1462	-11,4618
6,9471	-10,6753
11,9282	6,6259
10,7480	-12,5105
12,6492	-18,7362
5,4397	-6,5466
24,9043	-8,7750
12,3865	-18,9983
22,0862	-1,7626
8,1268	-12,2484
17,0399	-11,4617
-4,7837	-3,1389
16,4499	-24,2413
-2,7522	-9,8889
6,9471	-11,9862
-18,4807	-19,1296
6,9470	-13,6245
-1,1792	-15,1320
1,9005	-10,7410
-0,1962	-19,6540
-3,2114	-22,0786
-10,6164	-16,3772
-14,4178	-11,0033
5,9640	-20,5059
-16,3185	-17,6223
-4,6527	-11,0688
-20,2505	-23,7171
3,0804	-16,2461
-16,5804	-16,3116
1,7697	-7,2676
-15,2039	-3,1390
7,6023	-18,6052
-8,9124	1,5144
13,9593	-6,3502
3,7359	-15,2628
-0,4586	-5,2359
5,3090	-18,6052
11,3378	-6,8742
16,2533	2,8248
-4,5873	-20,6368
14,6806	-1,4347
-4,6527	-6,2845
20,7099	-12,9034
1,0490	-1,1070
22,2827	-0,5829
-5,0457	-8,5126
20,1200	0,1380
4,7192	-6,2190
19,3333	-8,3815
-1,8344	-4,1875
12,4522	-22,0786
3,3429	-2,2868
5,5053	-11,1998
15,0082	-18,9984
-0,0654	-8,8403
15,9256	-11,8551
-7,7331	-9,4957
5,8987	-15,3285
-12,6482	-7,7262
10,7482	-9,0371
-11,3376	-13,4936
1,5075	-7,9229
-33,8162	-5,4327
1,3110	-16,0495
-15,6628	-4,7772
-5,2428	-2,4182
-2,5555	-15,7217
-0,4588	-10,5444
-0,2617	-17,5567
-3,0146	-9,7579
2,4909	-3,8598
0,3933	-13,8867
9,3720	-6,4155
-4,1285	-9,0370
13,8284	-9,5611
-10,6165	3,9392
19,6611	-1,8935
-15,4662	-4,3837
4,6533	14,1630
-14,0242	13,7041
4,7842	11,3449
-12,5171	6,8885
-10,6823	6,7575
-12,5171	17,8985
-9,8960	7,8715
-16,3837	-1,6966
-4,2599	11,5415
3,1458	-5,8255
-20,0540	0,3350
3,5393	0,9246
-10,8789	-8,7745
1,1144	7,4783
-27,4593	18,1603
5,1122	0,8591
-15,4663	15,1459
2,4905	7,4781
-14,9419	-2,3521
-7,5366	15,5391
-11,5340	12,7210
-2,4905	8,1334
-7,9951	3,2183
-2,2939	-4,7114
-3,1455	6,7574
-13,5004	6,6262
-6,8809	-3,7939
-14,0901	9,7720
0,9833	6,2985
-16,4493	10,5585
12,9108	8,5924
-16,9081	-2,8107
4,7188	18,0297
-14,0243	16,6532
2,8837	4,0050
-13,2379	13,9010
5,8328	12,7212
-0,3273	6,6265
1,3108	14,3597
-4,3250	15,2116
-4,1286	17,3742
18,7436	13,7697
-0,5243	14,8840
10,6828	18,0295
-4,3906	19,4058
12,2557	14,3597
-8,9780	18,0295
16,5811	11,9349
-3,6040	20,9132
15,2047	19,9956
0,7870	6,6265
15,9911	21,5688
0,1973	12,4591
20,6441	14,8185
7,2752	16,5224
18,0228	8,5925
19,9235	13,2456
2,0976	26,8768
29,0986	-1,2380
3,0149	15,1460
20,9722	7,1504
4,1945	-0,1894
8,9134	7,9369
-9,3711	5,1843
6,8816	4,7912
-8,3881	1,3177
15,0078	-7,4641
-14,6141	-4,7771
12,7141	-8,1851
-8,2573	-13,3623
5,7017	-3,4010
-5,5048	-5,7604
-3,8010	-22,5374
11,7312	-8,5783
-10,6168	-14,8043
11,9279	-15,7217
-14,7456	-12,1174
7,9957	-29,6154
-10,7477	-9,2337
9,1097	-6,7436
-7,1432	-17,2292
9,1097	-19,0642
-6,7499	-17,8844
5,6363	-10,5444
-7,9949	-12,1174
10,1582	-15,5905
-0,0651	8,8542
1,5075	-3,1389
12,1246	-12,8378
4,2599	10,3618
14,0251	-0,2551
-6,3568	8,3958
17,3675	3,1528
-2,6868	-1,5656
11,6003	10,2964
-2,8833	8,8544
8,3234	1,7767
-4,1939	8,9857
13,5006	17,7673
-8,5847	9,1167
15,0736	9,7721
7,7337	7,8715
17,8260	5,9055
8,6513	7,6093
8,1923	6,0364
15,1394	-2,2210
9,2407	1,3833
7,2751	-2,4834
-6,3567	-6,6776
19,3991	-10,3477
-8,7161	-3,9252
5,7677	-3,6631
-14,6797	-6,3501
11,3381	-8,2505
-0,7860	-0,1241
14,4181	-2,8766
-1,9001	8,2646
16,1877	5,7741
7,2750	-0,3861
9,5030	9,6409
11,9282	9,1166
8,2577	2,9563
10,8795	4,9224
4,5878	4,2015
15,6635	6,2331
-2,3591	7,5438
10,4207	7,8058
-12,1239	5,0533
3,6704	1,0558
-13,0413	8,1991
2,3595	11,6724
-21,9541	-4,5149
-2,9490	5,7743
-13,8933	-13,7554
-0,9175	-5,1700
-9,7647	1,7766
-7,3400	-5,8911
-4,1940	0,3348
-13,4349	0,0725
-3,6697	-4,5804
-12,9760	-1,0415
5,7674	-1,6970
-17,9568	-12,7068
-4,3251	-8,1848
-22,2821	0,4657
1,4419	-10,9375
-28,7702	-6,1533
-12,1240	-17,1633
-30,4086	2,7596
-17,1050	1,3177
-31,8503	-7,7261
-19,8576	5,0534
-27,1975	2,3662
-22,4137	-9,4299
-16,3186	4,7258
-24,3143	0,7936
-17,3673	3,9394
-39,2564	12,8522
-16,8428	4,0705
-32,3750	16,1290
-13,1729	8,3301
-42,1396	2,4320
-12,6484	4,0047
-31,1294	1,7766
-10,4857	3,6769
-15,2041	-7,2676
-2,2937	-9,4957
-6,6843	0,3345
-1,5727	-12,9694
8,0613	-17,1635
1,0487	-24,7657
15,7291	-19,5884
-0,4586	-17,0981
21,1031	-15,0666
6,4226	-17,6880
10,4207	-20,1782
-7,1430	-15,7875
4,1292	-20,6370
-4,7182	-11,1999
11,0102	-15,5907
-15,9904	-5,2359
9,1097	-13,2969
-6,0289	-7,2018
10,1581	12,4589
1,3766	-0,1896
-1,8350	3,8084
7,9958	15,6703
-1,3762	15,1460
19,2024	9,6411
0,7210	16,1291
12,8455	4,7915
-1,9658	16,2603
17,5640	12,5247
-9,8300	14,8184
8,1268	12,7869
-18,6117	18,8162
18,8745	14,4908
-7,9295	19,6026
-7,1432	22,2896
-4,2594	18,2264
7,5367	16,3258
-9,3057	17,5054
-7,0777	17,5054
2,0320	13,1144
-19,0709	5,6434
7,4059	3,4806
-15,4666	-1,5657
-5,5703	-0,3205
-25,6900	1,3176
-1,3762	-12,9035
-33,0956	-0,5828
-5,3083	-3,7942
-27,7216	-12,4448
-2,4249	-3,9906
-18,2189	3,3492
-4,7187	-2,8110
-13,5657	3,1528
-0,9176	-2,4833
-2,2280	3,4150
-9,3717	7,7402
2,0976	-7,0052
-3,2112	4,3327
4,1291	10,4927
-15,6629	6,7573
10,8793	11,2138
-19,1362	-0,2550
13,4352	2,6288
-7,3398	12,4589
2,4251	1,8422
-11,1408	19,1437
-0,1964	9,9029
-16,5145	-5,3011
3,0148	10,9518
-3,7352	20,7165
3,6044	15,1460
-1,7036	9,7722
-8,3886	9,2480
-4,9803	21,8965
-13,2382	20,7822
0,3280	16,2604
-11,6654	24,9766
4,1944	17,0467
-25,5589	14,2288
2,1629	17,7676
-17,6946	16,1292
-1,5072	13,5731
-17,1044	3,3495
7,4712	-5,5632
-5,7011	8,7234
6,9469	-9,4956
8,2580	0,8591
6,2260	-0,1241
15,7946	-19,7193
-3,7354	-10,4785
16,9088	8,9197
-10,9443	-11,7239
18,0228	0,5314
-8,1918	-1,3037
5,7675	-0,4516
-10,3544	8,3302
12,7797	-5,4323
-24,7723	15,0805
-1,0483	5,9707
-16,5147	1,1868
-1,3763	8,7234
-11,0752	2,5629
1,4417	-2,4177
0,1312	10,6894
-6,6192	-0,7138
0,6556	-0,9759
-7,6677	3,1529
9,3062	-3,2696
-22,5442	10,8862
8,1268	1,0556
-6,6846	-1,8933
0,5900	7,3472
-11,6650	-0,5829
2,6872	-18,0807
-17,2355	-0,8448
15,9255	-5,5636
5,5054	-11,3963
9,6339	-5,2359
14,6151	-17,5567
8,5198	-11,4617
21,7585	-3,4665
6,4227	-12,5759
20,5788	3,0217
11,6000	-9,2336
17,4329	-7,3983
-6,5533	6,1673
8,9134	-6,6775
-12,3859	5,7089
6,8161	8,9855
-10,9441	-1,3034
22,1513	21,5031
-13,3690	10,2963
-0,5241	14,3598
-3,0797	17,1121
6,8812	15,8015
-7,4051	15,2771
2,4904	5,9054
-1,8347	-5,0389
-10,7477	1,4491
3,8014	12,7866
-17,0392	-5,6290
-2,3589	-2,5487
-20,4470	-3,1386
7,0126	0,5970
-23,0684	4,2014
7,6680	-8,0537
-17,9565	8,0681
5,9640	8,5266
-11,7960	0,7934
6,0949	-6,8086
6,0297	-2,3522
-5,4395	12,8520
-3,3418	2,4318
1,1140	-3,6629
0,8522	12,1968
-18,4156	10,5583
0,5245	-7,2016
-27,5251	17,2432
-3,4732	10,2308
-31,1950	6,2332
-6,3568	11,8693
-29,3598	10,6241
11,7311	12,3279
-7,7986	4,9879
4,0634	-1,3690
4,0637	11,6726
13,6316	6,0362
8,0615	-8,5781
15,3357	-0,3862
19,9235	-9,0370
11,6001	-3,5975
23,9213	-5,6948
11,4691	-15,6561
19,7924	-4,7772
2,2942	-4,5152
15,7292	-12,9692
-2,2278	-6,1535
11,4692	-6,2846
-6,3565	-8,3162
13,4351	-16,6391
-12,6480	-11,4617
5,4398	3,2182
-3,8007	-4,9738
-13,8935	-2,7453
1,6388	-0,6483
-2,7527	-5,1702
-2,7523	-1,0414
-14,5491	-7,0053
-5,2427	-9,1679
-19,7264	-1,1070
-12,7793	-1,9592
-23,5275	-14,6729
-11,7965	-3,4662
-32,0470	3,4803
-8,8474	-6,8087
-32,1125	1,4488
-8,4542	-2,7455
-16,2527	10,2962
-16,9083	0,0725
-11,5995	-14,4106
3,2767	6,5609
8,7165	4,7913
-1,3763	10,9517
13,7629	11,7382
-9,6992	16,1290
9,3721	7,3474
-11,5996	21,4375
11,2070	15,4082
-13,0414	18,7506
3,2772	16,2600
-14,5486	12,1969
6,1606	18,8815
-5,2426	2,4319
1,3764	-3,0730
-3,9973	6,0363
2,0972	-6,5467
-4,7182	-15,3283
1,7039	-14,8043
12,0588	-23,5204
-6,2915	-19,4574
3,0806	-19,0643
-8,9128	-31,9747
11,8623	-19,6540
-9,5682	-23,5862
9,5031	-11,3310
-6,2257	-17,3604
13,7628	-25,2901
-15,3349	-3,1390
13,3697	-11,7899
1,0491	-16,5738
15,7289	-20,2438
0,5250	-18,4742
15,4667	-4,9740
10,6828	-16,7050
3,4736	-16,8357
6,8163	-9,2992
1,3109	-10,6756
12,5176	-14,2142
-7,9951	0,5312
8,6511	-3,0732
-16,7113	-3,2042
4,7844	-2,2867
-14,4831	4,7913
9,5028	7,1506
-10,9441	14,8837
5,0464	4,3327
-6,2911	26,6149
-11,5342	20,2577
-7,3395	14,1630
4,9153	2,8253
5,8330	4,2016
-7,7987	12,1968
1,6388	0,3347
-8,1918	-8,9712
14,4837	-0,7138
-12,7138	6,8882
6,0952	-5,3670
-16,2527	-8,7748
13,6317	-6,2844
-12,5828	7,0849
4,7188	-5,4326
-12,5170	-11,3960
5,4395	12,5245
-5,7667	9,9029
-0,0655	-1,3034
11,8625	9,6409
2,3592	3,2184
7,4717	13,8352
7,6024	2,1042
13,9596	-1,8278
-9,1091	-6,1531
17,2365	9,8374
-6,1602	-5,7601
5,2432	-3,8595
-20,5779	-2,5489
-0,7207	-8,5126
-19,9227	-1,7624
-3,4079	-8,1850
-14,7454	-8,1193
1,3105	3,0871
-9,9612	-11,6584
1,7695	-7,3985
2,6872	-7,3332
-3,2768	-14,8041
8,0614	-12,7725
5,9639	-14,0178
12,5177	-12,2482
-9,1747	-0,4519
21,6273	-18,8019
-7,6018	-12,5758
25,8871	-6,1535
-4,4561	-7,7918
15,0738	-3,7285
-3,9970	-3,9252
17,3674	-1,3037
5,1124	-2,6144
17,1708	-6,8086
9,7653	6,0365
8,0612	2,0385
13,4354	-5,3012
3,2769	6,1020
10,2240	2,3008
-11,9273	5,5778
9,6997	13,8352
-9,3060	6,6263
-2,4901	21,8308
-22,6096	15,2115
2,9493	9,4446
-15,5318	26,4839
-8,5851	27,2703
-17,9563	29,8918
2,8182	24,2556
3,2771	11,9350
-1,0486	25,0421
6,8818	8,1337
10,3547	-3,2039
13,5008	10,8207
5,6363	1,0556
21,8895	-10,6752
3,3427	5,0533
25,5595	-2,0902
-1,3758	0,0070
29,0985	-7,1365
0,5903	-11,4617
26,5424	1,1211
-11,2061	0,6623
19,9233	-9,0368
7,8647	-2,5488
8,2578	3,6771
2,4909	9,8375
15,5977	6,0363
5,2433	-5,1046
0,9832	13,1799
11,4036	2,0387
-9,1093	-4,7767
12,0589	2,3009
-18,7431	7,9370
9,6342	3,2839
-12,1241	7,7404
-2,0314	6,6262
-22,4786	5,9709
4,6531	16,1288
-14,7453	6,2985
-9,6337	10,5583
-15,0073	0,1381
4,1943	-7,0052
-6,5532	12,0002
2,8181	-2,5489
4,9156	-11,1339
-0,2621	4,5945
11,9934	-10,9375
-16,3838	-0,8449
16,3844	-16,0494
-18,5465	-11,7239
1,9664	-4,2528
-19,9227	1,8419
1,2452	-7,4642
-28,2458	0,5969
-2,4248	-4,9738
-23,5272	0,0071
-4,2600	-1,9591
-14,2212	-1,9590
-10,6825	10,6895
-15,7284	8,2645
-2,5561	-5,6944
3,2114	6,5608
-17,8258	4,3326
0,7213	7,6750
-6,2259	9,6409
16,4496	-0,5826
-19,4640	18,4229
5,5709	6,1675
-12,8448	1,5802
16,4497	10,4930
-8,8470	8,8545
11,4035	6,2332
3,9326	11,6725
2,9493	-2,4831
9,0445	14,0974
7,4711	5,3155
9,5032	-3,3350
-2,0970	8,5268
4,5224	2,9562
-10,1578	3,8082
18,2849	-3,0076
-16,0561	-6,4809
9,4376	0,4003
-9,6990	-9,4302
8,3234	-10,4131
-2,6210	-5,0393
17,6293	-2,8111
-7,5361	-7,2019
20,3164	-6,3500
6,8162	-10,7408
10,8791	-3,2041
14,2218	2,7595
5,7017	-9,2334
10,6829	5,5122
-2,2936	4,3324
14,4183	0,9248
-12,4516	9,5098
8,1924	7,7403