9,0357	-28,7581
-3,9405	-41,9306
-6,4964	-31,3792
-10,8217	-23,4496
2,6785	-27,2508
-20,8488	-41,0786
-12,9190	-18,1412
-13,5745	-35,5738
-24,9123	-35,4425
-31,6624	-29,8066
-27,2716	-37,2777
-26,6162	-25,0225
-35,3982	-41,2101
-33,9561	-54,7757
-39,0025	-31,6418
-27,0749	-46,1910
-30,0240	-57,3974
-23,7325	-44,5525
-20,0625	-54,3830
-13,5089	-52,0237
-23,6012	-55,6284
-13,1811	-79,5488
-9,1833	-55,7593
-3,7440	-69,5876
-16,5888	-70,8327
-1,5812	-71,9469
-9,7733	-82,5636
-19,6035	-73,3232
-12,1323	-85,3819
-17,5064	-101,2414
-17,5064	-83,4812
-27,5990	-86,6928
-20,1280	-100,8483
-36,1188	-93,4429
-27,2060	-100,7174
-34,0218	-93,0496
-30,2209	-90,4285
-37,1020	-104,3220
-28,9758	-97,3097
-39,2648	-102,0285
-35,0707	-115,9219
-48,9642	-106,0917
-53,4862	-118,8057
-46,6049	-120,6407
-62,2683	-116,4464
-58,7947	-124,1797
-66,8558	-116,0533
-59,5813	-122,8037
-77,8660	-132,0440
-74,8512	-119,1335
-82,5190	-119,3303
-66,9871	-134,1413
-79,5700	-125,3595
-68,4946	-133,0272
-82,1915	-124,1800
-74,7859	-133,7484
-70,9193	-157,7999
-74,1306	-143,9719
-76,0310	-147,3800
-77,9318	-159,0454
-83,6332	-163,3708
-88,4176	-161,4049
-88,4174	-167,6965
-96,5441	-176,4130
-98,2480	-182,7698
-116,2703	-177,4617
-97,1995	-191,8796
-108,1442	-198,8264
-100,6078	-194,5667
-121,4480	-216,1936
-112,5353	-199,0231
-120,2686	-211,4097
-123,4145	-226,4828
-122,4313	-219,1428
-130,2958	-223,1407
-125,9703	-233,4953
-131,6065	-226,1554
-130,2301	-234,0855
-129,0506	-245,3574
-128,7884	-246,1441
-139,5362	-262,2004
-121,2518	-256,3022
-143,1408	-250,8632
-138,5533	-271,8347
-142,0268	-276,4223
-138,6192	-284,8111
-152,9060	-295,4279
-148,1220	-299,2947
-162,9330	-322,8876
-164,3750	-317,8414
-167,5862	-329,3760
-169,0938	-329,7036
-173,4846	-322,1673
-192,4245	-347,4641
-188,8198	-336,6508
-184,4293	-344,7119
-184,1671	-352,3140
-190,5242	-358,6712
-183,7740	-363,7175
-187,5096	-372,5648
-187,1820	-367,9776
-192,2937	-381,8059
-184,4951	-394,7818
-196,8813	-396,6171
-196,8815	-400,5492
-207,9569	-403,3676
-212,6757	-422,1109
-201,0759	-428,3366
-210,4478	-418,1134
-217,7876	-424,4705
-227,9459	-440,1337
-226,5695	-444,0658
-233,9752	-443,2796
-236,7277	-462,9404
-235,4827	-467,7902
-245,0509	-465,7588
-251,2769	-472,9025
-242,1676	-492,6943
-254,2918	-503,9665
-261,3042	-495,9059
-264,4498	-509,1443
-258,6830	-531,6886
-271,2003	-526,9046
-280,5065	-533,4584
-285,2249	-533,3929
-281,1620	-545,7139
-291,3856	-557,1826
-288,8953	-553,8404
-292,6310	-566,8822
-313,0126	-575,9917
-297,4805	-570,8145
-308,1631	-582,6768
-305,3451	-592,1139
-305,1485	-605,6144
-312,7509	-611,1850
-316,0931	-603,7143
-311,5715	-621,0159
-328,8073	-643,1671
-336,3441	-642,6430
-349,8443	-655,3572
-351,4830	-664,9255
-348,3372	-675,0182
-367,6052	-687,7323
-376,1246	-692,8443
-378,5497	-703,5924
-377,6979	-727,8407
-397,3588	-716,0445
-391,5918	-729,0865
-408,0414	-750,8443
-392,9683	-746,9123
-416,1682	-750,9758
-410,7942	-759,2335
-417,8066	-770,7024
-421,1492	-787,3484
-421,7389	-786,3655
-429,6690	-797,5069
-436,4191	-819,3303
-451,8201	-822,0175
-447,9535	-827,6539
-459,6846	-834,0111
-454,5729	-843,6452
-468,5321	-867,7624
-468,5978	-860,6848
-482,0981	-879,4939
-466,3041	-891,4214
-484,5233	-895,7470
-481,9674	-920,1264
-499,3345	-923,6655
-491,7980	-930,8746
-509,6239	-938,7391
-517,9471	-942,7371
-523,3866	-954,2716
-535,9043	-969,9347
-546,3244	-970,2625
-556,0896	-983,3698
-549,2739	-990,6445
-571,3597	-999,2299
-567,6241	-1001,4581
-583,5494	-1002,7692
-572,4739	-1017,9736
-583,4842	-1040,1246
-579,0278	-1038,6174
-597,3123	-1038,3554
-584,9918	-1047,6616
-600,3927	-1049,8900
-603,8006	-1066,4049
-606,3565	-1063,5870
-603,3420	-1067,1261
-603,4075	-1068,9611
-618,3497	-1072,1726
-609,7644	-1072,5658
-616,5148	-1087,3770
-619,1361	-1081,2166
-622,4130	-1095,3725
-614,9419	-1087,6392
-636,4377	-1087,3773
-621,0368	-1102,2540
-629,2289	-1090,6541
-627,3940	-1095,2418
-626,7385	-1113,3295
-619,5297	-1100,0257
-621,6923	-1107,4314
-619,7917	-1107,1690
-621,4299	-1098,9116
-619,3327	-1102,3851
-601,8346	-1097,1422
-607,0120	-1100,8777
-598,7541	-1096,6834
-597,0503	-1090,6542
-594,2320	-1099,6325
-593,6421	-1096,8799
-583,3528	-1094,5207
-583,4839	-1093,8652
-568,2140	-1088,2946
-571,8839	-1088,6223
-553,2718	-1095,2413
-555,7620	-1073,5489
-547,3735	-1073,0248
-541,3439	-1087,4424
-545,1452	-1074,5972
-542,1301	-1059,4585
-538,1326	-1069,4198
-531,3166	-1048,5137
-532,5618	-1050,3487
-520,9617	-1045,1710
-525,4180	-1023,1509
-507,8543	-1022,6920
-503,9877	-999,3611
-483,6714	-1000,8684
-489,3730	-994,0523
-480,2634	-972,0977
-473,9063	-972,7529
-462,2409	-956,0411
-471,0881	-957,1552
-459,0294	-955,7131
-450,7718	-931,8579
-458,0464	-932,8409
-456,2111	-913,9008
-453,9174	-909,9686
-438,9095	-898,7616
-448,8056	-880,9357
-439,0404	-877,3311
-446,0528	-872,6122
-432,4868	-838,5989
-437,7296	-832,4386
-419,7728	-828,0472
-421,0180	-812,9739
-417,0202	-797,9659
-408,1727	-789,7738
-394,8691	-778,7636
-402,7331	-781,7779
-395,5241	-759,2334
-391,4606	-751,6967
-377,6981	-741,6040
-380,3849	-724,6301
-368,9815	-724,3022
-364,7216	-716,1100
-359,2166	-694,7451
-348,4030	-694,0896
-362,4931	-671,6107
-338,4413	-672,6591
-345,7814	-668,5954
-329,9872	-645,7234
-339,7520	-637,0725
-321,0742	-635,4339
-327,6933	-614,3966
-322,3193	-606,4012
-317,1419	-607,9738
-329,9214	-586,0846
-314,9790	-583,6597
-322,1225	-570,0937
-312,4885	-566,0959
-314,5202	-564,1952
-310,1946	-548,7287
-301,9371	-547,4180
-293,1553	-552,7262
-291,7135	-536,4077
-289,8129	-543,0267
-291,5822	-524,1522
-276,1159	-520,5478
-283,1281	-531,3610
-274,4774	-507,7022
-278,5405	-494,2676
-270,3485	-502,1316
-271,1348	-489,9418
-264,4502	-490,4004
-261,9596	-471,1982
-255,2093	-456,7804
-246,5584	-465,3655
-249,3109	-454,8795
-235,2204	-451,4060
-224,2105	-450,8815
-222,6374	-433,3180
-227,6181	-433,5144
-211,5617	-420,2760
-210,8408	-419,4240
-209,8579	-413,0667
-214,7074	-386,3937
-202,2556	-386,9179
-201,0759	-393,4056
-209,7923	-368,5020
-202,1243	-369,8782
-193,0151	-363,5865
-191,6386	-354,2149
-209,0711	-350,8068
-188,5581	-344,7119
-191,4418	-326,8205
-181,2836	-331,4734
-188,6235	-327,0168
-173,1570	-317,8417
-186,0020	-300,3435
-170,9942	-305,0621
-166,4722	-314,3678
-158,0838	-282,9107
-168,5692	-283,7628
-157,4282	-289,7916
-153,5616	-269,9343
-154,9378	-271,1140
-154,6755	-263,9049
-162,6709	-265,6087
-147,9251	-257,6132
-152,9714	-256,9578
-143,0753	-248,1104
-146,2210	-251,9768
-130,0335	-244,7679
-140,9780	-236,1827
-120,4651	-241,8841
-120,4652	-222,8786
-105,5229	-229,6289
-108,7343	-227,0072
-100,1490	-217,7012
-100,2144	-226,0240
-99,1659	-202,1689
-103,8843	-207,0841
-90,4496	-210,5573
-108,6027	-187,1610
-98,6413	-189,8480
-92,1532	-189,6512
-98,8379	-177,1994
-90,4492	-173,7258
-95,1679	-165,7303
-89,4005	-164,8784
-93,9226	-169,7278
-86,0582	-145,7416
-85,8616	-145,3485
-81,2086	-159,1108
-81,0774	-144,6273
-76,1624	-145,4137
-81,0775	-137,1560
-84,0922	-126,4082
-84,6819	-139,5810
-87,8277	-125,9493
-81,7327	-125,0973
-80,3566	-121,6895
-71,3125	-125,2284
-75,5724	-124,2453
-75,3100	-118,8712
-77,9314	-128,0462
-59,9092	-122,0168
-72,2955	-104,3223
-63,6447	-108,0579
-72,9507	-105,2397
-71,1158	-112,8419
-66,8558	-118,2156
-63,4482	-100,1277
-75,4411	-101,5696
-66,2662	-114,6765
-73,9339	-93,4430
-69,3464	-93,7706
-71,2468	-102,4212
-72,5575	-88,0689
-62,9236	-85,7751
-67,0524	-75,5516
-54,9936	-78,9594
-52,7000	-84,6609
-51,4547	-68,2770
-48,3744	-74,3064
-37,6921	-92,2629
-47,7846	-73,1264
-37,7577	-72,2092
-39,5927	-72,2745
-41,3622	-74,6337
-47,6536	-77,5828
-50,9959	-60,8056
-59,8431	-57,3979
-53,6173	-72,0121
-50,2094	-56,0214
-53,3552	-54,3175
-49,7505	-57,3321
-50,3405	-63,3613
-43,7213	-56,7423
-52,4376	-59,0361
-41,1654	-59,3639
-40,6411	-64,4756
-33,8255	-64,5411
-39,0683	-66,3106
-40,2480	-64,0822
-32,6457	-50,4509
-39,4616	-55,4971
-41,0998	-52,5479
-38,2164	-50,5817
-40,3134	-48,5500
-55,7800	-29,8723
-42,1484	-37,9333
-49,2263	-41,3409
-35,3327	-34,1975
-43,7869	-31,3138
-34,3496	-26,8575
-39,3303	-27,2506
-20,5870	-23,5807
-39,1337	-29,4133
-32,9076	-28,6924
-30,9416	-45,9283
-24,8468	-36,0323
-21,0458	-32,3624
-34,2840	-43,5035
-36,6430	-30,4618
-33,5630	-28,2338
-29,1721	-31,5760
-40,1166	-29,0200
-27,8613	-30,9861
-36,5777	-15,3230
-26,8782	-13,4225
-22,0943	-24,6945
-27,2061	-9,8834
-34,6114	-18,5997
-11,6742	-12,7012
-31,0071	-3,6574
-23,4049	-13,8809
-19,9970	-11,1938
-18,2932	-8,2448
-23,5359	-12,3735
-22,0942	3,0928
-19,9315	-12,1772
-28,6478	-14,6018
-23,7979	-13,4222
-35,5290	-14,2086
-24,4533	-17,2232
-29,9585	-4,9681
-22,0286	-20,5001
-25,8952	-5,0990
-18,2275	-10,8664
-19,4071	-16,8955
-13,5745	-4,2471
-19,5381	-9,4900
-12,7880	-8,1137
-16,5234	-11,7181
-11,4772	-6,3441
-11,4772	9,8432
-15,2126	-6,0821
-7,0862	-11,5213
-26,6814	3,4209
-7,2827	-0,1838
-21,7662	2,7654
-14,2295	1,9789
-15,8025	-1,9532
-18,9482	11,4816
-28,1231	-5,0335
-12,5259	-5,8853
-21,9630	5,7801
-23,4704	-2,1499
-19,6692	-0,8389
-16,9170	-3,9847
-34,3492	7,5497
-33,3662	32,3220
-17,3756	6,1077
-27,3371	0,2097
-23,7325	8,7294
-28,7789	18,3630
-16,6546	4,6006
-22,0287	17,3147
-28,5165	19,8048
-22,7494	22,9506
-12,8536	18,3630
-24,5189	7,0254
-9,9044	10,6955
-16,1303	9,2536
-4,6615	2,5034
-11,4117	9,6467
-11,8048	3,4863
-13,9674	3,5518
-9,8388	3,8796
-3,6783	5,1248
-19,4725	8,7948
-12,4600	6,5011
-15,8024	7,9431
-15,2127	24,4580
-17,3753	21,4432
-2,3021	11,2854
-19,9314	16,9870
-9,9698	19,8049
-14,8851	15,9383
-4,0061	11,5474
-13,1156	1,5859
-8,3970	11,0887
-5,0546	12,9891
-12,6570	4,2073
-9,7731	6,4355
-12,2637	14,2999
-21,3729	18,3630
-18,4238	7,9428
-10,0350	11,4164
-0,4014	30,6838
0,5818	21,4432
-4,8576	9,7125
20,8980	14,3655
9,6259	18,8874
20,2427	10,5644
13,8858	4,4696
25,2888	7,5499
10,3467	19,2807
9,9536	14,4965
24,5679	-3,2636
2,6133	14,4312
9,1670	14,1688
-5,3164	15,4141
10,8055	18,1009
-2,6950	11,2197
8,3151	18,8219
0,6472	19,2806
0,0576	5,9115
0,5162	18,2978
0,7783	33,3055
-7,1514	24,3270
3,9240	12,9895
2,2200	20,6571
-12,5256	31,2083
-7,6103	25,7689
-3,4818	21,3780
-7,2827	21,7711
-5,1201	28,7179
-10,1663	9,4503
-11,8702	15,6108
-4,3335	13,7100
-9,4453	13,9723
2,2857	16,6591
-5,1199	4,7316
5,8903	7,0909
5,4314	7,9427
3,9241	3,8143
1,0405	12,8581
-0,2703	4,6006
1,8269	7,6808
-1,8434	19,3461
-7,2172	7,3531
-16,3924	16,8558
-16,2611	9,5813
-9,2491	18,6254
-15,9338	22,0986
-25,6330	14,9552
-28,7131	17,0525
-18,6207	17,0524
-25,1087	8,7951
-34,0870	17,7079
-18,7519	13,7756
-28,3200	7,3533
-21,2422	28,9145
-26,2885	18,4941
-20,8490	15,0866
-22,6841	25,7032
-30,5483	19,4775
-25,3709	26,4898
-28,7789	22,8197
-33,2351	24,7204
-20,8489	30,0288
-23,0773	32,8467
-30,6793	25,5723
-22,0285	39,5315
-27,9923	38,0239
-25,0431	25,2447
-29,6306	24,9825
-15,7371	14,3001
-17,7687	20,9848
-17,1789	25,8999
-18,6861	9,1883
-15,3438	17,8390
-10,0353	20,7224
-11,4771	6,8289
-10,4284	11,8752
-7,4140	11,4819
-12,6568	19,0184
-22,7491	-0,3147
-7,0206	3,5520
-19,3416	-4,5090
-24,7809	-1,4944
-18,7516	-5,2300
-18,2930	-15,8468
-23,0771	-8,3102
-12,9190	-0,5771
-23,6014	-9,8177
-13,5744	-12,2423
-19,3416	6,3696
-18,8174	-2,8055
-13,1812	-17,8129
-21,1767	2,1755
-31,5967	-8,9658
-19,9313	-3,1328
-15,4750	-3,5263
-29,8272	-7,7205
-21,8316	-3,9195
-12,3290	-2,7398
-3,5473	-9,5555
-13,3120	-0,8392
-6,4962	1,3234
-7,8069	-1,4291
1,8268	-2,6741
-6,4307	3,8139
2,9409	6,0421
-14,2295	-1,8221
-5,1856	-4,0501
-0,9913	18,2319
-5,9067	15,9380
-11,7392	6,5011
-15,4092	15,6105
-3,5472	1,6515
-20,7831	20,1981
-1,3845	14,9552
-11,2150	11,5474
-6,1031	26,8172
-14,7539	11,8094
-0,9913	2,5035
-10,6907	5,9113
-11,9360	11,3506
-17,1787	1,4547
-11,7393	3,8140
-11,1495	-5,6232
-21,8320	-5,2300
-20,7177	0,4060
-22,8151	-12,5045
-28,7786	-3,7227
-23,0773	-7,9170
-25,5675	-3,5916
-37,0363	4,1416
-23,9291	4,2726
-24,1914	15,8725
-22,7495	12,5956
-21,8320	6,5009
-12,6570	13,4478
-27,7957	11,3506
-13,7710	5,7146
-22,8149	7,5497
-11,6739	6,0424
-22,8149	13,2513
-9,6423	12,7270
-19,6037	15,5451
-32,6454	25,3099
-23,3391	20,0671
-24,6500	19,8705
-17,1789	27,0795
-37,4950	27,6038
-26,8780	25,8343
-27,4025	21,7712
-22,5528	15,0211
-22,3563	33,5676
-21,4388	19,8049
-14,8196	4,0765
-15,3440	15,2829
-23,9946	5,1247
-20,9144	-2,7395
-9,4455	0,5372
-19,5382	-5,4268
-11,9358	-3,1329
-20,1934	0,4059
-5,5132	-18,7960
-17,1787	-0,9701
-8,3312	5,9109
-15,5403	-8,3757
-1,1223	5,1248
-11,6737	3,1585
-8,5280	4,3383
-12,3290	2,8965
5,4311	-1,8221
-6,4309	13,5789
6,4142	14,0374
-1,7122	0,9304
-1,5812	13,4478
-0,2047	11,4161
1,9579	4,8626
-3,7435	5,3869
6,6110	3,0277
3,1377	18,1664
0,3852	19,0837
10,6743	7,6806
-1,9086	10,4988
11,5263	8,7293
-2,3673	8,8603
9,2980	11,8095
4,3827	5,6492
2,0235	12,2682
3,5309	4,8627
14,9994	1,9137
-7,4138	14,6275
-10,1661	6,8942
-8,5278	7,9429
-1,6466	7,2218
0,6472	2,0446
-7,4138	13,5788
-6,6272	4,9935
1,5646	-1,4287
0,3195	22,0985
0,3850	13,4475
-4,3335	4,4693
4,8416	7,4185
8,0527	5,9767
9,5603	7,1564
16,6379	-9,2276
11,3298	1,2584
9,0361	17,2488
16,5073	3,9450
12,3129	0,0785
17,6869	8,2049
8,1186	-0,9701
13,4271	1,2581
5,5626	6,9596
7,9875	-0,3804
-0,5977	9,0568
17,6866	1,9789
2,9410	-9,8830
15,3927	10,2365
-4,6611	6,8285
1,1717	-8,8344
10,8054	6,1078
5,1036	4,2071
2,6791	4,6004
10,3466	10,4331
15,7206	-1,6909
9,9534	13,8411
7,7909	13,4478
-1,2531	16,6591
11,5265	16,1348
-1,2530	7,1565
9,2327	24,1957
1,6304	12,0715
10,2812	6,8942
-0,2046	15,1518
13,6234	13,0544
-8,9210	2,5034
4,1862	18,4941
-5,1199	-0,8390
-5,8409	6,6977
-3,5470	4,4038
3,0718	-6,3439
-7,4137	14,8896
-16,1300	0,0128
4,7104	-15,9776
-8,9867	-3,0017
-9,9695	5,3211
-20,4554	-3,2640
-7,2826	-5,7545
-12,7878	-12,4391
-8,3970	-5,9510
-16,2611	-5,8857
-0,5327	-13,0290
-6,2342	-2,0189
-7,7416	-5,6891
-7,0860	-17,8129
1,4335	-0,5770
4,6448	-3,2641
0,3195	-7,4583
6,3488	1,2580
-7,0204	-1,2324
1,4340	5,8455
5,6936	5,7798
19,1941	-10,0142
7,4632	4,7970
16,8349	10,7605
15,7863	-2,1499
14,9343	-0,7735
20,3740	-2,0187
20,3082	12,8580
16,3762	7,0251
22,8641	7,2219
18,2767	15,2173
17,8834	6,5010
16,3761	4,2730
9,4294	10,6299
16,5729	13,8412
4,5142	10,3677
15,7865	8,4671
15,0000	-3,2637
19,5876	8,7949
19,9152	18,2318
16,9661	3,0275
20,3741	2,3722
27,1241	0,6684
13,4929	7,0907
33,6123	-9,4899
33,4157	-12,7010
24,6339	1,5857
40,3626	-2,4777
27,8452	-8,2448
33,2192	-2,4777
26,9931	-14,0776
15,1313	-9,8177
26,1412	-11,8493
18,0146	-19,5825
14,8688	-4,0505
8,8395	-9,3592
3,2690	-29,5439
10,4778	-11,9149
2,9412	-13,1601
14,6064	-9,0314
11,5262	-5,4924
9,0358	-13,8154
-3,4159	-1,8224
11,5261	-9,8833
9,3635	-12,6357
-5,0545	-2,6743
1,8269	-10,6041
-5,4477	-2,0188
-6,4962	0,0782
-13,5085	-9,2279
-3,9403	-0,5770
-4,2681	-0,2495
0,3193	-13,9463
-12,4601	-0,0527
-4,4647	-12,3736
-8,5934	-16,6988
1,0402	-7,2618
-6,6930	-11,7838
-8,4624	-15,3882
0,3196	-17,6165
-6,2342	-14,6673
-10,4282	-5,5580
2,6133	-7,5241
9,8879	-29,2163
1,6958	-2,1498
8,5773	2,9616
3,2032	-4,5093
9,5603	-0,2494
1,6304	-3,4606
8,8393	6,7630
-2,0395	2,6342
12,7714	-8,5723
4,1206	12,7923
0,6472	-4,9680
1,2373	-10,5382
4,5138	-0,5114
-2,5639	5,3212
-1,7120	5,7145
5,7591	1,5202
-9,7074	-0,5769
1,0406	3,4209
-4,9889	8,6636
5,5625	-0,9700
-9,5109	19,7393
5,2348	17,7731
-4,4647	13,7100
2,5476	13,8411
-6,8240	14,4966
3,5306	15,4141
-7,5448	25,1132
6,7419	9,3846
-0,7946	6,7634
-5,1855	11,1541
11,9851	3,3552
0,0573	3,4862
-1,5807	-5,9510
4,3829	-2,3465
10,9366	-10,4076
1,4338	-11,8493
18,0799	-9,7522
-0,1393	-10,4076
-2,4985	-5,8854
0,8438	0,0126
-1,1879	-3,7883
-13,5086	-6,0165
-0,0083	-5,2300
-6,2342	-3,5916
1,6300	9,1880
-4,3992	-1,0357
-4,1370	1,6514
-2,9574	8,1393
-11,2804	11,1539
-3,0883	-2,3464
-9,7731	2,3722
-8,7244	-8,3757
-12,9841	8,8603
0,7128	4,7969
3,3341	-5,4266
0,9749	5,2556
-2,6294	3,5517
6,4799	-5,2300
-4,9231	-4,5091
4,9727	-7,0651
8,6428	-2,3466
11,0018	-8,6380
9,1670	-18,6648
3,3998	1,1269
0,5819	-8,3105
-6,4961	3,6172
1,6959	-1,1670
-13,4430	-6,4098
4,2517	-4,6403
-15,4748	6,0420
-12,5911	-11,1940
-15,6715	-6,7374
-11,8704	-7,3273
-25,4363	-3,6571
-10,9530	8,8600
-16,5236	-11,3905
-18,4896	-7,3272
-18,4896	-10,0141
-15,2785	-9,0965
-15,4093	-5,6887
-19,7348	3,1585
-11,4773	-5,6887
-26,8782	4,9937
-20,1933	1,5857
-23,0770	-3,5916
-14,8194	-6,6061
-19,7347	7,3530
-6,4308	-0,5114
-10,0353	-1,7565
0,4505	2,5034
-7,1516	11,6783
3,8584	1,2581
10,4120	-3,8536
6,5454	4,9282
7,9219	4,9937
9,0358	9,3190
5,8247	-3,9848
-2,4983	-0,2493
14,6066	4,3383
5,1693	8,2046
9,6259	-16,1090
2,2858	-1,6910
15,8518	-2,5433
7,9874	-11,9148
12,4438	-8,0482
14,1478	-21,4175
16,0482	-2,1498
10,5433	-8,8347
9,6257	-9,3587
5,8903	3,8794
21,2910	8,2703
0,4507	4,0762
-0,4668	5,6490
3,6620	0,4717
-5,8407	11,4817
3,9897	6,3043
-4,0058	-5,2955
-2,6296	7,6805
-13,4430	-3,9196
-11,4769	-7,9825
-11,8702	3,1584
-2,5642	3,4860
-18,3583	-1,6258
-2,4332	-6,4097
-7,1518	-13,5531
-9,3799	4,2726
-2,3675	-8,8345
4,1203	-4,7056
-5,9719	8,9257
-9,1831	-8,0482
-1,7120	-1,2978
-1,7120	-7,0651
2,4168	-11,5870
-6,6928	9,9741
-5,3818	0,0125
-4,1369	-6,2131
-4,5302	2,6998
-7,8070	-5,3612
-1,1224	-1,4944
-8,8556	5,5834
-5,9722	3,1587
-16,7199	7,7462
-8,4626	2,5034
-13,3121	10,5644
-14,8851	17,4456
-14,8850	17,7076
-17,1133	14,6931
-15,4093	20,5914
-15,4749	17,3146
-15,2126	20,7224
-15,9334	8,9914
-3,1540	5,1905
-9,7075	22,6886
4,9727	16,5936
6,6111	0,9306
22,4052	6,6323
13,5580	3,4211
17,9490	11,4164
27,9105	14,0376
18,4732	0,9306
18,8012	14,1689
19,2598	8,7947
22,6022	-4,5745
15,7863	8,8603
19,4564	2,8965
5,7593	3,2897
13,5580	-3,9849
1,3028	3,2241
11,9195	3,9450
3,3997	1,1925
0,3851	-1,8877
5,6935	13,3821
-0,4672	8,5980
3,4653	2,8310
-1,7780	8,4671
-12,2633	6,0422
-1,1880	12,2027
-4,0714	7,6806
-6,4963	-4,9021
-12,7874	14,3653
4,9072	4,4037
13,2302	2,8966
7,5287	-2,0843
20,5048	-8,4412
7,3977	-0,8390
20,8982	-0,3150
16,1796	-23,3178
29,7453	13,7098
10,8711	-7,4586
22,9953	-15,1914
9,1017	-4,7059
10,8056	-18,7305
15,1309	-3,9193
-1,4497	0,9958
5,3661	-19,2547
-4,9887	-4,1159
6,0213	-6,2786
-9,4452	-5,4921
-0,1391	8,0737
-4,5300	2,2408
4,1862	-5,2956
-12,2633	0,7337
-4,2679	-3,9849
-5,9719	-0,7081
-3,7438	-8,3759
-4,9234	-13,1598
3,0718	-3,4605
-5,4477	-3,5916
-11,5426	-9,1621
-4,1371	10,4987
-16,3268	9,2533
-9,7730	-3,0017
-11,4116	10,8263
-3,3506	-2,5430
-7,6760	11,3507
-9,9041	3,7482
-12,3945	3,6174
0,7782	8,2703
-7,4795	4,2726
-4,5958	5,5179
-13,5742	3,2895
-9,4454	-8,7688
0,5159	15,9381
-10,9530	2,1755
-15,8023	-1,0356
-6,1033	9,1881
-9,2488	5,4524
-14,8194	4,8628
3,0720	10,8265
-5,4478	8,1396
-14,4259	20,9191
-3,2194	20,1325
8,9047	3,2901
-8,7244	28,5213
5,9557	13,3824
5,7590	12,9240
15,9170	28,9145
4,7761	22,2298
21,3566	17,6425
10,3466	21,0502
7,9874	22,5576
19,8495	26,0965
18,9974	24,4580
18,0800	15,2175
4,7107	19,4774
13,7548	18,9530
8,9706	22,0332
12,0508	24,7855
9,4948	10,1055
12,6405	3,4209
-9,3795	14,0376
10,7400	-8,1791
5,6280	5,8457
2,6132	-2,6087
-8,8554	-4,1158
2,9409	2,8963
2,9409	-6,6063
-8,5280	-8,1791
-8,2656	-8,4413
-6,0375	-10,3419
2,6788	4,0759
-7,0206	-3,8539
1,4993	-7,3273
-9,1177	-2,2811
-0,2701	-6,0165
-6,8894	0,2093
7,6596	-3,9850
5,2347	-15,7157
11,5917	-0,0527
1,7614	-3,3296
13,6889	-7,3926
8,7082	-3,9850
7,9217	-1,6911
11,8540	1,5202
11,5261	-2,5431
2,0891	-10,4728
7,2664	4,7971
8,7738	3,7485
-2,1707	6,9598
6,6113	13,7755
1,8270	7,1564
17,8832	12,4649
9,8878	21,5089
17,0968	17,5767
2,9411	24,2614
12,4437	27,4070
7,2665	4,4041
8,1839	16,6594
5,3005	23,7370
10,6741	19,9360
-8,0689	21,3777
-4,6611	12,6615
13,0336	9,5157
-2,2363	7,6151
11,0020	2,8966
-3,2848	11,4817
0,7129	1,3235
0,1887	2,9619
9,6258	4,6658
5,5625	-5,5579
7,7251	-2,2155
7,9218	0,1436
8,7737	-4,3782
9,7567	0,1437
4,5138	-7,1963
7,4630	-10,4730
2,6132	-8,1791
3,7274	7,8115
-6,2341	-6,5409
-4,7922	-6,0820
-8,9210	-0,1837
7,0697	6,1077
-6,9551	7,2872
1,9580	-12,1112
-6,9550	5,7802
-2,3018	4,0761
5,8901	-3,9193
6,3488	5,5833
3,0067	-6,6719
11,0675	-5,8198
11,0019	-15,9781
4,7104	-10,7351
5,6281	-5,0991
-0,7290	-9,6212
1,5647	-10,4076
-9,1831	-14,3399
1,3682	-14,3398
-8,7900	-25,5463
-4,3335	-15,3884
-5,6442	-24,7601
-0,4669	-14,2087
-7,2171	-4,3129
-5,0545	-19,8448
-7,3482	-10,2765
-2,8919	-8,8348
-2,5642	-9,6866
-12,5913	-8,0483
-9,5765	-17,7475
-5,9723	-4,1160
-15,9335	-4,2471
-23,3392	-14,5360
-25,7638	6,1733
-15,0816	3,7483
-15,8025	5,1903
-18,1618	11,8094
-10,2319	5,2559
-14,6229	19,2151
-8,2003	25,1132
-14,8849	9,2538
-10,9528	30,5529
-0,7948	13,9723
-3,6129	13,5137
-14,4917	24,5892
-1,5158	8,4673
-15,7369	21,6400
-16,3268	24,5234
-10,4284	12,0718
-21,1765	17,2490
-14,6227	16,5281
-22,7493	9,8435
-17,0475	20,5260
-14,2296	12,7271
-5,5789	15,6762
-21,3730	16,4626
-7,4139	16,1350
-9,7731	20,9846
-4,7924	14,8241
1,0404	10,6954
0,4505	11,3507
6,5455	1,7169
-1,2534	12,8580
10,0846	6,3697
9,4945	1,3236
10,0191	5,5834
-0,4011	1,8478
19,1941	-1,1011
-1,3187	12,7924
10,8056	13,7098
-0,4667	7,4840
13,6892	6,7631
13,6233	7,1564
1,6304	10,4331
3,8587	3,6829
7,7907	8,9913
3,1377	3,2241
10,0188	2,4377
0,6473	1,9790
-0,5324	4,1416
6,5456	2,2410
-8,8556	4,0106
-7,0202	4,7968
-1,6466	-12,3080
-2,7606	2,4377
-10,8871	2,0441
7,3320	-21,8106
-0,1394	-7,1962
-1,7776	-10,2111
-9,9695	-22,0728
4,5794	-12,7013
7,2008	-24,8910
2,5477	-4,2471
5,0381	0,6023
4,1861	-22,2694
1,6959	-3,3295
10,6743	0,4714
6,4800	-8,4414
-2,7605	-2,2809
7,2010	7,0250
2,0892	-1,6257
9,8880	12,9233
7,4631	-7,4583
10,1501	9,9743
1,7615	9,8431
15,5240	4,6003
9,9534	3,8794
12,7714	-4,8367
12,7058	6,2387
8,9704	-2,6087
7,5286	-11,0627
3,7930	-3,3295
14,4755	-4,0506
4,0550	-6,4753
-2,0396	-0,8393
0,3852	-21,3520
-0,4011	-11,4561
-2,5640	-10,8009
14,3443	-20,7622
-5,5788	-9,3590
7,3320	-26,0052
-8,5278	-7,7860
-1,7120	-3,3953
3,7929	0,0126
4,7103	-8,8345
0,9092	3,3551
-0,7292	2,6343
-4,8579	-1,2323
-10,3631	1,5859
-11,2148	9,1879
-13,6399	9,1225
-17,8341	10,4332
-23,7324	10,2367
-23,4046	16,3969
-29,1063	6,4356
-14,2951	19,4117
-19,9313	9,8433
-3,2197	3,0933
-27,2057	13,4479
-4,0060	15,0207
-4,3336	1,3237
-6,2998	9,9088
-11,2148	0,9304
0,4505	7,0253
-1,3845	-2,4120
-8,2003	-5,8198
-4,9889	2,5032
-15,4747	3,9449
-5,5787	-11,1283
-14,2295	-1,4946
-6,1684	-0,7738
-17,6373	-4,5748
6,8076	0,0127
-3,6126	0,3404
15,3927	-8,7035
-2,2364	-0,1184
-1,3187	-17,4198
-2,1051	-4,7057
6,6110	-0,9049
2,5478	-11,9147
4,1862	-3,6572
-5,9065	-1,8878
-18,6858	-6,4098
-7,2171	-5,5578
-19,0137	-5,2955
-12,7878	5,3866
-25,3053	-4,2471
-19,9968	-7,0650
-28,5821	2,5687
-21,9630	1,8477
-25,3709	-1,9534
-21,6354	-1,0359
-29,8929	-8,7691
-17,4413	-11,9802
-33,6284	-3,9195
-20,0626	-9,4245
-32,7110	-2,7398
-23,4705	-7,8516
-30,0895	-6,8030
-29,3685	3,4205
-15,4093	-2,8053
-20,7178	-4,0504
-10,3629	-3,3951
-8,3969	-1,1668
-0,4014	7,0251
-9,2486	3,0275
7,8563	4,7314
9,3635	4,2726
15,6550	9,6466
9,4947	8,5325
7,0698	6,6319
3,7933	0,3406
20,9634	1,1271
-0,4012	0,6682
3,2688	-12,3732
9,8879	-2,2808
-10,8871	-2,5431
-2,2362	-11,3904
-4,9889	1,4547
2,2856	-7,2618
-10,1662	3,3550
-0,9911	-7,5896
-0,7946	-14,9950
-6,1031	-10,9318
-0,8600	-14,1432
-3,5473	-11,5217
-8,7244	-14,2742
4,5792	-14,4709
-4,2682	-13,9465
-12,9189	-8,2449
-7,4137	-16,5022
-12,0014	1,3890
-5,3166	4,5345
-10,7563	-13,9463
-9,5109	-4,3124
-10,8872	-2,6086
-9,9041	-1,0358
-12,1324	-8,1791
-4,0715	-12,2423
-20,9798	4,1417
-16,7199	6,6973
-12,7223	-1,3635
-12,5258	6,7631
-20,9144	-2,2810
-19,6037	6,5009
-18,5551	3,4862
-30,0240	-13,4220
-20,4556	-2,6084
-21,9632	-1,3636
-19,0138	-8,3102
-28,6477	-2,0188
-21,5696	-5,7544
-22,4217	-9,1621
-8,0693	2,8964
-16,0647	2,1099
-6,9551	8,6636
-9,6422	1,0613
1,8266	-6,5406
-5,9065	7,0908
4,5793	6,3043
6,3488	-7,2616
11,2639	4,9282
6,6110	10,6296
-0,8601	6,4354
3,4000	5,9111
6,2833	-0,0525
11,9850	12,0060
0,6473	7,0909
10,4778	0,2753
5,7590	20,1980
8,2495	13,3167
9,4946	15,1517
9,1669	-8,7033
9,8225	1,5858
17,4899	-1,4944
1,4339	-12,0458
18,9318	-10,2106
5,4969	1,1268
0,1231	1,4545
-2,8260	-2,2155
-0,4012	-4,8369
7,5940	-9,8831
-7,0204	8,4015
4,9727	9,6464
-7,3482	-11,7836
-3,2193	4,1417
-2,2363	8,7946
8,6427	-2,6741
-1,7776	6,3044
18,3421	5,3212
10,6743	6,8286
20,5702	-0,1838
12,3783	-10,6038
18,0799	0,9960
9,8881	0,6026
7,3977	-7,9169
17,0971	-4,0503
9,1671	-11,1938
11,7887	2,6343
3,8588	2,5686
10,8712	-2,4121
7,6599	7,3528
17,4247	-1,3635
6,5457	-5,7542
24,6336	5,4524
18,9974	3,8139
14,6720	9,8432
14,0168	-2,2154
14,1478	-8,5721
7,0045	14,8895
14,0823	-5,9511
5,9559	-4,9023
6,4146	4,1416
13,5580	-9,2279
-3,7435	-13,8152
4,9728	-12,5045
4,3829	-0,3149
5,0382	2,6997
-2,0396	-4,5092
5,1038	-0,7081
2,7443	5,1246
7,5285	2,8963
-0,5325	-5,9509
4,5137	-1,8221
0,7781	6,9596
-2,6954	-1,6912
-13,9018	-13,0944
-2,0400	-14,2739
-20,9798	1,0613
-17,9652	-3,7230
-2,9576	-16,8300
-20,1280	-5,2301
-8,7901	-6,8032
-19,0139	-9,6210
-14,6228	-4,1161
-8,0693	-18,2063
-9,9698	-1,4290
-10,9527	-4,0506
4,6448	-14,4051
-2,4331	-6,9996
4,5793	-2,5432
1,6958	-8,4414
-1,9742	-12,2425
3,2032	-13,6843
-0,3359	-3,3296
-1,5153	-13,2256
0,1230	-15,7814
7,0698	-7,0652
-8,4621	-10,5387
6,6112	-10,2109
8,5115	-0,9049
3,6620	-10,0144
3,4655	-8,7691
13,0336	-14,1431
7,0699	-21,3519
10,6743	-4,2472
6,1524	-10,7354
11,0676	-15,9780
8,6428	-4,1161
-5,8407	-14,6674
10,3469	-15,2570
6,4798	-5,4923
4,3173	-8,9000
-2,4984	-1,3635
-0,6634	-1,5602
-1,8430	-14,4706
2,0235	-3,4605
-10,4938	0,8646
5,7591	-11,3904
-7,4136	-2,0843
8,1183	-2,6086
1,9579	8,2702
12,1814	-6,0821
-4,1369	-8,2446
-3,0884	11,0884
-6,0374	-7,1963
-10,1007	-9,7518
-5,7754	-0,4459
-14,4917	-10,3418
-15,9333	3,9450
-7,1517	1,6511
-9,7076	-4,8368
-14,6882	4,2727
-8,6590	1,3236
-10,2318	5,9110
-0,9913	6,8286
-5,3822	5,8455
3,0719	0,9305
-1,6467	10,0399
3,7928	-5,8852
-8,5933	7,2220
-0,4015	0,6682
-0,7291	-4,0502
-11,2805	-0,3147
-8,3311	2,1755
-4,0715	-2,0843
-8,3968	-0,1182
-16,9819	-2,0188
-4,3335	0,6026
-4,4646	-5,6233
2,2855	-13,6841
-0,0737	-2,3465
4,5794	-1,8879
4,7105	-12,6356
11,3295	-7,4584
5,8903	-5,0337
16,3104	-6,0166
13,6890	-12,2425
7,0698	-17,3542
10,6090	-3,7227
5,3004	2,7651
3,4655	-9,4900
3,2033	-12,2424
2,5479	-6,7374
-0,3357	-0,9704
9,5602	-10,6697
-9,4452	-13,5532
1,2373	-3,0021
3,0720	-12,9636
11,5917	-20,4344
0,5162	-9,4901
5,6935	-11,6528
2,3512	-5,0991
2,1546	-3,6574
1,8926	-17,4852
3,2031	4,8624
3,2687	2,1753
0,1230	-9,0966
0,8439	11,2194
-4,6611	2,4374
0,7129	-7,1306
-5,6442	-1,0359
2,0891	-8,0482
-0,5981	-7,9825
0,0573	-4,6403
-8,7900	-14,4706
-1,5156	5,9111
-7,6105	2,5685
0,0571	5,7145
-10,6906	-0,0527
-9,7076	3,6829
-14,6882	5,1902
-14,4917	5,7144
5,3002	-3,3294
-6,2998	-1,1012
-2,1707	-0,7080
-7,4792	-7,7203
1,2371	7,0252
-0,4013	1,2579
14,2131	-6,0164
-4,3990	2,3720
6,6111	-8,8346
9,0359	-0,6426
11,2640	-11,5217
6,3490	-22,3349
7,3973	-0,4461
4,9072	-15,3882
10,4120	-16,6332
-1,1222	-2,5432
1,4338	-15,5192
-1,1221	1,9132
2,2857	-4,9026
5,4314	-17,3542
-8,0689	0,6681
2,6134	-4,7715
-6,0374	-5,4267
7,9872	1,2578
-0,9258	-5,8855
-1,5811	-2,9363
-8,4622	-2,4121
2,1544	-8,1791
-1,9088	-1,8877
-2,1711	-2,7396
-6,4307	-9,4242
-10,8873	6,0423
-5,1199	0,5371
-10,4940	-6,4750
-7,8068	9,9087
-13,7707	1,5202
-2,5639	9,4500
-1,5809	5,0590
10,8054	-10,6038
-0,2701	7,2219
3,7276	-0,4459
7,6599	2,3722
26,4685	4,6004
10,4123	-5,8198
10,9365	6,6320
17,5557	6,6973
8,3805	-13,4875
9,0360	-4,5090
7,3318	5,3213
-2,5639	-3,6572
-1,7776	1,2582
-2,8917	2,6343
-10,7560	8,9913
0,3196	-4,1815
0,1884	-7,8514
3,8585	0,1439
0,2540	-6,6720
10,0190	-12,4390
16,8347	-7,6550
8,4460	-15,2571
11,1333	-18,0096
22,0119	-15,3882
6,5457	-13,7498
1,9582	-17,3543
9,9535	-16,8300
-4,2680	-16,1092
2,5478	-18,7962
-2,8263	-13,6844
-8,3312	-22,2696
-6,1030	-9,6867
0,8437	-20,6313
-16,1955	-17,7475
4,6449	-15,1262
-3,2194	-15,3228
4,7104	-14,9951
3,5309	-14,0777
11,0674	-25,5463
3,1377	-14,8640
16,1792	-15,3229
-0,8600	-21,4832
-4,7922	-13,4877
0,0576	-22,5973
-2,3674	-12,3736
-0,9910	-7,1965
-3,3503	-21,2210
7,0043	-7,5894
-10,2316	-4,0507
9,4292	-4,1816
6,8077	4,1414
9,2324	-4,7059
1,7614	7,0252
7,6595	4,0103
-0,8600	-2,8050
2,2200	2,6344
-3,4160	8,7948
-2,4332	5,5835
-14,7538	11,2851
-10,5596	-6,9993
-11,4114	5,9769
-26,2226	3,9450
-5,0544	-4,1158
-12,0014	7,9427
-6,2997	-5,0337
-11,9357	-8,4414
1,0403	-4,8370
-9,4453	-8,9657
-0,4670	-10,6697
-8,9865	-6,0823
9,6256	-22,0073
-1,5810	-10,0798
5,6279	-7,1308
5,7590	-16,9611
-2,4331	-11,4561
-8,3310	-15,5193
3,3342	-10,4076
1,9580	-16,2403
-3,9402	-20,1069
-1,7774	-14,2087
3,5310	-20,1725
3,3344	-22,9906
3,2689	-18,2719
13,7544	-20,5657
4,7761	-18,2064
11,8540	-10,0800
7,0043	-24,3012
4,8417	-3,9850
1,7615	-14,6675
5,3003	-24,4976
-0,2047	1,3234
-2,9573	-12,2427
-8,2656	-10,0796
-4,9889	6,9595
-3,5471	4,3380
-16,6542	-3,7882
-1,7775	-0,2493
-2,3675	-2,3464
-1,1877	6,8286
2,0891	9,9743
12,0504	-9,4241
-1,5810	5,9113
11,5261	7,0908
8,9702	7,6151
4,9724	8,9258
7,4629	-5,2298
-1,1224	14,0377
-1,5811	10,1709
-6,1030	0,6684
-3,6126	8,5326
-9,5108	-1,3634
4,2517	-7,0649
-12,7221	4,6659
2,0237	0,5371
-1,7120	1,6512
10,9364	-6,9996
-6,0373	-3,9848
6,2834	-4,6404
7,3975	-8,2448
3,2685	-13,2255
1,9581	-15,1261
3,8582	-15,9780
0,9093	-8,3760
-11,1494	-13,8157
-15,6057	-13,5533
-16,6544	-0,5773
-7,1516	-17,5512
-9,1834	-18,5995
-9,1179	-5,4270
-31,9897	-12,8325
-4,8578	-15,3228
-3,1541	-16,0437
-2,3676	-13,2257
-2,3676	-12,6359
-2,9573	-17,4856
5,4313	-28,5610
2,7442	-15,1917
4,5139	-15,7161
2,2856	-22,4006
8,3151	-11,1940
0,3852	-7,8517
15,1964	-6,2132
7,0043	0,6681
15,5240	-8,7035
-1,6463	2,5033
17,6868	11,9403
5,8903	-0,0526
15,3930	5,9111
9,4293	-3,0017
23,3228	10,6297
18,6042	4,9280
20,1115	-7,9170
11,5920	-2,0842
13,2959	1,3235
19,9151	-9,9485
14,0821	-3,5916
13,9513	3,3552
9,7568	12,5957
13,6236	-6,6063
7,7253	-4,3123
9,6914	12,2681
1,8272	8,9256
26,2720	-0,5111
15,6551	18,8872
18,1454	4,6003
1,0407	3,0277
19,6528	9,9743
12,7059	-2,2154
10,3465	1,0615
-4,5956	3,1585
-1,7120	-8,6378
-1,2533	8,1394
-9,4455	2,3064
-15,3435	-4,3780
-14,9505	-2,8051
-10,7563	-10,6039
-26,8126	6,4354
-22,5526	11,3504
-27,4682	-5,4267
-20,1936	2,8310
-37,8883	11,8092
-29,4998	-4,5090
-33,2351	2,7000
-20,9801	6,9598
-15,0162	-3,0673
-16,4581	4,8627
-19,0136	-7,1959
-7,4794	3,6830
-8,7901	-0,3147
-14,0329	-2,7395
-0,6635	9,3190
-3,7438	10,1053
-2,3674	-3,1328
-19,5377	5,8456
3,1377	-0,9045
-5,1855	6,1079
3,9896	10,3019
-9,5109	-4,0502
1,4336	2,8966
-9,5109	5,4525
3,1375	5,1903
1,0403	12,0061
0,9745	10,2365
-15,6058	13,2513
-9,8387	4,7972
-8,7902	8,4017
-14,8196	18,1664
-10,2320	8,7293
-28,2545	3,5521
-22,7491	15,8727
-11,2150	10,1055
-12,0670	11,9405
-15,3437	9,2535
-0,9915	-3,0672
-20,5209	6,6321
9,2323	9,9088
2,0233	6,0422
1,1714	13,3823
2,8755	9,0569
-3,0228	18,4286
14,1477	17,9699
0,7127	14,7586
-2,2362	21,8366
4,9071	14,1032
-0,6634	-0,7076
-10,0350	16,0693
2,5479	10,5643
-9,9040	5,7802
-3,5470	8,1394
-1,8432	-0,7735
3,0720	13,3822
-1,7121	6,1077
4,1860	0,5373
5,6934	12,6614
1,6957	4,9280
-1,9742	-4,6400
-2,7607	10,4989
4,3174	4,4694
-2,6952	10,9576
2,3513	8,9260
1,4992	6,4357
6,4145	20,5258
-2,0397	18,8874
10,6089	8,3365
6,2834	30,0287
10,1501	31,3393
-1,1876	28,4558
9,2325	19,9362
-0,6634	24,4583
9,4290	36,7788
3,3998	26,6207
10,7397	15,8730
2,9410	19,8051
-1,6465	28,5213
1,5650	16,7248
5,3004	17,6424
18,5387	21,6400
4,6451	24,4579
15,2621	13,8410
20,1772	1,1273
21,6845	5,9113
13,5582	10,9573
22,6676	-5,5577
23,5851	-6,0820
22,7985	-6,9340
12,6406	-8,3759
22,7330	-8,5070
8,7084	-13,1600
15,9829	-7,0653
21,8154	-18,6652
-0,3356	-21,4174
14,8688	-2,8054
1,7615	-13,5534
11,1988	-16,6335
6,6111	-14,4708
16,6381	-20,3690
-8,1345	-4,1818
10,9365	-13,3569
3,3998	-28,0367
14,9996	-10,0144
0,3851	-4,9028
11,2641	-21,1555
7,6596	-12,7668
12,7058	-8,7037
12,0506	-7,5240
12,7712	-18,2718
6,4145	-1,9533
1,5648	0,1437
8,5773	-9,0312
-0,7290	-9,2277
2,9412	-3,3295
-0,3358	6,6973
5,4969	3,3550
-2,6296	-8,5725
6,1522	-9,2277
-1,5810	4,7313
10,1498	-3,9194
-3,8091	-9,9485
13,0335	1,5201
-0,5323	-4,1816
10,4777	-12,3079
1,7616	-6,3443
9,2326	-15,8470
3,0723	-5,8857
3,4654	-17,0267
2,8756	-19,3204
2,8099	-4,6404
2,3513	-2,5434
-3,2848	-7,6551
11,0018	-8,5726
-5,6442	-18,5339
4,3828	3,0274
-2,0398	1,6510
0,3850	-6,8685
-8,7899	2,3720
-12,0013	2,1753
-0,2048	-0,8392
-13,5089	-1,3636
-21,3728	-8,8345
-13,6399	-2,0843
-15,2127	-7,1962
-22,1594	-4,7057
-8,1347	-10,2763
-16,7201	-2,1499
-10,2317	-11,5870
3,9239	9,0568
6,0866	-0,7082
-0,1391	-0,7736
13,2957	-2,0843
6,8733	-2,2807
18,6697	13,2512
10,4779	4,8625
16,1795	-3,7224
16,3762	18,0355
14,5411	6,0422
13,8204	10,3023
8,7085	15,6759
14,8035	0,7995
18,9976	25,1131
6,2181	0,5370
7,0045	-4,3779
18,2111	-0,9701
9,0360	-3,2640
8,3151	-2,0188
17,4247	-8,7036
21,7497	-18,2060
7,7909	-4,0503
25,7475	-3,0676
10,2812	-14,6018
11,0021	-2,3465
17,0970	-5,4269
11,5264	-20,7621
15,4586	-1,3636
-3,0881	-18,7306
13,3616	-8,2447
6,5456	-3,4608
5,8249	-17,1577
7,3976	-0,8393
15,1963	-8,1793
6,0868	-12,4390
7,9873	-0,7736
1,7615	0,0783
6,4800	-1,3634
18,6696	-3,5261
4,0549	-4,7713
-0,9910	13,1199
-0,5324	-1,4946
2,2858	-14,1428
3,1374	-2,8052
-8,3965	1,3235
-5,0544	-9,2932
-4,3989	4,3382
-9,9696	-7,9172
-7,2170	-2,2154
-7,1516	-6,9996
-11,1493	-3,9848
-12,2635	1,1924
-3,9405	-7,7205
-12,3291	-10,0796
-13,1155	7,7461
-6,2341	-11,1939
-1,7123	-4,8366
-3,0885	6,8284
-8,0692	-13,1599
-11,2803	-2,4120
-9,0522	-1,2981
-8,3968	-12,3080
-16,7199	-8,9657
0,0574	-11,6528
-10,4286	-11,1940
-1,8433	-7,0653
-17,3753	-18,1408
-4,9890	-19,2550
-14,2952	-17,6821
-1,1880	-18,7307
-4,3338	-3,0022
-10,1664	-23,9736
-2,9573	-21,6797
5,3655	-5,3614
-7,0206	-8,1795
-1,7777	-15,1261
-3,2850	-12,0460
-8,9210	-18,2717
-1,3188	4,4037
-7,8068	-7,8517
2,4823	-15,8468
-3,5470	3,9450
9,3635	-0,8393
-3,9402	2,9619
8,1839	-5,6890
1,0405	-9,8175
8,3804	-6,0166
-2,2363	-7,7205
-4,5301	-15,5192
-3,7436	-6,1477
-7,7416	-12,3736
-15,0814	-11,3249
-8,3969	-10,0142
-3,5471	-7,9826
-17,3098	1,5202
-11,2803	-1,8223
-10,1664	-5,9508
-17,7683	5,3868
-4,3337	5,8455
-9,5765	-7,3925
-12,0013	7,2219
-0,1394	5,4523
-10,5596	13,5132
-7,4138	5,4523
-11,4770	-7,9823
-0,7293	10,7609
-11,4770	10,4985
-12,3291	2,3067
-8,4624	7,8773
-4,3992	-3,1983
-4,7924	6,4355
-21,9628	10,4331
-7,2825	0,9960
-12,8533	12,9235
-12,1323	5,0591
-16,9164	-2,6738
-10,8872	12,0716
-7,8071	10,3021
-7,7416	13,5789
-13,9019	11,0230
-9,9699	5,8458
-8,1348	16,9869
-20,9801	17,2488
-25,0429	13,5134
-12,7226	9,5158
-23,6013	3,0932
-23,2737	14,8242
-9,6423	11,0230
-22,3563	1,9792