1,2529	-60,8416
-7,8567	-58,9411
-1,6962	-56,3853
-13,2306	-53,0431
-10,2813	-59,9244
-3,8588	-67,3955
-5,7594	-64,5776
-10,2158	-76,2431
-0,5822	-83,7796
-6,5460	-83,0590
-14,1480	-88,8261
-13,3616	-90,9889
-7,8567	-99,1154
-24,6994	-104,4238
-18,7355	-97,2149
-15,1311	-101,5404
-11,5923	-97,5426
-12,0509	-100,7540
-7,9224	-103,7686
-12,7718	-102,8511
-9,7573	-101,2782
-10,3471	-101,7371
-23,3233	-107,5043
-17,6871	-120,2836
-16,0490	-103,7686
-15,8523	-104,6865
-35,1854	-131,1627
-26,7967	-118,8420
-34,8577	-118,5801
-33,0883	-122,0533
-43,3118	-126,4445
-30,4014	-134,8985
-38,0036	-123,7575
-44,8849	-127,5588
-48,9479	-145,4501
-45,9990	-134,5056
-35,5133	-138,1759
-46,9822	-156,3291
-40,8872	-153,1180
-49,6037	-154,9532
-45,2126	-167,0774
-56,7471	-172,3202
-44,8196	-175,0075
-55,4365	-189,6220
-55,5675	-193,2266
-64,8736	-194,3408
-66,5777	-194,2756
-77,6532	-219,7691
-68,8716	-220,6865
-70,3791	-221,7354
-83,9451	-228,2235
-87,4840	-235,7602
-94,9554	-238,5782
-95,1519	-241,1998
-103,6063	-238,2506
-104,4582	-242,5762
-116,9102	-249,1296
-111,6018	-238,3819
-131,7214	-249,8508
-113,5680	-253,9795
-138,6683	-258,1083
-127,5273	-261,9094
-142,0108	-266,4315
-144,1735	-265,4485
-145,2221	-272,1989
-155,3803	-285,2404
-149,8097	-278,5560
-157,1499	-289,8938
-147,2539	-299,7242
-157,4777	-302,8701
-144,1083	-319,1230
-167,3081	-315,1910
-156,8222	-332,2960
-170,9780	-333,0825
-158,0676	-340,9471
-175,1068	-344,3551
-165,9975	-359,2319
-179,0390	-365,9822
-172,8134	-367,5551
-182,6438	-371,1599
-187,2970	-393,5077
-197,3240	-394,4907
-203,6156	-406,2218
-208,5963	-413,2998
-208,7276	-413,4968
-205,2543	-437,2864
-216,1333	-443,5778
-212,9876	-450,0662
-220,8520	-464,1565
-225,6361	-469,5306
-229,2406	-475,1015
-231,0756	-493,9759
-239,2677	-492,5997
-237,4325	-503,6757
-236,3187	-523,3364
-239,3335	-519,1423
-261,4844	-536,9682
-248,8363	-551,6483
-266,5967	-554,2700
-271,1843	-567,7050
-281,6701	-576,0937
-287,7652	-579,3052
-297,2024	-588,2182
-300,8071	-603,4883
-293,5983	-619,5445
-316,3395	-616,6611
-316,6670	-622,2320
-334,1653	-631,0795
-324,9247	-647,4637
-339,0807	-659,2602
-347,6658	-666,1417
-349,0421	-680,4288
-348,2559	-693,1428
-355,2027	-705,4637
-364,3122	-705,9227
-364,2467	-715,6222
-364,3125	-730,9578
-363,1984	-741,5091
-380,2379	-749,0460
-387,8399	-759,2698
-385,5463	-770,5422
-381,1556	-795,3148
-403,3069	-791,3828
-407,1734	-804,6871
-414,1859	-820,5468
-418,5115	-826,2486
-431,6187	-839,0284
-433,5849	-854,8883
-445,9058	-868,9786
-443,7433	-882,1515
-451,8698	-886,8704
-467,7297	-902,7958
-465,3704	-915,9687
-471,9244	-935,3674
-483,2620	-936,3507
-490,1435	-954,4388
-492,3718	-962,1066
-501,8092	-971,7406
-516,8824	-989,8287
-519,3729	-987,6006
-525,2714	-997,8901
-541,4588	-1011,5217
-543,8838	-1026,5296
-560,9887	-1033,4766
-564,1346	-1038,9819
-564,6590	-1059,8880
-577,8320	-1072,7988
-588,7764	-1095,8020
-593,0366	-1100,6518
-598,3452	-1106,2883
-611,2559	-1127,2600
-634,6522	-1148,6903
-628,6887	-1151,7707
-643,7622	-1162,3223
-661,6536	-1181,9176
-664,6030	-1190,2409
-684,7226	-1196,2704
-684,1986	-1206,1666
-704,3182	-1226,0897
-709,4302	-1231,4637
-728,5668	-1236,1170
-736,6933	-1246,7342
-729,6813	-1272,0966
-745,8035	-1275,1769
-757,0100	-1285,2698
-765,6610	-1306,5035
-765,0713	-1320,9215
-786,3050	-1328,5894
-786,2396	-1332,9151
-800,0022	-1348,7751
-797,5120	-1370,7297
-815,0757	-1378,7252
-806,8839	-1386,9832
-828,5764	-1408,4134
-831,9188	-1411,6905
-841,8148	-1427,0917
-842,8637	-1442,0340
-857,4126	-1451,1436
-858,0027	-1461,4329
-879,0397	-1466,3485
-882,3822	-1482,0771
-875,8287	-1498,1991
-898,6355	-1497,4784
-903,0262	-1506,3916
-903,0921	-1519,6300
-914,3642	-1521,3341
-912,3328	-1531,2958
-904,7307	-1548,6629
-928,4548	-1555,5442
-918,8209	-1561,9014
-923,3431	-1556,5931
-927,7994	-1577,6303
-929,6344	-1583,2664
-922,0322	-1594,9319
-923,2775	-1596,4392
-916,7894	-1590,0825
-923,0153	-1596,1119
-918,3623	-1614,0032
-912,3985	-1616,6900
-914,1025	-1604,1729
-912,1363	-1608,8260
-920,2628	-1608,5638
-915,0854	-1608,6293
-923,4739	-1602,1413
-910,1702	-1612,6269
-914,6267	-1607,7771
-920,1316	-1595,9153
-917,1167	-1611,3160
-901,8471	-1589,6891
-906,3034	-1584,4465
-897,9148	-1589,1648
-903,8128	-1577,3684
-889,0673	-1591,3928
-878,9090	-1569,6347
-878,7125	-1563,1468
-864,0322	-1566,2268
-864,1633	-1556,5928
-858,3304	-1539,3568
-850,3349	-1533,0652
-832,5746	-1529,7883
-842,4704	-1524,7419
-824,0546	-1510,8480
-829,5595	-1494,5297
-816,7798	-1489,5486
-808,9153	-1484,2401
-801,1821	-1475,4581
-795,5458	-1461,6299
-775,4918	-1456,7800
-776,8679	-1440,1992
-764,6780	-1431,4828
-760,8768	-1410,3145
-752,1603	-1406,5789
-736,4316	-1388,1629
-734,5966	-1376,4319
-734,2685	-1369,6159
-715,0666	-1355,0667
-709,3649	-1343,2701
-715,7872	-1331,3423
-698,3546	-1318,9558
-700,4516	-1309,2564
-694,3567	-1297,7217
-700,3859	-1276,8156
-679,0211	-1268,0992
-677,9070	-1245,6856
-668,4698	-1235,2652
-665,0617	-1220,1915
-668,5351	-1201,5137
-649,5294	-1188,4061
-652,2165	-1176,4128
-642,5169	-1152,2954
-632,8831	-1151,0499
-620,4967	-1123,8523
-624,1010	-1111,2038
-605,0955	-1110,8757
-605,9475	-1091,4112
-603,8501	-1080,1389
-599,0658	-1056,2836
-576,7838	-1041,0792
-580,9778	-1038,5230
-573,3756	-1027,8403
-575,6690	-1004,3783
-555,0907	-987,8631
-547,6849	-979,3433
-537,3302	-975,6729
-527,6307	-970,9540
-525,4024	-940,5452
-509,8702	-918,9184
-513,3435	-914,7893
-492,9617	-913,1506
-490,0126	-897,7494
-485,9491	-869,9622
-479,5920	-863,2773
-474,3491	-864,7187
-462,4869	-843,4193
-450,8872	-820,7438
-460,6518	-819,1708
-449,5104	-809,1434
-438,6972	-795,0530
-443,4812	-778,8655
-442,3668	-768,8383
-426,7038	-756,3864
-420,6744	-753,3714
-428,8007	-732,1376
-411,1715	-721,1275
-418,8391	-714,3115
-399,9647	-708,3474
-419,1010	-678,4630
-393,7385	-678,4629
-397,0154	-668,1078
-398,1293	-654,0176
-381,4177	-651,0027
-387,3158	-634,5531
-376,5022	-631,4727
-376,8955	-628,8511
-364,2467	-612,9913
-352,0573	-600,5394
-345,3067	-599,3596
-338,7531	-593,0680
-328,2017	-582,5165
-331,2163	-571,4408
-316,2083	-562,1347
-306,9678	-552,4352
-304,5428	-544,8983
-307,8850	-530,0871
-292,2873	-524,4510
-296,8748	-520,7149
-278,5247	-496,2046
-290,1900	-499,0224
-287,0442	-478,9682
-276,8205	-475,3637
-269,9394	-462,0596
-267,5144	-445,0857
-275,6408	-441,7433
-261,7470	-435,4515
-266,9244	-429,1601
-249,1640	-420,7057
-251,0646	-413,7588
-235,4670	-406,4842
-245,1006	-403,2728
-235,0736	-398,6853
-245,3624	-390,0999
-225,3741	-375,0267
-225,4395	-382,1044
-217,7718	-372,8637
-212,5944	-355,6933
-211,6768	-353,7926
-210,5626	-345,7315
-200,1424	-339,4399
-202,6326	-327,8398
-202,3705	-315,4534
-191,4915	-312,7008
-197,7830	-306,9988
-190,7050	-285,6996
-190,9016	-295,3989
-189,7220	-279,6700
-194,4404	-266,0385
-185,5931	-273,7060
-192,6708	-253,7829
-183,4303	-247,0329
-184,7408	-251,7512
-171,0438	-240,1513
-172,3545	-233,5977
-163,3761	-237,3987
-154,3319	-227,4371
-154,3974	-222,6530
-148,3679	-228,1577
-138,9308	-215,1816
-130,6731	-214,9195
-136,6369	-209,0210
-129,9521	-208,4968
-136,4401	-198,2730
-129,1002	-204,1056
-138,8649	-193,2921
-130,6730	-182,2164
-134,2118	-165,1117
-126,2166	-163,2111
-134,1462	-160,8516
-125,0369	-164,1283
-126,4786	-162,2275
-121,6945	-145,2538
-121,8909	-143,8775
-115,7963	-148,8581
-116,3859	-144,7292
-110,8808	-133,1950
-97,7737	-135,6196
-108,5216	-126,9689
-102,4920	-127,2965
-100,2638	-130,3766
-92,6616	-112,6819
-106,1619	-120,0219
-86,1734	-112,0918
-100,9190	-106,9802
-86,7632	-109,3393
-95,6761	-102,9824
-83,7485	-102,3926
-88,1395	-105,4726
-82,3723	-97,8705
-83,8796	-108,9459
-92,3993	-91,5134
-79,4232	-94,1348
-91,0888	-90,3991
-96,1349	-79,7823
-97,3145	-86,5979
-86,3045	-75,5223
-94,1034	-68,7721
-88,5983	-74,2115
-93,6445	-73,4251
-89,1880	-75,3910
-99,8702	-54,6818
-81,9135	-73,0319
-83,3553	-78,2090
-84,7971	-64,5121
-88,1395	-62,0873
-90,1710	-62,0218
-76,1463	-59,9244
-85,4525	-53,3709
-74,6389	-58,7448
-84,7315	-54,4847
-78,3743	-47,4725
-76,8670	-49,2419
-72,1485	-42,6884
-81,5199	-60,1863
-74,9665	-46,8825
-75,4250	-52,5842
-61,8593	-47,8000
-68,5438	-44,7200
-68,4783	-47,4723
-69,5923	-46,1616
-53,1429	-48,9142
-63,4975	-45,1130
-59,0410	-39,4769
-45,3440	-45,8339
-56,6818	-37,1832
-52,4873	-43,3435
-50,4557	-38,8870
-48,5551	-32,6610
-44,5572	-39,2145
-36,7585	-24,0102
-35,8409	-25,1898
-34,5303	-20,2091
-40,9525	-13,9831
-27,7143	-15,0316
-22,9303	-10,9684
-32,6951	-0,6792
-25,4860	-10,5752
-28,5664	-9,0020
-32,3674	-4,0213
-28,3698	4,6949
-35,8408	-6,3807
-35,9720	-3,4969
-35,5788	-5,5287
-46,6543	-11,3614
-31,5156	-13,3930
-45,7370	-13,7863
-43,1154	-14,9660
-44,4260	-13,9175
-31,2534	-18,5707
-32,6951	-10,3130
-26,0104	-11,8205
-24,3720	-17,0632
-27,8453	-12,1480
-24,5028	-22,6336
-13,4274	-8,6088
-11,8544	9,0201
-11,9855	1,5491
-1,2376	-3,1038
-20,1119	3,7776
-12,7716	7,0543
-13,0994	4,0397
-9,3639	7,0545
-7,4634	9,4793
-8,4465	11,6420
-14,5412	6,5302
-9,1019	10,6590
-19,2599	16,0329
-14,0171	8,6272
-17,2939	8,4963
-19,6533	11,3796
-10,2817	4,0398
-20,3088	4,0398
-18,8014	0,1731
-24,6996	6,4647
-11,7235	19,1784
-26,6657	4,1053
-21,6848	8,1687
-17,0973	14,1978
-17,3596	6,8579
-20,3740	25,3390
-13,7550	16,4260
-22,3402	8,8896
-22,3402	14,1324
-19,3254	10,2002
-7,9225	12,1664
-21,6194	12,9528
-18,9324	7,7755
-12,0511	17,4748
-16,5076	23,0452
-20,0465	21,5379
-22,4058	17,9990
-15,7866	18,9820
-17,6872	13,1493
-20,8985	1,8773
-24,6995	6,4648
-19,9809	14,2635
-28,0418	11,7730
-21,7502	4,6953
-8,7742	18,2610
-19,1945	11,3142
-13,5580	13,3458
-11,1335	2,9913
-10,0847	13,2804
-2,0894	14,9843
-3,4655	16,9504
-2,1549	5,9404
4,9230	23,5697
-4,0553	26,4531
7,2824	21,8002
-0,8442	29,9922
-1,5649	27,6985
-5,9558	22,1281
1,7118	25,4704
-3,4655	26,3880
-4,6452	34,5800
-7,5942	41,5923
1,2530	36,2838
5,5784	29,4683
-4,5142	36,6772
-1,6959	32,9416
-2,0237	38,3810
6,2994	31,6964
0,3355	36,8080
-2,4168	27,1088
-2,0892	27,8953
6,4960	29,7957
0,0733	23,7009
10,6246	29,6647
-1,6962	29,7301
-9,8226	16,0987
-11,1988	37,2667
-9,6916	32,0893
-12,6407	20,9484
-8,4464	29,2714
-13,3617	29,6645
-23,6509	35,4973
-10,6747	29,0748
-8,7089	33,4001
-14,5415	31,4996
-21,4883	21,4071
-14,2793	16,2299
-31,9739	25,0117
-20,3085	38,9706
-18,4735	28,2882
-18,2770	23,3730
-23,9785	19,7031
-20,3086	25,8635
-26,1411	27,8295
-15,5900	19,7031
-12,3132	29,0092
-25,0928	28,3538
-21,6847	35,2352
-21,5539	31,6306
-18,4080	33,4002
-15,7213	33,0070
-17,6217	34,3833
-29,2871	31,8930
-21,3572	37,1358
-19,5879	33,6624
-21,0297	21,2762
-37,0203	29,8615
-26,7967	34,0556
-32,3673	33,4658
-20,7020	34,3177
-30,7289	31,5653
-26,8624	46,1142
-28,7628	48,0146
-25,8139	33,2037
-30,2046	35,6941
-27,2556	33,1382
-25,7483	33,9902
-31,5809	36,5460
-29,2216	33,4658
-23,8478	33,7281
-28,9595	34,3177
-36,7582	33,7280
-27,7141	38,3810
-19,9809	35,4320
-19,5222	41,0680
-17,1628	48,6701
-10,4126	38,1843
-23,1264	40,4782
-10,8713	36,3493
-15,4587	36,6116
-14,0825	25,8637
-10,4782	30,5167
-23,0610	28,6817
-17,5559	26,5190
-21,9470	33,6623
-27,9106	16,6229
-21,9469	26,5190
-18,4081	23,5041
-24,5684	26,5189
-13,4929	30,1886
-22,8645	21,6035
-26,9933	24,2250
-23,5853	18,7199
-15,1969	14,6569
-15,1313	26,0600
-14,8036	18,0646
-7,7257	16,2953
-20,7674	22,5866
-7,4635	21,0138
-6,8082	11,0526
-6,6115	32,7448
-14,2136	31,4995
-7,0046	28,4849
-12,0509	23,7009
-2,3516	31,9584
-11,0679	27,4364
-3,2037	21,6037
-19,3910	25,7980
-16,0487	34,3176
-23,1920	15,3777
-19,5223	22,0624
-27,6486	15,9019
-33,8746	7,7753
-23,1267	4,5643
-26,0106	6,5956
-29,6148	2,7290
-29,9426	12,2317
-23,1269	7,5785
-31,5811	-2,6450
-29,7459	4,6295
-31,3188	0,4352
-23,4546	3,5155
-42,1321	12,1006
-22,7336	14,7875
-35,7096	12,8870
-25,8793	4,4986
-31,7775	2,9914
-34,3335	15,8363
-31,5153	18,1300
-30,0737	12,2319
-25,7482	18,9821
-24,5687	23,0454
-20,6365	24,6837
-26,4693	23,2421
-22,3404	33,5312
-28,1075	24,2252
-22,5368	34,2522
-17,2940	29,5992
-24,1752	30,4512
-26,5999	34,4488
-13,6239	28,0263
-20,8984	24,5529
-15,5900	23,0456
-27,5831	27,3707
-27,7141	23,1764
-12,2477	18,1302
-25,1585	23,1764
-6,0217	17,4092
-28,8285	13,9358
-21,8814	22,3900
-24,5685	22,3899
-24,8962	20,1616
-25,5515	3,4502
-17,6873	21,8002
-22,4713	19,6373
-22,6679	12,0353
-21,3570	8,9550
-16,2453	6,2026
-20,6361	11,1177
-17,3594	5,8092
-19,1288	8,7584
-13,7549	3,9087
-13,4273	9,1516
-8,7743	-0,3511
-15,9177	6,6613
-15,2622	1,1561
-3,2692	0,8286
-10,0194	7,1199
-16,1797	2,9911
-12,4440	1,9426
-6,2838	-0,8099
-19,3253	4,6296
-14,8690	18,0643
-11,3300	4,7605
-9,8885	6,6613
-23,4542	16,6882
-26,1413	12,3629
-11,5268	14,5256
-22,9302	10,2658
-17,4905	12,6252
-21,1607	15,1154
-17,8838	14,1979
-25,8137	9,8726
-16,8351	15,4430
-19,1944	6,7267
-8,8397	-0,1545
-14,1481	7,3166
-11,3955	-1,1377
-14,9343	0,7630
-7,2012	12,2971
-8,5774	-7,4947
4,4641	-7,3635
-8,1843	-6,7083
-16,9660	-10,5093
-4,5796	-0,8757
-3,4658	-4,7423
-7,5288	-5,9875
-8,6430	-5,2666
-1,1062	-7,2326
-7,9221	0,7627
4,5298	-6,5773
-7,2667	-0,8755
1,3185	4,1051
-9,2327	-9,5264
-3,0724	-5,1353
-2,4825	-4,2835
0,4665	-3,2349
-8,0531	-1,3344
-4,7108	0,5007
-1,7615	-3,4314
-3,5311	7,9062
6,2993	-0,6134
0,8597	1,1562
-1,1718	5,2848
-1,8271	3,7120
3,7433	4,3019
-2,2204	2,4014
1,7118	2,2048
0,6633	6,1368
13,5738	0,7629
-6,7422	0,6318
6,1684	-3,1037
5,7096	-2,5140
-2,4168	-5,9218
4,5300	0,2384
2,4327	-8,4122
0,7944	1,8114
1,8428	-8,4778
0,4666	-0,2857
-7,0701	2,2700
-2,1549	-4,8733
-10,8057	0,1731
-6,6115	1,4837
-24,6994	3,7776
-11,8544	14,1978
-27,1243	10,6589
-19,6532	13,8702
-23,8475	19,5063
-14,2139	19,4408
-19,8498	17,6059
-13,5586	23,3730
-21,1605	13,2805
-7,7256	16,4263
-6,4150	17,2127
-19,7187	13,8049
-12,6406	20,4895
-13,4273	27,2396
-12,0509	18,5235
-8,9707	25,2081
-4,4488	22,4555
-16,5728	22,3246
-7,7909	22,7177
-2,9412	8,2344
-0,1887	9,4141
-4,0551	17,0816
3,4159	16,9504
7,0204	11,5109
17,5061	9,6103
9,1176	12,4939
9,2487	9,2826
17,5062	5,7435
11,2147	1,8115
18,5548	7,9717
13,4429	-6,3151
18,2272	-5,9873
13,1152	-0,8102
17,9650	-14,9002
7,8069	2,9911
19,2101	-6,9049
7,8069	-8,8053
17,3095	2,5978
6,1684	2,5323
6,7582	8,4960
0,8601	-0,6134
6,1683	-5,1352
9,5107	10,4622
-2,4169	5,0225
9,0519	-1,6619
0,9254	1,0904
9,5106	-4,4801
0,2045	-4,3491
14,2292	-11,8856
-3,9899	3,2532
-0,1230	3,2530
0,1389	-8,6744
4,1367	4,5640
-6,0869	-1,6620
5,5785	2,5979
-3,8588	-0,1546
-0,9752	3,4499
-8,2496	7,7096
-4,2521	2,4012
1,2530	-0,3513
-7,8567	-1,6619
0,2044	5,7433
-6,2182	-4,9388
-8,7085	1,7458
-9,1673	-3,6281
-2,8102	-2,7761
-8,5773	9,7412
5,3162	-1,6622
-13,0993	-4,8076
-0,3198	5,8746
-9,3636	10,5275
4,9886	0,8939
10,4936	9,3481
-5,7594	8,0374
-0,2541	5,4815
10,1658	5,6126
-0,2544	11,7074
-6,4147	15,8362
5,0540	-1,6619
-9,9537	3,2534
1,7773	5,6781
-11,9198	2,4669
3,0225	-1,4653
-7,3322	8,1684
0,1389	-3,9557
-9,9535	1,2872
8,5931	-7,1014
0,2699	6,9889
2,1050	5,5469
3,4157	-2,7106
-1,4995	-6,1838
-2,4824	9,6756
7,0857	-4,2180
3,7434	-3,7592
10,1003	-5,5288
10,1659	-13,8517
-3,5965	-10,3128
10,0350	-9,9197
1,6464	-15,0314
11,2147	-8,2158
6,1029	-16,7355
6,4306	-6,9051
4,0713	-15,4248
-1,6304	-9,4610
-3,2032	-14,3108
3,1535	-16,2112
-10,9366	-5,4633
-9,8226	-12,0825
-1,7617	-10,0507
-6,6770	-9,1332
-5,4971	-8,8710
-8,7741	-6,1840
-5,0384	-4,2179
2,6947	-6,7082
1,5807	-2,0552
0,5977	11,3796
2,8258	-1,7276
-1,0405	5,1538
11,8043	-6,7082
2,6293	-1,3997
3,4159	9,1515
14,2293	2,9255
13,9670	-5,1354
1,7122	2,7291
20,9139	7,4475
19,0789	3,1223
7,2825	12,8870
13,4429	1,1561
6,2994	-1,5962
7,7412	7,1200
4,0711	12,0352
3,8745	9,2826
3,7435	6,0060
12,3285	11,7076
-3,7932	8,6273
-4,9728	13,2805
1,3187	12,8216
-3,2035	10,2002
-8,1185	12,3629
-2,1549	20,4237
-8,7739	3,9743
-4,2521	8,1032
-4,1866	19,5063
-4,9730	4,8263
-5,6284	18,0645
-5,4318	8,6928
0,0078	3,8432
-12,7717	9,7414
-5,7593	8,9550
-7,2011	13,7391
0,2699	8,6273
-3,7932	6,0714
-6,5458	17,4747
-5,4316	7,8409
-7,0700	0,6975
-3,0723	13,8702
-0,8442	8,4306
-10,2813	7,5131
-6,2835	-5,0699
3,2846	-10,0505
-3,0069	-6,9704
-1,4340	-2,1864
-4,2519	-14,4415
11,2800	-3,7593
-2,2859	-3,8249
6,6927	-0,2203
2,3018	2,7288
12,3288	2,2045
10,5595	3,3843
21,7004	14,4599
21,1763	5,4815
18,8169	17,9334
20,1933	11,9695
27,5987	5,6782
28,1886	14,0012
24,8461	1,8771
16,8510	6,7923
16,7199	11,1176
21,8315	1,4182
9,3798	5,4815
24,4531	4,6295
21,1106	2,7291
21,5695	1,8771
8,9211	-2,3172
13,4431	11,2487
20,1933	17,6710
20,5208	0,0420
16,8510	10,2657
17,7683	11,3141
8,7245	-2,7761
20,5864	-0,6134
18,8168	-1,6619
0,7290	-1,8586
16,9164	6,9887
13,4427	0,4350
0,6634	-2,1207
5,6441	0,1075
3,4812	0,3042
-1,4995	7,6442
-1,1062	7,4476
-7,0701	-1,5307
-9,5605	14,9844
-2,3515	8,6272
-5,6284	8,6929
-2,6137	11,7076
-4,2522	9,0205
3,4813	7,6443
4,3986	4,6297
-0,6476	4,8918
-6,2836	7,1199
1,7118	7,9720
-0,3199	9,5448
2,6947	6,0058
-8,4463	9,4792
-0,6475	13,0181
-4,9074	10,8554
-9,3637	12,8216
0,5978	4,0398
1,9739	10,9212
8,8553	17,1471
5,7750	6,9890
0,5979	10,5279
5,8406	11,6421
10,8214	6,7267
0,3356	-0,2201
0,6633	10,7243
-5,5626	2,7287
6,3649	-8,4122
-0,3854	-7,4948
1,9740	-9,9851
-0,5164	-14,9659
4,5954	-6,0529
1,9084	-3,4317
0,9254	-10,6405
0,9255	0,3696
-1,3028	-2,9728
-0,4507	-1,5964
0,5976	-2,0553
-5,7593	-4,9387
-5,8904	0,6974
-4,9074	5,6125
-7,5944	7,9716
-6,8081	2,1390
-4,5142	1,1561
-2,9415	5,8746
-15,1965	3,1221
0,5321	2,3358
-3,8587	2,2703
7,8065	2,0081
1,7117	14,7222
7,0857	15,5739
12,3941	5,6127
3,6778	13,6735
3,6125	0,8284
5,3818	-7,3634
10,0350	5,2850
17,5715	9,3480
7,6757	3,7775
3,5469	12,4939
16,2610	7,9717
12,7220	-0,0890
25,3048	-7,1014
12,5253	-4,1522
23,4699	12,2971
3,1538	3,8430
17,1786	-6,1185
13,9017	7,1854
17,3097	4,9571
17,4406	13,8701
12,1977	13,8045
13,7707	8,6273
11,8044	19,1786
9,1176	7,7754
8,4621	3,3846
14,0982	14,2635
6,4961	4,3674
9,7728	1,6806
1,5154	2,7290
12,7876	-2,5795
9,6417	1,0249
10,2972	0,9593
5,9719	-15,1625
7,6102	-8,6089
5,3821	-12,4101
15,5400	-8,2157
18,5547	-5,9220
2,5639	-6,5118
4,3335	-10,6404
2,7606	-2,5796
13,8362	-5,9873
9,2486	10,9863
13,2463	-0,2860
2,8916	-10,9680
11,0836	2,5979
17,7682	2,0079
2,5638	0,5662
-2,2201	-6,8393
4,5298	-13,4584
-8,3806	0,3041
4,7919	-3,2349
-14,2135	-0,6135
-4,7763	-3,8902
-4,6454	-1,4654
-10,1503	3,2532
-5,3662	0,2386
-3,5313	-3,5625
-1,6963	10,6588
-13,2961	6,7265
-7,0046	7,2510
-9,7572	-1,2032
-0,1888	-1,7273
-9,6916	13,4769
-6,9391	18,1298
1,6462	4,4330
-7,5290	10,6590
-4,1209	14,7221
-4,1867	15,9673
-2,0893	8,9549
-2,0240	8,4963
-1,4996	13,0836
-16,2451	5,7437
4,2677	-3,1691
4,1366	6,4645
1,1875	9,8723
11,0835	-9,9196
17,3749	-9,2641
7,6758	-5,3976
15,0812	-4,2180
8,0691	-9,4609
15,9333	-16,2110
12,1978	-9,5920
12,5254	-17,3908
3,4816	-12,9344
16,1954	-1,4656
11,4768	-12,8035
-2,0235	-17,9151
17,1786	-12,4102
8,2655	-18,3740
9,1175	-22,4371
12,5253	-22,6993
8,1344	-21,4541
10,2316	-14,3762
11,7388	-15,9492
3,9401	-13,9830
6,8237	-16,7355
-0,6474	-12,4756
3,4813	-16,8664
-3,0067	-2,7107
1,7774	-3,4317
-6,5457	-6,2496
-1,1718	-8,4780
-0,4509	-13,4586
-1,1064	-8,8710
-6,6768	-8,6090
-15,7208	-0,3515
0,7287	-13,0655
-5,1042	-10,2473
-2,3515	-14,9659
-5,4318	-13,9828
-7,6598	-12,4755
-11,1987	-0,7446
5,3817	-5,9878
-14,4755	-15,3591
7,2825	-10,6406
-0,5819	-0,6137
4,6610	-13,4587
4,7921	-9,7886
1,6463	-9,3954
2,6949	-3,0384
-1,7616	-9,9196
6,8237	-4,0212
-7,2668	9,5445
-5,1039	0,1729
-11,6576	-0,9409
0,2698	7,3165
-20,3084	3,7776
-2,3515	5,6782
-5,5629	10,5278
-5,5627	3,6466
-3,4655	9,3483
10,6902	6,9890
8,0033	25,3390
9,4451	18,5232
9,6418	5,2196
3,2193	23,5697
14,3605	28,1569
3,9400	14,4602
2,6296	22,0624
5,1198	13,9358
13,1806	15,9676
-1,3685	26,5188
-2,6790	15,3776
-7,2667	14,9845
1,3840	25,7979
-14,7378	19,8341
-2,6137	14,2634
-15,5242	13,4770
-13,6238	18,5233
-1,8927	13,4114
-8,0533	11,9041
-10,7400	-1,0720
-0,5165	6,5303
2,7603	13,2803
-1,1719	8,5617
-5,5627	5,6127
1,5152	5,8093
2,7602	12,1663
-12,9684	3,3189
0,9908	4,1710
-6,2837	10,0036
-11,3300	10,2002
-15,2620	7,9064
-3,6624	13,7391
-13,4271	4,8917
-5,9561	4,4331
-5,9561	6,4646
-9,0363	5,0227
1,9738	3,5810
-8,6431	6,3990
-3,7933	4,3018
-5,1040	9,4136
1,4497	6,5955
-4,2521	-0,2856
0,2045	3,1222
-6,7423	5,6781
4,2678	0,9594
-9,7569	-3,7591
5,9061	8,6272
4,9231	-1,0723
-2,3515	-5,9218
-6,4800	-2,9727
8,0687	0,5662
-1,9581	-5,4631
-1,5649	0,3040
-3,4654	-1,4654
8,1343	-1,0067
7,4134	-0,8101
0,0734	-4,4145
8,0033	-12,2787
-9,2326	5,1539
0,0735	-1,5310
-3,1377	-8,3464
9,2484	1,4184
-1,9581	18,7196
3,0880	10,2000
-1,0405	3,5809
9,1829	-1,2030
4,1367	19,8994
-2,4825	9,2169
-3,5310	5,9403
0,5976	4,4330
-2,1549	10,7244
-4,7764	4,7607
-1,3685	1,2218
-11,3299	8,8239
-2,2859	8,3651
-5,1040	2,9912
-2,2203	5,6125
1,3842	8,4960
7,8066	-0,9411
6,4960	4,4328
7,1514	-2,2519
2,6295	-7,1669
9,7729	1,8114
3,0227	-5,2010
9,1831	-7,5602
4,2679	-4,1524
13,0498	-6,2496
16,9817	-8,2156
16,7851	-10,7060
19,9308	-4,2836
5,5785	-13,7207
8,7244	-0,9412
6,7581	-10,6406
5,5787	-4,8078
9,6419	-7,9535
15,7366	-2,1864
7,8723	-3,6938
13,7050	-4,4146
9,3142	-15,7523
10,5593	-8,8710
5,3821	-3,7594
9,7075	-10,7061
25,3048	-14,1139
7,2170	-5,7254
25,5670	-16,8665
10,6902	-20,6674
12,1978	-17,3252
2,1051	-7,5603
11,1491	-11,8858
7,0858	-10,8372
8,3310	-9,0677
2,0396	-6,7084
10,2969	-9,0021
-10,0190	-9,2643
-3,2690	-10,9682
-2,9412	-5,5287
-3,7933	-6,1186
0,2700	0,3695
-6,8735	-3,6282
7,5443	-7,7569
-9,8227	5,5470
1,7773	0,0419
-9,3640	3,9086
-3,9242	9,5447
-7,9222	2,9912
2,8914	0,3042
-16,3106	13,2148
-10,2813	16,6226
-7,9220	2,7945
-0,5166	-3,0379
-9,9537	1,6151
-5,7593	14,2633
-6,6769	3,9741
-5,4973	0,8940
-6,3492	-0,6133
-9,6261	6,5956
0,4664	4,7605
-13,3618	-8,6743
-15,9176	-5,9217
-25,8790	7,0541
-11,9199	-0,4169
-13,2963	-2,7762
-13,5584	-9,4608
-23,9129	-1,0721
-5,3663	10,3964
-21,8814	3,1219
-4,5143	-11,8856
-19,9154	-0,1546
-12,3785	-4,7422
2,9567	5,2192
-24,1095	-6,3806
-2,5480	0,6973
-1,3686	-2,1208
5,2507	-9,5917
-8,9706	-2,6450
-0,0576	3,6464
0,7288	-1,3343
11,0179	2,5977
-6,8733	-9,7886
7,1513	-6,6427
0,7287	-4,7423
0,3355	-2,8418
-4,9728	-7,4948
3,0225	-4,8734
-0,5164	-4,8078
-5,1695	-2,3176
1,5153	-2,6451
-4,4485	0,7627
10,9526	-0,6791
6,6270	-5,3320
9,7073	-1,4653
2,6294	-2,7106
1,0566	-2,9071
5,4475	7,3164
3,9401	4,3672
-3,7275	-14,4416
4,8575	-4,8732
-1,1062	-1,9898
-2,0239	-10,9027
-6,1524	-13,4586
2,7603	-8,7401
2,4982	-26,4348
8,1342	-21,1263
0,5978	-22,6339
3,8745	-23,7480
17,4405	-23,4203
11,4111	-25,6486
12,0011	-35,2824
18,4236	-29,2529
17,3094	-19,1605
11,1492	-22,8307
19,2100	-15,7526
6,6928	-16,6702
14,6225	-15,9492
5,3165	-20,1434
4,9887	-10,3785
-0,0574	-9,4610
8,4621	-9,2644
7,1513	-10,1818
-6,9389	-5,7254
-1,4993	-9,1988
3,2846	-12,2789
-0,7786	-13,9173
-7,3322	-1,9898
-5,6938	-4,6113
-17,2937	-13,6551
-11,1988	0,7627
-6,4148	-3,8250
-7,3324	-13,3274
-12,2474	-4,8733
-3,9244	2,1389
-8,1187	-0,2859
-6,6768	-5,0699
-7,5287	-3,6281
-8,0532	0,4351
-5,3659	-5,0701
-6,0871	-10,1817
-1,8272	-4,8734
-7,1357	0,3694
-5,4972	-14,0486
-11,9198	-16,9319
-1,8928	-12,6067
-12,1164	-11,6893
-3,9900	-20,1433
-3,7933	-7,6259
1,5150	-8,6091
-7,4632	-13,3275
-3,7277	-14,2449
0,7287	-9,1331
-2,6138	-5,7251
-6,8078	1,6148
-1,7618	0,0419
-6,4803	-3,8902
-7,9877	2,2046
-7,6599	-6,4461
-7,7911	-4,6766
-1,3031	-2,2519
-8,6431	-6,7737
-11,8543	6,9231
-16,5728	-6,7084
-5,1041	5,5468
-6,2182	-7,6914
-9,3640	-7,6256
-8,5119	6,9231
-12,5096	0,9593
-7,7253	-8,0845
0,4663	0,1076
-6,4802	8,6271
0,5975	-9,1331
3,1536	-7,7567
1,9739	-0,8755
13,2462	-1,0067
4,7921	0,5662
25,6325	-1,0722
5,1853	-0,0235
17,7027	9,0859
2,8261	-7,3636
6,0373	1,0907
0,9911	5,4160
4,5300	12,5595
-0,5164	17,9988
4,6609	3,0567
-7,1355	1,8117
-3,0724	7,7098
-4,8418	2,9255
-12,3129	-0,2857
1,7773	-8,0846
-1,6962	-0,1546
-2,2859	-0,2860
1,7117	-7,0361
5,2507	-0,0892
-3,1379	-3,2351
-0,0577	-1,8588
-3,3999	-6,1841
0,3355	2,7943
6,8236	-3,2350
-3,4000	-15,3591
-10,8053	-12,2789
2,0395	-6,7739
0,4667	-1,7933
1,5806	-14,1796
-1,4339	-13,3276
-3,9900	-10,3131
-2,6792	-21,2574
-2,8759	-12,5412
0,4010	-13,8521
-12,4441	-14,0485
0,5321	-13,3931
-5,3007	-16,5389
-9,8225	-13,6551
-2,5480	-8,5434
-6,2181	-1,0067
-4,2519	-0,7446
6,1682	-7,1670
0,3355	-0,1547
-6,1525	8,5617
3,6124	1,1559
-5,1041	5,7436
-3,9243	11,4453
0,4663	0,6319
-11,0680	-0,4165
-29,2213	13,6735
-3,5313	6,5956
-24,1099	7,8409
-28,6315	0,5009
-26,7310	11,7730
-9,2330	8,8894
-17,6871	2,2703
-18,8667	8,4308
-17,3590	3,1878
1,1874	6,0715
3,8745	14,8532
3,6778	9,8069
4,5300	-0,8754
8,0032	8,1686
9,2484	3,7121
0,4666	4,6297
5,7095	10,1345
-1,1719	1,6150
0,7287	9,0206
-13,4271	7,0543
-7,6599	1,6805
-5,1041	-1,2032
-5,3662	-3,1691
-11,0022	11,0520
-8,0531	12,6247
-1,4995	-7,2981
-0,5821	-1,4652
-10,5434	7,2509
-3,5965	-3,7592
-0,5820	2,0736
1,7773	-4,1525
2,3017	-6,9705
3,6779	-8,0846
11,2801	-14,0484
1,1876	-16,3422
9,5762	-5,7254
4,5956	-18,1117
9,0518	-11,1649
4,6611	-14,3107
5,4474	-6,9051
3,5469	-5,4634
5,5784	-11,0338
-8,5773	2,2046
1,2530	3,3185
1,4496	-3,0383
-2,6138	8,8237
-2,0894	-0,6790
-5,9562	8,8895
-13,8859	10,0034
-5,8905	0,1077
-4,3833	12,6905
-11,3955	16,5572
6,9546	15,5086
-14,4757	8,8240
0,2700	22,8487
-0,2543	2,9914
0,8598	19,2443
-1,3683	17,8678
1,2531	4,6952
6,6927	19,5063
-1,1718	24,2901
-1,6303	1,8769
8,1343	4,3675
-1,3029	-4,2834
1,9085	-6,2493
4,5297	6,3333
-11,3954	-4,0868
-6,0870	-4,4146
-6,6113	-6,3151
-0,6477	-5,7252
-15,9174	5,2846
-6,8734	-20,0123
-12,1163	-9,6574
-6,2838	-3,1696
-12,6405	-5,6600
0,3355	-14,7694
3,2846	-15,4902
-0,8442	-10,1164
6,4304	-14,1796
-7,8564	-18,5048
8,2000	1,4181
0,4010	-4,7425
-3,9897	-14,3759
-5,0384	1,6802
-5,7592	-3,3006
-8,7084	-6,5117
-5,6938	5,4158
-12,0508	-3,4972
-9,2985	-7,7568
-19,6530	1,4180
-9,3640	-3,5627
-18,4079	2,5976
-14,2791	-5,9220
-11,4610	3,5152
-7,9222	-9,7886
-11,7231	-7,3637
-5,4317	-5,9220
0,0077	-10,9026
-16,3106	-9,2643
-1,1063	-1,0067
-10,1504	-1,7933
-6,6768	-6,7739
-10,8712	-0,2202
-2,2861	-3,8903
-17,5559	-1,3342
-8,2497	3,0565
-9,1674	-3,4969
-15,3934	-2,7104
-20,1773	-4,7421
-5,8906	4,3019
-7,3323	3,3842
-13,8204	-17,1284
-5,0385	-8,6087
-1,4341	-12,4755
-3,0069	-16,1455
-6,7425	-0,4825
1,1873	-4,2838
-10,8057	-15,6868
-6,2837	-9,1989
-22,0123	-12,5412
-16,9661	-12,0168
-8,8397	-3,1039
-22,5369	-9,9198
-24,0439	-7,3638
-14,1483	-4,4803
-12,4443	-15,9489
-12,7721	-6,1185
-15,9176	-0,1550
-16,1143	-13,6552
-6,8735	-5,8564
-13,0996	-7,0361
-8,4463	-6,5773
-9,8226	-6,7740
7,6100	-9,5919
-5,4317	4,8259
-1,1717	-11,8859
-0,7129	-5,5942
3,7434	0,0418
0,2701	-1,1379
0,9909	-4,2180
-0,2542	6,1367
-1,8271	0,5007
-1,1717	1,6804
0,4666	2,9256
4,9885	7,1200
7,4133	9,1515
-2,1549	11,0520
-1,8271	6,4646
9,3139	8,4307
-8,6429	12,2974
1,7118	21,2101
-10,3468	7,9063
1,7775	2,8602
-4,1209	9,6759
-3,3345	1,9425
-4,9072	-1,6617
7,6756	8,4961
1,8429	-3,3658
-4,5141	-4,6765
5,0542	-1,2687
3,0880	8,1684
0,2701	14,0011
0,9254	2,8601
-2,4169	8,5617
-4,0554	15,6396
-5,4971	13,6736
-3,0068	8,7586
-8,3808	29,0089
-12,1819	8,0376
-7,9220	20,4240
-11,0677	29,7299
-18,7354	12,2975
0,7287	20,8827
-8,4465	21,6036
-6,2180	18,5889
-5,9561	15,8364
-4,1865	13,8703
-6,2837	12,7562
-0,7787	7,8409
-11,9853	5,6127
-2,1548	19,0475
-1,6962	-3,1037
-0,0577	-2,9070
-5,8248	11,6418
-3,6622	5,4812
-3,9897	-4,6111
9,3138	2,7945
-8,5774	1,0904
5,1852	-4,6766
-6,1527	13,6733
-13,2303	4,2362
11,0178	-1,9895
-10,7402	5,0229
-3,8587	4,6951
-11,3954	10,0036
-0,0577	7,1201
-11,8542	14,4599
-2,7446	11,7075
-2,9412	6,3992
12,7218	7,1201
-0,5163	8,8895
2,5639	12,8872
4,4645	13,6737
8,3966	13,0838
14,2293	11,7076
11,0834	12,9527
12,8530	11,5765
-1,3029	10,0035
-0,1230	12,6903
3,3501	-3,0382
-2,0893	3,9741
-0,3854	-14,1139
3,0879	-8,6087
-8,8396	-3,7594
-4,7108	-18,9636
-18,2113	-7,6915
-11,9197	-10,2476
-15,4587	-21,4540
-7,0702	-7,6914
-19,7185	-3,1041
-11,6577	-9,8543
-12,4441	0,1728
-8,1187	-5,6599
-8,5775	-8,6089
-18,1457	-11,0993
0,0078	-8,4122
-3,2036	-2,5796
1,6461	3,6464
-1,2374	2,4011
2,1705	-2,6451
-7,3977	2,5322
7,4789	-2,1862
-6,1525	-5,9873
-7,3322	-5,2664
-7,6598	4,8916
-8,2498	-2,3174
-9,5604	-3,7590
-2,4828	8,9548
-9,3639	6,2679
-6,6771	11,9040
-10,4124	5,9401
-5,0387	-0,8099
-7,7911	13,0836
-7,8567	10,1344
-3,6623	1,3526
-5,6284	-2,1208
0,9252	-5,9874
-6,1526	-1,5965
1,7117	-8,7400
-2,0237	-18,1771
7,2167	-3,6938
-12,3128	-14,5728
4,2022	-13,6553
2,3015	-15,5557
-3,9899	-12,6723
-0,1886	-10,8371
-2,1549	-6,5119
3,5468	-17,1942
-11,4611	-5,7253
-3,4000	-3,6940
-1,1720	-19,7500
-6,7424	-16,1455
-11,3955	-2,7108
-3,5968	-2,1866
-15,5243	-8,6745
-3,3346	-18,4394
-15,1311	-9,4608
-2,6137	-1,2035
-9,6916	-17,7839
0,9907	-2,7106
4,0054	-13,5241
-6,7425	-9,0019
-2,1547	1,0249
3,0225	-2,5140
10,1004	-1,3343
12,3287	1,1561
16,8507	-6,7082
2,6950	-4,2832
10,2319	14,1976
10,7559	5,4159
13,7706	-2,0551
4,2679	-0,0234
16,7852	8,9549
2,3673	5,0882
7,6102	4,4985
2,4983	-0,8100
5,2509	0,3041
8,4621	2,7944
9,5761	0,7628
4,3990	-12,6720
5,6440	1,2870
10,6904	1,1559
7,1513	-12,0167
1,9085	-0,0236
-7,7907	-1,7277
14,2948	-4,4801
-1,4994	2,1390
2,4328	-2,9729
5,2508	-5,9219
-4,0554	1,8768
-8,3150	-12,2135
5,8405	-8,5432
-3,0723	-3,0385
5,2507	-8,9366
-1,3684	1,9424
-4,2519	-5,1356
8,0033	-12,8032
3,9399	-4,7422
0,7289	-3,0383
3,7434	0,6316
13,0497	-5,1354
13,5082	1,2872
13,3118	5,0882
13,1152	-3,7591
21,5039	-9,5261
16,3921	14,6566
22,1594	15,3773
22,2904	1,6804
24,3220	6,1369
25,2397	9,8068
26,9435	3,7776
33,3661	1,8771
33,0383	6,3335
26,2228	15,6394
26,7471	4,6295
34,2182	-5,6596
25,5673	0,7629
27,0747	-10,6404
18,0308	2,3358
33,7592	0,5007
10,1663	-0,8756
27,7299	-8,4777
8,6588	3,6465
8,9866	-2,9727
15,2124	-1,8586
8,0688	-5,3320
5,7097	-2,8416
10,3625	-6,3804
11,7388	2,5324
-8,9705	2,1391
-1,9580	3,1223
0,5322	8,0375
7,6100	3,7777
0,7942	12,5594
5,1852	13,4115
-8,0531	7,3822
0,4667	11,7076
-2,9412	12,2318
3,9400	16,3607
-5,7592	17,7369
5,9717	20,5550
4,0710	23,8316
-13,1648	13,1493
-0,1230	9,4794
4,0054	16,6884
4,2677	10,5279
-3,7278	20,5548
0,7287	6,2024
-6,7425	-2,4482
7,8720	6,5302
-6,0871	6,1368
3,0880	6,9888
-5,3006	-2,3173
3,7434	-6,2493
5,3164	1,0907
11,0178	6,1368
2,8260	16,1638
9,3141	12,2972
-3,3998	4,1054
2,5639	20,7515
-1,4993	24,4214
9,0519	11,9696
4,2676	22,9143
0,6633	14,0014
-0,8441	19,2443
-5,3005	15,1810
9,9693	18,0646
-0,1232	17,6058
3,8090	7,1201
3,6125	8,1686
10,4281	5,0229
-2,0235	6,4647
13,2463	4,0398
17,1128	1,6150
9,7072	1,2218
12,1323	9,9380
6,8236	7,5132
6,6274	5,8092
7,3480	9,5447
14,1638	-1,8586
-0,9751	8,2340
8,1346	6,3987
10,2314	-10,1162
6,2994	-6,5772
-3,0067	1,2869
7,0202	-16,3422
-5,8904	-13,5896
-2,5480	-0,2204
-7,3977	-0,8102
-5,3004	-9,7887
8,5931	-14,1139
-3,1379	-12,2788
-3,3343	0,8938
2,3017	-10,1818
0,0080	-8,8055
4,5954	-8,2157
4,9230	-12,6721
-1,8272	-8,4122
6,3649	-12,4100
1,4495	-5,9218
-8,8394	0,5662
-6,0214	-0,4169
-1,1063	-0,7445
-6,4146	3,5809
2,4982	8,1685
-8,0530	11,3797
6,1682	5,2195
2,1705	14,0014
-2,1549	12,9528
-1,3028	6,0716
7,2167	15,1810
-4,7108	6,8579
-8,9706	16,2951
-8,9705	8,7583
-15,3276	2,8602
-3,2690	3,9087
-22,0779	9,4791
2,8913	-1,9240
-6,6116	8,6928
-9,4296	5,4159
-19,2598	11,5764
-3,0724	4,3675
-2,0239	7,6442
-1,5651	1,0251
0,7943	1,8771
0,0734	-8,4120
6,8238	0,6974
7,0203	7,1852
17,5717	-9,7229
21,1760	2,6635
19,0134	2,5977
14,0984	-6,3150
20,1932	0,0420
20,0622	-0,2201
22,2904	-0,7444
7,8725	5,8747
13,4432	10,3311
11,5426	7,3819
17,4406	-1,3997
7,8725	9,0861
18,8824	17,6055
11,8045	10,9209
13,4428	8,8894
5,5130	11,9696
6,4960	3,5810
9,7728	-1,5961
-7,9220	15,7708
-1,1716	17,0158
1,2531	11,6420
2,2362	-1,2684
-4,9727	15,6399
6,7582	22,7831
4,1368	19,8341
18,6857	21,0138
7,6102	23,7663
12,2634	15,3122
12,3290	16,8851
18,1615	15,9675
19,2103	15,0500
16,4576	16,0984
15,3438	7,1856
21,9627	10,0692
19,2103	13,5425
22,6180	5,0228
18,7514	8,7584
5,7752	6,5301
10,5594	14,1323
4,8578	5,2192
2,9572	-1,8585
8,7899	5,3504
7,4134	2,8599
5,2510	-12,6065
2,2361	-4,8077
-3,5308	1,5491
9,7728	-9,3298
11,0180	-7,4293
8,5275	-4,6113
6,9547	-14,3105
6,6925	-4,9388
3,0880	3,8429
-9,4293	-4,9388
-0,7130	10,3967
-10,6090	7,1198
-2,0238	2,0737
-12,3786	4,7607
-16,7694	14,5256
-14,4757	16,2949
-8,3154	4,3675
-15,0656	11,8387
-11,1335	15,2465
-18,0802	7,7099
-12,9685	7,9064
-7,7256	13,1493
-18,0149	2,8600
-17,4904	-4,5454
-18,4081	9,1515
-17,2284	-4,4801
-27,3209	-8,2155
-13,9516	-3,6280
-20,6363	4,8915
-6,0217	-5,2010
-10,8058	-9,7884
1,1872	-2,0552
-9,2983	-1,1377
9,7071	4,6294
2,1049	3,1221
-1,0407	8,5616
4,3333	6,3334
6,8237	6,0712
11,2146	-1,7276
10,6901	-7,4946
9,8383	0,4352
2,0394	3,2530
-1,9582	-8,8712
-0,6475	-16,5386
1,0563	4,8915
-13,5580	-0,8105
-6,6113	-16,9975
-5,4972	-1,7932
-9,9537	-13,9174
-6,9391	-10,5094
-11,1333	-2,7763
-10,2158	-3,6282
-5,8907	-0,5481
-10,0849	-6,9052
-12,5098	-9,9197
-16,9007	-12,6066
-21,6849	-6,3808
-20,0464	-19,9466
-24,6340	-4,7424
-29,4836	-4,8736
-22,9300	-11,8203
-17,6217	-12,1479
-24,1098	-12,0169
-27,5176	-12,2790
-21,6848	-16,1457
-18,3425	-10,4440
-17,1628	-6,3809
-18,7356	-8,1504
-3,3346	-12,9344
-0,5823	-15,5559
-11,1988	-13,1964
-4,4486	-15,2280
1,7117	-5,3975
1,1218	-2,1864
-8,6430	-0,0891
-6,2182	2,1391
-8,3808	7,3165
-13,2304	3,3187
-0,7132	5,8091
-13,4926	-1,3342
-4,1209	3,1222
-5,4316	3,2531
-2,8102	0,8940
-0,3853	3,4498
-5,1040	-2,5794
5,4474	0,1730
2,4981	2,0734
2,8260	-6,3150
-2,0237	-3,8247
2,2362	-9,5919
-0,9095	0,0418
11,6734	-9,0022
8,1999	-12,2133
11,0181	-3,4972
10,1661	-10,5751
21,7003	-16,2767
8,0690	-9,4608
12,7220	-6,4464
11,6079	-15,9491
7,0859	-17,3252
10,2972	-13,0654
4,0055	-13,1965
-4,3828	-10,8372
3,1537	-14,1796
5,0541	-7,8880
-2,8758	-4,4802
4,5298	-4,1525
-4,5797	-6,6428
0,0734	-0,6134
3,4156	5,3504
2,0394	0,2386
-4,1208	-2,8416
8,1999	2,5324
-3,7277	10,2656
0,7943	10,1344
10,8868	1,8115
-10,4779	7,9719
-2,9411	3,3843
3,0880	1,5493
5,8406	4,2362
7,1512	0,2385
6,5615	-6,6427
2,9572	-7,2325
19,4722	0,3695
6,0374	-5,9220
13,7708	-11,0336
18,3583	-5,5943
20,5863	0,9592
16,3268	-10,2474
14,7537	-3,2349
20,4553	-8,1501
11,0180	-8,0191
6,2342	0,8283
1,9084	-1,8587
10,8215	-0,6134
-0,9752	-3,9558
9,2485	1,8769
5,4472	-3,6281
-0,3853	5,2848
-0,0578	4,1050
-1,4996	-3,2349
-8,9707	-0,4168
-0,4510	-6,9050
-11,8543	-19,6843
-6,2837	3,1221
-13,4926	-0,1548
-0,3855	-9,1987
-4,2520	-9,0020
-5,8250	-6,9048
-1,6960	1,0250
-8,5775	3,7119
0,0079	0,3041
-5,1696	8,6928
-1,3028	9,6758
-9,7571	4,4986
3,6124	12,3629
-6,9391	9,0205
-0,2544	18,6543
-9,6915	6,1369
-11,1989	2,3359