-24,3125	-9,5468
-20,7738	-2,7967
-18,7420	-12,7582
-16,9726	-12,0372
-19,7250	-2,6655
-19,6595	0,4146
-15,2031	2,2497
-25,4267	-11,0541
-12,7783	-3,4519
-18,9387	5,0676
-19,7907	-9,6779
-19,0041	-4,5005
-12,3197	-1,6170
-22,3464	-4,7627
-10,2223	-8,9569
-2,1613	-8,2360
7,4070	-1,7480
9,3078	-5,4835
10,8151	-0,5028
18,7452	-7,3841
19,4004	-0,7649
18,0899	1,0699
14,4198	-9,0881
22,5462	-6,2044
7,8662	5,0022
14,0920	4,9366
4,5893	1,6600
18,6795	6,9684
8,2594	13,9806
25,0367	-4,5660
31,9180	-5,0902
33,8841	-3,1898
36,9644	-8,3017
29,7552	-12,8892
26,8062	-13,3480
29,4274	-9,4812
25,8230	-6,5323
18,0243	-8,1050
29,6242	-5,6801
26,3474	8,9344
20,9079	-0,2407
18,2209	-2,5998
9,2423	-1,0925
1,9024	0,5458
7,8660	-3,5831
7,0141	-10,8575
8,8489	-12,4960
3,4751	-10,3989
7,4071	-21,3435
9,8321	-28,0937
6,0309	-33,4022
6,8175	-26,1934
3,1474	-27,3731
9,7666	-38,1865
-1,3091	-22,8509
10,2909	-17,3461
-3,1439	-17,8047
13,0434	-17,4769
6,2276	-13,8724
8,4558	-16,8215
-0,8503	-12,5617
7,9970	-20,1638
1,7056	-18,3943
-2,5544	-6,4014
2,2954	-18,4599
0,1981	-17,4767
4,7858	-6,6633
7,6694	-4,6316
15,4683	-1,2237
10,0943	3,2328
10,6841	10,2452
-7,2728	16,0125
-2,4888	13,5877
-23,4604	10,5077
-11,2052	25,0565
-16,9725	10,1141
-15,1376	-2,0754
-13,3679	-5,4179
-4,9139	-0,8305
-2,1612	3,8224
2,8195	-11,5129
10,2908	-3,7795
5,0480	5,7231
24,3812	-5,0248
15,7959	-1,7479
13,7645	-1,2237
12,3228	5,9853
29,6898	1,1357
23,7917	3,2985
42,6661	13,4565
41,5521	10,1142
54,5282	8,8035
51,1205	12,6046
53,6107	11,6871
51,7103	14,0464
43,2559	11,6872
38,4064	17,0611
37,3576	15,3573
42,2073	20,2069
33,0977	26,2363
44,6977	34,8217
36,7678	47,6013
54,2004	64,3786
33,9499	63,0024
40,8313	63,3958
24,1196	69,7528
35,0638	68,2455
16,9757	68,7699
20,3835	71,6537
14,1576	83,1879
13,1089	75,1925
12,4537	70,9327
-3,6685	65,5586
-17,2344	61,8229
-30,6698	54,2861
-45,6778	41,1791
-76,0868	53,4998
-76,2835	59,8565
-97,0587	45,4386
-94,1095	40,0648
-103,5468	25,5811
-104,5299	16,2749
-120,4553	-3,4517
-118,5548	-21,6053
-124,5842	-23,2441
-124,1257	-37,3347
-131,5311	-65,1876
-131,1380	-75,5424
-126,9437	-80,5890
-129,7617	-95,1384
-113,9018	-123,7776
-109,0522	-137,9990
-88,6046	-140,2931
-82,9684	-146,3883
-57,5400	-177,9113
-42,7287	-179,1564
-20,0530	-182,3680
-19,5940	-178,6324
4,3269	-183,6788
6,2931	-176,4697
30,3451	-168,6054
42,8626	-165,1319
61,0818	-173,7170
76,6142	-157,0052
93,5226	-135,7060
108,3341	-135,5092
116,8539	-131,6422
129,3716	-108,4422
130,3547	-86,1599
134,8769	-81,4411
142,5446	-74,4939
154,1445	-57,4544
137,6295	-33,7304
150,8023	-35,8928
134,0905	-19,3119
142,8722	1,0044
124,8497	18,7649
121,3761	34,3627
108,2690	49,3708
105,1230	59,0704
89,5908	73,8816
77,0076	65,0343
60,1646	62,6750
36,1781	57,6286
24,5125	57,3663
-1,6368	37,3776
-22,8052	27,4160
-57,5397	15,2917
-75,9556	9,7863
-106,4958	-21,6055
-115,6057	-32,7468
-150,6678	-47,0996
-170,0012	-80,5890
-191,3663	-106,6070
-219,6129	-148,4849
-251,5292	-159,2333
-280,1035	-198,8832
-309,2017	-241,7441
-332,5986	-279,6900
-342,5603	-316,1288
-372,8383	-365,9368
-382,0136	-403,4895
-411,1773	-447,2683
-405,5414	-484,5588
-425,9889	-526,1750
-429,1346	-580,8324
-425,9888	-614,8464
-414,1269	-657,3801
-411,9641	-708,1710
-396,4975	-740,2187
-394,1379	-771,6766
-371,7246	-808,0496
-361,2385	-839,6384
-339,8080	-865,1322
-310,9718	-884,1380
-288,7548	-895,7381
-246,6801	-894,5587
-225,0529	-903,7337
-186,3860	-892,2648
-167,9699	-882,2379
-122,7494	-877,4535
-94,1754	-859,8896
-55,3776	-833,6093
-36,7648	-796,7122
5,4410	-776,0679
40,3722	-747,5590
63,9655	-691,6565
90,3115	-667,9976
109,5136	-632,3452
123,0144	-582,7995
122,3591	-540,2659
130,0270	-493,5381
122,3591	-445,7616
121,8350	-403,0313
114,2982	-339,7884
122,7524	-310,6897
111,0869	-268,2871
126,9466	-223,0668
105,9095	-189,8395
104,3367	-157,0055
86,2485	-126,2685
82,3816	-94,3519
58,5264	-56,9305
47,8437	-38,5799
38,9307	-5,2216
27,4616	22,6315
26,7407	31,5448
7,2761	49,8295
-6,6176	52,3856
-33,8809	71,6533
-51,6414	76,3064
-84,1477	83,6468
-94,1749	99,3101
-114,0983	117,3324
-133,6937	110,3202
-142,5412	99,2447
-142,0828	91,7080
-159,4499	86,0061
-161,7437	70,6705
-156,3042	52,0581
-157,6807	47,0771
-162,7266	37,5741
-144,0490	15,0950
-145,1630	-15,4449
-141,8863	-27,5037
-131,7935	-34,8441
-134,1528	-56,6680
-115,7370	-72,9209
-121,5695	-81,4410
-100,5322	-88,2571
-97,2554	-127,5133
-80,7403	-132,8874
-85,3931	-147,4367
-68,4846	-151,7622
-53,3456	-167,2289
-41,6802	-170,7023
-30,6043	-171,4233
-22,8709	-171,8166
0,5911	-171,1612
1,3122	-176,0764
22,4807	-166,1804
22,4807	-161,5273
39,3894	-155,3012
43,4527	-139,7035
54,3319	-129,1521
58,9195	-115,6515
74,3204	-111,9812
73,2065	-88,2570
87,1656	-76,5914
82,6439	-60,6004
92,1465	-50,0489
90,2461	-45,0680
93,4572	-26,7832
83,2337	-20,8194
75,6313	-16,0350
72,6166	-5,6146
57,3464	10,4418
46,2708	12,6702
28,3137	22,6974
26,2164	27,6126
10,0289	42,0305
2,7542	34,8872
1,2468	42,6863
-4,1929	63,8544
-11,8604	69,2282
-9,5668	53,4343
-13,5644	61,2332
-7,6010	68,5730
-8,9116	50,4852
-20,2494	51,6648
-11,7951	42,6208
-11,4676	45,8319
-5,7002	45,3731
-17,0380	31,4794
-0,7194	36,1325
-18,8076	34,9526
-16,9068	26,6951
-26,8030	20,7969
-21,2980	20,9280
-24,1161	25,2533
-16,5794	21,0590
-19,6594	19,1584
-3,9964	13,8499
-3,7342	18,5684
-0,5884	3,3640
-1,6368	3,1019
8,4558	4,9368
16,3201	-1,2892
8,6524	-3,3865
12,9124	-12,4960
5,9655	-11,3163
16,3201	-6,2046
7,8659	-8,6294
12,0603	-18,5252
7,5384	3,1015
19,9903	-7,2532
16,5825	-7,1875
26,9371	-12,0372
16,4515	-6,0735
17,7622	-4,8285
25,9542	-24,6858
20,9078	-25,9964
18,7453	-20,4260
24,5778	-26,1933
16,8446	-30,5840
6,2932	-18,0012
5,9654	-10,6611
-7,7317	-7,3843
-0,2606	-5,1559
-15,0061	-2,0756
-5,6999	3,8226
-7,8627	-4,8938
3,5406	-5,0249
-7,3384	-7,7773
2,9508	0,4802
1,0503	-0,4373
7,5382	-3,6485
2,6887	-0,6338
5,9654	5,1333
4,0648	-6,5976
5,3101	-9,2189
17,0410	-1,7480
2,9507	-8,1050
11,2086	-10,0058
8,1937	-21,4090
16,3857	-14,7243
4,9169	-3,3868
11,5360	-8,4985
-3,2751	-12,8236
2,0332	3,4948
-4,3237	6,8372
13,5019	7,8858
1,3123	9,1967
8,7180	23,0903
20,4489	16,7332
22,7426	1,0047
13,3711	-0,1750
10,8154	4,8055
23,9224	-8,1052
10,4876	-16,8868
13,8955	-12,8236
3,1475	-8,6949
9,4387	-6,4012
-10,6153	-6,7943
-6,2900	-1,6170
-14,4820	-5,0905
-9,9601	-4,1073
-17,1690	-11,7093
-12,9093	6,6406
-14,3510	2,6429
-19,3973	3,4294
-5,3069	-9,0224
-5,3073	-0,8959
-2,8822	5,5920
-9,7635	5,1333
-8,7803	3,6262
-12,7781	20,5344
-12,8437	13,3910
-13,8267	9,7211
-11,5330	12,0149
-12,9092	20,0102
-9,9601	14,0463
-15,0061	7,3617
2,8850	10,1799
-10,4844	20,2067
-7,2075	24,2700
3,0162	16,6681
2,0331	21,9109
16,5169	19,8138
15,0093	19,4205
15,7306	9,9832
14,2231	5,9856
19,3351	21,5830
11,6673	7,6894
24,9057	11,6218
21,6943	16,7334
25,8887	8,2794
20,2526	10,9008
16,1893	9,5244
11,3396	12,5391
15,6647	17,3887
13,3055	11,5561
14,7472	15,6849
19,9904	20,2069
27,7234	22,4350
20,1216	14,6362
21,4979	1,2669
31,3282	7,2962
20,4491	9,8518
21,1701	-6,0079
12,8469	-8,9570
13,8956	-10,6609
11,9949	-2,7966
8,1283	-0,8961
12,2572	-4,8938
20,2523	-3,0587
13,8300	8,0169
14,9440	-2,9932
5,0481	-0,4371
-0,5226	13,4564
0,1983	1,7910
-1,0472	3,3639
6,9483	-1,2236
-3,4064	0,9390
13,3054	-3,5175
-2,2920	-7,4497
6,9485	-7,9740
-1,8988	-4,3041
4,7858	-21,5400
0,7226	-18,8529
10,1597	-2,9278
8,3248	-4,3041
9,4387	1,9876
7,7350	6,8373
14,6816	15,2260
12,5191	24,9253
12,1914	19,2892
22,4806	12,7358
6,2932	16,9300
13,2403	7,7549
7,4729	2,8397
14,5508	-2,7308
10,3565	10,9006
11,2740	11,7525
8,8493	7,6238
16,6481	11,0318
15,6651	21,3209
23,5292	11,2939
14,8131	15,8160
14,0264	16,8645
10,0943	24,4667
2,7540	18,0441
-0,3916	13,7843
2,2296	9,1968
7,4070	14,8328
-2,1612	7,7548
4,1960	-1,0270
4,5892	-5,0248
11,4050	1,7908
3,9340	-8,0397
12,9780	-15,1173
11,8639	-11,6439
16,9101	-0,8961
16,0581	-8,8259
11,2740	-6,2044
12,4536	0,7422
5,3755	-7,6464
-1,0468	-17,8045
1,6399	-13,1513
7,0139	-12,3651
0,9190	-10,9889
8,6524	-22,5231
-0,4571	-18,9841
10,9463	-5,6804
1,5089	-10,8577
6,2932	-14,8552
2,3610	-4,3039
5,3101	1,0044
3,6062	-5,0249
11,8636	-9,8745
-2,2922	-7,5807
0,1327	-0,5685
-4,8481	-2,6002
4,5235	-20,1637
3,0817	-9,6124
-4,1927	-3,0590
7,4072	-13,2170
5,1134	-15,0517
12,0604	-0,9616
17,6966	8,7376
30,2795	-1,4204
20,3183	-6,7942
36,7677	2,5119
23,9882	-2,2069
24,7090	-9,1536
8,7838	-9,5468
17,0411	-9,6779
9,3733	4,4122
2,6229	-6,5977
-2,6853	2,3154
-4,2585	10,1797
-7,0109	11,9491
-8,5838	5,6577
-8,9114	3,8228
-14,7441	8,0170
4,5234	5,9198
-10,0911	-6,5320
2,2298	-0,6994
-2,4232	2,9050
12,9121	-5,0248
-1,7679	-4,8935
2,3609	13,2599
-2,8819	14,2428
4,4579	14,5050
3,2127	9,3277
-1,9646	1,6600
11,8636	-0,2406
9,3732	-6,7288
18,6796	-15,0519
12,6502	-6,9256
23,3983	-21,4091
13,6988	-15,5108
11,4707	-22,4577
1,5092	-18,5254
14,2886	-4,3697
0,7226	-16,8215
8,2592	-9,2190
4,4582	11,6214
6,0310	19,4202
5,5723	18,3063
9,4389	19,6827
10,5530	24,4012
14,0918	20,8623
6,8175	19,5515
2,2953	13,6531
9,6355	8,7378
5,8998	-2,3378
5,6378	-9,0224
9,3734	-7,5807
20,2524	-2,1414
14,9440	-9,0227
23,6605	-19,3773
22,6774	-16,8213
15,4684	-9,4814
12,5193	-7,9085
15,7304	-12,3649
11,0119	-9,2846
8,8490	-3,5831
10,8152	-18,7220
4,9167	-23,1129
2,6231	-21,8023
-2,0956	-13,8725
5,9653	-17,5426
-16,5136	-13,0859
-7,5351	-7,0565
-13,4990	-2,6000
-3,1443	0,8079
-14,4164	-4,1729
1,5089	-3,7796
-5,1758	-1,8136
-2,4889	-10,5955
-7,7972	-18,8530
-2,2923	-22,5231
1,1811	-16,2317
-4,1273	-21,9333
3,4749	-14,0689
-6,4210	-7,9085
17,6965	-5,2214
9,5043	-3,7796
18,3520	-6,4009
15,9926	7,7548
14,7474	0,4801
-3,1440	-8,4326
-6,7486	-11,3817
-16,5792	2,5119
-12,2540	-1,3549
-23,7227	-12,1027
-13,4993	-6,0078
-17,3001	-2,6655
-9,4359	-8,0395
3,2127	-8,7602
2,4262	-3,7797
4,5236	0,3491
1,4434	-7,8429
7,3417	-14,5931
-5,3068	-9,3502
5,8344	-2,3380
-6,6830	-13,3480
6,2276	-9,6779
-5,1102	-1,4860
0,7881	-8,8260
-7,0107	-4,1729
3,8681	-12,6925
1,8366	-6,0078
10,0286	2,7739
5,1135	-3,9106
14,0264	-6,4008
12,8469	9,3277
15,9925	4,6745
13,0435	-6,4667
8,7180	-14,9863
3,1475	-10,9888
-0,0640	-19,1154
-4,5861	-15,0521
-20,6422	-17,7390
-4,3239	-6,0081
-7,9939	-2,2726
0,5913	-15,1175
4,1960	-9,9401
14,6817	-6,3357
23,1360	-10,0713
21,6286	-18,1975
19,9906	-5,6147
25,0367	-7,8431
22,0876	-22,1954
13,5022	-21,2778
25,1677	-15,3141
5,5067	-14,6588
17,3033	-19,7051
8,5869	-14,0689
12,0604	-13,0203
5,3758	-6,1391
12,6502	-12,2994
3,3441	-8,3671
3,4094	2,8393
-6,4210	-9,8090
-12,9092	-13,5444
-14,1543	-2,3377
-6,3557	2,2497
-8,5839	3,4949
-9,6325	-8,2360
-5,4382	-9,3501
-17,3003	-0,3062
-13,0404	-10,7267
-29,1623	-14,9209
-15,6619	-16,7560
-28,9002	-7,5154
-20,1183	-14,9865
-27,7203	-19,6394
-11,7951	-7,3841
-11,9916	1,7908
6,6860	-9,5467
-5,8311	-8,7601
-1,5713	-1,2236
5,9655	-1,6824
1,5087	-2,2723
1,5745	-11,4472
-8,5182	5,1988
-1,1781	2,7083
-15,8585	-10,6609
-13,8923	-5,9422
-25,8199	-3,8452
-19,9218	-3,5830
-31,6526	-4,7626
-18,4144	0,2838
-14,4822	7,5582
-5,9624	6,9684
1,6400	0,4149
15,9923	4,3471
7,3417	7,8858
12,6502	-0,2407
18,8106	-14,0031
14,5508	-1,7480
28,1823	-6,7944
18,1553	-8,3673
27,7236	-14,2654
11,7983	-10,2021
25,6921	2,3152
17,6966	-3,5175
25,8886	-8,6947
7,4730	4,0848
19,8593	-0,2407
9,9633	-2,0101
11,8637	-3,7795
7,4728	-2,0756
3,6716	4,0847
-3,0130	0,8735
3,0162	4,4781
1,0500	10,1141
-5,8968	16,5367
-0,5882	12,9977
-2,8166	14,7019
-0,2605	22,3696
-7,4041	29,7096
2,1642	24,2703
-9,1735	25,7121
6,4895	25,9741
-6,8797	16,9955
8,3902	1,5946
-4,5859	9,8520
2,3609	11,6868
1,5090	0,2180
4,3923	-2,4033
-3,0786	-4,4349
-0,9815	8,3446
7,8005	0,2836
8,2590	-3,5829
13,4367	-8,3015
0,8537	-1,9446
12,1260	-8,3672
8,7180	-17,4112
4,8512	-12,7580
-7,1417	-2,7312
3,5405	-8,5640
-8,4524	-19,7704
6,0308	-3,7142
0,0016	-12,5616
9,4387	-10,8575
5,4412	-9,2190
2,2954	1,5289
6,5552	13,3252
-3,5375	-4,7626
-9,6979	-2,6653
-22,2154	7,0995
-16,4482	5,7887
-26,9996	6,8374
-20,3149	13,9153
-21,2324	22,1728
-6,2246	21,7795
-10,2221	12,6702
-0,5227	19,8793
2,8852	20,8622
6,9483	17,1922
-3,6028	14,3742
-3,0787	14,6363
-2,2922	17,3232
-2,0958	11,1628
1,8366	0,5459
0,7880	1,8567
16,7134	4,2812
12,2570	-11,6441
23,7915	-21,0157
9,8323	-16,0350
23,6604	-16,1661
1,7057	-6,1391
2,1645	-9,6124
-5,4378	4,2814
3,2129	8,0168
1,3124	-2,3378
4,3269	-0,1095
-0,0638	5,5920
10,5528	-4,6316
0,4604	-12,9546
5,8342	-11,3164
4,1304	-14,9865
-1,6368	-19,5086
11,0772	-24,4236
3,6716	-10,5956
17,4342	-6,9256
0,3294	-12,6927
10,0944	-11,3163
-2,0954	-12,3649
4,3926	0,9390
-1,9644	3,2981
2,8194	1,9221
-7,0107	11,2284
-0,0641	18,9616
-1,6368	16,6678
2,6229	12,5391
3,4094	15,0294
3,0163	11,0971
12,9124	4,4779
7,6039	-0,6339
15,6650	-6,6633
14,0919	-2,6655
6,5553	0,9388
4,6547	-9,6122
2,9507	1,2667
-4,9791	9,9175
0,7880	2,7085
6,8829	7,2963
9,5697	19,1582
4,6548	20,9275
13,7643	4,7403
16,5168	8,2793
15,8614	13,1287
14,8129	-2,6656
8,6525	-11,7095
14,2231	-12,1028
2,6231	-16,2972
6,1621	-8,4329
-4,7826	-15,2486
3,0163	-9,8089
-7,3384	0,6767
10,4218	-2,7966
-3,2096	-9,5467
7,0140	-1,2236
8,1282	-0,7650
14,0263	-5,2870
11,7982	-11,3162
15,8613	-0,6994
16,6479	5,9196
9,9632	-10,4642
23,0049	-2,2066
9,5699	6,5752
13,3057	7,6236
7,4729	-3,1897
11,6017	2,4464
9,8322	-2,4690
11,2738	-8,7603
-0,2603	-10,9231
14,6163	-12,7582
14,0919	-6,0736
7,7350	-16,8871
8,2595	-20,2294
11,7327	-22,5887
21,0390	-14,3311
15,4682	-9,6126
16,0582	-22,5232
12,2568	-17,3456
9,1768	-8,1708
2,8197	-19,3775
13,6332	-32,7467
5,1136	-35,3027
14,4852	-23,2443
-1,1124	-23,5066
0,7227	-34,1888
-2,7509	-24,0961
-3,7341	-13,6760
-6,2243	-14,0691
-0,7196	-18,1976
-3,7341	-4,2384
-5,3070	8,7377
-2,7511	0,7424
-4,7827	8,0826
0,4603	9,4588
-4,3895	16,0124
4,8512	9,5898
-2,1613	6,7719
5,6377	8,6069
0,5259	8,6069
10,2253	3,4295
8,5870	2,1843
15,1406	1,6599
12,3227	7,8857
12,8468	-6,4666
6,6210	-8,2358
6,2276	15,1604
-0,2605	20,2066
3,9992	16,0781
4,8512	17,7822
0,9845	26,9572
2,8197	21,7797
-2,6853	-0,8302
9,7010	-0,6335
3,0164	5,0024
16,8446	8,1479
8,0628	-1,0925
13,3711	6,8373
1,9024	10,5073
7,9315	12,2113
4,1959	9,2623
2,2952	10,7696
0,7880	10,7697
-3,9307	7,7549
-3,7339	4,8057
5,1788	2,0531
1,9676	-2,3379
-5,0447	-6,7943
7,2106	-13,2825
-1,8335	-11,7095
7,1451	1,8563
1,0502	-15,3797
10,0943	-18,5251
0,1328	-4,9593
1,7056	-5,8769
-1,4401	-12,7581
2,2953	-10,1366
7,6694	-4,8937
12,1913	-0,3719
16,1237	-15,2485
18,4829	-18,3286
18,2864	-15,1175
7,7350	-17,6079
10,0287	-29,2733
-8,3871	-21,2779
-0,8504	-20,6226
-11,5984	-21,2781
0,9845	-22,0644
-10,9431	-21,0813
-9,3046	-2,8623
-15,3339	-3,3210
-10,9431	-4,3037
-4,0617	14,5053
7,7347	20,0102
13,1089	16,6680
16,9755	16,4714
17,7621	21,2555
19,0071	16,6679
18,6140	20,0102
15,8614	21,1244
18,4830	21,7142
11,8638	24,5322
24,6433	12,3425
13,3056	10,5076
15,4683	15,0294
5,9001	5,3300
6,6864	-1,2236
3,5406	-3,1241
3,5405	10,3762
0,8537	2,2496
3,2783	-1,2892
-5,6345	2,1187
-2,7510	0,8737
-2,8822	9,5898
-17,3001	2,3153
-6,0933	5,7232
-15,3995	0,8735
2,0331	-6,5320
-6,3556	-1,6171
-4,8482	-22,4574
-8,3215	-9,2192
7,2759	-5,8114
-5,8967	-13,4790
1,7057	-2,6656
6,8175	-2,3379
12,7156	-1,4201
2,3612	8,8690
10,2909	17,4542
12,1914	24,6633
6,8174	26,5639
7,4073	22,7629
4,9824	21,8455
18,1553	30,5617
6,0310	12,3426
15,4028	19,4206
9,1769	16,0124
9,5044	16,7334
-9,1079	11,8837
-13,0401	1,3324
-17,1035	12,8012
-11,4675	8,7378
-16,1205	-7,4497
-8,6495	-13,3478
-6,6833	-3,6487
-10,4845	-8,9571
-16,6446	-0,7648
-5,2414	7,0340
2,6885	17,7819
1,9021	14,1119
14,5507	11,3595
8,5214	4,0850
18,3520	5,2645
12,6503	-0,8304
23,0707	-3,9762
11,0775	0,4147
15,0096	-3,2553
1,4436	-5,7457
-1,3747	-3,6485
3,2784	-8,2361
5,9652	-9,8090
1,9023	-15,8384
13,9609	-15,1175
18,9417	-15,1176
13,6333	-11,2510
24,4469	-16,8871
10,4876	-9,6780
27,9203	-6,7944
13,0434	-0,2408
14,6818	-8,0394
-1,1123	3,9537
11,1430	3,6917
7,7351	16,0780
15,3372	14,5052
4,5894	20,2068
18,2863	16,0126
10,7495	22,4350
3,8682	7,0341
6,2932	10,6387
8,3902	17,0609
19,0071	-1,6167
8,4557	2,6431
9,9631	-2,0102
-7,0763	-4,2383
-2,9476	1,7910
-18,6106	-4,9592
-1,7680	0,8081
-15,8584	21,4518
-5,0449	13,3909
-18,9384	10,6387
-9,4358	13,3910
-9,8945	19,0271
-14,4821	12,0147
-5,6346	-4,1071
0,3946	10,9008
9,5043	20,0100
6,9484	8,3448
18,7451	14,3087
9,7010	17,9786
18,4830	4,7403
2,8853	0,1528
8,3249	1,1357
2,4921	3,3639
6,8831	4,4123
1,1814	-7,3841
9,3733	-13,4789
-1,9644	-4,2387
-0,2606	-12,6929
-6,0931	-20,7538
6,0308	-16,5594
4,1958	-16,1662
2,8852	-11,7097
20,1213	-19,6395
13,2399	-16,0348
18,0898	-2,4691
21,2355	-14,9210
25,4299	-9,6123
18,2864	-1,4205
18,0242	-2,6001
-3,7337	-1,8136
-0,4571	-6,9253
-17,9553	2,5120
-16,0549	10,0486
-16,3826	7,2305
-12,5815	6,2476
-1,0470	4,7403
8,5211	4,9368
5,9654	-3,9107
2,2953	-12,2338
1,5090	-3,5176
-6,2245	-12,5617
-11,0086	-15,2486
-20,9702	-22,8507
-11,3365	-2,9277
-24,2471	-1,5516
-6,1591	-7,0563
-14,8753	0,3494
-7,9939	17,3887
-7,1418	16,9955
4,2614	17,1922
3,9992	13,5222
2,2954	18,3718
6,8830	12,6045
9,3733	4,2159
11,1429	6,7719
9,8977	9,3932
21,8909	8,0170
11,2084	7,7549
20,7768	7,4272
12,3882	12,6700
18,6141	3,1017
11,5362	-4,8935
15,3373	3,2328
8,3249	-0,1096
17,2377	-2,5998
7,4075	5,7232
24,1846	12,7355
27,7892	13,4563
32,1800	-4,1072
33,4254	-1,6168
25,0367	2,3153
28,5756	2,1186
12,3881	3,2983
19,0728	-5,1557
5,5723	8,2136
15,5993	9,6552
1,3125	-8,8914
16,3856	-5,5489
-1,3089	-0,5029
13,7643	-5,8113
-0,0638	-3,1899
1,3779	-9,8089
-2,3577	-7,6463
2,9505	2,3152
-5,8312	-6,5978
-7,0108	-7,5150
10,2907	-2,0757
0,7223	-7,2531
17,6963	-10,8574
2,8196	-4,4350
14,8784	1,2666
1,7712	1,9220
12,9124	-0,5683
-2,2265	-1,6823
9,1768	4,2157
-5,3723	-4,2384
3,2784	-11,3818
-2,0301	-9,8745
3,2128	-10,2678
11,9292	-13,2170
16,3201	-20,0327
24,9056	-16,9525
20,0558	-5,2217
20,4492	-20,0984
11,2740	-12,2993
16,9101	-0,6339
4,9823	7,4925
5,1136	2,6430
7,6039	7,0340
11,4052	21,1898
14,0922	13,1288
19,6627	6,8374
16,8448	3,0363
28,0512	5,7887
15,7306	-7,9083
16,7791	-3,9107
15,2718	-10,9231
15,9925	-15,3797
7,9971	-12,2995
0,3293	-20,8847
-3,5373	-20,7536
-0,9161	-7,5810
1,4433	-24,6204
-1,5712	-27,3726
5,3101	-17,0836
2,0989	-14,5277
8,7179	-16,3627
-0,7848	-21,3434
2,6885	-15,1173
-7,7971	-5,6148
5,8342	-5,9424
0,2637	-8,3671
6,4896	1,6598
9,9632	-10,5954
9,5043	-11,8405
21,4975	-7,1876
16,1890	-8,4983
12,5847	-6,9254
9,2424	-7,5151
19,1383	-2,1412
12,2571	6,9683
16,9758	-5,6146
11,6018	-4,5003
16,7136	5,7232
16,3204	10,6383
21,3666	10,0485
17,2380	-1,6823
22,1531	2,9052
15,7961	2,0530
14,9440	-8,3672
15,5994	-15,5106
13,8953	-7,7775
14,7474	-8,3019
7,2107	-10,7922
22,0875	-17,3457
11,0118	-13,6102
14,2887	-10,4646
12,0604	-18,3944
9,1768	-17,9354
-3,7338	-1,5516
2,4920	3,6913
-0,3915	-2,0101
2,2951	10,3764
-10,4187	11,9491
0,5911	17,7165
-5,2413	12,8012
4,3268	10,9664
3,2128	16,5368
-0,4573	10,8351
2,2953	1,0047
-11,0087	-0,0438
-7,8628	4,6746
-13,1713	3,4294
-5,9622	1,0046
-4,3893	1,9221
-1,1125	2,9706
-6,8141	0,6113
-4,5860	-0,9616
-10,3531	-6,1390
-7,9939	-4,8938
-11,5329	-4,3696
-9,6324	-3,7797
-10,6153	-4,5660
-2,8821	5,7231
4,7857	4,5434
-0,5227	6,3131
-2,0300	5,7233
-9,8289	15,8813
-11,5984	7,8859
-23,6572	7,8861
-22,2154	19,4202
-29,7520	6,7063
-16,8414	-1,3546
-15,7928	0,0216
-3,0134	3,5605
-10,8776	1,2011
-6,1588	-4,3038
0,8535	4,2160
3,2128	11,5560
2,5575	13,2600
-5,9623	17,5199
5,4411	14,2431
10,8149	11,9493
10,5529	-1,0271
14,9440	-16,6246
23,3981	-17,6733
4,9170	-12,5616
10,7498	-11,4475
3,2785	-5,2870
8,0626	4,3470
7,4729	18,2406
9,5043	9,5901
13,5023	19,8793
6,5553	26,2362
13,5022	13,3912
1,5744	12,3426
6,8830	12,0149
2,0331	8,7380
-0,7848	10,6384
5,4411	1,8567
10,3563	5,6576
1,1158	6,7717
4,8514	7,0338
-0,9813	4,3468
-3,7340	-3,7140
-7,9938	0,9391
-2,0957	5,0678
-7,5351	-0,6338
-0,6539	3,1019
2,8197	17,8474
12,2567	9,0656
3,5406	13,7846
3,2785	22,5007
15,4028	24,2701
10,5530	22,5661
17,1067	6,3132
3,9994	11,7527
9,1113	-0,7649
4,2614	-3,3863
3,2784	2,1844
1,9677	-2,9276
10,7496	4,4124
8,3249	-5,7458
22,4151	-12,9545
16,4515	-14,2654
22,4808	-8,3018
27,8549	-14,6588
24,7744	-19,6394
15,6651	-9,2191
12,7814	-2,1413
17,6309	-7,7117
-9,8287	1,7910
2,0332	1,6599
-17,6932	-0,1751
-8,1906	4,4780
-23,5261	5,5922
-17,8243	17,1922
-21,4944	17,7820
-7,5354	13,7188
-18,6108	23,4838
-13,6957	15,3572
-2,4233	10,7041
0,6567	9,2623
9,2423	8,2135
8,9802	-0,8960
25,1677	-7,6463
20,9733	-12,8893
19,5316	-18,8530
9,1769	-16,8869
9,8322	-11,7096
-3,9304	-16,5594
5,0480	-17,8045
-3,0130	-8,6295
4,4581	-18,6566
-4,5203	-14,6586
0,7880	-1,2893
2,5576	7,8202
12,4534	6,9028
11,4049	0,1528
7,0140	5,9853
13,3711	-2,7311
2,0987	-15,3141
0,7226	-19,9672
-0,5228	-14,1346
6,5551	-6,8600
-1,3748	0,3490
1,3122	-6,7287
-3,5374	11,6871
1,6399	16,6677
-7,5351	4,1505
-3,6028	3,4951
3,0818	6,1819
2,0331	2,3808
-0,6537	4,4779
3,4094	-8,0393
6,7518	11,6214
1,1156	8,9343
2,4921	4,0849
7,6692	10,9007
7,9314	18,3062
3,5406	18,8961
9,8322	19,0927
14,4853	18,1097
30,8038	18,8961
15,2717	15,2260
23,5949	5,7889
13,1091	3,1018
17,6310	-0,6996
16,0581	-17,5423
15,0094	-15,9695
8,7181	-3,7144
23,5292	-9,5471
18,2862	-16,8215
9,1112	-8,4327
13,1746	1,6596
10,8151	-10,2024
18,1552	-14,2654
7,2107	-15,9039
18,2864	-7,6466
5,3757	-10,6612
8,4559	-14,3966
-0,9159	-0,4372
4,6546	9,9175
-2,7508	16,1435
9,0456	15,9470
2,5576	14,8329
5,2445	21,9763
4,2615	17,8474
-6,8142	8,1481
0,7881	9,9176
-2,6855	11,2938
3,8682	4,7402
-9,3701	-3,3207
4,1304	-4,8280
-8,3871	4,3469
-0,0639	-2,1412
-1,7679	-7,9083
9,2422	-5,6801
4,4582	9,5897
13,4366	0,7423
11,1430	1,2013
13,4365	3,2983
3,8685	8,4102
11,2738	0,7424
13,4366	-5,4178
9,5698	7,4271
11,4705	7,5580
1,3779	-4,5005
4,3926	-8,3670
-6,7486	-0,3062
4,4580	2,9050
-9,5668	-6,4010
-3,7996	0,4804
-13,1057	11,2937
-5,5692	8,1481
-6,7487	10,9663
-0,5885	10,6385
-1,3746	11,1629
4,5235	12,8668
9,1768	10,3765
9,9631	16,4715
8,7180	24,9255
-2,6854	10,8354
9,1768	19,6172
-4,7171	18,3718
1,4435	6,4443
-10,0909	17,1922
1,1157	14,7672
1,3779	5,7889
7,1449	18,1751
3,2129	8,4103
4,5237	17,3888
14,5508	22,5661
16,5823	22,1730
21,2356	22,7628
25,6919	19,9448
19,1384	14,6363
13,3711	15,0295
7,6694	2,1188
-7,4696	2,0533
-13,6300	7,6236
-25,2955	9,3931
-27,2616	14,8982
-29,8175	13,7841
-16,1861	8,8035
-19,4628	25,5150
-4,3895	0,5458
-12,3193	4,3472
-1,9646	9,8520
-5,7001	10,8351
-2,6201	3,1020
-11,6639	9,1312
-10,0256	15,1605
0,4602	6,9685
-14,0889	3,4297
0,1981	17,0612
-7,7973	21,9106
2,7542	8,7379
-0,2606	4,5437
4,7203	2,7742
1,1157	14,3083
0,7226	6,9684
-6,0278	4,6092
-2,6200	15,8814
-5,5036	10,3107
-8,2561	2,0532
-1,9646	-4,2383
-9,6981	-1,4203
-3,1443	0,0869
-16,9070	-4,5661
-8,5838	2,5118
-22,4775	5,7231
-8,9770	3,6914
-22,2809	-4,9592
-12,7780	-2,4033
-11,0742	8,6067
-6,2900	-7,1877
-14,5474	-10,9229
-4,3893	-3,8451
-5,0445	-0,9616
7,4727	-5,2215
7,8661	-5,0904
14,2885	-13,4790
13,0434	-7,7119
8,4558	-14,8554
19,0727	-17,0835
10,9460	-12,7582
8,9147	-5,1561
0,5915	-13,7414
11,4705	-18,3942
-8,7147	-15,3141
6,9484	-11,2510
-10,2221	-25,0791
1,9677	-23,8993
-3,4718	-17,5424
9,7009	-13,4138
3,8027	-17,8046
7,2761	-30,1908
3,4095	-20,6881
1,1811	-26,8486
2,7541	-31,1740
-3,6685	-27,5695
14,2230	-23,1132
10,5528	-21,4746
6,5554	-16,8871
0,4605	-11,1198
7,6038	-13,2824
-1,7677	1,9219
8,5213	-6,9254
-7,2073	-7,5807
8,0625	3,7570
2,4265	-0,0442
7,0139	-7,8427
0,9192	3,8226
2,4919	4,9367
-6,0933	5,9853
-3,4720	-0,5682
-3,8652	5,3301
-6,5523	8,4102
-2,5543	-2,7965
5,2442	0,3493
0,5258	1,5289
-2,5543	4,4780
3,5405	9,6553
-0,3260	3,4295
11,7981	5,4612
4,0649	7,3616
8,0627	3,3639
9,5045	3,2984
3,9993	11,4248
2,1644	5,2644
-0,1951	5,9199
-1,5058	13,4565
-0,3263	6,6406
-0,5884	-1,2893
-1,3093	-7,9739
4,0648	-6,2044
2,9508	3,8880
16,9754	-7,9740
5,7034	-9,2844
15,4028	5,7231
7,4731	0,2836
21,3010	1,3977
9,1769	-6,9254
8,6525	-2,6654
1,8367	4,7400
0,9191	1,8565
4,4582	-2,3376
7,4071	9,1966
7,6694	9,7208
8,1936	-5,5491
2,2956	-9,0224
2,4265	-3,5830
9,3734	-3,6486
-1,7678	-7,7119
4,3271	-9,0880
-13,0401	2,1186
0,7880	1,9875
-10,5498	-7,2530
-5,1104	-7,2531
-13,9576	-4,5006
-7,9940	0,4145
-3,4064	-13,8067
-8,5183	-9,9399
0,7880	6,5750
1,2466	-0,4374
3,4751	-2,5344
7,0139	-3,9761
12,4535	8,9345
0,3949	17,6508
8,2593	7,5584
-5,1757	14,1776
11,0117	20,0102
-2,6854	17,3887
0,9846	9,6556
-12,0569	10,5730
-1,7679	9,8520
-0,6538	8,4757
3,7370	-8,4981
8,1936	-13,1512
4,6546	-1,8137
7,8005	-6,4013
0,8534	-7,1220
-4,4548	5,2644
-12,3194	17,0608
-2,7511	6,6408
-22,8052	12,8014
-8,7804	15,5538
-22,6741	27,5468
-9,4358	17,1921
-18,3487	19,8138
-11,0087	30,8238
-7,5352	32,2656
-3,4066	35,7392
-2,0301	30,9551
3,2782	36,3945
5,3101	28,2679
6,3585	15,5539
3,0163	12,3426
-2,6856	12,9978
2,2296	9,0000
-14,1544	10,3764
-3,1441	8,6070
-6,4865	19,3549
12,3224	14,1775
4,8513	12,6702
22,1529	11,5561
8,4558	12,0802
7,9971	2,7740
1,5091	-3,9106
4,3925	2,9706
10,6841	0,2180
17,4342	-9,6778
23,0705	-3,1241
24,0536	0,4802
32,1800	-2,7311
22,8738	-8,3017
18,5486	-17,3456
15,8615	1,1355
18,8107	-10,7266
6,0968	-11,0541
23,9880	-7,5152
6,0311	5,6575
10,9462	5,8540
4,1960	-1,2892
12,7156	0,5459
6,0966	14,7016
23,1359	-6,3355
16,6479	-0,7648
12,8469	7,8857
16,5169	0,3491
10,1598	6,5751
11,7328	1,0702
10,8152	8,8035
19,6625	21,1897
0,5915	10,7040
-1,1124	5,1337
-6,2243	19,1583
5,0479	10,0486
1,6400	3,9539
16,4512	-3,3207
15,5338	-0,5027
17,3688	1,0044
15,1408	-14,3310
14,4853	-11,3163
15,8615	-9,3504
7,1449	-12,4305
-6,0276	-6,3358
-2,0301	-12,9549
-3,4719	-5,5493
-14,8751	-0,2409
-2,8166	-7,8429
-14,5476	6,4441
-7,3385	17,2574
-7,4041	13,7186
-5,8968	9,7866
-10,5497	21,8452
2,8196	9,9832
7,4727	13,6532
12,5190	8,2792
12,1915	4,6748
17,3688	8,4101
7,4073	1,1356
12,5190	-7,5151
9,5699	-1,8790
3,1474	12,1455
4,9825	-0,1098
5,5067	-10,1366
10,5530	-9,8089
-2,5542	-0,1097
4,9823	-4,0419
-6,6831	0,0215
1,0501	-0,8960
3,2129	-2,9276
7,1451	0,8735
14,0921	-8,6949
18,6139	-0,6338
14,9441	10,0485
15,0094	7,3615
14,2886	9,5898
7,2761	6,7063
4,3927	5,9854
-6,1588	5,5922
-0,3916	10,5729
-7,9283	7,1650
-2,7510	7,7549
-8,0594	8,2136
3,6060	6,5097
-12,5159	13,7186
-2,2266	13,5875
-3,5374	-1,0268
7,0138	10,5075
1,3779	6,7718
11,8637	7,1650
11,4050	-5,4179
11,0118	0,5458
25,8231	-2,8622
13,8299	-16,3627
25,9542	-24,5546
17,6966	-17,6735
18,2864	-24,8170
8,8493	-22,5888
13,1745	-21,9990
4,4582	-23,7683
9,9632	-4,1731
1,7712	-10,5299
-0,7194	3,1017
-10,4840	3,6261
-0,7850	19,6169
-4,9138	16,3401
-15,2031	10,9006
-9,1080	8,5413
-9,1082	2,8395
-8,7148	-8,4983
-13,8922	-18,0665
-1,5058	-6,8600
-12,2538	-4,1075
-16,4480	-11,6442
-16,0547	-11,7751
-8,0596	-8,6294
-18,2175	1,7908
-11,5329	-9,3502
-9,5012	3,8227
-3,5376	8,4102
-2,6854	8,8688
2,8850	2,7740
-4,1271	5,9198
2,5575	6,2474
13,5676	3,4294
6,5553	0,7425
14,0921	1,3323
17,0412	8,6066
16,7137	-6,5322
18,1555	-6,6631
26,6751	0,8079
24,8401	-2,7967
20,9735	-4,1729
17,1725	-15,4451
19,1383	-7,5152
2,2301	-8,1053
4,3925	-19,4430
-4,1272	-15,9040
-10,8776	-6,1392
-8,3216	-7,9086
-17,0380	-9,4156
-4,7827	7,0340
-16,8414	12,3425
1,3778	24,1389
-7,1420	14,2431
6,5552	11,2286
-2,0955	17,3888
8,9802	8,0825
14,0921	-7,1219
17,8276	-11,7750
13,0434	-9,0226
3,8683	-3,8454
4,1305	-9,5469
4,1302	-6,3354
-2,9476	13,7185
1,5088	-4,2385
2,8197	-3,5829
6,4240	-3,1898
8,5868	-7,2531
-6,2899	-14,9209
-3,7994	-13,7412
-13,0401	-12,5616
-8,3871	-8,2364
-14,4820	-23,3751
-4,6517	-18,0666
-10,6809	-7,1877
-4,2584	-1,6827
-5,9622	-7,0566
3,5405	-3,1897
4,9823	-1,0271
3,6715	1,5943
11,0773	-7,1220
-2,0956	-1,5514
3,2131	3,5603
2,8196	-1,5514
-0,0640	1,9221
-7,6007	9,4588
-1,2436	12,2114
-8,7803	18,0440
4,5891	-2,5341
1,8366	4,0850
9,0456	5,3955
1,0503	3,5604
14,0263	-8,6293
10,5530	-3,0588
17,4343	-5,0249
16,3858	-3,9763
8,9146	-8,3672
3,6717	-1,6170
-6,3554	3,2981
-4,2583	-9,1537
-10,1567	-12,8234
-4,0618	1,5943
-10,8775	5,9197
-1,2436	0,2182
-5,9621	5,0678
9,7010	1,5945
-4,0615	9,7863
4,3926	-8,6292
-3,6684	-1,0926
4,1303	-2,1413
-1,4402	-4,8939
-1,9646	-10,0057
4,6548	-20,0328
6,9483	-14,1347
7,5383	-22,7855
-1,1126	-14,8554
8,5868	-16,0352
-3,2097	-11,7097
4,7203	-20,4259
4,1305	-20,1637
14,2230	-12,3650
7,4729	-15,8384
19,2038	-4,3697
20,7768	-7,3842
19,5971	-2,3377
18,9420	12,1457
26,2162	7,6893
18,2864	7,6239
14,4852	15,0294
12,5847	19,0269
9,1112	1,5944
13,1744	-4,1072
4,9824	-4,8937
13,1089	-1,7481
-2,1611	-8,4983
16,2546	-7,3839
-7,0763	13,4564
6,5553	13,4563
1,0502	3,2328
8,6524	1,3324
8,6525	9,1967
14,5506	10,5727
8,1282	1,5945
6,8174	14,8328
6,7519	27,0880
0,3948	19,5514
10,8151	17,3234
5,1789	14,3742
5,7033	23,4836
-2,3577	16,3401
7,0140	7,2307
-7,7972	14,9640
3,4095	21,0586
-2,6198	2,7087
6,1620	5,3957
-2,9475	13,7841
6,0310	1,7910
6,4897	4,4780
9,3731	-0,1751
1,1812	0,1526
0,1980	5,1988
-2,5544	-3,1898
-2,8167	-5,2212
-2,6199	2,0530
-7,9939	0,4801
5,3100	-6,0734
-2,0957	-1,0926
-3,0130	-1,6170
-2,1610	7,0994
4,3270	4,1503
2,2300	4,7403
7,6693	4,5437
-3,7993	9,8520
2,1643	-4,5659
-4,5203	-5,4834
7,7347	-1,4204
-4,5204	-4,5007
-3,2753	-16,1005
-4,7170	-14,8551
-5,5692	-0,3719
-1,4403	-3,1900
-3,4064	-5,2215
1,7710	-3,1242
-7,9283	4,2158
-2,1611	11,6215
-7,3384	12,8012
3,3439	10,5731
0,5259	17,3887
11,7325	5,5267
5,3758	0,7427
13,0433	12,2768
8,9148	5,5921
9,9632	1,1356
16,5168	-3,9107
4,3269	1,9221
4,7203	-0,5684
-6,2899	-5,3524
4,7202	-0,1750
-10,6154	8,4757
-0,7849	11,6869
-14,0232	11,6870
1,3124	7,2307
-5,8311	15,5539
7,5383	17,5853
6,0966	2,3811
17,4343	6,6410
14,8784	13,1288
13,9609	10,3762
11,9949	-5,0903
8,0626	-3,4518
14,2230	5,0023
6,2931	12,2766
11,4050	7,4271
-1,3746	13,0634
1,1813	20,9278
-8,1903	10,3766
1,5088	6,5100
-10,9430	17,9786
0,5914	13,4565
-4,0616	8,6067
7,8659	1,5944
3,0164	7,4272
8,0626	9,0655
7,8660	10,9661
6,8828	-3,2552
7,2762	6,7064
10,0941	13,1288
13,3711	12,6701
14,0264	6,1820
24,1846	12,9978
13,5677	21,7140
17,8276	2,2499
6,4898	12,2115
9,6356	19,6169
9,3734	12,4735
11,6671	9,2624
3,8028	4,7403
9,3078	5,5267
8,4558	7,7548
5,7032	0,6113
6,0966	-6,6632
7,2105	-2,6655
3,4751	-6,7289
2,1641	-16,3626
2,9507	-16,9524
0,3947	-16,4282
8,8490	-13,4791
-2,3577	-17,1491
3,8027	-9,8091
-6,9453	8,4100
-19,3970	4,0846
-14,6130	2,9053
-18,9385	14,3085
-9,6978	15,3570
-11,2709	4,1502
-5,3725	-8,1048
-4,8483	1,7910
3,2128	5,7884
-5,7002	-15,9038
-7,7971	-6,0077
-7,6663	-1,2238
-4,8482	-5,3525
-10,2877	-13,4790
-5,2413	-13,4134
-13,3022	-16,8215
3,6059	-12,8239
-10,8775	-22,5231
2,8195	-12,6927
-6,5520	-8,1052
0,5914	-8,8261
2,4919	-4,8939
-5,0449	-8,8259
-9,1734	2,0531
-1,0471	8,9998
-0,3261	-7,9739
1,3777	-4,6315
-0,9159	5,1986
-6,6831	-10,3990
-1,7025	-12,8237
-5,7003	-4,6972
-7,1420	-1,4860
-8,9770	4,6090
-1,9646	-0,3063
-0,1950	-8,3671
10,2908	-6,3356
2,7543	-14,3967
7,6038	-17,8045
6,8175	-12,8239
5,3099	-11,6442
2,9508	-5,8770
6,6863	-8,0395
16,8446	1,3321
19,4004	5,9198
30,2796	-0,9614
19,0074	-6,4664
26,4130	6,4441
16,5825	1,3976
18,0898	-17,5422
16,5168	-16,6247
9,7009	-10,0712
2,4921	-8,8917
8,8489	-16,4937
-3,1441	-8,8915
3,1473	4,4778
-2,1611	3,0360
-3,0132	-10,3332
-5,3723	1,0046
-4,5861	-1,6824
-6,2244	7,6237
-11,0742	0,3493
-11,2708	6,1821
-18,2833	11,9491
-17,2347	4,4124
-27,3272	-10,0709
-19,3318	-2,5345
-23,7882	-9,6780
-12,7127	-2,0102
-23,8537	1,9874
-2,8822	11,0971
-6,0279	17,3886
2,2298	6,6408
12,2569	10,1799
16,8444	19,7480
21,7598	14,1117
8,9146	6,0509
15,8616	0,0872
4,4580	3,4948
4,7857	8,0168
-7,2074	-3,1899
0,1325	3,8881
-13,4988	2,5773
-6,1588	-8,7604
0,9845	-14,0688
0,7224	-6,0735
1,1158	-9,2192
-4,3894	0,3491
1,8367	1,5944
4,4578	10,7696
-5,8311	19,1581
-2,3578	9,4589
2,9508	6,1166
-0,3262	4,9370
-0,6537	4,8057
-3,9306	1,8565
0,9846	-11,9717
-17,0379	-13,2824
-11,7951	-12,2340
-19,7251	-16,6250
-19,5285	-22,1299
-24,5092	-17,4113
-15,0065	-16,6249
-20,1182	-18,3944
-15,1376	-15,3141
-16,1204	-15,7728
-2,1615	-8,3674
-6,8800	-19,9672
-2,7511	-19,1808
1,7055	-15,5109
4,6546	-26,3242
14,1574	-24,4237
5,7034	-17,3458
14,2232	-6,0082
11,9949	-13,5447
9,3734	-11,3819
-3,4714	-7,4496
14,4196	7,5580
3,0162	-0,9616
-3,6684	-3,1242
3,4095	-5,5490
1,9675	0,7423
6,7518	8,2135
3,1473	12,2767
11,3394	11,6216
5,4410	19,8791
2,4266	10,2453
-1,1782	8,1483
-6,4210	9,9177
-10,4186	5,9854
-2,7511	2,9052
-16,4480	2,8396
3,9336	3,1019
-2,5545	15,4224
2,3609	8,1480
7,4728	-2,2720
10,4873	10,1140
3,4096	-6,7288
-1,8990	-7,6463
-0,7848	-16,8215
-6,2901	-13,2169
-4,8482	-2,7313
-9,5668	-11,3164
4,3925	-3,9107
-0,0639	5,9197
8,0626	2,9050
-0,0637	4,8713
0,7881	5,9198
-4,3236	8,5413
-0,9815	11,1626
-1,3091	2,3155
3,0162	2,4465
5,5066	11,4249
-4,2583	-0,4372
2,1643	-1,0270
-3,9963	-0,5683
-2,5543	2,6430
-0,5885	-2,2068
0,0015	-5,9422
-3,6685	-1,4860
1,8365	-2,5345
-6,6830	-6,4666
4,5236	-7,8427
-3,4062	9,7863
10,8151	13,6529
3,5408	8,2792
14,8129	7,7550
8,7181	7,9516
14,2229	7,3616
-1,3090	-4,0417
-0,7849	-3,9105
-1,8336	5,9198
-10,4190	1,4633
-15,5962	0,8735
-20,3804	1,9221
-10,2878	4,8055
-24,5092	-1,8136
-15,7272	-10,9231
-20,6425	-9,8089
-9,3048	5,6573
-20,1837	-7,9086
-6,2246	-5,7457
-14,5475	-0,5029
-5,1759	6,3128
-14,3508	0,7423