13,8375	4,9409
20,9810	-0,1053
-0,4494	1,5332
22,0949	3,1059
0,9922	-5,7415
7,4802	0,0912
-1,6292	0,0256
3,5479	-12,9504
-3,2676	8,2832
6,4970	3,2369
1,6476	2,2540
-10,6078	7,8243
-0,9738	-4,4963
-18,7998	1,9265
1,3200	13,0673
-8,5106	5,3998
11,2159	14,5093
0,4025	18,3759
25,3062	11,4948
0,4682	13,8540
27,9277	3,4338
6,4974	9,1354
11,6745	-0,0399
-0,6461	-16,4237
-4,2510	-1,0229
-11,9183	-2,0717
-11,0012	-11,5742
-2,1535	5,3995
-16,7028	-6,7247
-4,2506	-5,0206
-11,4599	1,9262
-10,2144	-0,6296
-19,2585	13,4607
-8,3140	17,1963
-20,7659	12,8054
-3,0713	8,2834
-18,5377	-2,2678
0,0089	-1,0228
-13,1637	-0,3675
-5,8238	-14,9822
-19,7171	-12,3607
-3,9888	-13,9337
-11,5252	-14,3269
-17,0959	-4,7587
-4,6438	-23,7641
-8,0519	-21,9288
8,4633	-8,4287
-3,3333	-18,1935
9,1188	-10,1980
-15,3263	-9,6738
4,7933	-8,6904
-21,7490	11,7567
-10,2146	11,8877
-16,8993	3,2372
-6,8725	10,7738
-18,3410	2,1229
-6,4137	5,1376
-12,5084	6,6447
-20,6351	-14,6544
-20,2416	-6,8556
-26,7300	-7,5766
-22,4044	-18,4554
-35,7084	0,2877
-24,0427	-11,5744
-33,4801	-9,8047
-14,8677	-6,4626
-29,2857	-15,1132
-8,5107	-11,3122
-24,7636	-12,8851
-0,6465	-13,8680
-15,7196	-1,5472
-14,0159	13,2639
-16,0473	13,9851
-8,2489	22,7670
-12,9016	10,1185
-11,9187	9,5944
-6,0857	13,4607
-11,9186	-3,2511
-1,0393	-3,5133
-14,8677	-2,5959
0,5334	-6,2658
-18,9964	1,6639
5,3174	-14,3267
-17,6856	-1,5472
2,9582	-0,2367
-13,0325	-13,8025
-0,3842	-0,4987
-6,3478	-4,3655
6,1038	-13,9991
10,1019	0,9431
13,7717	-5,8071
28,5833	12,0188
26,8792	15,9510
41,0355	10,4462
44,9674	28,0754
47,5891	11,1015
34,6129	12,8711
50,9969	28,3374
30,2876	17,2618
50,0139	8,5458
28,1904	28,4030
51,1934	15,9513
29,3700	22,5050
42,6735	29,5827
14,8208	22,7016
19,5391	38,3647
13,2478	36,5297
13,1819	43,6734
13,1165	57,8291
-7,9206	45,3775
6,8251	58,4848
-14,7366	61,6961
-18,8653	71,9852
-36,6914	76,7693
-28,8272	67,6599
-50,2575	62,7448
-42,6556	65,3005
-71,6879	51,8655
-59,1709	42,8215
-81,3220	44,0664
-77,2592	16,9345
-89,7765	23,4879
-96,7891	0,0257
-94,4296	-17,7344
-100,3938	-11,6399
-96,1991	-30,9077
-109,6343	-34,2501
-93,8398	-44,0807
-107,8646	-55,8773
-86,2376	-61,4481
-102,7527	-81,5024
-68,6084	-98,1487
-95,0849	-112,5668
-73,7857	-119,6449
-82,4362	-130,2617
-49,8649	-122,4630
-45,4736	-136,2255
-17,8829	-126,6572
-10,3456	-128,6235
10,1670	-140,2231
22,8816	-117,8755
21,1120	-129,7377
39,0692	-125,1499
33,5641	-105,4892
55,8466	-126,3295
43,2637	-91,4640
76,9495	-76,4564
67,5779	-72,8513
99,1011	-42,2458
94,9069	-30,1217
123,6774	-36,4129
116,3374	-19,1768
125,1847	-19,2422
119,8765	-12,5573
118,9587	3,3680
121,6459	9,2664
115,6816	24,7331
102,0506	29,8449
97,1351	29,7795
102,8367	34,8257
61,9420	29,8451
75,3113	40,2654
38,3486	47,6054
36,1202	38,4304
-0,5146	47,8022
4,3346	42,2314
-30,5308	31,3525
-40,6894	32,9908
-73,2609	14,1818
-83,0263	7,3661
-114,5491	9,3973
-122,3484	-27,1064
-142,7957	-29,0726
-167,3067	-54,6977
-177,7270	-95,8545
-220,4571	-113,6152
-234,3508	-148,9397
-264,6290	-181,3148
-270,3964	-208,7095
-301,4608	-245,3446
-294,3176	-271,6906
-327,7412	-302,4275
-323,2850	-348,6309
-350,4825	-370,3893
-343,8638	-416,1996
-364,1143	-454,9971
-356,6434	-475,7073
-350,1550	-521,3209
-343,5360	-559,1355
-330,5594	-579,6489
-315,4206	-622,4444
-286,7810	-640,2706
-282,1279	-661,1116
-249,7526	-692,2413
-250,4732	-702,9240
-205,6462	-720,5536
-196,7331	-726,7795
-154,9862	-722,2578
-141,0920	-738,9692
-90,9567	-714,9831
-70,7709	-713,0170
-40,5585	-702,9897
-12,3120	-685,5570
4,0067	-672,6462
21,5054	-654,8856
30,4838	-610,8452
57,0919	-597,7376
53,4872	-554,8764
75,1800	-511,0980
54,9293	-482,7200
84,9450	-426,0306
70,4615	-386,3809
95,7585	-346,4687
80,6198	-301,9693
92,9407	-278,5067
88,2221	-230,9270
95,2342	-194,1610
82,3893	-168,1426
84,2240	-138,3231
70,5272	-111,7151
68,4297	-92,4472
56,1091	-63,1522
42,1496	-51,2899
36,5790	-20,0943
6,7597	7,4309
6,1699	13,7228
-21,0280	45,6392
-16,2440	59,9263
-48,4879	70,4125
-40,4928	87,1242
-73,0644	97,0202
-67,6907	93,0229
-85,5165	99,6418
-93,2502	92,6296
-110,2238	91,9088
-111,6005	91,1221
-116,9742	68,2499
-121,8898	66,6113
-116,1223	44,7220
-127,7881	30,1075
-114,7461	25,4540
-133,2274	-5,5446
-112,1901	-7,5764
-126,5427	-16,2276
-105,8333	-44,1460
-116,4501	-43,6875
-103,8672	-62,2344
-104,4569	-70,8852
-100,0662	-82,3542
-104,5877	-101,8840
-95,0852	-105,7510
-84,2058	-116,2369
-76,6694	-132,2278
-60,0883	-137,0120
-62,8409	-135,5049
-36,2984	-141,0098
-43,5730	-137,0777
-17,0305	-147,3013
-18,4722	-139,1093
11,4125	-132,8180
4,4659	-141,4687
34,6781	-130,0653
34,8093	-126,9852
52,8318	-122,5941
49,4897	-114,3364
66,5945	-104,9647
59,1893	-89,3015
72,2962	-79,4710
70,9858	-74,1622
60,7620	-54,2392
73,0174	-40,6076
53,6185	-41,9835
61,1554	-16,7518
49,3586	-9,8706
66,1359	-5,4139
40,4457	4,2854
62,7935	-6,5279
33,7609	6,9071
41,7562	14,7713
16,9835	15,0993
21,4397	38,3647
5,9733	42,6900
12,8542	38,8238
7,0217	52,9140
7,8079	47,8678
4,5314	58,8124
-0,3841	60,2540
-1,8912	39,6104
-13,2948	47,4091
-9,1005	45,6394
-38,8540	39,4136
-19,4553	45,8359
-37,0193	36,2023
-26,1403	46,7537
-45,4078	51,1443
-27,6477	36,7921
-40,2959	50,2925
-24,5019	42,6901
-34,3321	28,0758
-24,5674	34,9570
-36,6913	30,6970
-27,7787	30,3039
-30,3999	31,1557
-34,5943	17,9830
-12,0497	24,3400
-28,5649	28,1409
-10,1490	17,0653
-23,9116	24,2088
-0,6463	18,7037
-25,2878	17,4586
3,0893	17,4584
-16,3749	6,6451
-0,0564	3,1060
-4,7750	8,0866
2,7614	-11,3776
-2,4811	-7,9042
4,8587	-8,5599
9,9709	-17,0794
5,9730	-13,6060
22,1608	-19,7009
10,8228	-15,9653
21,5055	-20,0941
12,6578	-31,5629
15,8037	-27,3687
0,0749	-29,7937
16,0658	-30,9733
1,1890	-20,0943
16,3278	-17,7349
3,5484	-15,3100
10,1672	2,5159
0,4680	-2,2682
-3,0057	7,3002
-12,3771	-0,5643
-5,8240	-12,5572
-14,3433	-4,3651
-21,6181	-2,2682
-17,6857	-8,8217
-33,0213	-0,6953
-16,7684	-10,8534
-38,4608	-4,1031
-13,9503	1,0084
-21,6180	-18,9143
-4,5786	-8,1663
-10,5421	-8,6907
7,5455	-10,8532
-10,9352	9,1350
5,3174	-10,0015
-0,6462	-2,9889
-6,0204	-1,2851
-7,5929	-9,9357
-15,4575	11,6913
-5,4302	11,5600
-15,7197	10,1185
-4,9715	7,8246
-16,3750	8,4144
1,2543	5,6618
-22,0765	4,5477
1,7131	-10,5912
-12,2461	2,6472
4,2035	6,7101
-0,1219	-14,3268
13,8371	-5,6104
-6,2822	-3,0548
4,9897	-14,9821
2,0408	-1,0885
-1,8917	-12,5573
-10,4110	-5,0206
-11,6564	2,5814
-9,9523	-16,0962
-21,2248	0,1567
-11,7874	-3,1857
-25,7467	1,5986
-13,6225	20,0798
-29,8098	17,7861
3,8100	22,9637
-11,5908	25,1918
2,8926	14,8372
-2,6122	12,7400
8,5288	10,1840
-0,7771	-2,0057
2,4995	11,5601
7,2838	-1,1538
3,1548	2,1885
14,4929	4,4821
10,9538	-9,6081
19,0151	-5,2827
15,2794	-7,3145
28,0590	-14,1302
3,6795	-3,1203
16,3935	-8,6252
-2,6776	-8,3630
8,2012	-1,6129
-16,4404	-16,0961
0,2055	-3,9064
-18,3410	-6,0693
-8,8386	-14,1956
-14,2123	4,2199
-13,7538	2,3192
-8,2484	-1,2195
-7,0036	9,0696
-11,4597	-0,3019
-16,3094	14,5093
8,3323	16,5408
-7,0032	-1,8747
10,5607	11,5603
-0,7771	10,1837
12,8542	-4,8894
-10,2798	7,5623
17,4417	-6,8557
3,2204	-2,2025
1,3198	7,7587
5,3833	-11,8364
3,1548	1,4019
2,8928	4,2854
-0,7119	-3,8408
6,6284	13,9848
-3,8577	-4,4962
8,6600	5,4653
-8,0517	11,6255
16,5898	-2,3990
-3,7919	6,5140
13,2476	10,9046
0,9923	0,8779
18,4904	10,4461
-0,1218	10,1838
12,5921	5,0722
3,2862	18,6380
11,4778	-0,8261
-3,7262	0,4846
7,5457	-1,1541
2,0410	-18,1279
11,2813	-9,6737
11,1505	-9,0842
1,1892	-14,7855
20,5878	-1,1541
0,5336	-5,3483
6,1697	3,3026
-19,4550	11,1012
-0,5807	0,9433
-20,3072	14,7059
0,5987	10,2494
-19,1274	1,9265
7,0213	20,8663
-0,5807	4,5477
-5,4961	10,5118
-4,7748	18,1792
-6,4136	9,0700
-10,1489	17,0653
-13,9502	21,2596
-3,9230	5,9241
-16,6371	8,0868
1,6475	9,9873
-22,3387	2,9750
-4,3819	16,4752
-23,7805	-1,0883
-9,2972	11,9535
-26,4019	7,6279
-2,9404	-5,3481
-11,9185	2,6471
-5,1685	0,8120
-10,2800	-10,8533
-2,8746	-4,8241
-4,7093	-17,2105
-4,5785	-9,8704
7,4148	-4,1689
-9,1660	-18,7832
6,7596	-3,3167
-7,6585	-5,6107
16,9177	-5,6760
-8,5758	0,4188
21,5707	-9,6738
0,2713	-10,7877
8,5944	-5,8071
2,5651	-23,4362
4,5965	-2,2681
-9,8211	-5,2831
-0,3187	-10,7222
-8,5760	3,1058
-15,4576	-7,4455
-15,3264	-0,4329
-25,8125	12,6740
-18,8654	-11,9018
-28,0406	2,1884
-11,3941	3,1711
-16,2440	-10,7878
11,7400	-3,9719
-6,9377	-2,0716
13,3131	-5,0861
-0,9082	6,8414
17,5073	-4,0376
-0,5150	-4,2996
10,8224	-3,1202
-1,9569	-17,0793
2,5648	-6,7902
-7,3964	-10,5259
-8,9696	-13,4750
-13,8189	-10,1981
-18,2756	-5,2828
-11,7874	1,2708
-35,0528	0,6808
-15,8507	-9,8703
-43,8348	5,8584
-30,5311	10,8390
-53,0101	2,3851
-39,2476	16,3444
-46,9153	13,0019
-26,1404	16,9342
-29,4168	3,6301
-7,1347	-12,5570
-14,4744	-5,0206
-10,1491	-1,2852
1,5165	-11,8364
-5,3649	7,9554
10,1675	5,5961
0,7957	-6,8554
14,6896	5,9895
0,9922	-1,6126
8,0703	8,8077
-4,9059	11,1014
14,0996	6,6450
7,1528	17,9172
24,8474	4,8756
-0,9080	13,4608
10,0363	16,2786
0,5337	-5,6759
-0,2532	-4,1685
-1,9568	-1,9405
-6,6757	-14,3922
-3,3986	2,5815
-13,9501	-9,0840
1,3200	-7,1832
-19,9140	5,7928
-0,2531	2,8436
-30,3343	8,4144
-5,8236	13,6571
-12,9672	-2,7266
-0,3842	7,2348
-13,0979	2,5160
12,3953	-2,7267
-3,5953	5,7274
-1,4983	5,1375
-4,3161	4,6135
1,1232	20,5386
7,6770	5,7276
2,6307	15,2960
21,6364	21,8493
4,7935	1,5987
20,5879	9,7253
12,4612	5,0720
26,5515	5,7930
1,7789	9,9217
17,6386	6,9070
4,5969	-3,8408
10,8881	9,2007
-6,2822	-7,3801
-2,4159	0,6811
-10,5422	-2,0061
-9,1007	-2,7922
-10,7388	4,7442
-10,3458	2,3852
-5,8235	11,0359
-2,1537	16,6720
6,2352	0,9435
-13,8188	15,2303
17,7697	8,8732
-5,5614	7,2349
11,9369	14,9680
-2,1535	6,0552
16,1311	8,8733
0,4680	19,8831
11,6745	-4,1029
4,3348	14,1161
8,4631	11,0358
0,6646	4,0890
1,3853	13,5918
1,9754	2,7782
-2,0225	7,4314
6,1697	13,4605
-11,1975	-3,3166
14,4273	2,8438
-8,5761	6,1204
9,3155	-11,1809
-4,5127	10,2492
15,7378	-1,4818
-5,3647	0,0913
17,3107	12,2154
3,8759	-1,4817
16,4589	-4,1685
15,2793	5,3997
10,4950	-10,0668
8,9880	3,2370
9,6429	4,6786
11,9369	-3,5132
1,7786	7,6935
10,8883	4,6133
0,6644	3,4993
13,1820	7,0380
-7,2654	-7,5764
5,7109	1,4021
-13,1637	8,2175
0,4022	-3,0544
-15,3918	12,0189
2,5648	4,5477
-14,5398	-3,1198
5,5140	7,6279
-1,1703	-6,6589
11,2157	1,1398
12,9199	4,3509
3,5481	-3,0546
6,7597	2,2540
2,9582	5,1374
11,3470	3,3026
-8,8381	5,7274
15,3448	-7,0521
-3,0709	-1,8747
12,2645	-0,8920
-10,7387	-11,3121
0,9921	-3,3166
-17,8166	-2,6614
-2,0227	0,2879
-9,3625	7,0381
0,6643	-1,0883
0,2059	6,7760
2,5649	6,6449
6,4975	3,4993
1,6474	13,7230
5,5144	21,3906
-8,8382	13,1988
6,8250	17,7863
-9,8867	13,0676
12,1989	15,1649
-5,5615	13,2639
10,9536	-3,1199
-13,6223	5,5964
2,6304	8,1521
-13,8844	0,8123
-1,4985	21,3906
-9,4936	9,3975
-9,1661	12,5435
-6,5444	15,6890
-4,3820	5,8586
-1,7603	-2,7265
-15,4574	12,1499
-1,0394	-4,6274
-11,4598	6,7103
0,2058	-5,3485
-18,0789	-10,0669
-7,0688	-5,8727
-12,2462	-15,6374
-0,3188	-3,3822
-25,2878	-0,0401
-1,2363	-8,8873
-24,4359	1,5329
-16,4407	-4,6276
-13,8846	-7,7077
-18,6692	-1,3506
-24,0427	-2,9235
-24,4362	1,7952
-13,9501	7,8245
-28,1062	-0,3020
-16,8991	-1,2849
-24,6326	-0,2365
1,2542	-8,2975
-21,6179	-3,9065
0,2712	-5,2828
-13,8844	-2,5301
11,8711	8,1521
0,8613	-2,7922
9,9706	5,2686
5,1211	-4,4310
6,1694	-18,7832
0,4024	-13,4749
-9,6904	-13,7370
-2,5467	-11,9019
-13,3605	0,1568
2,9584	-4,0375
-6,3480	8,8733
6,8251	12,0843
-5,3645	3,9580
30,9425	9,3975
11,6094	11,2324
39,0036	0,2880
26,3551	13,7884
35,8578	8,3488
19,0153	10,3150
26,3549	14,1816
10,6264	2,2541
8,0046	17,3930
1,1889	16,8686
-16,7027	18,8347
-7,3308	16,9341
-19,0621	9,1354
-12,8360	10,7737
-27,5817	2,9092
-2,2847	-6,7900
-25,8121	-1,2850
7,4148	4,6130
-14,4742	-5,2172
15,3446	4,6787
-12,1149	-1,8750
6,3005	-3,1201
-12,0495	4,0889
-2,6126	2,8437
-13,8191	6,3829
-21,0938	15,4268
-20,1760	13,1987
-16,6373	16,2789
-7,7897	14,5750
-21,3558	11,4947
-3,3332	13,9850
-20,4383	-1,3505
-8,7728	-3,4477
-16,6372	-2,0061
-5,3650	-15,8997
-18,6031	-8,8874
3,6789	-17,1450
-11,0665	-29,6623
4,6621	-10,8534
3,7449	-12,1644
20,1942	-15,1789
15,9347	-7,8390
14,8859	-30,9730
15,8037	-7,4456
-0,9738	-9,4774
10,8228	-14,9167
-20,4382	-5,1518
-6,5444	-13,4093
-29,4167	-9,6736
-7,9209	-2,7925
-26,4676	-17,8657
-8,2486	-11,3121
-19,5208	-14,1304
-10,8702	-18,8489
-21,8144	-10,5258
-18,5379	4,9407
-13,2291	-4,4963
-9,2319	1,5987
-12,9669	-0,0397
-13,1638	17,8516
-3,3986	17,9171
-2,2192	7,4316
2,8929	18,7693
1,8442	18,9658
9,8398	18,2450
3,5484	14,5093
23,9299	3,6959
6,7595	10,7083
17,7040	19,8832
4,0071	7,5626
20,6529	24,6020
4,7279	18,9658
10,2327	7,6283
3,6794	19,6868
1,0577	9,3975
3,0239	5,9897
-12,1807	16,3442
-15,3263	-1,5470
-36,8222	5,0722
-15,4576	13,3951
-33,7423	3,2372
-11,3289	14,7715
-30,7930	-3,0546
-0,2531	-9,7390
-12,5083	-3,1857
8,0699	-9,5428
-8,9693	-10,4601
-3,5955	2,7780
-12,7048	-2,8580
-10,5424	-4,9550
-11,9185	5,6618
-13,5571	-0,4986
-7,1344	4,1544
-17,9481	-7,1832
-5,8891	1,9262
-19,3897	3,4334
1,7785	-16,3584
-15,9162	-4,1030
1,5819	-5,7417
-13,1636	-13,6058
1,8441	-6,7902
-3,6608	-8,8873
1,1230	-5,6760
-3,8573	-3,2514
1,5818	-17,7346
-9,8211	1,7952
-7,0034	-2,0716
-4,3817	-3,7098
-11,6565	9,4630
-1,7603	10,9701
-21,2903	8,0212
-2,8745	15,2956
-18,9310	8,6111
0,0090	13,0676
-11,5253	9,9217
3,8100	-7,7074
-17,9477	-5,2172
-5,6271	-9,2807
-18,4065	-17,2104
-16,5718	-6,0039
-23,4530	-16,5552
-23,4533	-9,1493
-21,8803	4,8097
-29,0895	-10,5911
-17,4891	2,1885
-24,1085	3,9577
-3,3333	-12,4916
-20,3073	-3,4477
-7,7897	-9,7393
-24,6981	-2,9236
-11,3943	0,2220
-29,2857	-16,7516
-13,3605	-3,9064
-17,9479	4,4164
-3,3336	-8,9527
-8,7727	10,5771
6,8247	1,1399
2,5651	13,0675
6,7594	16,0165
6,6286	2,1231
-2,8088	15,7547
13,4442	27,2232
-13,7536	8,8733
-3,3986	19,4901
-22,9288	15,6889
-16,0473	6,6450
-26,1400	11,9533
-4,3165	-1,0883
-14,4089	2,5817
7,2835	1,7951
-2,2846	-6,9866
9,7739	-2,9234
0,5336	-3,5790
9,7740	-12,8194
6,4975	-0,8266
14,6892	-22,1912
16,3280	-11,9675
7,9391	-14,5237
9,5777	-25,8612
-8,2482	-11,4433
-0,7771	-12,4920
-15,5228	-13,4093
0,5990	-1,2851
-15,4574	0,2878
1,2541	11,2324
-16,0472	17,8515
-0,9742	8,4800
-19,7173	16,7376
-7,3967	11,3637
-9,6247	9,5944
-11,0667	25,1917
-3,8575	9,1354
-15,5232	15,9513
-14,4088	19,9487
-21,0282	7,4969
-15,4575	0,0914
-23,4530	11,1012
-0,7119	-13,4748
-16,4406	-8,3629
9,7083	-8,7564
-18,9963	-13,8026
-4,3163	-8,7564
-19,1273	-18,7835
4,2687	-16,4896
-14,6055	-9,8706
-11,7221	-24,4849
-11,3941	0,0256
-15,0644	0,2221
-10,8698	-0,4985
-17,9481	7,6934
-7,5932	3,8270
-21,4214	12,0190
-6,3478	19,2279
-16,9648	12,0191
7,8735	16,5411
-11,9840	12,1500
6,7593	6,5140
-11,0009	14,5748
1,7129	5,4652
-11,6563	2,8438
-4,5131	9,0696
-12,1804	-4,2342
-0,1878	3,6303
0,2714	4,8752
-5,9547	-6,2658
14,2307	5,7273
-2,4812	-0,3677
12,6579	-12,0328
-10,9352	6,9724
18,0972	-9,2150
-17,5543	-1,8093
11,3470	4,6131
-3,8574	-8,0352
8,2012	13,0020
-5,2991	9,8560
15,4100	9,1354
3,4171	10,4460
7,0214	2,0575
6,1042	9,8563
1,9097	12,9363
7,2838	6,9072
-6,4789	23,1599
3,2862	16,4099
-13,8846	20,0800
-4,5128	21,5873
-22,9285	14,0506
-3,2678	12,7400
-23,3873	15,2302
-2,6124	-2,2023
-14,5399	18,6381
-7,9210	12,7397
-13,0325	6,1208
-1,8262	6,7759
-19,2585	2,7783
-16,0474	3,7614
-15,7852	11,2980
-20,8973	1,9920
-17,6858	17,1964
-23,1254	15,6890
-2,6124	10,1185
-23,3219	17,1308
4,6623	5,3997
-13,6224	2,4508
10,0361	11,4290
-19,4550	-6,7901
10,4292	-4,7584
-11,6563	0,7464
0,0744	-10,3290
-15,9817	-0,5642
-7,1346	-7,0524
-12,0496	-5,4793
-19,1933	2,6470
-11,6563	-10,6568
-18,9966	-8,1662
-3,5953	-2,9235
-21,2247	-9,3460
-4,1196	-8,4283
-13,8847	4,2853
-4,4474	-7,2489
-13,7534	3,8923
3,0892	4,9409
-6,0856	2,5818
9,0531	15,4922
1,1235	-2,3336
20,2598	1,8608
15,6726	-7,3146
20,5221	-26,5165
18,3596	-12,0988
9,3810	-22,9779
8,2016	-25,1403
-2,5468	-8,4288
-2,2190	-13,7370
-5,0372	-5,7414
5,9730	3,8922
-2,4811	-10,1323
21,9638	3,3681
-7,9205	10,0526
16,7209	-5,1516
-13,6878	10,7737
-0,8430	7,2346
-19,7829	12,4122
-13,8849	24,2086
-24,6325	11,1670
-15,4577	19,1626
-12,4428	19,8177
-15,4577	0,4848
-10,3456	11,8223
-18,1445	-3,2510
-0,3186	6,5795
-18,7998	14,5747
5,1864	0,5501
-16,8337	7,1694
1,1232	12,5431
-11,8528	-2,5300
11,1502	8,2179
-2,2846	2,9748
9,2496	-3,0543
-0,4494	10,0527
3,1547	-6,7245
1,1235	-2,2025
1,9095	-4,2998
-1,1048	-6,6590
-12,5737	-4,7585
12,7233	-10,3292
-6,8722	-10,5258
11,5437	-7,6422
-11,0008	-13,7371
12,9853	-10,0015
-13,0980	-10,0016
4,9899	-15,9652
-5,2992	-13,4092
6,9558	-9,8049
-4,8404	-14,3269
2,1717	-14,9167
-3,6607	-15,5721
-4,9719	-18,3245
-10,2144	-7,1180
-21,2903	-17,0793
1,1233	-3,4477
-14,9334	-2,3993
0,1403	-10,3291
-21,0936	-1,3506
4,5967	-6,0038
-12,9671	-0,8918
1,7131	2,2537
-5,5613	-4,1032
19,7354	-6,2002
-2,9399	-0,4988
12,4610	-16,6205
4,5968	-3,1201
7,6113	-5,3484
4,0725	-3,3821
-0,8429	-4,2996
4,7935	-14,2612
7,1525	-7,9041
17,5076	-5,4796
11,0850	-28,6138
25,7653	-22,6501
15,1483	-24,0921
30,2217	-33,3325
0,3373	-17,1452
34,8091	-23,8299
7,0217	-6,3315
15,8690	-3,6445
3,5484	-1,8748
12,5264	8,7422
2,2376	29,2549
-1,9571	21,9152
1,9754	35,2190
-6,6757	22,0462
1,2546	18,1142
3,3515	21,7839
14,6240	2,5163
-0,5150	6,1862
10,8883	-3,6444
-12,0493	-13,3437
7,6768	-11,1157
-20,9624	-19,1112
-2,4813	-22,1259
-16,1783	-16,7520
-2,4160	-31,4319
-18,4065	-19,7664
-6,4792	-11,3780
-8,3140	-13,6060
-7,7243	-0,4332
4,4658	-1,2851
6,2350	-4,8239
8,9879	0,9431
1,1890	-3,3167
15,9347	-2,7269
-4,7748	-5,2830
16,4588	-15,5720
-4,9060	-6,7247
17,3762	-16,0309
-10,7387	-22,6499
9,4464	-13,1474
2,9584	-21,7326
11,6745	-27,2375
-1,1048	-16,6864
10,8226	-26,4513
2,2375	-17,1451
-0,3186	-14,7859
7,0217	-19,7009
-7,0032	-13,2129
12,1991	-17,3416
1,8442	-16,2273
11,0195	-5,8728
4,1381	-19,7007
19,0148	4,3510
9,5776	2,3847
20,9152	-15,1132
5,6457	-2,9890
21,1774	-8,1010
13,3789	-11,2464
20,5220	1,2053
18,7528	-5,0863
8,7255	-3,1856
6,8908	-2,9891
-7,0688	-15,3754
-8,8381	-5,4794
-20,5695	0,8118
-17,4236	-9,5426
-33,6767	-1,6127
-15,3922	0,4189
-38,7230	12,5431
-15,8509	13,9192
-26,9919	-0,6296
-4,5787	3,8269
-10,8699	1,7951
0,1398	-8,5595
-10,7388	7,2347
-3,5957	-2,7270
-6,4134	-9,2149
-12,5741	0,9431
0,7957	-8,8219
-11,2633	-17,9312
2,3686	-9,9360
-9,9525	-10,0671
2,3029	-10,8535
-13,9501	-10,8535
4,8588	-18,0624
-22,9940	-0,3021
0,9921	-12,7540
-19,2584	-10,3946
1,2541	-5,4139
-15,7850	-15,1131
-4,8407	3,0404
-17,1613	-5,8071
-16,9651	-14,5231
-21,6834	8,8075
-30,4001	0,3532
-21,6835	-5,4138
-38,2643	6,3825
-16,3751	-18,9798
-34,3976	-2,6613
-6,6102	-5,8727
-23,1908	-9,0184
-9,9525	-5,4139
-25,4190	-8,4286
-6,8725	-3,5132
-21,2248	-0,2367
-20,1108	-10,6567
-18,5376	8,4143
-5,2997	9,8560
-11,3941	4,5478
1,3196	19,2278
-2,0223	11,0358
-3,9886	16,3445
2,0410	14,3127
-8,9037	4,0237
13,9030	8,7422
-4,4472	5,6618
11,4127	-3,7754
-7,3962	-3,3822
15,8690	-4,9552
-5,8234	-3,5133
5,8418	7,2345
-8,5104	-3,1202
4,7931	-9,2148
-1,6293	9,7905
-7,0035	-6,0691
6,9561	2,3851
-0,9741	9,9214
13,3131	-2,4647
2,4340	-0,7609
6,9563	-10,5259
2,1720	-9,2150
16,3934	-1,2853
-7,5272	-14,5234
17,3108	2,1884
-2,6121	3,2368
18,4904	2,3195
0,7959	9,2008
18,8837	6,5793
4,4660	2,2540
14,8860	1,4674
11,2162	-13,0161
12,9853	-27,4340
16,0657	-18,5869
-0,1219	-28,0242
17,2455	-20,8151
11,8713	-17,3417
25,4375	-15,7032
18,8839	-9,7395
33,3018	-18,9144
2,6965	-7,4455
17,3764	-4,1033
-6,5443	-12,0985
0,8610	3,3680
-15,2606	-5,4140
-1,6949	-16,4894
-4,1196	-9,6083
-4,9062	-14,6546
3,6137	-13,2126
-0,3187	-4,0377
7,7427	-12,7538
2,2372	2,4505
4,0727	4,5475
-10,3455	-6,9211
11,1504	0,6809
-15,6540	-11,5743
3,2203	-12,9504
-21,2901	-6,6592
2,8270	-25,8613
-26,6642	-13,0818
-13,6882	-12,9509
-28,3027	-29,4658
-16,0477	-14,7202
-32,5626	-15,8999
-20,1764	-17,5380
-25,5501	0,8120
-18,9967	-8,3631
-16,7682	-4,0375
-34,9873	7,4311
-14,5399	1,4020
-25,1569	3,1059
-11,9186	7,5622
-17,1614	-0,8918
2,1717	-1,0883
-2,8743	1,8607
14,8857	4,3510
-1,2358	5,0719
10,2982	-1,2194
-7,7895	11,1015
-0,5808	9,7906
0,4025	1,5988
-0,4498	12,7397
4,0070	-2,3337
2,8927	-12,9505
4,4002	-5,8727
-10,8042	-16,6861
6,4317	-8,0354
-15,5229	-17,1450
1,9096	-6,5280
-20,8970	2,3193
-2,1537	-4,2342
-20,6348	4,7444
-2,8746	17,9170
-10,1489	12,9365
6,1693	27,6823
3,6137	31,0244
6,6938	20,8010
15,0172	30,4347
10,3639	20,3420
16,0004	5,3999
0,0093	4,7444
11,8060	0,3535
-4,1851	3,1715
9,7086	-0,6298
-15,3919	-11,3775
2,0407	5,1376
-19,1274	-1,1540
1,0576	-7,4453
-17,6200	2,9092
8,5942	-1,9403
0,0092	5,7274
2,7616	4,7442
10,8229	-6,0036
13,1163	3,1059
10,5608	0,9430
7,5458	-9,8047
13,1166	-3,2512
-4,3817	-8,2975
16,5901	-11,2465
-0,7771	-6,9213
23,7334	-25,5991
-4,5125	-23,1743
19,9978	-15,5724
-0,3839	-22,1914
9,3808	-14,1959
-12,2460	-14,1304
-2,6780	-7,2489
-14,4745	3,4333
-19,9798	-8,5597
-17,6202	-6,2003
-22,1426	-0,4988
-12,5739	-5,4794
-24,0429	1,2708
-3,0056	-1,2197
-19,5864	-1,4816
-12,5082	5,8583
-20,8971	-6,3313
-11,8531	5,1376
-30,7275	16,5406
-14,4748	-0,1053
-29,4822	7,8246
-10,4771	2,7781
-12,5738	-4,2996
-2,1538	4,4166
1,5166	-0,4331
8,8564	-0,8917
22,3573	3,2370
8,9222	-2,7923
18,6874	6,1862
6,9563	4,5477
19,4081	-7,5109
-7,0686	4,3513
16,3277	4,5477
-10,4765	4,3512
17,9006	7,6934
8,7912	-3,3820
29,8283	5,7930
24,3234	12,9363
23,9956	-5,4794
17,7698	6,3828
15,8690	0,2877
5,5144	-3,5132
5,3832	7,4312
17,0488	-7,1178
1,1234	-7,6419
21,7675	-4,6275
-2,6121	-23,1086
12,7889	-13,6059
-17,0957	-17,8660
-0,4496	-26,9753
-24,9602	-6,8559
-6,3480	-17,5381
-23,9116	1,6641
-2,1538	10,3803
-18,6687	1,7298
-9,4283	21,7183
-9,6246	19,3590
-5,5616	3,2372
1,7131	11,0359
-13,1637	4,4820
0,0095	-0,4985
-1,5638	1,8606
8,7257	0,0912
-3,5951	5,0064
16,7866	4,8098
-4,3816	6,5794
14,5583	18,0481
-1,4981	6,1861
16,6552	12,4124
3,0239	31,0244
5,7761	19,0969
-3,9229	23,6192
4,8586	32,3350
1,9098	14,5751
-1,1706	12,8710
8,3980	0,9434
-5,4959	-2,3989
1,5168	3,8267
-8,1829	-11,1155
8,4634	-2,7269
-10,6076	-9,6739
7,6770	-17,2104
-10,2143	-2,3337
7,8080	-6,9214
-7,9206	-3,7099
5,2520	4,8753
-2,2190	-0,9573
3,8756	1,3365
-2,8088	6,3171
1,5164	-6,0037
0,5335	-6,3969
-5,1029	-18,8488
5,3176	-18,9142
-17,5547	-3,0548
2,6961	-17,0139
-19,7173	-7,9041
1,2544	9,2006
-3,7920	-4,9550
13,9684	5,4653
3,7449	1,9917
29,5660	-14,7198
14,2308	-8,8217
28,1243	-13,7370
14,8862	-15,5065
19,7358	-15,1134
20,7844	-25,2061
8,3979	-22,6499
19,3427	-17,2763
12,7232	-32,6770
20,9811	-7,0524
8,9879	-11,3780
32,0567	-14,4579
9,3811	-9,2151
30,4837	-15,8997
6,7595	-12,2296
10,0363	-3,2513
-11,5905	-20,4873
6,5627	-15,8996
-15,0640	-6,5938
1,3852	-25,5990
-9,7558	-10,5914
-5,2996	-18,9145
-8,9693	-8,4286
-9,4939	-3,1204
-11,6562	-16,1617
-12,5083	-6,7245
4,0724	-4,9553
-22,1421	-11,9675
8,3324	2,9746
-7,9863	-7,2490
12,0023	-2,5957
-0,1218	12,1497
16,3277	-0,3020
1,1236	4,1546
17,9661	9,5284
-0,7116	-6,7900
14,6891	0,5502
5,4487	1,6640
-4,7751	-12,0330
5,5799	5,1373
4,5965	-10,8535
9,3810	-9,4771
-1,1704	-7,1834
16,8522	-9,3461
-1,0392	0,6809
20,9153	-7,1833
-1,0393	-6,5934
11,0193	12,8053
-12,3770	3,5646
3,3515	4,8756
-6,4789	13,0018
-6,7413	-3,3821
-18,4064	10,5771
-12,7707	8,8730
-17,0959	-4,6927
-18,9967	9,7907
-15,9163	9,5285
-23,2565	7,7591
-7,2654	13,9850
-21,9455	5,3998
3,0239	9,6597
-16,6370	16,8030
7,1526	3,6304
-15,4574	11,2325
-4,5785	3,0404
-24,8946	1,9265
-11,3944	17,3928
-19,6519	-3,3822
-7,2003	-2,0712
-9,2315	4,2856
-8,7729	-8,6249
1,3200	3,4992
-9,6904	1,8606
1,0578	-3,0544
-15,2608	7,8246
6,8904	2,3851
-23,3873	16,8032
7,3494	24,7984
-10,8043	10,3152
20,0634	16,3445
4,5313	17,1963
23,4713	5,3343
-4,7092	17,4584
14,8858	1,9263
-7,8551	0,8123
-1,3018	13,6572
-6,7410	-5,4138
-11,2634	2,4506
-4,3818	-2,5959
-15,3266	-8,1007
-5,6924	1,0743
-14,1467	-6,0693
8,2667	-7,6421
-11,3942	2,9745
6,3661	-13,1472
-18,2754	-0,9572
4,8588	10,5769
-6,1512	-1,7437
11,6090	12,8054
4,6624	0,2878
15,4101	-12,6882
0,2716	-4,2343
-5,8891	-17,7349
-7,8551	-5,2173
-23,1255	-4,1034
-19,3897	-7,0521
-30,7933	13,8540
-14,2780	14,9679
-23,2564	-8,1661
2,7615	1,1398
-13,6879	-16,8172
16,3931	-11,9020
-5,6268	-8,4943
20,3253	-19,2421
2,3030	-0,7608
6,1696	4,6129
3,8105	-11,9019
13,9681	-2,2681
3,4173	-5,0861
6,9559	0,5502
12,9200	9,0042
-3,0055	-1,7436
10,2331	5,6619
-4,6438	-1,6784
10,0364	-15,3098
-5,4958	-7,7078
9,6430	-15,5065
-2,8743	-4,0377
18,2937	-4,3655
-5,6923	-11,5744
19,5390	-13,2126
0,1403	3,1713
7,8079	-2,2026
-1,1048	11,4289
7,2181	9,8560
12,1991	9,2666
7,6114	24,2087
20,7845	6,4484
4,7933	9,5943
5,3834	10,0527
-8,9692	-13,2124
2,2374	2,0574
-8,5761	4,0232
3,3514	-5,9381
-5,9546	1,7952
10,3638	-4,8241
-2,8088	-6,3312
4,2034	1,2052
-7,2653	-12,2951
1,7783	-5,1516
-11,1975	4,6130
-14,7367	-11,3775
-7,9207	10,3149
-15,1954	-0,7609
-10,4111	-2,3335
-17,7512	5,4651
1,9096	-6,9210
-15,7196	13,1985
6,3661	10,5114
-19,9138	5,2688
0,8613	14,0507
-7,3963	17,6550
13,1818	6,5795
-1,6948	18,0483
5,9073	1,9264
4,4658	6,0553
4,8588	0,3535
1,2547	-8,8215
3,1549	-2,5957
2,9585	-2,8581
-7,3964	-23,0431
1,7788	-5,6761
-10,0180	-19,3733
3,2205	-14,3268
-17,6856	-15,0479
7,2182	-20,5528
-7,3964	-16,6207
8,1357	-20,2253
7,6114	-29,2035
9,4462	-14,5236
0,8613	-16,9485
2,6960	-9,1496
-2,3500	-2,3339
0,4678	-12,5574
6,9561	-1,0884
-5,4304	8,3486
3,4173	-2,2025
-11,1321	-2,5956
-5,6269	0,9431
-25,8123	-11,7708
-12,5084	-9,6737
-33,8731	-16,0309
-6,3481	-14,5236
-20,2416	-15,3757
6,4971	-30,4488
-8,5105	-8,6909
8,0701	-9,6085
13,0510	-13,0816
9,0531	1,2709
10,8230	-0,8264
8,2666	-10,3289
10,2986	2,9746
-3,4644	-8,8218
-1,4325	-3,9066
-10,2801	-3,9068
-1,8259	-13,5403
-13,2947	-5,3482
3,3514	-6,5934
-10,0833	1,9919
13,1819	15,6232
-4,0539	6,0551
8,9220	18,7037
-0,9739	15,0991
2,7615	4,6136
-5,1027	22,3737
-7,5277	8,2833
-6,8066	8,0213
-12,4429	8,2833
-4,5783	-6,9866
-19,6519	5,2030
-6,8722	-12,4919
-23,7806	-18,4554
-4,8407	3,2368
-23,3874	-5,3485
0,5988	-6,5280
-12,4428	-0,0399
7,4146	-8,8873
-6,0857	3,7613
2,2373	8,3486
-2,5466	-6,7245
2,4993	5,9896
-1,1704	6,6447
-6,2169	-8,1663
3,4826	-0,3676
-15,9819	-8,3632
-2,2189	-11,1155
-13,4260	-4,6932
-3,2021	-18,1279
-18,6032	-6,3314
2,1063	-8,1665
-8,6417	-9,2804
7,4146	1,6640
-4,8404	-5,0863
11,8711	-6,7900
0,1403	-1,8095
7,6113	-16,0307
-1,4325	-8,9527
-5,7582	-6,4626
-6,6754	-14,5888
-10,4769	2,0572
-8,3795	-10,9189
-17,8168	-8,9526
8,0046	5,5962
-9,2315	-7,7076
9,8397	-0,8917
-14,2121	4,6786
4,6623	-8,6907
-8,5105	1,2054
-1,6949	8,5452
-16,8991	-2,7924
0,3367	1,4020
-12,5737	4,9409
-0,9084	8,2834
0,9922	9,0697
-5,2994	0,8778
1,3201	4,3511
-2,0881	1,9916
7,7426	-10,0669
-6,1513	-2,0716
5,1867	-3,5135
-12,3116	1,7951
-1,4981	6,8413
-13,2291	1,4021
0,7955	18,1139
-10,2800	17,7861
5,7762	17,9828
-2,2189	10,2494
21,5049	1,7952
8,7914	3,7614
17,2451	4,7442
9,1846	-1,8747
5,7764	8,1523
9,3810	18,1791
-13,3602	0,5500
1,7133	13,3952
-17,0957	11,1667
2,2374	-7,1830
-12,7704	10,6426
4,9243	2,7782
-15,1953	2,1229
-5,2339	-0,6299
-24,8291	-27,1717
-8,1831	-13,6714
-6,9379	-19,1767
-6,8071	-29,2693
-8,4450	-27,0410
-10,8702	-28,3519
-10,7387	-17,4073
-12,7707	-15,8345
-0,9084	-22,3878
-14,8677	-11,8365
12,0024	-14,9169
-3,3986	-32,9391
17,9663	-19,1110
3,8759	-17,8004
12,6577	-18,3901
-14,4743	-2,8583
1,6474	-27,8928
-17,6202	-8,4284
-7,2657	0,6808
-17,6858	-11,0499
-18,7346	9,4630
-9,3626	3,1714
-8,1177	-1,6781
-4,4473	6,3826
-5,6926	-11,7708
0,9922	-4,6929
-17,2924	-4,8242
-0,8428	-13,0160
-24,0427	1,7951
-5,6271	-0,3677
-30,9896	-9,2149
-12,0498	-6,0038
-22,2734	-18,3245
-14,6059	-12,3607
-31,3828	-12,4919
-17,0307	-12,8851
-17,7514	-6,3970
-20,3075	2,5158
-4,7095	-10,1980
-7,0035	1,9917
3,2204	-1,6784
-8,0518	-0,0398
2,3685	6,7758
-10,6076	-2,7268
7,8734	-0,1708
-11,7873	10,9045
0,3368	-13,2127
-13,2290	-0,5642
8,7908	-11,7710
-10,4111	-20,2905
-2,5470	-8,3631
-13,2946	-16,8174
-3,8578	-20,7495
-5,8890	-14,4581
-5,4306	-28,7449
-4,7093	-16,4241
-6,4136	-16,2932
-6,6754	-17,8659
-12,7705	-12,6231
-0,8428	-17,6038
-15,7195	-7,5112
3,8102	-8,3631
-22,0765	-9,4115
-2,0225	6,1205
-25,7465	-0,2366
-7,9209	-7,6419
-17,8167	1,4675
-7,7901	-10,2636
-19,9139	-11,4431
-15,5231	1,8605
-6,6101	-13,0161
-20,6351	0,4189
-16,3093	-0,4333
-23,3875	-9,4114
-14,4745	10,6426
-25,0914	0,0912
-2,9401	-3,9065
-18,1444	2,5160
10,6916	-20,8803
3,3515	0,6813
20,1943	8,8073
9,7744	-0,6296
25,4374	13,7883
19,6703	7,4313
19,5391	-2,1369
9,9710	8,4798
6,8905	-5,7415
0,9925	-6,1346
-2,2192	-5,2830
2,4997	-18,3245
-20,0450	-7,7078
-0,7773	-0,3023
-29,8755	-11,5087
-13,6880	8,0211
-21,5525	10,1838
0,6643	14,2473
-17,2923	21,1940
4,8589	4,6135
3,7449	13,7885
11,9367	11,1014
9,9054	-0,6294
12,3954	9,2009
3,6795	3,1060
4,8587	2,3852
1,0579	11,9533
-5,2339	0,3535
-3,9230	5,0722
-23,5840	11,6912
2,5650	3,7614
-23,5185	3,0404
-3,9231	0,6155
-13,0982	-4,8894
6,7590	-0,2364
-12,6393	-7,7075
9,6429	1,7297
10,0363	5,3996
16,5242	-5,1516
9,9055	9,0042
21,6361	-3,4476
18,2939	-2,0712
3,2205	13,1329
6,8252	-2,5303
-0,1874	-6,3312
8,4634	0,0911
-17,8821	-20,2249
4,0069	-2,4647
-15,8507	0,4842
-7,9864	-11,8364
-19,3896	-5,4138
-5,3652	-11,9676
-27,1884	-11,1154
-7,3968	0,0910
-20,2415	-16,2927
-15,7198	-8,7560
-5,6925	3,1713
-13,7538	-4,1033
-9,3625	-3,8410
-13,6226	-9,4772
-8,4451	-9,3459
-19,7174	1,4674
-5,4304	0,6811
-21,8799	11,9533
8,9875	9,3973
-14,1465	0,4191
19,4078	11,6258
-1,7602	3,1060
22,6847	-0,6949
6,8252	7,4968
19,8666	0,0912
7,8083	1,4019
16,9174	-2,9890
9,3811	-3,1855
1,7130	13,3296
14,2307	14,0504
-0,2529	20,5387
23,2093	20,1454
6,6940	16,7376
25,2409	15,6235
5,2523	10,0527
25,4372	-6,1346
-3,0709	1,3366
15,0169	5,3339
-7,3308	-15,0476
-3,2678	-4,0375
-16,8336	-2,2027
-10,4114	-6,0691
-12,9671	9,0697
-16,1131	7,2348
-11,7218	19,6212
-16,4407	26,1747
-8,1173	16,9998
-13,6225	24,6019
-0,6462	11,9534
-6,1512	7,2349
15,8690	0,5501
-6,4787	-9,2148
16,4589	-10,9188
2,3031	-14,1958
10,4950	-16,6205
-0,7116	-8,9529
1,4509	-7,9044
-1,5634	-9,8047
12,4610	3,6956
16,0657	-1,7437
10,1018	8,2178
23,0127	13,9194
12,6578	18,1138
21,8332	24,3399
7,6772	26,8958
22,7505	22,7016
-0,0562	26,4371
13,0509	17,2620
-5,4302	17,4586
17,1140	13,7228
-11,9183	3,8924
3,3514	12,2810
2,5651	7,7588
3,1546	-3,1199
-1,4325	9,4629
-0,7118	-0,4331
8,4634	3,1715
-15,9163	-3,1202
-5,4957	-11,3120
-21,4869	-4,8895
-7,0032	1,6640
-22,0113	-7,9697
-1,8915	1,1398
-12,6394	-3,0545
14,4926	-9,4114
-0,0563	-1,0885
26,2237	-12,9507
16,4590	-12,0986
31,2045	-7,2490
18,0975	-13,6716
20,2600	-7,4456
9,7743	-5,8728
-1,6948	-9,4771
-2,4156	4,3510
-20,3727	-0,1710
-13,6879	-3,9064
-30,2687	10,7737
-8,8384	-3,0545
-22,5355	0,3535
3,6789	-1,1540
-22,9941	-7,5110
4,5311	-4,8896
-5,4959	-14,8512
7,2180	-11,8364
-1,8257	-0,3678
10,6259	-7,3800
2,9585	-10,7877
5,9728	5,5961
-0,1216	-5,3482
-2,4813	6,7104
5,5799	3,0404
-12,7049	2,7783
4,4001	12,8053
-11,1977	10,9703
5,7764	13,0021
-6,0856	14,5748
13,5752	6,9728
-12,1149	20,2110
6,1695	13,5916
-7,6586	4,1546
-13,9503	11,7567
-20,1105	7,4314
-20,7007	9,3976
-12,9670	21,8493
-6,2171	11,2325
5,5798	21,1286
-2,4813	24,2741
11,6748	1,9265
-1,6292	20,3420
16,3934	3,3682
1,9099	9,0045
20,5876	20,3421
-2,8086	9,3976
17,2452	17,9173
-4,9059	13,7229
1,5820	-2,3334
-16,2437	7,7590
-5,7582	-0,3676
-14,0811	-7,8385
-13,4261	8,6763
-5,8891	-1,2852
-5,9548	-4,7585
9,5120	0,5498
-4,2507	-14,4579
12,3958	-3,6445
3,4826	-7,7734
7,8082	-9,1494
-9,7555	0,2877
14,3616	-4,4964
-9,8867	2,1884
13,0507	10,8390
-4,3816	1,4675
10,5604	12,4120
0,0093	2,1884
5,3830	9,2010
-3,0054	7,8902
-7,0034	13,9851
-4,4472	20,3421
-14,0158	23,7500
-3,3332	18,4416
-22,7321	17,7863
-4,5784	13,5262
-20,0450	7,1038
-2,3502	17,3929
-21,6833	16,9340
-6,0203	1,4021
-14,4744	12,8710
-4,4475	10,1839
-13,0326	11,6913
2,8924	9,2663
-6,6099	5,0722
7,8733	15,1647
11,0194	11,5601
5,9074	0,4190
18,0974	1,8608
-2,1535	-6,1346
8,5291	-4,3652
-13,2947	-7,3800
1,9098	-17,9967
-15,8507	1,7297
6,3005	1,8606
-22,5354	-10,6565
-3,5955	10,1183
-13,5569	0,2223
-1,7606	-1,3504
-8,9692	2,3194
0,5332	-8,8872
-3,5297	3,8924
-0,3188	1,9261
-1,6291	-9,8702
-4,5129	5,8585
9,6431	4,3509
-10,4766	0,7467
7,4805	-1,7438
-6,5445	-6,9211
13,1820	1,0087
-9,2314	2,7125
12,9197	-8,3629
-7,1998	-3,7099
8,0700	-3,1201
3,0894	0,0912
10,1670	1,4674
-1,9567	-8,6906
9,1841	-5,3481
5,1866	11,1667
-4,6440	-12,8848
1,3857	-1,1539
-1,3015	-0,9576
14,8205	-17,9968
-1,8911	-11,7710
19,6703	-22,1259
9,6432	-26,9754
24,8475	-16,4896
7,4150	-17,8659
27,4033	-8,2976
7,8738	-10,0016
20,3254	-17,9968
10,4952	-2,6616
13,2475	-25,9268
11,2817	-19,4387
16,6553	-9,9361
14,8207	-27,3030
9,6431	-12,8196
13,9689	-9,0187
3,0895	-24,6160
16,7867	-12,3607
-4,3161	-9,7395
9,6430	-22,7155
-12,5082	1,6639
7,3489	-9,4118
-26,4676	-2,2681
-11,3944	-6,4626
-25,2224	-7,7732
-9,1008	-2,8581
-20,5693	-13,4095
-7,4623	-16,7515
-6,4134	-5,0208
-4,0543	-12,6885
-5,9545	-11,6398
-14,1467	-5,4796
-5,8234	-15,7687
-15,1953	-1,4161
3,0893	3,6300
-18,8653	-11,7052
8,1357	9,7905
5,4487	2,3194
20,8497	1,3364
14,2308	-4,2997
28,7141	-10,4600
14,6896	-6,0036
23,7332	0,8119
7,9393	-19,4387
0,4024	-16,8827
7,6116	-14,7858
-6,0857	-20,1597
9,7742	-13,8028
-3,7920	-27,9586
13,5098	-17,4071
-12,7048	-10,6571
16,3934	-19,5041
-8,8382	-4,7585
13,3785	-6,9212
-16,3749	-2,2679
3,4826	10,9047
-9,5591	5,2031
-2,8746	13,5263
8,9221	19,9487
4,5308	-0,2363
-9,9522	11,6913
-3,5954	-1,8092
6,1696	-0,7606
-10,8045	0,6809
1,3199	-17,3415
-13,6879	-11,3123
0,8611	-9,8704
-22,2076	-10,0014
2,3684	-3,8409
-20,9626	4,3511
-11,0010	2,3851
-15,4575	16,7375
-4,9063	3,3026
-11,1976	8,1524
0,4021	18,3103
2,0409	5,4653
14,8857	2,8439
7,3495	-4,2997
12,9198	-7,9697
12,6579	0,6154
-4,3161	-10,7225