-16,8538	1,3404
-8,1373	2,3235
-9,3170	12,2193
-2,6323	3,0443
-7,2853	-3,5092
3,9212	3,1754
-1,1248	-3,3128
3,1350	0,6849
4,9047	0,8815
12,4412	-3,3782
7,3951	10,1877
2,6109	5,2069
11,5894	1,6681
6,4774	9,6635
13,1622	5,9935
0,6447	11,7608
6,9363	5,9935
-0,2073	5,0105
5,7565	9,0080
2,0864	-3,9680
9,4264	-3,9024
1,4967	6,6487
10,3439	-9,2110
4,9045	-9,6041
5,8875	-9,4076
-3,2874	-10,7839
2,4795	-4,9512
-4,4671	-1,2812
-8,5960	-5,9341
0,5791	6,7143
-10,4311	6,4520
-0,4039	-0,3636
-6,6300	9,2047
0,6446	5,7968
-9,5790	6,8454
11,4581	8,5495
4,0526	5,7969
20,5676	8,0250
7,9848	2,0612
13,0966	-6,2618
1,4968	0,1607
8,5745	-1,6743
0,7102	-2,6573
-9,4480	-1,4777
-1,8457	-2,5262
-4,8606	5,9278
-2,3044	-2,9196
-5,0571	-10,1284
3,3971	6,0588
1,6276	-10,9150
6,1497	-12,0291
-1,4525	-11,1772
12,1790	-11,9636
9,4921	-2,6575
12,6378	-6,5897
11,1962	-6,7860
16,7011	10,3188
9,2301	9,4669
6,8051	6,3868
3,4629	13,2026
1,6276	17,8555
-0,7971	16,3483
-10,7588	13,2026
-2,4355	12,2196
-8,3995	14,4476
1,1033	3,6341
-11,3485	-7,7692
3,4626	-9,0800
-9,6447	-8,8834
-10,9554	-5,4755
-16,3293	-7,2450
-1,0596	-1,5432
-12,8559	12,2849
-7,1543	6,1245
-8,4648	2,1925
-3,2221	15,8239
3,3317	11,3018
2,0208	9,0082
6,8707	3,9620
4,0524	7,6975
0,1859	17,2657
-7,5475	6,3212
0,8411	6,5179
-17,1813	14,1855
-1,6492	10,1877
-4,2052	3,9619
4,7078	5,0104
7,0018	-1,4776
15,8490	6,7144
15,3250	-5,4098
15,4560	1,3405
13,1624	4,4205
10,5408	-3,7715
16,5702	-1,8053
6,3463	-3,4439
4,0526	-9,2111
-7,3508	-14,7162
5,7565	-19,2382
-11,8728	-18,0586
0,3825	-11,3740
-4,8604	-13,6022
8,1156	-17,4685
-9,6445	1,6679
7,4602	-5,7376
-4,3362	-3,3783
-1,1249	-10,4563
-1,1902	-13,1432
1,5621	-12,1603
-0,4694	-20,7455
-10,4310	-14,9782
-9,9723	-9,8665
-20,9170	-11,5703
-7,2855	-5,2788
-26,8809	2,0612
-11,0866	-1,0844
-19,2786	5,7968
-8,7928	-3,9025
-19,3441	-6,3928
-7,3510	1,6024
-19,4096	-13,2744
-8,3997	-13,4708
-21,1791	-5,4100
-9,8414	0,2261
-12,6594	-2,2642
-14,6911	-1,4121
-8,0718	5,6658
-12,4629	15,4307
-7,6785	10,9087
-11,4798	13,5959
-4,4018	18,3145
-8,5962	20,8048
-3,7464	22,1810
-10,6276	13,7270
0,4479	18,5767
-7,4818	27,4894
5,3631	13,8580
-1,3869	16,2830
7,9191	22,3121
15,3248	17,3314
7,5260	18,1835
15,9804	23,7539
13,4243	11,5642
9,6889	20,2149
8,5746	8,7461
10,6719	6,1902
10,6062	7,6974
16,0457	4,6172
6,4775	-3,1160
21,3542	4,9450
9,1644	11,5640
14,4729	4,3551
9,0989	0,6196
9,6231	1,5370
0,0550	6,1243
2,4141	-7,2450
0,6447	-14,2574
-2,4357	-19,8281
0,5791	-29,1343
-6,4989	-35,0982
-1,9769	-48,4021
-12,8561	-54,3003
-10,8244	-48,2058
-27,5362	-67,6701
-19,5409	-79,2044
-34,9419	-73,5030
-19,3444	-95,3921
-35,6628	-99,9142
-32,9759	-113,6770
-49,2288	-121,8035
-40,4472	-125,9981
-58,7318	-146,3800
-58,9286	-160,9291
-62,5330	-171,6773
-67,1207	-189,9620
-60,3703	-205,8875
-67,2517	-217,8808
-53,8822	-236,5590
-66,0720	-257,5962
-63,6472	-278,6991
-78,2618	-292,7240
-68,9558	-295,9355
-90,1896	-315,2033
-88,2890	-327,7863
-89,2721	-334,9954
-87,8304	-341,2870
-93,5976	-346,7922
-90,1243	-364,8147
-101,3963	-367,7638
-97,9887	-366,1257
-101,3308	-380,4782
-107,2293	-395,2894
-95,1050	-392,9303
-106,5739	-402,1710
-105,7219	-406,7585
-109,7197	-401,9744
-98,1854	-402,7608
-113,7829	-391,3575
-95,6950	-392,9303
-103,1004	-388,0150
-90,5830	-380,7404
-87,1095	-374,5145
-84,7502	-373,4658
-87,2403	-367,5675
-77,5412	-364,6838
-80,8833	-350,7246
-77,8033	-353,1493
-75,8370	-338,5344
-73,8054	-319,9878
-60,9603	-320,5774
-68,6936	-305,2417
-63,1884	-288,3988
-67,2517	-271,2938
-55,9794	-263,2982
-62,3364	-251,3704
-45,4936	-236,8211
-57,8798	-214,3421
-46,6731	-205,4946
-46,9352	-190,2899
-41,4302	-175,5441
-42,8063	-151,8854
-36,5149	-137,7949
-32,6482	-130,9134
-33,3691	-119,5098
-19,1476	-106,7958
-27,9295	-98,6692
-6,3679	-90,5425
-15,6085	-69,1778
6,0186	-64,1969
-3,4187	-52,9899
3,4627	-42,1763
-4,7949	-24,9400
-0,7318	-9,6045
-8,6615	-7,3761
-4,5984	-10,5216
-3,7464	0,8817
-5,1883	1,4059
-10,0378	1,9958
-11,9385	3,1754
-16,0673	7,1732
-26,4876	14,5788
-21,7034	19,4941
-24,7183	20,4118
-19,4752	42,2352
-15,0190	36,4680
-15,9362	37,5169
-13,1836	46,4953
3,3315	43,3496
-4,2706	43,0219
6,4118	36,2062
-1,2558	41,5146
7,7880	40,6624
-1,9112	29,1282
-3,5497	31,2253
4,4458	33,2567
-4,5328	23,6230
4,9045	20,6739
-3,8774	24,0162
11,3925	26,3099
-1,9768	29,0624
16,6356	20,7393
7,9847	12,6129
22,2717	16,4139
5,1669	9,4669
25,2209	2,5857
19,1260	1,7992
23,7791	-6,3274
22,9273	-0,8224
20,1746	-13,0776
18,6020	-6,6550
19,3226	1,0125
14,6041	-14,0607
8,9024	-10,4562
16,1112	-1,5433
0,9068	2,6509
6,8707	0,8815
4,6423	-2,0676
9,5575	-2,2641
-0,6661	5,7967
6,6739	-10,7184
-5,3846	-4,5578
6,4117	4,0928
-1,6491	-2,8540
4,3802	2,5856
6,9363	-1,5432
12,7033	0,1608
13,6211	6,4521
14,7351	-4,2958
21,7477	-11,8323
20,1745	-8,0969
17,9466	-12,7501
9,9509	-14,4540
17,7497	-12,5534
-1,3214	-9,7354
7,7881	-2,3298
1,0379	-2,8541
3,5938	-9,6697
-1,5179	-1,3468
8,4434	-11,3083
-0,0106	-10,9149
-1,8457	-7,2451
-5,7122	-4,6236
-0,9284	3,8962
2,4797	3,4374
5,8874	-3,3781
12,7033	13,1369
5,1667	4,5516
21,6164	-2,9193
6,0187	5,9279
15,9803	0,8160
-2,6321	2,3234
8,3779	-2,4607
-4,5327	6,4522
3,7248	14,3164
-4,4016	-1,0844
2,8728	3,1756
-6,3676	9,6635
8,4435	1,6025
7,2640	-0,7568
14,9971	-6,0652
12,8346	-3,3127
10,4752	2,8475
15,0628	-5,0168
7,3949	-6,5895
7,7882	-4,8856
2,8730	-5,1477
8,9022	-0,8878
-0,9937	2,1269
3,7902	7,2387
-11,4795	10,5154
-1,6493	9,4669
-8,4649	4,6829
-3,1565	8,5494
-2,8287	2,9788
2,7417	-6,1307
1,6278	4,7483
4,3802	9,4013
7,7227	5,1414
7,0017	3,5686
14,8661	5,9935
6,8050	13,7922
12,9000	-0,5601
4,2492	4,0930
14,3417	5,0104
6,2153	-4,3613
13,8830	-4,7545
6,6740	-5,1479
7,2638	-9,4076
3,2663	-5,4755
9,3610	-16,5512
13,0967	-15,8957
11,6547	-11,7671
11,7861	-17,5343
16,3078	-19,1070
14,6695	-10,5218
5,5599	-0,6913
16,1768	9,4667
7,9192	1,6681
14,9317	9,8602
6,9363	15,2341
18,4049	4,6828
0,3171	8,5495
8,3779	1,7335
-3,4185	-1,6742
5,2320	1,7336
-5,9744	-1,2811
2,3485	-4,2302
8,1158	0,8160
4,4458	-2,4607
16,8978	-4,0335
10,1474	7,0419
12,2448	0,0951
8,5089	1,0783
6,6741	3,6341
2,1520	6,1901
5,4944	10,9086
1,5623	-4,7545
15,5214	-2,3295
5,1012	-3,7060
14,9315	-8,6212
4,1838	-7,4416
12,3101	-7,9003
4,9046	-8,4902
7,2638	-1,6089
7,2639	-0,4293
2,6108	0,8161
14,8662	6,0588
7,9192	-6,3273
13,2933	-1,2810
5,8876	0,6194
10,2785	1,4059
1,8243	4,1582
2,6762	-10,1940
-5,3191	-5,1476
2,7418	4,1582
-5,9090	-6,4585
-3,6808	-7,4415
0,7757	-5,6721
-8,8582	-11,6359
-5,0570	-8,4247
-9,6448	-12,1603
-6,7609	-11,5703
-7,8097	0,8814
-4,8604	-13,1432
-8,1374	-10,5871
-1,9113	2,5199
-8,0063	3,0442
-4,3362	1,4715
-13,3802	5,2726
-2,6323	3,9619
-8,3994	0,7506
-8,1374	-7,5726
-7,0231	-11,8324
0,3168	-12,6845
3,4627	-16,1579
5,3633	-15,1749
7,4607	-9,9321
9,2299	-14,2574
12,9001	0,2261
3,5938	-6,7862
13,6209	-1,4776
3,1350	5,6658
12,7690	2,7166
11,1306	0,8818
16,4390	5,9279
15,7836	4,9449
20,9609	10,7120
8,5090	5,9935
11,6548	12,4816
11,5893	9,3359
14,8660	10,1878
21,3543	2,6512
21,7474	1,2749
20,8302	-1,0845
17,6843	-0,8224
22,7306	-0,6258
10,7373	0,6194
14,8662	6,2556
3,0040	-1,0190
12,8345	-5,0165
-1,3213	-1,2156
12,1790	-6,4585
-0,9281	-9,8008
1,4311	-8,6868
-0,0763	-10,9806
2,0209	-6,8519
-3,8773	-10,1942
5,0355	-11,9636
5,4289	0,2260
10,6061	-11,6360
5,8877	-12,9465
4,3803	-1,7400
10,1475	-4,2303
0,3170	-3,3127
8,6401	-5,6721
-6,8921	-7,5070
2,0209	1,5369
-4,6638	-7,1138
6,6739	-9,3420
-0,8625	0,6195
8,9022	-3,6404
2,8075	-2,2642
6,5428	-8,8178
-7,0230	-8,3590
-5,2537	2,2576
-2,9599	-12,0292
-4,6640	-6,7207
-3,8774	-2,1987
-3,9431	-0,0359
3,3315	3,4375
-1,9769	2,5857
11,7858	10,7121
4,2492	2,0613
13,0311	-2,5262
3,0041	-15,3714
10,4095	-8,0315
-3,7462	-18,7140
2,8072	-20,3523
-6,3022	-16,6823
-3,8120	-7,4417
-12,0694	-4,0338
-12,5938	-7,5728
-4,7950	-11,2426
-13,3148	-2,4609
-3,8775	-13,7331
-12,0695	-16,5510
0,4479	-7,6383
-7,7441	-10,1287
-0,1418	-14,9784
-12,1350	-20,0902
-5,7780	-18,7794
-20,2616	-12,8812
-18,2300	-18,6485
-21,1792	-18,1895
-14,8223	-12,0292
-15,4773	-7,3106
4,1179	-10,0631
2,7419	-11,7670
10,7373	-8,1624
20,0435	-5,0823
10,6061	-5,2133
8,9023	-3,8370
0,2515	3,8962
10,7371	-3,0506
-9,5791	-7,5070
1,2345	-0,6258
0,7101	-9,4732
5,9530	-10,5875
8,1158	-22,4495
15,8490	-19,6970
6,1499	-15,5027
11,1305	-15,6993
1,6934	-11,3738
-0,1418	-7,1794
0,3170	-5,6721
-4,5328	-3,7060
0,3825	-8,4247
-10,2345	-12,4223
-2,1735	-4,3615
-16,2639	-11,7015
-10,6277	-7,9659
-14,8877	-8,7523
-15,0188	-5,2134
-12,4628	-10,9805
-7,9409	-2,4608
-16,2637	-5,9998
-4,7296	4,4860
-9,3824	-5,4100
-8,5962	-5,7374
-10,8242	9,2702
-9,2515	-3,3783
-5,1226	-3,3126
-13,3803	-3,4438
-1,9113	-0,1015
-5,3193	-6,5241
6,8705	-13,3398
-4,4674	-8,5557
-2,5011	-1,4779
-6,1057	-12,6190
4,1835	-7,7691
-4,2051	1,0781
6,9360	2,6511
5,1012	7,5662
8,3778	2,5201
1,0379	0,8162
-3,2220	19,2974
0,3826	6,5177
-4,3363	1,1441
-3,8118	12,9403
-8,7270	1,0128
0,9722	-0,3634
-2,6323	1,9958
-1,3215	-1,4776
-7,2853	6,1900
5,6253	-0,1669
-5,3192	-3,8369
3,0039	4,5517
-0,8626	-3,7716
8,3778	-8,8178
-3,2874	-13,7986
-2,8288	-16,4855
-4,2050	-11,8325
-3,6809	-13,8642
-0,5350	-5,9999
-1,9769	-11,7015
7,0017	-12,2258
1,1689	-14,3229
8,8367	-10,2597
-1,9113	-13,3399
1,1033	-4,3614
-11,4141	-8,3591
0,1202	-9,8663
-5,3192	0,9472
2,7418	-1,4122
3,5282	-0,4946
6,1496	0,8816
-3,8118	0,8160
-5,7126	3,0443
-8,2027	4,1583
-11,4143	-3,1816
-7,8751	-0,2325
-8,1373	-4,8856
6,9360	-11,7013
-4,4673	-12,4223
12,5722	-15,0438
-4,5982	-17,9275
14,4072	-21,2044
-0,0762	-21,5976
8,8366	-21,4666
-3,2875	-27,9546
-1,9769	-24,4810
-1,5836	-11,5051
-3,8119	-9,0147
3,9215	-11,2428
3,2659	-13,6676
2,2176	-8,6213
-1,1903	-5,9999
11,5892	-15,6991
-4,6638	-5,9341
6,6085	5,7311
0,1858	-2,6574
7,9846	-3,1160
-3,8118	6,1901
6,5428	8,2872
-6,4332	0,1608
-0,8627	4,8139
-5,1225	4,4862
4,5767	11,1708
0,3825	1,9303
-1,5181	4,2897
-9,3168	14,2510
-11,6762	9,1392
-5,8435	4,6173
-15,2808	0,1609
0,3168	-0,6255
-8,9894	13,4646
-0,6005	6,1245
-3,0254	5,6004
11,3926	13,4646
0,5137	1,4060
8,7711	-1,3465
-4,1394	-5,4099
7,2637	-12,1601
-7,4818	-6,6552
0,3824	-12,9467
3,9215	-13,9952
-0,7972	-14,1920
7,9848	-25,0709
0,0548	-23,8914
5,5600	-27,2993
1,5621	-30,6417
12,5067	-28,3480
1,8243	-31,4281
11,3927	-26,3817
2,6109	-5,8689
10,0164	-11,1117
-1,9112	-5,6064
0,3169	3,5686
-7,4819	3,8963
-9,0549	-1,2155
-10,4966	-1,0844
-8,1374	-1,8709
0,3169	1,6679
0,9722	-7,9003
9,9509	-4,0336
5,2321	6,2555
11,1961	2,8477
-3,2875	6,3868
6,1497	3,6998
-1,9113	0,2919
5,2322	2,2579
-3,1564	-15,2404
9,2953	-18,4515
-2,6976	-13,5366
3,1350	-18,1241
-10,0378	-20,1558
-13,9700	-20,2868
-15,1496	-17,9931
-19,8030	-10,4564
-20,5892	-16,4201
-13,7081	-17,4684
-7,3510	3,5684
-10,3001	-7,1795
-2,6322	-8,8178
0,7756	-10,4563
11,0649	-13,0778
6,4119	-13,8642
15,3247	-14,6506
5,5601	-13,6020
14,4727	-2,3300
2,2175	-15,1094
0,3169	-11,3082
-4,5327	-11,7015
-3,9431	-11,8326
-11,4796	-19,3692
-9,7103	-21,0076
-7,2198	-17,0755
-5,3849	-14,8473
0,5790	-18,1241
-8,2029	-12,4878
-0,6661	-4,2304
-7,8096	-2,7231
0,5135	-3,4439
-6,3022	-7,6382
4,7734	-8,0969
-3,9428	-6,7864
6,3463	-17,0755
-2,5665	-18,6482
1,7587	-8,0316
-3,7463	-8,0971
-11,1520	-6,1964
-10,8242	-5,4755
-9,7104	-1,2156
-5,8436	-0,3637
-7,8096	-5,7376
7,4604	-1,0190
3,3317	-0,4293
20,1090	-16,1579
16,7667	-14,6504
19,6502	-4,8857
3,0697	-8,5557
8,0503	-5,2133
-4,7293	-2,3952
-4,3363	1,3405
-13,5767	9,5324
-13,0528	-3,0504
-20,4581	6,8456
-22,6865	15,1029
-13,7080	-1,6742
-19,0821	-4,2300
-13,7080	-1,0189
-19,7374	-0,8879
-8,2029	5,6656
-6,1713	-6,7206
5,5597	-0,9533
-3,9429	16,3481
10,9339	3,5031
6,6741	1,1440
15,4558	4,6173
3,8561	5,9280
12,3756	1,9302
4,7081	-4,2956
7,3293	-2,7228
10,2130	5,7312
6,4774	-8,8833
7,2639	2,8477
0,0549	4,2238
8,6401	-2,0677
-1,3871	-6,9172
-1,2560	-4,3614
-16,5260	-5,3444
-3,0912	2,7166
-11,8729	-3,7060
-1,8459	-9,4729
-10,7588	2,8477
-5,3193	1,7335
-8,7927	0,3573
-10,6933	-0,9535
-7,4163	-5,4099
-6,2368	-6,4585
-3,1563	-15,8958
3,2660	-13,1431
5,0356	-5,8033
0,9067	-7,4416
5,5599	-5,8031
-4,3361	2,6510
5,6910	-0,3636
-2,1079	9,3358
14,8003	3,1099
-0,2073	4,0930
11,1304	14,6443
2,1521	7,6974
8,9022	7,3043
4,1838	12,6783
8,3124	12,5471
6,6086	2,1925
9,1644	2,2579
9,8199	-11,5046
3,7905	-2,9197
12,9655	-20,2867
-6,1711	-18,1239
9,6886	-6,6552
-3,7463	-8,6868
10,2785	-5,9997
1,8243	-2,7230
3,2661	-5,2788
-3,4185	1,1437
2,8073	-14,3228
-7,6129	-7,4414
-6,2368	3,6994
-3,7463	-6,1309
-2,9601	-8,8833
-2,1079	-4,0336
2,0209	2,5856
12,3757	10,7120
3,5939	2,9788
17,1599	5,6660
7,9848	24,0160
16,7666	15,6929
-0,5349	18,3801
12,0479	18,1833
-3,0253	12,2852
11,8512	20,6737
-4,7947	6,7144
6,2152	7,0422
-2,3699	16,1514
-1,8458	-3,7059
-5,7778	-4,7543
-2,2391	6,9109
-7,6129	1,9302
-9,0548	2,7167
1,0378	-0,7566
-12,7903	1,8647
5,9530	3,5030
-3,4842	-4,7545
7,2638	-5,0166
-4,5328	-5,2789
3,9870	-9,3422
-8,3994	-12,1603
-1,9770	-20,3523
-15,8050	-17,9929
-14,8877	-1,2158
-17,7056	-9,3422
-8,7928	2,9788
-6,5644	15,2339
-2,3701	8,3527
11,1305	2,4547
8,4435	5,9935
15,9802	1,5369
4,5114	-3,1817
10,1475	-7,1795
-4,0740	-13,5365
2,4140	-9,8666
-16,1983	-24,1535
-5,7126	-26,4471
-14,9532	-14,5853
-15,2153	-21,6633
-9,6446	-18,1242
0,7754	-29,9208
-0,6661	-23,4325
-0,4695	-20,0248
5,8876	-25,0055
-0,9283	-21,4010
5,6254	-17,2722
1,2999	-14,6507
14,8658	-6,5242
-0,2074	-5,6065
19,1259	3,1754
9,4265	8,0905
19,5847	-0,4945
7,7883	5,9281
17,8807	11,1709
4,7081	4,8794
9,7543	9,5326
7,3951	7,9596
11,3271	0,4884
12,7035	-2,9195
16,8977	-17,0754
19,7814	-17,4686
14,7351	-15,1096
15,6528	-19,3039
17,1600	-25,4641
26,0729	-14,3231
7,3295	-15,5682
20,8954	-11,5050
5,5599	-10,8496
14,2106	-9,4731
4,0526	3,8305
4,6423	-10,3252
-7,3507	-4,5579
-3,3533	1,2747
-10,2999	-1,8055
-11,3487	-2,1330
-8,6615	0,7505
-9,0549	-4,3613
-2,1080	3,8962
-8,9893	0,1606
3,1349	0,0952
-8,1374	9,3357
-1,4527	8,8114
-9,6447	2,0613
-3,8121	0,9473
-13,9700	5,8624
-4,0087	1,7336
-12,2005	-4,6234
1,8241	-2,3952
-9,6446	2,6509
-4,9916	-5,3444
-8,2683	-1,2810
-11,5453	8,4838
-3,4187	4,4862
-14,1668	11,7607
-6,2367	8,0906
-15,1497	4,0275
-5,8435	13,6611
-10,2345	3,3064
-5,8436	-1,8707
-10,8898	10,7776
-1,5837	4,3549
-5,7780	1,8646
-1,2561	-5,6721
-6,1711	-7,1794
5,2976	-5,2789
0,9068	-16,8787
7,6570	-8,6213
8,7057	-6,1965
5,8221	-2,9851
13,4244	2,7166
13,1621	4,9449
21,4854	11,6296
11,3273	11,1052
21,4198	2,1924
7,9193	0,3575
12,7689	8,7460
1,3001	4,6827
10,2130	4,0930
0,7103	-0,9534
2,2831	1,6026
0,5137	9,5979
-0,6006	0,5539
-8,8581	1,0129
-4,7295	10,9087
-6,5644	5,2070
-12,3317	-0,2979
-4,0085	4,8793
-6,2368	3,6997
-0,5350	5,4036
1,1034	2,5855
9,8852	3,1099
11,9169	9,2701
12,6378	-0,3635
7,1984	4,4863
13,9485	11,7606
3,0695	2,6512
-1,1249	6,9766
-4,7293	0,7505
-1,1250	-3,9679
-4,3362	2,9787
-1,9770	-12,0290
-1,3214	-7,5070
-0,9283	-2,5265
0,7757	-10,1286
-6,9576	-12,9465
1,1032	-8,7524
-15,6085	-12,1601
-6,8267	2,6509
-21,3757	-4,2303
-10,7588	6,9111
-17,3125	18,1176
-5,9748	12,2196
-16,2637	14,3822
-6,8922	15,1031
2,3486	8,5495
3,9214	8,6150
8,3780	-0,7567
7,9192	1,4715
11,3928	6,2555
8,8367	-5,6721
14,3418	-4,6890
-0,2728	-3,9682
7,7227	-5,1479
-0,3383	-4,1648
11,0649	-5,8688
-1,6491	-8,2934
7,6570	4,6826
-0,3384	1,7991
3,2005	5,2072
-3,4840	19,4284
3,9870	17,7900
1,6278	18,2489
3,7902	19,3630
-2,5010	13,6613
-9,7102	10,8433
-8,1373	6,6488
-19,6063	-0,2979
-8,3997	6,7142
-17,8368	-2,9851
-0,2076	-7,1137
-9,8412	-2,1986
10,2129	-3,5749
8,5746	-4,9512
14,0141	-13,2087
7,5916	-4,2958
2,2176	0,8814
-2,1077	-8,4245
-5,2537	-0,3635
-5,4501	4,6827
-9,2514	4,9449
0,0548	4,2896
-8,2683	10,7122
0,4481	7,8286
-8,5960	17,4624
1,5621	11,6952
-12,3971	14,5133
-4,2052	15,2341
-14,2977	9,7946
-3,8120	5,1416
-12,9870	2,2580
-6,4990	2,4545
-12,2661	5,2070
-10,8245	-4,1648
-11,8073	-5,2788
-10,8899	-0,2983
-1,3214	-13,0122
-0,0764	-16,2889
2,7418	-6,3275
-1,1905	-7,7038
-0,6006	1,0780
-5,8435	-4,5580
0,9067	6,2556
-9,4479	11,1708
6,4117	3,9618
-4,0739	9,2049
4,3145	7,8940
-6,3021	12,4816
2,4140	10,7121
1,6933	5,4693
3,7248	5,2072
8,3126	14,5132
16,6355	4,9448
20,2402	-2,5917
9,7543	-0,2980
18,3397	-1,8055
5,4944	-11,4393
14,3418	-9,5388
-1,7801	-11,7670
7,4604	-9,0146
-2,1736	-12,5534
-4,7294	-9,7353
-4,7293	-1,9365
-2,6323	-4,2957
-2,5666	0,4230
3,9869	-0,8878
0,9068	1,4715
-2,1080	1,4714
2,9384	-7,9658
-5,4503	-11,7667
5,0356	-2,1331
-1,1250	-3,6404
-3,2876	-6,3274
-17,0502	2,6511
-7,0233	8,2216
-22,3588	6,0591
-6,8267	10,4501
-10,3001	13,4647