0,1718	-9,5148
-0,6803	-4,3375
-4,2847	-8,4663
-10,5763	-8,9250
-0,8768	1,9539
-13,6567	-9,6460
-4,9401	-9,4492
-15,4261	2,5436
-7,8239	-13,5782
-20,0135	-10,4324
-12,8702	-6,0415
-19,7514	-5,0584
-13,0013	1,4296
-14,9672	-6,3690
-8,4137	-0,6018
-5,7265	5,8861
-2,5155	-1,5849
-2,3842	4,3135
-0,0251	9,7528
-0,9425	-0,8639
-7,1029	4,8378
-2,5808	5,8863
-10,5108	4,9688
1,4168	8,6388
-9,2002	11,3258
-5,8577	13,3575
-8,5447	15,5856
-2,4499	15,9133
-3,7604	14,4716
10,1331	17,8795
2,9900	20,0423
16,8835	21,2219
15,3764	21,1564
13,7379	16,8310
14,7210	14,8648
6,3321	1,6265
5,2836	4,8377
-2,2533	3,9856
1,4169	-7,4832
-7,9549	-6,3036
-0,6147	-16,4616
-5,0057	-7,2211
0,4338	-4,0100
-10,5762	-12,8572
-11,8871	-6,9589
-19,3581	-0,8641
-20,9312	-5,1893
-25,4532	5,9517
-26,1087	3,4614
-22,2419	4,5101
-19,3585	14,9958
-13,1977	7,7214
-14,5740	18,5349
-0,3526	21,1563
-6,9718	10,9983
4,3660	14,8649
-5,2023	13,3574
3,1864	9,9496
-6,3819	18,7314
5,8078	7,3281
0,6960	11,2605
3,9072	19,1246
-2,5807	9,7531
-2,0565	11,3259
0,3684	0,5123
5,9388	-4,4027
4,3660	1,4953
0,0406	-8,6628
9,2158	-7,7452
3,9073	2,3471
10,0023	-10,1047
-4,5469	-2,8301
1,4825	-0,4709
-13,1977	1,4952
-8,3481	3,2647
-15,8192	1,4953
-6,8408	-6,3691
-14,3775	-0,6019
-8,0205	-9,4493
-9,0690	-6,1725
-0,8114	-8,3353
5,2181	-14,6922
9,4123	-3,2890
13,7380	-11,3499
18,9151	-3,6166
17,9978	5,8860
6,3978	-0,7985
18,4565	3,5271
-3,1050	18,7313
9,6091	8,8354
1,4826	9,0320
15,3761	1,4298
-0,7456	-1,1261
6,6599	-1,8471
-0,7457	-8,4662
-1,2701	-6,3035
-6,7750	1,5606
-5,1369	-13,5127
1,1547	-4,9274
-5,6612	-11,8744
-4,1537	-15,7408
-11,1006	-3,9445
-6,1198	-11,5466
-20,9311	-8,7939
-18,2441	-0,0777
-34,8905	-10,9567
-35,0217	0,9709
-52,7819	-4,7308
-44,4590	-9,8424
-53,1752	15,8476
-31,8106	10,1460
-40,5922	16,8310
-23,6184	27,5133
-22,4385	27,7100
-17,7200	31,3801
-12,6735	31,9045
-22,8973	36,0989
-13,0668	41,1451
-29,8443	40,8176
-20,3414	47,5679
-28,2713	55,6942
-13,1979	43,4390
-13,7876	41,2764
2,5964	44,4875
-13,1976	37,8684
5,4801	50,3858
-3,0394	49,1406
14,7206	49,3374
0,3685	56,5464
8,2983	54,3181
13,4758	62,3792
13,6723	72,3406
21,5368	65,2630
21,4056	77,9114
30,8430	80,4018
28,6147	76,2731
35,8238	77,6493
20,0297	71,6855
36,3481	67,7533
19,5052	75,4866
36,0203	68,5398
26,8453	73,5861
30,7775	74,5690
27,7630	67,0980
35,2994	72,1442
33,9233	59,9543
33,7921	46,8471
29,9257	46,8468
31,1707	25,8096
29,5979	12,6368
23,7651	7,1970
28,8769	-15,3475
12,2962	-23,6708
17,0802	-43,6596
-1,6631	-65,0245
7,1185	-74,8553
-14,0496	-105,2643
-4,2195	-130,1027
-23,8802	-143,9969
-28,2713	-187,7098
-34,8248	-208,8127
-38,2986	-243,1542
-51,7335	-278,8717
-66,2828	-303,6449
-73,0986	-343,9500
-94,0049	-382,6822
-100,4275	-404,0476
-123,0377	-444,7460
-127,6254	-476,5312
-155,5440	-502,2874
-152,5949	-539,7090
-176,4504	-569,5284
-181,7590	-615,9285
-209,0877	-653,2190
-217,2800	-688,4125
-241,9217	-736,7132
-248,0824	-775,6421
-260,4687	-812,4740
-268,2024	-855,2696
-276,2632	-885,7445
-284,5866	-923,1006
-286,3561	-958,6870
-309,5561	-976,1857
-306,9347	-1018,2602
-333,2805	-1034,9065
-335,5743	-1049,2595
-354,8421	-1084,9113
-352,2207	-1093,9556
-357,9224	-1122,3985
-349,5994	-1133,4088
-357,3981	-1137,2102
-348,1576	-1156,6090
-355,1043	-1158,2473
-350,3203	-1156,6092
-352,8761	-1170,5028
-355,6289	-1174,1728
-353,4004	-1167,4228
-356,5464	-1179,2847
-349,0095	-1166,6362
-355,7598	-1162,1797
-344,0942	-1144,4192
-346,1914	-1127,6420
-335,5744	-1122,5954
-336,4262	-1095,0700
-306,2141	-1074,2293
-312,3743	-1052,0777
-288,6501	-1023,3070
-282,8171	-1004,0391
-270,4307	-977,8243
-260,3379	-938,5023
-254,8984	-915,8920
-239,8248	-880,1741
-231,2397	-834,1674
-222,9163	-802,0542
-224,0305	-765,6811
-213,5445	-731,7985
-212,4304	-700,4717
-194,2768	-660,0354
-197,2258	-620,9756
-172,3875	-590,0419
-177,7612	-544,2317
-152,2020	-508,7105
-151,4809	-462,0484
-138,8979	-427,8381
-134,3757	-396,0523
-117,2708	-348,8660
-112,9451	-321,0126
-100,5588	-281,0349
-85,5507	-236,4045
-80,1112	-213,5318
-61,6299	-178,8627
-69,4942	-142,6864
-59,9257	-123,5494
-66,0206	-84,6206
-53,2411	-69,0227
-62,8093	-45,5603
-43,7382	-17,9694
-42,6895	-11,4811
-32,9246	12,2433
-26,5017	29,6104
-10,3801	34,1983
-12,5424	60,4128
-3,6296	58,7745
5,2180	62,0516
0,7615	78,8943
14,2620	73,1273
2,8587	83,8098
12,3616	93,0503
0,5650	90,8222
12,0338	94,3612
0,3029	91,8708
9,2814	93,3782
1,0239	94,1644
18,0633	82,7612
19,5707	81,1229
30,1875	87,8074
25,6002	77,5183
27,6317	79,0256
30,2533	68,7363
32,3502	67,6877
28,4183	59,1023
28,8769	54,8425
32,7437	46,7814
30,3841	42,9147
34,1199	35,9022
24,5515	28,8898
35,8239	26,5959
26,9764	10,2119
37,9865	10,9327
27,1075	1,6920
34,7096	-2,1091
21,8647	0,3811
26,5175	-9,0561
10,9200	-9,5149
14,3276	-13,0539
11,6407	-18,3623
5,6113	-15,1511
5,9391	-18,1659
8,4948	-24,4572
12,3615	-14,5613
-1,5323	-17,3139
2,7932	-18,3623
-8,3480	-8,5975
0,8927	-14,7578
-8,1514	-8,8597
1,6135	-17,2483
-4,4813	-20,3284
-1,7289	-23,5397
-6,8407	-15,6755
-9,2001	-27,6030
-10,5107	-17,7726
-10,4454	-21,5082
-7,6273	-20,1974
-16,4748	-11,2189
-12,0837	-12,3985
-21,7177	1,8229
-11,2973	-0,4054
-16,6713	-1,5194
2,5963	-3,6821
-9,3311	-3,1578
4,1694	-7,0899
-10,1830	-2,3059
-1,5979	-4,6652
-17,1954	-3,0267
-13,1979	-10,3013
-16,6713	-2,1092
-23,1596	7,5900
-21,2588	-5,9103
-20,4071	7,0005
-15,6883	12,5053
-14,9019	8,5079
-8,8725	14,3406
-14,3776	10,4083
-1,7945	1,5610
-20,6690	6,7382
-1,9256	-3,0922
-22,9628	-5,1894
-15,7537	-1,5194
-18,8339	-7,6798
-6,7099	-1,4538
-8,6757	4,9030
5,6110	-7,2210
4,8904	10,3427
10,3298	7,3936
14,7209	16,8964
15,7694	17,8139
13,3446	7,6559
9,4124	17,1587
7,7740	15,9133
-0,7458	13,6197
8,2983	17,6828
0,0406	16,1755
7,5118	9,0321
-3,6949	11,1292
3,7762	8,6388
-3,9569	4,7722
4,1038	4,7721
-3,6949	-0,4051
-2,6464	13,8816
-3,8260	2,0851
-6,3821	6,0829
-4,8091	10,9981
-5,5957	3,0682
-3,6951	9,2287
-17,6543	13,1607
-10,3796	1,8230
-19,5549	15,3891
-11,3628	7,6557
-22,3729	9,3598
-7,4306	11,3258
-12,6079	11,1947
3,3173	5,1654
-1,5322	5,9518
12,4269	-1,7160
6,9220	2,1506
9,8711	-0,5365
6,2668	-6,6312
4,6281	0,4467
-1,2044	-2,1749
-2,1222	-4,2719
0,7615	-5,5827
-7,2341	-13,8402
1,2858	-6,3036
-7,4961	-1,3230
5,1524	-9,1216
-5,6610	-0,2743
6,5942	-5,8448
-11,7559	7,7212
2,2689	9,9493
-9,1999	-2,4369
3,7761	0,7090
2,4656	8,2456
12,2959	6,4761
13,9344	12,1123
8,0361	5,2310
15,6385	10,4740
6,5288	13,6851
12,4272	2,1508
2,2034	1,4299
8,6915	3,6579
-4,8091	-8,0075
-1,8600	-12,0053
-17,1953	-12,5952
-4,0883	-9,8426
-22,3072	-0,8642
-10,1832	-5,3205
-16,8678	6,0174
-6,7753	18,4036
-7,1684	14,1439
-10,3797	16,0446
5,3492	20,1076
8,4946	4,6412
9,7400	11,1948
3,4485	0,7744
7,7084	-5,1894
-5,3989	6,8691
-2,4498	-3,8787
-10,2486	4,5101
-5,1370	16,3065
-21,4553	9,0322
-5,4646	17,2242
-21,1276	16,8308
-8,6103	3,1338
-16,6057	7,7212
-20,2758	1,2987
-13,9187	4,1823
-14,9019	8,1799
-6,7752	-2,5023
-6,3821	6,6072
1,9411	3,0027
-8,3481	5,0344
4,1039	6,7382
-5,2023	-2,5024
8,0360	-6,1723
0,0407	2,0194
14,1965	-14,4957
-0,8767	-10,8256
10,8542	-8,9252
5,2182	-12,6607
10,4609	-14,4301
4,1041	-1,5195
-1,1390	1,4952
3,0554	2,0196
-8,3482	4,5755
-11,4937	3,2648
-18,8995	9,9495
-7,3651	1,2987
-17,9165	-0,6018
-5,2679	2,4783
-16,0813	-1,3227
4,3660	4,6410
-6,5786	-10,2356
-4,2848	0,7745
-9,7241	8,1143
-2,8430	-4,7962
2,1378	-1,9125
-0,3527	6,0827
-0,6146	-1,1917
5,6111	6,1483
2,2690	-6,1070
10,1987	-3,2233
4,7593	3,0025
-7,1682	-4,9273
8,6259	-0,7329
-9,2000	3,1336
5,7423	-6,2380
-10,5762	4,1168
3,1209	-1,5195
-2,7774	0,1191
1,1547	9,5562
-9,6586	-0,6674
-1,7289	-0,4052
-3,3017	-2,6990
3,7760	-0,4052
3,1209	7,5900
1,1547	-1,7161
3,5797	-3,9442
6,0699	4,5754
4,5626	-4,3374
-5,3333	3,2649
7,7738	13,7505
-2,5152	6,4762
10,1332	20,6975
3,3176	15,3236
17,5389	14,7993
12,8204	14,7336
21,2089	2,8061
12,2306	-0,9950
11,7063	-3,2234
12,7549	-6,8278
4,9558	0,4468
6,1357	10,3427
-3,7605	7,1315
-0,2870	14,9304
-5,7267	13,7507
-5,1368	12,2435
-19,7515	22,0081
-9,3311	6,0829
-23,4214	13,8818
-9,3968	9,4908
-26,2395	-0,5362
-12,6081	7,4593
-21,7175	14,9301
-15,0985	7,6559
-17,5231	18,3381
-10,3799	2,5439
-1,9909	-0,0118
2,9896	12,1121
11,9027	-5,4516
2,8588	-1,3883
12,9514	-7,3522
-5,9231	-7,4177
4,4971	-2,1094
-14,0496	-16,9860
-3,1052	-4,2719
-16,9332	-1,2575
-6,1199	-11,6775
-12,8044	0,4466
-1,1392	4,7720
-12,3457	-2,3713
-11,0351	13,5540
-10,1175	2,0851
-9,9212	2,1508
-8,2826	10,2115
-13,9842	-1,8470
-1,7944	-0,0119
-3,6951	8,7699
-1,0734	7,9834
-1,4668	17,2897
3,1208	19,7800
-8,4791	18,5349
2,3343	27,0546
-11,7558	16,8964
-1,6634	17,8797
-10,2484	20,1077
-3,1052	11,7847
-6,8407	18,9937
-2,6465	13,0297
-1,9909	7,9180
2,5310	7,1970
9,7401	0,7089
5,0213	2,8716
8,1672	5,4274
0,3028	-0,0776
9,3468	6,1484
-2,5153	9,0320
10,0022	10,3428
-6,3818	19,9110
-0,4181	8,3112
-5,7921	9,2943
-0,0250	13,8162
-8,6101	1,2989
2,7930	9,0977
3,9074	7,8523
6,9874	-5,9103
12,5581	-4,4686
7,7740	-21,0492
13,5412	-18,3623
5,2835	-13,0541
5,4147	-23,0810
-6,1853	-15,8720
1,4823	-9,7771
-16,1469	-7,8110
-3,6294	-2,3715
-8,7412	-6,2380
6,5941	1,8231
-10,1830	4,5098
-1,6634	-4,8618
-4,3504	-4,7306
-6,1199	2,2816
2,5309	-5,9104
-3,3675	-0,0776
4,8904	-5,4517
0,1061	-0,2086
11,3784	7,3935
0,1716	4,0512
2,8587	14,5371
-6,2508	15,8478
2,8586	13,3575
-6,9717	19,8456
1,0892	20,3043
-8,4790	15,0616
-1,9255	25,2851
-12,1491	14,7992
-9,5933	14,4717
-11,8870	17,3551
-8,9380	4,4445
-6,1198	8,5733
-7,1685	9,6873
-3,9571	-1,4537
-6,5131	9,6218
6,0699	5,8207
-10,1175	3,1994
2,4655	16,2411
-11,4282	14,0128
-0,9424	11,6537
-12,0835	26,7269
-1,8600	16,9621
-6,5130	20,1078
-2,0566	21,6151
-1,9253	19,5835
2,5964	27,7098
-1,5322	14,9959
-3,2364	15,5203
-5,3989	28,5618
-15,4916	16,1101
-5,5299	27,6446
-3,3674	31,9043
5,1525	22,2052
5,0215	32,3631
15,9661	18,4694
5,8082	7,0661
27,6316	14,0784
15,3763	2,2162
20,2261	0,9711
15,9662	5,2307
18,0633	-5,6481
15,7697	7,5246
20,2914	-2,6336
14,5244	-2,8955
15,4418	8,6386
15,3763	-11,6775
13,2790	-6,8932
17,9977	-1,1263
-0,2214	-12,7916
15,6385	-0,9952
3,5141	-4,1409
9,2814	-1,7815
3,1210	7,5901
10,2643	-2,6991
-5,2021	-0,7328
2,3345	7,9178
-5,5954	4,8377
-1,0736	14,7993
-4,5468	19,3867
-3,7606	9,8186
1,9412	19,6490
-3,3019	6,4762
-1,6633	8,0491
-6,7752	13,0296
-4,2193	5,2308
-14,5084	-0,4707
1,0891	-1,9781
-11,2972	-4,7307
-0,4181	-4,9929
-10,3141	-20,2628
3,5140	-16,7239
-4,6125	-16,7241
3,3173	-18,2314
-5,3987	-17,4448
9,9365	-8,6629
5,6768	-4,6652
6,2666	-3,4855
4,6938	-0,4053
-1,7288	-1,6504
5,9389	3,9201
-3,6949	-1,8470
7,0532	0,5123
3,9729	5,2308
11,0508	-5,9760
1,7448	2,1506
13,1479	-0,7986
-0,7456	-4,3373
13,6067	7,2625
3,0555	4,9688
8,4949	9,6219
1,4827	18,4037
6,4631	7,1970
1,0237	15,8479
-2,5154	17,7484
-0,2215	16,4377
-7,9548	18,6659
8,3637	7,0660
-7,6271	6,7384
0,4339	7,5247
-5,9232	2,4784
2,7930	6,2796
-8,0204	13,3574
-2,2533	8,7700
-10,5762	17,6830
-1,5323	17,4863
-5,3334	17,7485
-4,0883	24,9574
-4,6123	8,3113
-0,2871	16,3068
3,6453	22,4669
7,6429	5,0344
18,9807	3,5926
7,9706	-0,2742
18,7841	-6,0414
2,4656	-1,0607
10,6576	-4,4030
-8,4134	-0,6018
1,0236	-0,3398
-14,5084	-1,9125
-3,7606	9,4252
-13,2633	6,9348
-7,0374	2,1507
-12,4767	3,6580
-1,3359	-1,1918
-10,4452	-9,2526
-4,4160	0,0534
-2,2532	-2,6336
-7,4307	5,2309
-0,4838	8,9664
-12,1493	4,7067
-4,0882	17,1587
-14,4429	17,5518
-1,9256	17,9452
-16,0158	32,4285
-5,2023	14,1440
-14,3118	15,2583
-7,8239	14,9303
-14,1152	2,5440
-8,0206	1,0366
-11,6904	1,6263
-16,6057	5,5585
-0,1560	2,3472
-8,4138	-0,9950
-6,3819	7,5901
-14,9673	1,3641
-1,2702	-4,5995
-14,8363	3,7890
-9,9865	3,7234
-13,7876	-2,6990
-1,7290	-5,5171
-8,4135	-8,7939
4,7592	-2,6991
0,0407	0,5776
0,4993	-11,2189
1,7447	-10,9566
-5,7922	-6,1070
-0,2215	-7,8109
-8,2827	-0,1431
-2,9741	0,3156
-13,1979	5,2310
2,7276	15,1268
-2,7776	4,6412
9,0191	20,6976
1,0238	21,2217
16,1625	9,4909
-3,5637	12,1778
11,7062	6,8693
4,6283	2,2163
10,2644	3,5269
5,5459	0,1190
10,9197	-0,2086
7,1187	0,4466
2,0723	-4,8616
4,7594	4,9032
4,0383	-1,6505
4,3006	-2,5023
2,4654	6,7382
7,5117	-1,9126
-5,3333	1,0367
5,1526	3,1992
-2,7118	-5,2549
3,6451	-0,0776
-4,6124	-4,5997
2,4654	-5,7137
-1,7944	1,2985
-2,6465	-7,4178
-12,2145	-11,0876
-1,3358	0,5778
-3,8916	2,4783
-7,2997	0,2502
-4,6125	7,7868
-11,2318	1,3643
-2,2532	7,1313
-7,2996	-6,7623
4,6280	-3,2888
-15,9502	5,2307
5,6768	-8,7939
1,4169	2,8717
10,9853	4,4443
6,5944	-3,0265
9,4125	12,7676
9,9368	9,0975
8,1017	7,9180
7,2498	13,2919
7,9049	10,4738
-0,5491	3,7893
-1,3358	14,8647
-2,5809	4,9688
-8,2825	10,4083
0,4993	8,5733
-12,3457	5,4931
3,0552	3,5270
-13,9187	1,3644
-4,3504	4,1824
-17,5231	10,3427
-2,5810	-1,4537
-13,2633	10,9982
-4,2194	9,5563
-10,0519	9,7530
-1,5980	9,8840
-3,4983	-1,7814
-3,6295	-5,3204
2,4000	-4,0099
7,9048	-15,4131
2,5310	-6,5657
-1,7289	0,5121
1,0892	-7,5487
-13,2633	8,5077
-3,3017	1,4297
-15,0983	4,0513
-5,8578	11,6534
-11,6904	3,7891
-6,8408	4,0513
-8,6101	3,2648
-2,9086	-5,7136
-2,9084	0,7088
-3,1708	-3,3546
-7,8237	-4,2719
-13,6566	1,7573
-7,2995	0,7744
-14,9019	5,8208
-4,4815	10,6047
-16,6713	-5,4515
-10,2486	2,7405
-16,1470	-3,6167
-6,0544	-6,0414
-21,7830	0,9708
-6,3821	-4,7308
-20,0135	-8,9905
-14,9674	3,5269
-23,5525	-10,0392
-14,5088	1,4953
-18,1130	-0,5365
-10,8387	-10,4979
-5,9888	-4,2064
-9,1347	-2,4372
-0,7458	-15,8063
-6,4476	-3,4857
0,5649	-16,6584
-5,4644	-5,9104
11,5749	-6,3037
-4,6123	-6,3690
20,8812	6,5416
4,3007	10,0805
18,9807	6,2140
12,0995	18,5347
18,1943	3,4614
17,0147	7,4592
14,9830	13,2917
16,0317	6,6072
9,0192	10,3428
7,7741	14,8647
8,1671	9,4252
4,4315	9,6219
-9,1345	3,1992
1,4169	-2,9610
-11,9526	8,0488
-4,8091	-7,8109
-10,5107	-3,4854
1,2201	-3,6167
-10,5106	-6,6313
6,1354	-3,0269
-0,9423	-6,2381
6,5286	-6,1725
6,0701	0,8397
5,3491	-8,5973
6,0702	-2,4369
2,9898	3,7233
10,8541	-10,3668
-4,7435	3,2647
5,4801	-2,4370
-9,0690	-7,0244
-5,3989	3,3303
-14,9018	-0,9952
-6,6443	0,0536
-14,5740	12,0465
-3,3019	-0,7984
0,4995	9,6219
4,8902	6,8037
-4,4811	-3,8131
0,5649	0,4468
4,3006	-6,7623
1,4168	-0,6675
8,9536	-3,2235
1,4168	-15,4786
8,0361	-6,3691
-0,7457	-1,1263
14,7207	-9,9736
-4,8090	2,2817
5,6768	-3,0923
-4,9401	-5,6479
0,3682	11,6533
-12,0180	-1,9127
-5,6611	-4,4685
-8,8068	2,4126
-1,7290	-10,1046
-1,4667	2,3473
-0,4837	5,5584
4,3662	-1,2572
5,0214	8,0490
12,1651	2,8716
14,8519	3,8548
22,4543	11,7844
14,2622	-2,9612
20,6847	-5,5826
5,5458	-11,6121
-0,7457	-14,7578
-8,2168	-7,6800
-3,6951	-17,6415
-6,4475	-14,5611
-0,6805	-0,8643
-10,4451	-15,2165
3,5795	-3,9443
-2,3841	-1,6506
-0,8114	-7,8764
1,8101	-0,1432
-8,9379	-8,2042
-6,9062	-6,6968
-12,4769	-4,5998
-4,6781	-14,2334
-11,9526	3,0681
-2,7775	-1,9783
-12,4767	-6,3690
-2,1876	8,0489
-10,2485	3,0681
-1,2702	1,6919
-9,5932	5,4929
-9,8555	-10,6289
-15,0328	-5,8447
-12,2805	-4,0100
-15,0984	-18,2967
-13,5911	-7,8764
-5,0713	-6,3037
-8,6758	-10,2357
7,9049	-1,9127
-4,3504	-7,8109
7,4463	-2,1091
2,7932	4,5098
14,7207	-0,4052
-1,0078	2,2818
12,8203	4,5754
5,4803	-10,1045
14,9829	-2,3057
5,3492	1,4296
10,8541	-9,5803
7,5119	3,0681
7,2496	-0,8640
10,1334	8,3767
9,3468	12,0467
13,3447	6,3451
7,6429	10,8671
14,9830	3,7891
1,6136	-0,0119
19,3739	8,2455
-0,8112	-4,3374
13,7379	5,6898
3,7763	14,6680
4,1039	9,5564
-3,8259	20,1077
3,9072	16,3066
-2,1875	15,0615
5,8733	20,1077
3,8419	17,3552
4,5626	16,6344
10,9198	21,6806
-0,1560	10,0808
7,1842	17,9452
-2,8429	17,6829
9,1503	15,3237
0,4995	22,0082
13,2135	8,7044
1,4825	10,9327
7,7084	10,4082
-0,2214	-3,7475
7,5119	1,1021
1,0894	1,6262
0,9582	-9,9080
-2,3185	-2,3059
-6,6442	-6,1071
-6,5130	-6,9590
-9,7900	0,1188
-3,4984	-7,4177
-3,8262	-2,2403
-1,5978	-3,1579
-9,7898	-7,7453
11,9681	-3,6166
-12,0180	-7,2212
-0,2870	-13,1193
-10,7728	-0,9297
-0,1560	-9,8426
-4,0225	-13,1849
7,2495	-4,1410
2,3345	-16,8550
13,9998	-18,8209
3,3831	-6,9591
6,9219	-7,9422
2,0724	-8,4009
-1,4667	-12,3330
6,3976	-5,8448
-6,5787	4,2477
0,3682	-3,9442
-14,8362	7,7869
-2,3844	4,1168
-21,4554	8,7700
-8,6103	14,0128
-31,4824	6,6072
-14,5742	5,0344
-24,7978	15,1923
-13,5257	-2,8956
-17,7853	0,5124
-1,1393	10,1460
4,9558	4,6411
5,2835	14,4060
15,1797	12,2433
14,6553	4,0515
21,3401	22,0083
12,2305	4,1823
20,9468	-3,8129
2,0724	-2,2403
12,6893	-11,6775
2,5966	-3,3545
5,1525	-9,1217
-2,8428	-6,0414
7,2496	-0,6020
3,3831	-5,4516
9,0191	1,5608
6,6600	2,0850
7,1841	-5,7792
13,1481	2,2818
9,0847	0,9709
24,4203	-5,5171
10,6577	2,5438
26,9763	3,5923
9,9368	-1,5849
16,1628	6,6070
4,4317	-0,6674
4,4316	-1,2573
-7,6925	1,0364
-1,7290	-8,8595
-9,3965	-6,1725
-3,1708	-5,2550
-10,3139	-7,0244
2,7274	-0,0777
-0,6147	-9,5803
-1,0081	-1,1917
-0,2870	7,9833
-3,3018	3,0026
1,8102	8,1145