0,9690	2,7423
2,8041	5,5604
-1,3248	0,5796
-0,1451	-1,7797
-9,6481	5,4946
-9,5169	-11,4137
-7,4200	-7,8090
-8,8617	-1,9765
-14,0390	-7,6125
-2,7013	-4,9254
-7,7475	-8,2024
1,6242	-8,1367
-2,0459	-1,5832
-2,4390	-7,7436
-2,7667	-3,6802
-5,1916	5,8224
-2,1112	1,4316
2,3450	4,1186
3,7215	-4,8599
-1,9802	-5,5808
11,6514	-4,7290
1,4276	-22,0960
7,2604	-18,1638
2,6073	0,5792
10,0129	-13,5765
3,3283	-6,6294
11,1270	-5,2532
-1,1937	-0,7311
2,2141	7,5264
-7,7473	-1,8453
-12,4661	3,0045
-15,4806	9,3613
-10,3691	0,6451
-15,7429	-3,6145
-13,6458	7,1331
-5,7814	1,6281
-11,0899	-0,0759
-3,0289	-12,5933
-10,4346	-8,7264
-8,4685	7,7884
-15,0877	-6,1051
-9,5171	-0,0101
-16,7260	10,0168
-2,2426	3,3977
-9,5825	4,1842
-0,4075	-1,5830
-4,9949	-5,5806
-3,2255	7,0022
-10,2377	-4,8600
-1,1937	-6,9569
6,8671	13,7522
-1,6525	-5,0566
17,6807	-4,0734
0,2480	5,6913
8,8989	-5,8430
7,6536	1,3005
11,9790	-7,2192
4,9667	-3,0248
7,6536	6,8053
-1,3247	-10,8237
6,9982	-5,1220
0,5758	0,4485
6,7360	-0,9934
2,1487	-11,0204
1,6899	-12,9210
5,2289	-9,3820
4,8355	-4,7947
8,5711	-19,0815
-0,9317	-13,0519
8,5711	-5,5155
-0,0141	-10,5617
9,0954	-6,1707
-4,9293	-3,7459
10,4716	-5,5807
-3,9463	13,0314
7,9157	-1,2555
-3,6840	1,6284
9,1610	13,4902
4,9667	5,6914
0,5102	4,7740
-1,3903	-1,3210
-4,3395	-4,2045
3,0007	-3,4838
6,2773	-19,9334
9,4887	-16,3944
13,6175	-12,2659
22,5304	-29,2396
15,1249	-27,2734
21,6130	-16,7877
8,6368	-5,7121
18,6638	-2,4353
4,7046	-14,8870
8,8333	-12,0688
2,7385	-4,3359
4,8355	-28,7153
3,4594	-29,7637
1,5588	-14,8218
1,1001	-28,1911
2,6073	-15,2149
-0,7350	-13,4454
-6,3712	-15,1491
-3,1599	-4,0736
-11,0243	-12,4621
-4,2087	-7,2846
-16,1362	0,4485
-12,1386	-3,5490
-20,2651	3,3323
-16,2675	13,0969
-20,9860	0,1210
-21,7070	9,2959
-28,7193	-6,1706
-30,6200	3,2012
-38,8775	11,3930
-44,1206	0,7763
-50,1498	7,7232
-46,6766	14,4078
-46,2178	15,9152
-46,3488	25,3525
-32,9795	23,9763
-40,8437	34,2001
-25,5082	42,9819
-31,9963	38,5912
-23,9353	42,1958
-27,2120	55,9583
-18,1026	57,5967
-22,5588	62,4464
-18,3645	59,2353
-11,6797	58,8422
-16,6605	76,9301
-7,0265	65,5267
-7,9442	61,0706
3,5248	76,6024
1,2964	73,1945
10,1440	71,9495
6,0152	78,8963
27,4457	85,7777
23,1859	93,5764
36,6209	84,9259
31,5748	90,2345
40,5531	104,7177
31,7060	84,7292
44,4198	80,6005
34,5240	79,4207
38,7182	76,2748
41,1431	68,3449
33,4098	57,0726
40,1601	48,4219
35,2447	53,9921
34,7862	31,1199
29,4120	15,8500
38,9147	9,0995
17,8121	-9,1853
27,9046	-27,6667
14,0764	-50,2114
13,4865	-74,5910
4,6391	-86,4536
3,1316	-126,4309
-10,5654	-159,8546
-15,1531	-183,6447
-21,3791	-231,3555
-39,9260	-260,2574
-47,9870	-300,2350
-63,9781	-335,6904
-73,8741	-367,6728
-91,1760	-424,6241
-97,7298	-462,3733
-123,2891	-497,3049
-125,0588	-553,4699
-153,3052	-597,3141
-166,5437	-634,2116
-193,6758	-691,0976
-202,3269	-724,9803
-236,2749	-784,4877
-245,8435	-818,7635
-268,4535	-850,3528
-281,2335	-907,0420
-301,1565	-945,7743
-315,5093	-978,9362
-326,3883	-1022,1250
-344,0179	-1051,6167
-351,7511	-1100,9004
-368,0699	-1127,9671
-371,4778	-1151,6265
-385,8960	-1199,3371
-384,3888	-1225,3552
-402,3458	-1241,8708
-399,0691	-1266,7093
-415,8464	-1281,6517
-414,8635	-1300,4608
-423,9074	-1310,9467
-425,9392	-1308,4566
-428,4294	-1335,3921
-420,5654	-1346,2709
-431,5096	-1335,5889
-427,1188	-1349,4171
-414,6012	-1353,4149
-410,3415	-1359,2477
-398,6104	-1358,9855
-401,3628	-1349,0242
-390,2871	-1358,6578
-395,9887	-1344,4362
-388,5176	-1321,1054
-387,4035	-1314,9447
-381,4397	-1293,4485
-383,6022	-1271,5593
-370,9538	-1240,1016
-366,8903	-1213,2315
-355,7491	-1195,8640
-344,6733	-1164,2095
-339,1683	-1118,0719
-330,1239	-1096,2479
-321,5388	-1053,9110
-302,6642	-1018,5867
-302,2710	-985,2938
-288,1149	-928,7355
-286,2799	-891,5105
-268,8472	-838,7530
-274,6141	-773,0199
-246,4335	-747,4600
-243,3532	-693,7850
-222,5780	-641,8146
-210,6502	-609,4392
-188,3023	-567,6265
-178,4714	-538,5935
-159,8591	-495,3390
-144,2612	-441,2714
-141,3775	-415,0564
-130,3016	-369,7046
-121,3232	-316,5545
-110,3130	-286,5383
-101,9244	-240,4658
-98,5165	-212,0882
-104,7423	-174,9286
-93,7977	-132,7887
-93,4045	-117,3216
-81,6080	-83,4388
-82,0666	-42,6752
-69,0903	-29,8953
-66,1409	-8,2679
-50,8055	14,6699
-47,3318	29,8091
-37,1081	49,0112
-24,5906	44,7517
-23,8696	61,8568
-6,7645	78,0439
-14,5634	60,6771
3,7869	64,6095
-4,9295	80,1415
8,3089	78,0443
2,8039	80,7314
10,6684	79,2897
12,4379	87,4818
20,4988	101,6374
12,5691	92,3314
25,2175	81,7804
26,5939	95,0840
27,1181	84,4014
30,6572	70,6388
27,0526	61,1359
25,6110	58,1212
31,9022	58,1865
30,4606	42,9165
37,6040	33,8727
45,3374	41,9333
46,1894	21,8792
53,9882	16,2431
48,0900	16,7016
58,0515	5,7571
51,6945	16,1116
54,7091	-2,7628
37,7354	-6,3672
42,5194	5,6256
33,5408	-9,9719
21,4165	-13,2486
22,2686	-11,8069
22,6616	-12,8554
27,4459	-4,7945
26,4627	-9,1198
27,3803	-11,5447
15,5182	-6,5641
26,7903	-19,6712
7,9814	-13,5108
10,0785	-13,1833
0,7724	-16,0668
6,7361	-13,7731
-0,9315	-22,6205
8,3745	-25,4384
2,0831	-11,5450
1,4932	-25,3074
-2,5698	-16,7876
0,4446	-2,0422
-4,7982	-11,0206
-3,9464	-12,0034
2,0830	-10,3650
-6,8955	-9,9063
5,1632	-14,0351
-3,0944	-16,3945
-2,2424	-21,9649
-6,6990	-8,0060
-6,9611	-19,4746
-14,6944	-12,3311
-9,7137	-8,7266
-13,6457	-5,5808
1,4931	3,9219
1,2310	-5,4497
8,3744	-6,1704
3,2628	6,7398
4,2457	-11,6102
5,6875	-5,1220
-3,6842	4,5117
3,0005	-3,2215
-10,1068	0,1864
3,5247	2,3491
-6,7644	3,7910
12,8309	17,4879
2,9350	5,0361
7,7192	3,9878
-1,6524	18,9954
11,4547	8,7717
2,4109	9,1650
4,2458	5,9537
3,8527	7,5921
4,9666	18,6675
4,8358	-5,1220
13,5519	5,8228
17,5497	15,5873
15,6491	5,0360
19,8435	-1,9106
10,2752	3,9219
15,9768	-0,0102
5,9497	8,7060
10,9960	-5,0566
0,1170	2,8079
7,1293	19,3228
-0,2108	0,8417
-0,6696	5,8883
-9,9755	17,8812
3,3282	12,1140
1,3622	5,6915
4,8355	-2,5004
3,0662	2,4804
4,3768	12,7037
9,8162	-4,7944
-4,5361	-9,4473
6,0152	2,4801
-4,2741	-1,9109
1,8863	3,6598
-3,9464	4,8394
2,4762	8,2475
0,7723	18,0123
11,2581	12,3107
9,7509	13,0317
18,7294	8,3128
25,9385	-3,2215
27,4458	-4,3356
25,6109	-8,1369
22,9238	-12,9865
21,6787	-10,2341
13,0277	-18,4260
14,7316	-18,5570
1,9520	-4,0083
11,3236	-17,8363
-1,2594	-18,2949
-1,6526	-4,2704
-6,8299	-9,3166
4,0490	-1,1901
-10,7621	-11,2825
6,7361	-7,5468
0,3136	9,2957
3,0661	-10,0373
-0,5383	0,5141
2,5416	4,3806
-3,2254	-1,3864
-3,4876	9,0993
4,9012	0,9729
-0,5385	5,1673
4,7045	10,5411
-3,2255	-2,6316
-1,4560	-3,4835
-11,8108	-0,2069
-3,5533	-9,1854
-18,1022	-15,4769
-4,0776	-16,8531
-10,1068	-10,4306
-8,8616	-4,9913
-9,9101	-17,3118
-8,3374	-3,6802
-8,6650	6,9365
-8,9928	0,0553
-3,8808	10,6723
-5,0605	15,2597
9,3575	11,8520
3,6558	14,4733
14,7316	1,8904
7,7192	-0,9931
20,7609	9,2958
16,3045	-11,0860
20,8920	-8,9887
10,2752	-4,9256
12,7656	-11,1515
3,5906	-6,8261
12,5689	-14,7561
1,9521	-5,0566
9,6853	-2,8943
7,0639	-23,2758
7,2605	-20,9163
14,2729	-10,4307
4,4424	-9,6443
12,8966	-20,0644
-3,6840	-13,5108
13,8140	-7,8747
-2,8323	-8,9233
8,7022	-15,0180
-0,0142	-12,5931
8,5711	-0,3381
8,9644	-16,6565
12,5033	-8,6610
3,9839	-4,5980
19,6468	-6,5640
13,3554	-6,3674
7,8503	-12,4623
6,2120	-15,6078
0,8378	1,1692
1,3622	-12,9866
-5,5848	-12,2655
0,1824	-3,2217
-1,2594	-4,7290
8,9642	1,2348
-4,0118	-10,1683
8,7023	-0,1413
1,3622	5,0358
5,6876	-7,0227
7,3915	-8,2021
-1,8491	4,3806
0,9691	-3,8769
1,2309	4,2496
-3,7496	-1,1244
-6,5023	-6,2361
-1,5215	-0,2069
-7,5510	-9,6441
-7,6164	-10,0372
-9,9103	-4,9256
-5,2572	-15,6735
-13,9080	-9,5130
-6,0436	-8,1368
-16,4639	-2,6972
-4,0119	4,5771
-4,2742	-7,0226
-7,3543	4,6429
-12,2038	5,6257
-6,4368	-5,0565
-4,4051	-2,5661
-6,5678	1,1038
5,1632	-8,9232
-2,7667	-1,8454
11,1927	-10,1029
1,0999	-7,1537
6,2118	4,0529
-11,6796	-4,4667
5,0976	3,0046
-5,8469	8,8371
10,6027	-0,9933
7,9813	-2,2385
14,6005	-13,9696
10,7340	-16,0667
10,9305	-12,8556
9,5544	-30,2881
3,5904	-19,6056
4,0493	-10,3652
-1,9802	-15,8703
-4,4050	-16,4599
-5,3882	-9,3821
-3,2255	-9,5130
-7,2233	0,9726
2,7382	-16,4599
-12,2040	-4,5322
-0,4729	5,1014
0,2479	-6,3017
2,5417	3,0047
2,0175	8,0508
8,7677	7,6576
1,6243	3,9220
6,2119	-5,9739
5,0323	0,7107
0,1825	5,8878
2,8696	-15,8700
6,1462	-5,4497
8,7023	3,1354
9,5542	0,3174
19,7125	11,2620
15,1249	-4,0734
25,4141	0,1866
14,7317	16,8981
22,6615	-3,1559
8,3747	-2,1071
12,0446	15,3252
4,9668	1,6938
4,9011	3,9221
0,8380	8,6406
-0,1453	9,0338
1,3622	16,4393
1,6242	6,4779
0,7069	5,1673
2,8040	16,3082
14,8627	1,0383
8,7023	-2,8937
23,6447	-3,7458
15,9769	-8,2023
27,1180	-7,9403
14,2074	-15,3458
18,5982	-13,3141
0,6414	-0,0106
10,4716	-16,4600
-3,0943	-12,2000
2,6072	-8,5956
1,4933	-12,7244
0,9033	-1,7143
3,3284	-9,0544
4,5734	-2,8282
10,1442	8,0506
13,8796	-9,2509
17,2876	-7,2192
11,9136	-6,3019
20,2366	-12,8556
2,0830	-14,8217
8,2434	-27,1423
-6,1745	-6,4983
5,7529	3,7906
-10,5000	-3,2869
-9,5170	11,2622
-15,0875	25,4179
-10,1068	12,3107
-5,7815	15,7187
-10,5001	9,7547
-8,5995	5,4295
-12,7283	13,0970
-7,2888	-2,8282
-17,9712	8,3786
-1,8492	20,2403
-7,8788	-2,9593
-0,7352	8,5753
-6,3712	16,3738
3,5902	8,0508
-7,5508	15,9806
0,7722	-0,9277
-3,2910	-1,0586
0,2479	14,3421
-2,9633	-10,2340
-3,0944	-12,1342
-0,2762	-1,1900
-2,1770	-3,2216
-8,8614	-8,0057
-6,5024	-9,0542
-8,9927	5,5603
-16,5950	12,4415
-13,7769	3,0700
-17,0538	-1,7796
-12,6630	8,1818
-20,0030	-9,8407
-10,0417	-8,7920
-32,9792	-10,3651
-23,9352	-12,6587
-31,6028	1,1692
-21,2483	-12,5278
-21,5757	-8,3988
-18,2991	3,3975
-17,8400	-8,5301
-9,6481	-7,4158
6,4082	-9,3165
-0,6696	-12,0034
9,7507	-7,0884
-0,8005	-15,0838
12,8964	-15,2802
-5,7159	-0,0104
-2,8323	-8,1368
-11,8763	-8,8574
-12,6628	3,9875
-19,8062	-3,0905
-9,1240	-2,4350
-19,2163	-10,1684
-3,5533	-12,9863
-6,1090	5,8222
-1,7837	-12,7245
3,9837	-10,7582
2,6728	0,7103
12,1757	-15,0837
5,1632	-8,3989
8,0468	-11,8724
-1,9802	-8,9888
10,7336	-5,9743
-5,3227	-23,0791
-0,6041	-24,9795
-9,3858	-9,7755
2,8693	-28,3877
-9,3204	-22,1617
-8,0097	-22,0963
-14,4320	-28,3221
-0,7351	-12,6590
-2,7667	-20,4577
-2,0457	-14,6903
10,6683	1,1693
2,8694	-7,4814
10,7994	1,1695
5,8186	3,7253
9,9474	-1,5831
7,1949	5,1016
13,2242	-3,9424
8,3090	1,5628
13,5519	-0,0759
6,4086	-20,8507
7,7847	-15,4112
2,5419	-9,6443
1,2966	-14,2317
3,7871	-3,8771
6,0807	-12,5934
10,9961	-7,0226
9,2265	-0,0103
15,3215	-10,6926
9,4232	2,4803
14,7316	10,4099
0,4447	-5,8429
11,3236	-1,5830
-7,2233	-5,9741
-6,1092	-8,0712
-17,5125	0,5139
-16,5950	-13,5108
-17,5124	-5,1220
-12,5974	7,8540
-15,7429	2,6112
-16,6605	-1,0587
-14,6288	5,4293
-12,9250	-2,1073
-1,5870	0,1208
1,0998	-9,2508
3,5248	-9,0542
2,0830	3,9873
13,6174	-13,7730
3,5248	-15,8044
12,6344	-2,3041
4,1147	-15,7390
11,5858	-2,1730
-1,7180	-12,2657
6,8671	-12,2656
-4,3394	4,0528
-1,5871	-8,8578
-6,1089	-1,9762
3,2626	11,3275
2,9351	6,3469
9,0299	18,8644
11,5859	7,5266
5,3599	9,2306
11,9135	18,5365
-5,3225	0,7763
5,0977	-3,2213
-8,0096	15,2596
4,5733	3,0699
-0,8006	-1,7795
6,0807	-0,4689
4,2458	-4,3356
9,0298	-5,3843
2,8695	-16,7876
2,6728	-16,5909
2,5418	-5,1879
-3,5532	-14,9528
-3,2254	-16,2632
-11,2865	-7,2194
-13,3837	-10,2341
-19,5442	0,9726
-13,6459	-6,8262
-23,0832	-4,7288
-11,2211	16,7668
-9,7137	-9,3820
1,3618	-7,6778
-13,1870	-7,3504
-3,8809	-18,5571
-13,9079	-14,8215
-13,2526	-10,8239
-15,6118	-9,9062
-11,0900	6,1501
-13,1215	-0,4035
-12,0730	0,8420
-6,8300	17,2257
-10,8278	-2,1074
-6,3057	-0,3379
-6,8300	-4,7289
3,2624	-9,2508
-15,4808	3,3319
-6,2403	-8,3990
-11,4177	-1,8451
-9,9103	14,8008
-12,6627	1,3005
-3,8809	-4,9252
-3,6186	8,5095
-5,5849	1,9558
-9,5823	-0,2725
-11,7452	-17,7706
-9,7136	-5,5153
-14,7599	-0,9281
-9,2549	-23,8001
-10,1724	-18,9502
1,6896	-11,1516
-10,0413	-14,2973
7,9813	-8,1367
1,0344	0,1206
3,8525	-5,0565
-5,7157	4,7739
1,8863	-6,8915
-8,8615	1,1040
-4,7984	14,0143
-9,6479	2,3490
-1,7182	4,5774
5,8186	0,1208
5,7530	5,2327
12,1102	5,6913
9,8164	-9,2508
23,1858	-3,9424
13,3554	7,9194
22,9893	-7,1538
15,0593	-7,4158
11,7824	-7,6125
-4,2084	-13,5107
-5,9780	-0,3381
-17,9056	-13,1175
-5,8471	-5,7118
-22,6242	2,3489
-6,4369	-7,1537
-14,3665	-6,8915
-7,7475	-0,6001
-0,7351	-6,6295
-13,8424	0,1864
-1,6526	-3,3526
-4,6674	-0,2067
7,4569	13,0969
0,9033	-6,8916
12,8965	-13,1829
4,7700	-3,6804
7,7191	-9,2510
-3,2254	-3,4838
-0,6040	-8,7921
-8,4028	-0,6655
-0,4730	8,1160
-1,5871	-8,9231
-7,2233	-2,8937
-8,8614	5,0360
-6,2402	-3,3525
0,2480	5,5604
-7,4855	10,6066
-5,1260	7,1332
-12,9904	8,3129
-1,1938	-2,1728
-4,1431	5,7572
11,3235	17,2912
2,9350	-10,5616
12,8310	-5,6461
6,2119	-1,1245
10,0129	-7,2849
-0,3416	-4,1392
5,6220	-18,7537
2,0831	-8,9887
1,2966	-4,9257
3,9837	-14,5593
0,5757	-2,1074
6,9328	7,2641
-0,2764	-1,3211
0,2481	-5,1220
1,4932	0,8417
3,1970	3,7909
2,2796	12,3106
9,0297	-5,1874
-4,0119	10,0171
-2,1769	17,2258
-5,2570	4,0532
-1,6526	8,5752
-5,7157	8,0507
1,2310	1,1695
1,1000	9,7546
-3,0288	-8,5300
1,7554	-2,1728
-1,5215	12,9658
7,1293	0,7107
-0,2108	2,4147
3,2628	5,9535
-1,1282	3,4632
8,2434	1,3004
-3,1599	-9,9062
2,5417	-8,3333
-7,0264	2,2833
2,3451	-12,8555
-4,5361	-7,7435
-2,2424	2,8077
-3,6186	-0,0103
-4,2085	-0,1414
-1,5870	-11,6756
-6,3058	-4,9909
-1,9802	0,3173
-2,8980	-18,4913
-4,0118	-1,1242
-6,3057	10,8686
3,7870	-3,0249
3,9836	1,6938
11,9791	0,4485
6,1463	-4,5978
17,8774	-5,3188
13,3554	-17,6395
16,8288	-11,6756
12,4380	-2,2387
13,2898	-13,8385
6,0154	-9,0542
6,2118	-5,5809
5,9498	-8,0058
1,0345	-1,8454
7,7191	-10,8894
2,8039	-7,3502
10,0784	3,6596
-0,9316	-3,9425
13,6829	-5,9084
-1,4559	1,3005
3,1972	-2,4351
-3,8152	-0,2724
4,8355	-3,9423
-8,0095	4,9051
-1,5871	18,2743
-9,5169	1,3661
-9,7136	8,1165
-12,5971	9,4926
-10,1069	3,9221
-0,1453	4,9051
-6,5024	-2,6971
-2,8322	3,3322
1,7552	7,5264
2,3451	-2,7628
-5,5192	-3,5491
4,1801	12,7692
-1,2594	-4,2702
3,5247	-7,6778
-11,7452	4,5773
-4,9950	2,9389
-11,5486	8,9026
-14,3012	-6,1051
-19,1507	-6,2359
-11,3522	6,4777
-8,9928	-8,8576
-16,0052	-9,1853
-2,7667	-0,5346
-5,5193	-4,0736
9,6197	2,8077
2,4762	-7,8746
12,1756	-9,3819
-0,2108	1,1038
1,8209	-11,5448
3,7870	-17,5740
5,8185	-8,3336
-3,2909	-17,1153
-0,0142	-9,5131
-6,1745	-12,9865
-4,3397	-2,8283
-3,9463	9,8856
-3,4876	0,9073
10,6683	5,4295
3,1971	15,9151
9,0955	5,0361
4,2457	4,9707
5,4909	1,4971
-1,4559	-5,9083
7,8501	8,1163
-5,6502	0,7762
7,6536	3,3323
4,9012	18,4710
12,0445	8,8372
7,8503	3,5290
9,6853	17,0293
2,8696	7,1988
9,4231	15,3254
4,4424	7,7232
1,3622	13,4250
10,7338	24,8936
-4,3395	12,9662
5,7531	11,7212
1,4931	23,4519
8,7022	16,1118
1,2966	15,7187
11,3236	12,4419
-3,2909	15,8498
5,4255	27,7771
8,0469	3,8566
6,7361	10,6070
-1,4558	20,5682
0,6412	12,3106
-4,9949	13,3594
-15,5463	14,3422
-5,6503	6,0193
-8,9929	9,8202
-2,5701	-6,9570
1,2309	-7,8743
13,0276	9,6890
13,0932	-6,9572
21,3509	-4,5321
25,2830	3,7909
21,5475	2,7423
12,0449	7,8540
17,8118	-9,5785
3,8527	1,7594
6,7362	9,9511
4,7701	-4,7945
3,8525	-3,6802
1,2967	3,9219
2,1486	1,3005
7,8503	1,6281
7,7846	0,1209
10,0130	1,4972
6,3428	9,6890
6,4740	-0,6001
-0,0141	-4,1389
10,2750	14,6699
-0,6695	9,6891
11,5201	11,0656
1,6243	10,0170
6,2773	10,4758
4,7702	15,1286
7,3914	-7,3502
-2,6354	-6,0394
-7,6164	9,6889
-8,7960	-9,1199
-11,6142	-11,1514
-4,5363	-10,1029
-14,0391	-11,4136
-0,6696	1,2348
-9,9103	-10,8238
5,2942	-2,6315
-0,0798	20,3714
9,5541	2,8734
2,0831	3,2013
10,5372	16,6361
1,8866	9,9514
8,5712	14,1458
0,0516	9,5582
1,4278	10,1481
5,6875	17,8813
-9,3203	10,3446
-9,5169	0,4488
-13,4492	10,4102
-10,9588	11,1965
-17,7747	9,2304
-12,4663	7,1988
-17,7747	3,2012
-9,8448	8,6406
-15,6775	-6,8259
-3,0946	-5,7773
-9,1893	2,2834
-5,7815	-9,1854
-8,3372	-12,0033
-1,7182	-13,3141
-5,5847	-7,5469
-0,0797	-6,6296
8,4401	-16,1977
3,0660	-13,2485
8,8990	-4,3358
9,4886	-17,5741
9,2265	-14,7560
-0,9316	-15,6736
6,9981	-20,1300
-11,9417	-9,8409
3,2625	-20,9164
-4,6673	-14,6248
0,0514	-0,5349
-1,9146	-19,9334
4,6390	-17,1152
4,7046	-11,6759
7,6537	-12,0691
7,8505	-9,5786
12,7655	-6,5640
15,3871	-5,1221
10,6683	-1,0590
6,2775	-12,2656
-2,6356	-10,4305
4,3767	2,1523
-10,4345	-1,4522
-4,7329	0,3830
-15,4153	3,5943
-4,0119	-3,2868
-7,2232	9,2304
-2,5046	-5,1220
-3,4877	-7,6123
-11,2865	1,6935
-12,6626	-10,3652
-14,4978	-13,7073
-12,0729	-3,1560
-10,7623	-0,9933
-12,4006	6,8711
-14,6944	3,1355
-6,3058	0,3177
-15,7430	9,6891
-3,4877	-6,0396
-11,0900	-8,5954
-5,7814	-5,9741
-13,6458	-4,3357
-3,8809	-5,5154
-9,1893	-12,8554
-5,1261	-10,5615
-13,0558	-1,5833
-6,3058	-16,1322
-9,3203	-11,8723
-11,6142	-1,5833
-4,5361	-7,3505
-3,1600	-6,1707
7,7191	-8,7265
-0,2764	6,5434
2,1485	12,8349
-7,1577	-1,4518
-4,4707	11,9832
-16,9881	20,4371
-8,5341	2,9391
-16,0051	5,2985
-6,2403	9,7548
-10,5000	6,6746
-2,8323	7,8542
1,7554	-3,6146
9,8818	3,0701
11,1272	7,7229
11,3893	-10,2339
15,7803	-16,9840
12,1101	-4,7945
11,3237	-9,1199
-3,4876	-3,1561