-6,7490	-7,8042
-8,3874	-5,5103
-11,3365	-6,7555
-2,1616	0,1259
-8,7151	6,7451
0,3943	7,5315
-10,4845	1,3057
-4,5208	11,7913
-9,8291	7,4004
-0,6542	10,1531
-5,6349	17,1653
2,0984	8,1871
0,0668	18,6073
-2,7512	9,3666
0,9845	2,2888
-4,7173	10,8738
-1,0473	2,2886
-10,4190	0,8468
-0,1298	8,7766
-8,9772	5,1720
1,7051	0,9123
-6,2902	1,5677
5,4407	-0,0052
0,1978	5,8930
0,3290	5,4998
-1,7025	0,8468
3,4092	5,3032
-1,7025	-1,1849
1,0498	-1,2503
-2,1613	0,8467
-2,3580	-2,1024
3,7370	-6,0347
4,7200	-10,6877
10,8148	-8,2628
2,4918	-1,0539
12,3877	-2,9544
3,2782	2,6162
2,2952	7,9247
3,4749	10,3496
5,1131	13,7574
-6,8799	5,3033
-9,7637	7,4005
-13,5647	12,5122
-14,0237	-1,3814
-11,2710	6,9418
-8,8462	11,8569
4,7855	12,7745
8,7832	20,6388
18,5482	10,2840
15,9269	10,4808
25,2985	12,5777
15,5337	2,1575
20,4489	-0,9226
14,6161	0,0602
18,0894	-3,0199
4,3924	-1,5782
3,9991	-5,4448
-5,2415	-2,3646
-3,9965	1,7641
-15,5963	-1,4471
-8,5186	-3,2820
-7,1423	-0,1363
-8,2565	-1,0538
-5,3072	-2,8233
-8,9117	-2,4956
-2,4235	-7,4764
-7,4700	-2,9545
-6,4868	-8,5905
-14,9410	-2,8233
-6,1592	11,3980
-8,6496	9,6287
-4,3897	13,8230
-8,9772	12,1847
-6,7490	11,3328
-4,5207	14,2818
3,4090	6,0899
0,8533	11,1362
3,5403	15,7890
11,9945	3,3372
4,9821	1,1745
12,7155	1,6331
8,3901	-6,1657
15,4026	-6,2312
9,7009	-8,3284
18,6140	-9,3770
17,3031	-4,9862
14,0918	-15,5375
13,8953	-15,6684
20,5797	-10,6222
11,9291	-7,2144
12,5844	-7,6730
20,1867	-7,4109
20,9075	-3,6097
18,1552	2,2230
15,5992	4,3857
17,8930	-0,3984
11,1426	3,2717
12,8466	-0,0708
0,5258	1,3710
13,4363	1,1088
-0,3263	-5,9036
3,9334	-7,5419
-7,5353	-1,6438
-2,3581	-5,7069
-12,0573	5,4341
-5,0450	-3,0200
-2,9480	-0,9227
-7,4700	-0,4640
-2,8823	0,5846
4,0644	2,8784
0,2635	-0,8571
-2,9478	3,4683
-1,6370	13,3642
-3,0789	7,3348
-0,7852	5,4345
-5,7659	12,5777
1,6397	7,5971
-1,2438	13,0366
3,4092	7,7938
1,2467	12,5779
6,3584	21,7529
3,5403	7,5971
6,0961	7,8594
-2,1614	11,3981
-9,5670	7,2039
-3,0789	10,2840
-8,1253	5,0412
-8,6495	13,9542
-12,2541	20,2456
-14,7445	18,4107
-23,3298	29,2242
-16,4485	29,2897
-24,0508	22,6051
-12,3852	32,3045
-13,1716	26,6027
-3,4067	16,5759
-10,1568	25,8163
-1,2440	21,2942
-7,0766	22,1464
-2,4236	26,2750
-7,6664	23,0638
-1,0472	32,0423
11,6668	31,5181
9,3074	38,5305
10,6839	40,1034
18,6793	33,0255
25,5606	38,7928
17,7619	41,8728
30,5414	27,9792
17,5652	28,7001
17,7619	22,9327
13,5020	7,9250
13,3052	11,2016
6,9483	-1,4471
7,9313	-11,2776
3,0817	-17,8312
1,3121	-20,8460
-4,5206	-24,1228
-7,2077	-17,3071
-4,5207	-23,7952
-12,9095	-20,7150
-12,1230	-34,5432
-24,6405	-35,1985
-25,3614	-44,7671
-33,4880	-65,5420
-34,1435	-76,0280
-40,8937	-78,5186
-45,7434	-100,8011
-41,8768	-114,6948
-42,5324	-118,4962
-46,2022	-141,6306
-48,4305	-140,3855
-44,1706	-161,3574
-49,0860	-175,5131
-50,3966	-181,8050
-57,6057	-203,7596
-46,0714	-219,4229
-67,3051	-222,8311
-59,2441	-244,4581
-73,8588	-247,8006
-70,1233	-260,6459
-84,0826	-271,9181
-89,8499	-276,0472
-102,4984	-287,9748
-102,9573	-304,3589
-101,3188	-308,0292
-100,2705	-321,9885
-101,0567	-330,4427
-93,3891	-327,4938
-91,8816	-341,0597
-98,2385	-339,8146
-88,2114	-348,1378
-90,8985	-351,1524
-90,6363	-348,5313
-94,9618	-361,8350
-94,8307	-358,2305
-102,4985	-356,4610
-98,2386	-361,6384
-106,2996	-356,5266
-96,4692	-356,7233
-96,7313	-355,5435
-92,7335	-347,5482
-84,2793	-350,1695
-80,4782	-343,8124
-72,9414	-332,0159
-71,4997	-326,4452
-72,4825	-323,7581
-71,3030	-313,2065
-66,9119	-291,4485
-67,3708	-283,8462
-57,8025	-275,0641
-64,6837	-265,4955
-51,3143	-224,9286
-54,0012	-227,0911
-44,1051	-211,2311
-38,4690	-200,0242
-34,4057	-184,5575
-31,2598	-176,1032
-27,0656	-164,3067
-33,7501	-154,8692
-29,8835	-131,6039
-25,1649	-128,7200
-26,2135	-113,7776
-16,3174	-101,5877
-22,6089	-83,6305
-4,9141	-67,6396
-15,9898	-64,7559
-10,8779	-51,4517
-24,3128	-27,8588
-9,2394	-34,1501
-14,6135	-29,8901
-8,7152	-21,1082
-9,7637	-20,1251
-11,1400	-14,6856
-12,9749	-11,7364
-4,2587	-7,6731
-2,7512	1,3710
3,6057	3,9270
4,9166	9,3666
3,2126	15,5925
13,8296	21,2287
5,3753	26,8649
11,4703	22,2119
0,7224	28,5035
12,6499	42,2659
4,3923	28,7655
5,0476	33,0911
0,8533	46,8535
-3,4066	36,3678
-3,6687	44,5599
-4,3242	44,8875
-5,5037	38,0719
-2,2926	48,5576
-0,3919	38,2029
-1,3750	34,5330
1,1155	38,4650
6,6859	32,7633
12,5188	28,8966
8,7833	22,8017
17,6963	16,9034
12,9777	19,3936
15,7302	1,8300
5,8342	3,0096
4,5234	3,6647
-4,4550	-4,4617
0,1323	-2,7577
-3,2755	-1,1850
-4,3242	-4,6584
-6,4213	-8,9182
-8,0597	-5,9037
-2,0303	-17,8312
-7,0767	-12,1951
2,1640	-19,4041
-0,3264	-18,3555
7,3414	-18,4867
0,1980	-23,9917
8,3900	-22,8776
-1,1782	-17,5692
6,1617	-20,0596
-8,3217	-6,3625
-4,5862	-11,0811
-6,8799	-2,1024
2,8192	0,7811
-2,1613	-5,5759
11,2735	-9,8357
10,9459	-7,9352
7,3414	-10,8843
4,7201	-5,7070
-0,3262	-6,3624
7,9967	-12,2604
-5,5038	10,8082
1,3120	0,6501
-7,4699	8,4491
-2,6857	8,9077
-4,0620	8,3836
4,7854	12,5123
-2,8821	3,4682
11,9944	-0,3983
3,4093	5,3688
4,1957	-3,8064
7,4070	-8,9837
1,9019	-10,8188
0,5913	-12,9160
-5,1760	-8,1975
1,3120	-18,6179
-8,9773	-20,4527
-5,7004	-1,8405
-9,9603	-1,7094
-5,7660	4,9755
-10,5501	8,0557
-5,8315	9,1044
-13,7614	12,9055
-10,1570	3,2717
-11,2055	8,8422
-13,8269	6,0897
-4,9795	5,1721
-5,8971	0,3225
-4,1929	6,6794
0,3945	4,1891
7,4069	7,5314
-4,3241	3,2060
1,9675	0,0604
-1,5060	3,5337
-2,1613	1,7642
-0,9818	2,1576
-4,3896	13,6263
-9,2393	7,2038
-4,6519	9,8910
-10,2880	15,7236
-5,7660	11,9881
-6,2246	13,6920
-2,2925	6,6141
0,3290	2,0266
-2,2925	7,0727
-0,1952	-1,0538
-4,3241	-0,2018
7,9968	2,6818
0,8532	4,6478
1,7709	4,8444
-0,3919	-5,6413
5,3753	-6,4277
-5,9625	-1,2504
-2,0303	-7,6730
-10,8122	-12,2603
-7,8631	1,6331
-11,9263	-8,4595
-6,8801	-3,9374
-9,6326	1,5675
-0,5886	-2,6922
4,9166	-0,7261
12,5843	-1,7092
15,2059	-2,6266
12,7155	2,8127
16,6477	-13,3747
6,4240	-10,1634
13,8296	-7,6076
2,4262	-7,0832
14,6160	0,5844
6,7516	-3,3476
7,2760	-0,5295
4,4580	6,7450
8,3245	5,7619
6,7517	1,1745
7,3414	6,3518
4,9167	1,7642
5,1787	3,0094
2,6884	2,7472
-4,5863	3,2060
-7,9941	5,2376
-13,3027	-4,7237
-7,0767	1,3056
-8,5186	5,3031
-3,1444	-0,2674
-0,5886	-1,3159
3,6714	-3,6098
-1,5715	-1,0538
12,1255	-3,2166
-4,2584	-4,1996
11,9290	-6,2967
6,2928	2,1574
6,4894	-2,5612
-2,7510	0,8468
10,6837	2,6817
1,9019	-7,8696
-0,7851	-2,4301
8,2589	-12,1950
0,5911	-14,6198
3,0160	-6,6245
1,9018	-0,9229
3,6713	-3,7408
2,6884	-0,2018
12,8464	4,5824
4,5235	8,7111
13,4364	2,4851
10,0285	5,1066
8,9799	9,9562
2,0330	0,8468
4,4578	4,3203
-7,3387	11,2670
0,7221	-0,5950
-1,1784	1,6988
-3,8654	-4,4617
0,2635	-6,6899
-6,8800	1,5674
-3,4066	-10,2290
-6,5524	-7,0831
2,1639	-7,5420
-8,7806	-10,6877
1,3775	-3,0201
-10,2224	0,1912
-1,7028	-4,9205
-7,7321	0,6502
-8,3874	7,3349
-6,1591	8,7767
1,3774	8,1868
-3,2099	-0,6605
-0,1953	-3,7407
5,3098	-2,9544
1,9674	-7,4765
8,1934	-13,3747
-2,1614	-11,4087
-2,2924	-11,2120
-4,6518	-2,2992
-1,3750	-11,9329
-7,9941	-5,8380
4,9165	-1,5782
-1,7682	-8,2628
-1,9649	1,5020
-8,2562	-0,3986
-7,6011	1,1745
-10,9433	7,8591
-6,6180	1,3055
-2,4236	1,9610
-3,0135	2,8129
2,4917	-9,1147
-6,3557	-6,8865
6,7516	-1,4472
3,9990	-8,9838
3,2126	-7,2799
-6,0934	-10,6877
4,5888	-4,6583
-5,3727	-1,5127
-2,7513	-7,8697
-6,7488	-9,9668
-1,5716	-11,3432
0,6568	-20,6494
5,8995	-20,9115
2,2297	-21,9602
11,1425	-23,3363
-2,4890	-16,1273
-2,3580	-12,7195
-3,9309	-14,3578
-15,5964	-7,1488
-9,1084	-7,6730
-17,0382	-6,4933
-5,2417	1,8953
-10,1569	1,0433
3,0814	6,7450
-7,6008	4,8444
8,7175	2,1576
-3,0788	10,2839
7,0792	2,6817
-4,9793	-1,7746
2,9504	2,2886
2,3606	3,2716
-0,3920	7,2693
5,6375	-2,7578
6,0306	-4,3960
14,0262	11,7256
14,9437	-3,4786
14,2884	-1,9712
5,8344	4,5822
12,3223	0,2569
1,9020	8,1213
3,6713	8,7111
-12,1229	11,3982
-7,8631	16,8377
1,3775	12,4468
0,7876	8,6458
3,8680	11,3982
6,1616	5,0411
3,6059	0,5192
6,2927	-1,7748
4,3267	-7,5419
-3,8654	-6,9522
-4,3242	-11,4742
-13,4337	-6,2967
-6,2903	-5,1171
-15,0066	6,1552
-11,5987	7,7280
-11,8609	8,4490
-9,6328	4,5824
-15,9241	10,2185
-8,5186	3,5338
-4,4553	3,8615
-0,5886	2,6162
5,5719	-8,3937
10,1594	-1,7747
7,7346	-2,5613
-0,4573	-5,5760
14,6159	-4,5275
-3,0789	-13,5713
2,0331	-5,6414
3,6058	-2,2336
11,5358	-9,3115
5,3099	-10,1634
14,4194	-6,3625
5,9653	-11,6053
5,8341	-7,0178
-0,1952	-0,5952
-11,7952	2,8784
-15,2032	16,4444
-19,3976	11,4637
-12,6474	17,1000
-18,2835	16,4445
-8,6496	8,9734
-9,9603	8,3835
-2,4236	-1,6436
-5,6348	-3,4130
4,5233	0,1913
0,6568	-1,8405
18,1550	-8,0007
8,3901	-1,7092
13,5019	-3,0200
7,6036	-2,8232
4,8510	4,1891
1,1811	-0,2673
-0,2609	8,7111
-0,2608	0,9123
-2,5546	5,3033
4,5888	9,6941
-10,0258	3,1405
-4,9793	4,5169
-0,9163	18,0827
-1,4405	10,2184
-3,0788	10,0219
2,0329	0,9123
-0,7850	0,5191
11,0114	0,9778
8,0623	-1,3815
6,5550	0,5190
1,9021	-4,9204
9,3731	-2,6923
3,2782	-2,7578
2,9505	-5,9692
6,9482	-7,0832
-0,0643	-4,8551
9,2420	-13,4402
2,2951	-6,5589
8,9143	-2,6269
-0,6540	-8,1973
11,3391	-2,9543
0,7878	-0,2675
9,5041	1,5676
-0,3263	2,9438
12,5189	-1,9713
6,9483	1,2401
7,5381	9,3664
8,1280	3,7304
2,2296	4,5169
-3,9963	9,1699
-2,8168	7,8592
-6,8145	11,8568
-10,6812	8,8422
-3,7998	7,0729
-10,0913	10,0219
0,3290	6,7451
-6,4213	6,4830
1,0500	3,0750
4,3922	-0,3984
6,2273	3,1405
4,9821	3,8614
14,8125	3,7303
4,0647	12,0534
14,0918	6,5483
10,5528	6,6796
11,2737	12,6433
13,9606	6,4174
3,8024	9,8909
3,0816	11,5292
0,0668	7,0073
7,9311	9,6286
-0,9818	0,5191
13,7639	1,4365
5,3098	-1,4471
15,4680	-11,6052
12,9121	-10,2944
14,3539	-7,8042
6,5552	-9,1148
8,1934	2,5506
5,8341	2,7473
1,2465	5,6965
-5,5692	15,9202
-3,0134	7,4660
-3,2755	3,5339
-11,2711	5,3032
-7,0111	1,1744
-19,2665	-2,2335
-7,2733	-3,2821
-12,7128	4,4512
-6,1593	9,3008
-15,5308	2,3541
-8,4530	1,6989
-15,8585	16,2477
-3,1446	4,0581
-12,4506	7,6627
-0,1299	8,5146
-3,5376	7,4660
1,3119	12,7089
-2,2269	9,8908
2,2295	5,8932
8,6521	6,0242
-1,1128	-0,4640
12,9120	-6,6243
6,0307	-11,9985
9,7664	-14,3578
8,6522	-11,4743
9,9630	-13,5058
4,3924	-9,0493
7,6691	-1,1195
6,5550	-8,3284
13,2396	-6,8865
10,1595	-1,3816
10,8804	-9,9668
9,1110	-4,3307
12,6498	-6,9521
9,7663	-7,8696
8,2589	0,8467
16,6476	-1,2505
10,9459	-2,7577
16,7787	3,8614
5,8341	-3,9375
10,4218	-2,4301
5,9653	-2,1024
17,4996	-2,4956
5,1789	-0,0053
12,8465	-4,5272
3,3439	0,3880
10,6838	-1,2505
7,5382	-8,4595
19,8589	-10,4911
17,5653	-10,0324
15,8613	-7,5420
22,2839	-3,3477
13,4364	-3,4131
22,6116	2,5508
12,5189	12,2500
16,0580	5,8275
15,3370	-0,2017
24,6432	7,0071
21,8252	-0,7918
35,4568	-4,3962
27,2647	-4,9205
33,8183	-5,4448
18,0241	0,4535
15,5992	2,6817
12,1257	2,9440
2,6228	12,8399
4,3923	16,3134
-4,4552	19,3281
9,9629	18,2795
-3,0133	17,8209
13,5674	23,0637
-1,2439	19,9180
1,5087	15,4616
-2,2925	19,6559
2,8193	16,9689
-2,4891	14,4785
3,0159	11,9224
6,8827	1,2400
5,1787	-2,2335
8,8489	-14,3578
7,5380	-19,8628
4,3268	-15,8652
-1,8337	-20,5183
0,3946	-18,0279
-9,1738	-13,1127
-0,8507	-13,3748
-11,4021	-8,3941
-7,6010	-12,9159
-16,8416	-9,3114
-3,2757	-3,8720
-11,9264	-9,6391
1,1153	-1,9058
-2,8823	-0,9884
9,0453	-7,3453
2,4263	-6,2313
6,8171	-10,7533
0,0014	-16,5859
-6,2246	-1,5784
-1,8991	-8,7874
2,8848	-12,9160
5,6375	-11,0155
6,5549	-9,2460
7,5380	-14,6200
0,2635	-14,4889
5,2442	-14,7511
-4,9794	-10,7535
-0,3265	-19,2731
-6,5523	-19,1419
2,4916	-7,8698
-7,6664	-1,7094
3,1470	-4,1341
1,4431	-1,7747
4,5888	1,6331
1,4431	-2,1679
3,8023	-4,6584
0,5256	-5,6413
-1,1784	0,5189
2,6228	-3,5443
-0,8508	-0,1363
-2,9477	-0,5951
-9,0426	4,6478
-0,6540	6,0241
-9,9602	3,7303
1,1810	4,7790
-0,6541	14,8059
5,3753	4,5824
4,3924	4,1893
8,1279	7,2037
12,3878	-3,6752
9,1763	-4,3962
4,1302	-4,7896
-0,0643	-6,8866
3,0816	-3,4788
-7,0111	-5,1827
4,1957	1,1088
0,4601	-0,3330
8,3245	-2,1024
3,1471	1,5677
7,0794	4,0580
5,8342	3,7304
11,3392	0,8469
7,4727	5,4344
15,1404	5,3689
13,3053	11,0048
11,1426	2,5508
8,4557	3,2061
10,6837	1,5677
0,4602	-4,0684
-0,7851	-3,8719
7,4070	-12,8504
0,8533	-4,1341
11,8634	-9,3115
3,8680	-7,3453
6,7516	-7,8697
-1,9648	-2,5612
0,6566	-6,0346
-12,8438	1,6331
-3,2756	-7,0831
-9,0428	-0,3329
-5,8971	0,5844
-8,7150	-8,8527
-1,8994	-13,4402
-4,6517	-2,8890
-4,6518	-9,5736
-2,6857	-7,2798
-3,7343	-5,1827
-4,5207	-9,2459
-1,5060	-4,6585
7,0791	-10,9499
-10,2222	-5,2482
3,8680	-4,5274
-6,5523	-10,6877
1,9019	-7,8696
-2,0303	-9,3770
2,8849	-4,7895
-1,8990	-3,6098
3,0815	-8,9837
-5,3726	-1,7091
-8,3873	11,9877
-9,2393	-0,2674
-7,6666	3,3372
-1,8338	1,0432
-7,6010	-5,8380
4,0645	-1,6437
-3,4721	-2,1680
3,0815	-2,4956
-3,7998	4,5822
1,1154	-0,0052
-6,9455	6,1553
-4,1275	3,5338
-9,3704	1,9609
-6,4213	1,3710
-8,1252	-11,5397
-7,7976	-14,6854
-7,6664	-6,4280
-7,1423	-11,8675
-4,4551	-12,4571
-8,4530	1,5676
-2,2270	1,7642
-5,2417	0,3225
-0,9817	7,5314
6,5549	3,8614
14,2227	0,2569
6,4240	-3,6752
15,6647	-3,7408
10,8806	3,9268
17,5652	-0,0708
11,4704	8,3179
15,4025	14,9371
10,5530	11,7259
23,9222	16,0512
17,0411	2,9440
25,0365	5,8932
28,7065	8,2523
20,8421	0,5846
23,3981	-2,8232
15,0094	0,7157
26,0849	1,8298
12,0601	1,2399
9,7664	-5,2482
8,5210	-12,3260
-4,9794	-3,7410
-5,3726	-13,9646
-2,6858	-17,2414
-4,8484	-10,7534
-4,2588	-12,5883
-14,8098	-9,5081
-8,4530	-0,2675
-12,5817	-2,0369
-7,4045	6,8105
-8,7807	2,6162
-13,8269	6,6795
-1,8993	7,6625
-7,2733	-0,3984
-5,7659	-4,4616
-6,1591	-3,0855
1,2464	-4,7895
-8,6495	-3,4788
-3,6033	-8,0664
-12,7128	-11,6053
-7,7977	-9,5736
-12,6472	-4,7239
-5,8971	-6,2311
-6,3557	6,5483
-0,4575	2,4851
8,5210	6,9417
1,9674	8,1869
9,3731	13,8230
-2,7512	17,6241
-1,0471	15,5926
1,5087	23,1292
12,1255	17,8207
5,1132	11,2016
11,2081	8,1870
2,8195	5,2378
8,6521	-2,7576
-5,8314	5,9585
-5,3727	1,6986
-6,2247	-5,9690
-10,6158	9,1697
-13,4337	-12,5227
-18,6767	-3,4130
-16,5140	-1,2505
-24,0506	-8,5906
-15,1378	-5,9036
-23,1987	-7,5420
-12,1230	-5,1827
-7,8632	0,5189
-1,3751	-5,4449
-9,9602	-5,4447
5,7029	-5,3792
-7,8630	-1,5781
-2,6201	2,9438
-7,2077	3,5993
-6,9456	2,0921
-8,3218	12,4467
-8,7807	6,0897
-7,7976	1,0435
-9,3049	12,7089
-6,4869	4,3201
-8,4530	-6,8864
-10,9433	4,0580
-11,0745	-2,8888
-10,6813	3,8614
-13,8270	3,2716
-1,9650	-2,1679
-13,2370	3,5994
3,9990	4,3857
-2,4890	3,8614
0,1979	5,3687
-0,9817	4,1892
0,1979	6,4828
2,0984	1,9609
-2,9479	-1,1847
5,2442	8,6455
-4,3243	-6,1001
-6,5524	-6,1655
-15,9242	-2,0369
-19,2010	-6,2312
-26,5410	-7,6075
-20,9051	-5,5104
-23,7886	-6,4935
-15,9243	-0,7262
-16,8416	-1,3161
-7,0112	-0,2019
-9,5015	-0,9883
-0,3921	1,0434
-4,2586	10,1528
-8,5185	-1,5125
-2,2269	7,2038
-7,1423	8,9077
1,9019	1,3055
1,9018	3,8615
12,0600	0,7157
6,7517	-0,9883
24,8397	0,6501
11,4704	-9,1803
22,4148	-5,3137
6,7517	-1,3161
3,6714	-9,2459
-7,7973	-6,9520
0,4599	-2,1025
-11,2710	-1,2505
-5,6350	-5,4448
-6,6179	4,5822
-4,3242	-4,5928
12,9774	9,1698
4,1956	10,0873
10,5528	0,3882
10,6183	12,7744
11,0115	3,7303
1,7054	-2,0367
14,9436	0,5846
1,4432	-0,1364
12,9775	-2,4301
0,2636	-3,4788
11,2081	-1,3815
10,0939	-2,3647
6,7515	-6,3622
-2,5545	0,3880
-1,8993	0,1259
-6,3557	5,6309
-8,7807	10,4806
-6,2902	3,2717
-9,7637	8,0558
-2,7513	13,5608
-6,5524	5,8275
-2,4891	1,6989
-6,0936	7,4005
-0,0642	7,7281
-4,1274	4,3857
8,4554	2,7474
-2,0303	3,4027
2,2296	3,4682
4,2613	0,9778
4,5888	-2,3645
7,6691	-1,1195
-0,0642	-7,4108
2,0987	-7,6731
2,8193	-12,5883
7,4070	-13,8991
2,6883	-11,6709
2,6885	-15,8652
2,3607	-4,8551
7,9967	1,6985
-7,5353	-8,3284
-0,3264	1,8298
-11,7297	1,3709
2,7537	-3,4787
-3,7998	-7,8041
1,5741	-4,1995
4,0647	-1,5780
9,7007	8,9077
11,9291	4,5168
9,0453	4,1892
9,5043	2,2885
10,0284	4,7134
7,9314	3,9925
5,8342	4,3858
17,4996	7,9903
9,8975	11,6602
22,5460	1,9609
11,2738	0,3226
19,9246	5,8275
8,6523	-4,6583
15,0748	2,0265
2,2952	6,6794
2,0330	2,3541
-3,1444	7,9246
3,3436	-5,8379
3,4747	-6,4276
3,4747	1,2399
15,1403	-14,8164
3,8026	-10,5566
22,6770	-10,6878
9,7663	-16,9137
15,9268	-12,9814
6,5551	-10,4912
8,7833	-7,4764
4,2613	0,9777
4,5234	-7,5420
3,2782	-10,2944
6,4239	-5,1827
-3,2754	-9,1149
-0,9817	-4,9860
-0,5885	-3,2166
-10,4846	-3,6753
-6,7490	0,9778
-17,3003	2,1574
-6,4214	-2,6921
-11,7953	3,0094
-7,9942	2,1574
-8,9117	-0,0707
-5,9626	4,9756
-12,7128	4,5168
-0,9819	5,9586
-8,9118	-1,0538
-6,2247	3,0751
-2,3580	12,9053
5,5062	0,2569
0,1324	-2,0367
4,7853	5,5654
1,1810	-2,4301
3,3436	-2,4300
2,7539	-3,4787
-1,2437	-4,5273
7,2103	-3,2821
3,8024	-3,8720
3,6714	-0,5296
1,9674	9,4319
9,7662	7,2692
0,3946	5,6310