16,0661	4,2104
18,1630	5,7832
23,8648	4,0138
18,5563	7,4871
28,1247	8,1425
10,4955	2,5721
21,0468	12,6645
6,4977	0,0816
12,4614	0,6060
-4,1847	5,7176
6,3010	-5,2269
2,6965	-1,6224
2,3687	-6,6688
-1,4976	-5,5547
3,2206	-8,7005
-0,3837	-11,5186
-4,9059	-14,1399
0,4026	-11,1909
-6,6099	-11,6497
7,5460	-8,6349
-5,6268	-7,4553
5,7767	-4,3750
-4,4470	-2,7366
3,8761	-3,7196
-4,7747	-3,3919
5,1212	-2,5400
-7,0029	-6,9309
3,8760	-2,3434
-0,4492	-8,3729
8,2669	-8,8316
5,7112	-9,4214
4,4003	-18,1377
-0,1215	-16,3026
-2,0878	-12,1740
8,0703	-20,6936
-10,2798	-12,1084
6,1698	-18,2034
-10,8696	-19,5139
6,1698	-13,8779
-10,4109	-14,7299
2,2376	-21,8732
-13,4911	-14,6643
-3,7263	-13,7469
-17,6198	-10,5355
-1,4980	-0,9672
-5,1024	-4,4405
-2,0224	3,5550
-2,4809	2,9651
-6,7410	-0,3771
-5,4301	1,9821
-9,1659	0,6713
-3,1364	-0,6393
-12,0494	0,4091
-0,2527	-9,6834
-9,1001	-6,6032
10,0365	-4,8993
-2,2187	-11,5185
11,8716	1,2611
6,5633	-3,7852
13,5100	0,9335
5,7113	2,6373
9,5122	-4,8337
12,1338	-0,8360
5,3178	-7,5862
5,9734	-5,2924
-1,0392	1,1301
5,3834	3,3583
-6,9376	2,9651
-4,5126	5,5211
-14,8019	-1,4912
1,0578	5,8489
-13,1634	3,1618
2,8274	-1,2946
-5,4955	2,2442
12,1992	-4,8338
5,3181	-16,3681
18,8840	-6,0135
15,9350	-16,1718
12,3303	-23,1185
11,4786	-19,7107
6,6285	-22,0700
7,5462	-19,3175
-4,3160	-14,7299
4,2039	-17,2203
-0,2528	-9,8801
8,0049	-7,3242
-2,7431	-6,3410
13,1167	-4,4406
1,0581	-6,3410
13,7721	-5,9478
4,5317	-8,8315
16,1314	-11,1907
1,7792	-6,6688
7,6117	-10,0112
3,4830	-8,8315
-0,1873	-9,5524
-0,9736	-10,0111
-2,8088	-10,6664
6,3664	-8,5038
-10,2799	-5,8167
4,0071	2,7684
-6,7409	0,2126
8,6601	2,5065
-8,1171	4,5381
-0,8426	4,9314
-13,2944	7,6838
-4,5783	9,5188
-22,0763	3,6206
-7,6585	9,9776
-18,2097	8,2736
-14,9331	5,0624
-12,7702	5,5867
-18,4066	4,1448
-15,2607	7,0284
-26,9919	6,4386
-19,6517	3,9483
-31,9071	12,5335
-20,0449	13,0578
-32,9556	10,3709
-11,2632	17,2522
-34,2008	18,1696
-24,9602	16,6624
-32,2346	27,1482
-17,6202	26,4929
-29,2199	32,7190
-17,5546	41,5008
-19,9137	42,7460
-16,3749	45,5642
-11,3284	48,1201
-7,9862	47,6614
2,3032	57,0986
4,0726	50,4795
23,6680	54,4118
8,0049	64,8319
23,9960	59,4581
17,7045	66,1428
31,0739	64,2422
16,7871	67,0604
33,3677	74,2038
18,1634	63,5215
31,4015	72,5655
18,0323	68,0434
23,2750	65,0944
22,0955	69,0264
20,2603	59,7202
27,5350	50,6763
24,6513	55,9191
34,0231	47,9891
19,2118	41,0422
27,7970	37,5031
2,5000	17,7112
12,5271	11,0919
-2,4809	-6,2100
2,5653	-29,9997
-9,1000	-41,2068
6,6285	-74,8271
-5,8232	-102,8768
-0,7771	-115,1326
-17,8163	-157,7313
-17,2268	-174,1156
-23,7805	-192,7283
-40,2303	-220,9091
-42,3930	-240,6358
-61,0056	-267,8336
-63,8892	-300,2087
-94,8225	-326,2925
-98,6892	-358,4057
-130,8022	-392,0260
-129,5572	-419,5517
-157,6068	-456,8422
-162,8500	-485,8751
-187,0984	-523,2967
-188,1473	-560,7183
-205,3834	-590,4722
-209,5780	-624,6170
-224,1269	-658,4995
-231,6639	-682,7483
-238,6762	-712,3710
-253,6188	-735,3091
-255,1261	-770,1091
-276,3601	-791,8019
-271,5759	-815,7885
-295,1036	-840,5614
-285,0766	-861,7298
-309,3250	-873,4611
-299,4948	-892,0080
-319,0244	-904,4600
-306,3106	-918,0263
-315,4200	-933,7551
-305,5897	-939,3913
-308,2765	-956,3654
-306,3761	-960,4942
-301,6573	-964,3610
-306,7694	-973,2739
-301,8540	-969,8005
-307,6869	-969,8006
-298,5772	-972,4220
-304,6067	-969,0141
-290,7783	-970,1282
-292,2857	-969,4072
-274,6564	-960,1012
-287,8945	-960,4288
-272,8867	-946,4695
-285,4695	-935,0661
-273,7387	-919,2061
-279,9645	-899,6761
-269,0856	-880,5393
-263,4493	-863,1065
-251,2596	-836,6952
-242,0843	-825,2261
-236,5137	-802,6813
-222,4886	-775,4836
-215,3453	-752,8077
-199,6164	-718,4008
-206,1699	-688,1883
-175,1712	-664,7914
-180,7416	-621,7339
-163,9643	-598,9269
-168,4860	-563,7989
-143,5168	-522,3799
-144,2375	-491,9705
-130,8026	-447,5365
-127,3289	-412,4743
-113,5009	-380,3610
-108,7820	-340,3835
-105,0465	-314,9551
-95,0848	-281,4000
-88,9245	-244,5029
-76,9312	-216,6496
-83,1571	-187,6167
-62,7096	-162,9092
-71,2293	-139,9711
-52,3548	-106,8096
-61,9885	-87,0830
-45,2112	-73,3199
-50,9126	-47,3019
-33,2836	-41,9277
-44,4244	-16,9582
-21,4869	-4,2441
-26,5986	-0,3116
-23,9117	24,3301
-20,8313	32,9808
-21,9456	36,2580
-14,0811	54,9358
-22,6665	56,3122
-12,0494	65,8807
-19,3895	78,5292
-2,0879	79,1191
-12,7047	87,7700
3,5484	84,4277
-2,1532	85,1486
9,8399	88,5565
4,6628	82,5926
14,6896	76,6289
9,3159	80,2333
20,6535	68,1090
22,5543	64,2424
30,6805	61,6208
30,8774	52,3801
29,5010	47,2683
34,7441	45,6953
27,9283	35,3406
40,0526	34,3575
33,4989	26,9518
47,9168	25,9031
32,7781	20,7911
45,5576	8,2738
31,0741	7,2907
39,3971	2,8341
29,2391	1,8511
32,3847	-2,0156
23,2753	-1,2292
27,0761	3,2928
22,4888	4,7345
22,9473	-7,0619
27,4694	-0,0496
12,3304	-4,0474
26,0276	-9,8145
14,4931	-6,0134
20,9157	-10,5355
4,9249	-17,6789
14,7553	-9,3558
1,3203	-15,4507
11,9371	-11,9772
-0,5147	-4,3096
5,2524	-13,2880
-4,0536	-7,1931
-2,0222	-13,0259
-7,1340	-14,6642
-11,3286	-8,5695
-10,1488	-15,4508
-20,8969	-17,3512
-10,0178	-8,0452
-22,9286	-12,8948
-9,7557	-2,6711
-20,8969	-5,0305
-9,6246	-5,6856
-26,3362	3,4893
-6,8065	-2,7366
-21,2244	-6,7998
-8,3139	-4,7027
-18,3407	-9,7490
-2,9398	-13,4846
-3,8572	-15,1886
5,4488	-18,8586
-0,4492	-13,3536
5,5799	-12,8293
8,0705	-13,0258
0,3371	-6,3412
8,9880	-8,8971
0,5337	-10,6665
7,4150	-5,2270
-10,2142	-4,1785
4,6625	-1,3603
-6,0855	-1,4258
-1,4980	1,7855
-13,2943	0,0816
1,9754	3,8826
-9,4932	1,5234
-3,2019	4,1448
-4,4469	-3,1952
0,7957	1,5234
-0,9736	0,2781
-1,8912	-3,7195
5,9078	3,6204
-0,1217	-1,4259
10,8885	-2,2122
2,3032	-2,1468
14,1653	-12,5015
-2,4153	-5,0304
9,3812	-6,2101
-11,2626	-9,9456
2,8930	-5,8824
-11,3282	-13,0258
-2,8743	-7,7173
-7,1995	2,5062
-7,7240	0,8679
-0,7114	-0,2461
2,4341	1,5889
7,4806	0,5404
-0,0561	-1,6224
14,2309	-6,9309
0,3371	-9,8144
10,0366	-5,4892
-2,6120	-15,9094
4,1382	-14,1399
-9,4933	-14,7953
1,5167	-12,1083
-12,3768	-10,2733
-0,5805	-7,5864
-9,5587	-10,3387
3,9415	-0,0497
-2,5464	-6,6032
5,1867	-4,4405
2,5654	-1,6879
-3,3985	2,7030
5,7111	3,0306
-5,2336	-4,2438
4,7281	1,3268
-9,8210	9,4532
7,8082	-2,8020
-14,6051	2,8341
0,4026	7,6182
-18,2752	2,1787
-10,6730	5,0624
-22,6661	5,5210
-11,9184	4,9968
-15,5882	12,5989
-7,1999	5,6521
-9,8866	4,9969
-7,5274	6,5697
5,5800	5,1279
-5,8890	8,4702
3,7450	1,7200
-5,9545	-2,5398
5,7111	3,0308
-5,2336	1,7855
5,3179	-5,2924
-3,7261	-0,3772
4,9902	-3,3264
-10,0830	0,8024
6,1042	0,6713
-8,2480	1,7200
2,3687	8,7979
3,2208	11,9436
3,2861	6,0455
2,2378	15,1549
1,7787	10,0431
0,1405	6,1765
-10,9352	10,6984
2,6964	-2,7364
-10,4765	2,3099
5,6456	3,0962
-3,1364	-2,9331
8,4636	0,9990
-0,5803	0,1470
5,7765	0,6714
-9,8209	7,8147
-0,4494	0,2782
-6,2820	3,2274
-3,8573	4,9312
-3,4639	-2,6054
5,3832	6,1764
2,1067	5,1933
-0,5149	3,5550
8,3981	4,6690
-1,3013	2,4409
11,2817	3,3584
-2,0222	6,1764
4,5315	-1,7534
-9,8864	-3,5885
6,1043	-0,3773
-10,4763	-2,4089
4,2037	-0,9016
0,9270	-2,4744
3,5484	6,8973
6,3012	3,1618
12,7234	7,9460
14,2966	9,3877
12,0026	7,3561
16,4592	0,4749
7,1529	11,2882
16,7213	1,8511
3,7451	4,2105
20,7846	9,9120
7,4806	7,8149
20,3259	7,6184
7,1531	4,8657
18,6219	1,4579
1,3859	2,5719
6,2354	-0,4428
-3,8571	-8,1760
-2,3500	1,2612
-5,4956	-3,6541
-3,2020	-1,8846
2,3688	-4,1784
-0,9738	-1,8190
9,3812	-5,0958
1,1891	0,0815
13,3789	-0,5738
-4,7746	3,5549
10,3642	-5,2924
-7,1339	-3,8506
4,3348	-1,3604
-12,5079	-5,0959
2,1066	5,4554
-1,0391	0,2125
2,6964	-5,6201
-0,5802	0,7368
6,5630	-1,0983
0,0751	-7,3241
5,1211	-1,4258
5,1213	-0,8360
-1,4980	0,6058
8,7258	-1,3603
-1,6946	-1,7534
6,2354	1,7855
-5,8233	-0,5739
-1,2357	-1,9500
-11,4593	4,2758
-0,2528	-0,1807
-12,9667	-0,1806
-3,7262	0,8679
-8,7068	0,0816
3,7449	5,1278
-2,4153	7,4871
4,9901	3,2929
8,9225	9,0600
4,9245	-1,1637
5,9733	1,9166
0,9924	-2,4089
8,4636	-5,6201
-7,3961	-0,2462
8,4636	-3,1299
-2,9397	-9,1591
7,3495	-1,5569
-7,2649	-4,1128
6,3665	-0,2461
-1,3667	-4,8337
3,7449	-6,6030
-2,5463	5,5864
4,6623	-5,5547
-1,1702	-6,1444
-2,6122	1,7854
0,2061	-1,1637
-2,8088	6,4386
3,2207	7,8148
-5,3646	3,1619
9,7088	6,3075
-4,5126	4,4070
12,9200	2,8342
-4,6436	9,5843
6,0388	8,6669
-6,0854	11,2228
-0,3838	13,0578
-8,7068	4,1450
-4,9059	10,7641
-9,7554	3,6861
-2,0224	-3,9816
-0,7114	7,7492
-0,4495	-1,2949
3,7451	-6,3409
-4,2506	6,7007
3,0242	3,9482
-5,1025	11,4850
8,7912	18,4317
-10,6074	11,9438
6,0388	18,6285
-7,9204	8,0115
10,1675	8,6670
-9,4932	8,4702
5,7766	-3,5884
-6,4786	1,0647
-1,8257	7,0283
-11,9182	-0,3772
-12,5737	10,6329
-8,7726	7,8803
-13,4913	-1,8189
-4,8403	10,8295
-11,5251	5,1278
6,4319	2,8341
-5,3647	8,4702
9,5777	7,5527
-3,4640	5,8488
10,5608	6,9629
-1,8909	7,3561
13,4444	9,7155
2,6966	13,5166
9,3811	12,9924
1,6480	15,8104
3,2861	16,4658
-3,2017	16,7280
0,2714	17,5143
-0,6459	12,8613
2,4997	16,9244
11,0196	8,2736
2,3688	8,2081
16,1970	4,7346
3,4830	3,4239
10,8886	3,6205
-0,1869	-1,8846
6,1699	-5,4234
-12,7700	2,0475
-2,0223	-9,5523
-15,5226	-7,1274
-3,6608	1,0644
-5,6922	-6,4723
-1,9568	-12,5670
3,6795	-5,4892
-1,6946	-14,0089
9,1191	-12,5670
-2,8087	-14,5332
9,9055	-18,7274
-5,0369	-10,6666
6,2353	-17,3513
-16,1780	-16,5648
-1,9568	-16,0406
-19,6515	-15,7129
-14,9330	-8,7660
-21,8798	-5,0960
-12,5083	-5,7512
-13,8188	10,2395
-8,3795	7,6181
-7,5272	0,2783
-4,9061	11,8781
-6,5442	2,1788
-6,6099	4,9314
2,4342	8,0114
-10,0833	0,8026
2,8274	11,0917
-14,4086	8,6013
-0,9081	6,7664
-14,0152	6,3732
7,0217	3,2275
-6,3475	2,9652
6,6941	4,6690
-5,2988	-7,5206
4,4659	-2,0157
0,0751	-5,6858
-1,0392	-7,4552
-2,5464	-1,9502
-6,9375	1,4576
1,6478	-4,6371
-8,5760	-2,0156
4,2037	-3,4574
-5,4301	0,0160
8,3981	0,4747
-3,5294	-2,4088
10,4952	2,3098
-4,7090	1,4577
4,0071	-1,5568
-3,4638	5,7832
4,8590	4,8657
-2,5464	3,4239
3,2206	1,5234
1,1892	-3,5884
3,3516	6,3731
1,4513	-0,1807
-2,4810	-6,6686
2,3032	2,8340
-8,2482	-0,7705
-3,0053	-2,1467
-17,5543	4,8657
-2,0223	0,4748
-17,8166	5,9799
-7,0685	5,9798
-13,4910	-0,9670
4,2692	3,2929
-4,6435	4,0137
0,0750	-0,6393
-0,6457	5,9797
-0,5805	0,4092
1,5824	6,3075
-1,3670	2,4408
3,1552	0,1472
0,7958	10,2396
11,1507	5,1934
4,0071	8,4703
15,4761	6,3731
6,8253	10,3708
23,1439	10,1087
9,6435	5,1934
21,5055	-0,8359
2,1725	1,4578
10,1021	-7,3896
1,9758	-7,0619
11,4782	-2,5400
2,7621	-2,7366
2,6309	1,7200
10,3643	-0,3772
4,8590	-2,3432
7,8740	0,8680
-0,5804	-6,6687
9,2501	-7,8483
-10,5420	-5,0960
0,5993	-16,2371
-12,4425	-14,5986
5,7765	-7,2587
-6,0854	-10,4699
6,6286	-3,3264
1,3859	-2,0813
8,7257	-0,3772
-3,0051	11,4192
-1,7602	4,8001
-8,7724	1,7201
-12,5082	11,1572
-1,4324	8,9290
-9,2969	4,5381
5,5800	-1,0980
-3,8573	-4,2438
3,9417	-0,4429
-11,0662	-10,2734
2,6309	-10,6009
-7,9860	-3,5887
3,6139	-14,2055
-3,9226	-11,7150
8,1359	-2,7367
1,9102	-10,6665
7,2184	-4,1129
4,4661	-3,7852
9,6432	-4,8337
13,3789	2,3753
9,1845	5,1278
18,5563	2,6375
8,2670	7,3561
17,1801	3,4895
4,5315	2,3098
16,9834	-0,9015
1,3858	-4,5716
10,2332	-4,1129
-1,0390	-10,2732
4,4004	-5,3579
-9,1655	-0,9672
0,9268	-1,8846
-9,8865	2,9651
-2,8743	2,1786
-4,7747	-4,8337
1,1234	2,9651
4,8591	-4,7027
1,7788	-6,5376
12,0027	-2,6056
3,2863	-9,1592
17,3766	-10,4698
-0,1216	-8,1761
11,0196	-10,9941
-14,9982	-2,4745
-3,7916	-3,9818
-13,0322	-8,1105
1,6477	-1,2293
-10,8040	-5,7513
1,8444	-2,9987
8,0050	-2,6710
6,0387	-0,6394
10,0367	1,9165
13,0512	4,0792
24,1269	-5,5546
10,5607	0,9990
19,2773	2,3096
2,3688	-7,7829
10,6919	-0,2462
-4,3159	-5,4891
11,5438	-3,7196
-5,5610	-1,7535
8,9225	-0,9015
-0,5147	8,9944
4,6625	1,4577
-3,2016	1,2613
4,4658	5,7177
-3,5950	0,9991
0,2715	4,3414
6,3009	3,4239
-5,1680	-0,6393
4,7936	0,2127
-3,0055	-0,3772
-1,7601	-3,9817
-15,1294	-3,1954
1,1890	-13,7467
-15,1294	-10,6009
1,1890	-6,3412
-13,8842	-13,2879
2,5653	-4,1129
-10,7384	-7,2587
-2,2190	-8,9624
-12,4424	0,4747
-8,1172	2,9650
-9,2968	3,2273
-5,1026	4,2759
0,2060	3,8828
-5,7579	7,8149
12,7235	4,5380
-0,9736	-2,3432
11,3473	2,1787
0,9270	-2,2778
9,1845	2,5719
-5,5611	3,0961
1,5822	-1,4913
-10,6730	-0,5738
-6,9375	2,3753
-6,5442	0,8024
-0,5806	2,3753
-0,4493	3,6861
-3,8573	9,4533
10,8885	14,8272
-2,0224	13,1889
7,2840	13,7788
-3,3986	15,1550
6,5631	8,5358
-2,5465	13,3855
10,2986	8,7324
-6,4131	3,4240
5,4490	9,1256
-3,8571	4,1449
4,4004	3,4240
-3,5293	4,4069
7,8082	-4,4405
-2,7429	-5,7512
1,0580	-8,2417
1,1237	-15,0574
4,4657	-5,0304
3,7451	-8,6350
3,0240	-6,7998
6,6941	0,6713
-0,0562	-0,1151
3,6140	8,0114
-5,0368	5,4555
5,5144	1,1958
-15,4571	9,1911
-3,7917	0,5404
-6,8064	5,5212
-4,4472	5,6521
-13,3599	2,5064
-4,0539	1,1957
-8,3792	4,4724
-3,9884	1,5233
-0,3837	1,1301
1,1235	-6,8652
9,7744	0,8681
3,0896	3,6859
13,6410	-3,5885
-5,4955	-2,0812
10,6264	-1,8190
-7,3961	-0,7049
3,5484	0,4747
-12,6391	-2,4089
-6,8720	-2,4743
-17,4232	0,8024
-8,9693	-0,5083
-12,5080	-2,9986
-9,6247	2,2442
-11,4594	-2,0812
-3,9885	1,9165
1,2546	2,4408
-0,8428	0,6714
12,2648	6,7006
1,8444	4,0791
15,3450	-0,7049
0,7959	8,6667
15,1484	2,5719
-1,7600	0,2782
3,8761	7,0283
-7,1994	-0,1806
3,2862	2,9651
-2,2842	-0,3117
9,5776	0,6059
3,0898	7,0939
12,4613	1,7200
10,9542	4,6037
7,8082	6,8974
11,2819	7,0941
-0,3837	16,4657
10,8231	13,3199
-6,3475	5,1935
7,4806	14,4996
-5,5611	5,4555
8,8568	2,3754
-8,1170	2,5719
9,3155	-2,9332
-3,9226	-6,5377
6,3009	-9,6179
-4,2502	-15,3195
6,2353	-6,0791
-0,1215	-11,1909
-0,4495	-10,1422
2,9586	-1,7536
-2,6777	-2,3433
6,6286	6,8318
-1,4980	10,4363
10,2331	6,0455
-4,4470	11,9436
6,2355	4,4070
-11,2627	-1,5568
1,7789	-0,8361
-12,8357	-11,9772
-2,8087	-7,7829
-11,3283	-7,9796
-6,5443	-10,9942
-12,9667	-4,1785
-9,0348	-0,1808
-10,0176	-1,6224
-8,1173	7,9459
-0,5804	11,6160
-3,9884	12,8613
12,0682	16,1381
4,9902	9,6500
16,0003	15,6138
-2,5464	14,5651
5,5146	7,2252
-5,2988	16,3347
10,4952	12,5991
-5,0367	12,6647
4,5971	12,9923
-0,3836	3,7517
6,1043	9,6499
7,4808	5,5211
7,0873	2,7686
11,0852	8,4046
4,2037	-1,2947
8,9224	-3,0641
-4,3815	1,4578
9,6432	-1,8191
-9,6244	-0,1806
3,2207	2,4409
-6,8720	4,5380
-2,8087	9,3222
-10,4108	9,2567
-0,7116	6,0455
-8,4447	16,3346
2,3032	8,9290
3,0898	13,9098
9,7743	12,8611
10,7576	7,6183
14,9517	9,6499
12,3960	3,6861
11,3473	0,8681
16,9179	15,8758
8,7914	6,7663
18,8840	6,6354
3,4174	17,7108
11,3473	2,5065
-3,5949	8,4048
11,2817	9,4532
-3,3982	5,9798
7,9394	10,0431
1,4515	8,4701
9,1190	6,2420
3,4175	9,2566
4,7280	0,3438
5,3836	2,0477
4,9901	-0,3773
5,4490	-7,5862
-4,3160	-1,7535
3,6139	-2,0813
-15,3261	-3,6541
-0,1872	-0,6394
-12,9668	-12,4359
0,4026	-6,0789
-12,3769	-11,5841
-1,8257	-18,7930
-10,6729	-13,4191
-1,6946	-10,9288
-3,0052	-13,8123
-1,7601	-8,6348
-1,3012	-8,8970
-1,0393	-0,2462
2,5654	-5,0959
-0,9737	-4,1127
7,4807	2,3097
-0,9081	-6,6688
10,1676	-14,2053
-6,9374	-3,5231
6,5630	-9,0937
-12,2459	-11,3873
-3,2674	4,6689
-11,7870	-1,2948
-1,8913	4,9313
-11,1316	6,3730
3,0895	3,0963
2,3688	6,3075
1,7788	-2,9987
6,4977	-7,7172
4,2692	-6,6688
4,7281	-14,5332
0,2715	-10,9286
10,4952	-5,6203
-8,3137	-12,0427
5,5801	-0,6395
-7,1339	-2,6055
11,6094	-5,6201
-3,7260	-1,8846
8,7257	-7,5863
-5,4954	-10,2733
5,1212	-16,6959
-4,0537	-16,4992
0,5992	-12,5016
-3,6604	-10,9287
1,3856	-11,3874
6,1044	-3,9163
2,1065	-8,0451
9,8400	-9,6178
4,8591	-1,2293
8,5947	-9,0281
-7,7239	-2,1468
-1,8256	-2,9988
-19,6515	-3,8506
-7,1997	2,6374
-20,5035	-5,4890
-15,3263	0,6714
-25,5497	4,0137
-11,5253	-1,2292
-21,8142	3,2273
-14,0156	-2,0812
-6,1510	-0,9015
-5,7580	-1,2293
8,2670	-6,4721
6,4319	-8,5037
16,0003	-0,6395
-0,1215	-11,5840
18,5563	-8,3071
-1,3013	-2,4090
8,5292	-6,8653
-8,1171	-2,5399
-2,2188	-1,6224
-17,6197	-2,3433
-6,5443	4,2102
-11,0661	0,8023
-6,9376	-3,6541
-8,7724	-3,3264
-5,8235	-5,6857
-1,5635	1,9821
-6,8065	1,7199
4,4659	-1,4913
-2,6121	-1,6224
11,3472	-5,0957
1,9755	-3,7195
13,3134	-1,0326
-5,9543	-5,6201
3,4829	-2,9986
-13,4909	-1,1637
-6,2166	-5,1612
-20,8310	9,2566
-9,4935	7,6837
-21,6176	1,7856
-17,8167	7,9460
-17,8820	8,0114
-14,2122	-1,8844
-5,2335	4,5380
-0,7117	-5,1613
12,2647	-3,1298
3,2207	-4,5717
19,0151	-9,4869
2,1068	-4,3096
15,8694	-8,7005
-1,1701	-7,7828
12,2648	-6,9310
-0,3181	-14,5986
8,3981	-9,0937
3,2864	-12,7637
3,4828	-12,1083
1,1893	-4,8993
7,7426	-1,2948
10,3643	-2,9986
7,2839	8,2735
15,7383	5,5211
6,1699	2,8341
15,1486	0,0161
5,1869	3,0962
17,2455	1,9166
-5,4299	-1,7535
11,4783	2,1788
-9,6243	9,4532
-1,4323	5,5867
-9,3622	10,3053
-5,8890	11,6160
-11,2627	7,2251
-3,5298	8,3391
-9,4278	1,9165
-9,8867	1,7855
-3,3985	2,8995
-7,7896	-7,1930
1,6478	-4,7026
-14,2121	2,8995
0,2716	0,9334
-9,5590	4,4069
2,5653	-1,8845