-3,0590	-0,1647
-6,5324	0,5563
-5,4839	4,6195
-4,6973	-0,3613
0,3489	0,9495
7,5578	1,2771
2,0528	-3,3759
7,2302	1,8014
1,6596	-3,8347
3,8223	-4,0968
-9,4815	-1,2788
-5,1562	-4,1623
-8,3675	4,1608
-11,2511	7,0443
-14,9211	0,8185
-13,2826	10,1901
-14,0691	2,5879
-15,4455	7,2411
-15,3143	16,4816
-12,2998	6,5858
-10,6613	12,0253
-7,4501	14,4500
-7,0567	7,5033
-8,3020	17,1370
-0,2410	6,0614
-6,6636	7,3068
-3,9765	12,0907
-5,3528	6,5202
-6,7945	5,4716
2,3805	9,2727
2,7737	5,9303
4,4779	9,2072
7,8857	8,1585
5,0678	8,5517
8,7376	9,0105
3,8224	5,1439
3,6913	9,4039
5,3952	15,5641
1,5285	-0,6888
6,7714	2,5881
1,7907	3,7020
5,9195	0,6218
-1,5516	5,7992
2,1838	6,3889
-5,0251	2,7191
-9,1539	12,2873
-10,1369	9,2071
-5,8771	2,2604
-10,0713	10,3868
-4,6319	2,8501
-4,8940	9,2726
-2,9935	3,5710
1,0042	5,4061
-4,3042	9,7314
2,6427	1,2117
1,2663	2,1293
1,5941	2,5224
-1,3551	-2,3273
-0,1754	-1,2787
2,3149	-2,8517
-0,6343	-3,9002
-6,3357	2,9810
-0,1754	-1,2787
-4,3697	2,5225
-2,6002	12,6805
-5,8771	11,6975
-5,0251	8,6829
-5,6805	10,7144
-10,7268	2,3259
-5,7460	6,1924
-2,6659	-3,8346
-3,7800	-3,7035
-11,8409	-1,6720
-3,4524	-9,6674
-12,8240	-6,1284
-12,3653	0,5562
-12,8896	-2,1961
-11,3822	6,9789
-8,8263	2,2603
-7,9087	-0,0334
-2,2725	2,3258
5,6573	-3,5070
3,7568	-6,1939
0,6767	-3,9003
4,3468	-5,1455
5,8539	-7,1115
1,5286	-12,0923
0,8077	-9,0120
8,0166	-7,3082
4,1500	-8,5533
10,9003	-11,6990
8,8687	3,2431
7,8857	-5,7353
6,4439	3,5710
4,5433	2,7844
-2,1414	4,2920
-3,9109	12,6805
-4,3696	11,2388
-4,2387	9,5350
-1,6172	19,7585
-1,5518	11,1733
-1,0929	13,9259
1,1353	16,6128
6,7059	12,2874
3,4946	14,3190
10,1793	12,8116
6,0506	5,4061
5,9851	16,2849
9,6551	2,0636
7,3614	0,4909
5,8541	3,5054
2,1841	-2,7860
1,2666	0,4907
1,9874	-1,8030
0,2835	0,6219
-0,4374	9,1415
1,0044	10,1246
3,2325	12,2218
3,5602	12,2218
1,3975	7,9620
4,0189	14,7777
-0,3065	9,6658
-0,5031	3,7677
-1,6827	12,4184
-0,2409	5,1438
-0,2409	1,4083
1,3975	2,6534
-2,3380	-5,7352
3,4291	-0,4267
-1,6826	2,9810
-0,6996	1,5394
5,5264	8,8794
3,1015	8,4207
14,8326	11,5665
16,0121	21,5934
20,5343	10,7146
19,8789	10,5836
25,2529	22,4455
14,6360	14,8434
16,4711	21,0694
16,0123	15,3021
12,9975	11,9599
1,5287	16,6128
8,5410	10,9766
-2,1414	5,8649
-2,6001	11,3043
-0,5030	5,4716
-1,4206	4,9473
-2,4692	1,8671
0,0212	-0,1645
3,5602	7,2409
1,8562	-0,6234
8,8032	-0,6234
6,4439	1,3426
13,7839	-7,2426
6,1162	-3,9658
6,3128	-4,5557
6,7715	-11,6991
8,5410	-7,7014
2,9050	-23,4302
9,9829	-28,8041
3,1672	-30,3773
-1,4860	-50,1692
-4,5662	-53,1184
-9,9403	-51,6768
-17,6737	-63,8009
-21,4748	-52,0700
-23,0477	-57,5751
-19,8366	-57,0507
-23,7032	-57,1819
-26,6523	-73,8936
-28,1597	-72,9762
-30,7812	-76,0566
-41,3981	-93,1615
-38,7111	-97,8802
-47,0998	-105,3515
-52,1461	-112,2328
-57,7169	-115,5098
-66,4331	-126,5199
-69,9067	-132,3527
-70,7586	-136,6783
-69,4480	-153,1934
-68,9892	-162,6308
-67,7440	-168,9879
-64,9916	-177,6388
-65,8435	-182,7507
-62,5667	-191,9258
-67,8096	-194,2196
-65,7124	-195,8581
-65,0570	-202,8050
-68,2683	-206,0818
-69,0547	-205,2300
-66,6955	-212,0456
-68,1372	-207,7203
-65,9090	-215,8468
-66,6953	-211,3903
-61,7146	-209,4244
-55,4232	-220,1067
-55,8819	-216,5022
-54,0468	-213,5532
-50,7700	-220,0411
-44,7407	-204,7058
-44,3475	-210,9316
-45,7892	-207,4581
-46,8378	-195,8583
-42,3813	-198,9384
-45,0682	-193,4988
-40,2186	-189,3701
-44,9371	-183,5373
-46,5100	-177,5734
-44,6094	-170,8886
-45,6581	-157,7812
-50,2454	-145,1327
-36,8762	-144,6083
-34,4513	-131,5663
-35,6964	-121,4739
-27,2422	-123,0465
-26,3903	-108,8250
-28,0941	-98,0772
-22,3925	-98,4046
-12,0378	-81,6273
-15,2490	-82,1515
-12,1031	-75,6632
-10,2680	-61,5730
-4,1076	-61,9661
-7,0566	-48,7932
-5,2217	-47,9412
-2,1414	-47,2201
-1,3552	-33,1298
-5,8115	-35,6202
-7,9088	-27,8868
-10,0714	-16,4836
-7,4501	-16,1557
-5,6151	-2,7861
-9,8750	7,9617
-10,5958	9,8625
-6,5981	11,0422
-8,3676	6,7823
-12,4962	4,8164
-5,8772	14,9742
-9,2850	5,6026
-10,3991	8,1586
-5,0251	11,9597
-4,8286	13,4015
-1,5516	17,4648
2,0528	18,4479
3,9535	16,5473
4,0845	19,2343
5,6574	10,8456
3,1670	13,3361
0,8731	16,5472
-4,7629	7,6998
-1,6172	8,0931
-5,8771	6,4547
-4,2387	11,4354
-7,7776	22,3144
-6,4669	10,7145
-10,3335	8,5520
-5,5494	20,2829
-7,5154	16,1540
-7,7120	14,8434
-5,5494	12,0908
-13,3483	9,4693
-5,9427	9,9936
-9,3507	9,1416
-5,9427	10,9766
-5,3528	16,5472
7,7544	9,7315
5,2641	13,2705
5,3298	11,3698
10,7693	2,3258
11,7522	-1,1476
10,4417	-4,6211
12,4077	-5,3420
11,3592	0,8183
10,7694	-8,9465
8,2135	-3,4414
3,4948	1,9980
4,6089	-2,2618
0,2179	1,6048
1,2664	-2,0653
-2,0760	-9,7984
-2,3382	-3,0483
-7,6466	-10,2573
-5,3528	-12,2888
-5,4183	-3,1794
-7,6465	-11,1093
-4,6319	-5,9318
-7,0567	-2,1964
-8,2363	-13,1408
-5,0907	-3,2449
-8,3674	-4,7524
-11,0545	-9,4053
-12,4307	-4,5556
-7,3190	-7,9634
-8,5642	0,4252
-6,5325	12,4837
-1,6827	1,8015
1,7251	9,9281
4,0844	7,3066
3,8223	5,1440
2,9704	12,7460
8,3444	2,8501
9,1308	0,0977
8,0823	4,9472
9,6551	-5,8007
3,6914	-1,8685
5,8541	-3,2449
9,2619	-10,1260
7,6890	5,5369
8,0167	-1,8031
5,7885	-2,1962
10,6381	1,7360
10,3759	0,3597
9,9827	1,1462
6,5094	2,6534
9,0653	-5,0143
1,8563	0,4251
5,1331	-6,9805
-5,6804	-7,6358
-3,7799	-1,6720
-8,3019	-1,4755
-7,9741	-5,5386
-8,0397	-0,4269
-13,2171	-8,6188
-13,6104	3,1776
-14,6591	-3,9658
-14,8557	-4,8832
-12,8241	-0,2958
-10,0716	-9,3398
-9,7439	-7,0460
-4,2388	-5,1455
-7,4501	-9,4708
1,5940	-0,8200
-0,2410	-5,6042
5,7228	-2,5894
3,1015	6,4544
11,8177	0,4907
5,6575	2,5879
7,4270	5,7336
12,2111	1,0805
11,4902	-1,0165
8,2134	2,6534
3,2982	-1,7375
7,3614	6,3235
1,9873	0,3597
4,7398	3,5055
-4,6318	13,4669
2,7737	2,1947
-5,2217	5,5371
-2,5348	5,7337
-9,2849	0,7529
-1,0275	1,4739
-9,0229	4,6195
-15,4454	-0,9510
-10,9889	-0,5579
-12,1686	-4,7522
-11,1856	-5,9318
-14,9212	0,5562
-12,8895	-2,7206
-12,7585	-2,1963
-6,9258	-5,4730
-10,0715	-1,2787
-3,1246	1,4737
-6,4670	-5,2764
-5,2873	-1,0165
-6,7291	4,2918
-10,1369	-2,8516
-5,2217	3,4399
-9,9403	6,9788
-2,6002	8,1586
-0,6342	9,0106
-2,4036	15,4332
0,9388	16,8094
5,2642	19,2342
2,3805	12,2874
3,8879	14,5157
0,8731	20,2828
1,5285	9,8626
-3,5833	18,9066
0,4144	14,9087
-0,6342	3,2435
-5,4184	11,6319
-5,4183	1,6049
-8,7607	5,3405
-10,1370	3,7020
-10,4647	1,8015
-16,6250	10,0591
-9,6782	8,1585
-7,2534	7,8964
-3,7799	10,9110
1,5285	2,0636
-1,4860	4,9473
9,3930	14,7775
5,8539	4,0952
5,7229	4,6852
-4,1731	2,9811
-1,8138	1,4083
-4,5663	6,0612
-1,4863	-1,9997
-7,7121	1,0151
-1,7483	9,9279
-0,6341	3,1122
-1,5517	3,7677
-2,9277	10,3867
0,2834	7,1755
0,8077	8,2896
-3,7144	3,6365
-8,2363	4,6197
-7,1879	12,8771
-11,5133	5,0783
-16,6907	7,1100
-17,1494	15,8262
-16,6252	8,6173
-19,5744	11,3044
-17,9358	10,2557
-6,2704	0,3599
-7,7776	13,6636
-1,6827	1,1461
-1,1584	2,1948
-5,8769	7,5030
-6,4668	4,2918
-6,0082	1,9982
-5,2217	8,0275
-4,9597	7,3722
-7,5810	10,7145
-3,7144	6,9135
1,1353	7,9621
-0,1755	12,3528
2,3805	-1,7375
1,1353	-1,7375
-2,2070	-2,6551
-3,6488	-8,2256
1,0698	-5,0800
-3,6488	-9,0122
2,7082	-9,6675
0,5456	-4,6213
3,6258	-9,5365
3,2982	-8,2256
7,7546	-1,9998
7,4924	-16,0900
0,9387	-11,0437
4,2811	-11,9613
2,3805	-14,1894
4,8709	-11,3060
1,7907	-20,4154
3,4291	-18,1871
0,9388	-9,6021
1,5286	-17,7285
0,2179	-9,3399
2,3806	-14,0585
1,1354	-11,0438
-1,7482	-6,8495
-0,2408	-7,7669
-0,7652	-1,6064
-0,1753	7,0443
2,4460	7,0444
-2,5347	9,8625
-2,7313	7,6998
0,7421	7,8964
-5,9427	10,4523
-7,2534	2,8501
-15,7076	-0,6887
-15,3799	12,4183
-12,1031	-3,5724
-9,5472	2,9813
-8,4330	4,6196
-8,3675	5,7337
-9,2849	13,5325
-4,9595	6,0613
-1,7483	3,9643
-0,3065	13,1393
-0,1753	2,2603
4,8709	5,5372
9,7861	6,3235
-1,2240	1,1461
4,7398	-1,7375
-3,3213	-6,3251
-12,4307	-9,0776
-4,7630	-3,5071
-9,6783	-9,1431
-10,6613	-2,0651
-9,2195	7,6341
-9,1539	1,8671
-1,7483	9,2728
-4,6973	13,6636
-3,5177	13,0083
-8,7606	17,3337
-4,9596	12,4185
-9,4161	12,0253
-7,4500	9,9936
-4,3043	4,8162
-4,7630	4,9472
3,6911	1,5393
-1,0274	-1,4752
5,3952	3,8332
3,8224	1,3428
7,4924	4,7507
0,0213	14,2533
1,9219	-0,8199
-0,3064	7,3721
-1,1584	3,8986
-4,4352	-4,6211
-8,3674	1,2772
-2,7969	-1,4755
-13,4793	-2,7205
-7,5155	1,4737
-11,4478	-1,1477
-7,5155	-3,0482
-7,9744	5,2748
-9,6126	-0,0991
-4,2387	4,6851
-5,3528	9,3381
-4,8284	5,6682
1,8562	11,8941
0,2179	8,2240
8,2788	3,0468
7,7546	13,5979
8,0167	0,2942
9,3275	3,4400
6,2472	8,4205
7,4924	-2,5895
1,0698	3,3743
5,3952	-4,3590
1,2008	-3,1792
-3,9765	9,0759
-5,2871	2,1292
0,6766	2,4570
-1,6827	4,5541
0,2179	3,2433
-4,0419	1,9325
-2,2725	0,1631
-4,1075	0,3597
-6,0736	10,7799
-5,2871	3,6364
1,1353	4,1609
2,3805	9,3382
1,6596	4,0299
0,0212	11,1733
-4,9595	9,7315
3,0359	8,0277
-1,9449	13,5981
-4,0420	6,9790
-0,7652	5,6028
-4,3042	16,0884
-4,3041	0,0320
-2,0760	4,9473
-6,4668	4,7506
1,2664	-1,5408
-2,4691	10,2556
-4,8940	-4,3589
3,5602	3,4400
-5,4838	5,6025
2,7738	-2,6550
-3,3866	2,5224
6,9026	6,5856
5,1985	1,2117
8,6721	10,7144
2,9703	1,6049
0,5456	5,5372
1,4631	13,9257
3,5601	7,2411
-6,4668	13,2049
0,5455	12,6805
-4,3696	8,8140
1,7252	11,6321
-5,0249	12,3529
8,2133	7,9620
6,9681	13,7291
11,2281	7,3067
19,4857	12,2219
22,5003	17,2025
24,9251	4,8818
13,9807	10,9112
17,9128	6,6512
8,4099	-0,0990
7,4268	7,2410
-2,5346	-3,0483
3,4947	-4,6865
5,1330	2,1290
0,8077	-5,6697
0,1524	-3,3759
-4,0419	-1,4099
1,4631	-1,6720
-5,8116	-0,4924
-6,6635	-6,7183
-6,8602	-6,9148
-7,2534	-0,8200
-5,0908	-2,0651
-2,9280	-1,4097
-2,7314	6,3234
3,2324	-2,7205
0,3489	3,0466
2,9703	-0,3613
0,2178	-0,5578
-0,9618	7,1754
-2,6657	-1,9996
0,6110	6,4547
-0,0443	11,2387
-2,9934	3,4399
0,6111	6,8479
-1,0274	4,8818
3,1014	4,0298
-2,0760	8,6172
-0,8308	3,8986
-5,3528	2,0637
4,6087	3,1777
-0,3721	-8,3566
-1,1585	-3,2448
0,3489	-5,7354
0,6766	-9,7984
-0,8963	2,3912
-1,8793	-3,3105
-5,2871	-3,8346
-3,1900	4,6850
-4,4352	0,6218
-3,9109	-4,4244
-1,1584	1,6048
0,2833	0,0975
-1,8794	3,8330
-9,0227	-2,3274
4,5431	2,3914
-3,4523	8,3551
-4,5008	11,5663
-5,9426	11,5009
-3,7800	10,2558
-12,5617	12,0253
-5,2217	15,7608
-5,7460	7,1100
-3,6488	7,3722
-4,8940	10,1901
-5,3527	-3,5725
-5,4183	2,3258
-6,4014	1,1460
-11,3821	-4,9488
-2,9280	1,8015
-6,4670	-2,5895
-3,5834	3,5054
-3,1902	4,0296
-5,8771	-4,9488
-4,7630	-4,8832
-8,2363	-2,1963
-8,1053	-7,0460
-13,4137	-5,3419
-12,4963	-1,8031
-17,8702	-8,3567
-19,4432	-4,0313
-18,7877	-11,8957
-15,6421	-10,4539
-11,7099	-7,1773
-6,0083	-17,4008
-5,2873	-16,8765
-5,6149	-12,1580
1,0698	-12,4201
-0,8963	-5,5388
1,3319	-7,5049
-0,7652	-6,6528
-7,1222	2,1290
-4,8285	-3,3105
-10,0715	-2,7861
-14,7245	1,1461
-14,3969	-1,2788
-12,8240	4,0297
-15,3144	1,6049
-11,0545	6,9133
-5,5495	13,0081
-3,2556	5,4060
0,7421	7,6343
9,7206	6,7167
6,5749	-3,4414
10,4416	-4,8177
6,4438	-8,4222
5,4608	-7,6358
2,9049	-7,5703
9,2618	-9,8641
1,5286	-7,5702
-0,1097	3,1121
-1,6826	-5,2765
-2,9279	-1,2131
-9,9402	-0,2958
-7,7776	-3,2448
-4,6319	1,2771
-6,4670	-1,8686
-8,1708	-1,4753
-2,7314	5,4715
0,1522	-1,7375
-3,3868	-2,9826
0,6766	-3,4415
-2,8624	-5,8662
0,4144	2,5224
-2,0103	1,9326
-3,2556	5,6027
-6,6633	12,7461
-4,2387	4,3575
-3,6488	2,1293
-6,4669	6,3891
-3,3211	1,7360
-4,6974	0,0321
2,9703	5,4059
-1,6828	0,4252
0,0212	6,7822
1,9872	0,8840
3,3635	1,0151
2,4460	3,5709
6,6403	-2,1962
-1,4861	-1,0821
1,2664	-5,3420
-0,2408	-5,4075
1,9218	-2,3274
1,9874	-12,4199
-0,3719	-7,8979
3,8880	-6,1941
5,5263	-5,9319
7,7546	-0,2957
5,5263	4,2918
5,9196	0,0975
5,9850	6,5858
-2,7968	11,4353
-6,7290	4,4886
-2,4692	12,2873
-9,7437	7,6997
-1,9450	4,9473
-1,8139	4,6195
-1,4206	1,1462
-11,1199	10,7144
-5,2216	14,3189
-13,8725	9,9937
-10,5957	25,3292
-14,0036	16,7439
-16,9527	21,9213
-6,0081	21,0037
-6,2704	12,2874
-0,5686	13,1394
7,4923	10,3868
8,3443	-0,4267
4,2156	8,0931
10,1138	5,6025
-2,8623	-0,2955
-4,3041	9,0105
-11,1200	5,9957
-12,8895	3,3089
-16,2318	2,9811
-15,4454	6,5857
-12,6273	10,5178
-6,9913	2,5225
-7,9087	7,3722
-5,2218	12,4839
-5,2873	3,3088
-3,5179	1,9327
-2,9935	12,0907
-5,8771	13,4669
-6,5980	9,4038
-11,7753	9,9281
-6,1393	14,8434
-7,5810	18,7755
-3,9110	13,8604
-2,8623	14,5813
3,6913	16,4161
2,5773	-1,2787
6,8372	-5,6696
5,3953	-8,0946
2,8394	-12,6166
-0,6341	-10,1918
-4,4353	-11,2405
-7,3845	-8,9466
-7,5811	-1,3445
-5,0253	-7,5703
-14,2658	0,3597
-9,3506	4,1606
-12,9551	-4,4245
-5,8773	2,7189
-10,6613	0,2285
-0,3721	-3,0481
-2,6658	3,7676
-0,6997	-0,4922
-0,2409	7,7654
-5,6805	11,6319
-6,1392	4,6851
-5,0252	7,0445
-4,1732	5,7992
-2,1415	2,9812
2,7082	5,7337
3,8878	-1,9340
8,0167	0,1631
4,1501	2,0636
12,5388	-5,7352
11,9489	-3,5070
13,1286	-3,8347
12,4078	-0,0991
10,7694	2,3256
9,5242	-9,6673
1,7909	1,0807
5,1987	11,4352
0,4800	-3,1137
1,2665	9,3382
-2,2070	5,9302
1,4630	2,5879
-5,5494	1,0151
-7,6466	-0,6233
-4,6975	-1,5408
-4,1732	8,0273
-5,0907	-1,0821
-1,0274	-0,8199
-2,2725	4,9471
9,9827	-7,9634
2,0529	0,4252
6,3784	-3,6382
14,2427	-14,5170
11,6213	-5,7354
10,1141	-17,1387
11,2280	-17,2041
3,8225	-10,5196
0,0213	-16,4178
-0,0443	-15,3691
-8,2365	-6,9805
-7,5155	-7,0460
-9,3506	9,4036
-13,0862	1,3426
-14,0692	-0,0334
-12,8896	9,2726
-19,8363	1,2772
-16,5596	2,3258
-8,9573	0,5563
-6,1393	-5,1454
-6,1392	-1,8031
-7,1222	-8,5533
-0,0443	-2,2618
-4,7630	3,1776
4,6088	-3,3759
3,0359	1,8670
6,4438	2,1946
1,5941	-6,6527
2,7738	0,3597
-3,5833	-2,3930
0,6110	-2,3929
-2,4037	1,6047
-1,6828	-9,4708
-9,7437	-5,6697
-3,8455	-4,6213
-17,5425	-9,2088
-10,3991	-8,2913
-11,6443	-10,3229
-9,9404	-17,0729
-5,3529	-1,6065
-11,6444	-3,7037
-6,4669	-4,4900
-8,3020	6,3234
-0,5687	-4,1623
-1,8139	3,4400
-1,5517	0,1630
-1,3551	-0,3611
-0,4376	7,7652
-4,6319	-4,0313
0,0867	-3,2446
-2,4691	3,8986
-0,1098	-5,2109
-0,1753	-6,1939
4,6744	-2,3274
5,1986	-4,2279
5,0675	-0,1645
3,9535	2,0636
5,5919	-0,9509
11,6867	7,8309
9,2619	2,9156
12,8008	3,0468
3,8880	12,6149
10,4415	4,3574
4,6089	4,9473
9,0653	0,9495
4,0846	-1,8684
7,6891	3,1778
1,5288	1,9981
10,8347	1,6050
5,7229	9,2726
4,8054	2,9811
9,7862	1,6050
4,7399	0,0975
8,6066	-1,0166
13,0630	3,3087
10,5727	1,3426
14,3082	-5,3419
14,5704	0,1630
11,8179	-8,5533
12,9320	-1,7375
13,5218	-1,8031
9,8518	-5,9973
5,0677	5,3404
4,7400	1,1461
1,6598	8,8795
4,7399	13,0737
-0,8307	3,3745
0,4800	13,7947
1,0042	10,2557
-3,0590	4,4886
-0,6342	12,1562
-5,0907	1,8015
-3,5834	-1,8029
-9,1539	5,6026
-7,5811	0,9494
-11,7099	-0,1645
-9,8749	5,8647
-15,4454	1,5393
-10,0059	3,8986
-11,9064	2,3257
-11,6443	-1,8030
-8,6951	6,9133
-10,7923	0,9494
-4,3697	4,2919
-3,2558	11,8285
-10,0714	5,3405
-9,8749	7,4378
-10,3992	6,6512
-10,5958	2,2604
-12,1031	8,3551
-10,0060	-2,0651
-7,5811	-3,3757
-9,5472	4,0298
-3,9110	0,9496
-2,2070	4,8817
1,9873	8,0929
3,1016	-0,0335
7,8857	1,7360
7,2304	-1,4099
8,6722	-2,7205
13,6529	0,7528
12,2111	-12,8132
19,4201	-15,0413
16,7987	-5,6043
24,4009	-10,7161
21,3207	-6,3251
14,7016	-4,5556
13,7840	-0,2302
8,2789	2,5223
0,3490	-7,3735
-2,9934	2,7191
-6,7946	7,4375
-5,3528	-0,3613
-7,7121	-1,9340
-5,9426	1,1461
-7,6466	-0,3612
-4,9597	5,4060
-7,9088	3,7676
-4,2388	7,5032
-3,1901	12,6805
2,8392	2,3258
7,5579	4,1608
5,9850	2,3913
8,9998	-2,7861
4,4779	0,8839
12,8009	2,3256
0,4146	-5,8008
9,1964	4,6194
2,3151	-4,6211
7,4269	0,4908
6,6405	2,7845
11,0315	1,0806
18,7647	1,0806
14,1117	-1,6065
19,0270	-5,8662
16,6676	-5,2766
10,3106	-13,8617
8,5410	-5,8008
5,3296	-3,6382
-0,1098	-11,2403
0,5455	-1,6719
-5,8114	0,2941
0,5455	-1,4753
-7,6465	10,7799
-8,6296	5,0783
-13,2171	3,7021
-10,0059	7,1754
-10,0714	-1,2787
-6,1393	-2,7205
-3,9765	-4,9488
-4,3043	-7,7013
-2,6003	-2,3930
-5,0907	-9,0122
-4,3042	-9,3397
-7,5811	-0,9513
-5,4183	-14,0584
-6,8602	-6,5871
-5,0907	1,3425
-13,2826	-7,9635
-8,3020	-4,3590
-10,5302	-9,2742
-11,6443	-2,9827
-7,1878	3,2431
-1,5517	-7,5703
-3,3866	-1,1476
-2,9279	-0,9511
2,3150	-3,2448
-1,6172	2,4567
0,3489	-7,3082
-5,4183	-1,9341
0,2834	1,8669
-1,4206	-1,4098
-4,7629	2,1949
-2,0104	10,9110
-7,7777	2,7846
-9,7437	6,0615
-9,2850	13,9912
-14,6590	6,3236
-13,4794	14,5156
-7,7777	4,8817
-6,1394	1,8016
-3,0591	6,9132
-2,4693	-1,1477
1,9872	-8,6844
4,2810	-1,7376
2,3805	-6,9805
3,6257	-3,4415
5,9195	0,3596
4,4122	3,6364
2,1840	9,2070
4,8711	2,5880
5,3953	4,9474
2,2496	14,1223
-0,8962	2,7846
0,9388	5,9304
-6,4669	3,1777
-1,6827	-1,7374
-0,4376	7,3064
-0,5686	-10,2572
4,4122	-6,1939