-5,1909	-41,3795
-0,3414	-45,6395
2,2146	-44,7218
0,4449	-42,1005
-2,9628	-43,9357
-23,1479	-57,2394
-3,2250	-49,2439
-18,0363	-46,5570
-20,7887	-49,5718
-31,2090	-50,6858
-24,1967	-53,7005
-24,4587	-50,8168
-15,0219	-60,7128
-28,3910	-49,3752
-20,6579	-53,6351
-22,8860	-59,9919
-27,9980	-53,3074
-14,8250	-72,2473
-21,7067	-59,0088
-21,0510	-55,1425
-29,1775	-67,7910
-7,2230	-75,3931
-31,2747	-66,7425
-17,3809	-78,8012
-30,4881	-71,7234
-12,4658	-88,0420
-29,6361	-91,1877
-17,9053	-88,8285
-30,0292	-104,2295
-25,1798	-103,1808
-20,7888	-99,1833
-26,6874	-102,9188
-24,5900	-105,9335
-28,7190	-121,7932
-31,8645	-116,7467
-34,6828	-108,7517
-33,6341	-117,1403
-46,8725	-122,3830
-34,4862	-123,6940
-58,2103	-128,6091
-55,2610	-126,4465
-58,0793	-131,8862
-51,0671	-135,8183
-71,9074	-135,8840
-58,1451	-145,5833
-64,2399	-139,8163
-68,3033	-146,9598
-68,1065	-159,8048
-64,6990	-159,3460
-69,3518	-162,3609
-76,2332	-170,8151
-70,2693	-165,9655
-80,3620	-176,2548
-71,4490	-176,6480
-87,8987	-177,1726
-78,9202	-200,8309
-94,8455	-200,3720
-78,0028	-193,8843
-98,5155	-205,0910
-84,8841	-208,8921
-94,9111	-209,9408
-84,9499	-212,3656
-104,0207	-216,5602
-106,1837	-225,6696
-107,4287	-232,3541
-117,1284	-221,4754
-115,7519	-242,1193
-131,1533	-240,3497
-134,4298	-246,5759
-140,6560	-248,6731
-134,8234	-251,9501
-168,7710	-263,4189
-150,4865	-268,3996
-164,5770	-264,4676
-163,8561	-271,7422
-171,3272	-272,3322
-160,8417	-278,3615
-173,0312	-282,5558
-170,8687	-284,1289
-167,6574	-293,4349
-172,2450	-299,2022
-172,0482	-298,2848
-176,1773	-320,9603
-173,8834	-323,5162
-189,6778	-321,2881
-179,8473	-336,8203
-203,3095	-344,7502
-206,7172	-362,8382
-223,2324	-353,4012
-209,7976	-359,9551
-236,9951	-374,7662
-223,4948	-382,9583
-233,5873	-386,0387
-228,2135	-407,6656
-229,6553	-404,7821
-237,5854	-414,5473
-228,5411	-427,5234
-230,1144	-434,7325
-229,4588	-448,9538
-236,9302	-447,5778
-234,1120	-456,4909
-262,1615	-462,1928
-244,9909	-480,1495
-263,6690	-483,7542
-258,2950	-492,8639
-285,8855	-497,5171
-265,0452	-510,3623
-278,8734	-520,3894
-272,0579	-525,0426
-287,1311	-539,7228
-287,4590	-548,6357
-296,9616	-536,9705
-303,0568	-552,0440
-299,7143	-564,2337
-310,3971	-571,1150
-313,6736	-580,1591
-316,8852	-574,2611
-318,1303	-597,7886
-336,8736	-610,9612
-318,5236	-602,9006
-340,5440	-624,3966
-334,1868	-631,5399
-353,8477	-638,8803
-340,4129	-654,0847
-361,4499	-645,9585
-347,3600	-670,7313
-365,7756	-679,6443
-367,7418	-688,5574
-374,8853	-699,8954
-383,4707	-711,1676
-385,5679	-719,9496
-402,0177	-728,9937
-402,4763	-741,2491
-412,3072	-750,1621
-414,6663	-758,3543
-428,0358	-762,0901
-423,1207	-787,9114
-448,2210	-792,2368
-434,6552	-792,0406
-462,6390	-821,8595
-447,7625	-819,6970
-463,8844	-838,8992
-464,2777	-841,8485
-466,2439	-847,0916
-465,6543	-865,6385
-478,7615	-871,4712
-478,1719	-878,7459
-488,5919	-893,0329
-497,7017	-901,0284
-484,6600	-913,8735
-511,0713	-923,5730
-507,3355	-925,1461
-530,7977	-945,9211
-518,7390	-955,7516
-534,6645	-965,1234
-534,7301	-974,6919
-545,2157	-994,2873
-543,3155	-996,4502
-554,5877	-1017,1598
-550,1316	-1022,0098
-573,2001	-1044,6855
-574,1835	-1066,5089
-591,8780	-1064,2156
-592,2716	-1089,9059
-598,4975	-1103,2097
-609,1803	-1118,5453
-620,7801	-1112,7783
-640,3101	-1123,7233
-633,4289	-1149,8721
-652,1725	-1155,0495
-661,7408	-1150,5934
-683,3677	-1170,3198
-676,1589	-1178,1842
-699,6209	-1183,8860
-695,0991	-1190,7675
-709,4514	-1196,9280
-702,7016	-1209,7732
-708,2066	-1214,2296
-720,5932	-1216,4581
-714,1048	-1232,6456
-717,5787	-1239,6579
-723,0179	-1242,8693
-734,8801	-1248,8333
-725,6395	-1255,1905
-743,2031	-1270,4603
-728,4576	-1278,1282
-750,1500	-1281,0774
-742,0890	-1293,7915
-751,9193	-1295,6921
-730,8825	-1292,8088
-751,1986	-1306,0471
-737,4361	-1305,1297
-743,9897	-1315,2879
-741,7616	-1321,1861
-745,6936	-1322,2349
-738,9435	-1344,7136
-733,1763	-1339,6017
-747,2011	-1333,5071
-734,4869	-1341,8959
-750,9366	-1351,0052
-736,3874	-1341,8958
-753,6891	-1343,1411
-742,3512	-1339,2746
-755,0651	-1352,1195
-729,5063	-1350,9398
-744,2518	-1339,4711
-730,3582	-1345,6314
-742,0889	-1337,5048
-724,0666	-1338,2258
-720,3309	-1333,5726
-714,1707	-1333,9657
-715,2189	-1329,9680
-714,3016	-1320,8585
-702,5702	-1315,0259
-705,2575	-1322,8900
-683,2372	-1319,0887
-703,0291	-1297,0031
-682,7128	-1294,5128
-696,0821	-1288,7455
-680,6155	-1280,4877
-691,2322	-1266,3319
-676,0279	-1266,2662
-683,6955	-1254,8628
-667,7702	-1240,3137
-658,5297	-1231,1386
-663,5105	-1223,6672
-659,0536	-1223,9947
-652,5002	-1206,6930
-635,5916	-1196,0761
-637,6234	-1182,1823
-623,0084	-1177,9223
-623,7949	-1164,7493
-603,2165	-1153,8048
-609,7045	-1151,8385
-591,2231	-1142,5976
-593,6479	-1127,9175
-579,7541	-1122,5435
-597,8417	-1103,9312
-558,3236	-1103,0791
-568,8748	-1095,0180
-553,2118	-1076,7333
-555,9639	-1073,1288
-541,4152	-1074,4391
-535,1233	-1041,4744
-525,9485	-1040,0326
-526,9313	-1025,8110
-525,5549	-1020,6991
-511,9888	-1005,6910
-516,0521	-996,4503
-495,8668	-979,4763
-513,2993	-965,0583
-483,9391	-958,3734
-496,3908	-948,7393
-481,5140	-923,5732
-487,3466	-914,3983
-470,6350	-910,6623
-471,3557	-883,5302
-451,4986	-878,4183
-460,8043	-865,1141
-455,4961	-850,2373
-445,3377	-844,9286
-451,4983	-825,0710
-427,7084	-806,5899
-448,8110	-800,2326
-424,4969	-785,1592
-429,4123	-785,4866
-419,1228	-777,0978
-423,5792	-746,5581
-403,6563	-750,2936
-415,1249	-748,7858
-399,3308	-728,2075
-414,1416	-722,3091
-389,3036	-715,0999
-388,6481	-697,0774
-385,3715	-682,9871
-381,6355	-670,0764
-381,6358	-679,2511
-375,1472	-661,8182
-366,1690	-638,4220
-349,0641	-635,6037
-365,3168	-631,0160
-339,2334	-623,3481
-355,0274	-616,7944
-325,4050	-595,5607
-340,4126	-604,7357
-314,9190	-587,9580
-309,8070	-578,8487
-302,7948	-573,5401
-296,2409	-566,4620
-292,7021	-552,3717
-287,7866	-549,0948
-283,0682	-537,0361
-277,8250	-538,1499
-279,7258	-523,0765
-267,4046	-509,0519
-283,3957	-513,7703
-253,3144	-503,2843
-278,2181	-485,9828
-256,0667	-484,8686
-265,2417	-487,3587
-243,9425	-461,4064
-248,0055	-465,0763
-229,2624	-448,6266
-235,8812	-442,3351
-220,2182	-436,4366
-222,2497	-427,7202
-208,7494	-420,5767
-212,3537	-414,8094
-218,6452	-406,6828
-201,0813	-401,0465
-209,6669	-382,5654
-201,5399	-389,4466
-215,4338	-382,5651
-190,4644	-366,7054
-199,2464	-362,3145
-197,2801	-366,0498
-207,3070	-347,9618
-180,6993	-352,2215
-184,8936	-336,1652
-177,2914	-330,4635
-182,7305	-327,9730
-155,4024	-316,9629
-171,5894	-322,5989
-163,3975	-320,6326
-149,8314	-308,4428
-152,7152	-297,8917
-148,4550	-302,1513
-153,9603	-293,8937
-138,1659	-294,8111
-156,5159	-286,0293
-126,6315	-281,8348
-150,4211	-279,0823
-135,0199	-265,3197
-142,0979	-274,4292
-119,6189	-269,5791
-140,8524	-255,4889
-126,4999	-244,4789
-113,5239	-240,8744
-114,6382	-245,7239
-121,3225	-227,4391
-111,6889	-215,3151
-105,1350	-223,2448
-106,2493	-219,8365
-93,0109	-203,0593
-109,7882	-199,3238
-106,9698	-195,3259
-110,4434	-194,6049
-97,4019	-186,8714
-121,4534	-171,7328
-104,6762	-164,9169
-121,3224	-163,7372
-98,1228	-148,2052
-119,2253	-156,5938
-113,5891	-147,4841
-102,0548	-150,6298
-106,4460	-141,9789
-101,2683	-136,2118
-104,2832	-154,6928
-95,2389	-139,2262
-109,9847	-138,5054
-89,6683	-131,0342
-107,8220	-136,0806
-91,0445	-128,1507
-94,4526	-134,2455
-95,5667	-123,3665
-109,3946	-125,3326
-81,7385	-124,8736
-100,5473	-111,5699
-85,4086	-116,0918
-96,5495	-105,8680
-90,2582	-96,6275
-82,4592	-103,9674
-93,1419	-84,1100
-85,0804	-101,7391
-77,6097	-84,6341
-73,9395	-86,9280
-77,2164	-89,0249
-71,3835	-93,4159
-73,4808	-86,4691
-75,9055	-101,6734
-83,1800	-97,3479
-69,5485	-85,6828
-79,9687	-89,7460
-71,9078	-84,8308
-78,9855	-94,0713
-75,9055	-84,9617
-78,3957	-82,2748
-66,2718	-87,2554
-76,1020	-78,7357
-66,0753	-80,0463
-73,8739	-69,7571
-86,1292	-61,5652
-63,7158	-66,0216
-78,7893	-68,3150
-71,2524	-39,2827
-87,6364	-45,7709
-63,7157	-55,7321
-76,6263	-51,2756
-58,9971	-48,3920
-67,9097	-46,5571
-43,8583	-52,3897
-63,2566	-54,4212
-46,5450	-42,1005
-44,3166	-45,1153
-42,0886	-51,7343
-36,3212	-52,1274
-46,7416	-51,7998
-38,8114	-44,0665
-42,1541	-42,3627
-41,6295	-51,6031
-47,0037	-37,9062
-39,7292	-45,7049
-58,4069	-47,7365
-37,4354	-30,9593
-62,5357	-32,0736
-51,5255	-34,4327
-55,0645	-35,8746
-46,7416	-41,0517
-61,0282	-28,7311
-47,5936	-34,3016
-52,0499	-27,5514
-51,6568	-34,6948
-46,0206	-27,4202
-44,3169	-31,4835
-40,3188	-33,3840
-47,7900	-29,9105
-23,1484	-25,3231
-37,6319	-27,7480
-26,4906	-27,4857
-38,0903	-22,2430
-13,3179	-32,0732
-33,6994	-21,3909
-8,2716	-17,7208
-34,0926	-20,3422
-15,3494	-16,2133
-18,7573	-8,4800
-20,0027	1,2193
-32,5197	-4,0235
-17,5123	-10,0527
-22,8862	1,6784
-32,9788	-1,0086
-21,4443	3,4479
-41,7607	15,6375
-26,5561	6,7244
-36,5834	-2,6468
-30,3573	17,9968
-44,4476	11,1154
-27,6702	5,2828
-39,0735	7,3145
-27,4082	11,3121
-35,0757	9,8048
-24,5902	16,4239
-33,2407	5,4795
-26,4252	7,4456
-29,5052	15,9652
-28,3913	3,9065
-27,9323	11,3123
-30,2264	10,5912
-29,8329	2,9236
-30,8817	16,8173
-32,7165	20,8149
-33,6996	12,9507
-21,4444	12,6885
-44,1852	15,3755
-25,9662	23,5020
-33,4372	16,8171
-10,3688	20,2907
-24,1312	6,8558
-24,9833	12,4265
-31,6022	19,6354
-18,4297	26,9097
-10,1721	13,7370
-30,0295	22,3879
-16,4634	17,2105
-28,3911	7,3147
-17,7086	28,0239
-24,5243	19,6352
-11,8760	2,7272
-18,4296	19,4389
-5,7156	23,1086
-28,1944	10,4603
-10,4341	9,6740
-21,1164	26,3855
-8,2059	23,0431
-20,7232	15,8343
-18,1674	17,3417
-16,5944	19,8320
-17,7088	11,0502
-16,0046	16,8830
-19,7405	12,9508
-16,5945	18,1283
-24,6556	25,5336
-9,8444	14,3270
-36,9106	16,7521
-7,9436	28,4828
-15,3493	26,0580
-8,0748	27,5654
-23,1478	31,8908
-1,6522	28,8761
-15,7425	36,0851
-20,5921	26,7790
-17,1185	30,4492
-13,7110	46,7020
-15,0870	30,2524
-11,5485	37,4615
-21,9684	40,0828
-22,8205	25,3373
-7,8128	36,6750
-31,4058	36,8714
-25,7040	20,9463
-37,6972	31,3010
-21,9030	28,6794
-35,0103	20,9462
-22,6239	18,8491
-31,2747	20,3564
-26,6872	24,9439
-37,5659	19,9631
-17,7089	15,8345
-24,9832	21,9293
-18,8229	27,7619
-14,4974	28,6794
-24,2623	25,7958
-5,8465	18,3249
-14,3009	31,9564
2,8698	34,3156
-21,2475	20,8809
0,3795	40,9349
-15,6768	37,5924
4,3772	27,7622
-15,3491	34,9056
-0,9312	37,1992
-20,2643	28,2864
-5,6500	25,3373
-15,3492	31,6943
-28,8498	38,6409
-26,6869	27,1722
-15,5462	24,8786
-20,3957	33,3326
-32,5856	36,2161
-15,0218	18,1938
-43,4645	21,1430
-28,1289	24,8129
-34,0928	30,3833
-22,3619	16,4899
-41,6293	22,5847
-15,8739	22,8467
-36,3865	18,7181
-22,6241	36,1505
-29,5706	31,6285
-31,1436	29,4003
-22,3615	40,2793
-14,8254	29,9901
-9,5822	25,0752
-14,1700	33,1360
-24,2621	27,4999
-17,8397	33,2671
-10,8930	31,3011
-20,2646	32,2840
-12,5969	37,0681
-34,4858	30,6457
-15,0217	35,8231
-25,9007	35,3642
-25,3765	34,1191
-35,1411	32,5462
-26,0320	28,0899
-33,6995	30,1214
-28,4570	34,3157
-36,7798	43,2286
-39,7946	23,1745
-28,7844	35,0367
-32,6513	20,8808
-23,2139	33,5293
-45,6929	29,2694
-25,5730	31,1044
-32,1269	25,8614
-23,2138	34,1190
-38,8113	24,2885
-20,0680	21,8637
-31,3401	21,5358
-10,3687	12,4918
-20,3955	11,2467
-14,1042	7,0522
-22,8858	-1,7950
-20,7888	11,9018
-14,3660	-2,4505
-8,0750	4,8896
-9,1233	9,2149
-26,0972	9,0183
0,3139	13,9335
-21,7062	8,2974
-5,5843	-4,0232
-25,8350	12,8196
-15,8733	14,5888
-22,1649	9,0185
-9,5167	9,3461
-27,1456	12,4919
-21,3787	19,0455
-25,3106	11,1156
-19,8715	15,7032
-23,1482	21,4702
-29,1121	11,9020
-26,2938	14,5236
-21,3790	14,7856
-20,3303	13,9992
-41,1707	11,1157
-19,6748	11,3778
-35,9280	8,1665
-22,0342	15,9652
-41,4985	14,6546
-28,7189	10,5914
-47,7242	20,0941
-30,5538	14,5891
-32,3232	21,7327
-17,7745	27,0410
-25,2454	29,6624
-26,4251	37,0679
-20,5267	19,5700
-28,3912	30,3835
-5,8467	36,9370
-32,9788	27,2379
-15,4803	42,5733
-26,3596	40,2796
-13,3179	33,9882
-33,3719	55,3529
-17,4467	46,8987
-44,0542	44,9984
-24,6556	43,9498
-37,9594	44,8672
-22,0998	44,9328
-32,3888	45,5225
-26,6219	48,2094
-31,0780	40,3451
-25,7698	32,4807
-20,1335	33,4638
-14,7598	43,7527
-20,1334	17,1450
-22,4927	9,9363
-10,4995	22,9778
-19,0193	23,9607
6,4742	10,5915
-22,0340	6,3971
-15,8734	11,0502
-23,0824	18,7178
-7,4850	15,3100
-24,9174	3,8412
-13,7765	14,1305
-20,0023	14,7856
-16,9878	11,9677
-10,1720	18,3246
-16,8569	17,9314
-18,1672	22,9776
-13,4488	6,1350
6,7363	14,6547
-25,5729	24,0917
-5,1909	14,1302
-17,1842	5,2175
3,3287	13,9337
-10,5652	18,3901
-10,3684	22,0600
-18,4291	3,1202
1,4280	12,2296
-18,1016	10,7222
-14,0385	2,9234
-10,6961	-6,4482
-11,6138	-3,6957
-16,2666	-5,1377
-18,8883	-8,0868
-13,9729	-19,8832
-24,7210	-18,2448
-7,4849	-9,2665
-26,0319	-20,6698
-12,9244	-4,2858
-31,2746	-13,7886
-2,9629	-20,4077
-24,7866	-21,5217
-16,2012	-9,3321
-16,6598	-16,6721
-1,5212	-19,2280
-24,3930	-12,3467
-4,9290	-14,7715
-9,2543	-7,5625
-6,8296	-16,0822
-7,5503	-13,7882
-8,0748	1,5470
5,4258	-9,5285
-17,8397	-9,6595
0,8385	-12,0844
-3,7495	-3,1059
3,4597	-2,2541
-19,2156	-8,6765
15,8461	-3,8269
-11,8101	2,7922
1,5594	3,9719
-1,7830	2,0059
10,2099	-4,2199
-4,2077	6,5280
-3,8804	5,4795
2,5424	6,9213
-2,3076	4,2344
0,4451	2,2029
0,9036	8,4287
-3,6182	11,5744
-15,8734	9,0840
5,2948	10,1981
-18,7570	15,1132
-2,5694	4,1687
-14,8246	0,1056
5,8191	14,3922
-11,6789	3,7753
-1,3243	-5,4650
-13,9070	9,2805
7,8505	3,1856
-10,7616	1,7439
-12,9243	9,0184
-0,2104	2,9891
-7,6817	15,2442
-0,9968	4,1687
-11,4173	0,1056
-4,9945	9,5427
-19,6747	-0,0911
2,6077	9,0184
-16,5289	-8,8728
5,2946	-3,6299
-17,1186	16,0307
1,8213	8,6905
-8,7299	7,0524
-0,8656	14,5233
-13,5794	10,4602
1,8868	7,7077
-4,7321	17,0793
2,4766	6,2659
10,4722	7,3800
-0,9313	-1,7295
8,3751	-3,3023
1,1660	3,7754
16,6981	-11,8877
-4,6667	-9,4628
13,6834	-4,1544
-12,9243	0,0398
9,0303	-1,9918
-19,0190	-2,7782
0,3794	3,1200
-23,6065	5,4792
-5,8464	-7,9555
-6,3052	-5,0063
-5,8467	3,1200
-8,7956	2,1369
-17,4465	-1,2710
-1,2588	-11,8222
-2,3733	-11,4944
0,5105	0,1053
-16,5289	-1,9919
7,2607	-6,8415
-17,3154	-4,8754
-6,5673	-1,4020
-20,9851	-2,0573
-1,9143	-6,4482
-24,8518	-3,7610
8,7025	6,7901
-18,6259	-7,3001
-2,8318	2,1373
-2,1108	16,3582
9,0956	1,6783
-3,9459	10,7879
1,3624	2,7925
9,9477	5,3484
-17,5119	6,3970
0,3796	2,4648
-4,1427	7,0523
-2,5042	4,6929
-21,7718	-3,5645
-4,5357	0,9575
-20,9197	5,8725
-1,4556	-2,1884
-19,4123	1,8094
0,7073	1,6782
0,4451	-10,4457
0,9692	2,5302
1,2317	-8,4799
13,2900	-9,1351
7,9819	-0,4845
-1,2588	-4,0236
3,5912	-18,6380
5,6225	-13,2641
15,2563	-9,2009
-10,5649	-13,3954
7,3266	-17,3930
-8,4021	-10,5772
9,2926	-17,9172
-4,9942	-15,3612
2,8701	-3,2371
2,7391	-6,6450
9,6202	-12,6085
5,3605	-7,0379
14,9940	6,7901
6,7367	-1,1398
12,6346	4,3654
14,0111	1,1541
-4,9290	4,6276
9,9480	15,8340
-0,2760	5,6760
9,0304	7,3801
-11,7447	4,3654
-4,0113	7,8389
-16,0699	23,2398
2,1490	14,1958
-15,4145	12,6230
-2,4385	22,5189
-12,7931	9,6738
-7,2882	4,4967
-5,5841	15,9652
0,7725	0,8919
-0,8655	17,1449
0,9692	-0,2878
8,0474	-10,6423
-1,9797	5,8070
12,3073	8,1007
0,3797	-4,8099
17,6812	-4,6132
-2,3728	-7,5624
15,8463	2,0059
3,9843	-15,2301
12,3728	-9,4629
5,6883	-8,6766
13,5523	-3,1061
-2,1760	-14,6403
7,0643	-7,5626
3,5910	-17,1308
1,3625	-6,6450
8,2441	-14,6404
-2,2419	-10,5115
18,7297	-9,5941
-1,2589	-11,3634
6,6712	-4,2856
0,7073	-0,9434
15,3874	-12,8053
-11,3511	-9,5939
21,2202	-13,0673
2,9357	2,6612
16,0429	5,1514
3,5912	-7,4969
13,7491	-1,1397
8,4408	6,3967
7,1954	-3,8924
2,8046	-3,4335
1,9524	2,5303
13,4213	2,3337
-14,3006	-0,3532
6,9988	5,9382
-9,3855	6,0694
-4,1425	7,2490
-23,6722	10,6568
3,4596	5,0863
-15,9390	9,5428
-7,5504	19,0455
-13,7106	18,9799
-10,1063	9,3461
-17,9703	6,8559
-2,8318	12,4262
-6,8292	4,4964
5,1636	-7,4310
5,5570	3,6444
-0,0137	-6,1205
12,8972	-12,6084
12,6347	-11,5600
8,3750	-16,9338
-2,0451	-1,5985
17,0913	-10,9047
-0,3413	-10,4458
14,9286	6,5279
-6,1740	-5,3341
2,8045	5,2173
-8,7953	-8,6108
5,2948	5,4795
4,1806	6,4625
-3,2906	7,7733
-3,4214	7,5111
4,1803	6,9867
0,1828	0,7610
-13,5144	11,3778
-1,7176	13,5403
-18,0364	5,8727
-10,3684	5,1519
-20,2646	15,4409
-3,4873	1,9406
-24,3932	7,4455
-13,5798	11,4433
-30,2256	11,9020
5,8189	2,9891
-21,4441	9,6083
-7,9436	13,3436
-8,9921	-4,2854
-2,1111	4,4965
-6,0430	9,3460
-9,1889	5,0862
5,5570	2,2683
-4,0117	5,8072
-2,3074	15,3097
-7,0260	5,2828
13,4867	2,6614
-10,4339	11,2465
14,1422	7,3142
4,1805	-7,1035
10,2755	-0,6810
-8,5986	2,7923
14,0767	-3,5647
9,0306	-0,8777
7,5885	-1,4021
10,4069	-13,3295
19,7781	-2,9748
18,9920	0,8917
4,6394	-1,0742
20,4339	-2,3850
5,2293	-7,5621
19,4509	19,3731
2,9358	11,1155
26,5288	5,6107
16,8948	12,5576
16,5019	16,3585
9,3586	19,0456
22,7934	22,6499
18,9268	11,4431
28,6259	-0,0909
14,4048	19,3076
21,2858	7,4454
12,1111	10,3291
31,1159	4,9550
17,4191	0,3021
5,2949	6,7246
23,9727	-5,8584
-5,7808	-1,7952
8,4407	-1,9917
-5,8464	9,0182
3,7220	0,3674
-11,6790	2,8580
2,5421	8,1663
-23,4754	14,7199
-9,0577	4,2998
-10,1717	3,7101
-8,3369	21,8635
0,3795	13,9335
-6,0432	7,7077
-6,3706	11,7709
-1,7178	10,9188
7,9819	2,8580
2,0834	-1,3363
11,9796	-2,1882
-8,9920	10,3944
11,5865	-13,3950
-2,8972	-9,2006
3,8531	4,6928
-7,6812	-3,6304
2,4767	-13,6572
-13,9071	-10,2494
-6,7639	0,3673
-8,9920	-2,3197
-3,9461	-4,2857
-9,8440	-10,0528
-9,7787	-6,5139
-4,0769	-11,1014
-15,0216	-6,8415
-0,0792	-13,1330
-7,2230	-19,8175
-2,0454	1,4160
-26,9491	-3,8269
-9,1232	-3,4991
-23,6723	-2,8438
-0,9313	2,9889
-23,6723	-3,3024
-2,7664	1,3506
-26,0315	-1,1397
-12,5312	6,5280
-16,6598	10,7222
-11,0896	2,3337
-8,2057	8,5596
-21,1166	-4,0889
-0,3413	-6,7757
-12,1382	13,6714
-2,2418	1,3504
-6,4364	-1,8607
-2,1109	-3,8269
-18,0361	-5,3997
6,4088	-0,5501
-26,5557	-1,7297
-1,1932	-1,2710
-12,1378	2,1369
-7,8126	0,4329
-9,9750	0,6296
-4,7325	4,3651
-12,7276	-3,9578
2,8697	11,8363
-6,1742	1,6782
-11,8103	8,2975
2,5422	13,8680
-12,6623	-5,2685
1,3627	-3,1056
-7,9437	16,1617
-0,4068	-0,5499
-10,7614	5,4795
9,5545	-1,7950
-11,8100	8,4941
2,3457	5,4138
-7,6810	-2,0572
19,3849	-1,7295
1,9525	3,1855
-0,9310	-12,2809
10,2757	-5,2686
6,0155	-9,2008
16,6982	-6,3172
9,2268	2,6611
21,8099	-8,6111
15,4527	-4,8099
18,7951	-4,1545
-15,1525	-2,7783
1,4939	-7,5623
-14,7592	-1,8607
7,1297	-7,2346
-15,9389	-4,3511
-2,8317	-5,3995
-12,5965	5,6103
-6,8951	5,1516
-6,3050	-4,9408
-0,1450	-1,1396
1,8869	10,2635
-7,6160	-0,1566
3,3942	11,9676
-14,1695	14,8511
0,7073	13,8681
-14,1695	12,1642
2,3455	15,6377
-21,1819	13,4750
-9,9096	14,3924
-26,0971	11,7711
-4,0115	12,6230
-26,6213	8,3632
-6,5019	14,5891
-19,0847	19,3075
-12,4657	7,9043
-19,1501	4,5621
-6,2398	11,7054
-5,9120	9,3460
-10,6963	1,3507
-4,9944	0,8920
-9,0579	9,2806
1,1004	20,4872
-18,6261	10,4602
-11,2202	9,0841
-6,5673	22,7811
-1,1934	21,6668
-16,0699	18,9800
1,1660	17,9314
-7,6157	12,1642
1,9523	14,3924
-9,6474	6,0693
-1,9799	13,3437
-2,3074	5,6759
-6,9607	0,2363
3,9841	-15,0989
-1,7833	-2,1885
3,5254	-12,0190
-3,3560	-17,1307
17,3535	-14,5749
-14,9558	-14,8372
1,6905	-11,8880
-6,1738	-13,1333
10,7343	-19,1625
-14,5625	-6,3829
-3,3558	-13,1332
-4,9942	-10,4460
1,9523	-6,2517
-2,4384	-3,6303
-7,2883	-2,3195
-1,7831	0,6296
-6,3709	-6,4483
-0,2758	-1,1397
0,9692	1,6127
-0,1449	-11,1012
-16,8564	-5,1374
-3,2904	1,7437
-19,4777	3,5787
3,7874	-13,6573
-13,8417	-3,7613
10,5376	-1,3366
-2,1764	-9,5285
-2,2419	-2,9095
-5,3219	-4,7444
-2,2420	-0,8778
-4,3389	-3,7613
2,8697	-11,1014
-1,4555	-7,9554
-9,3200	18,9142
-2,4385	0,0399
-11,4827	4,0377
-1,6521	9,1495
-19,7401	7,1834
4,6394	9,7395
-26,2281	4,5620
-2,2419	5,7417
-13,4487	12,6228
-8,0091	2,7269
-14,9558	4,6930
-0,2105	10,3289
-1,5866	1,0884
-8,2714	6,6590
0,4452	9,3459
-9,4510	0,8917
8,3095	1,2196
7,5883	3,9720
18,7297	-1,0087
0,3139	5,2172
15,4529	7,3143
-11,6134	4,4307
15,5185	-4,4165
-1,8487	5,0861
14,4698	2,8578
-15,0867	-5,2685
14,3388	3,2512
1,0351	7,3142
11,7172	-1,8607
-1,9139	-6,6446
13,6833	6,5935
10,7345	4,1030
12,5691	-1,6641
21,4169	-3,6956
3,7219	-6,7759
10,3414	1,0229
2,1492	0,4985
20,6959	-4,8754
-2,7004	-1,9919
19,4507	-5,3342
-0,2100	-3,6958
12,8315	-0,7466
-1,7172	5,9380
7,6542	6,5277
0,1177	-12,0844
6,4744	-2,2538
10,5378	5,4792
9,4234	-6,8415
10,0790	-2,7781
-2,8972	3,5787
5,4916	3,8410
-4,2735	5,2828
18,9263	-1,5330
-12,7277	7,7077
8,3095	-0,2877
-13,3175	3,9721
4,8359	2,7924
-21,4440	5,2828
-6,2397	6,6591
-22,7546	14,7198
-8,7302	-0,6156
-17,3808	0,1710
-19,7403	5,3483
-12,4000	0,5642
-13,3178	0,4331
4,5737	2,2681
-18,8882	-1,5330
11,1929	-9,0695
-11,2862	-6,3826
-0,5380	-1,8607
-20,1988	-2,1228
7,4574	3,6442
-14,9559	-10,1837
-0,2758	2,2026
-7,4848	0,8917
-3,2906	0,6953
-10,1715	5,2827
3,6561	7,3144
-3,2903	12,1641
-1,9799	13,3438
-7,0914	15,8997
-0,6692	14,7855
5,5569	8,4287
-7,4194	19,3077
6,8021	16,2273
-16,5944	5,8728
-7,6157	4,6277
-12,1378	5,7418
5,6880	10,4602
-18,2981	0,4987
8,8339	4,2343
0,1174	-1,0087
-0,1448	6,0036
-10,9579	-5,7274
-1,9798	-3,3679
-11,1546	4,9549
-1,7833	-12,5431
-0,3414	-5,3997
-17,7087	-8,8077
-3,3561	-9,7251
-22,3618	-17,2618
-3,5529	-16,0821
-31,4057	-10,3151
-6,2397	-12,9364
-21,4443	-17,8518
-10,1719	-7,8902
-18,1017	-14,3129
-7,8126	-22,0459
-13,9728	-13,8540
-9,9752	-12,4123
-5,0599	-21,5218
2,3454	-13,9849
-0,4069	-7,4971
-8,3368	-13,1986
7,1298	-14,4437
-2,8975	-2,1229
6,4089	-0,8123
-17,7083	-3,3681
8,5716	-10,3803
-7,8125	10,1979
9,4235	-7,1036
-19,9365	1,9406
12,0450	0,8917
-11,3514	-1,2052
-1,9797	9,4114
-15,1523	-7,5623
-0,4725	-1,8607
-0,8655	4,1030
-9,5165	7,8384
5,1639	2,0714
-2,6352	7,7730
6,8023	1,4159
-7,8124	-2,0572
8,1786	0,9574
-5,9773	4,0375
5,0983	6,3968
-8,8608	3,3821
15,8461	-0,9431
-14,1693	1,9404
4,7706	5,2172
1,9525	2,7269
1,7557	-0,6811
-9,4507	-0,0911
-3,8804	8,9527
-1,3898	9,1492
3,2628	2,9234
2,3456	5,6759
-8,9923	3,0545
-5,3220	14,6543
-11,6136	-0,1568
0,9038	-7,7588
-18,9536	2,9235
4,8359	-6,5792
-23,0824	1,7439
-3,5526	-2,5815
-15,6767	0,8918
4,3772	-3,2369
-15,4145	2,5303
-1,5866	4,8895
-4,4700	3,3165
-8,6645	-3,2370
0,2486	-8,6763
-4,6669	7,8386
1,4938	-6,9070
-3,1596	-6,6448
7,4574	2,3336
-17,7085	-7,6279
4,7049	0,4987
-15,6113	-2,9094
1,1004	-7,1035
-19,4122	3,1855
-4,0113	-7,1692
-6,4362	-2,2540
-2,5697	7,8385
-14,3659	-5,9241
-0,0794	-19,1622
-13,0553	-6,7104
-8,6646	-1,0088
-4,2080	0,1709
-15,2838	-16,4751
4,7048	1,6128
-21,6408	6,7244
-6,6984	-8,4143
-22,6238	-2,9747
-4,6669	7,7730
-21,9028	-7,8902
-0,4726	-9,2007
-15,1525	-13,5918
3,9840	-28,9271
-5,6497	-11,2980
5,7535	-13,3954
1,7561	-32,2041
14,6664	-15,7546
11,7830	-8,7424
11,9140	-23,0946
17,8780	-14,0506
10,9310	-13,0676
18,2713	-11,2981
5,8192	-9,8562
20,6960	3,6443
1,8216	5,4135
10,4069	-12,6086
0,0521	2,3992
19,4507	7,1176
9,2926	-4,7443
22,1375	8,3629
0,1832	10,9187
4,9673	0,0398
0,9042	7,0522
4,2463	2,7923
8,3753	-11,0357
10,5376	-1,8605
21,4168	-1,4675
5,7535	3,3165
16,6983	-3,7613
6,8021	-6,5137
6,8679	6,4622
4,2463	-4,3511
17,5501	1,0883
-0,4723	-4,8099
16,2394	-1,7953
-1,5208	-4,3512
10,9965	-8,8075
3,7221	-4,8099
3,1321	-1,6643
1,2317	-1,0089
5,5567	-5,9241
-6,5672	-5,9241
-16,7255	-8,1523
0,7728	-3,0404
-15,9392	-1,0745
-7,0261	-14,5092
-27,9977	-0,8778
-4,0116	-11,6911
-25,7040	-4,1543
-11,5482	3,4477
-31,6675	0,1055
-4,7325	15,4409
-24,7207	16,5550
-6,9608	10,5259
-18,2327	21,9291
-2,8976	15,2443
-10,6962	11,8367
-15,6114	13,9993
-3,2249	10,9191
-7,4851	10,2637
0,8381	12,2296
-28,3253	3,4478
-6,9605	-0,8776
-21,2475	2,3336
-8,5335	-0,6157
-29,3739	-12,6743
-11,7448	-11,0359
-26,7525	-13,0676
-24,1311	-13,1333
-23,3446	-26,5681
-12,9903	-20,9320
-29,3085	-26,1094
-12,7280	-22,1117
-12,9245	-18,1796
-18,5606	-21,0632
-2,3075	-20,7354
-2,1766	-24,2088
3,7217	-23,6190
-13,3175	-10,3806
5,1636	-16,9998
-14,6936	-16,2787
2,7388	-7,4970
-15,2179	-3,6303
1,9525	-13,0020
-8,0090	-2,6471
1,6247	1,6781
-6,4360	-8,3488
5,1636	-7,4968
-10,8269	-6,8414
-1,7832	3,6442
2,4113	-6,0551
-1,3900	-9,2008
13,0281	0,9573
-4,9289	-0,4190
9,2926	-9,9217
-9,1231	3,1201
7,3920	-2,3195
-16,1354	-3,5645
7,7197	2,0715
-11,4824	4,1031
-1,2588	10,0013
-8,2055	8,1008
2,1489	3,5133
-13,6450	4,4963
0,1828	6,5933
-8,3367	5,2828
-6,2397	-4,9409
1,0349	3,3167
-17,7740	4,9550
-3,3560	-0,2223
-16,7911	1,4162
-12,3346	3,4477
-33,5027	-2,2538
-14,8250	5,3483
-36,1241	5,7414
-14,1697	-0,4845
-34,9445	3,1198
-15,2838	-13,1330
-15,3492	-11,0358
-11,3517	-19,4246
-11,8758	-26,1746
-21,3131	-15,9511
-5,5842	-11,8881
-11,0241	-29,8449
-1,4555	-25,3228
-17,8397	-23,3568
5,7534	-25,9783
-17,5121	-28,9275
-9,9752	-35,8742
-15,8080	-23,7501
-0,9314	-17,1312
-20,7231	-35,0880
-4,0115	-30,9591
-10,4995	-32,7942
-6,3709	-33,7771
-14,1038	-27,8134
-9,0578	-32,5975
4,7050	-22,7670
-10,4998	-23,3569
-2,6350	-25,7161
-2,1767	-9,7253
-11,8102	-18,6382
-21,2474	-23,1600
-5,0600	2,9232
-17,9708	-12,7400
-5,5189	-19,0966
-30,7502	-0,0259
-21,0508	-16,0168
-25,2451	-11,8223
-16,2012	-8,2835
-27,0800	-8,3490
-4,2083	-16,1477
-14,4972	-18,2448
-9,6477	-8,5455
-7,4193	-10,4460
-1,2591	-17,3927
2,0835	-5,0064
-13,6452	7,7729
9,9479	-2,1884
-0,5381	-3,8921
1,4937	3,0546
-15,2834	10,2636
2,6078	4,1032
-15,6112	7,1835
-0,2758	5,6105
-12,0067	15,3753
0,3138	7,5109
-12,7277	-2,8436
-4,1427	-2,9092
-9,8441	8,1008
-8,7302	14,7197
1,1004	-1,7953
-12,5314	-6,7104
-1,7832	-2,2541
-13,6454	-11,3635
-0,2105	-15,9509
-12,7934	-8,7421
-8,6646	-14,1817
-36,0585	-9,4631
3,0663	-18,7036
-24,3934	-9,6597
-26,3592	-16,8687
-22,1649	-13,0675
-17,4466	-15,2302
-27,5388	-13,9850
-16,9878	-12,6743
-13,0555	-9,0697
-16,7257	-11,2980
-12,5311	-6,1207
-22,0340	-6,5140
-4,6013	-20,1453
-19,3469	-16,5408
1,2315	-9,3975
-12,4002	-13,3298
4,8358	-18,2448
-19,7400	-3,7615
-4,8634	-17,9173
-16,9874	-12,4121
-1,3902	-12,0846
-21,0507	-5,5309
-19,5435	-7,4971
-12,1379	-8,8732
-9,0581	-7,4970
-19,7401	-8,5454
-18,5607	-7,4969
-15,4147	7,3142
-19,8714	2,0712
-6,2397	-1,3364
-19,0193	-9,5940
-6,6985	-13,6571
-25,1140	0,7607
1,1659	-1,5332
-19,4124	-12,2809
-6,3051	0,0397
-18,2980	-13,0676
7,1952	-14,1815
-8,0090	1,8745
4,1151	-22,5048
8,0474	-22,1769
5,2291	-6,7761
11,1933	-10,1186
3,5252	-21,7838
11,5209	-17,5895
6,6054	-4,6134
14,2076	-13,2642
-14,3005	-9,5940
8,1127	-5,8586
-24,2621	-6,5795
-3,7493	-4,6133
-21,1164	1,2849
-10,1064	7,7729
-29,2427	-4,0890
-15,5458	-2,3848
-9,2543	6,2003
-14,9562	3,2512
-12,4654	10,2637
-11,3516	15,7686
-1,3899	4,9553
-5,3223	20,5528
11,0618	14,2613
-14,4972	16,3586
11,4551	10,9191
-12,9243	7,6423
10,6033	17,6692
-7,1571	5,0209
7,3264	14,2614
-3,8801	10,5257
7,3263	11,0500
-9,5817	7,5110
4,3773	4,8896
0,9040	-6,1205
-1,6521	-0,9432
0,3797	-1,6642
-2,8973	-12,4776
3,7875	-12,4121
-8,2713	-21,7183
6,7367	-16,6064
-15,6768	-23,0946
-3,4869	-30,6967
-12,5310	-19,1624
7,9162	-11,8881
-13,2519	-19,0315
4,1806	-22,1771
-9,1231	-13,8542
-1,5211	-23,8155
-11,3514	-19,2935
-11,2860	-10,7084
-12,1378	-16,6066
-9,7789	-23,6187
-4,7979	-6,7760
-11,4173	-0,5504
-1,5867	-23,0290
-18,6917	-9,9872
-2,1110	0,8259
-21,1820	-15,4268
-0,7347	-11,4946
-26,7525	1,0882
1,1002	2,3989
-17,3152	-9,4630
1,6901	-6,7760
-14,1695	3,3821
-3,0284	0,6295
-2,4384	0,6297
0,5104	-6,6449
-1,3897	0,8262
1,8868	1,4816
8,1784	0,4331
-10,3684	-3,5647
4,7706	0,9574
-3,1595	11,9673
2,2145	-9,7905
-9,7786	6,3315
-4,0769	4,6274
-16,8564	5,6105
-4,0115	20,0940
-22,8202	0,5641
-3,1596	12,9507
-18,2983	18,3900
-6,1089	1,9407
-12,0070	15,0477
-24,0002	15,8342
-12,5967	5,7416
-16,5293	9,6738
-15,0217	10,1325
-30,6848	-3,7611
-17,7086	2,7924
-24,9176	-6,9069
-8,9269	-5,5963
-37,8282	-8,8732
-14,9560	-19,8832
-31,1434	-17,0651
-10,1064	-10,5773
-20,8543	-12,4780
-17,5121	-18,3761
-20,9852	-22,6359
-15,6117	-18,3761
-13,2520	-16,0823
-12,3349	-10,2497
-5,6500	-15,2303
-16,0047	-15,1646
5,1635	-7,8246
-5,9122	-4,8100
1,6246	-10,8392
-12,5965	-9,9871
3,7875	3,6442
-6,8948	-2,9094
15,7806	-7,7589
-4,0767	-1,2709
8,5717	-3,9580
-1,9795	-6,9725
4,7705	-4,6788
-2,2417	1,0228
1,3625	1,2192
7,2609	-12,6743
-0,6692	-11,0357
2,4114	-5,0721
-5,7809	-2,5818
15,1252	-0,3535
-4,3391	-1,9919
9,2926	-11,6911
-9,3197	1,0228
6,2779	-16,4099
-3,0283	-0,9431
1,6247	10,9185
-10,1716	-5,9897
7,8505	-12,8707
-11,8101	-6,9726
-9,3855	-2,7784
-16,7252	-8,8731
-7,7473	-5,2032
-10,3029	-6,5138
-19,0193	-5,6620
-10,3685	-11,9533
-23,0827	-12,5431
-10,3030	-6,7760
-32,1266	-11,9533
-10,1719	-17,5238
-34,2237	-3,4993
-12,2691	-17,9172
-19,8713	-12,2154
-16,5945	1,0881
-19,0192	-8,0869
-12,9246	-4,4825
-27,3421	-13,3298
-9,7132	-15,8200
-5,9776	-15,8856
-17,0532	-24,5364
-8,2712	-13,9851
-21,3785	-21,3251
8,9647	-24,4709
-7,8783	-18,4416
-4,8633	-13,7886
-14,3006	-23,4224
3,3286	-16,0822
-15,6768	-16,9998
-7,2882	-22,8979
-17,9704	-9,0698
-2,1765	-11,6258
-21,3128	-1,2056
-12,9244	-11,4291
-7,4193	1,9403
-8,6648	4,5615
-17,6429	-10,6427
-19,5436	-3,3025
-3,6183	-7,0381
-7,8784	-1,9918
-7,2230	1,4814
-29,5050	-16,2131
0,2483	-2,3849
-21,1166	6,9865
-6,4364	-2,5162
-32,6507	2,7923
-6,8951	0,4985
-23,0169	4,4963
-19,8057	10,6567
-21,7716	14,1956
-14,9563	6,1348
-22,4926	15,8341
-16,3979	17,6690
-7,1573	11,7709
-21,7719	6,2658
-4,9291	4,2999
-14,0387	5,4794
-7,3540	2,0715
-30,4882	2,6614
-10,6962	0,9574
-27,7356	3,3823
-19,4125	4,2342
-32,3885	3,4479
-4,0772	12,3606
-21,7718	18,9141
-10,6963	10,3290
-15,8080	2,1372
-19,8058	17,1450
-12,9242	14,7199
-14,3009	3,0547
-5,7808	20,4872
-18,2330	11,3120
-9,7131	6,1348
-18,4950	2,5959
-4,2081	13,9336
-21,5752	8,1663
-14,2350	5,8071
-22,4925	5,3484
-7,9436	3,5133
-21,4439	5,1517
-8,0747	4,6931
-15,3491	0,2365
-6,1087	7,3800
-10,1717	6,7246
-10,2375	6,5280
1,5593	2,2026
-4,2737	10,3291
6,4745	-2,8436
-0,5382	-2,5813
1,2970	3,5789
-13,3175	3,3822
3,4596	0,6952
-18,9537	-0,0257
-0,3414	-8,4798
-18,8226	-1,7954
-6,8296	-6,5795
-26,6213	-15,6234
-9,0579	-15,4268
-4,8636	-12,9367
-15,4806	-21,1941
-19,6090	-16,6722
-16,3981	-20,2111
-18,2983	-18,1795
-14,6285	-26,4370
-8,0092	-24,8640
-28,9808	-10,3152
-8,5335	-20,9320
-29,1774	-10,9705
-10,0408	-18,3105
-28,0633	-12,2156
-15,3493	-12,6089
-34,2235	-21,7838
-16,4634	-10,8392
-20,8542	-0,1571
-13,4489	-17,5896
-19,7401	-13,5262
-19,7403	-9,0043
-14,1695	-9,2665
-11,6794	-8,7422
-7,1572	-20,2764
-19,9369	-20,9318
-3,8804	-17,6550
-12,3348	-17,1963
-14,4316	-13,9850
-15,3493	-11,8224
-5,5844	-9,6597
-24,1964	-12,6088
-0,0794	-10,9049
-21,9682	-2,8440
-2,9629	-2,2542
-13,3174	-8,4146
-9,9097	-5,5964
-14,1037	1,2847
2,8042	-8,0213
-3,2906	-4,4823
-15,8080	0,4985
-3,2248	-7,6936
-14,8251	2,1369
3,0665	-2,7783
-16,3323	-7,7589
-4,1425	-3,7613
-10,2374	2,1369
-8,2058	-15,0990
-14,3659	-2,6471
4,5081	-9,1352
-12,9897	1,6126
-2,6351	-3,3026
-10,3681	-5,9895
4,1150	0,8918
2,5424	-15,6232
3,5906	3,3823
3,8532	14,7198
4,9015	5,6759
12,6348	8,2319
-3,3562	6,6590
1,1005	10,0014
-13,9728	9,5427
8,9646	7,9043
-16,9875	13,6060
-0,2758	6,8557
-20,4608	-5,4649
-3,6182	10,9846
-3,7491	11,7052
4,2460	-3,4334
-3,5525	9,6082
10,7997	-3,8924
2,8700	-8,6107
8,6371	14,6543
7,5887	-9,9218
1,8870	-5,0718
11,8486	-6,3171
-1,7831	-4,8752
21,2201	8,1664
-6,5671	3,0546
21,3512	13,6713
-3,8146	9,8048
17,2879	3,1857
-1,2587	9,0184
8,7682	12,0330
-2,2416	8,0353
7,4573	8,4286
-0,7999	8,2319
0,3139	1,1540
1,2316	17,9312
4,7704	1,0885
12,3072	3,3168
-2,1108	8,4942
9,3581	9,3460
-7,9434	10,0016
7,5230	13,2126
-15,4800	12,0331
7,5886	18,1935
-7,6158	10,7880
-0,2102	12,0331
0,1176	20,7494
-4,0770	14,9166
2,8047	9,2806
8,6370	13,9991
3,7221	-3,2368
0,2485	0,2366
12,7660	-7,2346
1,1004	-2,8437
7,7197	-6,7105
-7,9434	-11,8222
15,7150	-10,2493
-4,5357	-1,8607
10,3411	2,5956
-3,4871	2,0057
13,9455	-2,1885
-0,1447	2,9889
2,6079	-2,5817
-4,2732	-5,5307
0,7728	2,5957
8,4407	1,3506
1,0349	4,2341
9,9482	1,1540
10,0134	2,3992
18,2711	1,3506
5,8192	5,2173
15,3219	3,1856
-4,2078	7,7076
14,2078	18,7831
-14,2349	8,8217
-1,1276	-2,6469
-14,6281	15,2444
-10,3028	7,0523
-12,8586	19,8975
-8,1403	15,1132
-8,1401	9,4772
-8,3370	8,1665
-4,7978	11,6399
-2,4390	4,9552
-5,0600	5,5450
-13,5799	9,5426
2,6078	-1,0087
1,5589	-4,4821
4,7703	1,8748
-12,5967	-0,9433
-5,1909	-12,1499
-14,3005	-8,0866
-0,6691	1,7437
-24,7206	-5,0720
-4,9289	2,7925
-15,0869	5,5448
-7,5505	3,4478
-15,0214	12,0330
-17,7086	6,7246
-5,0601	15,8341
-17,3155	6,5935
-16,9875	7,1179
-20,0679	3,7757
0,5105	12,6229
-16,5945	-1,3362
7,4573	-2,7779
-13,1866	12,6884
4,4428	-5,7272
-10,7616	7,9043
6,9332	0,4330
-3,4869	-0,3533
9,4891	-2,3851
-0,6688	-7,9557
7,8507	-6,3172
9,9480	-6,0551
4,3772	-16,6719
11,5210	-8,2178
6,5399	-12,1501
13,3559	-11,1013
8,7027	-13,7229
13,6179	-8,8078
-11,0236	-10,7739
16,6983	-21,3251
-1,9142	-21,3250
6,8023	-8,4802
-14,5625	-22,3085
7,9163	-23,5532
-7,7467	-16,6722
2,2800	-14,5096
-7,2224	-16,6721
8,8336	-17,5895
-1,9797	-3,0405
-2,9629	5,4135
4,0498	-8,6766
-8,4678	-4,9408
12,4384	13,6057
2,2145	7,9697
0,9694	1,4818
-12,7276	18,3246
1,2971	21,0115
-10,4339	17,8658
-2,6352	12,7540
-16,3976	15,0479
-2,3076	17,3415
-15,5457	6,3316
-2,7663	2,7271
1,9524	9,2152
-3,3562	18,3899
3,1977	-2,9746
0,7071	-3,3023
11,6520	-4,2199
10,9307	-0,3534
15,1908	-6,7104
-1,9797	-5,2031
17,7468	5,4135
2,8045	-10,6428
15,1252	-16,8028
-7,4846	-2,1887
13,6834	-15,7545
-9,5818	-4,0235
0,4450	-11,9535
-10,9582	-5,9240
-16,9222	-0,8125
-18,0362	-9,4631
-20,3959	-8,4799
-16,9878	-13,9849
-37,4352	-9,5286
-16,2013	-4,1547
-30,0298	-8,2178
-21,9029	-6,8415
-22,1652	-3,1060
-6,8297	-0,2880
-25,7039	-4,4822
-1,9797	-1,1399
-8,6644	-6,1206
8,8993	0,3676
-3,1591	-0,7467
18,9920	-9,1351
21,2202	5,7414
14,0767	-5,7929
15,9776	-4,8098
18,5333	0,5640
26,7254	-10,7082
22,6619	-17,1306
24,8248	-9,8563
11,4554	-17,9171
17,9435	-5,0067
-0,2100	-12,8710
14,4045	-10,5772
-1,3897	-20,9974
14,5354	-18,3758
-6,6981	-12,4121
10,0789	-13,1330
-7,8123	-3,5648
1,8869	-6,3174
-3,9456	-9,3319
0,2484	-11,4946
5,3603	-8,2831
-6,8295	0,1054
10,9309	-4,8754
-5,9123	5,0862
-2,4384	4,7585
-6,6986	3,2513
-4,8634	7,3800
-20,1989	7,5111
-2,2420	16,9484
-23,6066	12,0985
-1,9145	5,1518
-25,1139	13,0160
-4,8635	6,0692
-10,4340	7,8387
-11,6138	1,2850
-11,7446	-4,0888
-17,9708	6,5934
-1,9797	-7,9555
-9,5824	1,6127
-8,5333	-1,0088
-19,0192	3,9720
2,1489	-8,9384
-25,6383	1,8750
-4,2735	4,6930
-18,3638	18,5210
-1,4555	11,9019
-20,1332	11,3777
5,5568	17,2104
-3,4215	14,9821
-0,8657	10,9846
-9,0574	15,7687
8,4404	11,1811
3,9186	15,3754
8,5715	16,2273
11,1276	-0,2222
1,2315	11,7054
18,5333	-3,5646
-0,2758	-4,0233
18,7953	-2,5160
-0,9310	-4,2201
16,0428	-7,8900
-4,1422	-16,1476
21,2201	-7,5623
-8,9920	-2,0575
14,9288	-8,3489
10,1446	-2,1884
5,0326	2,7267
9,4239	-0,8122
14,3386	2,9234
11,9796	4,6930
5,0982	1,6128
12,5695	0,3022
6,4744	-6,4481
6,9333	-3,7611
-6,1084	4,8895
14,2077	-8,6765
-12,5966	-7,2346
0,4452	-6,3828
-17,7739	-2,3851
-6,7639	-5,9241
-5,0598	-20,8007
-0,6038	-6,6448
-13,8417	-4,2201
-3,4872	-8,6765
5,0982	-2,7127
3,3940	-10,7080
3,8532	-8,4142
6,0157	1,8748
14,0113	1,8748
3,7221	-2,6471
22,2033	3,3821
7,9820	-5,2687
27,6427	-3,2369
3,1979	-0,8122
19,3852	-5,9895
6,4093	3,1199
20,5648	-7,3658
3,0013	5,3483
10,9965	-2,7782
9,1615	-0,6154
6,4088	0,6952