-23,0124	-51,2192
-6,3008	-44,4033
-13,3787	-39,8815
-14,9516	-60,5908
-18,6870	-41,7821
-23,0126	-54,8894
-19,5389	-57,8383
-19,4084	-56,5933
-21,3086	-66,0959
-30,2873	-55,7413
-24,7821	-53,5789
-35,9889	-69,4385
-22,1608	-68,3244
-36,9065	-70,2251
-34,9404	-73,4363
-29,1732	-71,6669
-30,6807	-78,9414
-43,4599	-78,3515
-25,4377	-65,8343
-26,2897	-86,9367
-37,2998	-69,1108
-35,3334	-70,4874
-42,4116	-76,9752
-42,5424	-70,0286
-48,9652	-89,4927
-37,3652	-80,9075
-48,9651	-84,3157
-37,9550	-102,4035
-45,8850	-102,6656
-30,8117	-101,8795
-44,4432	-120,7538
-26,6830	-108,3676
-35,2682	-127,2421
-33,7610	-125,9312
-45,0985	-122,5892
-36,3824	-138,6454
-40,4455	-144,9368
-46,6716	-132,3542
-58,5988	-136,6797
-53,9459	-136,5486
-48,9651	-142,1193
-55,7155	-150,0490
-39,9213	-150,7045
-58,5991	-157,0615
-37,6276	-159,8796
-59,3856	-158,3724
-45,0988	-181,7032
-57,8128	-171,4797
-50,0797	-182,0966
-68,4953	-184,7180
-60,3033	-190,4854
-61,8108	-201,8886
-67,5126	-197,4322
-82,5202	-195,8597
-90,4501	-220,9599
-86,6491	-218,7318
-102,7056	-220,2394
-102,1811	-225,3513
-112,0773	-241,2765
-98,7736	-247,0437
-112,7984	-243,7015
-102,4440	-235,7718
-135,4738	-263,5591
-107,7523	-265,1317
-124,6608	-257,1366
-126,2337	-272,7997
-133,1804	-268,8676
-135,8021	-279,7468
-144,7148	-285,0552
-149,7614	-289,2496
-164,5068	-312,0562
-167,6527	-300,7185
-166,4076	-298,6218
-182,5296	-318,2827
-172,1094	-335,4530
-182,9886	-327,7856
-177,6802	-341,5483
-196,8168	-351,7721
-182,2022	-374,1854
-201,3389	-366,9766
-196,0305	-383,6231
-209,3998	-394,2399
-211,3006	-406,7574
-225,0629	-408,9203
-215,5606	-428,3846
-227,6192	-440,3778
-239,9400	-457,1550
-237,2529	-455,9756
-246,6249	-457,5489
-239,1537	-472,5566
-252,8510	-482,0595
-247,8046	-490,7759
-256,0623	-504,8007
-252,7201	-507,2912
-274,3468	-524,1341
-259,2082	-534,3577
-280,9662	-525,7729
-261,4366	-552,9704
-279,2624	-547,5965
-276,1169	-552,2499
-292,6972	-584,4281
-290,4038	-575,3186
-298,4647	-587,5086
-310,0646	-601,0089
-314,0622	-591,0479
-317,8636	-624,6678
-319,7639	-620,7357
-330,1190	-622,9644
-322,6478	-647,9990
-336,6072	-655,5358
-328,0220	-661,5653
-346,1756	-672,9687
-337,3285	-687,7144
-355,3509	-692,4332
-350,5015	-707,1789
-373,7666	-706,1961
-375,0120	-727,8232
-381,4344	-734,1802
-384,9737	-741,3894
-393,2311	-761,1159
-400,6369	-755,9388
-400,5713	-789,2312
-415,0551	-801,0277
-415,7759	-795,6540
-437,9273	-816,0361
-422,2642	-830,3885
-438,0587	-829,8646
-442,9083	-863,5502
-462,5036	-864,5988
-450,3797	-880,7211
-471,9410	-895,4013
-466,2396	-904,7731
-479,5433	-924,6307
-483,5413	-930,5945
-490,8157	-930,5294
-505,4305	-953,9258
-499,4011	-960,0207
-524,3707	-967,0989
-512,8362	-986,4321
-543,4419	-976,2087
-534,1357	-1001,8990
-555,6318	-1010,0254
-560,9402	-1011,7952
-576,4068	-1032,2425
-568,3461	-1031,5872
-594,0363	-1038,8621
-585,0581	-1061,0788
-604,4567	-1061,9965
-597,4448	-1089,9150
-617,6953	-1090,2427
-625,2977	-1091,8161
-630,7372	-1121,2417
-656,0998	-1121,4386
-647,7112	-1136,2500
-669,1418	-1161,4814
-656,8210	-1162,5301
-688,6063	-1180,0941
-677,7929	-1192,6116
-697,6505	-1196,9372
-693,8496	-1217,0570
-722,0301	-1234,5550
-717,7704	-1232,7860
-734,2201	-1259,1315
-732,9097	-1261,1632
-751,3253	-1273,8120
-767,8405	-1282,3319
-771,3795	-1299,3714
-772,4286	-1315,1657
-788,4848	-1320,8020
-804,8690	-1332,5333
-808,5390	-1355,4054
-822,3673	-1364,5806
-815,2895	-1368,4475
-838,1617	-1384,1763
-828,7245	-1390,4680
-832,7224	-1411,7018
-831,3464	-1415,8962
-860,2476	-1428,0862
-836,4582	-1442,4385
-851,2695	-1441,9801
-856,6436	-1462,2965
-867,1291	-1472,6512
-870,6684	-1481,5643
-871,3892	-1497,0965
-891,3124	-1501,4875
-891,9020	-1514,2673
-897,6041	-1535,6321
-895,7034	-1535,6977
-917,0028	-1548,5430
-898,9803	-1551,2300
-910,5149	-1550,7060
-905,1410	-1558,8325
-921,1317	-1565,3860
-910,6460	-1559,3570
-908,7455	-1572,0708
-912,9399	-1564,9931
-916,1510	-1574,6270
-917,5272	-1587,3408
-907,1724	-1576,0031
-906,7794	-1578,6903
-907,1068	-1578,8213
-908,1554	-1572,1367
-903,3710	-1585,9649
-900,3565	-1578,3625
-888,5599	-1570,2362
-891,1159	-1583,7365
-871,2584	-1576,4619
-884,1035	-1570,8915
-871,7171	-1577,1828
-873,6832	-1573,3161
-862,6076	-1576,1997
-879,0569	-1564,6654
-866,0809	-1562,1751
-864,0490	-1568,4008
-859,9205	-1556,5387
-861,3619	-1546,9706
-856,6433	-1560,6017
-841,8321	-1539,8922
-855,3324	-1530,4551
-824,2680	-1515,8403
-822,1711	-1509,6145
-800,0851	-1516,2987
-803,6241	-1491,1328
-784,4873	-1482,7442
-781,9313	-1485,7585
-774,3945	-1457,5779
-766,3334	-1453,2526
-749,0975	-1454,7596
-755,5853	-1433,0014
-738,2838	-1430,7075
-739,2666	-1409,6701
-742,4124	-1392,3688
-729,8947	-1392,7615
-727,2080	-1363,0735
-720,5885	-1347,8036
-725,0450	-1338,8904
-706,1704	-1319,0984
-717,9670	-1310,3819
-697,3885	-1294,6528
-704,5319	-1268,8973
-682,0530	-1278,5306
-685,8540	-1254,5440
-670,7807	-1225,6427
-678,4481	-1226,3633
-650,5954	-1213,6489
-658,5906	-1195,1022
-649,6776	-1180,4218
-641,9441	-1157,2876
-635,3251	-1162,8579
-621,8899	-1138,8715
-628,7712	-1123,6670
-610,7484	-1123,7978
-608,1927	-1100,5979
-597,3135	-1093,1266
-600,1970	-1080,0191
-575,7519	-1057,5401
-577,2593	-1052,8213
-567,4942	-1023,3953
-564,9381	-1006,8803
-544,2288	-1007,0764
-555,2384	-993,5756
-532,3665	-966,8367
-528,2375	-947,5036
-526,2059	-937,3453
-522,1424	-927,6457
-512,2466	-916,8975
-507,1345	-898,8095
-511,5911	-891,5348
-495,1412	-877,1167
-494,7482	-862,5676
-482,4272	-870,6937
-487,4735	-845,4622
-460,2760	-833,9280
-481,0507	-827,8327
-450,1831	-814,3323
-464,8631	-813,5457
-446,1851	-799,3895
-437,9931	-776,7140
-428,8837	-780,4495
-434,7159	-757,3149
-426,8516	-744,5355
-409,1567	-732,0833
-408,7635	-717,0099
-396,2459	-717,3374
-403,3894	-700,2322
-388,3813	-672,2484
-387,4639	-688,3045
-362,5602	-675,6555
-375,1429	-657,2401
-356,3996	-661,2375
-364,3948	-639,5451
-341,3917	-638,7586
-341,2606	-625,7168
-338,6390	-623,6852
-332,3473	-635,4158
-321,5996	-614,4441
-325,9901	-596,5530
-319,6987	-591,0478
-309,8025	-593,8001
-308,1643	-585,8699
-299,0545	-560,5074
-306,7222	-551,2014
-283,3257	-550,8078
-291,5833	-525,4452
-267,9902	-521,7097
-284,2431	-525,6414
-254,5552	-497,2643
-261,8953	-496,4778
-259,6013	-487,8267
-258,0282	-469,9354
-238,0400	-470,6561
-242,2995	-454,5340
-248,5909	-433,8903
-236,7941	-440,3126
-219,6894	-426,9429
-221,5898	-410,9523
-231,6823	-412,9837
-220,3442	-403,5464
-203,7640	-413,2456
-201,6012	-399,6794
-209,5964	-385,7204
-191,6397	-391,7496
-206,7784	-389,3246
-195,3096	-372,7440
-199,1107	-383,8850
-182,9233	-369,0081
-198,7829	-368,4839
-189,6079	-356,4905
-194,9160	-343,7767
-181,7435	-343,5144
-182,5953	-340,5651
-188,4278	-329,6205
-175,5826	-329,8825
-179,0561	-300,5880
-154,7421	-306,4862
-162,6066	-305,8960
-145,2394	-280,9924
-157,2980	-299,8666
-143,9286	-289,8392
-142,4867	-265,4599
-122,4329	-267,8846
-143,5353	-252,3524
-127,0202	-247,1750
-137,9646	-238,1964
-136,6538	-215,6520
-133,6390	-234,3952
-131,2799	-217,6175
-131,8696	-198,4158
-140,6515	-212,8990
-130,1656	-196,5804
-135,9984	-193,2381
-127,2821	-196,5147
-136,9159	-174,8878
-124,2019	-184,5216
-127,1511	-184,1937
-126,0370	-170,2346
-124,9228	-176,0016
-112,6022	-167,6784
-131,7386	-154,4403
-129,9034	-164,9915
-119,2210	-155,0953
-124,0708	-153,6536
-127,0195	-142,4468
-114,1748	-139,5634
-105,8515	-146,8376
-111,7499	-133,5336
-100,0187	-121,6062
-106,9001	-137,5969
-98,0525	-119,3121
-97,0695	-109,4819
-84,4867	-119,0499
-89,5984	-108,3675
-72,8213	-112,5618
-92,4163	-108,8261
-69,1512	-95,0637
-89,7292	-103,5834
-75,6390	-100,9617
-80,3574	-101,8138
-81,0128	-98,7990
-75,4421	-93,2941
-78,2604	-98,7335
-74,5901	-89,5585
-86,1901	-81,5632
-72,2308	-97,3572
-79,8987	-91,5899
-65,4153	-77,1066
-89,5325	-84,0533
-68,6920	-72,3879
-72,9520	-85,3639
-70,3306	-65,8996
-76,5563	-70,1596
-60,9589	-75,5988
-72,9517	-74,1568
-64,1701	-51,4816
-69,1505	-56,5933
-71,9687	-55,7413
-67,6431	-50,8261
-72,0342	-47,8112
-51,3902	-38,8329
-69,6095	-40,7991
-65,0216	-45,3864
-68,5607	-40,0780
-50,0140	-40,9954
-62,4003	-37,9153
-43,5261	-42,6339
-53,7497	-43,7478
-56,5677	-32,8690
-56,6986	-49,1219
-47,7204	-42,1749
-56,6330	-36,6045
-59,2546	-40,4056
-49,8826	-32,8689
-52,5699	-34,9661
-41,2975	-42,4371
-55,9778	-30,9027
-46,4748	-29,7887
-51,1936	-25,6598
-37,1033	-24,3494
-51,1936	-46,5001
-34,6131	-25,6597
-52,3732	-29,1989
-35,5960	-34,3106
-48,0478	-34,1794
-37,7587	-21,5310
-47,7200	-22,0553
-43,3946	-6,2612
-42,7391	-24,8078
-45,1641	-14,4528
-41,0351	-3,9673
-47,4579	-10,9139
-40,5764	-4,0326
-41,3631	-2,9185
-43,4600	-6,3263
-45,2294	1,3415
-19,2118	-4,4258
-41,1664	3,1764
-17,7700	5,6668
-34,8093	-6,1951
-19,8016	1,5382
-28,5178	12,7447
-23,4060	13,7277
-24,7165	14,4487
-12,4616	7,6331
-31,0079	14,8421
-29,5661	26,7039
-13,5099	9,9923
-28,5177	8,6164
-20,6532	27,4248
-27,9935	9,9268
-15,5415	14,2523
-32,3188	17,7910
-18,9495	6,8466
-35,7266	10,7132
-18,1631	6,6498
-28,7799	-1,2144
-22,1608	3,0452
-32,0566	-13,0765
-25,5032	-1,2145
-24,9133	0,5549
-34,3506	-6,9161
-31,9911	4,3560
-36,4476	-6,5228
-20,9810	7,3708
-35,5302	18,9706
-26,6826	-2,0008
-31,7291	20,0851
-12,2648	18,3154
-25,7652	18,9055
-13,3134	38,2384
-16,8523	22,6409
-7,1531	25,5248
-24,1266	34,1753
-11,0197	27,0319
-31,5976	34,2411
-28,7142	41,8431
-22,6848	32,6682
-27,0759	40,5981
-27,6001	39,1563
-35,3991	54,6883
-23,6680	47,0205
-42,3459	28,4740
-14,8208	40,7949
-36,1856	54,2294
-22,0297	35,8138
-30,1563	27,0977
-24,1269	37,2557
-37,3650	28,0805
-14,3621	27,0321
-31,0735	17,0050
-21,6364	25,3282
-24,6508	41,7119
-12,3958	27,8839
-10,8883	25,9180
-25,4374	37,9109
-10,9536	31,3573
-18,0318	30,7676
-16,1965	23,4275
-15,6725	32,7337
-0,4025	40,5978
-7,4805	13,7282
7,3961	18,1194
-12,0024	33,3888
-2,4998	29,1947
-10,2984	27,4908
6,2164	21,9203
-2,1065	40,9257
-1,3857	36,7313
-5,9729	26,4424
-6,3663	32,6029
-2,0408	51,8701
-13,1165	30,6366
-7,4147	40,4016
-11,7403	42,5641
-4,2036	34,3066
-28,6486	35,0930
-11,1504	30,5712
-26,7480	40,7291
-11,7404	42,3674
-26,3549	28,6704
-8,4637	32,6683
-24,2579	39,6149
-17,9664	28,8671
-17,4420	34,1100
-26,3551	25,1316
-25,8305	38,2388
-24,1922	38,4352
-15,9347	26,4423
-25,6342	40,9912
-16,9832	32,8646
-33,6951	25,9835
-21,2431	32,8646
-41,2317	40,0736
-30,6803	34,0441
-37,1685	34,3064
-28,7801	18,9055
-37,3652	28,8016
-23,7995	36,5347
-38,3482	21,6581
-30,8118	36,9937
-33,2364	45,3165
-38,3484	44,7923
-31,6634	43,4161
-31,9914	32,4716
-30,2871	41,0569
-37,2341	43,6127
-23,0780	25,7870
-22,2263	33,7169
-10,4296	34,2411
-19,9323	31,6851
6,8719	31,2919
-11,8713	18,9056
3,1364	34,5686
-6,4972	32,9300
9,2313	17,9224
-2,6305	12,4831
-0,5990	25,7867
3,2677	24,4105
-4,3347	28,7358
-5,2519	25,7867
-11,2160	30,8986
-11,7400	41,0565
-20,7843	24,7382
-4,5968	28,0807
-22,1606	45,9718
-11,4782	34,8306
-14,3619	23,5588
-9,7089	30,5054
-22,0295	30,3744
-4,3349	28,6049
-23,2092	23,8208
-12,7235	11,4346
-18,6872	29,5223
-14,4931	24,6725
-27,0758	16,0874
-18,6219	22,3788
-36,3163	16,0873
-23,4060	24,1483
-27,2070	6,8468
-36,5131	18,7089
-17,9010	31,8158
-31,5325	12,4829
-15,8039	23,1653
-38,7414	31,6194
-30,8114	18,8398
-20,0637	31,7505
-14,0346	19,1020
-31,9912	24,0173
-23,0785	25,1968
-42,4768	14,1869
-38,1517	26,4422
-38,2825	35,9446
-41,6906	11,1066
-25,1099	28,0150
-39,5280	33,5197
-21,1122	14,4489
-37,4964	22,6409
-24,7822	11,4342
-34,2195	14,3179
-30,1562	25,5243
-43,2633	6,9122
-14,8208	13,5969
-33,9573	16,6770
-21,4399	16,2839
-25,6996	20,0194
-22,8817	17,3324
-26,1582	14,1869
-16,9179	24,6069
-28,9762	2,5869
-21,9641	15,3010
-25,3718	20,1503
-25,3064	6,9777
-20,3255	8,2884
-20,7844	2,1280
-10,4297	13,0069
-27,2069	14,9073
-6,5632	4,1595
-27,5346	9,9923
-16,1313	15,4973
-29,3040	11,2375
-8,2672	13,0726
-22,0952	12,0896
-24,7822	13,7937
-24,5854	23,6240
-33,4329	21,1337
-19,1459	29,7844
-30,4184	28,0149
-19,6046	20,2163
-31,4670	24,3451
-21,3087	33,3890
-37,0374	27,6873
-16,0660	32,4714
-34,4161	16,9394
-26,8794	26,2456
-30,6149	43,9399
-23,3405	18,9708
-31,4668	16,6773
-25,1100	18,6433
-34,2192	21,9856
-32,3844	21,3959
-27,6000	16,8739
-37,6928	25,2626
-29,6317	38,0419
-29,3042	27,5562
-23,0781	28,9982
-31,7945	43,0227
-11,8715	35,9448
-22,1607	34,4376
0,5803	35,6826
-21,0465	30,5054
3,5295	32,9301
-16,1969	17,3983
-0,1405	23,8864
-20,1289	32,4057
-8,0048	10,1237
-13,3786	23,4273
-14,6895	15,6285
-13,3130	8,6161
-18,4906	15,4317
-7,4149	-6,7849
-15,2139	11,8929
-15,5414	16,6111
-13,9686	-6,7194
-2,3033	10,9754
-25,5029	11,8927
-17,3107	6,5189
-18,4905	6,0602
-7,9393	0,8174
-13,4443	13,9901
-7,2841	17,7911
-20,3255	2,2591
-21,4398	11,8275
-21,1118	20,3470
-20,6534	13,0725
-23,0124	4,0942
-21,7675	14,2522
-16,3279	15,1041
-28,3210	17,7910
-10,6917	7,4363
-20,1947	10,9754
-12,9855	26,3104
-18,6872	3,8973
0,9735	7,2399
-9,1191	11,2375
-8,3326	4,9460
-19,0803	7,5676
-10,2332	11,4998
-17,1797	22,3787
-10,6263	25,9175
-25,3061	8,6817
-20,7187	24,5415
-14,1650	27,0972
-20,5876	16,6771
6,2166	23,0996
-16,1968	23,8860
2,2189	19,5608
-19,6046	22,5098
0,5805	15,9563
-13,6409	26,0488
2,9397	29,5876
-14,6893	11,4999
7,1996	19,1676
-6,9560	21,0680
1,7602	18,1845
-0,9921	17,3325
-1,4510	12,7450
2,6125	24,1484
3,4642	35,1581
3,3989	12,5484
-1,3854	30,1121
10,8044	24,1482
-8,3978	21,5924
4,6440	32,0781
1,5636	19,7573
2,0224	23,1653
1,1050	28,9323
8,5103	15,3009
-2,1719	25,5247
2,7432	32,6678
0,2532	15,5631
2,8742	20,1506
0,5808	15,7597
-6,8904	24,9348
-0,2056	30,6360
-6,2350	8,8128
0,9084	9,7304
-10,6260	21,0680
12,1805	12,4171
-10,4295	13,4659
0,6462	15,9561
-10,1672	12,1551
9,1657	19,9537
-3,1549	-1,8041
4,1850	3,2423
-14,4924	7,2398
6,4134	2,9144
-0,5987	1,3415
9,1004	5,4047
15,6541	2,1933
7,8554	-1,6078
27,7784	-7,9647
12,0496	-0,1658
24,2395	17,2008
4,3164	-9,5377
23,8463	-0,3624
9,4937	10,3853
7,4620	7,7639
3,6610	3,4385
8,7070	-5,4742
-9,3152	13,3346
-3,6138	12,8100
-9,5773	-15,7633
-5,2522	10,7133
-7,0871	8,8124
-13,8374	6,2567
-9,1841	7,4363
-6,1697	10,9753
-2,4339	11,4995
-5,3832	17,9876
8,4449	0,4896
-11,8711	7,5677
16,7681	21,9198
-5,7763	12,4171
11,6563	10,2545
1,8915	11,4997
17,2268	6,5846
3,5954	17,2012
5,2993	0,8173
2,4159	2,3903
10,2799	11,4996
-1,4508	11,6307
-1,5820	10,9096
0,7117	5,8635
-7,7426	8,2883
-3,7448	13,7277
-9,1189	-3,1804
1,6290	7,4365
-16,1968	16,2182
-5,7110	11,1064
-19,4735	6,7811
0,3183	21,6577
-8,4635	16,2181
0,9737	8,0262
-1,3201	-3,1147
-1,5167	7,0433
-3,4825	17,0701
-12,6577	4,3561
2,7435	4,8150
-10,6261	10,2543
0,5153	2,7178
-6,6285	23,6236
2,5467	7,8294
-20,3254	3,6353
-5,3832	16,6113
-14,3617	-1,8042
-1,3857	6,7156
-26,2238	16,1524
-8,9878	-0,6902
-20,1289	-0,3624
-10,8884	1,5380
-7,2184	-9,1443
-17,0489	5,9289
-18,0316	-5,9332
-18,4251	1,9311
-19,1457	1,0135
-18,8182	-9,4066
-9,3809	-3,9670
-18,0972	12,5478
-0,4024	-3,9672
0,3184	-0,8869
10,0176	-8,6856
-5,9728	-7,6368
12,5083	6,7153
0,4496	-4,2292
21,3555	-1,3453
2,3502	22,5750
4,7751	-3,9013
9,2316	8,1574
16,3092	25,1309
0,2531	16,5458
-6,0383	14,9075
4,0543	-0,1656
-3,8102	19,3641
12,5738	28,0145
-10,0360	5,3391
19,0619	1,8004
-0,2712	5,3392
14,0811	8,0261
4,2507	9,4678
8,7072	-4,0982
12,1806	-7,1782
9,8866	6,1910
0,5153	-3,2462
7,9206	-5,5399
3,8575	-5,6054
-8,1357	-2,9840
8,7074	-11,5692
0,5805	-12,0279
4,1198	-0,8870
-1,7130	-4,3606
12,8359	-27,0358
-3,4170	-20,0235
15,8505	-8,0962
-1,5165	-25,7909
4,1851	-15,4361
-0,9922	-17,5334
7,4618	-14,2565
-10,0362	-6,7199
-9,4465	-19,8924
-7,2836	-5,5399
-6,6285	5,0113
-6,8249	-3,7049
-15,8690	8,1573
-4,8588	9,1403
-15,9346	9,2060
0,4496	14,9076
-8,6600	16,1528
8,4449	29,8499
-10,5605	19,1019
8,2484	16,5464
-1,6476	31,6195
0,2529	31,0952
-1,1888	23,4931
7,0685	33,3890
-5,1210	23,4274
-5,3178	24,8694
-1,3854	34,3719
-12,4611	11,7620
-0,5990	18,1848
-0,0749	32,6022
-9,7740	14,7110
-6,8250	10,0580
-2,4340	20,6747
-5,8421	13,4002
3,3331	20,3470
-10,6261	5,4048
-2,4340	10,4511
0,5150	11,1719
14,0808	-0,3625
-2,1062	1,9314
4,4473	0,2929
3,7921	7,1742
3,9886	18,0530
0,3843	2,5865
3,9887	0,7517
7,8553	11,4341
-0,1401	10,5819
4,0543	3,3076
0,5151	6,6499
8,7073	13,8590
4,1195	15,3662
12,7047	5,6668
-13,7717	13,9244
-0,4680	6,9776
1,4326	-1,0177
5,1023	4,4217
-15,2136	2,0624
-7,9392	-1,2798
-11,0847	4,2906
-7,2185	-1,0178
-7,4148	10,2543
-19,0149	1,3413
-14,2959	1,3415
-5,4490	0,5550
-8,7255	9,2711
-19,8011	-13,7319
9,1658	-6,3917
-9,3155	1,8000
1,6948	-4,8191
-9,0530	-0,9525
17,2266	-11,7003
-0,9923	-4,1636
15,7848	0,6858
-5,3175	-16,2223
6,8722	-6,8506
4,7095	-15,0428
4,5784	-9,5377
1,7605	0,4891
-6,0384	-8,6858
13,0327	-10,9795
-4,1380	1,9966
6,1515	-4,5570
-1,0577	4,2905
7,1999	-0,6248
-4,4654	-4,8190
11,7873	2,5865
-7,4147	-11,5036
-0,2713	-5,2122
-2,3685	2,9796
-2,8929	-12,9455
-3,0893	-6,9816
-10,4952	4,2903
-13,7061	-9,7343
-15,8036	0,2928
-8,1357	5,0768
-24,0611	-0,1659
-13,9683	7,1742
-26,6825	-1,0177
-3,0240	20,2814
-22,2262	22,1163
-11,4782	-1,2798
-15,3450	5,7327
-11,4784	18,1186
-23,7334	9,0747
-11,0852	1,8657
-17,9664	-8,9476
-17,3112	-2,8528
-32,8428	1,4723
-13,6409	-14,6494
-17,0488	-6,8507
-17,7041	-0,4939
-16,6554	-11,8972
-19,4080	-20,4822
0,7772	-15,0429
-26,7480	-18,1230
0,5151	-8,7514
-6,0387	-22,0552
13,6876	-12,0937
-5,1867	-9,2756
3,0709	-11,2416
-12,1988	-10,4552
7,7240	-14,2563
-2,3030	-4,0982
-5,1865	9,1399
-5,8417	-4,8192
0,7772	-9,2100
0,1875	9,0745
-14,0339	-8,2925
-0,5989	1,0792
-9,5775	4,8146
1,7602	1,7346
-13,9028	11,6959
-1,0579	1,9966
-1,9755	1,0794
-5,1213	11,6960
-14,8860	-7,7681
-2,7620	-3,1804
-25,8306	6,9119
-9,7743	4,2250
-12,0025	-0,4936
-17,7699	-8,0958
-20,8498	3,6353
-26,9448	14,2518
-16,9832	-6,1951
-28,6488	4,8804
-16,9831	6,7808
-15,4105	-4,8189
-6,0387	-0,2968
-15,7380	5,4047
-1,5166	-2,7872
0,1219	4,2906
20,3068	-2,3284
9,4281	13,7278
24,8944	6,5842
7,8554	-5,3431
28,6956	0,9484
15,9163	5,5358
17,1613	1,3415
14,2125	3,8319
6,5447	5,9289
16,9650	2,3246
10,0835	9,5334
18,6036	-6,5229
19,1275	-10,2582
18,7345	14,7107
10,8702	-9,5377
23,4529	-5,0811
5,1030	1,3412
21,9456	-15,0426
4,9718	-7,0472
15,9161	-6,7853
8,7074	-7,8338
3,3331	-11,3073
6,6758	-15,5670
-0,6646	-10,1931
-4,7276	-14,3875
-4,7933	-15,1738
-2,4339	-14,5185
-7,3493	-18,7782
0,3840	-6,3264
-15,2136	4,2247
-2,1719	-12,6834
-7,3494	-8,1613
0,7770	-4,2948
-15,0170	-11,0449
0,3839	7,0428
-4,3346	-6,9819
-3,5483	-6,9818
0,1876	-2,5254
5,4956	-22,1861
-1,3198	-9,2754
-6,4317	-5,6713
-9,9049	-16,4190
-3,1550	-4,5570
-2,1718	-11,5039
-17,9006	-4,4259
-3,6136	1,4722
-5,9731	-23,5623
9,8209	-2,9839
-16,1967	1,2756
-3,4827	-20,7442
-9,3810	-12,5521
1,3669	-13,3386
-3,1550	0,4894
-10,4296	-6,6542
-3,2203	-13,9940
-2,8274	-8,5546
-7,4802	-8,1616
-19,2111	-15,8947
0,7120	-12,0281
-6,2352	-9,2102
5,9547	-12,8801
-19,4079	-9,4723
2,2191	-16,6812
-10,3640	-17,9918
0,3185	-6,1955
0,3183	-10,2586
4,7746	-1,6734
-14,0995	-1,4114
1,9568	-3,1151
-9,3153	1,1447
2,5465	-3,1151
-12,1332	-3,9014
-2,6962	5,2736
5,7580	-2,9839
-1,9097	8,8127
-0,7298	17,0700
-4,4656	10,7131
8,5763	13,0070
-0,7299	11,6307
13,6879	14,2521
-2,0405	19,7571
26,2709	-0,1003
11,2630	6,1258
12,4428	19,5604
7,0690	2,0624
19,5861	2,1281
5,0375	12,0894
6,2170	13,2690
14,6712	15,7593
12,2462	-3,0494
15,3921	11,3686
7,6587	10,7785
23,3219	2,7832
7,7242	1,2760
22,0112	9,8612
4,8407	6,1911
15,1298	8,0262
8,9696	5,4047
18,1443	4,5528
-0,5332	18,5118
14,8675	3,1765
-1,2542	-0,0346
8,9693	17,6601
3,3988	10,4509
4,6437	6,4535
-6,6937	1,8658
-5,5142	12,4828
-1,4509	16,5457
-14,3616	0,4239
1,7604	0,1619
-9,9707	14,4486
0,6462	0,9482
-2,8272	-5,0810
13,8843	1,2104
1,3670	-2,1975
-0,8612	4,1595
-6,4316	-6,7194
9,2968	-1,0833
-3,1548	3,9629
-0,0748	-2,3284
-0,6645	16,8080
-8,5944	2,5865
-4,9897	5,7324
-3,6793	15,1040
-4,4655	2,9798
-1,0579	0,7517
0,4495	4,2905
-1,0578	-3,5082
16,9645	5,2736
-0,8613	-3,3773
8,4450	-7,5715
-1,9752	-4,8847
14,4742	-15,6325
2,4813	-7,8993
4,8405	-9,2102
8,1830	-23,1037
1,2360	-7,5717
6,4790	0,2268
-10,3639	-17,2056
-4,8586	-1,8046
-7,5458	-10,5209
5,1682	-10,7828
-2,9584	2,0621
3,9885	-16,2878
-4,9243	-1,2799
13,2946	7,8293
-4,5966	1,3414
13,6879	-4,2290
-3,5480	-2,7217
8,1174	2,2590
2,5470	3,3075
11,1975	-1,4110
14,3434	5,0117
10,1488	7,1086
5,1684	1,6693
-6,5627	19,8883
6,0860	14,3176
-7,0215	3,1767
17,4891	21,1990
-6,2353	10,9752
4,9062	8,4195
-4,9243	14,1865
14,5398	-6,3917
4,7095	14,0555
32,8897	13,6621
-4,2690	-7,7680
14,2123	-2,3940
5,1683	7,8295
10,3455	5,2736
9,3627	8,0916
-3,5482	-9,2753
6,2170	7,6331
-12,5265	15,3006
-5,1862	8,9436
-11,6091	15,2351
3,0056	10,8441
-11,2159	6,0603
2,8089	19,6260
-1,7788	5,2080
-1,5821	8,2883
-3,3514	11,8926
19,9135	-8,1613
1,8912	-0,6901
0,9083	3,3728
7,8551	-10,6517
-3,8759	-5,8020
2,0226	-8,0303
-3,4172	4,6836
-5,3175	7,1084
-6,6939	-9,7342
3,7919	1,1449
-12,2645	7,7638
9,0347	-3,0494
-7,9393	6,7810
5,6923	-0,1004
-11,0195	2,3246
-6,5630	16,4146
-7,9391	1,6035
0,7114	4,2905
-12,9854	3,7661
-8,7912	-4,8190
-12,3299	1,2760
-7,1527	5,7322
-4,2034	-7,4404
-4,4002	11,0408
-3,2858	-0,3625
-1,4508	3,1109
21,6832	3,3075
-4,9242	-1,3455
16,3096	-2,6562
12,6395	3,8317
12,7706	-0,7558
5,2341	-0,1005
30,0064	-1,4112
10,2803	1,2759
15,1298	0,1616
6,9381	-6,6540
12,7705	-1,8697
10,2803	11,4994
11,0011	2,6520
12,1153	2,9799
-5,4485	9,3367
13,0984	-4,1635
2,6779	13,9242
19,7173	-15,5669
0,5152	-7,3092
13,2947	2,7175
2,1536	-11,7659
13,2291	-4,6224
-0,7301	-4,5570
8,9037	-8,2925
-0,9266	-6,0643
12,2459	-16,3533
-1,2543	1,0137
-5,3176	4,1591
-1,4508	-11,7659
5,7579	6,6499
0,1875	6,4530
-10,3638	-4,9501
7,7242	2,8487
-11,3470	0,3583
-7,6113	11,0407
-9,9050	10,8439
6,4132	-10,3240
-2,3031	1,2760
0,1872	10,4507
-12,3299	-8,6200
3,0708	2,3246
-7,0216	1,6690
-6,8907	0,6207
-6,1039	9,2058
-4,2692	-2,8528
-3,3513	8,0917
-2,3030	17,0700
2,2848	1,6036
-9,6428	8,7471
9,0350	3,0453
0,8429	2,5211
14,2123	7,3051
-2,4339	-2,3942
19,7172	-3,3771
3,1366	9,5988
13,1636	0,0962
-4,6621	-1,6731
3,4642	12,4170
5,6270	7,1741
5,0370	20,7403
4,3818	14,6452
-0,7301	5,4704
-14,4268	22,0510
-4,2034	13,5968
-1,3198	20,2817
-7,8079	19,6916
0,1875	7,3710
-3,1549	19,3641
6,3477	12,2862
2,9400	17,8567
13,9499	15,1042
-4,0068	5,1429
14,5398	17,9880
11,0665	21,5922
9,6247	27,4905
8,3798	17,2015
15,8506	13,5316
5,2995	18,0535
1,6950	19,7574
3,2679	16,6772
-5,6451	21,5269
9,4281	25,5244
-8,9222	9,5992
-3,5480	25,9178
-12,1335	23,4926
0,3184	-3,5079
-7,4806	15,4974
-2,9586	4,7494
-17,9662	2,1936
-10,7573	10,9754
-17,7040	0,0963
-8,7912	5,2082
-10,8226	4,6182
-18,8182	-2,1319
-7,9389	13,2689
2,3499	-3,8360
-3,2860	-1,3455
-20,3908	6,7807
5,4959	-13,4698
-7,8736	-4,2946
-7,0870	11,2371
-7,2181	-17,1398
9,0347	-5,9329
-13,5097	-1,3455
-4,0069	1,8658
-7,7424	7,6985
-1,9099	7,2397
-9,2499	11,1065
-8,9878	23,8204
-10,2329	14,1867
-16,1313	25,2624
-7,2183	20,3470
-11,3472	15,9563
-7,4804	23,3618
-19,8668	14,8420
-5,3833	10,5167
-14,2307	18,1843
3,5295	-1,2798
-21,8329	2,1936
-4,5313	15,7593
-14,2962	-0,9523
-10,6918	-8,0300
-18,6214	-4,3602
-12,1991	-6,9816
-18,4903	-0,1660
-9,7087	-21,0064
-11,4125	-16,9430
-27,0102	-7,6373
-18,4902	-14,5184
-16,1967	-15,3049
-0,1404	-10,3898
-12,2647	-10,3243
-6,6285	-9,4722
-23,2090	-14,1253
-6,4319	-13,0110
-12,8544	0,7513
-5,7111	-16,2223
-6,9562	-8,4234
-15,8693	1,7345
-19,8011	-10,3240
-13,5099	6,8465
-17,2453	-0,2315
-17,2453	6,6498
-14,5582	11,3683
-15,6070	0,0962
-13,4440	4,4873
-13,0509	18,5772
0,6460	1,9313
-8,0047	17,0701
2,6121	4,1594
-14,1650	0,8173
-1,9753	12,6791
-6,2351	-4,3602
6,2820	7,8296
-12,5921	4,2247
-0,3369	-19,9577
7,9205	-6,1951
-3,9415	-8,0958
-12,5264	-5,2777
-9,7741	-2,3288
-1,2544	-18,3195
-20,9808	-7,1127
-6,4317	-0,8872
-14,6895	-31,5576
-9,9052	-8,7511
-23,2091	-5,4746
-4,7280	-16,1568
-16,6556	-9,4722
-3,2208	-22,1205
-16,8522	-10,7828
-9,2500	-6,0645
-3,1552	-22,8416
-8,0049	-12,1590
-13,1164	-0,5594
-11,7403	-12,3557
-3,3516	-3,3774
-17,4419	-9,8654
-3,4170	0,6860
-17,9662	13,9240
-0,1403	-8,8169
-23,4713	0,0963
-7,1526	9,3365
-4,5314	-13,6009
-6,9562	-6,9161
-7,2183	-1,7388
-6,5631	0,4239
-12,0678	1,0791
-0,5994	-11,7002
-17,5728	1,8657
-11,6749	7,5016
-18,2282	-6,3263
-10,7573	-7,1127
-17,5730	4,5526
-28,7140	-1,4112
-3,6793	0,3583
-23,4714	-0,1660
3,4641	-1,7389
-11,3472	6,3221
-0,5336	-11,9624
-17,4418	-5,2120
7,3307	-0,8869
-10,9538	5,6669
-1,6477	10,1232
-5,4488	-16,1566
-3,2207	-8,1610
-4,8589	14,5142
-10,8228	-1,0178
-1,9097	5,5359
-12,7232	11,1718
-0,0745	7,3708
1,8914	2,5213
18,4722	19,9537
0,3187	14,1864
23,9772	17,4633
8,4452	3,8318
16,0473	-5,8017
6,7413	8,7470
18,4065	-4,4912
4,3163	3,5043
3,8575	0,6205
-7,6767	0,2273
-2,0409	2,6521
-6,1695	-3,3116
-5,7109	-3,5738
-12,5265	4,3559
-11,6093	-0,4283
-9,5774	1,9311
-15,0826	-0,8215
-7,6114	-5,1468
-19,1458	4,4869
1,8258	-11,1761
-12,6578	-2,5252
-2,9585	2,5208
-13,9028	-8,5546
3,1362	-1,5421
-12,0025	6,7153
-5,2523	-11,5692
-8,1358	9,8612
-6,8908	5,9289
-22,0949	8,4850
-15,8035	14,1865
-11,6746	3,8974
-13,5754	11,4998
-10,5606	24,5412
-17,3764	7,1742
-4,1381	10,5823
-20,4566	21,8542
-3,6138	8,6161
-13,4444	11,8272
-0,4027	-1,6730
-23,4057	4,7495
-6,4975	9,5991
-11,9370	-6,3261
-5,5802	8,1574
-22,4225	11,0407
-20,3256	0,2274
-19,8666	8,8126
-17,7697	5,5357
-15,8690	1,4727
-22,1605	15,4317
-8,8565	12,0893
-13,4443	7,6330
3,4640	24,4756
-14,6894	8,0918
7,4618	8,2885
-13,3131	17,9878
-0,7956	15,1042
0,3185	22,5098
9,4278	11,0410
-3,5480	16,8739
2,6121	20,4127
3,3333	14,5145
3,5953	23,7551
0,5808	18,2499
1,1706	9,7960
14,6709	21,0680
-4,8588	11,6964
7,7898	15,9560
-7,6769	21,0676
11,6562	0,8827
-10,5606	8,4849
2,0223	2,5210
-15,8035	-7,0471
1,4979	14,6452
-14,3618	0,2928
-14,6239	5,6670
-0,6646	9,2713
-6,4976	-0,7556
-8,9876	8,8128
-11,6747	9,4680
-2,8927	2,8490
-9,8397	12,0895
-7,2835	1,6693
-7,2182	1,6039
3,8574	17,9222
-6,0386	4,1596
-0,5991	7,5022
-12,0680	19,1673
-6,1041	2,6523
-10,8228	8,2885
1,6944	8,5505
-15,2792	2,8491
-15,6070	15,1696
-11,1503	2,9799
-7,6772	10,5823
-14,0339	12,5482
-14,8204	-1,2799
-4,1380	17,7256
-23,3402	18,2496
-5,0554	3,2420
-13,8376	5,6668
-1,5823	4,6183
-17,5076	12,0238
-5,1868	0,6860
-24,3888	-8,4889
-10,3642	-5,6052
-27,1414	15,7593
-13,3789	-7,0472
-30,3526	0,9483
-20,4568	0,0962
-24,5854	1,7347
-22,0952	2,7176
-23,5368	3,1108
-25,8962	-0,9522
-18,0972	12,3513
-13,3789	-3,1149
-9,3811	13,9244
-23,0125	-0,9524
-4,3347	8,7471
-18,9493	11,8272
-10,8228	-0,8867
-16,0656	9,9923
-0,5338	17,0701
-16,0657	2,1280
-15,9346	6,5191
-7,2837	11,0408
-8,0705	8,7471
-7,0871	5,2083
-10,3641	0,8829
-12,3299	11,5652
-4,9245	19,0361
-6,6284	-0,2313
-17,3107	5,4048
4,3161	20,4124
-3,2206	-4,0980
9,0345	10,7789
-6,8250	4,6183
-1,5167	20,6746
-12,0023	19,5604
-6,4320	13,7934
-13,5097	6,9779
-11,1507	17,2670
-17,2452	10,9755
-20,6534	20,2816
-19,4079	9,0749
-22,2919	11,4344
-19,0804	27,6871
-27,3381	7,5676
-15,4759	23,1653
-26,6171	23,2960
-7,5461	6,6501
-17,5075	20,0851
-2,1066	20,6090
-9,9707	0,3585
11,5904	15,3008
-14,2960	14,0554
-2,3686	-2,7216
-4,6622	10,1890
1,9567	-0,3625
-6,9559	-2,4594
-6,6939	5,5358
-9,5117	8,8126
-14,0992	8,0260
4,5130	1,8657
-2,4994	3,8973
17,1613	10,6474
3,7264	-7,2438
14,4744	7,1743
0,6463	11,9581
15,7850	0,7516
9,4279	0,8173
8,9036	6,9775
3,9230	11,2374
6,8720	7,6981
0,9084	-9,4064
4,0539	-10,7171
1,4983	-5,6709
1,9569	-4,1637
11,9841	-4,8191
4,3162	-4,0328
10,4768	-10,1275
3,1367	-10,0621
20,9624	-17,0744
5,7581	-14,6495
18,7342	-6,8510
2,4814	-20,9411
20,4380	-18,3851
-5,1863	-11,5040
11,7873	-20,4824
4,3162	-20,8754
-1,0578	-14,0599
-3,0237	-15,9603
-4,5968	-4,6882
1,7604	-20,4167
-11,3471	-8,8167
-4,4001	-1,8045
-20,7187	-10,5862
-8,0703	2,7833
-31,4010	3,2416
-8,7256	-3,1151
-17,7696	0,6204
-5,8422	-13,0110
-22,4228	-4,6879
-10,6919	-0,2971
-17,9663	-11,0448
-11,9372	-3,4426
-25,9616	2,9798
-23,2093	3,7663
-17,2453	9,1403
-23,4715	9,8612
-9,3154	13,9900
-25,9617	17,1355
-13,5095	-4,8187
-20,6533	8,2230
-0,7301	16,5457
-13,9686	12,0893
-0,2715	3,0454
-6,2353	-2,7871
3,5295	7,8296
-10,8883	10,5819
0,1872	0,4895
-1,9753	-0,9522
0,6459	4,2250
-13,5749	-5,8019
8,9037	2,3901
-1,8441	12,4825
-7,9390	3,2419
7,2000	4,7492
-1,9753	-6,9816
4,3820	7,3052
-5,7763	9,9264
10,5422	-0,8868
-3,3515	2,3900
8,3140	5,4701
7,7896	1,4069
13,5567	5,0770
5,6926	1,1449
9,1658	9,0093
9,7559	7,6328
6,1511	7,4363
3,1368	5,4703
-1,1233	12,2204
-8,6597	6,7154
-5,2521	3,8318
-0,0747	10,9751
-16,9176	0,2273
-8,4634	4,8147
-12,3957	-14,9115
-1,6478	-1,8698
-19,6046	2,4552
1,9567	-12,8145
-13,9029	-3,3117
4,3815	-6,7853
-6,4318	-9,5377
-3,0241	-4,4914
-4,5310	-11,6348
-1,3201	-3,9014
5,4304	10,6474
-1,7788	-5,6710
12,2461	-0,1003
-13,3787	8,6814
5,6272	0,6205
-6,2351	2,3900
7,6586	-6,6539
-10,1017	4,1594
5,4959	13,5309
-6,1696	-19,1058
12,5080	-7,7024
-1,5822	1,3413
2,7432	-10,3240
4,4473	8,0916
4,2504	4,5525
-12,4609	-7,2437
-3,3516	6,7810
-2,3684	2,5866
-7,4804	3,9628
-5,4486	13,6621
-9,7085	-2,7218
3,5954	3,5697
-9,7085	3,5040
5,1682	-3,3772
-3,2204	3,7662
9,2314	-2,2631
0,4497	-7,6369
8,1173	3,1108
2,0227	-2,9184
12,2460	0,8172
8,0520	0,6861
3,7265	-0,5591
9,5594	4,8805
14,6054	3,2420
14,0158	11,1719
3,2023	12,6791
14,2125	-3,6392
10,7389	16,4804
22,0767	7,6983
11,7875	-4,0979
25,7466	6,6499
14,0812	7,6984
27,8437	-0,6246
16,5060	4,4216
15,7195	2,3246
7,0034	9,1403
10,4111	10,2543
6,7412	-2,7873
3,9885	5,9946
0,3187	0,6860
3,8574	3,7008
-0,8610	9,7299
-7,5458	-3,3116
-0,7955	-0,6900
-10,2328	12,0892
5,4959	-8,0303
-11,2813	-2,9182
9,0347	8,1572
-11,9368	0,4240
3,9885	14,5798
4,1849	-1,8698
-6,2352	10,1890
-6,9558	14,1865
13,2288	-2,0008
-12,2643	8,5506
-11,2812	8,8126
5,8237	5,4702
-6,1696	-0,4937
7,4621	-10,7172
-1,6476	-4,2292
6,2170	-0,2973
-4,1378	-26,9047
15,2609	-17,6642
6,6756	-6,3922
17,0958	-13,8633
0,0565	-10,9140
22,0764	-9,7345
-6,0383	-10,5207
0,9084	-3,3119
-8,0044	-13,2732
3,7919	-2,4596
-1,3199	-1,9356
-8,3978	-13,6008
-6,0384	-3,3116
-12,7233	-0,3627
-5,3830	1,0791
-9,5121	7,6326
-2,7617	-10,9140
-12,0024	-6,7195
13,8843	-4,5570
-10,3641	-9,4066
2,6121	-4,5570
-10,2331	-5,4090
-3,1551	-7,5716
-19,9323	-2,8530
-18,2285	-17,7296
-19,2769	-3,9014
-22,8817	-8,2924
-28,4519	0,0963
-28,5178	3,9628
-27,4690	0,9483
-36,3165	1,6036
-18,5562	5,7325
-32,0567	14,9729
-17,8354	4,3561
-26,4861	6,5188
-9,0536	3,0454
-18,8184	-1,5419
-3,8762	9,0746
-10,6263	4,6838
-5,9734	8,5504
-13,1820	-1,2801
-10,6919	-2,7873
-12,1988	5,4701
-5,7110	-6,3264
-0,2058	-3,0494
-16,0656	5,0113
0,1877	-15,3048
2,6121	-5,4087
5,4304	2,2588
4,7750	-9,7997
6,6756	0,4893
0,2530	-9,4721
10,6732	-0,3625
-0,9267	2,9796
13,0324	-7,7026
-5,1209	-2,1976
1,6292	1,8655
-7,0213	-14,3873
-3,0893	-7,4404
11,6563	-3,8361
-12,6576	-1,7388
-4,9241	1,6034
-11,0192	-4,2948
8,1828	-6,5228
-15,2137	3,1763
-7,0215	-5,1467
-6,0386	-1,8043
-2,4999	-1,6079
-14,3616	5,2080
-2,5653	1,7344
-14,2306	-12,7489
-4,9901	5,6011
-12,6576	-3,1153
3,3984	-16,5500
-1,9752	-7,0472
-2,9585	-4,7537
-9,6429	-5,9332
-6,3007	6,6497
-0,0091	-5,2778
-3,2205	-1,6733
4,1851	-3,3773
-8,7254	-7,7025
14,8020	-5,6709
1,8258	4,1594
10,0180	-1,7389
7,4621	-2,0665
31,8414	-8,8166
17,4891	-2,5251
24,6325	-2,6564
9,1010	-1,2799
31,3830	4,1595
34,5288	-3,6394
34,3321	-2,4596
30,3346	0,3584
30,0068	-5,6710
32,6937	-5,3433
13,9504	-3,1807
31,3829	-20,7442
8,7729	-9,7998
16,5717	-9,5377
-1,7129	-15,1738
12,0496	-2,5254
4,5784	-15,6325
7,6584	0,3582
-12,7885	3,7660
11,0662	-6,1297
-4,8589	10,1888
-15,2136	15,8246
2,4158	1,6036
-7,2184	12,9414
-10,3638	18,5118
-19,1458	8,1573
-4,4655	25,5242
-12,1992	11,3685
4,9714	8,4195
-17,3108	13,7933
11,1318	3,4388
-3,0896	15,7594
0,7772	18,1841
9,2314	-5,0154
17,4231	3,8320
-5,6452	16,2837
4,9060	3,6353
4,6440	15,0386
-10,8882	5,6014
-11,5433	20,4782
-6,9561	23,2305
-4,2691	-2,0006
-15,3448	16,7428
-5,7765	20,8712
-24,1921	20,0849
2,5466	13,8589
-15,5414	3,7009
6,4786	9,9924
-14,8859	14,7763
2,2846	0,4240
-2,3684	-4,4910
8,8381	10,6475
3,3988	-1,7387
12,8359	4,6838
-0,4021	-2,9185
5,6926	-4,5567
8,8384	6,1910
-2,3029	-4,0326
9,6249	-2,9839
-1,3855	5,2078
4,0542	-16,3533
-5,0556	-3,7703
4,2506	-2,5254
-13,4442	-4,0325
-3,2208	9,4021
-19,4736	-15,8290
-12,0027	5,9290
-26,5516	7,1739
-26,1585	-8,6200
-25,8961	11,2373
-31,7946	5,9943
-22,2261	-1,2800
-18,3597	4,7492
-17,3764	-2,9840
-20,7188	-1,4766
-11,2814	10,7130
-13,5753	-8,3580
-1,9097	2,4556
-7,7425	-1,0180
6,2166	-7,7680
-7,8080	6,1910
8,0517	-6,5884
-2,3685	2,8488
-0,0748	8,6159
3,0711	-5,9985
5,8889	15,8250
-7,2179	13,3999
5,2337	-6,3262
4,5130	7,8297
-5,0553	8,8781
16,8993	9,3369
5,2338	17,2011
16,7028	5,6012
7,9864	3,7664
27,2541	4,4871
16,3750	-6,1296
26,9919	-9,4719
15,6542	-3,6394
23,5839	-13,9941
8,7729	-16,2223
14,3433	-23,1693
4,9717	-24,0867
-1,3855	-10,1933
-7,9387	-27,2327
0,0563	-16,4190
-5,7107	-12,0284
-15,0824	-14,5185
7,1343	-0,8216
-2,6963	-15,3050
11,5251	-3,4428
-9,1188	-1,7390
5,5613	-23,4311
-11,0848	1,4071
-5,9732	5,5354
-13,9684	-7,8992
-12,0679	-2,1320
-12,8544	-3,8360
-11,4127	-3,2461
-9,8396	2,9797
-4,0728	-14,3873
-21,2429	2,2590
-14,2960	2,2587
2,3501	-7,1782
-13,9030	-6,7849
-4,2689	6,9776
-10,5605	14,5797
5,5614	8,1571
-8,2668	-1,6075
7,0687	15,9561
-7,1527	14,9729
6,4788	0,9483
-9,5120	3,3077
4,5127	8,2882
-10,1017	-7,0471
0,7115	-0,1003
-9,3152	-12,6833
-9,3155	0,0963
-11,6090	5,2733
-6,4974	-13,6665
-4,6624	-5,4089
-17,1143	-3,9017
-3,4171	-4,0983
-12,8544	-8,6203
-1,9755	-13,0766
-7,6770	-8,4891
8,3793	3,5694
1,8912	-12,4869
10,1488	-4,4912
-1,1887	15,8901
13,1636	-0,1661
14,6711	-6,4574
8,1174	0,4240
18,0136	8,1571
10,4113	15,3006
15,3921	2,8488
5,4306	12,4827
16,4407	5,9290
-5,3829	4,6186
18,0791	22,3129
6,0203	2,6522
22,7319	14,9732
1,7604	11,6307
16,2438	0,5552
3,7265	6,7812
12,9014	16,6769
0,3843	6,5188
15,4574	3,1767
11,4597	10,1231
4,0541	1,3414
2,4160	7,5017
2,3502	-5,8020
14,6711	-0,7559
3,5299	2,1932
20,5693	-8,6857
0,1221	-12,0935
17,6202	4,4213
7,9864	-15,0428
27,8437	-10,6518
16,6370	-8,2926
19,6516	-10,5206
-1,2542	3,3728
15,3918	-16,9432
-2,1717	-3,5736
-4,4656	5,7321
0,1876	-6,1298
-5,7765	0,3585
-5,8417	5,2080
-13,3131	-8,1613
-5,1864	4,2906
-8,8567	-6,9818
-7,0871	-6,1951
-16,7864	9,2055
6,5443	-13,2732
-11,4127	-11,1103
-2,0409	-2,5253
-22,5536	-12,4213
3,7262	-8,5545
-4,0727	-14,0596
-4,6625	-0,7557
-18,4248	5,2733
-4,9245	-9,0788
-7,4149	-10,9137
-13,4442	6,3877
-7,8734	3,6352
-8,9879	14,1209
-12,7887	5,4046
-17,5074	7,1088
-4,3346	16,4147
-13,2475	-1,8042
-3,4827	7,1744
-10,6260	11,4996
-0,5992	5,7325
-7,0216	3,7665
0,9736	9,7957
-4,9899	1,0794
-7,2183	10,2544
-5,1864	2,5211
0,5149	1,2104
-9,5118	-0,4281
-5,3176	-7,5061
-0,7299	-7,1127
-6,1040	-3,3120
3,8575	-23,1036
-11,1503	-12,0936
19,2584	-16,8779
-4,9900	-12,8800
12,4427	-2,6566