-67,7965	-35,3643
-16,7449	-27,1725
-32,6042	-55,7457
-27,0998	-11,2471
-28,4755	-23,4372
-29,7868	-44,8016
-16,6792	-37,3304
-49,4474	-46,8988
-24,1503	-26,9104
-46,6295	-48,9960
-26,3131	-62,2993
-66,6176	-30,8425
-17,0725	-34,5126
-68,9115	-49,8479
-40,5342	-42,5732
-40,9930	-41,8527
-24,5441	-39,4935
-68,7800	-63,3487
-48,5295	-94,2154
-16,2860	-60,4649
-12,0269	-91,0047
-26,7061	-72,7857
-57,1151	-63,0868
-36,8639	-74,9487
-38,1751	-74,4243
-14,0578	-78,6842
-70,4843	-103,3909
-25,2644	-55,8776
-83,9845	-62,4315
-35,2914	-81,2399
-65,9623	-56,8606
-54,2316	-82,4195
-57,9010	-72,4578
-43,2219	-63,2175
-62,7508	-62,1033
-47,6126	-40,4768
-16,0240	-80,9123
-58,6884	-86,8100
-37,6508	-55,1566
-58,2951	-65,4459
-25,2647	-57,8436
-87,1961	-42,9672
-42,1074	-79,4706
-80,7079	-60,3337
-41,5175	-69,3782
-59,7364	-83,7300
-28,5417	-40,2145
-67,8626	-57,9755
-36,4056	-97,2962
-29,6553	-67,9364
-44,1390	-101,2290
-26,5091	-86,0242
-30,4422	-81,9619
-5,6035	-124,2320
-42,1729	-113,8773
-13,5989	-101,8847
-45,9739	-134,5212
-27,9511	-110,0109
-52,0686	-132,5553
-29,0001	-99,6562
-78,6104	-116,3683
-44,5976	-121,9383
-47,4156	-97,8213
-54,9528	-100,5085
-70,3531	-105,8822
-53,3800	-102,2778
-46,3020	-113,0911
-83,7888	-104,7024
-34,0464	-113,0909
-61,3102	-108,3066
-40,5347	-68,6581
-86,3444	-110,9287
-34,8328	-129,8023
-60,3922	-88,9085
-45,3187	-99,8533
-98,0091	-119,1205
-50,2338	-120,0380
-54,2315	-134,1937
-46,8919	-97,3629
-62,5544	-138,2574
-51,4140	-143,6309
-62,4892	-118,0068
-63,9969	-149,0053
-38,1755	-133,2110
-56,9193	-136,8159
-48,4649	-156,5419
-79,0700	-137,6676
-46,6952	-153,2656
-86,3444	-177,5790
-32,8014	-152,2826
-83,7884	-170,3707
-47,0229	-189,3760
-77,6277	-177,9730
-75,8588	-190,8838
-86,4750	-188,3279
-62,2932	-202,2216
-78,4146	-203,8599
-76,1871	-176,0731
-95,3231	-213,4939
-115,1153	-211,8551
-84,7721	-198,0275
-136,8079	-195,2746
-100,3696	-196,9133
-137,2012	-207,6610
-99,1902	-200,1241
-157,2551	-180,7913
-113,9358	-200,1899
-144,0168	-206,6775
-118,8513	-171,0264
-149,7183	-182,6919
-125,7326	-193,3737
-129,4678	-192,5221
-107,3827	-182,8227
-103,4503	-165,5214
-129,4684	-226,9941
-92,6365	-217,6217
-128,8783	-186,1652
-90,2772	-209,0374
-134,7107	-200,9763
-79,5947	-207,1371
-125,1423	-226,8631
-103,9085	-198,2899
-111,9693	-234,7936
-99,7801	-253,1433
-129,5983	-224,0459
-86,0175	-252,8819
-92,7020	-272,6080
-104,6955	-252,2922
-92,7673	-291,0895
-110,2660	-273,3944
-88,3765	-277,3927
-107,9724	-288,9264
-85,6240	-257,3385
-137,2011	-271,4289
-97,0272	-281,5864
-124,1592	-257,6661
-107,6443	-257,0108
-134,6451	-254,0615
-102,7948	-269,5937
-139,8224	-283,0938
-127,8298	-249,6051
-124,2249	-273,8537
-128,8131	-304,3929
-122,0623	-262,7122
-135,3668	-269,8560
-132,7449	-259,5012
-167,3482	-279,2275
-143,6893	-286,7638
-162,3022	-244,7553
-132,4831	-242,3965
-157,9111	-279,8169
-146,1804	-234,7938
-176,1954	-241,8063
-142,3792	-227,5194
-170,6245	-256,9453
-149,7849	-269,7242
-160,4663	-245,6075
-141,9863	-281,5867
-151,4883	-287,8779
-159,2878	-277,2615
-127,6992	-296,7912
-170,4948	-279,5552
-157,9112	-308,9813
-190,5486	-313,6337
-165,6448	-261,5991
-220,1708	-306,6226
-172,4607	-338,0789
-225,9380	-305,1147
-203,0660	-301,9696
-213,5516	-334,6716
-186,8793	-320,3192
-216,2384	-339,9146
-198,6757	-304,0664
-186,6163	-341,4222
-183,9300	-334,3438
-183,7982	-319,2714
-186,3546	-339,7185
-169,5767	-358,4616
-190,0244	-349,0903
-156,0765	-372,4210
-197,4297	-344,6339
-159,1565	-381,6622
-193,1698	-408,7276
-162,8925	-367,0472
-222,3985	-363,8366
-167,8732	-390,5748
-187,2717	-367,7683
-189,1728	-387,0361
-205,4904	-366,1300
-173,2476	-393,3277
-188,0584	-387,6257
-197,5614	-382,9730
-176,9175	-400,3399
-214,6664	-389,5265
-168,3979	-388,8058
-230,8538	-407,2212
-203,9181	-403,0922
-224,9552	-394,7693
-202,2144	-418,2307
-233,8678	-360,5595
-200,8381	-376,7471
-200,1824	-381,2687
-186,7479	-375,6326
-197,9541	-375,7635
-190,6803	-352,3018
-195,5291	-374,0601
-200,8383	-402,1742
-182,3568	-365,4742
-217,0257	-371,1765
-185,1750	-405,6477
-217,2224	-354,4644
-215,9771	-373,5357
-262,3763	-386,9701
-217,3530	-361,6078
-229,7396	-407,9415
-222,3343	-354,9229
-238,4555	-371,1762
-205,6881	-378,9092
-225,7416	-380,6134
-213,0279	-383,8247
-193,2358	-397,1285
-209,0959	-400,1434
-189,8278	-424,0639
-209,0304	-400,2744
-191,0730	-416,1345
-212,4382	-440,1856
-198,3478	-402,3718
-233,1471	-415,3479
-193,4981	-408,3352
-227,8386	-395,4905
-182,9469	-409,5805
-218,6636	-375,0428
-190,6144	-375,0432
-203,3278	-404,1406
-169,2497	-362,5908
-174,3610	-373,6665
-179,1455	-400,9944
-155,0278	-368,0954
-184,9781	-374,1247
-156,4039	-348,3689
-185,4368	-344,8303
-175,4747	-350,5970
-176,7858	-316,2563
-158,7632	-329,1015
-178,2275	-333,8194
-160,0741	-295,4156
-185,7638	-297,0542
-158,9600	-310,2920
-172,1322	-293,4491
-163,8096	-292,6627
-130,9757	-270,1838
-142,9040	-277,9172
-139,6918	-291,8102
-147,8187	-270,7078
-120,6210	-293,1865
-151,5542	-266,2511
-109,8076	-271,1666
-152,9960	-287,3535
-116,9509	-253,6028
-149,3914	-268,4797
-121,4730	-294,3001
-170,7555	-214,7400
-116,6232	-256,4213
-157,4517	-256,2895
-102,7297	-267,8240
-127,7641	-272,0834
-129,5992	-229,7477
-112,2318	-253,6028
-121,4730	-258,5831
-95,5858	-229,9440
-138,0534	-243,2481
-104,0397	-235,3177
-124,2253	-224,3734
-98,0762	-227,5187
-146,7693	-192,8503
-110,5279	-219,5234
-129,0745	-217,2947
-121,5382	-180,0705
-124,6835	-188,8527
-114,6570	-225,0278
-127,4358	-191,1457
-108,2346	-184,4615
-117,4090	-179,3498
-115,8366	-205,8261
-76,3836	-216,7701
-113,4777	-158,4437
-83,5272	-188,5906
-136,8736	-206,1537
-87,7214	-217,2947
-131,3686	-206,5467
-97,7486	-184,0027
-138,0528	-207,5301
-106,2027	-214,0833
-143,4921	-173,4513
-109,0206	-197,5689
-87,3934	-230,7946
-95,3894	-177,9729
-114,0663	-176,3350
-83,5927	-165,8489
-76,6455	-175,0895
-98,0760	-182,2325
-60,3271	-161,3264
-90,9327	-174,4339
-56,9848	-190,4895
-99,9108	-153,1998
-78,8080	-160,8678
-114,8524	-146,7120
-56,9191	-185,0503
-99,1240	-165,1929
-65,6354	-140,0272
-105,3497	-152,5449
-70,0264	-166,1757
-77,5628	-140,9447
-80,4468	-139,3063
-80,9707	-136,0948
-105,8094	-142,1243
-78,9392	-156,2138
-121,0794	-113,1567
-84,3788	-122,9221
-125,1423	-141,3370
-76,5147	-93,1682
-125,2732	-95,9866
-82,0849	-113,2222
-96,8304	-127,1157
-69,4367	-126,7877
-84,9026	-91,6607
-73,8930	-108,7005
-59,7367	-118,0716
-75,5970	-90,6776
-44,1390	-103,0640
-70,6817	-99,7868
-46,0395	-77,1772
-63,2760	-105,8160
-44,5976	-84,8444
-62,1615	-76,7183
-34,3085	-89,3010
-71,0741	-71,6062
-33,8497	-71,9998
-63,2753	-91,2670
-57,0495	-71,0166
-71,6635	-76,9149
-48,9889	-67,4121
-48,7918	-86,0246
-35,5543	-111,4522
-40,0103	-70,4923
-65,9628	-96,5106
-27,2962	-123,1830
-60,3271	-89,0390
-52,3964	-103,4574
-81,6913	-94,7409
-36,7335	-109,2245
-101,9417	-128,3606
-38,5028	-87,2697
-58,6223	-100,1805
-47,0883	-99,7870
-58,8187	-78,0292
-49,4475	-86,8110
-61,1122	-90,8085
-33,6534	-70,0339
-35,1603	-118,7923
-48,0714	-73,1138
-32,4732	-85,0417
-43,3527	-139,1736
-13,7303	-83,0096
-70,1566	-106,2754
7,3724	-109,8793
-55,7389	-111,8457
-27,6236	-125,7390
-69,6319	-83,0099
-30,5071	-115,1227
-41,0583	-123,6417
-23,1019	-63,8081
-46,5630	-110,1423
-19,7595	-102,0153
-12,2223	-101,4912
-22,7089	-116,4988
-9,5353	-88,5805
-19,3008	-101,9504
0,4260	-132,4234
-23,8228	-75,8665
-4,0304	-105,0958
-37,3881	-103,2601
-0,3602	-87,7940
-19,2347	-92,3814
-19,0381	-83,5341
-35,8803	-83,4032
10,7806	-109,4205
-24,3463	-58,4994
-10,8463	-88,4496
-13,1396	-76,8490
-9,6014	-51,0284
2,7199	-78,6843
-34,5705	-75,5384
-1,8675	-79,0774
-22,2499	-98,4102
2,7197	-66,2321
-36,4055	-63,8075
0,3604	-78,2908
-40,2719	-66,8220
-3,5063	-65,3802
-36,7983	-59,6787
-4,6205	-59,4822
-24,6085	-85,7618
9,1419	-66,0354
-9,5353	-75,0143
-17,7278	-91,5945
3,8342	-59,7440
10,3869	-64,8562
-6,0621	-62,0379
-20,5456	-71,0163
18,7759	-55,5499
-41,4519	-47,6856
-13,5987	-49,2586
-56,1315	-92,3809
-4,4895	-38,5103
-57,5078	-35,3654
-8,0286	-89,0387
-34,9637	-53,5835
-18,5800	-62,3001
-29,1306	-45,5228
-21,3325	-65,2492
-17,2030	-71,8020
-35,0293	-25,1411
3,2443	-46,8335
-17,2690	-51,2242
11,8951	-64,9867
-16,8102	-75,4069
-4,7509	-49,4548
-16,9406	-65,8391
20,2836	-86,2859
-30,2443	-31,2364
9,0772	-76,8494
-15,8917	-85,3686
24,8057	-66,4289
13,0751	-70,8855
12,5504	-56,1395
29,3937	-44,8677
13,2057	-66,1008
22,5125	-44,0807
12,9436	-57,7120
30,6386	-48,6679
-4,3577	-40,6071
41,0588	-30,3179
-4,9475	-15,1793
20,6117	-43,0976
-19,2341	-48,7333
25,3301	-25,9926
-6,2581	-30,9079
13,8612	-45,3912
-12,6805	-17,7352
1,5401	-33,0053
1,3440	-42,1798
-2,3922	-31,3667
1,7368	-39,2308
-21,5289	-17,6038
-14,9092	-9,4777
-31,6213	-21,9289
-12,4847	15,1642
-28,6721	2,1226
11,5013	1,0090
-50,4302	25,5849
-4,3581	-4,4304
-37,3226	32,4011
-18,1209	31,7453
-22,6423	6,1214
0,1635	48,0640
-22,1181	38,6919
-37,2573	22,1117
16,0240	2,7131
1,6703	10,3151
-27,7542	18,8345
-17,9898	3,3028
1,9986	-7,3797
-43,4832	-3,5787
-10,7153	-6,2002
-55,8038	3,1060
-13,8608	-8,3629
-51,2161	-0,5642
-15,8926	5,7926
-38,2399	-16,7518
-15,1061	-37,0673
-24,7394	13,1327
-4,7516	-14,7204
8,2907	-13,8024
-10,5843	9,0692
10,8466	-16,4898
-1,0817	-18,8487
10,5845	-22,0602
-10,0597	-37,3952
22,9707	-7,0524
-18,4481	-33,4634
16,8759	-27,3027
-16,8750	-9,8051
28,4754	-20,4218
-36,1425	-14,1960
-4,0957	-35,9540
10,0603	-43,6868
3,1783	-15,3757
5,2762	-12,7547
-1,8678	-56,6635
16,2206	-42,3765
-1,0159	-46,6368
17,4002	-58,7607
-3,1130	-66,6907
19,9560	-52,3383
-27,2300	-40,3456
4,1620	-74,7519
-26,5744	-72,4576
16,9411	-41,3285
-17,4650	-44,0156
-10,9771	-50,8965
-17,0059	-41,2629
16,2198	-40,0174
-1,8020	-12,2303
-10,9775	-39,0347
24,6087	-52,0099
-28,0828	-8,4287
-4,6200	-27,7622
-25,8544	-46,3738
10,8461	-24,0260
-46,6290	-15,3100
-9,9938	6,1857
-12,8121	-9,6088
-3,6372	-39,5578
-29,1299	13,7882
13,4677	2,5156
-14,5811	-13,9991
13,3366	11,1011
-7,0446	-9,4773
-4,0960	-4,7583
6,7179	-4,2998
-14,5164	-23,0430
25,3300	7,6936
-32,6698	6,4478
22,7086	-27,4992
-3,4408	-3,8407
4,6860	4,6128
-22,8389	-21,0113
13,0093	-18,6521
-10,5183	-9,6080
-5,7995	14,6396
-18,4476	-27,6964
19,6937	-34,7085
-4,6197	-6,9869
-1,9332	-11,2471
5,1453	-28,0241
-1,4745	-11,6401
29,3279	-36,6749
-5,7344	-9,3461
23,7575	-45,9809
-7,3726	-32,4800
46,2362	2,8434
-10,8457	-15,6378
41,3867	-9,6083
-11,6316	-18,5211
44,0736	-28,9411
-20,1510	11,8874
47,1540	-14,9825
45,7777	-26,7784
36,0777	4,2197
3,1143	-19,5047
21,5290	-37,4608
28,5415	-13,6059
-11,0425	-17,4073
20,9393	-25,0092
-18,9729	-32,1526
-7,1104	-29,4652
-43,2866	10,0524
-2,9820	3,1712
-50,8232	-2,9236
-24,6743	16,0164
-33,7182	-8,6906
-18,4486	24,2086
-6,6515	7,8243
11,3046	-8,6247
7,1767	18,3760
11,2395	-0,4985
24,2820	-6,0686
15,5650	23,2913
39,7486	7,3001
15,7618	6,2518
58,3606	2,4506
3,6379	-13,9987
47,2851	33,4489
8,0289	-26,2545
45,7774	-27,8267
-7,7651	14,5743
33,1945	-14,9169
5,2108	-11,4432
1,2785	-16,3587
28,8038	-23,3053
26,5746	-1,2198
14,1235	-21,2741
-21,3317	-23,2396
47,4157	-6,3971
-11,1742	-6,9870
21,7912	-31,1040
-17,9896	-17,2103
10,1911	-7,3801
-22,3146	2,5815
-0,2292	-18,1937
-27,6227	-24,5501
-6,6517	5,3996
-8,5518	14,3121
8,8800	-14,7855
-13,7290	8,8730
-3,3751	5,7270
20,3496	5,3994
3,7681	-17,2106
23,2985	-29,8584
-21,0698	9,5283
26,9031	-22,9122
-20,0867	-23,1084
24,3470	-14,6544
-31,4897	-7,5110
18,5796	5,3338
-43,1550	-12,8852
-14,2540	-28,9410
-14,0570	12,3463
-22,3153	-5,5455
-13,0743	-47,2256
-18,2524	9,3317
0,6881	-16,7521
-19,6946	-20,4216
-21,9216	-37,3300
-28,2794	-25,2056
4,6200	14,3774
-45,6462	-25,7305
-15,2368	-34,5119
-46,8253	-8,1667
6,1277	-47,0951
-26,0503	-26,8441
6,7832	-12,8856
-16,2853	-37,4613
13,1402	-9,4118
8,9464	-26,9102
25,3953	-30,9729
12,8786	-8,1012
14,1234	-6,4628
17,6630	-13,8028
15,4340	-16,0963
54,4281	-24,8124
-2,5886	20,4729
12,3541	3,9574
-23,0354	-10,9841
25,3299	-0,9572
-25,0672	16,8029
-0,3600	2,6471
-13,8605	0,6813
4,6203	-13,5400
-18,5786	31,4173
31,0313	-21,7981
9,3393	-29,6616
6,9798	3,8264
26,1822	-23,1744
9,1425	-24,8779
48,1366	-13,8683
-3,7683	-22,4535
36,7990	-23,7642
-11,0426	-35,0366
35,4225	-49,7160
-9,6009	-8,4945
18,6451	-32,7430
-37,9122	-34,1845
-1,8676	-34,5778
1,8025	-53,7798
-13,4023	-23,1091
5,9314	-28,4179
-11,5674	-49,5199
-9,9935	-23,5026
8,8143	-45,5879
15,5651	-25,8615
-7,9625	-32,0873
25,4611	-16,3585
-10,5838	13,1980
29,1968	-10,6570
-23,3631	-5,4792
9,4705	22,3733
-16,5471	3,4989
17,9899	-26,1883
-2,5881	20,0801
0,1638	29,1890
-19,9549	7,1036
-13,4677	14,1161
25,1335	-21,7319
-11,5019	20,9320
18,5799	-0,9575
-17,0068	-16,2270
9,0116	6,1205
-23,7567	-24,9438
-13,0739	-21,7321
-29,1303	-5,7419
30,9659	-34,5121
-53,1821	-11,1160
-10,7147	-35,4298
-18,5133	-32,6771
8,8799	-21,2086
-17,7269	-25,4684
-3,6375	-17,1455
9,6015	-51,0272
10,4523	-32,6115
-3,7024	-12,0990
3,1126	-48,0129
-0,3602	-41,7208
-29,7202	-16,6210
28,4758	-34,3813
-18,0550	-37,5923
29,5901	-18,9804
-21,8555	-53,6487
34,2433	-27,8275
11,8302	-25,3376
36,2092	-40,0828
14,7795	-11,1161
31,8183	-33,0707
34,7024	-37,1337
41,3208	-17,6697
43,6808	-40,6072
17,6622	-23,0435
48,2683	-29,4008
-2,5229	-56,2046
49,3822	-32,8736
-3,8335	-25,7307
25,2649	-63,3479
-10,9112	-19,3078
30,6385	-33,0708
-7,3722	-38,3788
17,3345	-36,4786
6,2593	-55,6803
25,1987	-17,0799
11,8950	-37,9207
-18,6446	-59,4159
33,5223	-27,6966
25,1983	-39,8864
14,9101	-36,2816
6,9143	-33,5945
28,5415	-31,8249
0,6885	-6,7901
23,0367	-10,0015
3,6381	-11,9017
44,5322	10,3147
-16,9401	1,7297
19,5634	2,0575
18,2527	5,5307
38,3715	-0,5640
22,3815	31,4829
17,2035	-4,2342
35,0956	-5,6099
32,0799	14,5748
27,8209	3,8923
11,5676	-12,1636
47,0226	17,2619
-9,3384	-1,2197
37,2581	22,1112
4,2930	-14,4579
41,4519	-25,5985
-11,3699	23,6186
5,0796	12,2805
2,5894	0,8123
3,1786	10,7737
-14,9085	9,3974
15,9583	13,3298
25,1334	24,3395
-18,9071	-6,9862
10,2572	32,3352
-8,0283	20,6039
9,7981	12,6087
-27,4266	21,2595
26,0509	2,1885
-16,1546	9,9874
2,3924	-3,8409
-27,6885	-12,1635
21,0043	5,0064
-26,5745	-15,9651
10,3221	4,6134
-10,4524	23,2903
3,6373	-12,9506
15,8276	-1,8749
19,1038	5,3337
34,7019	-28,4169
-5,3408	20,0140
50,6272	-21,7327
15,4995	-23,8291
45,3844	4,6131
4,2930	-15,7685
38,0444	-1,5471
-10,5835	-0,8920
5,3417	-17,0790
-15,4985	17,6547
8,4869	-12,4919
-20,8728	-18,6518
-5,1448	9,3320
-27,6231	17,8511
-20,5457	3,9577
5,4721	-13,2780
-40,0759	-12,1636
-16,0233	11,6257
-31,4905	-3,5787
-2,2611	3,0407
-47,2187	24,1428
-1,7366	-12,0984
-28,6062	6,7761
23,4945	23,2250
-31,6205	-16,6861
19,3661	-20,8803
-16,0227	-9,2153
11,8294	-27,6964
11,6988	-6,7249
-9,2076	-30,8424
-1,4084	-28,1551
-15,8269	-15,3760
28,4102	-29,3347
-11,3053	11,8217
15,5650	-29,2038
-37,0606	-42,3102
0,4920	7,1690
-30,0481	12,3458
-4,2924	-37,0020
-24,9360	-45,4559
7,4384	18,0481
-26,7709	13,9190
-6,9796	-14,7854
-0,5565	-5,6755
2,7194	33,5801
7,1111	-1,5469
15,7610	-10,9835
13,2714	42,4279
-12,6157	58,2214
24,7403	31,4834
-5,9310	22,3739
31,2937	18,1798
-11,5012	46,0978
20,8079	29,3860
-13,0738	27,3546
13,9922	10,3152
1,1475	20,6043
10,5186	13,1989
-2,8501	19,2933
12,4191	-6,9865
19,7595	24,9952
21,0041	9,9213
23,6915	-19,6347
2,7853	13,3295
25,9853	16,9992
-15,3024	-8,6249
39,1582	-6,7245
-7,3070	-24,0259
7,3731	12,7395
-26,1153	-20,5530
0,2295	-51,5508
-18,7098	9,6589
9,6664	-22,0605
-3,0472	-19,5699
-2,4580	-13,9995
7,4385	-14,5894
-10,3221	-19,7665
21,5945	-7,1838
6,9792	-30,9728
27,4927	-10,7878
-13,9917	-7,3145
40,2070	-13,0158
-3,7679	12,6742
32,6703	1,6640
-6,8477	12,8055
21,0703	11,2979
-2,5878	14,0507
15,8927	27,2231
-12,8771	4,0233
1,8677	21,7184
-15,1710	20,1452
-6,7831	-0,2362
5,9313	11,6258
-7,5041	13,1987
16,0237	10,6429
-19,8247	43,4106
5,4070	20,2107
-16,8753	16,7380
25,7230	32,7284
-33,3249	16,7376
-2,6538	22,5704
-18,1857	13,1331
-0,4914	-3,7095
-13,1392	13,9194
13,4022	-26,3198
11,6987	1,0744
10,2564	-20,0288
9,3395	-30,5799
4,3582	-21,2085
24,6750	-23,1090
14,1230	-37,9200
25,6577	-31,7596
-24,5428	-7,8392
19,3665	-34,0534
-24,6085	-23,3709
4,0310	-15,0481
-33,3247	-28,4173
6,2587	-6,4625
-55,3444	5,7922
-7,3726	-5,8730
-1,3432	-15,3103
11,8289	-39,4926
-15,6298	-1,8751
-2,9163	-20,2258
37,6507	-56,9907
-4,6206	-51,6823
1,6716	-32,4804
-5,2755	-13,3444
5,6689	-43,4255
-33,2593	-72,0640
-27,0334	-19,6353
-51,7401	-39,4933
-0,1640	-39,9514
-34,5702	-14,3271
-24,2158	-25,8614
-44,5313	-18,3901
-14,7786	-16,3588
-10,2565	-28,4170
-38,5682	14,6399
-1,6054	-19,3080
-29,7210	-42,3762
0,2294	-15,2441
-48,4642	2,9744
-18,5136	-0,4336
-38,9611	-8,6256
8,3556	-21,8634
-52,1993	26,3053
-11,1740	-12,4922
-32,9315	-35,6254
-8,6184	34,9564
-38,1088	8,7416
-2,6543	11,6913
1,0160	16,8028
-11,6330	-3,2509
-4,4887	38,7575
-6,3898	30,8273
26,9026	-3,8409
-14,1233	8,9386
-6,4549	-11,3773
-42,4997	0,3538
19,1039	9,4628
-41,2547	0,7468
-23,3630	45,8355
-19,1687	9,9214
6,5862	-3,2505
-21,2003	41,5756
-4,7513	20,9970
-6,9133	-1,1534
7,1105	18,1793
11,4365	5,5962
-22,6429	22,2425
4,0965	8,6106
-8,7493	-37,3295
1,6710	14,9025
-45,0560	15,2952
-15,0406	-3,6444
-58,1631	-7,3143
-0,6884	-16,1615
-54,8867	32,5318
-37,1918	30,0407
-35,0289	-15,9646
2,9158	16,9999
-31,7520	28,5994
-15,8924	3,3682
27,6237	15,0993
4,8165	4,2857
31,4906	7,0383
13,3365	4,6788
32,9324	-12,1635
0,9505	27,6161
40,4689	-15,7686
-0,1635	-6,9210
44,0077	2,1881
-19,5620	-14,4582
24,3471	-20,9458
-10,3212	-4,4967
20,3490	-35,1016
-0,3597	8,6104
9,2734	-32,0220
17,5970	-35,4945
-10,3875	9,3970
18,8422	-19,7665
1,2123	-1,6127
19,3662	9,7905
-34,5045	8,0211
14,3202	25,9124
-29,9823	-1,1540
24,0193	-5,8721
-21,5937	24,1433
-4,9475	26,1743
-27,4917	13,0676
5,1449	27,5508
7,1765	0,8779
-5,6036	37,3158
-20,8725	-1,0885
-4,5552	-8,2967
-13,7951	35,5465
-32,1455	27,5507
19,6281	-2,5953
-31,4251	23,3570
-18,1203	24,6675
-33,1938	14,3783
11,3051	15,4923
-28,6718	-6,5930
15,2373	40,3305
-15,9576	5,0061
3,5062	-9,6735
-9,9278	8,8076
8,1592	8,6107
5,8005	-9,7393
1,2124	-14,9167
10,0602	-11,8363
-19,3004	12,8705
32,3425	-9,8052
-15,9583	-28,0238
27,0340	-17,2759
-27,2302	-1,4821
21,2014	-12,0988
-12,1566	-22,7811
15,3030	-17,2759
4,2932	8,4139
15,2369	-0,2370
-28,0812	-20,8806
20,6766	2,7126
0,0331	-2,5959
0,5570	5,7275
15,7618	1,0086
-12,3538	4,0894
-4,8819	33,1870
-12,5503	8,5457
8,8146	28,4034
-37,6505	48,9813
-10,1252	15,4926
-47,2187	26,0444
-11,1086	59,5981
-74,2850	9,9878
-15,1060	44,8533
-34,3737	66,0207
-22,8396	36,9887
-32,6694	64,5794
-7,8317	40,4619
-2,9161	28,7317
14,1882	60,7129
31,2936	48,7849
6,7829	25,3236
34,8329	38,2339
-5,2098	2,5168
35,0953	47,4086
7,8322	5,3341
36,6678	-9,4111
-0,3599	-16,4237
24,6092	-14,1959
-12,9428	-20,2251
1,6714	-45,8499
-15,8920	-31,3009
-13,2056	-8,9536
6,3245	-37,5929
-9,1426	-50,3065
7,1108	-35,6264
-32,5389	-38,4447
0,3607	-42,7700
-16,3516	-28,0897
-1,9331	-45,7191
-44,4007	-7,1182
-4,0958	-21,4054
-37,5193	-32,4803
-3,3752	2,7779
-57,9662	-9,0840
-13,8606	25,2571
-24,6741	32,3346
-13,7300	7,2351
-4,4233	46,4910
-15,2375	42,8208
7,1767	16,7382
-9,2081	47,2776
4,2276	42,8864
-14,1231	20,0146
15,1720	22,5051
-29,5237	3,1065
7,7665	26,1748
-28,0816	-1,0884
33,5219	-20,4208
-15,1058	15,4269
-3,0470	-20,0939
0,2956	-7,1175
17,4652	15,3610
-4,8162	-34,6430
6,6519	-8,2317
22,9711	-3,2516
20,9386	-42,4417
35,6847	-8,8218
-14,5817	-18,4561
6,1938	-12,2955
-11,7634	-20,8152
17,5968	-41,9829
-24,4774	-2,5959
13,1402	-24,0265
-46,9559	-27,2372
1,3438	-2,0714
-26,7054	6,0547
-3,5060	-18,5210
-11,9600	-3,0543
2,9817	10,8390
-3,0471	13,3950
-0,6228	-0,4332
21,0701	-19,3726
4,3578	20,0143
21,3324	-15,4412
6,1275	-39,8198
10,7155	0,8121
-7,5030	-7,9045
50,4955	-45,2598
-2,7847	-21,1426
21,2014	-38,6405
-17,7919	2,6471
33,6531	-11,6403
2,8516	-30,8415
33,1942	29,7133
3,7036	-0,3023
14,7132	-7,8383
39,8135	9,5940
9,7321	0,5501
29,0657	21,1939
-14,5815	-13,6713
31,1629	-12,6220
-12,5498	35,3496
28,8035	8,1522
-16,2196	2,2543
20,3494	13,5917
-13,9257	-1,1538
22,3810	18,6382
-3,8331	11,5598
20,6113	-7,3142
34,0466	16,3441
26,9023	2,3848
31,0976	-12,3605
15,6960	-17,0136
47,7435	-32,8731
10,9119	-1,6126
34,0467	-6,0037
27,4928	-22,1910
43,2869	11,8220
-0,5563	-9,6740
26,7066	-8,9528
3,5071	8,5449
33,0635	-20,0942
15,3033	14,9677
21,2668	-12,6234
36,0126	-30,0552
7,3729	12,8704
24,3474	-5,2832
11,5669	-25,1400
4,8830	4,4164
-16,9409	-18,7832
22,3152	-12,4915
-26,2472	-26,3198
11,0427	-10,2632
-36,6017	16,6716
10,9116	-22,1911
-38,8956	-21,3387
-24,2810	9,3973
-31,8829	6,5792
-5,8655	5,0065
-16,7441	3,3028
-3,4409	3,6960
-14,7122	47,5393
-4,6202	29,0581
19,3663	4,4825
-16,9410	29,1894
27,4274	23,0945
-7,5039	13,5918
21,7912	18,3761
-10,1251	-13,9332
6,0625	23,6845
-21,5281	21,4556
36,4053	-6,1999
-37,7156	19,1622
-7,5691	20,1450
-17,0059	16,8029
28,4753	13,7883
7,2421	12,5431
-3,3750	22,8977
32,5391	-1,3503
-10,7805	-1,9399
11,1747	14,9027
10,2566	4,9409
34,5049	-2,5953
-8,0277	4,6134
30,9004	9,7909
-28,2127	29,9099
13,5336	3,0403
-7,6343	-8,2971
1,3437	33,3179
-4,8817	7,1033
21,2664	-2,5303
-0,1632	-3,9720
-0,9502	7,6932
15,1067	-1,0233
5,7344	-22,8466
31,4252	-40,4756
11,7638	-10,2637
37,4544	-38,0515
10,9121	-49,1263
29,3935	-14,7862
-7,9618	-40,1488
35,0951	-47,0296
-18,9064	-39,4277
4,3587	-53,0588
-3,9640	13,9186
16,2201	-6,5946
-1,1462	-46,8985
25,7225	-21,6666
9,1427	-20,2252
9,0762	-4,3654
-4,2268	-7,5112
-20,6767	-31,6935
6,3244	2,3196
-40,0097	-8,6253
10,3222	-43,2277
-32,3421	23,6843
-11,8290	-5,0209
-25,3292	3,9580
3,6371	15,6885
-4,3576	-21,6664
14,8436	27,0268
-0,0321	20,4070
13,9265	-29,6617
21,4639	22,8980
17,0725	-10,5258
53,9699	-27,6302
20,9391	-37,0674
59,1473	-26,3194
12,5509	-12,9502
58,6229	5,9237
10,5849	-23,5673
37,1925	10,7079
-3,1774	-6,9871
37,7165	-24,2879
-17,6610	4,4819
28,0170	-10,7880
-10,4523	-8,4940
-0,0981	-2,8582
-2,5878	-10,9190
0,6228	33,5799
30,6387	12,5425
12,0259	-23,1738
31,0973	30,1066
-5,7342	-3,9722
27,2965	-20,6175
-10,1903	5,7931
31,1630	0,5504
-25,3287	59,3357
32,6704	11,7563
10,9127	-17,5371
25,3957	34,4325
26,4448	27,2231
52,9205	23,5533
59,5401	22,1770
36,4710	-3,2508
49,7101	16,2133
23,6262	7,3001
61,8995	-21,2076
27,8203	-5,4791
51,4137	0,7463
-0,2941	1,1398
44,2702	-0,3022
-1,5394	-19,1763
35,7503	40,3299
-13,7945	3,8262
15,7618	-12,4261
-15,1052	11,9531
0,3605	-20,6183
-0,0975	-13,3432
9,4043	9,1353
25,1989	6,2517
-17,6618	2,7128
36,9298	-1,6126
-18,7107	-3,2505
18,1214	28,2062
10,3220	4,8099
35,6845	-2,9230
-14,5812	3,5650
31,8836	-10,7877
-16,2195	5,6621
5,6694	-10,0014
10,8471	-15,8337
34,9633	30,7618
-18,1853	-8,8223
25,4609	-25,3365
35,8159	-23,3707
6,0617	-28,8102
16,5485	-17,6035
8,8146	-15,7034
22,3152	-45,7184
-31,0310	-9,6740
21,2012	-28,1555
-28,8029	-33,4636
13,6643	-17,2110
-26,5745	-47,5543
-1,6714	-44,0151
-34,4388	-52,0763
-11,8296	-72,8506
-21,0697	-31,4322
-30,9006	-49,3238
-18,0549	-78,0278
-21,0704	3,4985
-7,3070	-17,6044
-20,6772	-27,6963
9,2079	-15,6376
-28,0168	-20,3560
1,6059	6,3173
-38,1744	-10,3289
28,4758	0,8780
-8,0934	23,2256
8,4874	18,8348
7,3737	7,3659
21,3323	14,7059
23,6923	2,9754
41,3862	36,5294
33,7192	15,2954
37,5194	-0,6293
11,7647	44,0005
3,5064	19,8829
23,2987	-3,4472
-13,9918	21,7187
10,6499	28,4030
-32,7350	38,2991
10,1252	23,0948
-48,9880	27,0927
6,1276	73,1641
-42,1726	25,1264
-37,5193	22,1776
-30,1134	47,3433
1,3430	44,5907
-31,6209	35,7434
-4,1618	35,2190
7,1761	15,3616
-11,3054	29,3209
10,7807	0,1572
-15,8275	16,0172
2,9164	20,5386
-39,0923	18,6380
9,8631	5,9243
-49,5123	13,5916
-15,9581	-5,8723
-55,1482	35,2841
-9,1425	3,3024
-41,0581	-11,4426
-13,7301	21,5871
-12,7467	10,1839
-25,7230	27,6822
-10,3870	13,7228
-1,5403	-9,1489
10,4534	21,7840
2,3267	18,7036
23,4953	5,7275
0,4918	15,3611
38,8960	14,6403
-26,6394	3,2373
48,5299	17,7208
1,2130	2,7129
11,3710	35,7433
11,3060	25,4540
16,8758	26,1098
15,4347	70,3460
32,4730	44,9180
30,9663	24,6025
14,3197	33,1222
36,6024	21,7843
0,0983	49,0472
36,9300	29,3860
-3,1783	5,0727
34,7673	37,7746
-18,9066	1,4018
9,7328	-11,3771
-25,1977	-1,6128
28,1482	-22,7151
-10,4524	19,4241
34,4393	-3,2514
17,0071	-42,7034
8,8804	13,5261
18,5804	-13,8683
31,0313	-15,7684
40,4690	7,7591
20,2179	-3,3170
34,3745	-1,5470
-7,7656	0,8119
48,3990	-22,9769
-7,0447	26,2403
30,3764	9,9215
-29,0646	4,3516
18,7112	20,7355
-11,6975	23,4225
20,0869	52,9791
-6,5199	27,1580
3,1786	23,7506
12,6164	68,1835
15,9579	41,8379
28,7380	25,8478
5,0133	40,3964
15,7619	27,0926
-7,0450	34,1706
44,5319	27,8133
-9,9943	4,3516
6,7179	36,3331
-32,6691	13,1327
22,0531	-7,0519
-20,1519	4,4821
-9,0109	-14,5891
-6,8478	-27,8273
-2,0644	-13,2131
-5,6684	-30,3179
-26,7713	-19,8323
6,9147	-43,0324
5,2098	-53,5830
14,0578	-31,0390
-24,2812	-25,2721
11,6329	-51,4863
-29,7205	-66,1660
17,3344	-28,6792
-40,2717	-16,3592
19,1696	-48,7336
-22,8391	-45,1941
-14,9748	-10,5259
-10,9111	-8,1012
10,9115	-17,2760
-10,3869	1,5984
0,4914	-4,1031
-3,7680	16,7374
-19,3006	12,4775
21,3976	-4,8891
-9,5360	32,0730
-1,9334	16,8030
-30,1793	-5,2164
1,9987	31,9424
-42,7621	47,2118
-5,6690	23,3568
-40,6648	16,7377
-5,6035	-13,4738
-35,2252	43,5419
-7,0451	7,6277
-4,4236	-0,8259
-31,1625	13,7883
-0,2289	-10,6567
-12,6816	-16,4236
11,5672	-12,3606
-28,4103	-22,1909
-2,5883	-6,7244
-31,3593	-7,7078
-9,6666	-19,8316
-52,0681	19,2930
-7,7005	-4,0377
-47,3498	1,5331
-11,7639	8,8730
-59,6703	0,2224
-15,0407	25,4536
-44,2038	14,9679
-8,7493	8,2835
-24,2809	34,4977
-9,7980	29,6478
-0,8845	0,1572
-35,8158	32,0074
0,6229	5,5963
-41,9760	26,5679
-14,9092	-12,6225
-40,7961	-19,0447
-7,5697	30,6310
-68,2556	4,7441
-16,9411	-3,6442
-45,1213	13,9848
-9,7324	-9,9358
-31,8831	30,8273
-19,4314	-11,3778
-15,4332	-26,1230
0,0982	17,1960
15,7619	-4,8901
8,6179	-37,6575
28,6724	-23,7638
-17,2029	-26,5821
38,5028	-16,6204
-15,4334	-9,0187
27,0338	-37,1331
-20,3484	-0,2366
3,9652	-23,0434
-25,0667	-16,4237
16,1547	3,3676
-9,7316	-20,1597
-10,2563	-14,9822
-23,8872	-4,8243
-15,8924	-25,2713
-13,4015	27,0915
-13,5991	-28,8761
9,2079	-23,3704
-32,4079	11,1665
7,5040	-17,0793
-21,8568	10,1182
-4,5548	2,6472
-45,1868	1,2055
4,0959	35,5461
-42,2376	19,4242
-5,3410	16,3445
-25,0015	43,6070
10,1251	8,8075
-12,2875	22,7014
-2,1301	26,3056
15,1721	-5,5448
-9,9289	30,8933
25,6579	27,0261
9,1420	-17,4723
14,4512	14,1161
-12,1565	7,2343
43,1561	-4,0376
1,0164	-5,8727
38,3062	-2,7924
0,6889	4,2197
14,7133	7,9550
-3,5708	-14,7854
15,2375	20,0140
0,5580	9,3970
19,3005	-2,3990
17,9245	8,5454
11,7636	15,5576
25,9198	6,6448
-17,7275	-4,3650
32,2116	-23,8291
-12,2225	9,3321
32,2116	20,2102
-3,0472	-19,5696
27,0997	-14,1955
-16,4816	-14,3922
36,0126	13,0669
-1,6048	-5,5453
39,0926	-35,6257
10,7159	8,4794
25,3301	-18,0629
11,0438	-27,3031
26,8374	-18,5869
45,5811	-16,9486
28,4100	-32,4151
23,9544	-35,2333
33,4566	-50,6338
48,0712	-11,8368
22,4467	-37,5272
55,0179	-41,4589
-1,9982	-11,3127
17,4005	-20,4222
-7,9616	-20,5529
22,0530	-12,2955
-12,8114	-25,3368
-6,4550	3,3023
-13,0735	-0,6300
28,1477	-17,2101
24,2813	25,2572
-7,8312	4,1541
23,2332	-2,3986
13,9923	22,3079
52,7241	-11,2462
-3,6369	26,0439
21,7262	23,6839
3,1138	-4,3648
43,1561	21,3249
8,2256	4,2858
36,4715	-18,2586
0,2305	-14,5885
46,8261	-2,5955
34,8988	10,2492
26,0511	16,3439
29,0664	-29,9243
13,7957	7,6935
46,6954	2,4500
10,3222	-29,2689
36,2748	6,7101
-6,8480	-35,8226
31,0976	-10,1323
2,4581	-13,7370
24,1506	-8,6252
3,5725	13,3949
19,5632	13,7223
16,8110	-25,4678
54,2312	4,2858
17,4665	20,6692
23,7576	11,4289
59,8027	5,4651
40,9932	-15,3094
84,5752	29,9756
29,2620	5,9892
54,4290	-10,0009
13,4028	22,8976
58,2954	9,3317
3,9660	22,5699
50,2343	19,5551
35,0299	-17,5377
45,1876	17,1963
-0,3592	21,8492
55,2147	1,6641
8,2911	16,3445
17,0728	7,8247
24,8063	38,4301
30,8348	27,6164
41,7798	-5,3476
-5,9965	39,2823
19,0391	19,2279
0,8193	10,2500
26,8374	44,4594
-8,8800	11,5602
5,2106	10,8398
-11,9598	23,9465
16,2203	16,8686
-29,1304	14,9679
-2,8507	1,2055
-12,9429	-4,2994
-9,0769	13,3295
-9,4694	2,2538
-2,0647	-6,9210
8,2904	10,7735
-19,7591	-16,8168
11,0429	7,8901
-20,0870	12,8705
12,6812	-16,2925
-33,2595	11,4948
2,3267	13,7880
-30,5725	0,6157
-0,3608	20,9315
-49,2500	-3,5789
-13,0092	-25,8611
-38,1089	-29,1378
-27,8208	-26,4507
-35,6842	28,6642
-47,6780	-31,4980
-26,7714	-50,4370
-46,9574	-7,0525
-28,3441	-22,6504
-42,6973	-15,5722
-10,8462	-19,1767
-23,6916	-29,5967
-3,5064	10,7734
-57,5077	-14,3272
27,0993	-23,1740
-9,8634	-3,7755
-29,3273	-4,9553
-37,7805	-11,2466
12,6811	2,3195
-7,8964	-15,2441
8,8801	41,9684
5,0140	7,5618
17,0720	-19,5037
24,3471	15,6232
-18,9074	6,2514
6,6526	-8,2974
-35,1598	-8,1009
14,9754	-21,1425
-17,9895	-15,3099
-5,3411	-23,1089
-34,2420	-53,6483
12,4846	-12,9508
-36,6671	-25,3374
-23,9532	-30,9733
-31,2274	-14,5895
-11,1084	-45,3256
-11,2393	-14,2615
-9,7326	-32,0222
-15,2370	-39,8855
-35,0294	-0,1714
-7,8316	-16,5553
-46,6947	-20,4216
-13,1401	7,1036
-47,3498	0,3533
-0,3606	17,8517
-40,2062	7,1037
-11,0428	7,2353
-20,8070	46,7530
19,5623	30,8280
-7,8964	23,3570
9,2080	30,4349
20,6775	38,8235
18,9730	36,0054
55,6736	20,8664
39,0267	-6,7892
55,8703	35,8744
39,8136	6,0552
62,8169	3,1720
34,8332	13,5264
59,1470	-3,7097
23,4300	0,0261
49,7098	-0,4330
0,6237	9,3320
45,3190	14,4436
9,7989	6,9069
51,8722	-13,8021
36,3408	-0,6295
45,3842	3,3025
57,7054	11,5601
32,3425	-6,7246
56,9847	-19,5039
30,3110	-9,5427
64,3901	-12,0989
29,9831	-48,2745
44,4015	-29,6623
-6,3232	-8,4948
48,5959	-44,6050
-13,5323	-37,0025
40,9280	-33,5950
-1,2768	-34,3813
40,4691	-40,2795
32,9983	-31,9563
30,2452	-7,9703
31,3600	-20,0292
18,7109	-43,6213
55,8046	0,2874
11,8293	-24,4196
33,5226	-18,3244
10,1910	-19,9631
15,6966	-29,8586
-6,4544	7,2345
27,6893	-3,1206
-15,8915	-27,1718
32,4081	-18,0623
-11,7629	1,2704
19,5629	-12,4263
-4,5540	9,0690
17,2035	-29,4002
17,7279	1,4672
-16,1546	-32,7427
27,0996	-27,8269
-11,3706	-19,6352
16,3515	-28,3514
-16,9413	-10,0668
2,9821	5,5959
-25,6576	-11,6396
-13,2710	3,4991
-63,1436	11,2977
-5,5378	-10,7218
-32,8009	39,8061
-13,2057	15,9508
-53,4442	11,2326
-9,2081	8,6766
-26,1815	3,6961
-29,2622	34,7598
5,6689	3,3679
-30,1801	-18,7171
-6,3244	25,1918
-34,4398	20,5382
-14,6474	-11,1151
-50,8890	20,7353
-20,3489	3,1715
-54,4273	33,3180
3,1786	7,4314
-26,7714	0,6815
-13,4020	48,1948
-11,8944	26,1089
-7,6352	13,3955
-10,3213	15,8201
12,3531	11,0362
10,6497	50,2920
-21,8564	18,7033
29,9830	-8,7556
-14,4511	34,9566
1,7372	6,2515
-19,1689	-6,5275
24,8056	15,0990
-23,7563	-17,0136
18,1210	-9,8700
-47,2177	4,6785
22,0531	-1,6782
-3,2435	9,6593
17,2033	-1,9406
9,7983	-14,2611
17,4651	15,5577
14,5821	7,8898
0,6225	-10,1980
20,0871	-11,5742
-10,9119	-27,4993
-2,8503	8,6762
-20,2830	-20,3562
21,5288	-39,2957
-9,7321	-5,2827
7,0454	2,7778
-15,6300	-26,7132
-2,1953	-23,6328
-27,3606	-14,7201
2,8508	5,5302
0,7542	-41,5901
-6,1278	-25,7955
17,7280	-5,6765
-1,8026	-18,9147
16,8104	-34,3810
-7,6351	-13,9338
27,4927	-30,1211
-6,3243	-3,5134
49,1849	-3,7759
-33,0628	-27,8273
5,9971	-15,2444
-25,9844	-21,1427
21,6598	-18,8490
-21,3972	-20,9463
3,2443	-44,8011
3,1133	-12,4265
-10,9775	-15,1796
-19,7586	-50,2406
-7,1763	-13,0164
15,5649	-29,8595
-23,6261	-43,9491
-1,2777	-37,1991
-18,9075	-19,0458
-6,9795	-19,7010
-26,9682	-38,2478
-17,5964	-47,6843
-46,9561	18,8340
-6,7173	-17,4731
-21,6593	-44,0798
-5,8655	-0,3021
-31,8829	-4,4965
-8,0936	-4,8239
-1,5396	-2,1371
-6,8488	-20,3556
-0,8845	29,1237
-29,9829	-1,7439
-10,3217	-24,9428
-30,3760	28,9274
10,4529	17,1308
-65,6999	17,3931
9,8635	27,1579
-44,4660	17,7863
0,0985	31,2868
-20,2175	29,2549
14,7784	9,3980
-9,4693	46,0976
20,8733	37,3158
17,6625	25,2574
14,9752	14,4440
13,9270	12,4781
11,3052	33,2528
24,3473	32,6628
3,4410	12,5435
39,5515	18,5729
-10,9772	10,5772
10,6504	4,6793
-18,5133	17,5894
35,6846	-2,9887
-13,9258	9,0042
25,9198	-0,0399
-5,4060	-7,6418
24,7400	18,7689
-6,5198	8,1518
18,6454	-12,8848
26,5100	-0,3018
17,8585	-9,9360
20,4150	6,5794
-11,5670	4,3505
30,4418	-29,0722
-18,7108	2,3195
3,8998	-10,3294
-25,5919	-14,1956
18,3827	0,8120
-33,1942	-20,6181
-21,3319	18,1136
-39,8128	-5,8076
11,5012	-27,3024
-28,4097	13,7882
-12,4193	-7,5768
5,7346	-20,1592
2,4572	20,4070
1,2129	-7,8390
-1,9334	-4,2998
22,5123	-12,4921
2,7199	-29,5310
42,5005	-6,4625
-7,6344	4,6783
39,0275	-11,3122
-5,4716	30,1065
31,6219	6,4478
9,0775	-3,1854
42,8938	21,0626
15,8276	13,9850
29,5245	26,3054
9,0777	-9,7392
29,4589	-14,1297
42,3041	33,7112
7,7661	-11,5089
32,2774	-29,3339
2,5232	0,2223
28,0170	-6,5279
-2,7197	10,9700
23,4947	-25,6648
-35,6840	-23,1082
-12,2876	0,7462
-31,6209	-25,2059
-17,9241	-19,0454
-23,8220	-6,7907
-11,2397	-32,7428
-22,8390	-6,0040
-33,9152	-14,3274
-16,1542	-33,3981
-18,0558	-21,9948
-9,2735	-17,6041
-56,8530	-38,7062
-26,2469	-14,0648
-67,2731	-11,2468
-39,0923	4,8751
-68,5181	2,0568
-34,5051	-15,2442
-75,7268	13,1329
-33,3255	14,7709
-47,5465	-35,1668
-16,9416	17,7861
-33,9150	6,5134
-20,1524	-6,6590
14,8439	3,4990
-21,7911	-19,0454
6,6524	9,5282
-4,2271	-17,9971
34,3085	-37,2643
-2,4575	-11,4434
23,8883	-16,4242
5,0795	-32,6115
38,8306	-15,7033
-15,7607	-40,4758
36,2091	8,4141
-14,8430	-26,6482
24,8713	-42,5068
9,4052	15,0332
14,1887	-5,0210
23,1676	-7,3143
-16,2200	-22,5842
30,1798	-11,7704
-10,3220	26,6334
17,4659	1,0743
-1,7367	-1,6121
29,9832	17,4587
-13,9260	27,2889
19,6286	12,4780
7,1114	36,3986
39,3546	20,9318
-2,8498	47,5394
19,9563	15,2299
18,5149	-8,1003
31,6869	20,3419
17,0729	-14,3924
8,8806	-23,1081
38,3718	3,4334
5,0134	-27,4339
21,4634	0,8120
-35,4875	-21,1427
20,2837	-39,9509
-31,8177	12,4775
7,5697	-5,6764
-52,0025	-31,0382
-6,7825	3,1059
-24,9362	5,2027
-4,6859	-5,2175
-32,1448	0,1565
13,9914	-17,8002
-15,6302	-5,9382
-18,0555	-30,1864
0,0984	-2,7268
-15,1720	0,8774
14,7783	-20,2906
-19,3662	-5,8724
21,5287	-11,3777
-18,4485	-32,9387
15,3684	-14,1300
-26,5744	-7,2491
23,7570	-26,9097
-29,3922	16,7372
1,6062	-8,5598
-17,5299	21,3901
34,9636	9,1348
-4,3574	-7,8385
37,8473	11,9533
32,3425	18,3756
20,8733	-13,8676
36,6681	32,6629
16,1549	17,2616
33,0636	5,9243
-0,2290	16,9999
31,4253	-1,7435
0,6229	25,7163
6,9802	28,0748
-2,7190	-2,6608
23,6915	30,1726
-17,2678	27,2231
37,1917	24,0121
15,3033	13,3297
29,6550	-0,5636
5,9318	20,1459
30,3107	24,9293
43,2214	-1,6120
17,4001	37,8402
33,8500	17,5240
17,0726	6,3831
52,9208	37,9712
-6,4547	16,0166
41,1903	11,6258
6,3906	10,5772
29,6558	9,3319
12,9444	15,8852
29,6554	3,8920
9,9953	-20,8803
20,6115	-15,5067
31,4252	-17,9970
25,5920	-24,0920
18,7769	-35,5609
-4,6200	-68,3282
24,6096	-12,1643
-2,9162	-40,8039
23,5604	-37,0677
-52,5921	-8,0358
22,9052	-34,2498
-49,0536	7,0380
-5,3410	0,8771
-30,0482	2,7126
-22,6430	26,5675
-32,9968	11,2974
0,0321	-14,5886
-23,1013	14,5093
-15,8274	11,2977
-13,9917	4,3512
-26,7063	10,5771
2,6545	-0,3671
-22,1186	28,8617
10,6498	19,6210
-17,7273	0,6816
33,1286	28,0756
-26,1157	36,2670
12,4195	23,6189
-17,0059	26,2404
-8,8142	4,2203
-19,2339	38,2991
10,3875	3,8269
13,9267	-14,5881
-3,3097	30,8280
18,4487	19,2931
-4,8830	-13,0810
-10,6491	16,0824
-16,2861	-7,7729
-9,9286	25,9127
-38,7647	11,1666
3,7027	-12,8189
-47,2843	15,8857
-3,2440	-2,3991
-45,9079	5,0069
13,2055	25,1916
-36,6014	17,9823
-3,5060	20,2107
-14,6466	-1,6782
16,6790	3,7615
7,9632	12,6742
15,0405	1,7294
27,4927	-9,4767
5,2755	1,3367