-69,9064	-48,2860
-65,9087	-37,9963
-77,1153	-12,5685
-57,0613	-34,5231
-54,3087	-27,0519
-48,6730	-19,5812
-52,7359	-63,6207
-27,1119	0,6045
-64,2052	-16,1735
-59,4207	-32,4914
-41,3332	-31,5738
-55,4236	-39,2413
-58,0448	-25,1510
-81,6377	-14,9931
-61,9112	-37,0783
-69,3823	2,3088
-86,4871	6,5684
-63,6801	3,0952
-49,6558	0,6049
-59,0928	7,1584
-45,2648	-6,4072
-27,0458	23,5424
-34,4517	-20,1700
-24,0966	17,3166
-40,2187	0,2111
-18,4607	-31,7699
-14,1355	-7,3250
-35,1724	-10,4714
-18,9195	-23,2505
-37,3351	-18,4012
-40,0873	-29,6732
-47,2962	-18,7289
-42,5774	-30,8531
-37,0728	-61,5239
-33,7302	-30,1975
-20,4922	-55,0360
-45,9199	-41,0768
-35,3032	-39,0455
-25,6694	-54,0531
-30,4540	-52,2835
-20,7544	-48,8758
-25,9975	-82,8231
-32,3543	-42,4530
-55,2264	-46,1890
-43,2329	-63,6212
-36,8764	-22,3338
-47,7553	-64,9324
-86,3557	-63,8830
-58,9616	-28,2320
-55,8817	-64,6046
-75,7393	-37,9310
-84,3241	-39,7665
-54,9645	-62,6383
-65,3192	-47,9582
-51,4260	-65,0635
-73,0527	-84,7237
-76,1984	-55,4297
-68,1375	-93,7027
-88,9124	-73,5830
-85,8320	-67,6854
-95,6624	-108,4484
-73,5113	-95,7997
-77,8366	-97,4387
-64,2053	-85,5764
-89,1741	-95,9969
-75,2148	-126,5363
-58,6344	-88,7879
-65,5811	-107,2039
-45,6580	-130,3377
-33,7964	-108,9077
-38,5146	-138,1371
-28,1602	-144,8869
-40,7429	-118,1487
-51,8840	-143,4457
-39,2355	-144,9525
-47,2967	-133,2874
-60,9935	-141,2171
-81,1128	-123,9155
-65,5811	-126,8648
-83,0791	-124,7672
-77,5086	-82,6937
-52,9984	-115,6581
-73,3801	-108,7110
-66,8263	-97,1113
-57,2583	-102,7473
-54,0469	-113,9539
-49,5907	-107,4659
-42,1195	-112,9054
-65,1226	-110,0219
-34,5828	-134,4668
-73,9045	-124,9640
-42,5781	-101,7649
-67,4166	-157,7978
-82,9483	-129,6172
-88,7810	-144,5599
-74,8220	-151,1132
-114,6678	-135,3849
-82,6208	-163,8929
-90,2887	-144,1666
-92,7792	-136,3683
-101,9540	-169,5294
-73,2498	-167,2355
-78,2961	-173,5275
-96,9740	-201,9696
-103,7239	-165,5321
-110,8673	-211,7351
-99,2675	-204,7222
-108,9669	-186,1763
-113,8167	-237,8836
-141,5382	-205,2466
-134,8538	-190,3050
-141,4074	-212,1282
-152,4832	-198,0379
-153,4661	-197,5140
-161,6583	-207,1476
-136,5582	-207,0820
-141,3426	-215,6671
-130,2669	-185,9137
-147,4374	-198,1696
-116,9630	-248,5002
-120,5677	-187,2245
-148,0269	-220,0584
-152,8759	-216,7160
-120,3049	-200,3980
-143,5699	-255,4477
-141,4727	-221,1726
-137,6058	-210,7530
-108,0495	-267,1793
-123,4502	-254,2682
-124,8922	-226,6782
-106,2141	-260,2326
-95,5980	-236,1809
-110,0156	-261,8054
-123,0574	-231,2656
-116,1759	-267,9001
-132,4947	-264,2951
-136,1643	-226,1536
-144,4219	-229,8239
-110,0158	-251,8433
-147,1090	-204,9856
-121,9432	-244,4382
-160,1507	-238,0805
-147,4366	-222,2215
-145,2084	-236,2460
-126,5310	-224,0565
-122,9922	-238,8678
-131,1188	-266,8511
-135,3128	-237,9504
-120,6334	-254,9243
-129,2840	-267,5072
-159,6271	-266,8520
-149,0756	-294,9015
-154,9743	-266,9176
-175,1590	-281,8604
-182,9578	-323,8029
-174,1107	-296,1467
-186,7592	-296,4095
-195,9997	-318,1670
-199,8006	-289,5936
-191,4124	-337,5004
-194,7546	-322,4266
-200,6532	-291,6910
-206,2236	-327,8011
-191,2816	-317,3153
-191,2818	-334,0923
-210,5494	-323,0824
-211,0734	-308,7302
-202,4227	-347,7895
-203,7335	-322,1647
-230,8649	-327,7360
-189,5775	-353,9497
-212,1874	-315,0874
-204,5194	-334,8795
-211,6629	-343,7924
-201,5707	-345,1687
-205,0438	-355,6546
-215,2021	-336,5181
-204,8471	-336,0599
-186,7598	-392,2892
-187,8738	-375,5119
-194,0341	-360,9633
-181,3859	-381,2793
-216,3163	-376,8229
-194,2306	-402,7752
-223,2629	-383,6385
-206,1583	-364,6993
-228,6371	-413,7198
-215,3333	-388,6193
-234,7320	-362,6021
-224,4427	-390,6515
-209,6319	-378,0027
-225,5570	-390,1271
-200,1290	-390,7165
-202,2264	-381,0831
-207,3382	-422,5013
-207,0104	-377,0193
-196,1973	-357,4252
-242,2688	-416,1447
-212,9741	-394,3211
-234,2080	-418,4384
-225,3607	-377,7405
-261,6018	-376,8890
-230,8000	-418,2420
-242,5965	-395,3040
-244,1694	-377,0200
-220,9041	-388,3575
-240,2373	-394,4521
-209,1729	-393,9935
-215,5303	-389,2747
-196,7211	-360,5704
-190,2990	-398,8429
-182,8931	-370,4657
-196,8522	-365,1577
-178,6331	-384,8179
-197,3108	-339,5983
-191,2157	-381,0172
-207,2064	-375,9046
-198,2934	-334,8142
-208,9760	-363,6501
-212,2528	-355,9165
-208,5173	-367,3856
-216,3163	-386,1939
-201,3086	-343,5959
-206,0930	-365,3542
-211,6635	-352,9673
-228,2439	-338,4187
-195,0171	-370,5313
-204,1925	-345,8893
-186,6941	-333,8313
-194,9516	-359,0619
-179,0919	-320,3958
-200,9151	-339,6636
-202,2912	-334,9445
-203,6017	-298,2447
-194,6236	-304,7330
-198,0967	-326,4902
-192,5264	-294,1156
-175,3560	-323,4756
-172,4726	-290,8383
-152,2874	-299,0309
-175,8806	-300,2754
-178,6980	-272,7506
-151,8285	-287,9549
-135,3790	-292,8696
-148,8138	-263,5098
-135,9030	-292,4763
-172,2752	-255,6452
-139,1138	-270,8495
-156,4810	-260,1014
-156,7429	-242,5381
-156,2841	-263,5094
-148,6166	-251,8439
-131,1186	-245,1593
-143,1118	-258,5943
-144,8157	-263,2470
-146,7161	-252,6959
-120,8299	-292,1482
-156,4815	-241,0304
-158,7748	-264,8203
-136,3619	-268,6861
-142,5225	-227,0058
-170,9649	-250,9263
-167,8845	-217,7647
-187,2175	-235,0010
-160,0203	-218,6820
-184,8582	-185,9800
-176,8628	-204,4612
-163,2310	-221,4344
-138,5899	-193,8440
-139,6384	-193,9751
-144,0291	-196,7930
-105,8873	-203,7397
-132,8225	-223,4003
-100,8407	-216,3878
-113,9480	-225,1044
-108,3773	-207,2782
-118,0763	-191,7469
-117,0934	-217,4368
-139,0477	-206,6230
-108,9668	-161,0105
-130,5282	-213,1770
-112,5057	-189,3214
-128,6276	-175,3625
-107,9182	-178,2461
-92,3862	-160,4201
-99,8575	-179,8842
-66,2373	-149,0821
-66,4343	-151,1795
-100,5125	-169,5944
-86,1597	-155,2421
-72,5286	-146,4605
-86,0942	-151,9650
-82,2931	-129,6176
-93,7616	-160,7470
-62,5014	-128,5029
-101,6917	-119,5249
-93,8274	-148,2290
-96,9732	-105,2373
-117,8791	-80,7274
-81,3100	-96,5867
-77,9027	-84,2005
-82,0968	-88,4604
-88,1264	-101,8950
-85,0459	-92,9824
-112,8986	-136,4980
-64,4020	-109,6282
-89,6336	-89,7718
-72,2008	-151,9648
-96,1214	-118,4103
-87,0118	-141,0862
-106,3447	-134,1388
-73,7735	-98,0946
-67,1545	-139,8409
-99,2669	-118,4101
-55,6198	-97,8981
-54,4406	-124,8986
-48,6732	-105,7622
-60,6664	-114,0852
-51,7531	-130,9279
-47,4936	-101,3060
-46,7072	-160,9434
-70,8243	-124,8984
-78,0331	-97,3085
-69,0547	-147,5743
-74,0358	-105,2379
-93,0408	-118,2145
-86,6186	-138,7266
-99,3979	-119,2626
-84,9803	-136,6950
-91,5993	-110,5461
-94,2864	-96,0631
-76,9193	-131,0587
-77,8372	-99,9946
-90,2231	-93,8346
-79,4753	-110,7423
-51,4918	-79,5476
-88,5195	-107,5312
-64,7953	-94,1615
-85,1770	-82,3656
-73,4459	-92,8508
-91,0749	-67,0297
-72,2660	-99,0112
-107,6552	-61,7864
-64,2703	-44,8132
-73,2489	-57,7235
-74,1006	-52,0872
-52,6048	-36,2278
-28,3569	-76,7288
-44,6753	-57,5917
-46,4447	-45,9270
-53,9813	-63,6213
-50,6388	-41,8634
-30,6506	-49,7279
-72,6588	-58,3128
-48,8036	-30,6569
-45,8545	-62,0484
-44,2818	-28,5596
-53,5221	-20,7612
-41,0705	-50,3830
-45,4612	-23,5133
-34,6483	-41,2738
-53,3911	-57,2640
-25,9976	-31,2466
-57,2580	-37,0795
-51,4255	-56,8054
-50,9013	-40,6837
-57,5861	-60,8031
-45,9862	-42,7151
-55,0304	-33,8681
-63,6806	-61,1963
-56,9306	-55,7565
-66,6951	-35,7028
-55,6852	-29,8701
-62,4353	-30,5910
-66,1052	-41,1423
-63,0253	-34,1297
-88,6494	-27,8383
-58,6343	-34,1954
-56,9307	-35,2438
-63,1568	-47,2371
-77,0501	-34,3263
-62,5015	-33,9990
-56,4067	-58,3780
-67,2855	-26,2002
-70,3000	-55,6915
-63,0252	-61,3927
-43,0369	-34,3265
-63,5493	-54,0533
-63,8113	-51,1692
-61,0586	-22,1372
-31,6985	-55,9536
-18,9846	-35,8339
-17,8706	-33,1474
-27,1764	-55,2982
-13,2827	-38,0623
32,3954	-46,1888
9,7854	-54,7741
-3,9111	-46,5164
-14,4623	-63,2939
4,4776	-66,2424
-2,2070	-46,8443
-19,5086	-83,2163
-12,2337	-46,3191
-14,3967	-16,9600
-15,2487	-39,1107
-15,7730	-22,7265
-25,2099	-26,5278
-16,6907	-9,0951
-30,7150	-10,0127
-19,3119	-32,1636
-9,8094	-20,2360
-18,4604	-14,1412
5,0018	-29,1487
-20,6234	-18,1388
12,7348	-22,3332
-24,9484	-12,0438
-4,3046	-23,8407
-38,3831	-35,7677
-27,7006	-9,0949
-44,4777	-13,0932
-9,7440	-35,5059
-18,3946	-5,0321
-26,7835	-43,5018
-27,8317	-51,1689
-35,1066	-37,7342
-16,9529	-40,3558
-26,6528	-33,9330
-35,0407	-17,0249
-7,3196	-37,6030
-15,8390	-14,8620
-24,2932	-36,6200
-19,8364	-26,5925
-39,2349	-17,9422
-29,5354	-19,7771
-14,0691	-21,9399
-19,6399	-21,2188
-13,2827	-23,6437
-18,1326	-15,0586
-29,3390	-14,6657
-20,8196	-40,2243
-10,7272	-5,0319
-32,1575	-48,1546
-7,2539	-31,3773
-32,1579	-44,0916
-29,2083	-85,8376
-44,0197	-62,1136
-25,2764	-56,3468
-51,1630	-61,1964
-23,9656	-56,6091
-51,6872	-66,8324
-32,8129	-40,2903
-41,1358	-41,0771
-52,2112	-67,2910
-24,4238	-25,4134
-15,6423	-17,9429
-8,9572	-30,0012
-12,4965	-5,3598
-7,1219	-33,6714
23,1550	-29,7388
12,6696	-27,0519
5,4607	-38,5862
30,8884	-35,7681
-17,7391	-32,8190
0,1527	-32,6876
-12,5616	-23,7749
2,6428	-25,7411
-19,9671	-20,1049
-9,5469	-4,0487
-18,8530	-31,5083
-4,6319	4,8643
-1,4861	-17,0907
0,4143	-46,0569
7,0989	-14,5343
-8,6298	-29,0182
9,8517	-40,1589
13,3246	-30,6565
17,1915	-50,7103
0,6108	-46,0572
7,7546	-25,2171
-4,0419	-45,2709
6,5094	-3,9181
-14,2654	-44,9435
1,7909	-36,6200
-1,4857	-6,9982
17,1916	-43,1738
6,9028	-7,7843
4,2155	0,0141
-1,5513	-37,6032
14,5046	-14,4687
14,2424	-18,5978
-2,4695	-28,2970
-2,8623	-13,8791
-7,6468	-29,4111
-11,3169	-28,4279
-53,7839	-22,6608
-19,9021	-31,5082
-41,4636	-11,3231
-39,4321	-13,4861
-65,5807	-28,4278
-61,9763	10,6313
-61,7797	-9,8159
-46,5757	-16,3692
-38,3836	-4,2452
-31,5026	-34,1292
-26,6527	-6,8006
-16,8879	-16,4349
-26,2595	-28,3619
-38,7108	2,8984
-8,1711	-28,1002
-36,8757	-18,2041
-15,6419	-7,3257
-29,3391	-48,5477
-18,4598	-38,3239
-21,1471	-35,3097
-29,5354	-53,2008
-1,3551	-25,9382
20,2711	-67,7501
-22,1305	-36,7512
-32,0262	-13,6833
-12,6933	-47,2371
-14,9875	-21,2847
-44,4782	-9,5540
-21,4754	-28,5593
-32,9443	-5,9491
-47,3618	-18,0736
-43,4298	-21,8085
-52,5391	-7,2600
-40,0874	-31,2459
-74,5589	1,3913
-27,0456	-4,1144
-25,1453	-38,9132
-45,6577	9,7144
-12,2343	-12,9614
-17,6085	3,6850
3,1013	14,3671
-8,4333	-2,9998
12,2109	14,0398
2,6425	20,1339
21,3203	-4,7037
4,2811	5,3231
10,8346	-15,7792
-30,5838	-13,0267
-5,0905	25,9670
-39,1033	-13,8791
-26,2585	6,8308
-25,7998	22,2313
-21,7368	-2,4101
-23,0473	1,3914
-26,9797	-10,2085
1,5283	13,3847
-19,1158	31,0787
-1,2242	-27,9030
-27,4386	12,9259
-0,7656	18,4303
-9,5473	-20,2356
13,1279	4,7994
-22,3922	1,5875
-12,4961	-11,3880
-2,4691	14,3015
-8,6295	-11,8470
-16,4931	-2,4753
5,1988	29,8334
16,8644	-13,1580
21,0585	-1,9511
36,0661	14,3014
13,7183	-5,9492
32,1995	-8,3739
20,5339	-29,3453
12,6698	-4,3106
23,4175	-7,6531
28,5290	-30,7872
-19,5740	-14,8618
4,6744	-27,7069
-2,0760	-25,9372
2,6424	7,8789
-23,3750	-11,7819
-17,6081	10,7625
-11,2507	19,0853
-14,6590	-3,5899
-1,8137	-0,6404
-5,8115	2,5707
15,8152	-4,1136
9,1961	29,7683
10,3103	-15,7793
19,5509	4,6030
26,6942	18,1683
-13,0859	-11,5192
1,4633	15,2196
-16,8214	18,1683
-8,6947	-2,8684
-13,2823	28,9819
4,7398	2,2430
-5,3527	2,7678
1,9873	29,5717
3,2982	6,2407
10,6378	12,2703
9,7206	17,1852
-8,6953	5,0613
25,7768	-0,0506
2,1837	-3,9827
1,2008	-12,3056
-2,6657	2,0465
-9,2849	-14,9273
-13,6756	-2,0167
-32,1570	7,0924
-30,9771	-24,1682
-23,4409	-12,8957
-23,6374	-11,2580
-28,4875	-18,8598
-37,5967	9,3203
-18,5916	-47,0404
-19,7713	-37,0130
-36,7450	-25,2171
-19,2469	-49,9896
-23,7690	-44,0255
-23,0479	-32,2951
-23,8998	-49,9239
-25,4068	-19,2533
-28,9459	-46,3853
-4,3043	-30,3942
-13,8070	-30,3944
-9,8093	-52,8729
-21,2124	-17,6144
-16,1004	-12,7653
6,5095	-46,9089
-6,6634	-7,5874
-0,1094	-24,6268
26,1047	-17,5487
38,0321	-3,7207
26,1046	-7,5873
26,1048	-29,6071
34,4280	-19,8423
36,2627	-6,8007
0,9394	-3,0000
26,5637	-22,1364
6,3131	-20,1700
15,3570	2,9637
3,8881	-19,9083
-2,6655	0,8013
4,5435	-4,1799
12,7349	-21,8741
6,4437	-16,2382
-1,1587	-26,0685
-6,8602	-13,4202
-1,0931	-8,3740
4,0186	-37,9963
-15,3801	-21,8743
14,4389	-28,1661
-7,1225	-50,9723
-12,1685	-20,2360
-6,2047	-16,5665
-11,8407	-42,7149
-7,9740	-4,1145
-1,1584	-39,3072
7,2958	-27,1173
-8,6294	7,3540
22,3036	-54,7080
10,5065	-15,3861
-4,6318	-2,8695
-8,6296	-47,8265
-0,1756	-6,9977
-19,7709	-23,0542
-5,9429	-22,9883
-31,9607	-5,8837
-34,3196	-26,1341
-30,4532	-5,7523
-22,3924	-10,3400
-20,4917	-1,2302
-11,8412	4,6679
-14,3312	-5,6868
-14,5281	10,6319
-17,7389	33,8311
-10,7924	-21,0878
11,6210	1,0639
1,1347	-9,0294
2,7083	-27,6410
4,1496	4,4709
0,7418	-24,4960
-12,9549	-28,0347
3,1013	-23,9717
-21,9334	-33,8678
-27,7004	-33,9332
-20,0984	-29,2148
-39,4315	-50,3171
-12,1028	-20,9572
-14,0695	-30,9845
-14,8557	-42,1906
-25,9968	-26,9868
1,3318	-48,7445
-10,2684	-29,6735
-10,5958	-32,0987
-10,7271	-64,4075
-5,6809	-34,9164
-28,0285	-57,4611
-18,1328	-66,0458
-49,0656	-49,2687
-36,4829	-50,4488
-58,3062	-41,7320
-45,1340	-13,8143
-63,3527	-37,6035
-70,7585	-34,8508
-64,0739	-37,1445
-80,3270	-33,2776
-73,1832	-12,7652
-56,9308	-17,4837
-55,1614	-34,8503
-72,0039	-15,1242
-22,0656	-30,7872
-61,8459	-5,0316
-44,2161	-20,3018
-51,0975	-16,4347
-37,6622	-5,8836
-39,7593	-6,0806
-17,2805	-43,3702
-37,5964	2,0459
-21,0156	-41,5356
5,1986	-30,0665
-1,8795	-32,9503
13,1941	-49,3343
10,9000	-20,4984
19,0922	-50,2520
7,6889	-43,6979
22,7624	-12,3722
18,0438	-63,7518
22,3038	-23,8404
25,8429	-4,6384
35,0178	-23,5784
14,9642	-7,5216
36,4598	-2,1479
24,8600	-8,3735
16,5370	7,8792
35,2146	0,4083
15,7504	23,6733
37,3772	1,5223
6,5096	7,2899
25,2530	26,7536
26,5634	-0,6401
27,5463	17,9724
9,3930	19,9382
45,2410	19,5453
3,4945	28,9824
1,1354	34,0285
-11,3161	1,0643
3,8223	33,1768
-14,9209	28,7199
-15,8384	10,2390
-8,0395	49,2324
-8,6953	-10,0119
-6,8600	8,5352
-7,7122	9,6486
1,5940	-32,0318
15,6839	10,5666
11,3588	-4,5727
10,7033	-31,1142
-3,7799	13,7120
-6,6632	-6,5386
24,5314	-0,1160
-20,4913	2,9642
-9,6123	6,0446
-24,8819	40,4507
-8,7604	30,5545
-3,7140	2,8989
-10,5956	25,8364
-6,7943	-0,0504
14,4389	18,8241
-11,9719	21,6419
2,1837	0,9981
4,4119	7,9450
1,3971	11,2216
20,7959	-13,7476
-6,4017	-8,5046
-2,6656	-24,1023
-6,9910	-18,5316
13,3251	9,3208
-7,4498	-26,0033
-9,8089	-1,4267
10,6385	13,5146
2,9704	-19,2528
-4,3036	8,5345
16,6677	-8,8985
21,7139	-18,2695
6,6407	13,3840
41,7678	-11,1920
18,0436	-21,6119
16,0780	-17,6799
2,7086	-11,7817
36,6559	-12,1751
-8,5637	-44,9430
11,9490	-12,6991
19,4855	-3,7211
-0,1754	-16,4351
-6,7941	-16,8937
-9,1538	-4,6388
4,9367	-34,3261
11,1622	16,0708
18,3715	-22,3991
13,8492	-23,9057
15,4880	2,4394
24,9904	-41,9285
37,0491	-42,5175
43,4715	-2,6724
28,9881	-30,8525
10,1796	-8,0461
24,4664	-11,6510
31,0855	-24,0368
7,0993	8,4687
-1,2889	-25,0203
15,2913	-26,3307
20,0756	16,3984
-5,9424	-26,9209
5,5269	-1,2959
28,0050	2,7011
23,6140	-26,3308
4,3465	-12,3061
2,8394	-26,7896
12,2764	-24,4956
32,5924	-5,1629
-4,4354	-29,8697
-4,5007	-1,8856
-25,1441	-6,7358
0,6768	-29,6072
13,6529	-1,9512
6,2472	-26,1996
14,2427	2,5711
10,8348	10,0415
28,9882	-16,3038
0,3489	-20,6942
14,1116	10,6316
25,3833	-33,0806
13,9801	2,9642
-4,3701	7,8136
-11,9719	-0,2472
-10,5958	13,3842
-13,0865	-14,9927
-18,6568	9,6490
-22,4580	14,6949
-29,5357	-1,1645
-17,8705	16,2025
-40,1526	26,6223
-25,0793	13,3845
-26,8487	28,9163
-9,4162	-1,6886
11,2275	28,1304
-6,1395	18,5617
1,9215	-4,8338
-9,8093	39,7305
21,3858	26,0984
-9,7438	5,0620
19,8131	23,2807
-6,9911	9,2560
5,3953	4,4719
-14,9209	14,2364
-18,3286	1,1292
-19,2459	15,4816
8,9997	18,2336
-16,4283	-17,3520
-3,3868	17,4476
-0,2409	8,1412
-1,1588	-2,0167
-6,0081	13,9742
17,8463	-18,5316
-9,6128	-6,4071
-14,9867	11,7462
-3,2558	7,9451
-9,6129	35,6009
-9,6784	15,8093
-31,7637	7,0934
-30,5186	39,4677
-32,6812	17,1198
-31,9604	22,2320
-46,1817	19,3481
-41,5286	3,0953
-18,1325	16,2025
-44,1506	12,9910
-21,4095	-1,6231
-42,5780	4,7338
-25,3418	-9,1596
-27,3740	28,5891
-36,3521	29,5718
-40,3499	-11,6498
-46,3791	26,8853
-57,7165	17,5790
-43,2985	25,9021
-18,4603	21,4455
-27,7013	16,8579
-35,8925	39,4682
-10,3993	41,7613
-11,2513	11,2221
-23,4409	20,5939
1,5284	22,9531
-9,1543	43,5970
12,9970	57,2282
-6,4673	28,3926
8,0163	41,0413
-19,3775	39,8615
4,2812	49,3643
-14,9211	59,4565
-2,0759	54,8034
-25,4064	12,4677
-1,8134	67,8451
-6,0078	43,7931
17,6506	23,9362
2,9054	47,6597
28,3330	14,8921
52,3848	27,1473
28,2019	29,1131
53,6302	2,1780
56,4480	33,7664
65,2301	13,7777
37,3118	-0,7055
42,6206	24,8533
44,3244	-7,5871
41,5063	1,1950
40,4577	23,5423
28,7266	2,8985
6,1826	27,4089
42,8165	-2,3444
1,2669	1,7194
5,5921	36,3219
21,1239	7,4862
17,4533	31,8660
5,7882	34,8146
-7,3847	-6,5379
-3,7800	41,8276
-6,4673	45,0384
-9,9405	29,9001
-38,6452	37,5674
-25,2101	40,1891
-23,7682	31,4726
-44,3466	34,3563
-6,8596	27,6713
10,5720	13,5814
-12,8891	23,7393
-9,5470	25,5083
19,8787	25,3775
8,4095	-2,8031
-3,7142	-4,8998
18,0435	11,4839
20,5339	-7,2596
-4,5666	-2,8026
7,0337	20,3311
9,5893	-6,8661
-4,4355	23,6739
-34,5161	5,5857
-9,9403	21,6427
-34,5818	62,6677
-15,7732	32,7178
-24,5548	48,7747
-8,5645	74,0056
-11,6444	46,3497
-23,7686	74,7267
3,1669	45,5631
9,0647	44,1217
-5,2874	65,0926
5,9193	19,5454
29,1190	32,1938
-3,8454	27,0161
12,9319	13,5157
5,6573	28,6543
20,0755	7,3548
1,0045	-3,9171
3,4295	0,5390
25,1219	-25,2166
14,0460	-7,3252
5,7889	-7,9809
37,8356	-26,2653
29,3812	-10,2088
21,7134	-2,9347
16,0775	-21,7433
10,6378	-9,4225
26,8251	-21,8087
-15,1833	-11,3882
6,0505	-7,7188
-16,4286	-32,7527
-6,0082	16,5955
-39,9557	-3,2622
-34,1229	-16,1723
-11,9721	4,4714
-10,0718	-10,7331
-34,3197	-0,6405
-36,8102	6,5026
-25,9312	-18,3352
-14,9213	-9,8812
-13,6109	-10,0776
-17,2808	-11,5849
-15,5114	13,0565
-23,4412	-19,7768
-10,5961	3,4233
-31,0431	25,2461
-17,4771	3,6193
-16,5596	-4,1790
-4,3044	27,1469
-20,5570	23,3455
-12,8238	22,8214
4,2812	-3,9171
-4,8942	20,9868
-0,2407	24,5908
20,2717	-10,0118
12,4073	7,4866
-4,4353	22,0349
15,4876	-9,0943
-4,2388	6,6345
7,4266	3,6195
-5,4182	6,5688
7,3609	20,0033
-5,8115	-26,6582
-14,7246	32,5867
-25,0134	14,3011
-19,0498	-33,2769
-27,3729	9,9112
-26,7176	-4,5727
-14,1347	-7,6523
-5,8120	22,0352
-11,5133	12,8602
-7,2537	24,9188
27,9390	14,8919
-33,9923	12,2051
10,0482	34,4872
-9,0886	18,4307
2,3149	17,5791
-10,7267	30,5549
-19,2463	29,9652
-7,7773	49,4292
-6,8600	16,7267
-14,7242	10,8945
-8,3018	47,6597
-10,1367	28,2608
-5,1561	5,9792
3,8222	36,3876
-2,9281	7,9449
18,8951	8,3385
-14,2004	33,8318
18,3054	2,1125
-8,4333	32,2592
-6,2705	20,0036
-13,5448	13,3194
-10,9236	35,9291
-35,7613	-1,0987
-22,3920	27,4753
-28,3558	61,5531
-16,8216	0,4085
-4,7630	38,5505
-3,5181	32,3896
-1,8794	19,4793
-19,5089	31,8654
1,3975	5,1922
11,9483	-9,4876
3,6910	12,7289
-20,8193	-10,0777
1,3320	3,0952
-13,3479	2,6360
14,8979	-15,5171
-7,1876	5,1921
14,8980	-17,7456
-7,9083	0,2114
18,1096	-18,5976
39,8674	-32,9497
2,8394	-8,7670
19,0931	-13,2240
36,8528	-44,9430
26,8257	-14,0757
23,2213	-38,3243
24,5977	-53,2662
25,9736	-37,9962
26,6947	-29,8043
0,3493	-18,8600
22,6316	3,3565
8,2787	-33,6709
-0,1095	-17,8107
-8,5636	-1,9515
7,0336	9,1245
-13,4789	9,3864
-7,6466	-8,1768
0,4144	21,5112
1,5280	46,0208
-19,3776	1,1292
-12,8242	25,5743
-12,6277	9,7799
-23,5724	11,2221
-14,0694	36,9120
-29,7329	19,9383
-47,4271	15,6786
-32,4851	42,7449
-28,2908	15,6786
-43,6916	38,7474
-35,7620	30,9482
-34,4509	21,8391
-25,6039	26,7542
-31,4361	14,1712
-22,2616	27,6061
-22,9167	50,1502
-17,9361	0,2773
-21,2128	11,6810
-38,7765	25,6396
-22,1957	7,7485
-2,4041	16,5957
-22,3271	13,2534
-39,2346	7,1587
-4,4353	21,2489
10,4413	23,4116
12,2106	33,3076
-8,4981	38,7467
10,0484	-4,0476
14,5053	47,5289
0,9390	28,3263
17,4544	5,8482
41,3745	24,1979
34,8206	-3,1960
-1,4860	12,4670
16,7986	1,1945
9,2613	-14,4026
3,6911	0,2772
-16,6253	0,7356
-7,9090	-23,7745
-44,6089	-8,3736
-31,3706	-8,1116
-19,1812	-1,6236
-27,2422	9,9762
-27,5696	-8,5048
-34,1233	16,5957
-7,8433	11,4181
-22,7200	-16,0410
4,2152	31,2758
-9,8750	7,9449
6,3125	9,1249
0,9385	49,1015
7,4269	8,2724
-1,8793	13,7125
12,9974	34,4870
-17,3453	6,3722
27,8089	18,9550
12,6696	8,7316
9,5242	7,9452
4,3468	14,1053
-6,4010	-11,9778
2,9051	32,3245
9,5893	35,0762
-1,3550	-7,1285
3,1011	19,4793
0,7419	-17,2865
-8,5642	-16,8272
-12,2997	17,7751
-13,4793	-29,2795
-8,2365	-3,9822
0,7419	24,7872
-21,8025	-22,7916
-23,7682	9,8455
-15,4454	-6,8009
-17,9353	-10,7981
-17,3457	35,1423
15,6844	-1,6893
6,7056	5,2584
10,6380	25,3117
4,7396	5,2580
18,9609	43,2686
0,5451	3,6191
3,0355	-16,4997
-42,5117	16,4647
-12,2996	2,5707
-25,2761	-4,9001
-19,9678	1,0633
-46,6406	-7,8492
-27,8976	15,7433
-41,4633	-19,1220
-38,5142	-8,1115
-18,7877	-10,3401
-19,7056	-12,8303
-5,8117	-1,4927
-4,5012	-23,3164
11,7520	-52,4137
1,7246	-2,1478
15,8154	-20,4327
10,4409	-22,3983
-12,6269	-15,3207
2,3805	-16,8279
18,5022	9,9762
-30,1251	23,2797
-8,1702	0,1458
12,6044	17,7095
15,1602	5,1918
16,1435	-13,8131
30,6922	14,6947
26,6948	-6,4079
31,6755	-1,6892
47,1421	-13,5513
41,2435	-24,6922
49,5666	1,4567
18,1751	4,9296
33,3139	-26,0028
5,9854	5,9131
15,7501	-0,1820
-12,2336	0,2771
-10,0056	18,8237
-20,2948	-7,0629
-9,0229	17,7100
-26,3242	7,6825
1,7901	-15,7788
-18,1984	16,4647
-35,4999	18,6270
-14,4628	-0,8371
-29,1433	7,6171
-21,4755	-17,9417
-35,2381	8,6003
-37,4663	25,4426
-53,0636	-17,0901
-44,6748	-1,8198
-35,1722	9,1897
-34,0580	-11,4541
-43,7570	-1,9512
-25,2759	-17,8768
-37,9242	-16,7625
-22,4577	-3,7868
-11,3821	-28,4283
-3,3215	-38,7175
10,8998	-50,7759
-16,2978	-36,5548
0,6762	-45,2059
-32,8783	-63,0971
-11,1202	-41,0768
-40,1527	-52,0218
-32,4850	-70,8957
-43,6260	-22,1370
-39,8251	-63,0317
-30,3878	-47,9578
-37,9248	3,6841
-46,7716	-28,7563
-33,1403	-34,3262
-6,9914	-5,6872
-14,0696	-45,0743
-9,2851	-25,0199
-6,1396	-13,9446
-12,6273	-43,8288
-13,7415	-10,2744
4,2157	-44,7465
-3,7144	-35,7019
24,7284	-26,8553
-13,3482	-49,3992
-4,5005	-18,4007
2,1842	13,9733
-12,6270	-26,1998
6,3133	4,1434
1,0700	-20,0394
14,5707	-9,3567
5,0678	-0,9684
18,3063	-5,2935
9,9174	3,8160
14,1119	-3,7208
18,2404	-18,2038
24,4007	1,8502
0,4146	-2,9342
5,7886	5,8479
0,5457	4,5370
13,5871	-13,0919
-41,0043	15,9405
-34,1885	33,1758
-16,7559	-17,8108
-35,2375	20,8555
-41,5285	6,3060
-31,4363	-11,5851
-19,7707	5,9130
-6,1397	-20,1705
0,5451	-6,6043
-0,6347	-11,9788
5,4604	-53,4622
-17,8048	-5,3591
22,2377	-25,2168
-22,3268	-33,2119
-4,9594	-8,1773
-16,7559	-24,8238
-27,9625	-42,7802
-20,8189	-8,3085
-13,8069	-32,6223
-1,4205	-0,3787
-13,0208	-26,1346
-13,6101	-33,0809
-6,1395	-11,1920
6,5089	-43,5668
-13,2831	-6,2110
-0,8312	-5,2283
-30,1258	-37,1439
-5,5498	10,6320
-27,5044	4,5366
-7,2538	-17,7449
-16,1665	10,8288
-13,3486	10,6318
-26,7174	8,7973
-16,8215	41,1717
-10,2022	3,2922
-10,1368	52,8374
-4,7625	26,1639
13,4562	16,8582
26,1701	20,0696
9,1963	20,7900
24,6631	24,6569
22,9588	-2,0821
46,6828	-18,6621
10,5728	2,8335
45,8964	13,7776
-20,0981	-11,3881
-1,2235	18,0376
-2,6000	21,3794
7,2301	18,6271
-15,7073	38,9430
-21,0814	-21,2842
3,3638	11,2218
-11,6446	4,2089
-0,2408	-30,1314
5,5916	24,1318
11,0964	-23,7096
-5,0254	-37,8647
-2,9935	3,5534
-16,6251	-34,8507
-3,2557	-27,1170
-13,9379	-8,3086
2,6423	-30,0009
-29,6664	-21,2187
-9,2847	1,6531
10,1792	-18,8596
13,5214	5,9131
-5,0903	-9,8813
10,3760	7,7483
32,5928	2,9639
-1,2893	-6,7351
28,2679	4,9302
48,8453	-17,8763
45,6999	-9,8804
17,5851	21,1174
17,2576	-9,4223
15,8813	2,6367
14,0461	2,4398
1,1357	1,0635
26,4978	10,1733
-22,9163	28,0641
-12,6922	3,8816
-3,4520	23,4112
13,0628	14,4986
-6,5322	13,3846
11,1622	24,1980
11,8175	26,0984
-5,8115	-0,4435
12,0798	13,8437
19,2886	9,0594
15,7497	19,5452
7,4925	11,7462
19,9441	27,7371
-14,3964	55,8516
1,0701	0,2773
15,8809	34,3564
-7,3188	26,8846
-16,5591	4,6684
-6,0735	16,9891
-4,5008	26,2295
-15,2487	18,8896
1,5939	49,1014
-4,9601	10,7627
6,5744	11,1568
-6,8606	29,5718
-1,3555	12,9258
-24,4243	11,8774
-8,6952	8,8627
-23,6375	12,2050
-11,9067	24,8532
-44,7397	-3,5896
-1,1586	-5,8176
-27,6347	-2,2137
-17,0180	-32,0325
-0,7650	-25,0201
14,8322	-42,9773
10,1794	-50,5139
-2,1414	-36,3582
25,8424	-56,4781
11,6862	-48,5478
-12,6269	-31,5087
2,0531	-71,9441
15,2911	-35,7680
-12,0371	-13,0275
7,2305	-35,9649
8,8034	-10,6677
7,1648	-7,0636
11,4249	-26,4616
17,7816	13,9738
26,3015	1,9151
1,9876	-0,1161
29,7097	-7,3906
32,9858	6,3064
16,3401	3,7504
24,1389	-22,9227
36,8526	-7,4559
6,2474	14,1704
7,9515	-11,6508
16,7330	-12,6990
1,7908	-14,2723
-5,6146	-5,4247
11,2279	-20,4981
-5,8771	-24,9545
-8,9573	-9,8155
-17,1489	21,5099
-10,7270	-32,1637
2,2495	-26,4616
4,0839	-1,0342
-15,1178	-40,2900
8,2128	-10,9953
3,3629	-11,7167
-18,0017	-28,1003
-19,1811	-15,4519
-17,4771	-40,3554
-8,5643	-9,2913
-18,0013	-11,5201
1,7250	-45,3362
-16,4282	-9,0292
-3,5176	-13,7482
16,6021	-44,3531
1,1355	-6,3423
8,0171	-18,7289
25,9082	-19,8426
20,5343	-20,5637
27,6121	-37,9307
31,2819	-11,1918
5,3952	-16,8283
12,0802	-34,3260
-0,5685	-4,9662
3,9535	-28,1003
-9,5469	-4,8350
-5,5495	-6,6046
-25,1444	-11,1264
-13,0207	6,4373
-32,1569	15,3500
-22,6543	-1,2960
-13,2827	24,1321
-6,2708	-14,7307
-8,6299	1,9815
-12,4312	18,2994
-17,1493	-2,4099
-2,2729	-10,1426
0,7417	25,9018
-15,4452	2,7020
28,4636	13,2536
-24,8824	2,1777
5,7232	8,5350
-3,8451	34,5523
22,9588	13,9738
-5,8113	23,3457
-4,9593	3,8812
11,0972	5,9789
26,3012	17,5127
30,4955	6,9615
23,8108	7,2238
31,7410	9,5830
25,8425	-23,4467
41,1128	-1,8198
36,4596	20,1998
44,5861	-13,8788
31,9380	-1,5575
37,5741	5,5198
19,6174	-27,1821
14,4400	18,3652
18,4378	-13,1577
36,1321	4,7994
9,9835	28,5886
25,9085	-2,2788
21,9761	10,5011
16,6022	18,2994
38,6874	-5,6207
-2,0106	15,8095
23,0901	17,6444
14,0455	16,2683
8,0163	34,0284
-20,2295	17,7755
-8,1055	49,4293
-34,1887	5,7168
-14,1350	14,5646
-46,7719	41,1717
-39,9559	-3,9170
-18,5916	14,4990
-40,4152	42,6788
-31,8295	-14,0750
-30,2572	6,9622
-33,9924	23,2803
-17,8052	0,6051
-9,6133	18,1688
-6,0087	-2,2788
-1,4868	1,3917
-30,2567	9,6487
-3,0591	-15,8448
1,7903	-22,0051
-16,9528	-3,9177
-30,7150	-45,1397
-8,9572	-0,5754
-18,6566	-25,8072
-8,7606	-31,3118
10,5069	-39,0452
4,1497	-43,8945
-0,5032	-24,6924
3,4944	-17,7459
19,0920	-24,4959
7,0333	-20,4325
6,1161	-27,0515
1,9219	-14,4029
10,6383	-5,2937
2,6429	-30,9834
-1,8792	-8,7665
-15,7725	24,8528
-13,0856	-12,9612
12,6045	17,9066
13,5870	20,3306
1,2667	11,8769
15,8155	2,4394
9,3275	-27,1168
8,5409	-3,3275
24,6628	-9,6190
12,8004	-30,1970
23,2210	0,6703
4,8707	9,9104
26,9564	-33,2774
-3,5832	2,1121
12,8010	-10,5367
3,2325	-16,6965
-13,2823	37,3045
2,7744	-5,6872
17,8472	-6,1454
8,0171	1,7843
22,6315	-0,1163
28,3986	18,1683
24,8597	-13,2889
17,3234	4,1440
40,3263	11,9426
58,3486	-6,9317
37,0494	8,2075
46,4868	41,6959
28,7266	5,9132
40,7853	13,4502
35,3458	16,2026
40,7851	9,3870
27,0885	39,5331
19,2894	5,1269
14,7023	27,4095
31,8724	41,1060
31,4791	11,0251
27,4812	26,7539
54,2852	10,5664
15,7498	0,4741
22,3039	29,1786
19,4854	-24,8887
12,8008	-12,8951
7,7545	-7,4561
-3,6488	-21,0220
-22,7850	8,2725
-3,9110	-3,4590
-22,2610	-5,2280
-21,8025	15,0223
-29,8631	-9,2915
-18,3291	-10,9296
-2,2072	19,4786
-3,0597	-27,3794
-7,3191	-9,1600
-13,2175	-11,3889
4,6739	-35,5710
-10,2684	-3,1308
-3,4523	-23,3818
-2,7969	-24,0365
0,5454	17,8405
-25,0133	-32,3598
0,2183	-5,5548
6,2474	30,8823
8,9999	12,4016
12,6047	35,4047
-0,6992	18,0376
28,9235	29,0479
39,9984	53,3613
42,7512	2,2437
32,7239	41,2376
60,0527	53,7542
43,3406	-0,2470
34,4282	38,0916
31,0203	5,4543
35,4110	26,2295
23,0905	21,9036
18,7650	-4,1795
0,5461	2,7019
39,4742	2,1116
11,3591	-34,4570
-9,6122	-6,0802
10,7040	-22,9233
12,4075	-32,3601
17,8470	-39,1108
-11,3823	-53,9215
-10,9232	-39,5693
-15,1835	-37,2759
-13,8726	-65,4559
-29,8636	-23,5785
-11,8411	-23,3170
-16,1011	-53,1350
-25,2104	-4,5077
-31,2395	-46,1230
-31,0428	-27,2481
-26,5206	9,3204
14,1115	-31,3117
9,3929	-30,5905
14,1773	2,0462
28,5299	-23,1851
34,4278	7,0925
49,8291	-28,8213
46,0933	-19,9079
56,6448	-19,7116
38,3600	-28,1655
23,5496	-27,2480
43,9965	-21,0877
33,0519	-23,1848
31,4791	5,0609
11,5562	-11,1264
22,4355	-1,9512
31,0857	-8,5706
23,2872	-22,6605
20,4035	8,0102
21,9765	28,4569
40,5227	-14,7309
32,1342	11,4835
19,8133	-14,4033
43,3406	-20,8906
16,7987	23,4766
39,3429	-12,1094
29,2505	-4,9654
23,1555	12,2048
9,7213	-2,1475
39,9329	39,4023
5,0024	18,8238
19,4858	6,8312
14,5707	45,4971
24,8596	22,3628
2,3156	17,3825
19,5511	44,3175
17,4537	7,4863
-0,3721	11,0257
16,3393	24,3293
-12,6276	29,1133
0,0208	15,1542
-39,4975	28,7858
-29,4047	30,8827
-50,5073	19,0209
-12,8900	8,2731
-61,3207	41,1063
-44,9367	11,4183
-34,6474	-1,8194
-2,9939	33,5693
-20,2295	2,8330
-7,1881	14,2364
-11,9063	8,1411
5,5916	-28,9519
27,0219	-8,8979
3,8220	-6,8670
2,8393	-63,5548
-5,1562	-3,1309
-2,9280	-18,2047
-14,7899	-22,3328
-12,6930	4,9950
-43,1014	-27,2484
-25,0790	-6,8008
-16,9528	11,3523
-5,8774	-9,6190
2,6424	29,3746
-8,1055	-20,4984
20,5993	-15,3203
-10,7925	20,7894
15,0290	-17,4180
3,4945	-15,5827
25,1213	-15,5174
8,6063	-23,1847
4,2156	20,1342
2,7085	-19,6463
-0,7650	-10,3393
-5,0244	23,2797
9,0654	-14,4031
-2,6654	6,8309
-10,3328	7,2891
5,7234	-8,7013
27,9396	-0,6403
-0,5028	-2,5414
-4,8935	-21,6775
18,0436	-13,9444
-8,3019	-41,5352
12,1451	-39,1103
-12,2345	-28,0350
-25,8003	-75,2861
-46,8372	-21,8088
-34,6477	-34,7199
-34,5824	-32,1635
-40,4808	-11,1922
-63,6801	-7,0635
-42,9708	1,7840
-54,4396	8,1409
-44,2814	-12,9613
-34,9753	25,5084
-20,0988	4,5368
-13,1519	4,4717
-23,1790	22,1663
3,4288	25,7053
-8,2366	36,9120
0,2174	33,8973
-23,5062	7,2247
10,4413	48,3814
-10,8578	61,2910
-5,0905	20,9216
-19,3773	46,1528
-1,4859	27,9991
-11,5784	19,6107
-9,2191	33,7661
10,1798	9,7142
14,8324	12,9912
16,9956	0,1460
30,1677	-27,8375
29,9058	16,3333
40,7189	-17,0247
29,9711	-44,6801
8,4755	-1,8200
13,1284	-0,7717
11,3592	10,3695
1,9869	25,8355
-24,6202	-22,3982
-14,9868	-3,9826
-42,5115	8,2068
-36,0236	-2,4100
-32,1566	24,4594
-5,7466	-29,2800
-23,8993	-7,3905
-2,6661	-9,6193
0,1520	-29,0831
-12,4310	-12,7646
-3,8454	-11,5198
2,5769	-31,2457
20,0097	-21,0877
17,3880	-17,2867
-1,2892	-18,9248
4,5437	13,1218
23,0246	-31,3114
-18,1317	7,7483
32,7242	8,4032
1,6601	-7,8497
4,0196	2,4397
30,1682	-5,4904
43,8650	-19,1216
38,4254	8,2723
29,5125	3,0948
48,8457	-0,3785
28,5295	-14,1411
36,1973	-36,4230
-0,3061	1,3912
38,9499	-31,7047
17,0606	-3,4585
-8,2359	-4,6384
-0,2405	-23,9712
-9,1535	7,3550
-6,9252	15,7430
27,6772	-12,5681
13,3248	-20,4323
-7,2534	-9,6190
17,0605	-6,9320
10,1787	-4,2453
-5,4841	-25,9374
-4,6321	-8,0461
29,1843	-16,5658
-15,9044	-6,2765
-0,0444	0,4081
-23,0474	-2,4098
-3,6487	3,4231
-17,5426	43,7273
-13,5445	-8,8321
-8,6294	24,4605
-10,2024	45,8900
12,5387	11,0909
1,6595	40,1237
8,6066	20,3314
11,6866	6,2418
36,7214	46,7427
19,2232	20,6593
42,4231	11,8779
17,1263	38,0920
18,1098	5,8484
36,1975	34,8153
25,8428	33,3731
7,9518	27,0162
22,1073	45,4970
21,7142	16,0058
29,1849	14,4987
28,1364	16,6611
16,7985	10,6318
27,8741	7,2894
8,4097	15,4156
24,9250	6,1751
-0,1102	1,3907
-5,6148	-16,1070
2,9046	8,7311
11,2932	2,0461
-40,4145	-10,4710
-0,8962	-18,3352
-21,0818	-4,7037
-26,5209	-6,9974
-21,4746	9,1900
-26,1280	12,8599
-30,9116	23,1494
-5,1564	41,9577
-0,8966	-7,2592
-12,2996	19,1520
8,2133	36,1255
14,6355	17,9721
28,8570	14,5643
20,6649	15,7438
27,4809	24,3948
17,0608	30,0960
13,7186	-15,3201
10,9662	21,4458
23,0245	13,3191
-6,3353	21,3801
5,9852	40,2545
12,8009	32,2589
-2,9938	19,2176
-6,8598	51,1334
12,4071	29,7686
-3,3871	24,3295
-15,7078	37,6985
-15,5766	14,6301
-8,6301	43,4658
-19,2468	12,9258
-37,1380	23,4119
-17,8049	34,2249
-37,7278	-5,6862
-34,3856	10,7635
-35,5652	25,9018
-35,5652	13,9088
-54,3740	27,0159
-34,4510	10,1075
-28,2907	10,0422
-24,7520	18,4305
-11,1857	-12,5022
2,7074	6,5033
-6,7951	12,9254
-15,8389	-32,5560
4,2151	9,2559
0,0863	-13,4854
-8,9575	2,7023
-8,1708	22,1662
4,6740	16,5298
-36,7442	-0,5747
-12,8890	15,3505
12,4731	9,3869
9,2616	43,9241
18,8957	13,4496
9,4584	-4,1789
15,5536	47,1353
37,7046	13,7773
31,6752	-5,7519
41,8333	18,8893
32,1996	-21,6773
21,7796	-7,2592
35,3452	9,3210
2,1842	-4,7691
18,8304	5,9788
-7,8428	12,8599
7,4927	7,9447
-7,6462	10,5660
16,1431	-12,9612
16,9953	1,9810
8,6719	-7,0632
16,0124	-11,7161
18,8954	2,5049
21,2553	-21,3502
23,8762	-27,5760
25,5149	-21,5467
17,2574	-16,6972
7,0339	-32,4257
5,1990	-15,7142
26,2357	-22,0057
0,1526	-21,8089
7,5580	-12,0444
-6,0076	-16,6972
13,2597	-18,0735
2,5118	-34,0642
1,0045	-22,9882
9,6553	-3,0658
40,5223	-35,2437
17,4538	-18,4664
17,2571	-19,3841
11,0968	-26,5272
-18,4598	18,6265
28,7260	-26,1343
-5,6152	-25,8718
-9,8747	-13,0268
-16,2317	5,3232
-11,8409	-4,2451
-26,3895	-0,4441
-1,8139	-11,6504
-25,4720	2,1775
0,9389	-4,9005
4,4778	2,5708
23,6144	-5,3593
10,8348	-26,1995
10,2452	-15,1239
23,7457	-5,4248
23,8763	-19,5149
0,8078	-15,4517
2,5775	-14,2066
5,9848	-18,9905
-37,0719	22,2313
-27,8313	-24,0371
-25,9310	-3,7858
-28,0282	26,5568
-41,2661	11,6803
-16,6903	17,2509
-18,1321	12,2048
-13,1513	12,0081
15,3565	13,4500
-10,7924	-12,5021
20,8615	17,3823
11,3583	20,5931
1,4629	-30,3281
-12,0378	-1,6232
-27,1106	19,4787
-10,9886	-28,2311
-8,3021	3,1606
-26,6519	-17,2870
-23,1785	-23,7745
-24,1612	9,3860
-6,6635	-27,7072
-18,5255	4,7333
-1,4865	-6,4083
-11,7098	-16,0416
-7,7780	0,8010
8,9993	-31,1151
-2,4700	-29,5415
-7,3846	-3,2621
-7,5160	-33,0805
-18,4604	8,5349
-15,0523	-5,4247
-13,9382	9,3870
-14,4624	18,4305
-25,9968	14,1054
-27,0447	12,6637
12,8006	39,2056
-6,9909	30,4237
11,0968	18,8241
18,6991	18,4307
23,5489	-4,9653
38,7532	21,1180
34,1002	6,9620
42,7511	-14,4023
44,8481	19,2830
45,6348	5,1926
18,4373	10,3701
36,1979	22,1664
15,4883	0,2775
12,6048	8,8632
8,8038	33,4385
21,5175	16,5303
2,8397	55,5895
-15,5759	15,4159
-2,0756	11,5496
-8,5640	0,8670
8,5409	-5,2277
8,1471	27,3433
1,3970	-10,9300
-16,7564	-25,1508
-10,7924	6,2407
-12,3655	-18,0077
-9,2197	-16,4346
-15,3799	-6,9976
-21,1472	-32,3599
-39,5624	0,8670
-19,7707	4,7986
-8,4986	-5,8832
-24,4896	-2,6066
-7,3843	-3,2619
-5,6153	1,5879
-4,1078	21,3137
-1,7487	-20,0393
-5,3530	-0,9025
-11,3168	-7,3910
6,7713	-45,6635
-20,7537	-1,1648
10,8348	-6,4081
-2,7967	-20,8257
6,5749	-2,2139
-10,8575	-33,9329
0,0214	-2,9346
-10,7919	-13,8137
-2,4033	-36,1613
1,3980	-21,3500
-2,0105	-43,6977
8,1481	-17,8763
9,9171	-0,9032
17,6506	-41,5349
26,0388	-15,0581
6,1164	-1,4270
12,0145	-22,0707
32,3306	-1,4266
18,5024	-6,3420
8,8690	-4,4411
-12,5612	25,1152
17,2576	8,7312
5,6575	3,0299
-0,8959	2,7676
20,3378	-5,2933
25,5148	14,3018
8,3446	-14,1409
38,7530	0,5393
25,1871	5,0609
11,5558	-22,0051
26,9566	-12,3713
30,1677	-7,9808
24,4005	-47,1708
-19,3118	-5,4248
5,6576	-21,4812
-7,6464	-33,9327
-27,7657	2,7015
3,5604	-26,7244
3,2323	-30,4595
-10,9887	-3,7867
4,0847	-19,1876
2,1186	-17,2216
9,5240	-30,1321
23,0900	-25,5444
18,3058	-11,3233
27,0875	-38,0619
1,0699	-1,7546
23,5487	-13,4206
-3,2555	-40,3552
11,4902	-0,2471
-11,3820	11,6142
-30,6494	-6,2766
-22,1297	-5,7522
-13,6105	4,6023
-11,5787	-18,5315
-10,9238	15,0883
-26,4556	1,5876
-4,5667	14,6296
-2,3386	5,1268
-20,9510	-6,7351
-16,1664	-0,6400
-7,4504	6,5033
1,4625	24,4600
-29,3393	23,4114
2,5770	-15,5821
-29,6668	6,4383
-16,6248	29,0474
-26,8485	27,2781
-16,6247	19,6105
-5,8769	11,2873
-16,6250	23,2805
-7,3186	10,1732
-20,4261	26,7537