-87,8063	-68,7656
-99,4716	-113,6575
-95,4737	-92,6857
-72,3399	-79,9067
-93,0490	-139,3477
-72,0778	-118,4413
-102,5516	-105,5971
-90,3620	-130,2384
-74,9612	-105,0072
-82,8259	-135,2192
-82,1703	-140,4617
-89,9692	-95,9637
-75,4858	-162,0889
-101,7001	-141,8380
-83,7432	-127,2898
-103,7317	-167,2007
-74,5027	-112,1506
-90,5587	-139,6764
-84,7262	-142,4280
-98,1604	-99,0441
-54,4485	-171,9851
-77,7135	-135,0225
-71,3567	-109,3331
-66,5724	-170,5433
-94,1631	-139,2169
-61,1326	-162,6793
-84,5954	-170,2809
-78,8932	-124,2098
-96,8502	-177,6871
-65,0002	-156,9117
-121,0987	-142,8876
-81,1219	-177,8834
-122,4752	-140,4622
-96,7195	-148,7201
-128,7008	-163,8587
-115,2006	-126,9620
-99,9304	-143,0841
-114,8076	-166,5455
-106,4182	-113,7898
-98,2922	-186,4691
-90,2310	-174,0823
-85,6440	-148,6553
-82,6290	-192,9573
-109,3678	-152,0632
-101,0443	-210,4562
-105,6323	-231,1647
-99,9963	-175,5255
-129,6185	-207,3107
-104,4526	-214,1261
-122,4097	-227,8232
-125,8179	-245,7141
-147,1822	-202,7887
-152,3603	-234,1804
-166,1222	-224,0220
-170,3829	-200,9540
-165,0087	-266,1619
-186,2428	-234,0488
-178,9679	-233,0665
-173,0046	-275,4678
-157,1447	-238,4403
-187,6846	-264,8516
-155,8995	-274,6159
-187,4878	-243,9461
-155,4406	-282,8744
-172,7421	-291,6556
-156,5549	-265,0490
-171,6279	-305,1570
-162,0598	-295,1954
-171,4967	-320,6235
-153,7368	-327,1769
-142,4644	-304,1743
-167,7616	-345,6589
-154,7849	-361,5833
-154,6542	-325,4084
-150,4596	-365,1887
-162,0597	-344,5448
-153,4089	-350,8368
-181,8512	-379,5409
-146,8554	-343,7588
-186,0457	-390,7480
-148,1006	-390,4198
-181,1960	-334,0595
-162,4528	-390,8792
-152,7536	-374,8877
-161,4045	-363,4856
-162,4528	-408,8358
-181,3274	-364,8613
-155,7026	-409,4916
-186,8982	-399,2023
-180,2130	-394,1565
-195,0902	-422,4025
-172,9390	-412,0477
-199,0226	-412,7036
-196,5323	-448,0272
-223,9917	-420,6989
-210,9504	-460,2174
-239,2617	-469,2607
-233,5604	-392,3225
-231,1353	-484,2696
-235,4614	-479,6810
-248,1749	-448,4215
-236,7720	-482,4998
-222,6817	-447,8314
-240,5732	-482,4349
-228,3832	-492,7233
-242,9978	-443,5066
-212,2615	-512,1226
-241,7527	-506,8136
-221,5021	-473,3256
-250,5344	-536,9605
-213,3757	-498,7528
-258,3332	-507,0114
-224,9101	-535,6494
-263,8383	-463,4299
-266,1322	-534,2091
-252,7627	-552,3614
-280,2230	-498,6228
-283,3024	-551,9693
-277,5360	-533,0945
-267,4433	-552,1660
-293,6579	-580,5426
-276,3561	-546,9230
-285,0726	-578,0528
-261,6763	-568,1566
-276,3565	-555,5090
-280,0918	-611,8696
-266,0669	-585,2619
-271,4414	-612,9189
-294,5094	-635,3316
-274,9802	-570,1897
-299,8834	-658,0083
-284,5486	-675,1118
-316,3989	-606,6282
-312,0082	-676,3585
-288,5466	-662,2677
-341,6311	-680,8805
-317,9068	-698,0505
-359,1293	-666,2004
-344,9735	-704,5392
-369,2876	-713,3860
-361,2268	-663,5797
-394,9120	-721,8410
-361,2925	-696,4131
-393,8638	-714,8292
-387,1794	-763,1941
-396,7472	-719,4821
-383,8373	-774,0736
-407,6921	-760,1142
-406,9060	-712,0773
-388,1627	-798,1261
-412,7392	-807,7589
-404,1534	-782,9872
-435,5457	-805,0075
-424,3386	-798,1919
-439,1501	-827,2245
-429,4507	-826,0446
-437,2495	-797,6029
-437,7085	-856,8472
-448,1282	-844,3951
-410,5111	-859,7309
-434,5627	-896,0374
-430,6305	-853,1117
-436,9220	-889,4190
-478,1442	-887,5836
-446,8831	-862,6152
-450,3576	-940,5371
-451,3405	-899,5111
-498,2643	-862,2879
-471,0012	-930,8382
-520,9400	-903,2473
-476,1135	-891,1237
-528,4768	-916,6171
-517,7943	-885,2912
-517,0734	-936,1471
-513,6005	-933,1321
-541,7805	-909,0154
-510,5204	-943,8805
-523,8242	-926,4477
-548,0726	-936,4753
-541,4532	-969,3081
-555,8056	-923,8921
-511,6347	-963,1483
-557,7067	-975,7304
-523,2343	-921,5987
-547,6795	-992,5083
-520,4166	-958,6261
-550,7598	-966,2946
-519,1715	-1007,5818
-553,6433	-963,8697
-524,5454	-1039,8262
-561,0490	-1014,7909
-557,3788	-992,5754
-566,8813	-1065,3200
-546,6969	-1038,9084
-549,2523	-1025,6712
-577,3022	-1063,0265
-527,6910	-1043,3656
-554,6269	-1059,4224
-549,5146	-1063,7472
-544,4029	-1029,9315
-529,4607	-1093,1735
-556,7892	-1072,2670
-523,1693	-1070,7605
-565,6364	-1104,5765
-541,3224	-1059,5536
-548,7936	-1084,3266
-525,9217	-1084,3915
-557,9683	-1037,7305
-546,0412	-1095,0740
-531,0986	-1065,1889
-542,3058	-1021,8050
-537,6519	-1055,3586
-533,5892	-1009,1556
-508,8162	-1021,2145
-526,0524	-1024,7527
-511,1096	-951,1565
-492,9564	-1032,4862
-486,7304	-1002,0765
-492,1696	-963,1491
-459,4673	-1020,0339
-485,7469	-983,8575
-471,0014	-989,8217
-466,2168	-984,5129
-464,8412	-925,4655
-463,7920	-983,6614
-474,2784	-977,1066
-474,3431	-903,1834
-468,1835	-966,0973
-467,1345	-934,7049
-478,5381	-921,7949
-481,6837	-932,7388
-495,5116	-897,2184
-482,6012	-906,5247
-484,8294	-921,9904
-479,2592	-866,4163
-506,3905	-897,2181
-464,7101	-866,4158
-498,7886	-853,8988
-506,5872	-865,3014
-472,5739	-815,8875
-480,6353	-830,2399
-469,1005	-844,5258
-484,1741	-792,7527
-448,0634	-824,0131
-464,7099	-788,4920
-457,9594	-765,2275
-474,8678	-780,8899
-449,3741	-752,4472
-473,6882	-752,3161
-451,0782	-757,5587
-479,0618	-723,5456
-443,7381	-742,5510
-468,9693	-729,3777
-452,7164	-710,5693
-453,6992	-747,5967
-448,9811	-719,4814
-476,3742	-706,3091
-435,9390	-731,0811
-413,2635	-684,2887
-436,3322	-703,2288
-408,3479	-700,0171
-407,1684	-668,6913
-386,6556	-691,2356
-417,4570	-681,2083
-368,1741	-687,0410
-389,0143	-698,7717
-364,1107	-645,0980
-378,3316	-692,9396
-372,6302	-688,8097
-372,7607	-614,6895
-352,4452	-679,5696
-361,0297	-633,0385
-352,5105	-632,7767
-347,9881	-628,1229
-352,3790	-601,0567
-324,4605	-624,9117
-328,2618	-606,4951
-287,3016	-550,9214
-342,9419	-582,5753
-316,1370	-569,1398
-335,2085	-563,1106
-327,6060	-564,3553
-341,7619	-502,3591
-318,6278	-570,7127
-320,8561	-550,6581
-347,6602	-510,1574
-324,9843	-570,6469
-321,7081	-516,1204
-300,0808	-518,6119
-309,8459	-559,9638
-290,5125	-509,8289
-298,0492	-525,0992
-281,1407	-509,3700
-298,7044	-472,2116
-267,9678	-513,6300
-299,6871	-495,6071
-259,3824	-473,0632
-272,8828	-505,9618
-267,1159	-454,7781
-269,2780	-465,3953
-247,7827	-489,6426
-274,7175	-387,6038
-264,6250	-468,7373
-255,1877	-455,3012
-255,2534	-394,8122
-242,8013	-445,8642
-274,7172	-390,0928
-208,0016	-411,9166
-238,2141	-401,9544
-230,8080	-338,9092
-240,3764	-383,5396
-214,4898	-373,3805
-239,2622	-353,7203
-240,8351	-388,1917
-230,5457	-339,1710
-226,2207	-340,5479
-233,6914	-376,4607
-232,5120	-351,4916
-243,1939	-350,7711
-208,3946	-356,4066
-200,0061	-323,3116
-215,8656	-386,8807
-184,8668	-348,3454
-197,5154	-306,2063
-171,4319	-331,5031
-188,7333	-319,6407
-156,5551	-338,1217
-190,9611	-322,9171
-156,4237	-296,8999
-159,3729	-345,6581
-164,4846	-334,3854
-164,8119	-282,8094
-154,1300	-341,0706
-173,1351	-293,4257
-173,0043	-318,3952
-152,6878	-296,5714
-154,7199	-270,9474
-152,1639	-320,8199
-176,2810	-293,1632
-158,4552	-269,7674
-187,2909	-300,7001
-145,0861	-269,0460
-177,5263	-269,3740
-152,0330	-288,0510
-173,1352	-242,9629
-150,3290	-277,7624
-154,0645	-267,2760
-162,7809	-247,6814
-159,8313	-256,7908
-166,7786	-260,9193
-172,8072	-278,2863
-164,2224	-264,1301
-145,4788	-203,0513
-164,2221	-276,1238
-132,8957	-261,7704
-137,9422	-208,2283
-113,5627	-243,4865
-135,5824	-202,0021
-101,8316	-209,9324
-119,3293	-229,5923
-71,3573	-208,5555
-119,0016	-227,6264
-107,4672	-207,6378
-132,1739	-190,6642
-109,6298	-210,9803
-114,8072	-211,5040
-127,3248	-178,6711
-95,4741	-210,3899
-126,2765	-174,2795
-106,0909	-170,0200
-119,8537	-181,1605
-77,9107	-143,5431
-101,3726	-172,7721
-84,7918	-143,6081
-90,4931	-147,9997
-67,6213	-172,6404
-82,3664	-122,1126
-71,4878	-191,0567
-71,4872	-171,9848
-63,7546	-128,5356
-76,5990	-196,0372
-78,8276	-155,7323
-62,8365	-125,3901
-74,7645	-184,6340
-63,8853	-146,0331
-77,1893	-155,4706
-50,3197	-173,4925
-101,5032	-125,9138
-64,2130	-164,6455
-77,4515	-167,4626
-65,9173	-91,8350
-100,3231	-154,8148
-72,7327	-107,3663
-73,4535	-125,6513
-79,2209	-128,9273
-76,2713	-86,7229
-52,0893	-136,3988
-72,9292	-126,8957
-68,1452	-100,4197
-55,8899	-145,3770
-74,9611	-89,4094
-54,1856	-117,7871
-67,6209	-119,0970
-46,9112	-79,1863
-56,4795	-145,3118
-46,2557	-121,5214
-46,9762	-84,4290
-14,3399	-124,2745
-44,0925	-96,0283
-28,4951	-108,1527
-13,8804	-105,5308
-7,5240	-86,1326
-18,5335	-129,5828
-13,8807	-116,1472
2,5034	-83,5768
-29,8714	-137,3158
9,1882	-99,6981
-17,6820	-104,9414
-7,1960	-129,8447
-43,3061	-79,3822
-18,0097	-102,5168
-57,0686	-101,2057
-19,9757	-82,7249
-58,7727	-113,5267
-29,7405	-102,4507
-51,8260	-89,2786
-44,5517	-131,8763
-30,8546	-85,2801
-44,8139	-89,5404
-18,4025	-111,4945
-28,9544	-66,7337
-20,1066	-99,2396
-31,3135	-81,0855
-13,4221	-59,4594
-46,5179	-111,4944
-35,1144	-66,1434
-53,2680	-78,3991
-30,3308	-67,6506
-80,6620	-44,2551
-49,6638	-109,0039
-63,2298	-79,3157
-71,0942	-60,1799
-64,2782	-84,1004
-83,7428	-66,3399
-64,8677	-68,0443
-92,9831	-107,1032
-49,9257	-48,3180
-57,3317	-96,8802
-55,2342	-83,1172
-79,4823	-60,7046
-36,0322	-101,0088
-43,7656	-59,2624
-38,7848	-85,1495
-48,8772	-116,4750
-56,0864	-55,7893
-44,8136	-108,4147
-47,0424	-123,6184
-48,8770	-70,2729
-39,8333	-129,8451
-6,9997	-98,2563
-41,3406	-105,4006
-24,4975	-133,8425
-33,0172	-99,8954
-8,5067	-140,3966
-30,5922	-134,6290
-0,8391	-87,5094
-25,8082	-142,8215
-13,7495	-91,5719
-36,9491	-99,3059
-4,0503	-133,4492
-26,7910	-94,1275
-24,4975	-119,0968
-19,4510	-77,5463
-22,4003	-43,6653
-30,2644	-75,7118
1,9137	-65,5532
15,8727	-40,5844
-7,2614	-84,7553
5,7153	-35,2099
-6,8021	-44,9098
14,8248	-48,1204
-0,0516	-29,8363
29,7671	-72,8277
10,4998	-54,3461
44,7748	-24,3970
26,8837	-61,4899
37,1725	-43,8607
14,6287	-68,5024
29,2430	-58,9339
41,6290	-44,3197
25,3760	-93,7993
37,1727	-67,5843
15,9389	-29,5747
29,2429	-65,1602
13,4484	-60,2448
35,5342	-57,6236
8,9263	-61,0966
18,6914	-9,5203
13,1865	-82,7238
19,4777	-57,9501
10,3683	16,3008
22,7547	-46,6788
33,3714	-29,1146
-4,7050	-6,8984
10,8275	-34,8165
10,3029	-23,2165
36,3206	-29,5737
22,4922	-30,3599
34,8131	-16,9257
9,2538	-75,0557
16,2665	-26,1659
-9,2926	-55,2647
25,3757	-82,6580
-7,3925	-50,0215
5,4528	-81,2825
-15,5188	-91,0468
-14,9289	-46,0243
-6,7369	-91,5062
-31,3789	-68,2404
-40,6841	-52,9712
-10,3419	-85,9353
-17,7471	-53,8881
-31,0511	-77,6779
-16,2398	-75,1866
-22,0071	-5,7194
-16,5021	-51,9222
-35,9007	-48,3169
-14,7983	-21,1200
-31,8373	-53,7566
-4,4436	-25,9037
-41,9954	-48,4481
-27,7742	-40,7144
-11,5864	-17,9086
-11,9148	-55,7224
-10,9312	-34,8162
-18,7304	-5,7844
-10,0791	-56,6400
-5,6231	-22,1023
14,9554	-32,2610
-21,8758	-38,0277
14,3001	-7,8815
-10,9969	-60,5724
3,3556	-37,5030
-13,0282	5,8153
19,2152	-50,8073
-10,2758	-23,3474
3,9457	-6,6363
10,3028	-28,3937
16,9869	4,9641
-5,0323	-14,1726
15,6766	-8,2083
13,6453	32,7512
13,1861	-17,4491
13,7106	7,3240
-17,0256	16,1052
32,1917	-3,6864
-15,3222	19,1856
11,5479	-6,3737
-17,4192	-18,5629
4,9285	9,4858
-26,5941	-27,4764
-3,5256	-27,8039
-11,2589	-10,7649
-9,1621	-27,4766
-22,3999	-19,1536
-37,8013	-47,7928
-33,8687	-26,2968
-24,9564	-2,7044
-14,9294	-45,8925
-44,1584	-35,6683
-12,1768	4,5702
-28,2334	-67,1258
-11,3905	-13,5825
-41,7335	-17,7118
-10,1454	-41,5663
-42,5854	10,5343
-14,6671	-47,0063
-20,0412	-18,8251
-18,3374	-1,1312
-29,0850	-41,1076
-44,0273	11,4518
-25,8081	-35,3410
-31,7723	-34,2917
-29,7402	6,0775
-17,0922	-61,2932
-12,1112	-34,1609
-33,2794	-4,0808
-20,4994	-72,1723
-14,0771	-34,3577
10,2365	-38,3561
-27,7084	-67,5846
-10,2758	-16,6636
-18,0745	-48,4487
-22,9244	-41,8291
-33,0165	-38,6181
-1,0356	-48,7762
-51,3670	-38,6833
-43,0440	-32,2613
-10,8006	-66,4051
-32,7555	-29,9016
-17,9442	-80,6921
-56,1518	-47,7926
-37,8014	-20,2030
-58,9045	-85,8041
-59,7559	-58,6063
-56,6759	-52,9709
-42,4550	-86,1973
-87,5430	-58,9342
-33,4762	-74,1389
-57,0034	-75,3835
-45,1415	-31,9338
-45,4035	-76,6947
-37,4083	-65,8149
-10,9316	-22,4309
-31,3138	-79,8401
-34,5898	-29,3116
-34,4593	-41,6329
-36,0317	-47,2684
-36,0976	-22,8897
-4,8371	-93,3404
-57,3312	-40,3869
-32,3619	-9,3243
-33,8692	-75,9737
-22,4663	-45,8922
-30,1335	-31,4751
-20,4346	-66,4709
-31,6407	-30,3606
-13,8808	-56,5096
-9,3584	-71,5168
-30,7890	-35,4725
-7,9164	-64,1773
-1,7567	-56,9026
-6,4746	-68,2406
-19,5167	-73,8765
-0,9042	-51,6602
-7,3926	-102,1228
-18,5991	-54,2813
-27,4462	-52,2506
3,4208	-111,8875
-27,3808	-68,3715
-13,0285	-62,8672
-10,6034	-109,0696
-9,6864	-72,4348
-8,3753	-76,3018
-17,7471	-74,2045
6,9601	-58,8037
-9,6866	-104,4821
0,7996	-76,6288
-6,0164	-40,9125
-3,6571	-94,6515
-29,6093	-25,1834
-17,8786	-53,6919
-34,7210	-61,0311
-16,6990	-13,1907
-29,2817	-77,4154
-0,7083	-49,8897
-59,2314	-6,8989
-32,1650	-51,9874
-16,1744	-35,0132
-31,2475	-52,7737
-11,7178	-51,1348
-14,6672	-16,4014
-1,2975	-53,1668
-34,1313	-46,2851
-7,1957	-11,0929
-23,3179	-44,1883
-8,0480	-32,3262
-53,0058	-33,8338
-17,2231	-36,7826
-45,9278	-14,9594
-20,3035	-47,5963
-40,8162	-42,8116
-34,6562	-16,7944
-61,2631	-50,3487
-43,8966	-28,3282
-71,4868	-24,7246
-62,5741	-48,0550
-34,5904	-16,6633
-59,0356	-66,7987
-32,6898	-74,9244
-55,3001	-20,5303
-38,7847	-75,4495
-53,0059	-45,4336
-31,2481	-49,2354
-50,8431	-88,2286
-38,1946	-37,6350
-25,6772	-75,5152
-22,5973	-68,7643
-38,5219	-30,7541
-25,6774	-74,8596
-19,7788	-41,7636
-28,9541	-27,5428
-11,7834	-54,9364
-36,3596	-8,7336
7,4842	-43,7301
-15,3229	-54,7392
-35,5727	-13,3866
-30,3956	-62,4073
-17,6162	-35,7991
-37,5387	-3,6874
-12,7009	-31,4087
-22,8588	-1,9831
-12,0454	-28,8529
-12,3729	-34,8162
-14,1427	-2,3107
3,1593	-39,9282
-9,4898	-20,7912
9,4508	11,9760
-16,4364	-27,0833
4,9944	-17,1214
6,2390	-7,6192
4,7320	-27,9350
-12,8317	9,8133
17,1837	-54,6740
-14,0113	-20,9879
17,7079	9,0922
-20,8925	-35,4720
6,0427	-29,9011
-7,8511	-34,7509
-13,9461	-28,3284
-27,1839	1,0969
-19,9754	-68,1744
-2,1498	-29,9667
-33,9350	-17,3846
-17,6161	-69,5506
-35,2456	-25,7725
-10,6042	-23,4140
-36,2943	-52,0526
-28,2989	-13,3866
-50,7120	-63,2593
-38,5223	-48,7098
-47,6318	-11,6172
-13,6189	-57,3611
-34,1970	-37,1757
-47,5665	-32,4578
-44,8791	-72,9586
-32,0345	-34,3582
-24,4976	-82,3308
-38,9160	-68,4367
-28,2987	-40,8468
-47,7630	-95,5691
-31,3788	-56,9026
-41,7338	-58,4107
-28,6920	-75,6461
-61,7876	-51,3321
-18,0752	-48,7110
-49,0736	-56,9677
-34,6558	3,7834
-37,2114	-68,7644
-36,0321	-38,5516
-37,2112	2,8664
-32,3621	-19,4156
-52,6119	-8,3399
-19,7790	-21,3816
-8,1791	-27,0827
-28,1021	16,1048
-22,9244	-29,8357
-40,2917	-17,6455
-17,9438	19,3814
-54,9717	-45,4332
-18,8613	-22,7575
-24,5632	-24,9207
-30,1336	-23,2820
-30,9855	-6,1775
-29,4126	-46,5474
-17,2883	-37,8962
-29,4786	7,1917
-32,1647	-48,9067
-44,0926	-22,0366
10,0405	-23,2821
-13,3567	-32,3913
-14,6010	20,4304
-9,2929	-16,4666
9,6469	-8,8636
-40,6846	9,6167
-6,0160	-23,5438
-8,8998	3,9158
-13,8807	9,3547
-48,1557	-27,3450
-34,3280	6,0128
-55,1681	-27,2143
-31,3135	-18,1698
-55,8894	4,2427
-52,4817	-40,1246
-39,6367	-12,1407
-49,0086	-5,6530
-45,1417	-14,6310
-60,8050	27,8360
-39,3746	-7,9466
-68,4726	2,7364
-25,8084	38,1909
-61,1980	-10,4365
-35,7042	31,4416
-38,3910	54,5751
-14,3398	32,4242
-37,8667	47,0390
-35,7042	28,9508
-16,9604	33,1455
-16,6334	69,8451
-28,4292	23,1834
-9,6864	31,1138
-7,3267	22,5282
-26,8568	18,0720
-12,3727	37,4049
-16,0432	13,6808
7,6807	-4,9965
-34,5242	32,8174
-10,8657	-11,3539
-27,1186	0,7054
-17,6816	42,7786
-14,4703	1,7531
-39,8985	10,6009
-38,1942	34,1932
-37,6050	4,5713
-49,4667	42,4511
-41,5374	0,4423
-61,7879	6,9967
-71,8149	48,7424
-39,8989	1,6222
-79,8105	24,5604
-50,8435	29,3439
-86,2983	22,1354
-47,4355	47,8253
-58,7735	22,3315
-37,0154	15,2544
-72,2735	53,8542
-40,1611	15,0571
-50,3846	14,9264
-51,6956	36,0282
-51,8261	-3,0306
-38,6538	24,5596
-28,2336	-10,4365
-54,3167	-6,5695
-39,4398	43,2372
-35,4424	-1,5894
-12,1115	8,5693
-38,7190	19,1857
-12,8978	14,2707
-52,0226	44,2206
-24,9559	28,4916
-32,6236	14,1401
-0,5767	71,3522
-5,4262	13,2875
-18,0749	16,7614
-23,6447	40,6816
-4,8366	32,4241
-2,8703	37,7982
-13,8805	37,9946
10,8267	22,8558
-14,2085	59,6869
13,9722	2,2774
-24,1043	3,0644
6,3043	40,4847
-46,4518	7,8480
6,5668	37,8635
-16,2399	9,4204
5,9769	-5,7832
-13,3560	42,9096
2,3723	-2,5069
-6,9986	7,0618
4,4041	44,4170
2,7007	21,0204
22,0989	13,8122
31,4706	30,4579
-16,7638	2,9986
14,3008	51,3641
10,3026	4,5057
30,4220	9,1595
-3,0668	54,9029
34,2231	-0,5403
-9,4893	14,6645
3,2902	27,5089
-2,7391	9,1593
2,2413	44,7450
-4,4431	6,0786
-23,7111	18,8586
-36,2935	54,5095
-22,2038	10,2728
-14,3394	24,3635
-34,5903	48,2835
-42,0609	-12,9266
-33,8693	46,7114
-23,3179	21,6760
-45,1413	13,0915
-5,9509	73,9082
-11,9802	2,0154
-20,3034	1,5573
-22,5965	47,8905
-18,6645	7,6516
-5,0983	44,4828
-10,8658	35,7005
-9,2924	2,6709
4,4697	36,0285
2,5041	-6,3732
3,4213	24,6911
23,9341	35,7659
-1,5595	-18,0385
19,8053	27,3125
-10,4066	13,6804
33,5020	-8,5356
-28,2327	50,6430
0,9965	7,3235
-6,4746	26,5263
-17,0262	77,2501
-36,2934	14,2049
-18,9922	12,6982
-22,4002	31,3757
-23,9733	22,7905
-33,4104	67,4201
-61,1320	0,5736
-13,5531	23,9705
-60,8048	51,4293
-29,4127	2,6053
-30,5273	27,7061
-9,6212	40,4192
-41,0785	17,5477
-21,3519	22,0043
-43,4371	6,6034
-15,4534	25,2159
-10,1450	65,9786
-3,3291	18,8582
-1,8216	36,7501
-4,7053	49,7256
-9,4888	1,6882
2,0453	49,2671
40,5806	17,5474
18,0357	17,5478
39,3356	34,7178
22,8857	19,1856
45,8234	8,7657
10,8927	51,8878
41,4981	-8,0774
22,2960	9,8799
28,9805	29,2778
-7,3258	-1,8512
17,2497	30,7200
18,1019	-21,3156
11,2857	13,2881
0,0139	48,8076
-5,4917	-19,1528
12,0068	33,4073
0,3407	25,2149
0,2101	24,4288
-13,8149	38,7152
15,6106	-7,8806
-23,8419	6,3410
-5,5571	37,4044
-8,3754	-16,5969
10,8923	31,3101
-16,3050	19,2505
-18,5332	-22,4294
-1,4281	36,2905
8,2705	-0,3445
-22,3343	-6,7007
-24,3004	47,7589
8,4674	-24,5271
-14,3394	11,7148
-1,2318	33,0132
-5,4265	-26,7551
10,6299	25,5430
-16,9607	13,4180
7,7465	-2,5718
-0,5767	62,0458
17,4456	-9,9124
-25,2178	12,4361
7,1567	35,2418
-1,3628	-3,4896
-6,0161	21,8071
0,6691	-8,4707
3,6177	-1,9821
-7,9162	22,9207
-0,1177	-18,8253
16,2011	-9,3223
1,6516	13,4180
30,3567	-22,6265
-5,1640	12,5664
20,1332	-2,1798
-3,4599	-37,2409
26,8176	16,6948
-1,4938	-25,1829
16,9873	-28,1969
-21,8753	5,3569
14,4316	-37,1757
-2,3456	3,5222
4,9287	1,5556
24,7207	-36,1925
27,9315	14,3356
19,7398	-20,6608
7,4848	-25,1822
29,1772	13,4835
9,9750	-29,3768
37,8280	3,6536
15,6109	5,8159
12,7931	-12,1405
-0,0516	28,4914
25,7033	-17,3182
-12,7659	-22,6912
-6,2780	41,0743
-7,6541	-16,5317
-21,4172	13,5499
-9,6858	14,3356
-26,9879	-5,5214
-21,0890	22,3968
-23,2524	7,0614
-15,0601	16,3024
-34,3279	45,3996
-4,7711	-9,4535
-41,9301	12,9605
-0,1836	30,9821
-25,6771	20,3658
-3,1983	63,8155
-9,9483	9,2244
9,5158	16,6306
-12,0451	52,2159
-5,4262	10,6663
12,5311	26,3953
10,8922	27,6398
10,4342	-0,7368
20,7886	29,9993
47,2650	-1,0649
11,8101	-11,0261
31,4057	22,0690
15,0871	-26,8861
38,2213	5,4888
21,0509	15,4494
34,8134	-25,7720
24,1968	20,0375
25,5729	7,7163
24,2625	-8,1428
27,0145	47,8901
36,3209	-3,8179
16,0046	7,3243
51,1977	57,7202
21,1163	-24,0024
35,4695	32,4243
40,1875	20,6928
64,2394	17,6130
34,9447	42,0575
60,7659	-5,6524
32,4544	8,8315
49,4938	29,9988
26,3597	-22,4951
30,4226	25,9362
19,3474	20,4305
28,6529	-12,2058
15,8737	29,8680
0,8000	-8,2740
10,5655	9,0280
19,2153	45,9895
18,8882	-18,8908
6,6327	22,7904
27,4734	38,4528
10,6958	-27,5415
19,3469	31,2441
14,3004	7,1920
25,9003	-24,8546
-14,4696	5,8817
9,1889	-18,3010
15,8734	-7,7496
17,6425	3,6533
1,7180	-0,0819
16,2664	30,2609
42,5465	-23,3475
15,4143	-6,4383
22,3619	39,4358
-7,6538	-14,9589
59,0617	-9,9119
13,6449	30,9162
46,8720	-7,4875
10,7615	28,4262
33,3060	12,1728
7,0917	0,1805
32,3883	34,7832
-1,4933	-18,5632
28,4562	4,9649
20,1990	38,1908
18,1014	-2,6376
26,0317	44,4830
19,2810	32,6203
11,2205	-4,6033
4,6667	32,6210
27,8008	20,4311
-2,6081	32,3586
-0,7726	36,4870
-20,6305	6,5374
21,7714	19,3170
-5,8196	24,4938
0,4718	4,3091
-9,0961	28,2295
-9,1620	-11,0923
-31,3781	-21,1186
-5,0331	29,0157
-12,7661	-21,5783
-12,0455	4,3089
0,3410	-18,3015
-8,0478	-35,5369
2,5038	20,1026
-20,8926	-24,0033
25,9656	-16,5970
-10,6036	12,3038
18,9536	-26,8210
-5,3604	3,3257
29,2427	-0,2137
-4,1804	-25,5101
38,0245	1,8839
11,6791	-15,5490
3,4872	-12,1406
20,9855	-7,7503
13,1206	-36,3235
24,5243	-9,1913
0,1444	6,8643
0,6039	-30,0975
7,5501	11,7146
22,3615	12,3039
8,9263	-9,5841
24,9172	44,8756
0,7344	-6,5698
15,0869	18,3999
9,9096	57,3276
25,5722	15,5160
-1,6248	35,3737
3,4212	41,9270
-8,0471	38,3883
-0,8387	66,0444
10,0407	29,2787
-0,6423	41,4034
3,8802	81,8382
0,7342	14,7954
24,6550	36,4881
-4,1155	56,0826
8,9264	11,0597
-14,8632	28,4268
26,2277	8,2413
-17,9436	9,2248
0,3412	38,0598
-12,4381	-5,0625
3,4211	21,5450
-34,1961	37,2074
4,6665	-18,1045
14,0380	14,9912
-12,7008	-21,9716
-3,8530	-33,2429
-26,8564	13,3523
-1,4280	-53,0354
-10,7346	-18,4975
10,6302	8,3712
-37,0799	-62,3414
13,3175	-14,8276
5,1906	-25,3794
15,3486	-22,8884
-10,2100	13,4178
1,8486	-37,1756
22,8856	-19,0871
13,0547	13,8112
-11,2583	-15,0898
4,2077	25,6083
22,4268	7,3232
-2,4116	1,2947
3,9460	54,7714
7,9431	5,2918
13,1862	4,2441
-6,5402	37,4048
8,9919	-11,0259
-9,6858	36,6189
22,6888	31,9652
7,6811	10,4700
15,8731	61,8497
7,3538	0,9669
20,4605	34,9151
17,5121	40,6813
31,5360	-4,7999
23,3445	51,2332
6,4362	43,6959
43,2021	9,8145
20,2641	55,8858
39,9251	9,6829
1,1934	18,6619
21,1164	42,1231
2,7005	7,7824
38,8764	10,8629
-5,6228	37,5356
-13,5522	7,3893
7,0917	19,6447
9,4504	16,2364
10,7617	8,8314
6,0426	25,6081
-0,7727	9,1588
18,0358	24,1666
20,0020	14,4667
6,0429	-12,7956
40,7768	33,6035
0,3412	-11,9443
40,3182	-27,8030
-3,4596	40,4843
32,6508	-35,7993
17,4462	-1,6546
12,8589	19,2506
23,2794	-29,9667
41,6288	-10,0435
13,3834	-17,4495
43,4638	-26,4930
25,4418	1,8181
21,9680	-30,4257
25,1140	-27,1483
-6,3435	-2,4420
9,9097	-40,4524
10,4990	-1,1962
24,8515	-37,7657
-10,3414	-23,4127
23,2131	18,7262
-11,5210	-34,7510
21,9024	-22,0363
-6,8679	27,0495
5,1252	-33,5055
-0,3797	-3,8828
1,3896	5,4884
-6,9332	7,5858
-27,6428	46,5791
1,0623	-22,9542
-9,0966	6,2754
6,3704	20,1027
-11,7836	-33,8330
3,8143	-2,8998
-20,9585	-8,9297
10,1056	-29,8354
-25,2184	22,2656
-16,3053	-31,0157
-22,2034	-20,2670
-3,7882	21,6751
-22,3345	-62,4070
-16,7643	-17,2523
-10,0795	-2,7041
-5,8200	-30,4909
-10,4727	5,0950
-26,1362	-12,6655
-16,0429	-36,1922
-29,1505	25,8699
2,9623	-8,5366
-7,3926	-14,1063
0,5375	18,8578
5,3216	2,9982
23,5404	28,8195
-12,7006	-0,7371
7,2225	24,3636
-5,0328	56,8689
10,1713	-4,8657
-16,6325	44,4179
-18,2712	85,3112
-20,7611	14,2706
6,3045	45,7941
1,5205	55,3615
-31,9026	34,9801
-7,3266	43,3685
-11,5867	-1,7201
16,0696	15,5819
-18,7301	37,9943
17,5113	-6,5044
-6,6713	7,7829
19,5428	13,8116
7,6156	-2,2442
8,9917	46,2519
12,7931	-16,9902
17,3801	1,7539
9,0576	55,3610
5,5839	5,4231
11,2203	29,6060
-5,4917	31,1783
30,9466	1,2945
2,5036	24,4940
22,5580	-5,2593
8,1399	3,5882
26,0313	22,0690
7,4848	-20,5948
28,6528	10,1419
13,1209	1,2940
17,9705	-17,8421
5,0602	27,0496
28,6527	-35,0784
-2,5422	-5,6522
-5,6225	24,2312
16,7255	-30,9496
1,5861	7,8479
21,3783	20,4958
-17,8124	-11,2232
10,8274	23,5765
6,2390	-2,5070
-3,4599	4,0473
2,3073	41,5332
11,1543	-6,6357
-19,3194	11,3876
11,5476	32,9482
-18,8609	18,2682
7,1567	32,1621
-4,1810	16,1711
-9,7519	8,5039
0,4066	46,5798
-27,0533	-0,2129
3,5524	13,2227
-10,2106	41,6644
-4,9674	-5,3900
-24,8249	31,5725
-5,6885	13,6805
-28,6915	3,6542
8,6638	44,5481
-23,9076	5,2921
-17,6816	44,7450
-28,6259	56,6719
-5,0986	15,7779
5,5183	31,6379
8,0084	30,1300
4,5356	6,1445
15,7419	41,0747
24,0000	-16,0068
19,2156	13,3534
43,9886	37,4043
3,5529	-11,2887
45,4307	-6,6353
44,9712	15,6466
39,7287	-12,0751
20,0025	36,4869
47,5273	-8,9953
-0,9035	12,3702
30,3570	43,7609
8,7303	-27,5415
42,4153	-11,8778
13,7762	25,2147
9,0575	-12,6648
20,9197	20,6931
9,5814	-5,1938
12,2689	4,8990
4,1421	30,5230
23,1475	-33,0466
-12,1764	17,6788
16,9872	35,2412
-11,7831	-12,2717
27,8659	11,1250
-30,8540	19,3165
-3,9186	22,2661
-12,8318	59,3591
-19,1232	12,0424
-23,2518	37,8643
-13,9461	70,8283
-15,7811	57,7213
-30,5266	55,8210
4,5351	51,8890
-23,8422	45,4669
-17,9434	103,2690
-14,0769	33,1456
25,3754	58,3122
-27,1186	96,9773
14,8901	29,9998
-1,2973	64,3410
27,9971	51,0365
-11,5205	37,8639
12,9241	54,9685
25,5073	-0,9994
25,1791	6,4067
10,0410	34,1276
20,7887	-19,6773
40,7116	16,3677
19,6090	-4,0801
58,9307	-28,0656
13,1864	16,7607
42,0225	2,2768
20,8542	-29,5730
42,2190	5,8161
17,4464	-20,3981
16,2669	-7,2907
4,6018	15,7121
39,8597	-2,1791
28,8497	27,4430
38,7454	-20,0049
15,4804	-4,6035
11,8757	25,2148
12,4004	-16,7279
30,7499	9,4867
35,2065	20,8893
21,5093	-18,1697
31,3399	23,7078
-4,1808	0,5731
22,2306	-6,1109
15,5457	35,7002
32,5848	-29,0491
12,3997	-7,3562
-0,5763	15,4497
14,3005	-33,9641
13,2514	4,6366
-8,3093	-14,9590
-14,6011	-24,3301
9,1889	40,8778
16,9217	-17,3838
27,9973	-25,7061
10,1061	25,3460
30,9467	2,8016
-3,5255	27,3777
36,0584	-3,8831
17,6427	-2,8992
32,1916	55,3613
4,3392	3,7845
26,0970	15,1232
18,2329	57,6551
21,2472	11,1902
3,9464	25,0191
14,3660	49,0701
15,1527	28,2956
21,1817	57,2623
24,2620	8,8310
-2,6732	10,7324
41,1704	60,4734
9,7782	-0,3439
29,8325	25,7400
3,0284	39,3707
34,4202	-5,7175
23,9344	29,9997
38,4177	30,6547
27,7356	31,9000
17,9052	42,3200
32,1269	1,0325
46,8718	18,7931
32,3233	33,6691
43,4641	12,6324
35,7313	39,3707
47,1996	-1,7203
48,0517	15,2539
25,5730	36,9457
59,7827	-3,2933
4,6014	4,5059
55,3263	24,8869
32,2573	-15,7451
29,7014	10,9281
-7,3914	-15,1556
28,4563	-1,8511
19,2813	25,8697
16,8562	-15,4833
17,3809	-16,5314
4,9287	31,3746
28,3909	-39,6008
19,4119	-23,6747
12,9899	-28,8528
12,1378	-24,0683
33,8957	8,5681
8,5332	-45,6298
32,7816	-26,5583
6,6982	21,0854
22,8201	-27,8042
17,9705	-0,5408
10,5647	6,8643
-19,1881	-11,2233
3,4213	17,4814
19,5433	-17,6460
-11,3246	-5,5869
-13,2244	8,8958
-4,1154	-20,3984
10,5648	-14,1067
-2,1493	1,1627
37,9586	-32,9155
-12,4386	19,5785
20,9194	-41,1077
6,2393	-22,4948
24,1306	29,7365
-2,8699	-24,0027
33,7645	4,6369
10,7616	19,4472
18,4293	-8,6016
28,1289	27,1809
29,3081	12,7626
39,2700	-0,6717
24,5241	24,7559
34,6829	-31,1460
36,7138	-14,0406
58,6685	14,9912
3,8150	-5,6528
41,4329	6,1440
26,8178	15,5152
31,9953	-15,8107
7,4196	32,8169
30,2914	-25,6414
24,1311	-13,0577
9,7129	31,8337
21,9032	1,9491
23,0820	0,7044
27,4079	-1,1307
6,1738	-4,4071
14,1697	41,2054
11,2200	-18,5633
13,9727	-9,2564
-13,6181	47,6933
3,0282	-14,5001
-17,2880	-1,6546
7,2220	14,2701
-29,4123	-35,1435
-13,6182	8,5686
-26,3976	-9,2574
-26,7912	-14,2377
-33,4100	7,1921
-17,6818	-34,9474
-21,9413	-28,5244
-18,0097	-0,1482
-6,1474	-52,9696
-32,4272	5,1606
7,0256	-31,0811
-20,6963	-23,4128
-5,2293	12,1726
-6,9988	-27,8697
36,1891	-18,3009
-10,0136	14,6632
14,4317	-31,1461
0,5381	20,6930
8,8609	-4,9322
8,5991	-16,0069
11,8098	30,7196
14,1696	-8,4710
11,7442	8,8310
19,6745	13,6146
-15,1908	-17,1217
10,6962	-3,8832
8,4019	-25,0516
26,1622	-22,0363
-21,4824	13,4179
27,0143	-28,7215
3,4866	-6,3733
16,2663	19,3816
9,5162	-12,4029
31,9293	6,4716
2,8973	-2,3759
22,0337	4,4402
25,1139	45,5307
20,8539	-8,0774
19,4126	-6,9627
18,2325	37,6668
28,3908	-3,4899
14,0379	15,8438
34,0923	10,4692
8,2053	-0,4747
15,4798	66,0436
-1,6249	-13,7791
20,7224	19,2518
-21,4822	55,1646
27,4072	8,7000
-8,8340	31,7690
-1,7562	34,2589
-7,5230	4,1784
11,1542	39,5022
-1,3628	9,0930
-6,8678	19,1862
34,7476	31,8337
12,2027	-18,6284
28,8497	1,8188
14,1037	9,4204
34,6822	-29,9662
15,8079	21,7414
46,0855	-7,2913
20,3302	2,6050
54,7362	22,3963
25,5075	-35,9301
40,9082	-2,4409
41,8259	9,9447
36,1239	-16,0728
41,8915	11,9766
31,6674	-15,0900
26,3595	-5,1278
16,4634	17,4813
53,0323	-7,9464
5,8464	6,0787
33,8305	27,5742
2,7007	-17,5798
43,9883	33,5386
-3,9838	11,7802
21,5752	11,0600
30,2914	73,5806
29,4393	5,3574
14,1043	24,4949
22,2961	44,1547
9,9103	2,6052
56,7678	28,8852
44,0539	-8,9294
6,3054	5,8821
42,2850	18,2680
22,5581	-16,4661
27,3426	-0,5406
9,4512	20,8892
37,8937	-41,3042
20,5265	-6,3075
45,5612	18,8574
9,3854	-21,5778
19,4781	27,0495
26,0971	-10,7647
42,2841	-18,4320
21,7717	7,1923
37,4345	-23,4785
37,9590	3,3259
16,8563	7,2575
39,7287	-20,2670
25,9004	10,4035
15,4805	-14,1071
9,2545	-25,2476
37,9590	18,7265
-0,9693	-43,5326
15,0872	-5,3902
-2,7386	12,1072
28,2596	-5,9806
5,9119	27,1152
30,2911	-0,3448
14,6936	-11,4194
32,0606	40,0256
25,9656	-18,1701
13,5794	-3,0961
21,8371	46,7761
-2,1493	-21,5778
31,4708	-1,3919
-10,9312	23,9697
3,8147	-3,7516
-6,6057	18,7927
14,6277	13,3531
-16,8296	8,9625
-7,4581	52,6746
-31,1160	8,5689
-8,3757	33,2109
-25,9390	18,5304
-19,3204	22,7909
-27,9706	56,2789
-8,1136	2,8017
-5,1643	1,0331
-8,1790	37,9944
4,8630	-7,3565
-1,2320	6,2754
16,7251	-6,5702
7,0258	-32,5221
26,8176	23,6416
6,5016	-26,7556
10,3026	-32,1945
10,6307	-2,1796
23,5407	-25,9690
-4,7703	-10,1090
23,2785	5,0293
3,2905	-11,7475
10,4335	31,3752
27,6042	-0,4756
10,9579	-0,6056
33,5679	68,0096
-3,5254	-10,0434
41,7602	13,7470
-8,4407	53,9196
39,1388	-5,0626
-0,8386	37,7328
31,5365	3,3912
2,5694	12,4357
2,6350	28,1636
1,3247	-20,3984
10,9579	2,8674
5,5189	17,2846
-1,4940	-14,3035
13,0554	7,3234
8,1399	-29,3113
20,3953	-22,5606
-11,1277	36,8798
14,4315	-22,0372
6,5668	-25,8373
-4,7708	18,5297
-6,7367	-31,3429
2,2414	-1,4582
-19,7784	-5,7186
3,0934	-25,7065
-27,7735	9,4859
9,8437	-28,9181
9,9749	-15,5484
-11,8487	6,4709
6,1086	-37,5033
15,5454	-12,8616
23,9343	-6,8326
12,3340	-13,1238
25,7037	29,8674
10,6303	-39,0104
34,8130	1,4259
-1,9527	21,0203
21,3127	-17,4490
6,1082	9,9454
-0,4453	19,8408
-7,8505	-17,6453
24,3273	55,3614
11,1546	8,9615
-2,3458	5,2269
4,6015	39,7634
20,5917	-13,5170
17,3152	7,7171
3,5525	-3,6867
36,8449	-15,5482
23,5405	19,5787
25,1793	-20,9228
-2,8702	-8,7978
31,2085	29,6708
-7,7198	-36,9790
23,0165	-12,0746
-20,9578	30,9159
0,5378	-11,2890
-10,2098	19,9716
-5,6228	-33,3748
-4,4428	-31,4079
-7,4580	40,5496
0,9966	-52,3147
6,3699	-13,1889
0,4722	3,1287
-20,3684	-48,3824
21,5746	-3,9486
-30,1989	-19,8746
4,0768	-35,1439
-13,2908	3,9151
-0,0524	-35,4720
-11,2589	-27,1484
1,1271	15,7117
-10,5379	-19,3499
-9,4241	-4,9971
-6,0159	30,3919
-11,4556	1,2941
-6,2123	26,7222
-7,7856	1,5561
5,4529	1,3602
-2,4117	36,8798
3,2900	-9,1260
-14,7323	4,5056
18,1668	-1,5239
-27,5771	1,6220
9,9750	32,1612
-6,3435	-23,7409
24,3271	-4,9969
-10,9962	18,5299
24,5896	-25,7067
13,7763	2,2119
1,6521	10,4034
23,0827	-14,0410
11,4166	27,4431
12,3346	-3,0968
-1,0351	3,1952
21,3783	36,6179
-22,0069	-19,9392
-7,1954	16,4992
-22,9899	44,6132
-1,1666	-11,8124
-37,0801	33,4072
-7,7201	10,9936
-24,4318	-3,6205
-29,7402	28,1638
-28,0358	-34,6851
0,3406	-10,1739
5,5183	9,8131
-24,1698	-47,3335
-3,7217	-3,4900
20,1981	-17,9085
33,1089	-31,7361
-15,3875	-7,0949
19,5435	-49,9552
9,5161	-36,7819
11,2201	24,0346
15,1526	-45,5641
18,5600	-8,4703
14,8250	-14,3035
26,0311	-8,8635
14,8251	46,8416
19,2811	6,5368
22,2308	10,0764
24,3275	34,3242
38,6147	-7,6187
22,9513	20,6933
52,0496	27,4432
23,3448	6,7340
50,4767	59,6869
29,4397	20,2341
61,9454	10,7978
23,3448	69,9105
58,6033	8,6998
35,0758	-7,3556
47,0033	44,6791
42,1538	-5,9801
46,9375	33,4070
39,4669	-15,2867
50,3451	-9,6500
23,8036	22,8550
19,2157	-52,3144
22,2305	-10,6986
8,2712	27,3764
14,4972	-33,1783
-8,1784	-14,6313
24,3275	-34,8165
12,7927	-26,5584
18,2325	-1,6554
0,2758	-26,3624
13,2516	-23,8059
-6,0813	-6,1118
-5,0328	-33,5710
-19,6472	-6,7667
-5,6884	0,1139
-1,4284	-27,8038
-19,1891	11,5831
-0,0523	-33,7024
-14,9292	-28,9176
-5,8195	5,0293
-20,7619	-27,2139
-4,9673	-1,7205
-17,6160	-17,3838
19,2806	-21,9708
-38,5217	28,8189
20,6573	-10,8303
2,6346	-7,9461
-11,3899	32,8166
-12,4379	-28,2628
11,5476	-5,9801
5,9118	20,0369
7,4842	-45,2364
8,3366	10,9933
-9,0962	-24,4620
31,7327	-33,9643
-14,2737	7,0607
18,2979	-33,6370
-28,6260	-14,8279
3,4868	-13,1899
-28,4293	-30,9497
13,3169	-5,8496
-8,5066	-53,1010
1,0616	-18,6286
-20,3683	4,2426
-12,5698	-45,4985
-14,4700	-6,5700
-1,6252	1,0969
5,1905	-35,1437
-9,9482	-3,8831
25,4412	-19,0221
-13,0941	-8,4704
18,4946	28,3602
-9,0962	-25,6411
40,9080	0,6392
-6,2127	15,8430
16,8563	-10,8300
-2,7387	13,2873
31,7327	-17,7768
-19,0571	-0,3442
18,1016	34,8482
21,9025	-32,1293
-1,5597	-16,3347
15,7424	20,8235
0,4063	-20,1362
25,7692	1,2286
-6,4096	-12,9930
1,3898	-49,4304
-25,2835	12,1729
32,1914	-24,7896
-20,8930	-9,8470
-12,1107	5,6844
-7,5232	-27,8700
16,5279	-29,9665
-34,8517	-34,4235
-4,8366	-43,5323
-17,4191	-4,3424
16,7903	-32,3262
-1,2976	-24,9856
-15,4533	26,7872
20,3295	-20,6605
-7,9822	13,9429
9,8440	24,9522
-13,5526	-2,7688
18,2325	39,5016
-5,5572	-13,3858
17,0528	-7,2247
-10,0789	19,7100
25,5069	9,2895
8,2711	8,7658
3,0281	22,3311
-3,0006	-23,6092
25,8346	26,0015
10,4996	-1,3276
27,4075	-19,8080
37,9589	9,4862
16,0044	-20,9226
27,6700	-4,9969
23,2132	-19,9396
26,8833	-25,1164
-17,1565	-1,3927
22,7547	-11,2889
-12,6349	3,3916
6,1741	42,5157
-3,6566	-23,0855
5,9116	3,9164
-20,2370	42,5813
14,6278	-16,7934
1,6518	14,4673
2,5034	9,6829
-6,0155	-2,1131
-4,8363	41,0745
16,8562	-10,1746
-5,5572	14,5986
15,2175	17,2193
-31,7718	-20,7254
-0,7733	19,2516
-37,6702	14,1392
-34,1312	3,1955
-44,3547	44,3514
-31,5098	1,1633
-29,9366	10,9945
5,9110	53,7886
-22,7277	6,3411
-15,5843	56,8037
21,5748	20,2999
-1,2976	9,2252
11,8759	74,9571
16,9872	25,7393
32,3884	31,1797
1,5208	77,9057
30,4878	12,2392
-12,3728	49,7918
25,8348	53,4608
8,0087	28,6890
4,9941	54,2478
-3,2632	15,9749
-17,0261	34,8496
-8,8337	68,0098
19,1493	20,1035
-0,6421	19,3174
-18,8613	55,9513
-3,7874	0,7049
-27,9051	46,9732
19,0847	1,0322
-13,3563	3,3921
5,2564	45,2688
-16,6983	-0,8685
6,8947	-7,2249
-15,3219	17,2850
20,5914	-13,5824
-17,1570	4,8334
-2,6738	-4,2764
-22,0723	-10,3708
-38,3252	38,8461
-14,2732	-17,3182
-24,2354	-3,3584
-23,4481	21,6754
-5,9508	-31,5390
-6,9990	-2,9651
-5,2953	13,8770
19,2808	-12,9923
-12,7662	35,6352
4,7318	-15,2208
-2,1491	14,0744
25,9654	35,9626
8,6642	-7,6184
13,5139	38,3875
23,2790	6,9957
11,0233	2,2119
23,3448	40,0257
18,6909	-27,2798
6,7642	7,4549
5,2566	20,4955
43,0052	-40,3211
-10,7344	5,6198
34,7478	1,1625
-5,4919	-25,4446
8,3368	4,7673
-11,8486	-35,1442
2,7659	-17,6456
-7,9819	14,3351
-14,5357	-54,0186
-12,4384	-19,1531
-5,7543	-23,0858
-21,7445	-46,8093
-20,7621	3,0631
-27,1842	-16,0080
-15,5194	-37,0444
-15,8468	10,1411
-43,7654	-40,3217
-22,9902	-19,4804
-43,7001	-5,6530
-32,3620	-39,0757
-59,6251	19,2512
-26,0708	0,5075
-64,7368	-17,5796
-40,0296	37,4702
-46,5177	3,5223
-26,2016	9,1592
-21,4173	44,0890
-19,3859	-18,0387
-20,1719	27,3780
-7,3925	13,6149
5,3875	-16,9897
0,3409	56,9997
25,8347	-10,3058
4,9286	-10,9603
1,0626	39,1082
14,6941	-25,8378
54,8671	-6,6352
11,2859	-7,1601
22,5583	-6,9631
34,8136	7,2578
35,2719	-26,7555
21,4442	-9,3879
3,0282	24,6246
22,1653	-11,2891
16,9870	6,3403
24,1309	-2,5728
-10,4720	-31,5392
35,5997	5,5541
10,3681	-8,5364
31,3398	-19,5460
11,4824	39,5017
37,3692	6,9299
11,4172	-8,6669
34,4202	17,5472
38,0905	4,1779
54,9984	22,9865
46,6102	-21,7747
57,6853	-24,8543
37,5009	19,8403
42,7435	-62,0794
59,3241	-34,0294
53,6222	-5,1294
36,7142	-54,6083
19,4782	-15,1556
48,3138	-47,4652
11,7446	-33,1121
30,1602	17,4809
2,1108	-46,0886
19,6087	-4,2762
-0,2487	18,8574
-1,1664	-18,5631
-20,1715	13,5497
-20,0408	2,3426
-12,4384	-0,7368
-37,0804	40,8780
-30,2641	-5,9148
-29,1506	-7,9455
-3,2638	40,9432
-45,0105	1,2943
-11,2589	16,0399
-38,7190	-5,6528
-0,7735	-13,5165
-42,9787	42,5158
-21,7449	-18,9568
-29,9367	-32,6531
-25,0874	6,0125
-35,1141	-25,5759
-15,1259	-6,1114
-35,7038	-21,9059
-26,9879	-21,1191
-9,6205	9,6825
-16,1088	-28,5905
3,0934	-35,8642
-14,2738	29,3431
0,6032	-34,0296
-20,4340	-8,8635
1,5862	12,5007
-30,2644	-9,4536
-2,5427	22,7901