-43,1737	-53,9627
-20,7610	-68,4463
-39,1759	-76,5722
-30,6565	-53,2417
-22,2673	-65,3662
-20,4329	-83,4533
12,5324	-28,7312
-14,7313	-54,6837
29,8993	-43,9353
-14,4033	-34,1708
15,6779	-66,2832
-4,4417	-57,4355
31,0786	-44,5908
-26,0684	-68,4459
21,7723	-39,6100
-20,6291	-65,5626
-13,4860	-68,9702
-15,4518	-64,5792
-20,8920	-62,6788
-29,5420	-50,8169
-56,8056	-59,1399
-18,9905	-64,1204
-36,0966	-26,3065
-13,2893	-76,3759
-58,2475	-48,9159
-0,9031	-39,2171
-63,8834	-61,1715
5,5192	-48,8504
-24,3655	-35,1540
5,7807	-77,8829
-76,2693	-38,4958
-3,1318	-40,9210
-49,7930	-55,9284
-38,3901	-57,7636
-26,6585	-74,0160
-40,2255	-41,8382
-28,2313	-61,4339
-52,8736	-73,8854
-34,7194	-55,7977
-45,0749	-80,8327
-14,6659	-113,2724
-56,0847	-54,5528
-14,7973	-95,2509
-66,5050	-90,4663
-33,9339	-92,5639
-72,6653	-115,4357
-40,5532	-98,2651
-84,7894	-94,2024
-42,2572	-126,3801
-77,9737	-87,2555
-63,2287	-119,6302
-51,6284	-115,5668
-86,6906	-112,4870
-68,8642	-142,3711
-99,6011	-101,8701
-46,2546	-126,5122
-88,0016	-160,9836
-56,6095	-134,2451
-100,0601	-151,4814
-50,1873	-144,2067
-96,9144	-140,0129
-64,0811	-176,1883
-92,7855	-129,0025
-71,5524	-145,3214
-96,7827	-143,0271
-92,7859	-122,5802
-92,0641	-138,0466
-81,9069	-140,6676
-74,8285	-112,0287
-115,0681	-143,7478
-72,1412	-115,0429
-91,1475	-114,3881
-56,5443	-146,8935
-134,4008	-114,8465
-44,2890	-137,5877
-111,5947	-139,3568
-78,8921	-133,3934
-101,9607	-156,9863
-96,5219	-135,2936
-126,0777	-148,4016
-113,2335	-161,7705
-127,9127	-127,7577
-123,5227	-166,8829
-104,8441	-183,2007
-127,3237	-148,4671
-92,5235	-181,8906
-140,1030	-142,3066
-78,9575	-148,8608
-121,7531	-187,8543
-74,2393	-166,0303
-119,0005	-154,7588
-79,8103	-206,5970
-142,3967	-158,0348
-95,9978	-183,7908
-127,5204	-190,6059
-128,1105	-133,3937
-138,5300	-166,0307
-138,2030	-150,8917
-131,3863	-164,3269
-123,1297	-181,1037
-102,1575	-162,0331
-124,8335	-189,6894
-80,9237	-192,9658
-125,9471	-167,5385
-41,7988	-199,5856
-107,4005	-187,1993
-50,8428	-224,4238
-92,7856	-213,0855
-78,3023	-192,5736
-105,3027	-241,9219
-80,3997	-215,5107
-107,2033	-198,4063
-84,7253	-232,8779
-82,6934	-182,4152
-131,9768	-211,7758
-112,0532	-224,9478
-139,3825	-183,6604
-110,7430	-209,7439
-165,1382	-199,8474
-111,5951	-199,3233
-147,2472	-208,9567
-103,6002	-163,7372
-171,8231	-187,0029
-121,8847	-229,0759
-158,3879	-170,2906
-140,4970	-204,3044
-150,1955	-202,2065
-141,8733	-186,5443
-134,9909	-209,3508
-137,9408	-208,5645
-120,3108	-223,3758
-129,0279	-239,6942
-87,6087	-234,6481
-159,1743	-248,4763
-85,5114	-253,1948
-140,1689	-241,1364
-79,4824	-261,7148
-132,9601	-258,1756
-99,8644	-263,9433
-132,8943	-300,5773
-124,5716	-267,1544
-137,9404	-299,1361
-137,8755	-308,8351
-131,0593	-266,8270
-159,3059	-303,9207
-131,4524	-329,6103
-173,9859	-298,8744
-103,2066	-317,2903
-165,5977	-302,1514
-131,3215	-337,4757
-159,1093	-343,6356
-118,8703	-323,1232
-185,2578	-353,8599
-127,5211	-349,8616
-165,0731	-340,2284
-147,7721	-360,3476
-183,1607	-350,2551
-181,1955	-342,5876
-192,5323	-367,4909
-190,5014	-325,2204
-159,0437	-343,6363
-202,7569	-346,7816
-168,2843	-334,0024
-204,3298	-358,5124
-169,2675	-340,8178
-212,0627	-329,6770
-159,9618	-375,4864
-188,9287	-350,3206
-164,0908	-360,4134
-220,1893	-338,7211
-182,3099	-340,4910
-215,2742	-372,4723
-224,1220	-359,2338
-229,2330	-371,4240
-207,4107	-390,1669
-218,7477	-354,6467
-250,7953	-372,0797
-226,5462	-402,7500
-245,4213	-373,9146
-201,3810	-419,9865
-257,1523	-404,5195
-200,2015	-379,8134
-248,3051	-453,0166
-198,7601	-426,6709
-263,2473	-428,5720
-231,5936	-450,4607
-273,4705	-407,4037
-232,9044	-449,1503
-251,2541	-424,8358
-247,7156	-394,7554
-264,1642	-429,6204
-276,0923	-410,8767
-249,6806	-406,6172
-264,2959	-408,1898
-221,1075	-383,6797
-280,6143	-415,5958
-210,6216	-402,9471
-259,7740	-401,7678
-217,5688	-462,7814
-251,4506	-437,8121
-204,0689	-430,8004
-277,7959	-457,7354
-231,5281	-436,5020
-244,3070	-462,9129
-256,3009	-430,6692
-260,9528	-433,3567
-246,8636	-476,0855
-245,7489	-429,8170
-273,7331	-416,1861
-243,3896	-416,9067
-288,8720	-409,7632
-238,3436	-413,7609
-275,0440	-418,0857
-213,7029	-403,2746
-296,2779	-417,6923
-242,0797	-376,6012
-294,0495	-376,7984
-261,6095	-409,8933
-263,6407	-356,8092
-272,4231	-386,3663
-270,9801	-375,5522
-283,3675	-348,0278
-268,2931	-377,2564
-274,6508	-377,2560
-242,6688	-375,0281
-265,5415	-387,3483
-219,4693	-341,1459
-259,3153	-366,0499
-222,4839	-371,8164
-233,5591	-359,8894
-201,7091	-382,3681
-247,3868	-353,0079
-199,0872	-359,8897
-232,2477	-377,0596
-202,2329	-352,2872
-215,0115	-364,8048
-199,4148	-382,9577
-206,4262	-332,6921
-205,4436	-400,3908
-163,5002	-364,7387
-211,0797	-355,6298
-154,4559	-400,0628
-194,9577	-355,3015
-134,3366	-350,3871
-195,6126	-391,9362
-126,2755	-356,8087
-147,8369	-361,7899
-127,7176	-344,5536
-143,2489	-345,1437
-120,4430	-374,9619
-150,5889	-319,5186
-136,1715	-332,2987
-131,7800	-362,5101
-140,9556	-317,5524
-138,2024	-336,7550
-188,9278	-324,8267
-105,8277	-311,0648
-176,9353	-348,5506
-118,5421	-312,9645
-178,6390	-298,6128
-106,5496	-332,8218
-183,4233	-289,8958
-142,2011	-302,2167
-179,6217	-298,1531
-162,6483	-278,5581
-161,1402	-294,7449
-159,1095	-234,5175
-147,1809	-241,9891
-146,5265	-285,5696
-140,5619	-239,3010
-161,7306	-240,5465
-112,7748	-250,5729
-180,6703	-201,3557
-99,0779	-243,1675
-159,6991	-223,3096
-117,0348	-202,6009
-160,5506	-224,8172
-101,8964	-200,6999
-151,3755	-209,9408
-118,8048	-222,0644
-169,1355	-184,5127
-145,2810	-203,1904
-144,8213	-181,0389
-124,2442	-178,6802
-139,6443	-212,7583
-154,4557	-164,1306
-115,5272	-170,9468
-158,5847	-190,8690
-102,7478	-155,5452
-164,8104	-165,9656
-106,2871	-166,5550
-166,3177	-149,0570
-125,0304	-175,2055
-147,5088	-130,7065
-122,0161	-163,7367
-174,7718	-161,9012
-148,0990	-128,7405
-152,3587	-148,2046
-164,6796	-138,0465
-126,5372	-118,7792
-162,6480	-140,6682
-115,9202	-141,9786
-150,5238	-147,4184
-100,9124	-156,9206
-142,5936	-126,0537
-71,8801	-164,9164
-129,9449	-151,4811
-78,2369	-143,2895
-96,9144	-165,3747
-65,4575	-127,6917
-98,0281	-141,1268
-97,7665	-159,0831
-84,7893	-130,5752
-64,7366	-144,6657
-80,2021	-153,3162
-95,4071	-131,8861
-55,4295	-160,1321
-93,1135	-132,0171
-62,7042	-136,8671
-91,4095	-161,5081
-47,8282	-122,9731
-96,3247	-136,6702
-57,4620	-143,4199
-98,4216	-115,3052
-55,2340	-133,9173
-96,7831	-111,7660
-62,9673	-93,6129
-85,7074	-138,5048
-87,2154	-121,4651
-89,5081	-122,0553
-76,7953	-136,0796
-65,1292	-107,0473
-98,2254	-120,5481
-75,3526	-118,9094
-96,3904	-110,9142
-54,6436	-125,5286
-102,4195	-108,8167
-34,7209	-105,4750
-89,1156	-143,2229
-47,5004	-87,5831
-91,2124	-102,7878
-53,7262	-107,7681
-89,0496	-101,6736
-64,4740	-119,6956
-70,0441	-94,9886
-77,9093	-97,8067
-68,7989	-101,6731
-89,5746	-57,6331
-60,8036	-89,3527
-90,0333	-99,7718
-38,7184	-51,8002
-93,8342	-82,8639
-29,4121	-66,7418
-73,3867	-59,4021
-31,1816	-72,2468
-66,8328	-32,3357
-20,8924	-69,8225
-65,8491	-68,9045
-22,2686	-69,6257
-58,1813	-81,3566
-51,0385	-76,6380
-27,7725	-59,4680
-36,4240	-113,9935
6,1092	-76,2448
-71,6825	-84,6995
3,4224	-119,6292
-59,0996	-62,4168
-6,2772	-75,7210
-40,3563	-87,0583
-26,7247	-78,3422
-49,7932	-103,9664
-19,5817	-63,2034
-54,9704	-108,3576
-27,1839	-90,5971
-40,7493	-79,7841
-74,6318	-102,2629
-41,1422	-89,2210
-54,8402	-85,8137
-43,9606	-118,1224
-80,4644	-59,1401
-28,4289	-64,9080
-84,8556	-100,6898
-39,1769	-73,8855
-82,9547	-66,8079
-15,8462	-74,4753
-69,5197	-67,8563
-26,1351	-96,8228
-70,4367	-59,9261
-9,6857	-75,5896
-44,4189	-84,5021
-30,5258	-69,4946
-1,6894	-60,5820
-30,5916	-63,3999
-23,5781	-63,5312
-32,4265	-77,2279
-13,4204	-46,4262
-49,9243	-77,3592
6,8954	-73,9509
-41,5359	-43,8048
5,3224	-48,6544
-42,7153	-57,9602
-15,8459	-39,4136
-40,0282	-71,9191
-6,1469	-47,4739
-61,1306	-23,7505
-50,7108	-55,8627
-38,5860	-15,0339
-44,9440	-35,7438
-49,4647	-51,7992
-52,4146	-19,1628
-6,4734	-45,7050
-56,9368	-41,6413
-20,1704	-38,0371
-35,2443	-54,1587
-2,4109	-18,1796
-73,1237	-35,8745
7,4197	-42,4934
-45,2715	-34,1046
-25,6763	-32,2697
-53,5940	-43,1483
-39,1766	-15,6891
-35,8337	-50,2917
-42,5846	-13,7229
-35,3747	-20,9322
-40,6185	-39,6751
-20,2362	-20,4077
-76,9250	-36,5297
5,9782	-52,1270
-56,6746	-25,9130
9,9756	-82,9947
-52,1524	-34,2357
11,3518	-48,1957
-32,3605	-68,6424
2,7664	-60,3193
-46,5158	-72,5091
-9,4888	-59,2052
-25,6753	-46,0984
-24,6929	-71,9848
-27,7064	-47,6710
-39,5038	-62,8101
-5,0968	-72,5089
-27,9040	-24,2750
15,0224	-61,3030
-45,9918	-65,2343
22,2966	-47,8022
-37,4069	-59,7949
-4,8354	-47,9329
-36,5549	-25,1919
-3,3942	-31,6800
-49,3998	-8,3490
-32,5576	-37,8403
-44,5501	-35,4146
-38,5871	5,2170
-50,5793	-38,2987
-62,5072	-28,1403
-17,4181	-13,3296
-60,2791	-26,3057
5,8471	-16,0165
-75,2213	-21,7839
-13,4202	-39,8059
-42,7152	-25,3227
9,3855	-25,7814
-53,2009	-42,8862
0,5382	-19,4245
-40,1591	-55,2725
-24,8243	-16,3442
-50,1858	-47,8017
-25,8729	-45,2452
-39,2414	3,2508
-32,3606	-44,0007
-17,1558	-27,2885
-38,7832	-8,7425
-28,9519	-27,2890
-33,8677	-34,4321
11,6144	-21,5219
-23,9064	-54,0274
14,4325	-25,1915
-27,5761	-39,6753
25,1142	-43,4103
-42,0595	-2,4510
0,8006	-52,3891
-33,8676	-14,5748
-26,4629	-18,7040
-56,5427	-61,1051
-42,4534	-16,5408
-37,7999	-30,8280
-58,5098	-23,5531
-26,0691	0,3670
-64,9325	-18,3760
-29,2147	-7,1037
-67,8156	8,6247
3,8151	-43,1480
-51,8904	-6,0545
-0,3134	2,8580
-28,4282	-7,9551
0,0795	12,3608
-39,1101	-15,4263
-4,9011	-2,3844
-33,2119	19,5041
-14,6002	-1,7950
-0,9026	11,3776
-36,4238	-24,3394
-1,0334	-33,9726
-22,1368	17,9312
21,8382	-23,3564
-37,8652	-12,0841
45,1688	-12,1497
-31,8360	-18,5722
26,0324	-14,4435
-4,8351	-15,6888
15,3496	-0,6154
-28,4277	-8,0214
10,3687	-36,9223
-17,8111	-20,2107
-34,8510	-32,7283
-22,3327	-45,7694
-38,2590	15,3096
-13,2235	-17,2622
-56,4125	-38,4295
4,9956	5,6759
-44,8127	-26,0437
8,4032	-29,7788
-12,8963	4,1028
22,8207	-42,2964
-37,5372	-1,2708
34,6174	-28,4687
-31,5734	-35,7427
4,8642	-6,3830
-16,7622	-58,3529
0,2108	-43,3445
-12,3059	-17,4584
-26,5278	-58,4181
13,3185	-17,6542
-52,6113	12,2291
-6,8006	-37,5119
-32,0985	13,0165
9,1242	0,3673
-30,0011	-30,8925
25,5734	-4,3507
-19,9086	-45,1140
19,6098	-11,4939
-24,4302	-13,3297
9,3860	-50,6192
-10,4054	-19,3586
7,5508	-30,6970
-7,5871	-44,5902
0,5386	-22,3739
2,3743	-53,9622
-32,3601	-25,4539
33,3729	-43,7389
-24,7584	-46,8841
19,3480	-20,3424
-39,9623	-39,4134
25,2458	-52,3888
-31,5739	-17,3929
20,5924	-30,8280
-34,7198	-10,7738
-16,4355	-32,2697
-49,2684	-40,0024
-27,3146	7,1176
-37,6685	-18,4417
-36,0308	-47,7354
-18,4009	-2,3849
-36,0962	-27,2888
11,7456	-13,5913
-26,6591	-3,8269
31,0787	-32,3348
-19,7120	18,2589
35,5351	0,5637
-24,5613	-20,9970
27,2120	12,0984
-19,2526	-37,3811
22,0999	3,1203
-18,0729	-1,4021
22,6896	-29,1892
-21,0877	-6,2515
-21,8091	-15,6235
-0,8370	-22,5047
-19,0570	-18,7694
-11,3230	-53,0447
-50,1862	-32,5316
12,0076	-26,6340
-39,8974	-71,4601
14,8912	-43,4762
-25,3484	-20,0149
7,8132	-62,5474
-30,5908	-33,5148
4,9952	-63,2686
-35,5056	-39,4787
0,4075	-51,8654
-33,3429	-58,9430
-30,4598	-41,4451
-7,5870	-32,8603
-16,8943	-78,7349
-2,0820	-40,9860
-8,8333	-29,3212
14,2363	-52,1273
-15,1245	-36,9885
20,6584	-40,9860
-36,6199	-17,9829
20,9863	-19,4248
-19,5152	-56,3864
20,3303	-2,2536
-53,7248	-8,5457
6,3056	-41,5095
-34,0643	16,4895
-29,2809	-4,6132
-47,1712	-9,8556
-48,0240	1,8094
-40,9456	-21,4556
-50,9077	18,5213
-23,5131	-0,1570
-49,4661	-13,8535
-18,8603	15,3753
-62,7694	-20,4075
3,5527	-8,6107
-63,9489	-20,0799
-24,2997	-35,4147
-32,4917	4,4308
-4,1804	-28,2063
-32,8846	-31,4827
-25,3484	-6,1859
-22,3983	-13,5263
-21,7438	-38,6262
5,9785	-9,8562
-14,3385	-30,7620
-5,1623	-9,0696
-31,2465	-8,7424
-3,0653	-42,0994
-33,4089	-1,2052
16,0707	-2,3195
-41,4697	-12,6084
19,8063	-1,4672
-30,5254	-16,0817
10,3032	-20,4723
-45,9260	20,0285
-15,5834	-12,5427
-29,8041	23,1742
-23,9724	-6,4483
-38,1271	-22,8970
-43,6332	12,6229
-25,4133	-15,7541
-68,9299	3,5792
-24,1683	13,9334
-52,7425	-34,5628
-3,7870	0,1714
-49,4657	-8,2179
-1,8211	-43,1480
-46,6473	7,3145
15,5460	-40,8546
-20,4985	-9,0694
-23,5132	-9,5287
-19,5145	-45,5074
17,1845	-9,9873
5,2579	-25,3884
-3,7863	-28,0096
16,7927	1,4813
16,6609	-32,4008
44,5797	-31,6796
15,7434	-13,3297
46,0213	-35,8743
0,6049	-29,1238
60,8977	-50,2923
0,8013	-59,6633
36,8458	-41,2480
-24,2988	-44,5249
23,9348	-35,7429
-19,8425	-35,2188
-20,8916	-26,8957
-18,1386	-13,7885
-34,9819	-21,7186
-12,9611	-40,7233
-23,5131	-8,5454
11,3525	-1,7955
-39,1107	-21,3906
12,5976	-15,0334
-35,8994	-37,9709
15,1530	6,0694
-35,8993	4,4304
11,6140	-38,4950
-28,2971	2,4650
-9,9475	-11,2978
-37,5372	-4,6131
5,1259	1,9405
-11,7161	-28,1405
-20,3019	-7,0376
7,3550	26,3849
-27,1832	-46,6218
-11,9124	-10,3799
-10,0127	-2,6474
14,3668	-38,7574
-34,4574	-10,3145
33,5689	-18,0481
-26,9866	-22,3077
15,5465	-4,2856
-18,5975	-48,3910
22,6241	-24,0114
-4,7694	-6,6451
1,9804	-45,1143
11,0907	-33,8421
6,7642	-26,7644
-11,7811	-18,8347
-3,1967	-3,6308
17,2510	-43,6727
-17,2215	-1,7299
24,2634	-19,9492
-23,4475	-41,7722
25,7049	-20,8007
-16,1729	-30,5003
30,4230	-35,6117
-27,4450	-9,5287
29,3743	-38,6265
-12,3716	-15,4921
21,1821	-21,0630
-13,6168	-32,3348
-12,5687	10,1322
9,7800	-36,4638
-10,2095	-15,8195
-5,6866	31,8898
-33,8020	-19,6869
21,7729	-26,8951
-31,9017	2,6610
20,7239	-34,0389
-40,0283	-6,5794
12,0731	-32,0074
-33,0816	-34,6942
0,8660	-17,5241
-35,1786	-58,3527
-29,7394	-21,0625
-31,8358	-13,7234
-15,3871	-47,2771
-29,5419	-11,0361
-32,7537	-42,2314
-5,1624	-55,6002
-32,8847	-26,3716
8,8625	-60,5812
-17,4839	-27,9443
25,3116	-20,2116
-52,4796	-61,8267
33,3071	-33,9736
-35,3093	-48,3264
13,3184	-63,7925
-22,5951	-44,0009
16,5292	-76,2445
-20,8914	-44,1317
-12,3721	-27,3553
-18,4664	-73,8194
-30,2633	-17,0654
-4,0482	-29,9765
-19,9089	-50,1605
-3,5895	-6,1863
-30,4598	-15,9511
5,5199	9,2803
-15,7141	-1,0088
27,1464	-32,5966
-7,1944	24,9440
30,5541	12,6224
-17,1556	-26,8293
25,5733	4,0380
-14,9931	-20,0795
-5,0319	-11,4283
-6,7352	-5,7271
-17,9427	-20,4724
-16,8275	-5,7270
-7,5878	2,6614
23,0179	-15,1641
-25,2824	4,2344
26,0327	7,5108
-14,9932	-4,6785
15,2846	24,0260
-11,3885	-20,9969
43,1371	15,5068
-28,1003	12,0328
29,1122	-15,2293
-27,2483	39,2309
-15,8454	13,9336
-21,6119	1,3514
-21,6784	27,4999
-22,0706	-3,6951
-34,3922	17,0801
-19,1870	41,4587
-26,9867	-16,5401
-3,2622	14,3933
-51,4966	13,5405
11,2869	5,3490
-21,1536	17,8007
33,1756	-8,6103
-27,1171	11,7058
19,4134	23,1089
-2,7376	-12,6738
15,0221	0,4991
-23,0533	-9,0695
-1,7549	-22,3073
13,4501	15,5719
-5,6872	-17,3273
26,0984	-9,0693
-11,5854	-6,5793
12,7948	-21,6522
8,0756	-0,2874
38,2876	9,0836
2,5706	-18,5718
28,4574	9,4776
4,5371	4,7587
40,7123	13,7374
9,5177	11,7714
41,7608	3,9072
0,0807	30,5147
9,8450	6,8560
13,3844	15,5726
8,6653	24,8784
0,9328	1,2200
-14,7310	17,0141
21,3799	10,3948
-9,6848	-7,4309
33,3074	-13,0012
23,4765	-5,5305
50,9361	-32,7277
-6,2108	-1,2706
63,8471	4,8238
16,5302	-29,9756
42,7443	-10,7734
-5,0307	-5,3342
31,6030	-21,1936
4,0787	-13,1328
4,0778	-22,2420
-6,7347	12,4265
4,9298	9,0839
23,4768	3,3827
-29,6077	9,6741
33,1105	-8,4791
-33,9989	36,7406
30,0957	7,9701
-28,2972	2,9896
0,9976	29,0727
-35,7024	-3,2367
29,7676	-4,3503
-18,2047	19,8318
-13,4206	-23,0943
-24,0369	-38,2979
-34,2612	2,5302
-6,7354	-23,7496
-15,8461	10,7878
-17,2213	-13,4609
-49,2035	-37,6428
-19,0564	15,3754
-56,2815	-1,7953
-19,7121	5,5452
-41,0115	-0,8775
1,5866	-39,9362
-59,7547	22,9127
-32,3608	32,2837
-43,7636	-17,1298
-15,2562	37,1340
-46,9092	22,7157
-20,8922	17,3423
-39,1756	57,1219
-22,7269	-8,0204
-7,8495	33,9884
-22,2025	40,4760
-1,4923	10,5263
-35,3092	48,6683
41,8924	22,5192
-14,9280	19,1771
27,2778	39,6242
-9,7503	-15,4259
17,9712	35,3646
-28,0344	16,8170
20,9857	-46,9484
-3,5242	18,6526
0,4726	6,8554
-31,9010	-4,3507
-15,9110	13,4744
-16,8281	-25,7812
-50,3173	1,3509
11,9422	24,0257
-36,2931	-27,6817
-4,9007	11,6401
-47,4338	18,5208
35,5347	-18,5720
-24,3653	16,7520
15,4152	4,6276
-23,7748	15,7034
23,1485	13,0160
-10,6674	-15,5570
10,7622	23,9606
-12,6987	-6,9723
-11,8473	-2,4503
12,0740	10,0669
5,2574	-29,9101
23,7393	-17,7201
6,8305	-6,7760
38,5503	-48,4567
-11,0604	-9,3971
67,7138	-5,4655
26,1637	-32,2037
50,0846	-11,0354
14,3679	-9,9215
69,2863	-1,9914
15,9407	11,3123
42,1546	-5,4648
26,6888	2,0067
24,1323	26,1235
30,0967	15,1792
38,8776	29,2039
20,4628	22,1914
-7,6527	32,0875
42,3517	37,5923
5,9131	-4,8745
42,5479	63,2826
-11,0609	39,4925
27,0159	-1,6633
-19,0559	16,9488
26,9499	3,1862
-9,9466	6,5286
15,6119	14,7201
-16,4347	-19,1615
-11,3234	16,2933
-7,6526	4,8240
-18,0083	-20,8655
-20,3012	14,9170
-48,8753	4,6928
15,7435	-24,9943
-30,8535	18,3245
-0,3131	-14,9024
-40,9457	-30,7615
20,3305	8,1008
-35,4408	-23,6185
7,3544	-9,5281
-32,4914	5,4791
-9,2264	-38,9538
-26,1339	-15,7540
-9,7508	-19,8830
-20,4977	-25,5189
-5,2941	-17,8513
11,3526	-11,2978
-22,9230	-10,0526
24,2635	-24,8638
-18,8596	-29,8442
58,6698	9,8047
-8,1772	-13,7231
50,1498	-28,2713
-8,7666	7,8385
61,0941	-35,6771
-3,1964	18,6521
31,3408	3,7095
4,3405	-24,0115
21,0511	25,5333
-18,0070	-3,0405
12,4008	-21,2588
28,3267	17,9969
-5,0973	-9,3974
24,0016	2,9894
-6,1455	24,8779
59,7185	-5,0718
13,1220	11,7057
51,5921	6,2002
16,0060	-2,5154
75,0537	20,5530
33,4386	0,1712
68,4343	17,6697
13,5159	18,3903
42,4823	9,2812
19,4798	44,9325
31,6032	33,7911
19,1520	17,6700
-2,2785	39,5585
34,7494	8,1668
-22,7916	29,4008
21,5770	21,8636
-3,3278	-10,5110
11,6804	11,5746
-25,6753	-16,0818
22,6898	-19,4894
-38,9792	13,6714
19,9370	-36,5947
-55,2976	-11,9528
-4,8356	26,7783
-28,7557	-29,7790
-9,2922	-7,7584
-25,4786	-2,0574
-26,3311	-39,8055
-7,3907	2,9237
-33,2122	0,6950
17,6443	10,0012
-13,9447	-6,0552
28,7852	-27,4853
-14,9276	-24,5359
56,7035	-24,5361
-1,3615	-55,7965
41,9577	-8,4142
-10,5360	-28,4686
43,4651	-38,2985
16,0058	-10,6429
12,9907	-58,2217
4,4719	-12,4118
-7,9806	-8,9393
4,3410	-41,0512
7,2235	9,6733
20,6590	-41,9036
-18,0734	-26,3054
29,7027	4,7582
-8,0465	-26,4368
30,4889	-10,7078
-17,2212	-0,0914
35,4694	-21,3245
-15,3206	16,2273
13,9081	-28,0750
-14,6649	-25,3217
16,2018	19,0454
-9,9463	-25,1913
-7,9810	-5,1367
-9,4217	22,1909
-0,1823	-11,2321
2,3743	19,1110
-23,2508	-5,6620
26,4259	-30,5650
-7,1292	2,9893
23,0175	-14,2471
-26,3965	-11,3633
16,5294	2,3333
-41,2731	-44,1967
14,6285	-21,3902
-32,8191	-28,4686
-21,5473	-47,3423
-35,6368	0,8918
-31,0503	-21,9805
-41,4039	-28,5991
-35,1133	6,5935
-20,0392	2,2679
-36,0963	-1,2052
3,5535	7,4454
-41,8632	-5,3994
17,3162	23,8951
-20,7605	-10,2492
36,1244	-8,6757
-36,2267	32,6768
8,0754	-36,6599
1,7842	-1,8595
-1,1000	14,9165
-17,6796	-22,3073
-8,3744	25,4684
-8,3080	-0,8121
-18,8601	-0,6805
0,0149	27,8271
-26,9867	-2,3193
6,6993	1,2198
-40,0939	2,1371
-1,2964	-18,6375
-58,3128	2,9891
12,6624	-32,5968
-51,2351	-9,7245
-8,1782	17,9310
-62,4415	-27,0919
-9,2269	10,7882
-64,6042	10,6564
-47,0408	-29,2541
-51,8900	12,4923
-46,1236	23,7638
-50,9068	7,7735
-52,0873	30,4484
-6,9326	-1,0083
-68,2091	8,2323
4,7984	11,7711
-45,1404	-9,7900
-0,1824	19,3079
-39,8315	28,2205
13,5802	-3,0399
-27,9038	21,4705
11,0897	0,3025
-27,8379	23,2402
-12,9617	11,8365
-17,0897	-7,9548
7,4854	18,4561
2,8987	17,2103
-5,9493	-4,7436
20,3969	32,0216
7,6167	-5,5306
24,0009	0,3681
-11,3229	36,6089
50,0842	-7,6933
-16,8936	7,5770
35,7318	3,9720
0,0147	-32,2688
13,3182	19,0456
-12,9610	-12,8708
5,7813	-19,4892
-8,6354	-0,0911
-9,7505	-36,6600
-12,1090	13,1473
-46,7780	19,8313
7,2242	-20,0795
-40,0279	6,6592
8,5347	-8,6764
-23,5129	6,7907
33,3724	27,7615
-35,5716	-4,8093
1,9152	12,2302
-35,1124	22,4536
16,7915	-16,6054
-29,8697	35,9542
-10,4716	25,9268
-27,1169	5,3488
-8,6367	20,3566
-13,6167	-18,9651
-34,9821	19,5702
-14,9926	24,6813
-22,3335	-24,7979
4,3400	-3,0397
-43,6324	-1,7297
26,1636	-28,9264
-19,6465	24,0260
17,5125	-15,4265
-39,3725	-5,3336
18,5610	17,1450
-36,2270	-19,2271
-12,7652	25,7306
-23,5128	-1,7293
-26,4625	4,3661
-9,6191	16,9487
-38,1935	13,8029
-3,7860	-8,0202
-13,3555	30,0559
8,2067	19,3078
-30,8531	17,3417
20,3963	21,5358
-28,6246	-4,4816
30,2923	3,1861
-34,7192	14,3924
51,3947	-9,8555
-17,2213	24,0262
23,2144	-31,3514
-6,8663	16,9487
12,9906	6,9866
1,7191	-17,3922
-5,2284	2,7929
8,2730	-2,9745
-4,1143	-4,1539
22,4938	10,1328
-24,9547	-12,9356
12,9910	24,4856
-29,3457	22,2568
6,8959	-8,0856
-38,2583	47,2265
28,1293	27,7617
-43,6325	-1,5319
0,7355	35,8232
-41,6660	-9,0691
-2,0173	13,8689
-21,2189	32,4804
-21,9405	4,4968
-19,5149	20,0944
-23,3822	15,5722
-17,8768	6,7906
-46,0575	7,7736
-7,9152	20,4875
-48,5480	4,8247
-1,1653	25,9269
-29,1494	3,1863
3,8149	32,9395
-64,8006	29,4001
-18,8604	12,4923
-48,9410	35,5607
-24,3656	9,6742
-47,6958	41,5904
-48,6138	34,1843
-33,9985	1,2860
-39,3078	45,8502
-22,9229	38,6408
-39,2423	0,1062
-25,7411	36,9372
-56,6089	19,5700
13,9080	33,6603
-54,6428	23,6985
12,8593	-14,9673
-40,2248	18,6527
-16,1731	2,9890
-27,3792	-25,1253
-6,2119	18,5868
-30,3936	-15,8856
5,0603	-20,0136
-27,7721	-4,6787
-11,2578	-26,5019
-4,5722	-4,2852
-5,1628	-6,3829
32,1275	-36,2012
-24,0372	18,5866
40,2540	0,8915
-20,3015	3,1858
43,1373	10,0668
-5,6215	2,5303
35,3382	-0,6150
-19,7114	26,7786
15,2186	-15,4917
-18,7940	23,1746
-6,5393	2,3338
-4,9656	-5,8577
-6,4738	15,5065
17,9063	-10,7079
-14,0103	-12,8702
13,8434	3,8410
-2,9998	-23,9462
50,4122	-10,7731
5,5853	6,2656
81,8694	-20,0141
0,7357	14,9165
64,5024	-29,6479
-3,3272	-7,4307
42,6787	20,4214
11,6807	-33,5143
31,0129	0,8924
-15,8444	2,7269
0,2768	-11,0353
8,2728	12,4921
-16,2385	-17,9822
0,3429	-7,4306
-20,4983	11,7052
14,8260	-18,5722
-29,0179	-28,9266
26,0980	-18,0480
-12,7649	-41,9027
38,8117	-17,0648
-22,0054	-9,0698
32,3893	-29,4514
-17,4176	-0,0256
13,9082	-44,4589
-4,4415	7,5112
-10,7988	2,7921
-6,9315	-27,4849
8,8617	-10,0522
1,8498	-14,3778
-31,3771	-2,1880
3,0294	8,0353
-37,8001	-21,0624
13,5147	-8,4135
-59,6891	13,1472
12,7280	6,6594
-50,3833	13,5406
-35,7029	-20,7344
-34,5887	15,9659
-15,4528	41,6554
-29,9353	16,0963
-17,6809	24,8786
-27,5102	42,5728
-24,2995	-6,5132
-9,3567	45,3913
-35,3094	7,4458
23,8045	31,4323
-22,0057	36,2819
36,1908	13,2790
-21,8090	36,3477
43,5306	44,9981
14,4325	14,4586
40,7779	53,9112
-5,4244	26,7133
39,9916	-3,5638
12,4671	38,8376
19,4788	7,5110
13,7781	-2,1224
18,2992	5,4795
19,9382	-10,8391
0,9322	-7,7587
30,8825	-16,0821
-18,9910	-22,8974
35,4044	7,2487
-18,7290	-15,3611
26,7532	-10,8387
-10,9960	8,9529
22,6242	-4,2853
-39,7658	5,7421
1,7181	24,2884
-41,4695	12,0990
-20,8261	29,5316
-6,3422	3,7760
-14,5352	16,9491
-10,3398	28,8104
-18,3361	-15,3602
3,9469	14,7208
-38,5864	14,7857
18,5615	13,6062
-23,0546	29,6623
26,0323	0,9575
-23,5782	-5,2024
28,5227	43,1624
-12,1093	-8,3486
28,3258	1,0889
-26,1992	14,3924
11,8110	-21,9143
-4,7691	13,4752
13,3836	3,5788
-13,8130	-11,6906
-22,9885	-1,0739
29,5719	-16,5402
1,1283	12,0336
22,6906	6,8555
-17,7456	-4,5469
48,7737	42,3107
-7,5218	-3,2367
54,3442	-2,5152
8,6000	45,6531
44,1860	18,8490
8,8626	18,4562
31,9960	51,0927
-9,0940	14,8515
11,9421	16,9489
8,8626	9,6742
3,9464	-0,1557
-1,9508	57,0565
-8,7020	10,1326
-12,8300	-0,8767
-28,2316	35,8227
25,1805	-14,6400
-21,6782	1,0889
24,0005	6,0690
-46,2539	-32,2035
18,1024	0,8263
-21,4158	-28,5340
6,9610	-41,7716
-23,5785	-19,1620
-7,1948	-40,9198
-15,3863	13,6061
-32,2297	15,5716
-5,5555	-23,1593
-13,2243	17,4073
21,7727	4,3000
-26,2000	6,4629
34,3559	37,7234
-12,5683	2,2683
46,4799	10,5264
5,5199	25,0094
62,4705	3,2516
21,7074	19,5045
37,5669	0,4333
-1,4261	-7,4959
41,6956	5,3487
10,7633	-17,1299
6,8306	19,5045
27,2128	10,9189
-6,6700	-37,5772
21,9042	10,8538
-27,7727	6,4622
42,0235	-5,2685
-20,2362	10,5256
24,8528	-30,6966
-4,0486	-25,6500
41,4331	-3,1062
-19,4491	-44,2625
39,0740	-34,4974
-2,9996	-17,5239
27,8675	-18,1137
3,9474	2,5299
-7,8494	-14,9025
20,2006	-11,0357
14,4325	0,4986
23,1495	-13,3948
8,2068	-7,6931
46,0213	8,5596
-1,6892	-4,0231
47,1352	12,1642
-12,7648	-17,4580
32,6516	-1,0080
-8,7014	12,4263
25,3766	-14,7707
-23,2503	24,0921
16,0051	16,0309
-12,1093	8,8223
-20,2364	63,2167
-20,5632	20,1596
-32,2295	35,4301
-10,0119	61,3818
-30,2636	22,5850
-19,5149	41,3283
-25,4137	39,3620
8,1407	12,6893
-40,6837	46,3091
7,2229	19,0458
-52,8731	23,9614
3,6838	37,0680
-44,5503	15,1793
-32,5575	28,3520
-75,4825	46,5049
-36,3585	-17,6544
-47,1712	-0,2214
-35,7029	6,3972
0,5388	6,0041
-69,0606	25,1403
20,7898	-21,4554
-31,3778	-5,3988
6,8961	16,7518
-24,3649	3,1204
34,2243	12,2954
-12,1096	-21,0624
39,0084	-0,6146
-9,2911	29,0723
36,7145	-17,3269
-2,6720	2,6619
33,8964	32,7423
21,3141	-14,3121
-24,6270	19,3079
-3,2615	19,3730
-7,3912	11,1160
8,4035	28,4171
-37,7342	8,2978
27,4090	-1,5321
-8,6364	20,8808
29,8335	24,6164
-32,8841	29,1383
27,6711	24,3540
-4,3104	14,7860
44,7757	4,3002
7,6170	24,8783
10,3037	3,4482
7,9450	14,0649
-19,3840	13,1475
-1,0985	20,3565
-9,4883	21,2081
20,7245	2,0722
-14,2725	26,7133
24,9188	13,8684
-15,1243	17,9317
29,7028	35,2985
-16,4348	8,2322
45,3003	7,7081
-12,5026	12,8196
43,3995	-15,0329
12,7944	1,2855
11,0243	1,8095
-13,7472	-10,4456
2,5704	10,7879
-6,7351	-10,8390
-23,1198	-2,9744
10,6974	25,9921
-41,2079	-4,4821
-1,1647	22,5846
-57,0674	19,0452
18,4955	-8,0205
-57,0678	30,9732
-16,7628	-2,3847
-46,3854	17,4732
2,3731	17,4073
-54,7740	-9,0034
-26,7903	18,3908
-38,5206	20,5530
-20,3679	-8,3477
-30,0008	37,0683
-27,1835	5,7419
-17,5487	12,2962
-30,9842	46,1775
-0,5096	3,1863
-43,5669	35,3646
28,8506	24,6162
-26,7898	6,1355
23,2800	47,0296
-5,4248	17,6692
19,4788	1,6135
0,2114	10,9849
31,8648	1,2200
-13,2233	-6,5788
-1,6241	2,5303
5,5202	-23,8803
-0,5759	7,8388
-20,5630	-20,5386
-15,1246	-22,7008
-8,6359	-12,0188
-37,1446	-33,3178
3,3568	-14,5089
-49,2689	-1,7952
7,4853	-21,3245
-48,2859	-3,6955
-3,4594	7,5110
-50,9728	-2,4502
0,1448	15,9654
-44,4848	-14,8366
-35,5722	-1,6636
-45,4673	-18,4411
-24,1690	-30,0406
-35,6369	6,7903
-29,6737	-13,0022
0,3423	-21,7835
-24,4963	1,6123
0,6045	-47,0806
-34,1295	-15,5574
37,3047	-11,6916
0,8008	-60,2531
34,1590	-19,0962
-4,1793	-1,2714
39,7949	-35,4807
-1,6887	7,1175
31,2751	-31,3522
-11,6499	-36,3322
13,7117	7,4453
12,9260	-6,3828
0,9977	-1,0742
26,7541	-6,1862
-14,3378	-13,9191
31,0794	10,7877
6,2406	-16,5408
38,6156	-19,9482
-26,9203	-12,5430
47,7251	-19,4241
10,1728	-19,3585
38,8118	-7,3004
-10,2741	-34,3008
7,4857	-4,4824
-7,8490	-63,0058
-2,9347	-34,2350
-4,1791	-5,7279
-9,0952	-31,5487
0,2773	-21,7182
-15,9110	-18,6382
-14,4029	-61,0395
-21,1537	13,6713
11,0246	-7,1698
-40,0281	-22,7667
35,2071	-9,2665
-34,1301	-17,8514
21,2481	14,2610
-6,9979	-1,6643
4,4050	-40,2645
-34,7847	-5,5955
-3,3934	0,0400
-12,1092	-8,9381
-14,2070	2,3340
-4,7692	-24,6667
-34,3264	34,5123
1,3258	11,9019
-17,5494	-15,6225
7,6167	29,8593
-42,0595	35,1672
18,8235	2,5309
-27,4452	46,5055
19,9372	7,3147
-34,4574	47,8823
6,7644	42,3765
-49,7926	25,2068
-5,8186	56,7295
-16,5659	47,9475
-22,3338	36,9380
-31,3114	61,1206
-25,1514	56,7295
19,5444	58,3681
-29,9357	62,5620
26,4259	49,7172
-16,8939	51,9453
11,0904	31,6291
-11,0608	20,8160
40,1223	58,0398
-22,0050	26,3857
33,8965	7,7086
-19,9078	33,1362
33,0444	-1,7291
-6,2762	10,1986
19,5440	-3,6954
-1,0987	-18,1130
3,3570	19,7007
32,5212	-26,1094
-13,8136	-23,5526
29,4410	10,3289
-8,5049	-30,5659
45,0381	-34,8906
-3,9173	-37,6435
43,2685	-56,2553
-4,9657	-20,2107
46,6762	-26,5683
-0,3782	-57,1730
24,5907	-18,3759
6,8309	-45,0493
16,5296	-21,5216
-0,0502	-15,7550
14,3672	-58,7461
43,8585	-18,3105
-5,6219	-21,5876
21,3800	-35,2841
-26,0032	-13,1987
51,9191	-36,0051
-24,9549	0,4331
37,5013	-3,1062
-17,8113	-40,5921
23,4109	6,5940
-13,6166	8,5593
25,1146	-13,5256
2,8986	11,9022
9,5824	-3,1712
-5,3587	15,3759
-6,9979	41,9172
21,5110	-23,4872
-21,6125	36,2165
1,3916	25,6644
-10,2090	-13,1977
22,8868	43,4907
-17,8771	-1,7293
16,8574	3,5140
-28,1660	32,1527
8,2719	-16,9991
-53,0039	7,3153
5,9126	19,6353
-26,1342	-15,3605
-17,7460	21,2088
-18,1384	24,2229
-12,4377	21,1430
-19,6456	27,7619
-20,4983	5,4799
6,1098	29,7281
-23,6441	31,7593
8,4035	-11,5597
-28,7557	24,8783
14,2359	-12,6743
-27,3140	-21,5210
9,3204	4,4307
-37,3410	-30,8274
5,7158	-31,9411
-38,6516	-17,0649
1,1934	-33,5797
-43,1078	1,4818
-26,5936	-18,8999
-28,0342	-39,5434
-29,6737	-9,3315
3,2261	-18,5069
-41,5354	3,5134
16,5955	-0,4193
-28,9527	-42,2961
33,6346	2,9892
-23,9063	-5,4000
26,6222	-24,9948
-16,9593	-5,3341
17,3159	-28,9927
-24,1022	-15,4263
21,1167	-7,6935
-25,5441	-24,3392
-3,1314	9,7392
-2,0823	-17,1306
-19,9088	-16,5404
-8,5044	-2,6473
-18,9912	-28,1404
6,0444	-0,8119
-30,4598	-4,0238
38,2878	-38,3640
-21,2193	-8,8729
30,0956	-25,1260
-20,8259	-37,7085
28,3260	0,3022
-13,0926	-13,3951
9,9756	-20,7999
-30,1969	12,7539
-4,1144	-8,0863
-13,6822	7,3804
-26,2657	6,8559
-17,6141	-9,6587
-25,6105	35,2987
-18,2696	16,2273
-34,6545	-8,3479
7,3544	32,0874
-28,8874	1,4164
-5,2941	24,4853
-45,9918	17,9314
2,8323	-11,5595
-33,0812	28,3518
7,0920	4,8896
1,3908	2,2687
-11,8481	28,6792
-13,4854	-15,2952
-3,9835	12,9512
-30,4591	30,9072
-11,5855	-9,2002
-2,9999	22,7814
-42,1908	12,4264
1,1291	12,6234
-33,9333	25,5337
17,2505	-14,0497
-33,7366	13,9346
17,3815	25,6649
-7,7844	-8,5445
20,3302	25,0100
-33,6705	-8,2170
12,6625	5,4806
-31,5079	41,7211
-16,4353	9,4775
-19,0558	9,4123
-17,0251	38,2475
-11,5850	-22,4384
-40,8147	13,1480
-12,1093	14,3925
-43,6981	9,4774
9,9759	26,8442
-40,6181	-28,0092
1,9804	-9,7242
-40,4867	25,4677
15,9390	-21,1938
-37,6031	-19,0964
-4,3769	-19,0967
-32,6223	-39,6094
2,8977	-15,7543
0,0802	-26,7648
-29,5424	-40,8546
-4,1135	-7,6281
6,6335	-31,3522
23,4768	-34,6284
-17,7456	4,0374
30,7515	-30,4345
-11,9784	-1,5328
45,6934	-15,4269
-7,0631	-36,2668
16,9885	-13,4603
-9,4220	-12,8708
27,9327	-4,1544
-22,9226	-16,6719
1,9806	-27,7470
-2,4101	14,1955
-30,3944	-15,8200
-7,0630	-22,5041
-38,3899	3,0547
-7,9805	-12,7395
-50,4485	-12,4771
-1,9513	5,6763
-40,6836	-1,2049
24,8525	7,1838
-41,6666	2,3340
19,5440	-1,9254
-29,0835	11,9681
5,3225	8,4293
-19,3839	34,3159
-14,1417	39,2962
-19,3835	18,4560
-12,2412	35,3643
-20,2354	12,9510
1,1284	3,7760
7,0926	9,6743
-41,4042	21,7982
-1,0337	20,0942
-45,0087	31,0384
13,9081	-27,8123
-32,8847	4,3661
22,8206	23,1086
-40,5524	-40,6571
-0,9035	9,7400
-37,5374	15,7688
-1,4277	-3,3676
-29,1487	-5,1370
0,1452	-7,8893
2,7017	-7,8239
-10,4062	27,1719
2,4397	-16,8685
-26,9210	13,8681
22,6246	-26,1094
-22,2679	-38,1669
17,6438	5,1514
-26,4620	-40,5270
45,7585	-39,0193
-28,2315	-25,3881
26,7532	-42,3616
-32,1632	-1,0742
18,4956	-23,3567
3,4884	-35,2181
-2,4104	7,9697
6,8965	-14,8369
-11,3889	-4,6785
-3,3926	1,3504
-27,1832	-20,7349
-10,3398	22,3878
-33,9334	-6,6451
5,8470	-16,9990
-49,6621	18,7178
-0,0513	-12,3463
-60,7375	0,3679
26,3596	12,5574
-42,9773	-20,9970
6,5022	-8,9380
-12,4372	-7,0378
-11,3890	-1,6638
-13,2886	16,4239
2,0459	-15,5577
-11,5847	-14,0499
-19,5807	18,1933
18,4305	-13,0017
-17,2215	14,7202
30,5546	5,6758
-17,3527	-12,4114
37,4356	26,1232
-26,6584	2,4647
37,0423	0,3023
-24,5612	10,7878
21,9036	-27,1571
-7,4562	7,3804
16,8570	21,7976
-15,3858	-0,7464
0,7353	21,4047
4,3405	-6,8413
-16,5005	-3,4333
9,7146	10,5256
-7,8500	-22,5044
16,0058	1,8096
-4,1142	12,9501
26,7533	-27,2231
-16,3036	-16,9337
23,5420	-35,3495
-30,5904	-10,6423
5,3230	-15,9509
-28,6897	-21,1934
8,9926	15,1788
-22,0052	0,8262
-25,2171	-23,4869
-23,5125	15,5070
-35,3753	28,1550
-15,9103	16,3588
-35,7031	20,8153
-0,8375	6,2011
-49,7278	22,0609
-2,6071	40,0174
-49,2687	16,3590
6,8953	54,8285
-31,3117	30,4488
19,8056	9,6744
-35,5716	21,0774
1,9798	3,1207
-39,2414	15,3103
-29,7393	9,0186
-29,7386	-16,6713
-32,4918	21,6672
-0,5752	-9,9217
-40,4872	-17,1956
-1,7547	16,8825
-40,0281	-4,0889
19,2164	-22,8319
-39,8316	-1,3366
24,5903	-31,7449
-50,4484	-9,7247
10,8278	-16,0822
-30,0012	-39,6746
-1,4932	-3,8922
-5,4904	-32,2036
-7,2604	-9,5937
-22,3980	3,2510
18,1023	-11,3635
4,7994	-11,8876
-0,0506	5,6103
57,9492	-29,0578
-0,4440	9,2152
45,1699	-7,3657
15,0228	0,6301
62,2742	9,7395
3,9476	-5,2027
67,3203	7,9704
9,1247	20,0941
34,7488	-11,8872
5,1926	20,4221
-1,4273	14,0647
-13,5505	2,0719
-7,7189	6,0039
-33,8668	-11,4285
-33,6711	1,6133
-9,7499	0,6952
-30,2636	-23,0282
-9,3571	26,9753
-48,0892	-2,3853
5,5192	-31,1548
-50,3828	7,9698
-1,7553	-22,0458
-39,5037	-23,1595
0,9971	-9,3318
-28,4278	-41,1820
11,0893	-15,3610
-35,8333	-26,4368
-22,5300	-40,3957
-11,1917	5,8723
-14,4692	-20,4080
-3,3274	-26,3712
-21,8747	-0,0917
2,3742	-51,1441
-18,3356	-15,1646
30,5543	-22,2430
-11,6506	-48,1289
21,8382	4,8236
-15,1236	-32,0075
44,1860	-30,4997
6,9622	-1,1399
34,3554	-13,3952
-4,1787	-10,4458
26,2290	8,8869
19,7415	-28,7959
-4,9660	-3,3021
18,6930	-9,3320
-23,3818	-6,4481
30,0960	-0,2878
-13,1585	-12,1496
19,8066	13,7370
-25,4133	5,4793
19,0855	-14,5742
-31,2458	16,8829
24,1317	-9,8559
-29,6073	-17,0645
17,1848	15,2445
-9,1601	-17,8513
-14,1412	5,6110
-8,2421	19,1106
-10,6679	-18,5721
-6,2103	18,5213
10,3692	3,2511
19,4137	12,2300
-19,9084	3,8411
20,0689	0,9578
-18,5974	17,2108
54,0816	33,6601
-23,6438	4,6934
41,8920	15,1138
-11,5193	29,5967
32,5859	8,4289
9,4523	0,3026
24,5906	-15,4262
12,2707	-5,0060
29,1782	8,3628
27,4748	-38,8229
-5,8835	-13,2639
28,9823	-22,5049
-16,6317	-44,1313
23,4768	-4,4168
-32,8192	-24,4054
22,3624	-17,8513
-39,5038	-26,7646
1,8494	-34,3664
-52,3485	-4,7440
13,6455	-5,2689
-57,9846	-39,2814
-1,6900	-2,7122
-36,0303	10,7877
-22,2681	-12,5428
-19,7773	13,0163
-45,4677	-6,7756
10,9592	21,0775
-23,8414	33,9876
-7,5219	21,4706
-42,3875	32,1530
29,8987	15,1135
-52,0213	4,3007
0,7355	33,9880
-36,1613	1,6789
5,5845	32,4155
-40,5521	44,0146
7,3537	8,2981
-31,4429	42,7699
-41,9946	4,3658
-33,8672	18,1288
-36,0309	37,2648
-4,1140	19,5702
-29,3462	36,2163
-4,5726	35,6261
-24,8893	6,3975
26,0325	40,1484
-9,3571	29,5966
52,1813	2,7272
8,8619	16,4242
12,5323	-25,9775
20,7245	8,4946
39,5326	-1,4677
4,9302	-35,6768
7,4200	-5,7270
-19,1212	-26,8301
-22,0710	-43,1478
-0,7714	19,6350
-12,9617	-22,7017
14,1046	-20,2106
-46,0574	-10,1184
19,8065	-31,1550
-40,8802	1,4819
29,1125	-2,8438
-39,3727	-16,2127
14,9568	8,2322
-15,3862	-3,5646
16,7260	-6,7097
-2,3442	-5,1372
9,6483	-7,2340
20,0695	26,4513
5,5197	23,3051
28,3927	-9,7244
10,5661	22,8467
51,2648	4,0376
20,7896	-4,4161
59,9153	3,1201
13,6465	-23,8805
69,0899	-6,7100
-2,8028	-3,4992
63,1262	-19,0310
9,0589	-18,5066
45,4310	-7,8245
-13,0264	-17,5237
28,7192	1,0229
-7,7835	-3,3025
-9,8159	-17,6547
19,0208	-7,3001
-6,5393	-28,3370
17,7756	31,3662
-3,0655	-7,5626
29,3751	-18,9650
-8,9636	16,2273
48,2494	-15,8850
-10,8640	11,3781
61,3567	23,9605
23,0180	-12,5426
49,6255	35,6918
10,4357	13,4745
41,3026	-7,7584
29,1137	14,7858
29,4403	-5,5304
26,9509	-6,5132
12,3356	27,6307
7,8800	-4,6130
-3,7862	15,9000
24,0012	18,7176
-13,0928	0,8265
36,9769	7,6426
-27,0522	19,0455
27,6049	0,2370
-29,4113	26,3857
16,5948	-6,3171
-21,8090	8,4948
-4,7046	29,8586
-18,1387	-21,3246
-17,2877	5,0210
-27,3790	-7,4312
-30,5912	-23,0940
5,3889	8,4939
-21,4819	-33,5144
-12,6334	8,4285
-21,6779	-6,5795
24,9839	-50,2915
-28,1658	4,5622
48,8392	-9,9874
-21,6120	-13,5258
41,3682	7,3143
-3,1306	-18,7032
48,1837	-1,9258
2,2434	4,7584
40,0572	-20,3414
-3,2616	2,4650
11,3526	2,7924
23,2150	-18,6376
-10,9300	10,9845
28,6546	0,3022
-18,2045	7,5115
48,1184	25,1405
-3,7868	5,8074
17,1197	20,9467
-20,8909	35,1677
38,5495	19,1772
-13,2890	38,1171
39,0739	18,1285
-17,0900	37,0031
6,0438	27,1068
0,3427	-0,8110
11,6141	25,4687