38,5969	15,5797
10,8748	27,7693
26,2760	22,2641
-5,4438	21,4777
15,5933	11,7127
-12,7839	-4,0158
5,7627	16,0381
-17,1748	10,8606
2,3546	5,0936
-18,0269	13,2855
-7,2795	4,6348
-11,6045	8,8947
-6,6896	6,4042
4,8452	-5,5889
2,9444	7,3871
12,3819	2,3408
-3,9368	-6,4409
3,8623	-1,1981
-19,9275	-1,4603
5,5661	-3,8849
-19,0099	4,5691
13,1026	-3,4919
-15,9952	-5,3923
13,8237	-3,6886
-1,5116	-15,6817
22,5400	-16,4680
17,8217	-13,9778
28,1760	-20,4657
23,9167	-5,3270
19,3942	-2,2468
21,6229	-6,5721
15,1999	3,3239
21,2949	-1,2634
-13,3083	13,4166
12,9063	15,7103
-21,9591	5,2247
3,1413	15,6449
-9,8349	3,8485
7,9907	5,1593
-13,1770	13,0888
15,4620	-6,3097
-6,4268	-0,5425
14,4134	-1,8536
5,6319	-20,5311
17,4935	-1,2636
19,7877	-10,8975
3,3378	-3,3607
17,0352	6,0109
-4,2644	10,0743
7,4668	21,6744
-13,8983	19,2496
-0,7255	14,0069
-37,4256	31,9636
-0,2013	21,6741
-35,9839	-2,6396
-4,1336	7,0595
-33,8867	-4,8681
-4,9201	-7,8170
-21,2385	-1,1982
-23,5981	-15,1572
-29,9547	-5,1305
-30,7417	-20,3348
-26,2848	-17,5167
-41,0309	-4,0164
-26,2848	-10,3078
-47,9119	-9,7831
-12,5878	16,7589
-34,8700	8,3703
-1,9709	9,6812
-33,2968	20,8879
-1,9706	6,2734
-19,7308	17,3490
1,6337	12,1713
-18,3545	7,1252
-1,5121	-1,7877
-6,7546	0,3749
1,1093	-2,8366
3,0104	-22,6940
8,8426	-31,5414
15,2657	-30,2963
5,5662	-28,5271
34,1402	-23,5463
20,8363	-15,4852
57,7989	-15,3539
31,7157	4,7002
72,9381	6,7317
59,5034	-2,9673
93,6477	13,0233
80,8030	4,2414
112,8498	0,7682
100,3328	8,3048
108,1314	5,4212
102,2335	13,7444
98,8908	21,0188
105,5757	29,0145
92,0093	48,4788
104,5271	59,9480
91,1576	74,6937
110,9497	89,7673
96,7284	90,0295
122,4184	95,5346
83,8834	111,0012
100,8570	109,6906
76,6088	117,0963
93,1233	117,5550
56,0302	110,7395
71,8894	122,2083
46,1338	124,5019
31,7152	122,1429
4,5179	140,4271
-10,8182	128,8275
-31,2655	133,5461
-64,5584	124,3054
-73,1437	115,3926
-128,7187	121,6838
-110,0410	99,2048
-156,0478	87,1460
-143,9892	69,1889
-180,0997	38,3866
-168,4347	30,9153
-209,0015	18,7251
-200,1546	-10,7663
-220,7330	-20,6625
-220,7989	-41,3068
-228,7286	-77,5484
-229,1221	-85,6097
-213,7208	-113,0043
-217,3912	-149,8356
-186,1955	-166,9411
-208,8709	-196,6948
-156,4416	-236,9999
-175,9058	-262,0352
-137,1736	-291,3957
-148,9699	-304,2410
-98,9658	-319,0525
-115,5459	-330,5868
-61,0199	-323,1815
-50,6647	-338,5824
-25,7608	-330,7836
9,8915	-329,3420
35,5161	-327,7689
61,1416	-322,5260
92,5988	-306,4695
114,0954	-294,5419
122,4841	-277,6989
173,2750	-272,3247
163,7068	-252,1394
206,6336	-236,8038
199,7525	-223,4340
244,5795	-202,5933
230,4896	-182,5390
267,9761	-164,2540
244,9077	-124,4079
273,5466	-113,0698
247,5946	-88,2311
244,4484	-48,1885
221,5110	-44,5180
212,0730	-7,2276
183,3683	9,4184
151,4515	7,5841
131,9874	38,2551
90,9611	44,7433
75,6911	49,7243
18,4118	65,3218
-5,0505	44,0227
-71,3080	40,6147
-87,4307	17,0214
-164,3705	-7,2271
-184,0977	-32,7212
-259,8578	-60,7712
-287,7773	-113,7902
-350,0371	-151,4741
-406,3337	-202,7894
-463,8093	-242,9639
-516,8293	-316,2338
-562,8360	-374,4305
-618,0840	-418,4062
-648,9516	-486,7614
-704,7235	-568,7478
-707,3453	-636,1198
-766,6560	-712,4050
-766,7874	-786,7240
-813,6459	-860,5188
-806,0442	-952,5324
-852,1160	-1004,1758
-826,2951	-1076,7912
-845,3661	-1157,0080
-827,8026	-1219,1372
-822,6903	-1294,3082
-794,4445	-1358,0755
-762,0689	-1421,4499
-747,4545	-1475,4524
-714,0301	-1520,4108
-685,3253	-1559,8643
-629,3567	-1603,9050
-617,1011	-1628,2849
-542,7824	-1650,8953
-523,2520	-1655,9417
-440,5450	-1651,8787
-429,2718	-1651,5508
-339,7490	-1620,8797
-312,4850	-1602,5295
-241,1813	-1578,8047
-201,5309	-1528,1449
-140,1233	-1490,7233
-102,8977	-1427,8733
-50,9928	-1368,3660
-1,7743	-1311,4142
31,9771	-1245,9428
73,4624	-1178,7020
84,2759	-1110,6745
124,5156	-1029,4743
111,3430	-948,4052
146,3397	-872,3821
139,4585	-792,0336
168,4910	-697,5294
159,5128	-618,3606
182,1881	-538,7333
154,1390	-473,7858
171,4402	-396,9111
157,0224	-342,5807
148,6331	-277,6334
126,6133	-203,6425
102,8885	-154,8828
77,7228	-106,6472
38,0072	-43,0112
18,0186	-12,2740
-27,0053	35,1093
-38,7365	70,1713
-80,2868	86,1629
-76,7483	127,8441
-127,0802	133,2837
-131,4060	142,3280
-167,6476	150,3233
-166,9930	137,5439
-213,2615	139,7066
-218,6360	130,7935
-236,1997	107,0039
-251,7978	100,3844
-248,5209	74,1041
-270,3447	37,8624
-250,4214	22,5265
-267,3302	-12,6012
-244,5889	-28,0680
-278,7333	-43,4694
-259,5310	-69,1597
-278,2743	-85,6096
-240,0013	-92,6225
-265,3635	-143,9374
-219,6849	-163,9916
-220,9952	-185,6191
-185,2126	-212,6203
-180,5587	-231,8882
-138,2227	-266,8192
-126,7530	-279,0746
-94,3127	-278,6819
-64,4931	-307,8454
-59,4467	-307,5178
-18,2895	-308,5012
-22,8769	-324,0987
24,6372	-310,6639
15,9866	-312,6954
58,3234	-299,1948
60,8795	-283,2039
102,8882	-267,8026
92,6652	-237,7870
134,6082	-235,3620
127,8583	-210,3266
150,0093	-180,0488
133,6257	-161,1740
140,7031	-133,7140
130,7421	-103,0429
118,1587	-92,2288
135,3949	-40,7827
104,0682	-22,4324
115,0787	-5,9824
95,0243	24,6233
114,4886	37,4029
82,1137	45,9886
106,2965	66,7638
72,0866	86,8180
93,9099	107,7243
54,1951	126,1401
69,4645	127,2545
31,3227	137,6094
31,1256	138,3304
14,8726	140,3622
6,2868	158,8431
-4,8541	138,8547
-15,5369	148,3575
-5,7717	138,3958
-26,8090	129,0243
-0,9876	135,2498
-33,0348	110,2149
-8,9176	111,0670
-45,9455	108,7730
-24,7775	101,9573
-58,2664	91,7994
-33,3630	106,8070
-58,0045	90,8817
-46,8637	100,5810
-48,6983	88,1944
-49,6162	75,2839
-40,8994	75,0216
-36,0501	63,1594
-21,3696	48,4136
-32,3799	38,5831
-22,9424	27,3107
-44,0452	28,0969
-18,6827	14,6619
-58,4631	6,9287
-22,4837	12,8925
-44,5693	4,9624
-16,8477	-2,9018
-26,4812	1,2922
-9,7698	-14,7640
-16,3230	-6,1788
-0,2671	-2,9676
-13,1116	-5,2613
3,8619	5,3558
6,8114	11,1228
-6,9513	2,2755
21,4916	3,5206
0,0610	-0,4116
19,1324	-1,9844
-9,0483	4,1102
14,6104	-11,0940
-12,7838	-3,0331
20,3773	-6,4411
-18,8786	-12,0772
18,5422	-7,9484
-4,9850	-15,0264
10,2846	-14,3054
-0,9217	-17,9099
9,4981	-17,9753
9,3019	-5,1958
11,9230	0,1125
21,6882	-7,7516
8,5807	6,3386
18,4770	2,0787
2,4205	-7,6205
21,8193	2,0788
-9,0481	-15,0918
20,3774	-11,1594
-17,0437	-5,4580
11,9230	-17,1888
-24,3184	-2,5089
-1,6431	-10,7010
-20,5173	-17,8441
-0,0703	2,7340
-10,5558	-10,3732
-10,8183	-3,2296
-9,4417	3,3896
-21,6974	-5,0645
-1,9707	12,6957
-28,3820	9,9431
-4,3955	0,6372
-37,1636	13,1545
-5,3786	11,1228
-43,9795	13,1546
-21,1073	14,7274
-33,4936	11,3196
-2,6263	18,8563
-21,9591	25,9995
15,4618	10,2711
10,1537	4,2418
16,7072	1,7513
22,6715	-1,1324
31,9117	-1,8536
29,1596	-19,8104
14,9380	-9,5869
34,4026	-17,9757
14,1516	-27,1505
29,6838	-6,3099
7,3359	-5,4582
25,4238	-5,0646
7,4014	14,3340
26,1445	14,7273
-0,2663	26,7206
23,7851	26,5894
5,8941	15,2520
12,5128	27,7038
8,1223	24,2957
11,1366	12,9579
22,8679	8,2394
7,1388	5,5524
20,6398	21,2809
1,5683	12,4989
15,0691	-4,6710
-6,4925	14,2033
9,0397	16,7590
-14,2912	0,3095
13,8893	6,7976
-12,4563	9,8121
2,0927	3,5863
-19,4030	10,1398
-4,1990	11,9094
-25,0392	15,8416
-8,1314	25,5409
-20,1897	13,2203
-17,6341	26,2619
-2,2983	16,8246
-14,3571	5,1593
14,8068	9,1568
-2,4295	0,3749
22,0159	2,8652
-1,7739	-4,1471
23,3267	-7,7514
-10,6867	10,1397
9,2363	9,5499
-19,0097	2,6688
7,3355	13,3510
-25,4324	-5,2613
2,8134	-1,5256
-17,6337	4,1101
-9,7041	-16,2058
-11,0801	-6,7032
-19,7314	-13,6501
-19,4688	-18,8929
-29,9550	-17,2546
-26,2846	-26,5607
-42,4723	-22,4974
-15,7335	-5,9169
-33,8870	-14,1089
-17,6996	-7,4241
-36,7048	-2,9022
-9,7697	-14,5019
-32,3794	-0,3462
-5,1168	-13,7156
-33,4936	-2,6399
-22,4184	-5,1960
-25,5638	-19,5482
-22,7461	1,1610
-12,7841	-17,6480
-15,9958	-28,7888
-5,3128	-11,1597
-12,3911	-17,0580
-0,0700	-14,4364
-25,5637	-3,1643
-7,1479	-10,9629
-37,0324	1,0957
-10,4904	6,5350
-47,2561	-3,6883
-19,2725	7,5839
-39,6540	1,8822
-19,7969	1,5546
-27,3987	9,4189
-14,2918	-1,3947
-16,7163	5,7490
-11,7359	11,8437
-6,6238	8,0427
-25,1707	19,3150
0,1921	18,7906
-11,4736	9,4192
11,1367	13,3513
-6,6891	7,9772
15,7243	7,0597
-12,9149	-0,9360
12,1852	-13,5189
-24,3181	-5,8512
3,4032	-14,9609
-11,7353	-28,1334
-2,1019	-10,5698
-2,2980	0,2435
3,2064	-0,4772
-2,7568	8,8291
-6,1650	10,3364
11,6611	18,9872
-9,1796	10,0743
16,1831	0,4405
-22,0246	13,7443
10,4160	10,9915
-21,1728	17,8075
9,6949	7,7805
-15,3399	10,3366
8,2531	20,6256
-2,6912	17,3488
15,7242	6,0112
4,1247	12,2371
26,6029	15,4483
14,3481	10,0745
6,0247	27,7036
14,4793	13,7442
-4,9854	11,9093
11,3335	-5,7855
-5,3131	-9,3243
3,4692	2,0132
-11,9974	4,8967
28,6350	-1,4601
-11,2764	12,4988
19,4600	-3,1642
-10,8176	1,3579
13,0371	12,5645
-12,0630	15,8415
4,1896	26,7861
-8,3274	24,0991
8,2528	19,3153
4,9763	24,6891
2,6167	20,6257
13,5616	13,1545
-4,6577	5,1591
11,5302	6,4697
-5,8372	-6,2443
9,4984	6,9940
-19,7964	-2,2467
-1,0531	6,9285
-31,0688	13,6131
-10,0974	6,6009
-36,2461	12,4336
-9,5732	0,3095
-25,0393	16,1037
-0,8568	19,0526
-9,7036	8,3050
10,4156	20,1016
10,8747	20,8878
1,1096	17,7422
16,9695	14,1378
-19,0100	15,1207
4,0589	16,2348
-17,6338	16,1037
2,0271	-2,1152
-13,4394	13,0235
9,5638	-6,2444
-5,7713	-28,0022
20,1808	-0,4118
0,1926	-8,0798
20,9672	-13,5190
13,4964	-4,2783
19,5250	0,3092
8,9742	11,5816
2,6167	8,1736
7,0735	-1,5909
-9,9006	13,2857
6,0249	14,5962
-18,7479	-2,1153
2,0272	10,0743
-24,4495	-0,3460
-6,5582	7,5839
-23,2042	18,1351
12,7094	-2,9019
-1,8394	2,3411
26,6032	-2,8365
10,0885	-9,5864
29,1592	9,0256
24,3755	-2,5744
33,0258	4,0451
34,4681	18,3973
23,4576	8,0427
25,2275	6,9942
18,3457	3,0619
25,6204	-14,3706
-1,7083	-0,6081
19,5911	-7,8829
-12,2595	-13,1257
14,1515	-1,1982
-7,1477	-4,8681
15,8552	3,6518
-11,2764	10,2710
6,8112	16,9558
-5,0505	28,5556
9,7603	17,0867
10,0227	15,8417
0,9129	5,2246
8,3844	-3,2295
-7,4104	-8,0793
-3,2155	-6,2445
-14,1605	-25,5120
-2,2328	-12,5358
-31,7241	-11,2253
-10,0317	-24,6599
-34,1490	-5,3268
-6,5585	-7,6206
-25,7604	-1,5257
-3,9370	8,8289
-11,6043	-12,2735
7,4664	7,7151
-4,5263	0,7679
6,0902	-13,7807
-1,9705	10,5331
-7,5414	5,4866
0,0610	0,9649
-26,0227	17,6109
-5,0508	6,0111
-26,5469	15,0552
-6,7549	22,8538
-36,2460	13,5478
-3,4781	11,3196
-29,4959	10,2054
-10,2939	-1,6567
-15,9954	0,8992
-5,9687	-9,2589
-7,4755	2,0132
12,3815	-6,8342
0,8477	-15,9437
11,5298	-6,7032
8,5810	-3,8197
-3,8712	-5,4578
0,2578	14,3995
-16,1266	9,9432
-8,5898	14,6619
-29,1683	0,7683
-15,4056	8,2394
-35,7218	8,3702
4,5172	3,2583
-30,2823	-3,9505
-3,3468	8,2391
1,9617	-2,0500
7,3354	1,6857
-0,9873	5,2245
4,5174	0,4405
4,8453	10,8607
-3,0849	10,2709
4,7798	13,1546
-6,7549	13,0892
9,0397	21,6087
-3,9367	11,6473
12,3820	16,7590
-14,3566	5,4213
16,3142	20,8878
1,7654	14,5306
18,4768	2,8654
-10,4898	7,3872
13,0370	3,0618
-11,2111	2,0132
-7,4760	7,3871
-6,8203	-9,4556
-10,4252	-0,2803
-3,8056	12,9577
-13,7019	2,2756
-2,1671	22,9194
-12,2599	4,5035
9,2362	-14,8293
-17,5682	0,7025
5,3696	-11,1598
-16,9783	-12,7981
3,6655	-16,8614
-23,9906	-20,6624
-1,1187	-4,4095
-12,5874	-21,2524
-5,7719	-17,3854
-9,6383	-1,7880
-10,7529	0,5714
-10,3592	3,2586
-15,6025	16,8245
-0,1355	4,9624
-12,9810	-2,3119
-1,7084	11,9747
-22,8112	3,4550
0,8475	6,4041
-20,8450	10,1397
3,4033	9,4188
-17,4370	20,4945
14,7412	11,4507
7,3358	26,9829
31,3874	25,2132
23,7201	23,2474
41,2834	31,3082
30,1428	24,6235
33,4847	13,0237
34,9923	23,8369
18,0835	7,7805
20,4432	4,1760
-1,9051	4,4380
12,3820	-4,0160
-7,0824	7,8461
13,5615	16,1034
-14,6843	0,5061
26,9966	8,8949
5,8285	16,6280
28,5040	12,7615
9,6954	6,7975
33,9434	-7,9480
15,9213	-0,8048
28,3727	-14,0433
19,0014	-31,0170
12,8406	-19,5482
24,6375	-14,8954
12,1852	-20,3347
27,4554	-11,9460
-5,9682	-6,1134
22,0816	-7,0309
-6,1647	-8,2760
32,0430	-18,3685
-0,1352	-3,1641
36,4340	-0,6739
2,8797	-1,3945
33,4849	15,1204
12,1200	17,4143
5,1075	30,4561
-3,2809	34,6504
2,1580	29,9320
-3,2156	35,6992
-1,5776	22,0021
7,4012	9,4848
-6,5582	16,7590
13,6272	-4,5405
-19,4032	-8,0794
8,0566	-1,6570
-21,5658	-12,0116
11,9231	-0,3462
-17,8957	4,7656
8,2531	-13,4533
-12,4561	-4,0160
10,6121	-2,7055
-10,7523	-1,3947
0,7816	4,5036
4,8453	-0,6735
5,3692	33,8638
13,4962	19,7081
1,3060	12,6961
7,0736	29,3422
-19,3379	20,2325
-7,1478	22,2642
-23,1388	22,9849
7,5977	-2,7705
-16,1263	6,2079
14,8724	4,7003
8,1878	-13,3221
29,2247	-4,0816
12,0547	-15,1575
30,4045	-23,5459
29,6184	-6,7033
36,1059	-13,1259
26,8658	-11,4872
28,2417	1,8165
35,5820	-2,1811
16,1831	11,0574
33,0261	10,5328
6,0906	-0,5424
28,9628	11,9094
-4,3952	6,0767
20,7052	3,7830
-15,6018	3,7827
6,4183	-17,7132
-9,5071	-11,8149
4,6484	-13,7813
-0,2009	-18,8275
-2,1019	-6,8345
10,4161	-14,8952
13,5612	-6,6376
19,1324	-12,0116
9,6947	-12,7980
19,8533	-7,5552
0,5199	-16,6650
13,8239	-31,1483
-16,0608	-20,1383
9,7604	-24,3983
-21,5660	-35,9979
1,2407	-31,4105
-11,8010	-37,7020
13,2338	-26,3643
-4,1986	-21,1870
13,1026	-31,2137
1,1753	-9,3246
16,1828	-5,9169
8,3187	-13,6499
0,0610	-11,0285
8,6465	-11,2253
-12,5876	-6,7032
-0,0699	-6,5066
-29,7580	-7,2272
2,4203	13,4822
-23,3356	22,6572
5,2384	18,2665
-24,2527	31,7669
22,9332	20,9534
-2,8878	15,4485
24,8339	20,2980
18,2150	12,3026
32,5014	27,9658
9,8920	20,6911
19,5252	16,5626
12,1855	22,7884
-4,6577	19,0528
7,4011	4,8315
-29,6926	19,9048
-5,2474	8,9602
-27,3335	16,5624
1,5682	11,9092
-15,4712	3,9796
7,4667	15,3827
-11,7352	8,6324
16,5107	8,5670
-8,6550	16,2348
17,8213	9,2224
-1,7083	13,2203
7,5319	16,2347
-4,7229	9,0258
-0,9222	11,4506
2,0271	10,5984
-14,1605	1,2270
5,6972	9,2224
-15,4712	9,3534
0,9133	19,0528
-15,3399	8,5669
12,5130	2,3412
-13,7670	11,9750
7,5977	17,8729
-21,2380	-5,6544
9,3016	9,7466
-12,0630	2,2753
7,3355	-1,9188
5,1074	7,3871
2,2236	-0,6738
8,7120	-7,3584
4,3862	-6,7685
14,4792	-12,2081
-1,5119	-1,5257
22,1471	-8,0796
5,9593	-15,3538
22,1470	-0,8705
0,5855	5,2898
17,2317	-0,4116
-12,0630	2,7339
4,5831	-19,3516
-14,0945	-15,1574
14,4789	-24,4636
-0,5286	-21,8421
6,1558	-11,8153
12,2510	-24,3981
10,0223	-24,5289
5,0421	-8,3415
-1,8397	-10,5043
11,2678	-4,9992
-23,5977	-8,6036
-4,5918	-6,7030
-19,7311	3,1928
-10,0315	0,1783
-14,3569	5,8802
10,2846	18,8562
-12,4562	12,1717
14,4135	32,6189
-2,6911	23,1815
25,8822	8,5018
16,0521	24,6891
23,4574	14,5963
15,5280	9,6813
12,4473	15,5137
10,6126	-6,7030
-8,1968	-2,1154
-9,4417	5,9452
-25,3673	-14,6984
-5,9684	5,0280
-21,8936	-4,0162
5,7628	3,1930
-10,0970	3,5862
5,6315	3,2586
-15,6019	12,8268
8,4495	16,6935
-8,6551	11,7785
12,1195	27,6381
6,9425	21,3465
6,1559	7,0599
17,2974	23,9026
14,0857	15,9727
19,7222	27,3762
-0,0700	37,2064
20,5741	23,7063
-2,6914	36,0269
16,5763	19,4461
-8,4585	2,6690
12,6440	18,2008
-4,3954	13,0233
11,2676	6,0767
-11,4076	16,6279
11,0055	5,8145
-0,6596	15,5141
21,7534	19,5114
17,8871	-0,0835
16,0517	15,5794
7,7289	-0,1493
-9,2452	-4,9334
5,4349	-7,3584
-28,1198	-10,1767
-10,4249	-23,6770
-39,1297	-12,8637
-9,9007	-21,5144
-43,8483	-8,4071
-11,0804	1,9475
-35,5908	-5,1956
-3,2817	18,0697
-12,1287	9,0912
9,0394	18,7908
18,9357	19,5115
26,1445	9,4191
26,8659	22,3952
30,6009	12,2368
28,8974	-9,3899
8,3186	1,2268
18,0837	-19,6137
-7,8689	-14,8295
7,1391	-8,6693
-17,2404	-13,9776
10,7435	-0,2150
-11,5388	2,3408
7,3356	-3,5573
-11,5386	-2,7053
20,7048	9,5498
5,6318	-4,4094
21,3602	3,1275
13,4307	-3,6228
12,9061	11,8437
9,8262	9,1567
-2,1018	7,9773
12,9064	22,6575
-2,3639	26,8516
17,9527	20,5604
-4,8541	29,4078
19,9189	34,3884
-4,6573	32,2913
18,3460	16,6936
-6,2955	4,5039
28,6349	0,1128
-8,5239	-10,7665
9,3016	-25,6432
1,9617	-16,1404
5,6968	-9,1282
10,0883	-11,0940
17,5590	9,4842
22,2782	-1,7879
15,3311	6,0109
38,1380	8,3046
8,6466	-1,0670
38,5969	1,1613
10,6127	-3,5574
39,5797	-7,8171
-0,3972	-2,5089
27,3899	-11,4216
8,1225	6,6664
25,4236	11,9090
14,3485	-3,0985
35,1228	13,6787
14,0207	6,6664
16,8384	4,5693
18,5426	-2,2465
8,5806	-4,7368
16,1176	-8,9314
-9,3107	-10,8974
4,1244	-9,7833
-22,1558	-0,5427
5,3040	14,0718
-16,5852	1,4891
2,9447	19,1840
-13,9634	17,4800
17,8868	20,2327
-10,5556	17,1524
8,1218	12,3684
-8,1964	21,9366
0,7162	16,1037
-2,6256	0,1785
14,9375	2,5377
14,4136	-5,0647
3,4033	2,2755
14,2826	7,5837
-12,8495	3,0619
4,1899	16,8247
-24,8426	19,3149
2,4202	11,8440
-31,1998	18,7908
-7,6070	15,5795
-30,8065	9,6813
-1,8398	22,7884
-10,9490	3,1275
7,9252	9,5501
4,6489	8,9599
13,3648	-20,0725
13,3652	-12,3394
10,7432	-23,6773
8,3842	-22,1698
-16,1265	-9,5214
11,6609	-20,5314
-12,4565	-6,9653
14,8068	-3,2953
-6,1648	-9,9143
20,3775	-5,0647
-5,5093	-9,3902
16,3141	-21,9076
-1,8392	-14,6987
15,1998	-15,2887
-3,4778	-19,5484
-4,0680	-11,9462
-0,3321	-12,2738
-4,5269	-3,4919
3,0758	2,5373
-12,6533	-14,1086
2,8792	6,9940
-21,3696	2,0131
-2,6914	-1,9187
-20,9761	6,6664
10,8746	2,3410
-16,4538	3,3239
14,6758	-0,8050
-2,8222	-21,2522
28,7659	-16,4681
1,4375	-10,1769
12,5786	-21,0557
11,5957	-15,8783
14,4788	-15,9438
7,4014	-8,3415
2,4858	-4,5405
7,0081	-11,8803
-8,0656	-5,9166
9,4984	-3,8197
-6,7548	-24,3323
9,2363	-5,1957
-5,5747	4,5034
29,2250	0,6371
7,3360	11,4505
35,7785	0,2439
-3,4775	16,6936
22,0812	12,2369
-1,2494	4,8971
20,4426	14,1376
10,5471	-8,2760
12,0541	-18,8272
11,4648	-16,5338
8,1874	-28,8547
11,3337	-22,8908
4,1243	-20,2040
12,4478	-29,3132
-2,6913	-8,6039
17,0350	0,1124
-6,7545	-5,8511
23,9819	-5,7856
-2,1669	-8,4726
27,2587	-1,9846
3,6004	-12,6015
22,4745	-15,0918
10,0883	-3,2298
9,3671	-3,0331
9,4985	-9,4555
-1,1188	6,9285
10,4160	0,1781
-2,5606	-3,8194
8,0566	-2,8365
-13,4394	-10,7006
11,9233	-2,3121
-1,6430	-1,1327
19,4597	-18,7616
-17,3058	-6,9653
20,1151	-11,8152
-12,3251	-15,3539
12,4472	-17,8444
-21,8278	-15,0262
7,0732	1,4233
-6,0337	-0,9361
5,1726	-14,3053
-1,1841	-1,0670
-9,6386	-5,7857
3,2068	-14,8295
-14,2916	6,2075
11,4645	1,8822
1,2407	4,5692
32,1084	14,2031
13,1031	6,3389
44,7573	9,6156
30,7981	7,1251
54,8498	-4,3436
27,1939	3,9138
42,3978	-13,9776
14,0208	-12,7323
11,0056	-6,4410
5,0420	-8,1447
2,6166	3,9138
1,7651	1,4889
-7,0171	-11,2905
4,6487	-3,8851
-18,8136	-11,4874
-11,2767	-15,6161
-40,0473	-4,8682
-23,0079	-2,4433
-41,8823	12,3679
-9,0488	8,8946
-25,7603	7,5185
4,9760	16,8246
-11,4732	14,9239
9,3670	-1,9843
-4,5919	18,3975
0,5850	15,5138
-10,3591	20,1015
-16,2579	22,0675
-9,5730	8,3051
-33,3629	22,7884
-15,9299	13,6132
-24,3187	-4,2780
-0,9221	-2,1154
-14,2914	5,1589
16,7074	-2,7709
-3,9364	-1,1326
24,5717	-10,9628
2,9451	2,1443
22,4091	-1,7224
12,6445	-2,0499
19,2632	9,7464
20,4432	-6,1133
17,1002	6,2731
9,2364	3,1273
-0,5944	0,0472
6,2216	13,2199
-6,7548	8,3046
9,9571	-9,5864
-12,0631	22,1985
13,1685	14,9237
-11,7352	10,6643
22,6712	20,4946
2,7484	4,0451
22,5401	9,8777
-4,1984	2,5375
11,5299	-8,2104
-7,2788	-7,2928
-1,5777	1,0956
-20,8448	-4,7369
-2,8230	9,2225
-7,8689	14,2033
-19,1413	32,4879
2,8136	33,1432
-18,2238	31,1772
11,0712	25,0168
-13,8326	28,8832
17,5594	8,0428
5,0420	10,4676
22,6056	-6,3098
0,9136	-12,7978
27,7173	-9,5868
-0,0042	-28,9854
3,9276	-19,4828
-9,3758	-18,3033
-0,9223	-20,4658
-5,5750	-13,7155
-15,7991	-0,0841
-9,1140	-10,7007
-20,9107	1,1613
10,3503	-1,2634
-11,7356	14,7274
6,6803	12,3025
-20,9759	8,1083
13,0373	10,1400
-17,6991	12,2369
8,8430	5,0278
-3,5433	-8,2104
13,3647	-20,7276
-5,7715	-4,7370
-5,1820	-9,7181
-6,6235	-30,4272
-6,2309	-7,8173
-3,2157	-5,0648
-19,5346	1,2923
5,5662	7,3874
-7,6069	8,6982
6,0905	22,6575
-14,4223	19,7738
13,4961	14,3999
-1,1185	24,0337
21,8847	17,6109
7,5981	2,7999
30,6666	14,3342
12,7099	6,2076
21,6224	3,6518
10,5471	9,2221
11,1365	-9,9800
11,9889	-2,9020
11,2020	-10,5043
16,2487	-10,7662
-2,6914	3,7172
23,5888	3,7171
-4,4608	-2,7052
23,4578	6,2732
1,2409	11,8437
24,9649	14,0720
-15,2085	16,2349
13,8237	23,3783
-8,7861	19,3807
8,9083	23,9025
-7,2133	14,7931
-3,9368	12,9580
1,7652	10,2053
3,0097	15,6449
4,2554	23,5747
-5,9686	18,8563
9,9571	35,6337
-6,7548	29,3422
14,0859	23,8373
-15,0777	32,6190
9,3674	10,9918
-10,0315	2,3411
6,4835	2,2753
-17,8956	-6,5063
16,9037	16,1691
-7,3443	16,5622
24,2439	3,1932
20,2465	23,8370
28,5692	14,9895
28,1110	0,1784
15,6588	5,6834
17,1009	-4,2782
-0,5943	0,3094
12,0544	9,4843
-12,7186	2,6686
5,4351	6,0111
-18,6822	10,5986
10,8747	7,7150
-9,0482	7,3217
16,7728	6,9940
-5,9024	-2,0501
17,3626	2,9962
-2,6912	-10,4387
16,7725	0,4405
-3,6088	-0,1496
8,0562	-10,6352
6,6803	4,4381
3,1410	4,6347
14,4136	12,8924
0,8474	17,9387
18,8046	12,1718
-11,1456	30,6529
8,9086	26,0652
-24,3183	14,0068
-0,8564	20,0358
-19,8619	7,5839
11,7262	1,1614
-20,3206	-4,4094
8,8427	-24,1356
-4,4608	-13,9120
8,7117	-5,3927
8,5809	-23,6116
10,8088	-11,4218
21,9504	-18,3031
8,6461	-9,1934
12,7098	-10,0458
-5,7717	-24,3324
11,8577	-10,1111
-7,9999	-3,2299
23,7853	-11,6183
3,4036	4,5692
30,5357	0,1782
4,7801	1,4236
24,1786	4,8969
5,6974	-2,8365
10,8743	0,0472
-3,2156	13,2854
5,8935	-4,3436
3,0759	9,3537
-1,7741	16,1037
9,6295	12,4994
-7,4758	19,5772
8,6463	14,2030
-24,3185	5,7490
4,3865	10,7296
-21,1073	-0,8048
-5,2474	2,4721
-23,0732	0,9645
2,5513	-17,5164
-21,1070	-4,3437
-1,9053	-4,5405
-1,9706	-14,7640
-7,8036	-9,3901
-1,7739	-14,1087
-7,6070	-6,3099
-0,2666	-5,9169
-10,5560	-19,2859
8,6462	0,3749
-16,5855	-1,8535
-2,6260	-5,1301
-33,8212	5,7489
-1,2499	-1,5912
-29,1027	0,8991
-2,6261	-4,8026
-27,5953	-25,7740
-10,4249	-2,9676
-15,4711	-15,4197
-5,6409	-22,4976
-9,5728	-20,9248
-3,1506	-22,3012
-3,6089	-17,2549
-8,8521	-21,2525
-7,6067	-22,4975
-16,1923	-17,3857
-5,3786	-19,1552
-36,5740	-23,6115
-12,9153	-13,1913
-45,4214	-14,2398
-7,2792	-9,9143
-45,3557	1,0301
-3,6091	-10,0455
-19,4690	-4,8679
3,9274	1,5545
-13,7014	-4,6715
11,4641	0,7025
1,8307	-7,6206
3,2066	-9,6522
-5,1162	-4,5406
-9,3765	-9,3902
-7,8689	-0,5427
-20,9764	7,6493
-13,8327	5,0936
-34,4112	29,8007
-5,8374	18,5283
-41,0959	4,7661
-1,1843	12,3682
-26,6779	4,3726
-8,7867	10,1398
-35,0663	3,3894
-13,1777	-10,9627
-28,1851	8,8947
-12,9811	10,3362
-10,6214	-7,0962
-2,4954	-3,6227
6,6802	5,7488
-12,3254	3,9794
12,0543	8,8289
-4,5921	-7,5549
11,7922	17,6765
-15,6675	19,0525
12,7095	7,7807
-25,5635	23,3782
-6,3615	13,2856
-16,9783	6,4700
1,0437	8,2393
-17,1094	-1,7877
-0,0047	-6,2443
2,5514	-8,4071
-1,8399	-16,7956
-5,1817	-6,3099
-4,7234	-3,1643
8,9084	-10,7007
-2,6917	-4,3438
13,0372	-17,0577
-10,8835	-1,9844
13,4306	-1,0673
-12,1941	-14,0430
10,2193	-3,7540
-16,2570	-8,3417
17,1659	-23,4148
-18,3543	-0,7395
11,7263	-13,3226
-2,4294	-21,3834
-1,8398	-13,3224
-8,3275	-23,0872
-7,8691	-8,8659
8,0565	-12,2084
-5,5754	-23,0871
10,0227	0,1782
-10,0317	-3,2299
8,3189	-1,7223
-9,8348	6,0109
20,5084	1,5546
-12,2596	14,1376
9,4328	19,4459
-15,2086	16,6281
5,2384	24,7545
-13,7013	13,1545
13,4958	1,8170
1,3720	3,6517
4,3207	-5,5890
4,5178	-14,3707
-1,1844	-6,5066
-2,4292	-14,1088
-22,6146	3,0617
13,3650	-10,1111
-0,5290	-10,3730
20,3775	-4,4748
-0,8561	-4,8025
27,7832	2,7996
-4,9850	-5,7857
6,8113	-2,4432
-25,8255	0,1782
4,5828	4,4381
-12,8495	1,8169
6,8766	14,0065
4,1246	3,6517
14,0201	-7,0961
10,8093	-5,5235
5,1073	-21,3177
17,0349	-5,5236
-14,1604	-1,5915
7,4668	-12,7324
-11,4733	5,1589
15,2001	-6,7687
-4,7228	-6,7030
24,4408	-5,3270
10,0231	-21,8420
35,5163	-20,0726
9,1711	-14,4367
15,9208	-23,1529
-9,9657	-14,5022
-11,3425	-13,5192
-4,7231	-17,4511
-13,9641	-3,4265
-3,6088	-11,1597
-7,1481	-7,8170
5,5008	-1,4602
-3,6745	-5,5231
8,9085	12,8924
-18,0268	8,0426
8,5807	8,0428
-34,0177	10,4676
-2,7572	-0,1493
-34,6733	-2,1810
-17,2409	-13,7155
-33,4936	-27,2158
-18,4863	-5,1303
-22,3525	-3,2956
-3,2164	-12,2081
-8,3932	7,5183
-11,5393	8,9601
0,2577	9,6157
-19,0758	30,3906
-0,2667	16,0382
-24,4496	10,8610
-1,2496	20,3635
-17,1094	3,3896
15,7896	14,2686
-13,5049	6,3387
12,4473	1,9479
-2,6256	9,0257
24,7680	-2,3121
13,5618	-1,4600
19,8529	-2,3123
15,3314	-20,9900
21,6225	-5,5891
20,5087	-13,6501
5,7627	-5,6545
16,5764	2,5375
-7,7378	3,9140
12,9063	16,1037
-18,0269	18,9218
6,4182	23,9681
-15,7330	30,3907
5,1073	35,1748
-20,3860	21,1501
2,6169	24,6236
-5,7060	18,2664
4,9105	11,9096
-3,8710	10,2055
-1,3155	11,2541
-7,9998	22,1986
-6,2963	8,8292
0,3887	4,3073
-18,2893	18,7249
2,1583	-0,7393
-22,3525	-4,6057
-9,8349	6,4043
-39,9163	-5,1301
-26,1537	8,3705
-60,4293	16,1690
-36,7708	9,0258
-51,1889	25,5408
-35,0015	6,5353
-40,4406	3,9140
-13,3091	18,2663
-18,6170	5,2246
-14,1608	16,1038
-10,6869	24,5577
-27,2679	9,8780
-12,1286	26,3931
-24,8430	29,1454
-1,1843	23,8373
-25,5638	35,8958
-10,0315	25,0166
-21,5658	7,3876
4,4518	10,5331
-17,8957	-6,8340
9,3670	-4,0816
-14,2913	-7,8830
-2,6261	-12,9290
-17,0437	-7,1620
-2,7574	-11,0287
-8,9829	-15,4193
-2,1019	2,4064
8,9741	-1,5914
-1,1842	6,6007
21,9502	3,6515
-2,2327	-8,3414
22,5401	3,3239
-1,3807	-10,7665
22,6712	-15,0261
-5,5093	-12,3392
18,2802	-6,3754
-11,4075	-4,2127
7,9253	5,8799
-10,7523	2,2756
-6,2962	17,6110
-10,1625	27,0482
-5,4444	22,9852
-9,7693	37,2066
-8,9177	39,5004
-1,7739	40,4180
-13,8983	33,5366
2,2239	23,4442
-19,1410	25,7377
-2,2327	19,9047
-29,6923	-7,9479
5,5003	12,6304
-34,2144	20,0357
-6,0996	7,7806
-22,4834	21,8709
-1,1191	16,6280
-21,7625	25,6721
-12,3913	20,4946
-17,8958	3,4555
-14,6850	23,7716
6,0248	21,0189
-11,4080	14,6621
4,5833	21,8708
-7,1479	1,3581
9,8261	9,2879
-15,0122	4,7001
17,5593	-15,5503
-8,9173	4,7003
10,6124	-3,2954
-8,1963	-9,3244
13,2992	0,5714
-10,8177	-3,2953
10,2191	4,3070
6,0249	7,1249
-2,9538	-11,0284
4,6487	5,2900
-15,7991	-5,2613
-12,5875	-1,6566
-29,6929	12,7613
-17,5684	9,0258
-46,1424	19,1186
-17,5683	30,9804
-31,8553	24,1648
-0,5289	25,0169
-28,7090	23,5095
23,8507	19,0530
3,0759	13,7445
20,7705	5,8145
6,6151	0,6370
7,5975	2,6685
-9,8346	-8,9314
-16,2578	-0,2806
-19,4688	5,8798
-30,3483	7,1252
-14,0949	25,3443
-36,3775	20,5601
-10,4248	20,7571
-32,8383	39,8934
-10,1625	16,6281
-26,0877	20,4292
12,3162	13,2857
-14,8155	6,8632
-0,7910	17,9387
-10,2935	6,4698
2,8787	1,7514
-5,7061	19,0528
-7,3449	1,1614
-4,1332	5,5523
-15,0781	-1,7879
-1,2497	-10,1107
-15,8645	0,7681
-2,6916	-7,0964
-26,6125	-8,0138
-9,8349	3,1272
-21,3039	-3,4919
6,8110	-3,6228
-17,7648	14,7272
13,2337	3,9794
-10,6867	20,1013
4,1242	14,0719
-14,6189	15,7105
-7,0172	26,4586
-8,8519	19,2496
-12,3913	17,1526
-7,8688	21,1502
-22,6147	20,4292
-0,3321	23,3128
-17,0441	19,3150
1,3063	15,3830
-18,6823	23,7060
15,3967	13,2201
-0,9218	2,0134
18,5423	-2,7054
-9,5724	-6,1133
8,9741	-10,7009
-6,9511	-11,0287
-6,1651	-24,8566
-9,4415	-6,9651
-7,1484	3,6515
-12,9152	0,4405
-15,9301	16,5624
-0,2668	15,3172
-14,2918	17,4801
-6,0994	20,4291
-29,6269	15,3173
1,8959	15,3830
-37,3603	19,7737
-9,5729	13,2201
-38,9987	5,4869
-11,0148	9,9433
-31,3965	10,4019
-4,1991	-1,5255
-21,3038	0,1784
0,5194	-5,9166
-12,7840	5,7488
-7,4760	-11,8150
-3,5436	-0,5426
-27,2679	-1,7881
-10,3593	-13,4532
-29,4305	-2,0500
-7,0825	-5,7856
-31,5930	-3,3609
3,9932	0,1781
-14,0293	-9,5867
19,6563	-8,2104
-17,4369	2,7995
10,8747	-15,2228
-7,5408	-1,0669
22,8019	5,4865
10,2192	-0,6738
19,3941	-4,6714
23,5889	-10,3730
32,2393	-3,0987
38,1380	-14,0434
18,4113	-23,0216
35,2544	-18,1064
7,7289	-5,9169
22,9990	-12,0771
-11,4075	-0,8707
21,0984	-23,6115
-7,9343	-11,2251
3,9278	-8,0796
-12,4561	-13,9777
7,5320	-3,0330
-20,3206	9,1566
-9,4420	-1,9843
-14,4880	21,6088
-18,8137	20,4290
-9,9003	26,4586
-10,1630	23,2472
2,4861	4,9628
-13,7672	18,9219
15,2000	4,1105
-15,9953	-8,8000
10,4815	-7,8173
-9,6383	-19,7449
12,9717	-17,3856
-10,4247	-15,0920
10,0224	-24,3979
-9,1793	-5,7857
16,9691	-9,2592
-4,9851	-11,0940
14,2822	-6,6377
7,0735	-9,9800
10,8743	-10,5042
7,2701	1,4888
-4,8543	-11,6839
13,6927	-9,5867
-10,4903	0,3747
12,5130	-26,1674
-13,5049	-12,6014
10,2849	-20,2694
-19,5996	-25,3154
11,0056	-7,0311
-16,0608	-25,1189
12,3161	-7,0962
-7,4101	-3,8852
2,8133	-16,8611
-1,3151	4,7002
5,1726	-0,0185
4,3866	-5,0646
5,4347	11,9747
5,2385	2,5375
-20,8451	5,4868
8,4498	7,3873
-15,6022	0,8994
12,2509	19,3149
-11,5388	12,6957
10,0882	10,0090
-15,2085	17,5455
16,1828	9,8122
-13,4392	20,7568
10,9399	15,3827
-0,8564	9,7468
7,0732	21,6087
-3,1501	22,3950
-4,7232	0,7027
1,3063	7,2563
-5,7064	2,8652
6,9425	-9,2590
-6,2306	-6,3753
12,2510	-5,3267
-11,0801	3,3895
10,4814	3,7828
-20,0584	-0,0181
10,9400	16,8901
-22,4833	-1,7879
7,1390	-11,9458
-13,0461	-5,7200
5,6970	-6,2444
-3,9365	-8,9969
2,8789	7,1905
6,7459	0,3093
6,3523	15,9728
14,2170	17,0866
0,0608	5,2251
7,7289	23,4439
-14,4226	21,8053
3,6656	11,6473
-25,7602	11,3850
0,1265	-5,1300
-30,2822	7,9772
8,0562	-0,6084
-31,2652	-15,4848
5,3038	4,3070
-10,0971	-1,5914
6,8110	-2,5741
0,5854	14,0718
5,5003	-2,7707
6,7460	13,0235
9,4979	6,8631
14,6103	1,8824
5,7626	13,6788
14,2828	6,0110
5,1074	-2,3119
20,9018	12,4337
-9,8347	3,8484
16,4453	8,0429
-4,6574	14,2685
10,9401	-2,8362
-2,5602	16,5624
4,5175	18,4628
0,8478	5,2902
9,4325	12,6958
3,2069	7,4529
-5,2476	17,4799
8,0567	11,1229
-6,1651	6,2079
12,5786	11,7783
-19,7310	9,9432
2,2240	-2,0499
-14,2258	2,3411
11,6610	-2,5744
-15,5365	-3,2951
7,4668	5,4865
-14,1602	3,0619
5,7626	9,5501
-19,9273	13,2201
-9,5075	6,4045
-16,3231	19,8393
-8,5903	12,5647
-13,5050	11,1886
-8,8523	16,4313
15,3966	-3,0328
12,4472	10,2710
19,0014	3,5205
18,3459	-6,5062
29,2905	13,6787
4,7144	5,0278
8,9741	-1,4600
-22,0245	14,0064
-18,0927	-3,2296
-32,5106	12,5645
-25,4330	11,9092
-33,6900	4,7004
-2,6264	18,7907
-3,4123	13,9410
-3,8060	10,4021
-7,7377	17,4799
-8,6556	8,9601
-9,3762	9,1568
-31,5277	13,4166
-3,6747	7,1907
-30,8068	20,4291
-10,0316	18,7250
-20,0585	9,8778
15,3964	18,9874
-9,8347	17,1522
26,7343	16,1037
1,6999	15,3172
22,5401	5,2903
13,1687	17,7421
15,4621	6,2076
12,5788	-3,9504
8,3840	1,2923
13,8239	0,6367
-4,0024	-28,5923
3,0758	-20,3347
-17,6339	-22,6287
-1,8396	-15,4196
-30,2823	-6,9657
-3,9368	-29,2476
-28,4473	-18,9585
-4,1334	-17,3203
-20,9105	-26,3641
4,0585	-16,2060
-6,0992	-20,7281
0,4542	-19,6793
2,5516	-4,7372
3,4686	-18,8929
-1,8394	-10,0454
-14,0951	-8,2762
-0,0701	-21,1866
-22,9425	-8,9315
4,5831	-20,2692
-12,9807	-15,2229
24,4407	-15,0265
0,5200	-35,0148
25,0962	-23,6771
-8,4583	-24,2016
19,0011	-37,3086
-12,6527	-14,3055
16,1172	-18,6965
-6,0336	-22,7596
8,6462	-17,9754
15,5933	-13,7156
5,5005	-12,0772
21,6883	-4,1474
5,7626	-17,7788
20,6397	-7,3585
0,7819	-14,4365
10,0883	-8,8659
-14,6190	-8,2106
2,4860	-16,3371
-19,2064	-6,8342
9,8915	-7,1620
-9,8348	-14,3053
16,9037	-3,7540
-1,6426	-1,5914
18,1490	-12,8635
3,1415	5,4211
1,2406	-1,0672
-2,3636	-6,8996
-6,7551	-6,0478
3,5999	-22,3662
-21,7628	-11,6838
4,2555	-8,9316
-5,7720	-21,7109
5,4351	-2,9675
-7,6066	-4,8026
27,7173	2,1444
-6,9511	6,0109
24,7029	-0,8049
3,6659	-3,5574
14,0204	1,2921
3,7314	-17,9098
13,8891	0,0471
6,3529	2,6028
15,9863	-16,5334
13,1031	-8,6691
9,8915	-7,5552
21,0330	-7,1620
-0,3977	-9,5868
19,8533	-14,3710
0,1923	-12,5360
21,2951	-16,2716
2,2241	-27,2814
33,3538	-9,1935
9,1710	-15,5507
39,5797	-8,1449
16,9701	-12,1428
42,5289	-20,1380
28,1112	-6,7031
38,8588	-14,4365
38,7279	-13,4533
24,8994	2,8652
21,6886	1,3578
10,6780	2,9965
13,2997	3,2584
-10,9489	-9,9796
17,1662	-1,3946
-13,8982	-3,5576
6,3525	-30,4926
-21,8279	-11,0286
3,7965	-19,8106
-22,6145	-27,5436
-3,5437	-8,0795
-20,4518	-15,4850
3,1408	4,8969
-6,6237	10,1396
-0,6601	0,1128
13,1685	0,5061
6,4833	5,2899
12,9065	-8,8002
2,2893	2,0132
18,3459	-1,9191
3,8622	-9,0623
14,0204	-6,0477
-10,8177	-7,1619
7,4012	-12,4048
-10,0969	-9,8492
9,6290	-29,8375
-27,3984	-14,1089
-4,5266	-14,5675
-15,9298	6,8627
-18,8137	4,5037
-21,8936	12,0404
-14,8818	17,2834
-20,1899	9,2878
-26,1539	1,2926
-12,5220	3,8484
-25,8260	4,7001
1,7651	-10,3075
-23,2698	-5,7199
10,0883	-7,6862
-12,4561	-12,2736
7,5978	7,7148
-15,9295	-4,9991
9,8913	2,2756
-16,9127	13,5477
2,2235	13,3513
-11,8009	20,6913
4,6484	4,7661
3,9932	15,4483
-1,3809	4,5035
11,3990	-10,6351
-3,4780	-0,4772
15,2002	-5,5892
-11,8008	-25,5775
29,0283	-9,2590
2,6172	-21,5799
28,1764	-10,7009
5,7631	-7,3588
32,1084	-20,9245
3,0761	-7,9482
21,6880	-0,8704
4,5178	-6,8997
12,8405	8,1738
6,6150	-3,3607
9,2359	-3,6882
10,6781	2,2754
-2,9539	-9,1279
1,1752	-2,8363
-16,6509	-1,3291
8,9740	-3,7538
-25,3670	2,2755
17,8214	-3,2296
-21,1726	-3,4261
1,0442	6,0109
-11,7354	-6,1132
0,3885	8,0426
-20,6484	3,3894
-1,9054	-9,1932
-10,0970	12,3680
0,5195	3,1273
6,5494	-9,2588
7,5319	3,8482
6,4182	-9,4557
-14,3570	-8,8002
0,6508	-3,4920
-30,8067	-12,6013
-16,7819	2,0788
-39,8507	8,2392
-11,7358	8,5670
-42,5377	25,9997
-13,5707	19,8392
-25,0394	19,5117
-2,2329	22,3951
-3,6088	2,8655
16,6415	19,1185
15,9210	16,8245
18,1489	10,3365
19,2634	12,3026
7,0734	8,5014
22,2781	-3,0983
-7,4756	9,2223
14,8069	-14,1087
-12,6530	-5,4579
-0,6598	-6,3101
-23,4664	-18,8928
-2,7573	-8,9969
-28,5127	-4,4751
-3,9371	-21,0555
-32,2483	-4,6714
-1,1190	-1,5914
-20,8450	4,1760
0,1263	16,8244
-3,5433	-2,1809
-0,9877	18,9218
7,6634	16,2345
2,4202	3,3240
10,0882	0,8338
-6,6892	-13,1910
8,2533	-4,8025
-8,5897	-8,9315
12,9062	-20,0724
-9,5727	2,5373
12,6440	-3,2300
-15,5362	-18,7618
21,4257	2,3410
-8,5241	6,6663
-0,0702	7,4529
-14,5534	24,4267
-10,5561	20,6258
-4,7887	27,6383
-6,7551	31,3082
-3,2812	24,1649
-19,3378	35,0439
6,3525	34,4539
-29,9547	27,9660
-4,8541	33,1432
-23,2043	17,9389
7,8598	12,6305
-9,4415	10,0745
11,2677	5,4214
-5,4438	15,3827
13,9546	9,6810
1,0442	-1,3289
10,0879	10,5332
8,7121	16,2346
17,0348	9,4847
15,5279	18,4629
13,2992	0,5718
18,3460	10,4677
1,6341	6,9939
24,3098	-7,1617
-1,9704	9,3533
10,8747	11,9092
-15,1432	17,3490
0,3887	31,8324
-30,8719	25,8032
-0,4634	25,0168
-18,2234	27,9003
0,7816	6,2079
-6,4269	22,4606
9,5635	-1,0014
7,6634	2,4722
2,8790	3,1929
12,3821	-3,6227
-7,8034	10,9917
4,1899	-1,0014
-20,6486	-5,1955
-8,2621	9,0913
-34,1489	8,6980
-5,8374	0,4407
-26,2845	14,5310
1,5681	20,3636
-26,2188	16,8246
4,6486	14,2686
1,7654	-1,3290
19,6562	-1,7222
11,7269	-11,8151
18,6076	-16,2714
11,2679	-7,4241
-8,7210	-1,0672
7,5978	-16,7299
-17,3719	12,1058
-8,3276	2,9308
-36,4429	6,8631
-15,9956	14,2030
-51,1230	14,0066
-23,2046	20,3636
-35,7874	32,8809
-18,5514	26,0654
-15,6020	35,2405
6,4177	30,0631
-9,3761	23,1818