20,5703	8,7152
25,3543	-8,3238
34,1363	11,7955
21,5533	-11,8630
37,8063	-3,9986
20,1115	-0,7877
35,5780	-15,8608
15,5238	-1,1807
17,2933	-8,3244
-1,9742	-24,1838
19,1282	-3,2781
7,7251	-24,7739
14,6718	-1,1807
11,6574	1,4403
10,3464	-12,7806
13,8855	22,0846
8,5113	11,8608
14,3441	3,2761
11,2638	23,7887
18,4074	9,5019
7,0040	14,4829
23,7159	24,6407
8,8391	3,4071
19,7181	17,4975
-0,4670	25,2304
10,4120	7,2083
1,4990	21,8229
9,6254	11,4025
-0,8602	12,9100
8,6424	16,7107
12,5748	-15,2052
13,4920	4,7177
11,2641	7,2078
6,6763	-14,6156
1,4992	-7,2754
-2,3021	1,7681
8,1837	-13,2394
-13,6400	-4,2611
4,4481	-16,9094
-6,3656	-0,7876
9,1666	-9,1764
5,3002	-19,8584
28,4345	1,6372
25,6822	-14,8780
46,3261	-29,1645
36,8236	-14,6813
44,2289	-20,4487
31,3840	-23,5288
23,6505	-13,3053
22,6675	-29,2958
4,5136	-1,8361
3,5964	1,4405
6,9385	-14,2878
16,7034	12,3854
-0,4014	-5,4406
12,6403	-16,1226
-4,9235	4,3898
7,7249	-16,3851
-14,8850	-2,5569
-10,6909	-10,8804
-15,0817	-20,6448
-7,8076	0,3266
-18,5552	3,9309
-10,1668	-15,5986
-16,7201	3,9311
-2,3680	-16,7783
7,8558	-9,0450
0,5813	-19,4000
4,0550	-26,8054
4,8413	-21,1039
15,3272	-12,1912
9,5600	-32,9659
15,6549	-9,3076
4,0550	-24,9052
15,7859	-16,4507
1,1714	-7,7348
11,7225	-29,4924
3,9894	4,4553
-5,5135	1,0472
-7,8726	-12,3217
-3,9408	4,1278
1,4334	5,2418
-2,4335	6,0284
6,0866	4,3243
13,6887	-19,7273
25,0922	4,3897
16,3759	-15,0092
30,5318	-33,9489
11,0019	-15,9921
21,3566	-20,9075
11,5917	-20,3829
28,8931	-2,4916
14,4099	-9,5693
31,4494	10,3538
28,9591	16,8417
38,5273	-2,2291
41,0832	15,2035
31,6459	17,1693
33,0879	-0,6561
20,5047	23,3299
21,7499	3,9313
9,8877	13,7619
13,3612	26,1479
-1,8433	3,0139
15,3927	22,8714
-6,7586	34,7986
2,6131	22,8714
-12,8536	49,0204
-20,3248	46,2024
-34,6117	52,4286
-39,6584	65,9944
-59,2535	51,5113
-60,6301	71,5653
-57,3531	54,5256
-49,6858	37,7486
-52,2413	39,9111
-44,0494	23,5923
-32,9736	17,3008
-32,7115	22,3468
-24,9783	6,5527
-59,7122	20,3809
-41,6245	16,9074
-74,0649	11,6648
-79,7012	22,3471
-92,0875	17,6283
-93,6608	-6,1612
-108,9961	1,7028
-96,7411	-30,4100
-100,6075	-41,0925
-83,6339	-50,9235
-71,6405	-81,4632
-79,3737	-71,6984
-51,1273	-59,5093
-50,3410	-86,3788
-35,5296	-78,7110
-36,7747	-84,6747
-16,7205	-75,1064
-14,9508	-72,4852
12,2468	-98,8305
16,3758	-82,1844
29,7452	-86,1824
35,7095	-104,7289
56,7464	-84,5439
49,6690	-90,5734
80,6018	-84,8059
81,7161	-63,5066
84,4687	-57,3461
107,9310	-36,3087
108,7828	-22,4806
124,1843	-30,1479
120,2520	-10,3558
133,0972	-7,2102
122,3492	-13,7635
124,3154	9,6327
111,6670	-11,6665
127,9196	8,4532
100,3947	15,5964
104,0646	7,6668
98,5594	28,7697
92,0710	34,1435
73,1312	31,1949
63,8902	63,5696
50,5208	46,5959
34,0709	68,6162
29,2212	66,9777
5,3001	67,0434
-7,9381	79,6263
-25,6988	71,4996
-37,0367	47,1205
-60,1711	63,5698
-58,7953	35,8478
-106,8989	24,1168
-114,3048	7,4046
-150,8087	-34,3419
-166,0791	-39,9784
-196,4226	-62,0647
-231,3537	-104,5978
-236,9900	-122,8173
-256,1271	-158,8627
-269,3654	-197,3327
-300,0366	-223,1544
-296,6289	-270,4062
-315,0449	-275,1910
-331,9532	-314,9064
-337,0651	-353,3107
-325,3343	-366,9428
-345,0606	-412,2943
-311,3094	-450,7641
-319,5668	-463,0200
-287,2574	-512,0415
-293,6797	-532,4891
-267,7929	-564,3401
-265,3677	-585,7050
-255,2097	-584,0013
-226,0456	-594,2254
-204,6809	-629,0247
-178,0072	-616,9008
-154,6106	-637,3482
-133,7694	-635,1201
-113,6498	-630,0085
-85,9932	-642,9844
-82,3884	-607,7259
-37,1685	-593,5047
-38,1509	-585,8361
10,0183	-532,6208
23,3882	-526,0671
48,9475	-505,0948
62,1863	-469,9673
85,1894	-452,1410
94,6272	-415,3747
116,5162	-363,3390
133,0972	-361,1756
128,6407	-321,3292
143,7799	-284,1044
144,2384	-270,0137
141,6826	-231,5436
124,5120	-206,4429
126,5436	-173,4122
107,1448	-136,1219
111,7975	-123,9972
81,5200	-78,1869
94,6925	-50,2685
69,9854	-47,5808
66,5117	3,1445
52,9457	15,2033
30,5320	42,0082
25,0269	65,6012
1,8269	61,8662
8,0528	94,6998
-1,5159	95,3549
-11,4118	67,5027
-32,7768	96,4039
-25,9610	91,8162
-48,1124	96,9937
-44,5736	103,4161
-67,7735	86,5736
-69,3465	104,6615
-86,0583	92,7336
-87,3694	68,7476
-100,7386	76,1529
-101,3287	52,5596
-105,2607	39,7800
-112,0112	34,6025
-102,5737	7,8638
-103,1638	30,5391
-89,4664	12,3852
-87,4349	-14,0256
-72,2303	-7,9966
-86,1240	-25,4296
-63,3173	-50,3987
-74,4585	-55,7075
-58,0742	-82,3153
-58,0085	-78,5144
-35,8573	-85,6582
-29,6967	-100,8623
-17,1138	-79,8910
-18,7518	-94,6366
-2,8266	-99,6826
3,7927	-89,1316
4,6446	-107,9405
12,3125	-114,2975
5,5622	-111,9384
25,6164	-115,8048
19,1282	-94,5057
30,4008	-99,6830
35,5781	-107,4813
40,2968	-73,4681
43,8360	-82,1845
52,2245	-84,2812
43,7051	-50,9891
66,1838	-62,6542
45,0158	-33,6872
61,2687	-27,5268
59,3681	-27,0023
50,3241	-6,6202
61,7276	4,1930
55,5669	1,0478
55,7639	30,9320
58,3194	20,2499
67,4946	30,2116
40,8211	40,1729
45,6054	22,0852
26,5342	42,0083
26,8617	41,0249
2,3512	21,8886
6,6109	41,8770
-1,1879	23,9200
-5,1202	31,1293
-5,7099	49,4135
-1,7781	34,5372
-11,5427	58,9167
-7,7418	55,4432
-10,7564	33,8820
-18,6865	54,0669
-13,5746	37,0273
-29,6966	29,6220
-20,9146	44,1051
-28,3204	29,4252
-11,4774	40,1731
-20,7837	32,5708
-12,0017	20,9056
-21,7664	38,7311
-2,3680	20,9052
-17,5722	10,6164
-8,5938	26,0826
-12,9190	10,4194
-6,1689	20,6431
-2,4986	12,3199
4,3825	-2,1634
16,9656	27,3932
8,3803	18,3489
19,5217	0,1304
15,3271	22,0848
12,6404	2,2929
6,2833	21,6261
17,4243	17,7591
3,9894	-18,0887
9,6254	2,2929
-8,2658	-0,4599
-2,1710	-10,6177
-8,3969	9,4362
-4,1372	0,4578
-0,7947	2,0308
-2,1713	4,9795
-10,1008	-28,6403
-5,0549	-9,6350
-6,8897	-21,1041
-12,5915	-28,3782
-0,5326	2,2925
-4,0716	-15,5334
17,2276	-7,5376
1,1058	8,9773
9,2323	-1,5739
-5,3823	3,7347
1,4334	11,2711
-5,4479	-0,5251
5,5620	20,3152
-0,9914	8,1252
5,6931	-12,4528
10,0187	-1,9672
9,8876	-6,2273
25,0265	-17,4337
7,8561	-13,9605
28,9589	-26,1499
13,6888	-3,5401
27,9758	-7,9968
8,9047	-30,1477
15,7205	-8,9141
-5,7098	-16,1233
8,0525	-11,8631
-18,1619	-11,0769
-10,6909	-14,3534
-20,7179	-0,2633
-15,3441	1,1783
-19,8659	-17,1716
-9,2493	0,0645
-4,2683	-1,0499
-6,6933	-5,7682
-0,7293	-2,8192
-0,3361	-12,2564
5,1690	8,5842
-3,0232	7,2076
-9,9045	-9,2416
-17,5723	12,6474
-13,1160	6,6835
-32,5147	-1,3117
-21,7013	4,6520
-39,5925	-11,8632
-26,4853	-6,6202
-25,1745	-7,8657
-28,9102	-30,1478
-24,7157	-5,9651
-23,9296	-11,1426
-21,2421	-19,5964
-12,5260	3,1445
-0,2704	-7,0791
9,0355	5,8317
11,1984	3,3412
6,7420	-10,4867
24,3712	4,3898
6,2831	0,9163
12,6402	-8,0618
-1,0569	6,4870
12,9022	-2,6881
5,1691	-1,1806
7,4627	-4,5887
-0,4670	-21,2347
-5,3169	-0,4599
-1,7122	-6,3583
-4,9894	-16,1883
4,5136	14,8101
-1,9747	1,1783
1,8921	-4,7195
-10,0355	17,6281
3,2029	0,3268
-13,0502	19,3979
-0,1395	25,1648
-13,7054	9,5020
1,1057	29,2283
1,5645	18,0214
8,1181	4,8490
7,9216	10,6160
9,8220	1,3098
10,0189	6,9460
10,0186	12,9750
13,7544	-11,6008
6,6763	6,1596
22,1430	7,5355
9,4288	-2,4913
22,2742	13,4338
18,8662	-5,1784
32,9565	-1,3772
7,9874	4,1931
28,2381	-8,5208
19,9148	6,9458
17,1623	-3,5402
11,8541	-10,1590
30,1383	4,5211
9,6914	6,6836
15,9826	5,2420
11,3953	11,9265
9,6254	-1,9669
9,2979	19,9221
-0,2707	-0,7220
-1,7779	-8,1927
-11,4773	15,0722
-5,1203	1,3750
-12,0016	-7,5374
0,6469	23,7886
-4,0716	18,1526
9,7565	24,3787
13,2300	29,8836
14,9995	10,4852
4,1208	28,5076
18,1453	28,5073
5,4314	6,2908
8,0527	19,5945
11,1328	10,8780
1,3678	4,1279
3,3340	4,7830
0,0571	-12,7806
13,6887	-5,4407
4,3171	-17,5651
24,8300	-35,0630
6,0867	-20,1865
25,2234	-29,4926
24,6334	-22,2180
23,2572	-11,6670
20,0462	-39,9127
32,8910	-10,4871
26,2066	-14,4849
24,4369	-25,9534
23,7162	-7,3411
21,4221	-5,8995
15,8518	-10,2247
16,7035	1,0474
20,0459	-17,1061
5,9556	-6,0303
18,3418	1,2437
3,6616	-22,2178
15,3925	-3,2779
-6,8241	3,7342
16,1136	-10,0282
10,3465	0,5232
24,3055	-13,8293
11,2642	-8,4551
9,5600	-3,9991
8,4460	-34,2764
4,1203	-6,5549
-4,9236	-14,8783
-6,3656	-31,2619
-2,1712	-6,7515
-17,1790	-10,2906
6,4796	-12,3874
-4,4649	-0,2634
21,3564	-20,4485
3,8583	-8,7830
13,1646	-21,6284
4,1861	-31,2618
9,1665	-7,4724
-13,6397	-12,0601
0,9091	-21,1693
0,6470	-4,2611
6,8073	-23,2010
7,5940	-13,5669
18,9315	0,2609
15,5238	-17,3680
5,3657	7,2736
6,4800	6,5524
1,8922	-10,4211
7,5939	17,4316
-17,2443	0,5888
12,9023	5,9628
-12,7226	4,6519
2,2198	-14,6810
-7,3485	-9,6348
-4,4650	-7,8002
-8,5935	-22,7422
3,8580	0,7850
-16,1301	-19,6622
-2,1711	-19,2032
7,5938	-10,2906
-5,4480	-22,8733
10,2156	-9,3074
14,8028	-4,4578
15,8516	-15,5332
14,8030	-2,8847
25,2887	-5,8994
12,5748	-4,5229
27,3204	8,5185
5,3659	-12,7150
18,6698	10,6813
13,4267	-2,6884
10,4775	-25,8222
-4,5301	4,5863
0,7125	-5,4409
-8,4625	-11,2078
-6,7588	5,3728
0,8435	-7,0135
-10,6910	-0,3285
-9,2490	16,9728
-15,1474	-4,4572
10,0185	18,9392
-15,7372	14,6135
5,9555	-6,9476
-6,8241	4,7177
-1,3190	-8,0620
-2,1708	0,0646
5,9553	6,1591
-1,6465	-18,1545
17,5553	-0,1322
17,1623	-5,8341
16,2448	-22,1522
27,1240	-9,6350
17,0312	-17,6959
26,5997	-1,9671
8,7736	4,4552
23,5193	-13,7635
-2,8920	10,0259
-4,9890	4,2586
-19,7348	-8,3896
-11,0186	17,7592
-18,4898	13,0404
-12,2638	-3,0813
-18,8173	3,7344
-7,8074	-21,8246
-13,2466	-14,0259
5,1687	-12,4534
-2,8919	-32,5072
11,6569	-19,0722
5,7589	-9,5043
11,0017	-26,7399
11,2640	3,5377
8,5114	-10,0938
21,2254	3,0137
-0,2705	10,2225
11,9194	-2,7534
0,3194	17,4972
16,9655	14,4822
1,1059	-10,1591
21,7498	2,6859
17,3590	-8,1932
27,2549	-10,8801
24,6336	-4,3268
23,2572	-17,1717
20,7669	-15,0745
16,4413	-6,1618
19,9149	-25,9535
5,9554	2,2270
19,9804	-5,3754
8,5114	-3,7366
20,3081	4,9139
7,7251	-17,8269
18,7353	7,1424
14,9339	0,7851
17,2277	-23,4629
-2,2363	0,1299
19,9147	-10,4871
15,7861	-25,5602
23,1260	-14,7470
18,7354	-33,2936
29,2865	-19,5965
27,5173	-14,1573
27,6481	-32,1794
27,6482	-12,3874
19,2594	-2,1640
17,0312	-7,6032
3,6617	4,5865
7,1351	2,6860
-18,0964	7,9289
-0,0740	7,7976
-10,8875	-19,3341
-2,6298	7,0112
-4,8579	-3,6060
9,3633	-29,0991
-6,3651	-3,6714
7,7906	-24,6431
14,4754	-31,6552
6,2175	-21,3663
-1,5154	-40,6993
4,1859	-23,8564
5,2345	-22,0871
-8,2005	-27,6573
-0,0740	-3,3435
-11,4118	-8,0622
-0,0084	-5,7682
-4,6615	11,9920
2,0232	0,2611
-3,6129	6,7494
-0,6637	14,4823
-11,4116	-6,4235
-0,4674	10,5503
-19,9314	3,6032
-16,1961	-5,5060
-10,7565	10,3537
-22,5532	4,1934
-11,2809	18,0871
-23,5362	16,1210
-2,4333	6,9462
4,2512	21,2984
20,8321	8,3219
5,8245	-13,5668
32,5634	1,5719
23,1262	-7,2757
33,5464	-8,1931
15,3275	2,2269
25,4199	-21,3658
4,0552	3,2102
16,1791	-0,4601
3,8584	-14,2879
0,0573	-1,9016
16,7690	-3,1470
7,0038	-14,8120
0,6470	9,9603
-13,9678	-11,1422
-13,9676	4,7176
-22,1597	-1,7053
-2,6955	-25,7566
-20,7835	-7,0135
-3,6785	-17,8272
-22,4219	-25,4947
-13,5745	-8,1279
-22,5529	-22,2835
-12,5915	-5,1785
-10,5598	1,6370
-10,6255	-19,6619
-4,4647	10,0916
1,9574	-1,6397
-6,4309	-11,9285
-11,6740	2,8170
-6,3654	-11,2733
-20,9146	-2,6224
-9,0524	-7,3412
-15,7374	-21,1691
-0,2707	-0,6565
-5,3826	-9,8317
1,9576	-23,7905
-3,2849	-6,8169
19,8491	-17,3682
12,9681	-13,3704
15,5239	0,1297
10,8709	-28,3783
9,2322	-9,2418
5,6278	-5,1133
-12,5259	-33,1626
1,3024	-9,9628
-4,1374	-17,6308
3,4649	-15,2057
-17,3100	-3,2126
4,0548	-14,2224
-19,3417	10,0916
-7,4795	12,9749
-12,9191	-8,2584
5,8241	11,9921
-10,6908	3,9309
-2,3022	-7,7342
-8,3314	15,4653
-0,5328	-9,1762
-1,3190	-1,6394
-2,0401	-3,3436
3,3341	-27,9195
-15,0818	-9,0452
-2,5643	-3,9338
-19,7351	-25,4948
-19,4073	1,5061
-24,0604	-14,4192
-3,0889	-2,2292
-13,1813	11,5331
2,6130	-7,4721
14,2131	5,9627
20,5045	-0,0670
18,0144	-21,1036
27,0583	0,9820
17,7524	4,1930
34,9224	-3,2778
10,5432	14,4169
16,3103	-0,5909
20,3735	7,7978
14,2785	1,2439
19,3250	-15,0088
5,4312	4,3897
9,5601	-8,5868
-1,1880	-21,2347
-0,6638	3,9309
-11,6737	-11,9942
4,5134	1,2442
-12,9190	-4,4577
2,8096	-21,1691
-1,2535	-6,2270
11,4604	-6,8827
12,2471	-15,7298
11,8538	6,8800
24,5681	-9,1763
20,1112	1,1787
24,8957	12,6472
19,7181	-5,8335
27,9758	16,8419
21,3565	20,0530
31,7114	-0,5251
23,4539	18,2837
35,3159	14,2202
11,3299	-7,0788
35,1194	9,0430
18,9975	-0,4598
27,5172	1,3753
27,4517	2,0960
30,2040	-18,3511
15,7208	-7,6034
19,1284	-22,8735
17,2935	-34,3422
8,3804	-28,9684
15,9826	-33,8181
-0,4015	-22,6769
14,8029	-25,4294
-3,2852	-22,7421
7,1352	3,6688
-4,4647	-6,9480
9,1667	-7,9964
-3,4817	3,5377
7,9869	-16,2542
-0,6637	-1,9673
15,5236	-6,7517
16,0481	-19,5308
20,3079	11,7298
28,3037	12,1228
35,1847	0,3268
30,2699	18,0871
25,0923	10,0261
27,7138	10,4850
12,7058	10,1569
22,9295	-25,1011
-6,3653	-1,3771
11,9195	6,2901
7,6595	-23,3973
12,1815	-0,3941
18,4731	-6,0960
19,5868	-12,9114
-5,5786	6,1593
6,4141	-8,5209
-0,4016	-5,8993
-11,1496	-9,2419
7,2661	-24,4461
0,9744	-3,7367
1,2370	-11,4048
9,8877	-30,2787
17,7521	-9,5695
3,3341	-18,0895
13,8855	-19,5965
2,6787	-13,3053
11,3950	-24,4462
4,7103	-8,9141
12,9022	-13,9607
0,4504	-25,3636
6,2175	-3,6057
-8,5279	-5,7685
-0,1396	-4,3264
-14,3608	7,8632
-8,0040	-2,8845
3,9891	14,2859
-3,4165	1,5717
12,3125	-20,7104
5,8899	-0,6565
20,1113	-9,3731
-3,2194	-15,3365
16,1137	3,8655
1,0403	-6,4236
8,5769	14,0238
-7,2172	12,2540
-0,2051	-4,3918
-9,9699	17,3662
-6,8243	17,3003
1,3023	-3,6054
3,9891	6,1593
11,6572	-9,2416
8,8390	-2,6881
24,9610	-9,5041
2,0888	-22,0213
9,6257	-10,6182
2,4820	-17,3029
10,9362	-19,6620
-9,9042	-5,5719
14,9340	-14,0260
1,2370	-0,7876
22,0119	-1,3776
12,9026	-19,0066
28,5656	-5,9650
12,9684	-10,5530
32,5634	-39,0607
29,2212	-15,0091
26,0752	-19,4001
27,7795	-18,0236
23,6503	-3,6714
27,9102	-25,2981
0,4505	-2,4915
14,8683	-0,8533
-7,3486	-22,9386
-1,5158	-2,2947
-15,4094	-10,4871
3,0717	-21,2347
-5,9721	-5,4409
4,7756	-25,9537
1,2370	-18,6789
7,9214	-10,9461
2,2200	-37,6188
5,1689	-1,6395
7,3974	-7,6692
7,0694	-25,6912
16,3758	-4,3265
9,6910	-14,0915
17,6210	-4,8508
5,8244	-4,1957
11,8539	-26,7399
-6,2998	-7,2102
0,5159	-15,5335
-23,6015	-25,8878
-17,6379	0,2608
-22,7497	-25,1018
-11,8708	-21,5625
-19,5383	-16,5165
2,8095	-32,5725
-1,6467	0,5231
10,9362	-6,1620
19,8493	-14,2225
6,6109	8,5185
21,0945	-7,4067
4,5137	-1,1804
24,7645	14,2204
1,9577	8,7809
19,3249	15,3345
-0,1395	19,2009
1,5646	-4,9815
1,4990	16,1865
2,1541	15,7931
-4,5959	5,8974
-8,1351	7,9945
-12,5912	2,8828
0,1225	6,5528
-7,4140	17,4315
-7,4142	-2,2947
-4,1373	12,3855
-11,6740	20,5771
9,8220	-4,6540
6,4142	11,1402
34,5294	0,3266
20,5047	-10,0279
32,6290	1,7029
14,0822	-10,3557
23,1916	7,1424
-5,0543	9,5670
16,5724	-2,0980
6,7420	23,5264
11,2639	7,9289
9,4290	9,1088
3,2685	17,4316
8,8392	-1,3771
-5,5133	14,3516
18,4730	13,3682
8,3801	-21,0378
10,2154	16,4488
-0,2705	14,6133
15,8515	2,1619
6,8730	16,0552
8,5770	-11,8630
5,4314	4,8487
13,8198	0,0641
0,9094	-26,0189
5,3002	-0,6565
6,5454	-7,0794
7,6593	-21,6935
12,6403	-2,2295
15,4581	-9,8316
20,7011	0,7198
1,7611	7,7320
6,0209	-6,6856
-20,8490	16,5142
-4,0062	14,4169
-15,7375	-1,7702
-13,0503	17,2351
-19,0141	5,8971
0,3846	8,3877
-17,9653	14,9411
-3,8095	-9,2415
-9,9699	3,4726
-7,6107	10,1569
-6,9551	-18,0234
-10,8876	-4,7851
-3,1540	-12,3876
-3,5475	-5,7683
-6,5619	8,9117
-11,6083	-7,7343
6,2830	14,8758
-3,2853	15,2687
13,8197	-13,8944
-7,8727	19,0046
8,3147	3,5379
-11,2151	-4,1295
3,6614	10,3536
-8,4625	-10,5524
3,5960	-6,6202
-2,1709	-5,5064
8,9700	-19,7930
9,2324	-1,9017
14,8683	-6,2927
20,8979	-12,7805
14,2786	12,8439
30,6628	-9,3072
21,7498	-5,7680
19,1284	15,2686
5,4314	-14,6157
17,5555	3,1447
-9,3146	2,0304
-1,0570	-8,5862
-21,7666	14,2204
-13,3125	-0,6565
-28,5824	-3,6054
-18,0311	8,7152
-10,6910	-16,5816
-18,2933	-1,7049
-13,2469	-1,8363
-23,4707	-20,9069
-14,7542	17,8903
-17,2447	9,6982
2,1542	10,0263
-2,6955	31,8496
16,2445	11,5993
-0,2049	36,3719
12,3125	26,4757
1,2368	8,2570
3,5305	24,2476
-11,6082	15,0724
7,7903	6,4218
2,6132	14,9412
23,0603	-4,9163
27,3859	-8,9793
14,0820	-6,2270
30,3353	-15,7953
23,4536	-2,5571
25,6821	-14,8780
9,6912	-20,0552
25,0922	-14,8779
-4,0061	-14,0916
3,9894	-19,0722
-13,1157	-2,5570
0,0571	-17,8925
-13,2467	0,9820
2,8751	0,0643
-4,9235	-11,0111
5,6932	1,8995
-2,5641	9,1083
5,2344	-7,2100
-5,6442	13,6306
6,4140	-1,5738
0,5160	13,8928
-2,8921	9,8293
-5,9066	-21,9553
-18,2932	5,7008
-8,2660	-0,5256
-24,9124	-11,1421
-11,9362	4,4553
-21,5700	-6,2925
-2,2369	4,3900
-16,6547	0,5886
1,9576	-19,0720
-1,3844	-7,4068
13,3609	-22,0873
7,3317	-32,4415
1,8921	-13,6329
1,8268	-14,5505
-1,5159	-15,0090
4,7102	-6,6860
-1,4504	-24,4459
1,9576	8,4533
-12,0671	14,0234
4,5792	-11,0107
-8,2658	23,1990
15,3926	22,0847
0,3194	20,3810
13,5577	28,9661
10,2811	7,4703
21,0943	9,5020
14,4099	-4,9165
26,2716	-38,9951
22,1431	-11,6013
21,0944	-26,0195
21,0291	-26,1503
16,4414	-22,4804
28,8934	-33,8179
20,7014	-22,2180
41,2143	-26,2815
22,1433	-38,2743
28,7624	-14,1572
9,9534	-27,4611
7,8560	-28,3782
-15,9991	1,3094
-12,0018	-4,3922
-32,5142	3,2103
-10,0358	11,9921
-12,3950	-0,1319
-12,5260	14,2860
3,1373	12,6472
2,1542	-9,8314
7,9216	1,0476
0,1227	9,5671
17,9486	6,5526
7,6594	11,7954
19,5871	-1,5083
8,8392	3,6034
22,6672	-1,9673
-0,0736	-20,0551
10,1499	-2,9503
3,8583	-11,4700
-1,6468	-4,5885
-8,0037	10,4847
-7,0209	-5,0472
-3,6128	8,6500
-8,1351	5,8972
4,2513	-6,6854
-10,1668	15,6622
-3,8751	11,3366
-17,9655	-1,1804
-1,3192	16,9076
-13,3125	19,9877
-4,4649	18,0216
-14,2298	18,4148
3,3992	6,5529
-22,2251	27,0001
-5,6448	12,1232
-23,7326	-3,3431
-14,6888	17,7594
-15,0163	4,9795
3,9234	-5,2438
9,9531	11,5331
14,2784	-13,5015
20,1768	9,1740
14,3441	3,8653
12,1815	-11,0110
5,0381	13,0406
16,5724	-9,1108
13,3611	-7,7996
13,7544	4,9795
7,6596	-14,9433
13,0991	-0,8529
13,8855	9,3049
10,8708	-7,3409
4,1864	11,1402
12,5091	11,5988
7,2008	0,0647
3,8582	12,5163
3,9894	-3,9332
-4,5959	3,9967
9,7565	-0,3945
-3,6784	-26,7396
15,9824	2,4894
-7,6106	-9,8973
18,2762	-18,5478
-6,6930	-9,7662
9,0357	-29,2959
-5,3167	-15,3366
5,5622	2,5543
-13,5743	-25,4948
-1,7123	-3,5402
-2,9575	-12,2568
-5,3825	-32,1792
-1,5156	-11,0768
3,3337	-30,1479
-12,5913	-17,3027
-17,7033	-11,4704
-10,1666	-27,9852
-18,6864	-16,7131
-9,9045	-22,4804
-18,5553	-40,5025
5,2344	-16,1887
-14,2298	-11,7982
8,9701	-27,9196
-1,1880	2,2268
10,4118	-13,0430
1,9578	-7,3411
-0,6638	-4,8509
1,3679	-13,1084
-4,3340	-0,7220
-6,3654	-0,4600
-5,1203	-15,8607
2,7441	11,8610
7,5938	6,1594
31,1871	11,9267
21,1601	6,2250
47,4404	-0,1319
38,0686	10,6814
43,9668	4,0620
23,3230	-25,6257
30,7939	-13,8949
17,6868	-20,3832
23,3882	-25,8881
9,7570	-9,1110
14,0166	-29,6891
10,8711	4,7175
15,6547	4,7829
13,5577	-8,7171
0,9746	17,3662
14,9338	6,9458
2,9405	-6,6199
9,0357	5,5040
-8,2004	-4,9164
12,7711	-8,7174
-6,5621	-5,9651
0,8436	-33,0968
0,4504	-12,9774
14,2787	-18,0239
16,0482	-16,3852
25,0267	-5,3754
18,8664	-9,0452
7,6596	0,5887
8,5117	7,2078
-9,9698	-8,9793
1,3023	11,5335
-14,8197	12,7129
1,6954	0,9822
-8,5283	9,4363
10,6740	0,3267
4,0548	6,9459
10,6742	7,7976
5,1035	-17,1713
10,4119	10,8124
1,0405	15,6618
22,2740	-6,6201
10,8053	12,1888
23,0606	0,5886
22,7985	-15,2054
21,2256	-18,6792
42,9181	-44,1726
26,1408	-30,5412
42,1974	-29,6241
30,2040	-41,6823
25,0269	-8,9144
16,2448	-17,7618
15,5894	-21,4970
-3,4817	0,8508
6,2831	-10,3559
-6,8242	-2,1637
-1,3191	0,7851
-3,4162	-24,2495
12,9021	-15,1399
-4,0059	-13,3708
8,4460	-26,0847
28,3035	-12,0599
22,9294	-16,0576
33,7431	-10,5524
21,0290	-5,3098
24,8959	-18,7445
19,6527	-7,6689
23,9126	-1,9674
9,8879	-22,3489
14,0822	3,4068
4,9727	1,2437
21,4220	-10,3558
-0,7946	3,9965
10,5430	-11,2077
0,4505	20,9707
12,7057	21,9535
6,6765	4,5213
14,6718	23,9855
20,0458	13,4339
11,1329	-10,7486
25,0266	10,2881
8,1182	-20,7760
21,5533	-5,4406
0,9747	-11,0114
11,9193	-24,3805
-10,3633	-8,8486
-5,6446	-8,6521
-7,6107	-11,3389
-8,7247	-8,3898
-3,2195	-12,9118
6,2830	-11,9287
4,1862	-8,5211
12,2468	-28,5094
7,7252	-9,8971
19,5870	-10,4872
31,1215	-23,4629
17,4899	-6,4892
34,0054	-1,5742
28,2379	-5,8994
30,5975	8,1253
23,7814	-4,6540
19,7182	13,6306
2,6133	20,1184
9,4290	-1,9669
-2,1710	11,5988
7,5938	1,3750
-6,5619	-10,5524
-5,3169	-0,5911
-7,8725	-13,6327
1,3022	-1,6395
-0,2706	0,9161
-2,3678	-28,4438
-0,4015	-11,8630
-2,9577	-13,1087
14,6061	-29,2303
-6,1688	-8,9798
7,1353	-22,9389
4,3171	-15,0744
16,0481	-1,4431
7,7906	-12,2563
22,5362	3,0138
10,2157	5,6348
20,6357	-16,9091
11,0022	11,7298
14,0164	-9,7661
1,5647	-6,6857
-8,0694	5,6348
-6,0377	-24,0528
-7,3486	2,1618
12,2467	13,9580
-6,0380	-7,1443
10,7395	23,3300
-0,2706	8,9775
14,9994	12,7788
-1,7777	18,6768
16,7691	1,5719
7,8563	13,8926
26,7306	2,7513
18,0143	-11,6663
16,9656	12,6474
9,4947	1,4406
15,0651	-10,2900
17,8178	10,2225
22,5362	-9,7005
29,0244	-7,7343
15,6549	-6,3583
25,2889	-25,3634
10,3465	-14,1569
32,8254	-18,1548
6,4143	-19,2032
27,2550	-10,2249
13,3612	-20,5797
32,3668	-14,7469
19,9150	-12,1257
29,8110	-26,6744
20,0463	-0,4600
26,0099	-8,3900
31,9737	-15,8607
23,0605	11,8608
21,0292	-4,0645
21,1598	-6,4236
13,2958	-3,4091
11,6570	-16,2540
10,8053	3,6034
2,6786	0,7851
8,0527	-15,6641
-1,9088	10,8779
18,1450	17,7591
-0,8602	2,8171
10,2154	14,9414
13,4923	10,5505
15,1306	19,3980
8,0529	16,8418
12,7055	-2,9499
6,0866	2,6207
-6,8897	13,4337
14,0165	-12,0595
7,5281	2,7515
19,3249	-3,9988
11,4605	-0,1320
14,3442	18,5455
14,1476	-7,3410
19,3250	28,4417
13,0990	19,4630
27,1236	2,8173
9,1669	20,1187
11,1985	6,9457
16,5725	3,0138
12,0503	7,8632
8,3150	-8,7827
5,9555	18,9390
16,5068	7,9287
12,6400	-13,6979
12,5092	3,7346
2,4164	-6,6205
8,2493	-19,3997
-2,8919	-7,4723
16,5067	-23,7254
2,4821	-18,8102
26,2717	-27,5921
5,5624	-39,5196
15,7861	-16,2544
0,9749	-23,7912
6,4798	-24,9049
-3,0229	-3,7369
3,5961	-19,7276
13,4922	-3,2779
11,9192	-4,1303
17,0313	-22,4800
15,9825	-6,4237
19,7181	-4,9166
3,9238	-17,2370
13,0335	4,3244
11,3949	0,4577
20,5701	0,3923
10,3464	-1,9673
15,9826	-29,9510
3,7929	-14,7467
3,6616	-9,5043
-14,1640	-23,4632
1,4333	0,5886
-0,2048	-9,1107
5,0379	-8,9793
12,3782	7,5355
9,6910	-12,9771
19,2595	6,4870
3,9238	1,6370
3,3997	-20,4484
-2,2367	0,4576
4,1857	-8,1278
-17,7034	-14,0912
-7,1521	4,5206
-22,4874	-21,6281
-5,7759	-15,5986
-21,5045	-3,9991
-10,2324	-33,6867
-32,1212	0,5886
-16,3927	1,7026
-16,0649	-4,8507
-8,1353	10,0916
-5,0548	10,6158
-2,0402	11,7303
6,3486	12,2543
-0,6638	-1,9668
4,1860	13,7618
-10,2321	15,7931
10,9361	-3,5397
-10,1011	26,8689
5,6277	16,6451
-0,5982	12,3856
10,4118	16,1864
4,4483	-12,4526
22,9946	7,0114
6,9386	-0,5911
11,0017	-14,9432
6,3489	6,4215
9,7565	-5,3752
22,6018	-8,2585
23,5191	-2,4260
22,2743	-16,6474
16,0484	-8,9140
32,4979	-8,5211
21,4222	-26,3467
26,8617	-3,4747
6,6109	-20,4488
19,1282	-27,1986
-4,7268	0,4573
16,3757	-26,4779
0,7783	-5,8993
18,9316	3,4720
9,1671	-18,4167
18,6696	-0,9184
23,5849	2,3581
14,5409	-5,2439
27,2550	11,5987
14,6719	-11,0113
26,4687	-10,4212
16,3104	-3,0161
33,4154	-20,4484
16,3759	3,2757
22,0776	-1,9020
6,6113	-23,8561
24,4368	6,7492
6,2179	2,4235
10,5431	-9,5037
-4,7267	0,1299
3,6616	-6,6204
-6,1032	-5,0475
-3,5475	1,5715
-0,3361	-20,6449
-4,9236	19,2666
10,4119	18,4800
7,7248	7,8636
12,9023	21,4294
1,8923	10,2884
15,4584	14,8759
13,2301	16,1863
24,5022	-11,9285
3,0721	11,7954
21,0943	3,0790
3,9896	-5,2438
19,9145	21,6259
1,8924	6,3560
18,9316	16,1213
16,8345	25,6237
11,2640	1,1790
27,1238	21,3640
12,8367	14,0236
19,7836	-15,1396
-0,5327	5,3730
-1,9088	-14,4192
-5,9067	-9,1760
6,8072	-5,8996
-12,9846	-27,0676
2,2198	-6,4237
-1,9745	-5,2443
8,0524	-7,2100
1,3680	4,1276
10,6739	-2,1640
4,9727	-22,2179
9,1013	-21,4973
14,0822	-51,6439
7,7905	-39,7821
23,9125	-45,6151
0,0572	-64,6856
22,1429	-32,4419
-12,7880	-19,7281
-1,7778	-25,4295
-8,4626	-3,1471
3,2027	-19,5965
-10,1009	-1,3117
-1,5812	11,2711
1,6302	1,1132
17,4897	11,5991
11,5262	11,7953
16,5725	-8,3894
32,8912	12,1887
29,8763	-3,8677
39,6415	-3,6709
28,6312	10,0259
31,7772	-12,5184
26,5341	12,3853
35,9713	1,5061
11,4607	-12,9770
31,3836	9,6984
8,9048	5,2416
21,7499	-11,6009
12,9025	-3,5401
19,7837	-23,0699
9,8878	-16,5161
14,8684	-2,5574
2,6788	-33,4246
9,0356	-13,5671
5,6935	-10,3562
7,4627	-27,0676
20,3080	-28,5749
14,0164	-16,1887
15,7205	-13,0429
4,1860	-4,5889
18,9316	-21,8901
-2,1710	1,3752
19,6525	1,0472
-6,7583	-9,8315
19,9803	-1,7051
4,9726	-12,3876
12,1161	-8,9795
10,0846	-5,1131
19,5870	-21,6935
9,2326	-1,1152
7,6594	-6,0963
4,6449	-30,8030
-11,4118	-13,5672
2,5476	-14,7471
-7,5453	-20,4485
1,0401	-9,7662
-13,8366	-24,3152
-0,7294	-11,3389
-17,2445	-6,6862
-8,0696	-39,9780
-23,9947	-3,6711
-8,5284	-1,9020
-15,8682	-12,5184
3,4649	10,4190
8,0526	-8,2586
13,9508	0,9166
23,1917	6,4213
15,1961	-8,5206
22,4053	1,6374
12,0504	-4,1955
19,7182	-20,1205
9,2979	-2,4915
25,6820	-20,0554
5,1691	-13,8292
5,4314	-0,5257
1,2368	-20,1861
6,2174	5,3075
-14,4263	9,4361
1,3021	-2,0980
-24,7155	15,9899
-3,2853	7,2735
-8,0039	11,7302
-12,3293	15,2689
-3,0885	-1,5080
4,9722	19,1358
16,1791	16,7106
9,5599	-13,0424
28,3034	-0,1319
3,5962	9,0426
22,9295	-13,2393
1,4989	0,0644
0,9090	-18,8756
-20,0625	-5,9649
-14,1645	-17,2372
-21,3078	-21,4313
-17,1792	6,6835
-21,7665	2,9477
-7,6764	-12,7804
-3,6129	8,7809
2,0230	6,4869
7,2008	3,8001
4,9067	3,6033
7,0697	-16,5161
-2,6299	8,2565
7,3315	-1,4430
-18,4242	-9,2415
-11,5430	13,4994
-28,6478	0,9165
-14,3612	11,0091
-27,0095	5,4384
-11,7397	-7,3410
-23,0771	10,4847
-0,5985	3,4066
-8,5280	-4,4574
-2,0402	6,2250
-0,9258	4,5866
-5,1203	4,4558
13,5576	19,3978
-5,9722	-2,2290
10,4120	11,2713
5,6932	2,5547
20,5701	-28,4436
5,6279	1,3097
22,0120	-0,9844
11,3953	-23,3319
21,2256	-0,1323
9,7569	-17,5649
7,9872	-2,5571
0,4507	-10,7493
11,1982	-24,2494
2,4821	1,3096
0,5160	0,9817
14,4753	-13,0427
3,0717	5,5039
13,6889	-0,0011
17,0965	0,3267
14,2786	12,4508
2,5480	10,4848
35,4469	17,6939
27,1894	21,1016
37,5441	1,6378
30,2698	20,7741
33,6776	12,7129
20,0463	-0,4596
25,7476	4,7175
17,3591	-8,2586
18,5383	10,4192
0,7127	12,1228
-2,4332	-2,4912
6,3485	13,6961
-12,5915	13,3029
-4,9892	4,7835
-15,8028	27,4588
-11,4773	5,7008
-20,3904	15,2036
-11,8051	12,5161
-24,3881	-8,6517
-14,2955	8,5186
-18,0310	-4,3922
-4,9895	-10,5523
-13,9019	7,7977
0,1881	-9,0450
-3,1540	3,3415
-1,3192	11,7298
3,3341	-7,3409
-4,3994	14,2860
14,4096	8,6496
-0,0740	-4,8505
14,0164	10,4848
10,4117	-4,2610
16,3101	-3,8677
4,3171	-7,9313
9,4289	-27,3298
-5,7755	-21,3660
-1,4504	-8,9146
-26,6161	-34,3421
-10,1667	-3,8676
-17,0480	-2,9504
-9,5770	-0,0009
-7,2829	9,6326
4,3168	-16,9748
15,9169	0,3924
13,5576	2,2270
21,9464	-20,5137
12,5747	10,5502
21,8154	-3,1472
8,7080	-20,8415
16,1792	1,0474
-2,9573	-11,2079
2,8096	5,1763
-17,7686	4,8484
-14,3610	-9,7002
-15,9339	13,4996
-23,2743	19,7909
-23,7326	7,7324
-25,7645	19,0047
-5,8411	10,0261
-6,3001	2,0963
3,3340	0,4576
-10,7563	-26,6088
1,4990	-8,5863
-11,4774	-9,7663
1,6955	-21,6935
-12,3292	-5,7028
7,7903	-11,2734
-5,0547	-4,2609
0,2537	5,9623
-8,2003	-25,4291
1,0401	4,3243
-9,8389	4,4551
-10,6910	-9,0450
-11,6739	7,9943
-24,4535	1,2438
-3,7439	-17,3680
-5,3170	2,0305
7,9215	-21,0383
-0,7948	-12,3874
20,1114	-3,8025
17,0966	-23,9219
28,6966	-2,4260
10,0845	-5,8341
29,8109	-12,1906
22,9295	6,4871
24,6334	9,5017
13,3615	9,6329
20,8978	17,8903
7,3320	5,8318
-4,7925	7,1425
2,0889	5,8315
-10,4945	-12,0597
-13,3123	4,6518
-20,2595	-7,8656
-12,3295	-2,2948
-23,5363	3,2755
-7,3487	-18,7443
-15,4096	0,9820
8,9044	3,4721
-2,5643	-17,4992
16,5067	12,3198
0,9749	-7,4724
16,3103	-13,1737
14,8031	-3,6056
14,6063	-18,6133
12,4437	1,3097
14,6061	-3,1469
2,8753	-21,1691
3,1373	3,9966
11,8537	-7,0793
-3,2198	-16,9094
11,7882	-2,8193
-4,5960	-17,4337
10,5429	-2,6880
-8,3315	9,4360
-1,4502	-1,6394
-3,5473	22,0847
0,8434	21,7569
-4,0716	10,5506
8,5768	23,5922
10,4776	12,1889
14,6718	21,8227
16,9002	13,4339
20,9632	-10,1589
10,2155	11,3370
8,2493	16,3171
10,6087	-14,0912
-9,7076	1,2441
7,2007	-10,6183
-24,7812	-10,3559
-10,1010	-9,8975
-25,3056	-31,5896
-19,3419	-3,1468
-30,4830	2,5544
-21,5047	-11,8629
-25,2402	11,9267
-31,7939	9,6328
-26,7474	10,3540
-20,7839	25,4927
-14,4266	4,2591
-19,5385	22,2159
-4,7270	10,1570
-15,4097	-16,7124
-10,1011	8,9120
-27,8615	2,2926
-13,1815	2,7516
-40,9689	22,1501
-23,2741	5,3076
-39,3305	26,6725
-33,3012	39,3862
-24,1915	8,5846
-8,5285	34,0782
-4,2682	20,3808
14,3439	0,2615
22,6674	13,7618
16,9657	-6,4236
31,7115	-6,8822
8,2494	-5,0475
25,2889	-20,3829
4,7103	-4,5231
11,3296	-4,0647
0,5815	-15,5987
-0,1395	8,3876
-14,6229	3,0136
-3,2854	4,5211
-10,8220	15,7932
-8,8559	2,5550
-7,2829	10,7472
-0,4016	28,4416
11,6572	-1,1149
10,2153	8,9777
22,2087	4,2588
23,3225	-15,0743
22,6673	-4,4575
6,2178	-12,7153
18,2765	-11,3388
9,3634	3,2755
16,5070	-15,0743
0,5816	14,9413
12,2470	7,4044
3,3998	1,3754
20,3079	13,1061
4,8416	-10,0281
16,5724	1,7030
6,1522	17,2347
4,3826	-10,6833
8,6425	17,0385
1,3678	15,8587
6,8731	8,9777
-6,3654	34,1435
8,2492	20,3152
-9,7733	5,1766
3,7927	15,7933
-2,0401	-0,3942
0,9090	11,4679
-12,5913	2,2271
6,4139	-5,2436
-20,9800	22,1502
-12,9847	13,1060
-19,0139	-0,9184
-2,8268	12,9096
-19,2762	-7,2756
-13,6403	-2,6224
-15,4750	3,4721
-8,0041	-24,5771
-1,3193	-2,0325
-3,5476	-0,6565
11,3294	-9,1103
-7,0208	11,2712
17,0310	0,2611
-3,0886	3,1448
3,9237	3,0790
-5,5134	-22,2176
9,4942	1,3099
-9,8386	4,3241
13,6887	-17,7613
9,0358	3,2101
17,0966	-16,1231
19,0629	-9,3727
14,5408	-1,9019
21,8811	-24,8393
7,4629	-2,4258
20,1115	-5,6375
0,1881	-28,9024
-7,4795	-4,5232
-22,7497	-19,2035
-10,0356	-33,2935
-16,3271	-20,2521
7,9869	-38,0123
7,6595	-12,3878
30,9249	-17,6307
25,0267	-20,7762
20,6358	4,2587
25,1578	9,3049
13,0989	-3,9984
13,0990	22,5436
-2,8266	3,6036
-4,3993	10,6815
-7,8729	6,6837
1,8267	-8,6518
-4,5959	-3,0813
20,6356	-8,3900
5,2346	-37,5533
22,4708	-12,5841
12,4438	-21,6939
30,2042	-21,8903
21,2913	-10,7493
27,0584	-18,3514
16,6383	-6,4237
12,1159	-1,1155
6,6110	-12,5184
0,9744	13,3683
-5,5136	-4,1956
-22,2910	-3,2778
-6,8243	2,4892
-11,4777	-10,4869
-9,7736	-4,4575
-24,7812	5,9624
5,1032	-11,9941
-11,3463	11,9921
10,6738	5,3728
0,4504	-7,4720
8,6423	8,7152
-3,0884	-12,9117
-0,7294	-0,7873
-10,1665	-2,3606
-15,3441	-17,4335
-17,3755	4,9796
-9,4457	-2,4262
12,2469	-20,1862
11,2638	6,0936
21,2256	-0,8533
19,4561	-9,0449
38,0685	8,5841
27,9103	-4,5229
32,6945	14,8101
26,5997	7,4043
27,9104	-16,9748
19,7839	3,5377
19,0629	-14,8125
16,1794	-25,6913
18,0796	-8,7832
5,4315	-31,8519
11,7227	-8,1932
14,0165	-6,2274
-1,3846	-26,0845
-1,2533	2,7514
-5,3824	-9,0454
-2,1057	-15,6641
-20,5213	-1,5086
-5,2515	-11,7322
-20,9802	-6,2926
-0,0742	2,2925
-15,4094	-18,4167
7,9870	1,7685
-2,4331	-9,3074
11,3295	-16,5817
2,2200	-5,1129
5,4967	-20,9728
4,0550	-12,4531
1,8265	-7,8002
5,1691	-29,3615
-2,3023	-8,4553
0,3195	-6,6861
4,2515	-20,1861
16,5067	-0,1320
-0,9259	-2,9502
8,9702	-4,5228
-6,1686	12,1887
4,8414	3,9313
-8,8555	13,1720
9,3632	22,1501
-2,9574	-7,7995
-3,0887	17,7594
-6,4963	3,6033
-7,1521	-7,1443
-9,7078	11,3366
-13,3123	-4,5230
1,8266	10,6814
-5,0548	7,5354
8,5769	-12,6493
-8,7903	15,1378
7,7249	4,5207
-16,9167	-11,7976
7,4627	-6,4894
-10,6252	-27,3298
12,3779	-25,3637
-4,4646	-21,4319
15,9825	-50,9885
4,3172	-21,2350
10,6740	-20,2524
3,3998	-29,9512
8,5112	-3,9990
0,0574	-2,2950
4,7102	-2,8190
10,8052	8,9774
-0,0083	-5,4404
24,7644	17,7595
2,0888	15,7276
13,6234	-2,2945
-6,1031	11,0748
2,0233	6,0939
-16,9167	1,7686
-4,0064	8,9774
-26,2230	-5,1783
-23,0774	12,2544
-24,9124	18,6113
-19,4074	-0,0663
-15,5406	22,0195
-10,6255	22,6745
-5,3168	11,8613
-17,4411	16,6453
-0,6637	7,4703
-8,5282	14,6791
2,8751	5,6350
-12,7225	-10,2246
1,5644	-1,3117
-14,8850	-6,0961
11,9191	-15,4677
-1,5157	-14,4192
10,8051	-25,8226
2,0234	-26,2812
14,0163	-13,9605
-3,6126	-23,3976
1,6954	0,8508
-0,4670	6,5522
-3,4165	-18,2856
-3,6128	4,3245
-6,1689	-4,9163
0,5813	-4,9162
-12,5260	0,9819
0,5814	-14,1569
-13,7710	-4,7197
7,4627	-1,7054
-4,7925	-12,3219
7,3317	-0,3289
-5,3167	-7,4723
-1,5813	-3,0157
-8,0692	8,6497
6,1520	-1,9670
11,9848	18,9392
6,2177	24,2474
18,1455	4,7835
20,9632	34,5369
20,5701	29,2282
0,3194	14,0242
20,4389	31,5222
-7,7416	18,0216
14,4751	12,9098
-6,9553	7,8632
0,7126	-24,9046
-18,8172	6,8146
-6,2344	-1,8364
-22,8806	-8,5863
-17,8345	12,2541
-19,9972	1,8339
-23,4708	1,5066
-21,5044	17,4972
-17,5070	10,6161
-11,4117	29,3594
-8,5283	38,0099
7,7903	8,0605
1,3679	35,8477
19,3249	39,7795
7,3319	21,8883
32,4978	20,2498
12,1817	-9,7657
27,3205	0,2613
21,8809	-7,9313
15,0651	-34,6696
15,8516	-9,3072
13,2954	-7,9313
3,0720	-15,0089
13,0333	-0,4599
13,7543	-7,6689
1,4334	6,1593
17,8832	-1,9019
11,0672	-23,1352
10,7398	2,4893
6,5453	2,7511
13,4267	-10,0280
-3,0884	11,4023
17,8831	12,5164
5,6278	9,3053
13,3609	20,7084
-0,1393	-2,2290
7,3972	12,1888
4,1860	-0,4599
-5,6447	-14,4188
-6,1686	4,8485
-2,3024	-7,2757
-1,3191	-9,5694
-2,1056	-9,6349
20,8976	-15,2711
10,8706	-8,5208
28,6310	-13,7640
5,8246	-20,3828
28,3036	3,5378
12,8370	1,2439
29,1555	-5,8991
7,6598	15,9897
24,7645	-12,2562
12,3781	-4,1952
9,8875	-0,2635
-4,7267	-27,7884
0,0570	-5,9649
-9,6422	0,7195
-4,9238	-19,3342
-6,6276	4,5209
-4,9238	-5,8995
-8,3316	3,6035
-15,3439	12,2541
3,2027	-5,8336
-16,9824	19,5289
-7,4796	12,5163
-14,2955	-2,7532
-15,2130	15,2034
-31,9246	0,7198
-23,7982	-3,0156
-24,1258	3,0136
-18,6211	-8,8482
-20,7834	14,2204
-17,8345	13,1061
-9,9700	-8,7826
-17,9001	17,6939
-18,6863	12,4508
-19,9318	11,7957
-17,9001	23,9198
-35,8570	18,4150
-21,7668	29,2285
-33,1045	35,6509
-15,9997	22,6750
-28,7135	33,5539
-14,8855	21,2985
-32,3178	13,1721
-14,0334	23,3300
-21,1768	9,8950
-27,0752	7,9290
-15,4750	8,9773
-8,2008	-14,0256
-1,3192	11,5990
-9,7734	5,4383
12,5089	-2,2289
-11,8706	25,9514
2,8751	18,6768
-12,8535	18,2840
11,5259	22,6089
-9,3146	5,2421