-7,8982	1,4055
-0,8203	1,4055
-8,7501	4,2236
0,6870	1,6021
-5,6699	2,2575
-0,0339	3,8959
-3,2451	0,0948
-1,8034	2,3886
-3,8349	1,7987
-2,1311	1,4055
-1,6067	1,9953
-4,7525	-0,4950
-1,0824	1,2745
-4,6869	2,6507
2,6532	-1,4125
-3,9660	0,8157
3,1119	1,1433
-3,0485	0,1603
4,6192	1,7332
-2,9829	-0,1018
4,3571	-0,3640
-0,1649	1,1434
3,3085	-1,2815
1,9978	0,9468
3,0463	1,6676
2,3911	-1,8058
0,7526	0,6846
5,6679	-0,3640
0,2938	-1,8058
5,1436	0,4224
-1,6067	-2,9199
7,1097	-1,3471
-1,5411	-0,2330
5,2091	-5,4103
-2,3931	-2,1335
3,6362	-3,6408
-2,9174	-4,4273
2,1288	-2,1991
-3,2451	-4,0996
-1,4102	-4,5583
-2,0654	-2,7234
-2,5243	-5,0826
-1,8033	-3,2476
-5,8666	-2,5922
-0,1649	-3,4442
-4,4904	-0,4951
1,0803	-2,1990
-4,2937	-0,4950
2,1289	0,2913
-5,6699	-1,7403
4,1605	1,0778
-1,9999	0,9467
3,1119	-2,5267
-0,8857	1,3399
2,5220	-0,1674
-0,3614	0,1603
2,3254	1,4055
2,2600	-1,8713
-0,6892	0,2259
2,5877	1,0778
-1,7378	-2,5922
3,3086	-0,4295
-4,6869	2,3885
2,8498	1,0778
-0,4926	0,7501
4,7503	-0,8227
-3,9004	3,3060
4,2260	2,3230
-0,4270	-2,1990
4,4881	0,6846
-1,9999	-0,1674
3,1118	-0,1673
0,6216	0,4880
-0,2960	-1,7403
0,5560	1,3400
-5,4078	1,2088
1,0803	-3,1820
-4,8835	0,9468
-0,0338	2,1919
-4,5558	0,6191
3,1774	1,7987
-6,2597	1,2089
1,6701	2,6507
-6,1942	4,3546
1,6700	2,1920
-3,9660	4,9445
1,4079	3,5026
-1,7377	0,8813
0,5559	2,9128
0,3594	0,6191
-2,4587	1,3400
1,4080	3,1094
-2,2621	-1,3470
2,9809	0,8157
-4,4903	0,5535
4,2261	-3,3131
-1,8033	0,7501
5,2091	-2,1335
-3,3761	-0,8228
3,9639	1,4054
-2,3275	-2,1335
4,4226	0,0947
-1,2790	0,1602
0,2283	-4,2961
-0,4925	-2,0024
-0,6237	-1,1505
-0,6891	-2,0679
-3,7039	0,5535
-0,1649	-2,1990
-7,3084	-1,2815
0,4249	-0,3640
-5,9321	-3,5097
-0,7547	-0,1018
-8,0948	-1,3471
2,5220	-3,3131
-5,5389	-0,0363
1,9322	-0,7572
-3,3106	-1,6747
1,6700	-0,0364
-0,8858	-4,1651
-1,1480	-1,1504
0,8182	1,0122
-2,7864	-4,4928
-1,8033	0,2258
-4,3593	-1,0849
0,0317	-2,0679
-6,6530	0,2914
-0,2304	-0,7572
-7,8982	2,0609
1,6701	3,4371
-5,2767	1,4711
1,7356	6,4518
-4,4903	4,7479
2,0633	3,6338
-2,3276	5,9276
2,7186	5,9931
-0,4925	8,0248
-1,3446	10,7117
1,2114	7,1073
-2,7864	10,1875
2,3911	12,1535
-3,7694	9,3355
4,0951	11,6293
-1,4756	11,3671
7,4374	12,5468
-0,4925	14,1196
6,9786	10,1875
2,1290	11,8915
8,6170	13,1366
3,3742	9,7943
8,8791	10,0564
5,6679	7,1728
7,3062	8,8112
6,3889	7,6971
5,6678	5,2722
4,4228	7,3694
0,4905	9,2043
6,9787	2,4542
0,9493	4,8790
5,9301	2,7162
-2,3275	0,8813
6,9786	1,4055
-1,3445	-5,1481
5,0780	-2,5922
-1,0168	-5,0827
5,2090	-12,5538
-1,9998	-9,8013
2,8497	-16,1584
-2,6552	-17,7968
-5,3423	-21,4669
-4,4903	-29,7245
-8,9468	-29,5935
-6,0632	-32,4772
-12,4858	-41,3901
-7,3740	-41,6523
-17,7943	-48,9925
-11,1096	-55,0218
-19,4982	-58,1676
-13,7311	-67,6704
-21,7265	-69,8332
-17,2046	-74,0932
-21,7265	-84,6445
-18,1221	-86,6762
-23,1683	-92,7712
-22,9063	-100,6355
-23,3650	-103,8469
-26,3798	-111,2525
-25,0034	-115,2503
-30,6396	-120,1001
-25,2000	-126,8503
-32,1470	-128,6854
-26,1831	-130,7172
-33,7853	-139,4990
-24,8724	-137,4674
-34,6373	-143,6935
-25,9866	-148,8053
-30,6396	-148,3465
-23,7584	-152,2132
-29,6565	-152,2788
-24,0860	-152,4754
-25,5277	-154,9658
-27,2317	-152,4754
-24,0858	-153,5895
-23,6928	-154,2448
-21,3989	-149,0675
-25,1345	-151,8200
-17,9910	-148,2810
-23,1028	-146,3805
-16,0249	-146,3149
-23,5615	-139,9578
-12,9447	-136,6155
-18,8429	-136,0256
-12,2893	-128,7510
-14,5175	-126,9815
-9,0125	-119,7724
-13,9276	-112,3669
-10,6509	-113,0221
-9,7988	-102,4051
-11,6339	-95,3272
-7,3740	-93,8853
-11,0441	-83,0718
-5,3423	-81,0401
-11,7649	-77,6321
-3,9005	-68,7191
-11,3716	-65,2457
-3,9661	-59,8716
-9,2089	-52,3349
-1,6723	-50,9586
-7,9637	-41,4558
-2,2622	-39,2930
-6,0632	-32,9359
-2,6554	-30,7077
-4,2282	-28,4794
-3,7695	-21,9912
-5,4078	-16,1585
-4,4904	-18,3211
-2,5242	-10,0635
-6,4564	-5,8037
-1,0169	-5,9346
-7,7671	-0,2985
1,7356	0,0947
-7,0462	5,4032
2,0633	6,1241
-5,9976	2,7163
0,8181	9,0078
-5,4733	11,9569
0,8836	7,3039
-3,1796	11,3016
-0,6893	12,1535
-1,3445	11,8914
-1,2136	14,7750
0,4905	9,6632
-3,6384	13,8576
2,6532	15,1027
-6,1287	10,1876
3,8329	14,3819
-2,9174	13,0055
4,8159	10,6463
-2,5897	13,5298
6,3232	8,6801
-0,0993	8,3525
7,1096	11,8914
1,5392	3,7649
6,1266	8,0248
3,7019	6,9761
7,5684	5,0756
3,8985	6,7795
3,9639	4,2892
5,8645	5,5343
1,8012	6,8450
7,5029	0,0949
-0,0337	2,9784
8,5515	2,5196
0,0973	-0,0363
6,5199	-0,4295
0,0318	1,7332
8,5514	0,2258
2,7188	-1,0849
6,1266	-3,2476
2,7188	-0,0363
5,1435	-0,3640
3,1776	-4,2962
3,3085	-2,1335
5,7335	-0,9538
0,2283	-3,5097
5,4713	-1,0194
1,2769	-3,2476
5,3402	-0,8883
0,0973	-1,3471
6,3888	-4,9515
-2,5241	-0,1019
6,2577	1,1433
-1,3445	-1,6092
5,1435	-1,4126
-0,1648	-1,3470
2,3910	1,3399
0,2284	0,3569
2,1288	-3,3131
1,4080	0,9467
-1,7378	0,2258
2,4566	-1,4126
-3,2452	-1,3470
0,2939	-1,6092
-6,2598	1,4055
1,6046	1,0777
-5,5389	-4,2961
2,3910	0,2259
-7,6360	1,9953
-0,7548	-0,6917
-5,8010	0,4225
0,0316	0,4880
-2,6553	2,7818
-1,4102	1,7987
-2,3931	-2,1990
-3,5729	0,8157
-2,5242	4,0925
-4,1627	1,3400
0,4249	3,2405
-7,7016	1,2089
1,6046	2,1265
-5,8010	4,8789
2,7187	-1,2159
-4,3592	4,6823
2,0633	5,9274
-4,8835	-0,2984
3,5051	1,9954
-1,9343	2,5851
2,9807	0,2259
-0,7547	1,7987
0,8181	-0,2984
-0,6892	0,0293
-2,8519	3,3060
-0,2959	-1,0849
-2,0000	0,9468
1,6046	0,7501
-5,9976	0,1603
1,6701	1,6676
-5,4078	-3,1165
1,4735	0,6191
-7,0462	1,5365
2,5220	-2,3956
-5,0801	0,5535
0,3593	-0,6917
-4,6213	-2,1990
-0,4927	0,9467
-1,7378	-1,6747
-3,0486	-2,1334
-2,2620	-0,6262
-3,0486	-2,5267
-0,2960	-0,1018
-6,3253	1,9952
1,6046	-2,3956
-5,9977	1,7987
1,1458	0,7501
-5,2112	-1,9368
1,6045	2,8473
-2,2620	0,6190
3,5706	0,4880
-1,5411	1,5366
3,2429	-2,3955
0,8837	3,8959
3,5706	0,8157
1,1459	-1,4125
1,0803	3,2405
3,0465	1,9298
0,0317	0,2914
4,6193	1,2744
-2,4587	-1,9368
5,0125	2,9128
-1,9999	1,0778
4,0294	0,0292
-2,9829	1,4710
3,5706	-0,1674
-2,7208	1,0123
3,1774	0,6845
-0,2304	-4,9515
2,2599	0,3569
-0,7547	0,1602
0,6870	-4,3617
1,2114	-0,3640
-1,8033	-1,0194
1,5391	-4,7549
-4,5559	-0,3640
1,6701	-3,1165
-5,1457	-1,9369
0,4249	0,4879
-6,8496	-4,8860
1,5390	-2,5922
-7,8982	-2,0680
0,4249	-2,5922
-3,9005	-1,4126
-0,4927	-2,5922
-3,6383	0,8812
-1,8689	0,8811
0,0317	-7,7695
-1,4102	0,5535
0,0317	-0,9539
-2,4587	-2,7233
-0,6236	-1,4781
-4,8180	-0,6261
1,0803	0,0292
-5,3423	1,9953
1,6701	-2,9199
-4,4247	0,8812
0,4904	1,8642
-2,3276	-0,9538
2,1288	1,4710
-1,4100	-0,6261
2,1288	1,1433
0,6216	1,8642
0,6215	-2,2645
1,0148	1,1434
-1,0169	2,0608
3,1775	-1,6747
-2,1310	1,4055
2,7188	-0,1019
-3,7694	1,4710
3,7018	1,7331
-4,2937	-1,8058
2,4566	1,2744
-3,9004	1,9953
3,7672	-3,9684
-1,8688	0,0948
2,8497	2,2574
-1,1479	-1,8058
-0,2305	1,5366
0,1628	-1,3470
-2,9175	0,6191
1,5391	1,1433
-4,4248	-3,2476
-1,1479	-1,0848
-5,5389	-1,1505
1,6701	-2,5267
-5,9321	0,3569
1,7356	-1,6747
-5,8665	0,1603
1,2113	1,9953
-4,6869	-2,5922
0,2938	-0,8227
-4,6213	-0,5606
0,6870	-2,9199
-2,2620	-0,8883
0,3593	-2,3956
-0,2960	-1,1504
-2,4587	-0,5606
2,2600	-4,8860
-4,9491	-2,9854
3,3741	0,1602
-3,2451	-4,1651
2,8498	-0,9538
-3,8349	-2,9199
3,5707	-2,4612
-1,8033	-0,4296
5,6023	-1,9369
-0,4925	-0,2984
2,7842	3,2404
0,0318	-3,0509
5,2090	2,5852
0,6216	0,8156
-0,3615	-0,4295
4,0950	3,5682
-1,0169	2,5852
3,6363	4,4202
-1,6067	3,1750
3,7673	1,3400
-3,0485	4,7479
3,3741	2,9784
-4,2936	0,1603
4,2915	1,9954
-2,1965	1,7332
3,5706	1,6021
-2,1309	1,0123
3,4395	-2,0024
-0,0993	0,4225
0,2283	2,5851
1,3425	-2,3956
-1,5412	1,0123
2,4566	-1,8058
-2,2621	-0,4950
2,8498	0,2258
-3,0485	-0,2985
4,8814	1,7332
-3,9660	3,4371
2,8498	-1,7402
-1,0168	2,1264
3,6362	1,1434
-3,3106	1,0123
2,7842	2,1264
0,3595	-0,8882
0,9492	-0,8227
1,3425	3,5026
-0,0339	-1,3470
1,7357	1,9298
-0,8203	-0,2329
0,6871	-0,6261
-2,5897	1,0778
4,4882	-2,3956
-1,9343	-1,0194
5,0125	-1,2160
-2,5897	-4,1651
4,2260	-2,0024
-2,9173	-1,4782
5,9955	-3,9029
0,2284	-1,4126
3,8328	-1,8058
1,1459	-1,4781
3,0463	2,3885
1,9978	-1,2160
-1,5412	0,0292
2,1289	0,5535
-3,8349	-0,5606
2,8498	0,4880
-4,0315	-1,9369
2,6532	-0,0363
-4,2937	0,8812
3,3740	-3,1165
-4,0315	-3,3131
2,9808	0,2913
-2,1965	-3,4442
1,6045	-1,2159
-2,4586	-0,4296
0,9492	-2,7888
0,4250	-0,3640
0,4249	-0,8227
1,6046	0,8812
-2,6553	2,7162
2,2600	-1,2815
-1,9999	1,9298
3,3741	1,3399
-4,0315	-0,9538
4,3571	1,9953
-2,9174	1,2744
6,2577	2,9783
-2,3275	2,2574
5,2746	-2,8544
1,2114	0,4225
1,9978	-0,1019
0,4250	-2,9199
1,6045	-1,6092
1,4736	0,0292
-1,0825	-0,8228
1,9978	0,7501
-4,5559	-2,7233
2,4566	0,3569
-3,9660	2,3230
1,9323	-0,5606
-4,0971	1,0123
2,2599	-0,3640
-2,9829	0,6191
4,3570	2,3885
-3,6383	-1,4126
4,8813	0,4225
-0,4925	2,8473
2,9153	-1,0849
1,8013	-0,1018
1,3424	1,9298
3,4397	-1,5436
-1,0169	1,5366
4,1606	-1,2815
0,1628	0,7502
4,3572	2,5196
-2,4586	-0,8883
5,2091	1,2744
-4,6213	5,5342
3,5052	1,1433
-1,0168	1,9298
4,9469	-0,5606
-1,4100	1,7988
3,8328	4,0269
0,5561	-0,4950
4,4881	2,3230
2,5221	4,1580
-0,5581	-1,4781
4,0295	1,8643
0,5560	0,9467
4,6849	-0,5605
-1,8688	2,7817
6,3888	-1,5436
-2,4586	0,4880
3,7018	2,4540
-4,4247	-1,4781
5,3401	0,9467
-1,4756	-0,4951
0,9492	-2,1334
-2,1309	1,4710
1,4079	0,1603
-1,1479	-0,6261
-2,0655	1,4710
-0,7547	-3,3131
-4,8180	1,0123
0,9493	0,9467
-3,4417	-1,9368
2,2600	1,5366
-3,6383	0,2258
3,1775	-1,8713
-3,1140	0,8812
4,3571	-2,7888
-3,0485	0,6846
1,6701	0,0947
-2,6552	-3,7719
3,3084	1,4055
-0,2304	-1,0849
0,1627	-0,8227
1,0148	2,9128
-1,7378	-0,0363
1,3425	2,2575
-3,4417	2,7817
2,9809	-1,1504
-2,8519	0,9468
3,2430	2,4541
-4,5558	-0,0363
4,7503	3,6337
-2,2620	-1,8713
4,9469	0,8157
-0,9513	-0,8228
3,8983	-4,4272
2,9153	-1,1504
2,8497	0,4880
0,8182	-2,6577
1,3424	-0,6917
1,6047	-2,8544
-1,2135	0,2914
1,8013	-0,8228
-3,0485	-4,0340
5,0125	-0,2329
-2,6552	-0,0364
4,7504	-4,0340
-2,8518	-1,8713
4,6848	-1,6092
-0,1649	-1,5437
5,2746	-0,7573
0,0318	-4,8860
4,2260	-3,5097
1,2114	-0,1019
1,9322	-3,5753
2,0634	-1,1505
0,6870	-2,0680
2,7843	-0,5606
0,5560	1,6020
3,5707	-4,0340
-2,1309	-0,7572
5,2091	3,5681
-2,5242	-0,6261
5,8644	1,9298
-2,7863	2,1264
4,0950	0,8812
-2,3931	2,1264
4,4881	-1,2159
1,7357	1,0123
3,9638	5,2721
0,6872	-0,8882
1,1458	1,0123
2,1289	1,6676
-1,3446	0,4880
3,7673	2,5196
-2,3276	-0,6261
4,3572	0,0948
-3,7693	1,9298
4,2261	-2,5267
-0,9513	-1,2815
4,4226	-0,5606
-2,9829	-1,6747
3,8328	1,0778
-1,6722	-0,4296
3,1774	0,4880
-0,5580	0,8156
0,6870	-3,7063
-1,0823	0,4880
-2,7208	1,2744
1,8012	-1,6091
-2,5898	4,0270
0,0318	2,7817
-4,8835	0,4880
3,3085	3,8303
-5,1456	1,9953
2,1289	4,2891
-4,8835	2,3230
2,1288	-1,8057
-4,5558	3,4372
3,1118	2,9783
-1,7377	-0,1018
2,2599	2,3230
1,3425	-1,0849
0,2283	-0,2984
0,1629	1,6676
0,0317	-4,6238
2,9154	0,2914
-1,9999	-0,5607
5,0780	-4,2961
-3,2451	-0,5606
4,8159	-2,1990
-3,0485	-2,0679
1,6046	0,0947
-3,4417	-4,8205
2,1288	-2,3301
-5,5388	-0,6262
2,3910	-4,2306
-0,3615	-0,9538
-1,1480	-1,0194
0,4905	-1,2815
-0,4271	-1,0194
1,9323	-3,8374
-3,6383	-0,1019
2,4566	-0,4951
-2,9174	-5,5413
2,9153	-0,1674
-5,5388	0,1602
4,6848	0,4880
-3,9004	1,1433
4,8814	-0,6917
-2,1310	1,7332
3,8328	2,9128
0,1628	-1,2159
2,7842	1,4055
-1,4755	0,4224
1,7356	-0,2984
2,1289	0,9467
-1,9999	1,5366
2,3256	2,4541
-2,4587	1,1434
4,3572	-2,1990
-3,9004	1,4711
1,8012	0,8156
-4,4902	-0,2329
4,1605	2,4541
-4,8179	-1,3470
2,5221	0,4225
-2,3931	1,7331
1,7356	-0,9538
-0,0338	1,7987
0,3593	0,4224
-1,4755	-2,2645
-0,5582	-0,2984
0,4250	-0,7572
-5,0146	-0,8227
0,2284	-0,3640
-4,9491	-1,8713
3,1774	0,2258
-7,1773	-0,2985
1,9323	-1,5436
-5,4078	1,0123
1,7356	0,1603
-5,6699	-0,8883
3,3084	2,7817
-2,3276	-0,3640
0,8836	2,3230
-2,2620	2,4540
-3,3762	-1,6092
-0,4925	0,8157
-2,9175	1,7987
-0,2304	-0,2984
-4,0316	0,7501
0,2939	-0,8882
-5,7355	2,2575
2,4566	4,2235
-5,1456	0,2258
1,7356	2,3230
-4,3592	4,1580
1,4079	-1,1504
-5,0145	2,3886
1,0147	2,3885
-1,7377	0,4880
-0,1650	0,9467
0,0318	-2,0024
-1,9344	2,4541
0,4250	2,5851
-3,5728	-3,0509
1,3425	1,4710
-2,5242	1,5365
2,9153	-0,6261
-3,3106	1,6021
4,1605	-2,1990
-4,0970	1,0778
4,7503	1,6676
-3,3761	-4,6238
3,5051	0,0948
-0,1648	-0,8228
4,5537	-1,2159
3,3086	0,5535
3,1774	-0,9538
0,8182	-1,8058
1,1458	1,0778
5,2091	-1,8058
-1,8033	0,7501
3,4397	0,4879
-2,1965	-3,0510
4,9470	0,0947
-1,6066	-0,5607
5,2091	-1,0849
-3,2450	0,7500
5,3401	-5,1481
-1,0168	-0,3640
3,5706	1,0122
1,3425	-4,6238
2,2599	-0,8227
0,0318	1,2088
1,0147	-0,1018
2,9153	0,1603
-2,5898	0,0292
2,5221	1,5366
-3,5728	1,4055
2,1944	-0,9538
-6,2597	1,6677
1,4080	1,6021
-5,8665	-0,8882
1,1458	2,5851
-4,0315	-0,5606
1,9977	-0,7571
-4,0970	2,7817
2,4565	-1,8058
-0,0338	0,4225
-2,6553	0,4880
0,0318	-0,8883
-0,2961	0,5535
0,2283	-1,2160
-4,8835	-0,6261
1,0148	1,6676
-5,4734	-3,5752
1,0803	3,4371
-6,7185	2,3229
2,4565	-1,0848
-4,8835	3,5682
2,0633	0,4224
-4,4903	0,8157
1,3424	1,7332
-2,3931	-1,8058
0,0316	0,2914
-1,2134	1,8642
-1,1480	-0,5606
0,3594	2,2574
-3,7694	0,9467
0,7526	-0,7572
-5,7355	3,2405
-0,1648	-0,6261
-5,2112	1,0779
0,2284	2,0608
-4,6869	-1,7402
2,0633	1,9298
-5,6699	1,8642
-0,3616	1,1433
-3,5072	1,2089
-1,1480	-1,1504
-3,3106	-1,2815
-1,1480	2,0608
-1,5411	-3,1165
-2,5898	-2,3300
-0,2304	-0,8883
-6,0632	-4,2306
2,4566	1,4710
-5,8010	-1,2815
1,0148	-1,2159
-3,2451	1,0777
5,9955	-4,6894
-1,9344	0,2914
4,8158	-0,8883
-0,2959	-5,0826
6,9130	-2,3301
0,8183	0,0292
5,7989	-2,9854
2,9810	-0,4295
3,8328	-2,3301
5,1436	-0,4295
2,3910	2,3229
5,9956	-3,3131
0,0973	-0,8227
5,8645	0,7501
-3,2450	-1,0849
5,4057	-0,6917
-1,2790	-3,1165
3,3085	-1,7402
-2,8518	2,8472
2,9808	-4,1651
-2,4586	-0,6261
-0,6237	-0,0363
-1,3445	-0,8227
-3,1796	1,2089
-0,3614	-2,1335
-1,0825	-0,0363
1,0803	1,5365
-2,8519	-2,2645
1,8012	1,7332
-4,3592	3,2405
3,7673	-1,0849
-2,5897	3,8959
2,8498	0,6846
-3,4416	1,7987
4,4881	3,8959
-2,7208	0,7502
5,0779	1,2745
-1,7377	3,5682
2,3910	-1,6747
0,2939	0,6846
-1,8033	1,6021
2,9154	0,6846
-1,2135	4,8789
2,1945	-0,6916
-2,9830	2,8473
3,1775	2,4541
-1,6067	0,8812
4,9469	1,7332
-2,2620	2,3885
4,2261	0,9468
-0,8857	2,1264
6,1921	-0,0363
0,8837	3,1750
3,5051	1,7332
1,8013	-0,8227
4,2260	2,5852
0,7527	2,5851
-0,6892	-0,6916
0,8182	2,9784
-1,3446	1,0123
3,3086	1,3400
-3,7694	2,2574
3,8984	-0,1018
-4,8179	1,0778
2,5876	2,5196
-1,3445	-1,2815
3,7017	1,1433
-3,3106	-0,5606
1,6045	-0,8227
-1,4756	-1,0194
0,7525	0,0292
-1,2134	-0,9538
0,4904	1,5365
-0,6891	-4,5583
-1,6068	0,0948
2,8497	0,6190
-6,3253	-0,1674
3,3741	0,5535
-5,7355	-2,9199
1,5390	-1,8058
-6,4564	2,3229
1,2113	-4,0996
-5,6699	-0,1019
0,2282	-0,8228
-3,6383	-2,7888
0,9491	-0,2329
-4,0315	-2,4612
-1,6068	-0,3640
-1,5411	1,1433
-0,2961	-3,5752
0,8181	-0,8227
-3,6384	-0,4295
0,0973	-1,2160
-4,0315	0,6190
1,5391	-1,8058
-3,9004	-0,8227
3,7017	-1,4126
-3,1795	-4,6894
2,7187	0,9467
-2,7863	-1,7403
3,5051	-2,7233
-2,1309	-0,4951
-1,6067	-2,3301
-2,9829	-1,9369
-0,4927	0,4880
-1,9999	-4,3617
-5,4079	-0,7572
-1,0169	-0,2330
-5,3423	-2,3956
-1,1479	0,2258
-6,7185	-1,2815
1,8667	-1,9368
-5,7355	1,7987
0,9492	-1,2815
-5,7354	-0,2984
3,3740	2,3230
-2,7208	-3,2476
2,4565	1,6021
-0,8858	1,9953
-1,4101	-0,9538
-0,1648	1,2089
-2,1966	-0,2984
1,1458	1,9298
-3,9661	2,1264
0,6216	-5,5413
-5,6044	3,0440
1,4080	2,9128
-5,6044	-1,0848
2,2599	3,8959
-4,4903	2,5196
1,9322	1,7332
-2,6552	2,3230
3,0463	-1,7402
-2,7207	0,9468
2,7186	2,9783
0,4250	-1,8058
0,2283	-0,2329
-0,0993	-0,2985
-1,9344	-2,5922
1,2114	-0,1674
-3,8349	-2,1335
1,4736	1,0778
-5,8665	1,0777
4,4227	-4,2961
-2,4587	1,0123
1,9323	1,0122
-2,3931	-3,9685
4,6192	-1,4781
-1,8032	-2,6578
3,1119	-1,0849
1,7357	1,4710
3,3740	-1,8713
-0,0993	-0,7572
-0,4271	-0,4295
2,8498	-1,7402
-2,2621	2,1264
1,2114	-1,6747
-4,2937	0,3570
3,2430	3,4371
-3,8349	-1,0193
2,4566	0,5536
-3,5072	3,6337
2,6531	0,1603
-4,2937	1,3400
2,0633	-0,8228
-4,2936	-0,4295
0,1627	1,0778
-1,0824	-3,9685
-0,2305	-1,8058
0,7526	-2,6578
-1,6723	-5,4103
-0,0993	-2,0680