2,1051	-4,2757
2,1707	-3,7515
2,4328	-2,3096
-1,1061	-1,3922
0,4668	-4,7345
-2,2857	-2,4407
0,1391	2,1468
-0,9750	-1,4577
0,2702	0,1808
-1,1061	0,1807
1,3843	0,4429
1,5809	2,0157
2,8916	-0,8678
1,9741	1,0327
3,9402	2,4089
4,2023	-2,0475
3,8091	-0,7367
2,6295	0,3774
2,8916	0,5084
4,2679	0,3773
1,6464	-2,1785
1,5154	0,4429
-2,0891	3,3920
-0,6473	-1,1300
-1,1060	-1,7198
0,2046	2,6711
-1,0405	-1,6543
0,5978	-0,4746
0,1391	-0,6057
0,1390	-0,4746
0,8599	0,7050
-0,1231	-2,9650
1,9085	-1,7198
-0,6474	1,7536
-0,0576	-2,3752
-2,4824	0,0497
-1,1062	-1,0644
-3,5310	0,9017
-4,3829	1,4914
-3,2033	-1,1955
-3,7276	-0,0814
-5,3004	3,0643
-2,8756	-0,2780
-4,0552	-0,2780
-2,5480	1,6226
-1,0406	0,5740
-1,4338	0,4429
0,5322	-0,6712
-0,2542	0,6395
0,6633	4,3095
-0,5163	-0,9334
0,5323	-0,6056
-2,3514	1,6226
-3,2688	-0,0814
-4,3829	0,5740
0,4667	-0,9333
-2,8101	0,1808
-3,4654	3,5886
-0,1231	-2,8339
0,4012	0,4429
-0,7784	1,9502
-0,5818	-2,7029
2,1707	-1,9164
1,3842	-2,1785
3,0882	-0,1469
3,1537	0,1152
2,8260	-4,3412
2,4328	-0,9989
0,9910	1,2293
-0,8439	-0,6057
2,1707	-1,5232
0,1391	-0,4746
-0,6473	1,1638
-0,3196	0,6395
1,2532	-2,3751
-0,1886	1,7536
1,6464	5,4236
2,9571	-0,9334
3,6125	-1,0644
4,3334	1,4259
1,1876	-1,1955
4,9232	-0,8023
2,7605	-3,9480
2,3673	0,2463
2,0396	1,8191
0,8600	-3,4893
1,3843	0,4429
0,7945	4,2439
-0,5162	-2,1130
2,2363	0,1152
-0,9750	-1,0645
0,9256	1,3604
0,9911	0,9671
1,9085	-4,9966
3,4159	-3,7514
1,5808	0,5084
2,3673	-4,8655
0,7944	-4,4068
2,2362	-3,7515
0,1390	-2,5718
-0,9750	-1,2611
-1,3027	-7,2904
-0,5819	-4,9966
-4,1208	-0,4092
-4,1208	-2,5719
-3,1377	-7,0283
-2,3514	-2,2442
-3,3999	-2,8340
-4,6451	-2,1131
-3,1378	-5,5209
-3,5311	-5,1277
-4,7107	-2,8995
-4,8418	-5,7175
-2,3514	-3,7514
-7,3322	-1,6543
-9,4293	-2,7684
-8,5118	-0,6057
-8,0531	-4,4723
-10,8056	-1,4576
-9,1016	2,8677
-9,8225	-1,0644
-9,5604	0,7051
-9,6259	5,2270
-9,1672	2,7367
-9,1016	4,8339
-7,1356	2,9333
-6,0215	7,0621
-6,8079	9,2248
-4,6452	4,5718
-7,9220	10,2735
-6,6768	13,6157
-5,6937	10,1424
-3,6621	14,6645
-6,4146	15,9096
-4,3174	18,4000
-5,1038	21,8079
-3,0067	18,7933
-1,7615	22,1357
-0,9750	26,1989
-0,0575	23,4464
1,6464	27,4442
5,5130	28,0340
2,6295	28,7549
6,9549	30,0656
6,8238	26,5922
7,8724	30,1967
9,2487	32,2283
9,2487	26,8544
9,6419	28,4928
10,9527	29,9345
8,0691	25,8713
10,6906	26,9854
10,8216	19,7764
12,7222	23,8396
12,3290	20,8904
12,0668	12,5673
11,7391	11,5842
12,8532	10,2734
13,6396	0,6396
10,4939	-4,1446
13,3120	-9,9774
8,4622	-12,7300
8,7244	-19,3493
4,8578	-34,5537
4,5956	-40,9763
0,4668	-44,9742
-1,4993	-59,3267
-3,2033	-65,2251
-3,5310	-76,9563
-7,8564	-88,8840
-9,2327	-98,9767
-11,9852	-115,6886
-13,8858	-128,2716
-16,3107	-136,3984
-18,8667	-154,2899
-20,3085	-167,5283
-25,8136	-177,4244
-26,2724	-193,8742
-34,5955	-206,6539
-36,8893	-225,7906
-42,5910	-232,3444
-44,7538	-245,7796
-49,7345	-263,4745
-52,7493	-273,2395
-56,6815	-284,3154
-61,1380	-297,2916
-61,9900	-309,3504
-65,1358	-322,5889
-66,8397	-329,3392
-68,7404	-338,4489
-69,8545	-354,3743
-71,6895	-360,9935
-73,0658	-364,7293
-73,7867	-375,6083
-74,5732	-382,1620
-77,9811	-388,4536
-76,9980	-390,6164
-79,6195	-395,9904
-80,0127	-401,9542
-80,9957	-401,0367
-79,2262	-399,0708
-78,4397	-402,9374
-76,7359	-402,3475
-74,9008	-399,3328
-74,5731	-394,8764
-71,6240	-392,9758
-69,7890	-391,9926
-67,6263	-383,2763
-68,8714	-374,1667
-63,8906	-370,8243
-63,2353	-362,1734
-62,3833	-354,2434
-61,6623	-345,9202
-59,8928	-334,0581
-57,9267	-329,4704
-57,1402	-314,2003
-55,3707	-301,4862
-50,3244	-292,4421
-48,0962	-277,9584
-46,6544	-264,9821
-46,1300	-253,1198
-40,9527	-238,6362
-36,3652	-225,2010
-39,6420	-206,7852
-35,5787	-193,1536
-34,7922	-184,3714
-31,0567	-166,6110
-33,6780	-152,2585
-31,0566	-141,3137
-31,2531	-127,1577
-28,2385	-116,4096
-29,0904	-100,1565
-27,7796	-86,8526
-22,9300	-79,8400
-22,3402	-66,0117
-21,3571	-52,3801
-20,1774	-46,5472
-16,6385	-35,6025
-16,3108	-25,8375
-15,8520	-16,6623
-15,1966	-8,6669
-11,4611	-7,4215
-13,7548	0,7706
-11,1989	9,6179
-12,4440	8,9626
-10,4124	12,1741
-11,1988	20,3005
-9,1016	20,9559
-9,2982	22,5944
-6,8734	21,4148
-4,1208	25,6746
-3,5310	30,1311
-1,5649	23,0532
1,3187	25,4126
2,8916	29,8690
2,8916	26,0024
5,5131	25,7402
6,6927	23,9052
6,9549	25,0848
9,4453	25,0192
11,0837	17,0894
10,0352	18,2691
10,5595	22,6599
11,0183	17,3514
13,3120	14,6645
13,7708	13,3537
14,0329	14,5989
15,4748	12,5672
16,8510	6,2102
15,7369	7,7176
15,6713	10,5355
15,9335	3,0644
15,8679	3,8509
15,8679	4,1785
13,9018	1,8192
13,3775	3,1299
10,1663	-0,6056
11,6736	1,6226
7,3482	3,7197
8,0036	-0,4091
8,0691	-0,8023
8,3967	1,2293
7,2826	1,7536
5,5786	-0,6057
5,1199	-2,8339
5,9718	-1,7198
5,6441	1,3603
5,0543	-4,6034
5,7096	-1,7853
2,6294	0,1807
2,8261	-4,0136
-0,1230	-4,2102
1,7774	-4,4068
-2,0892	-1,5232
-1,9581	0,9671
-0,5163	-2,8340
-2,4169	-1,3921
-3,7275	1,8846
-2,9412	-2,9650
-4,3174	-1,5232
-2,7446	-1,7198
-2,4169	1,2948
-4,7107	0,5084
-1,6960	-3,5548
-4,1864	-1,4576
-4,1209	-0,0159
-4,5141	-3,6859
-2,6136	-0,4746
-7,0045	-1,5232
-6,5457	-2,8995
-7,3321	-2,5063
-6,6768	-4,7345
-8,7739	-0,7368
-7,9875	1,4258
-5,9559	-2,8995
-4,9728	-2,1130
-4,7107	0,6395
-5,6282	-0,2125
-0,9096	-0,6057
-2,5480	-2,7683
-3,3999	2,1468
-3,3999	2,4745
-1,2372	-0,8678
-2,0237	1,8192
-2,3514	4,7027
-4,3174	3,0644
-3,3344	4,1785
-3,0067	2,6712
-2,3513	5,7514
-3,2688	7,3242
-0,8440	0,2463
-0,3197	4,1130
-1,8270	6,8654
0,6633	1,4260
0,9255	2,3435
1,4498	2,9989
-0,5163	3,7853
1,4498	5,0304
-0,1231	-0,3435
-0,0576	2,4091
-1,7615	8,1761
-2,7445	0,9017
-2,0236	3,4576
-1,4994	3,8508
-4,0552	4,8338
-1,6304	4,8994
0,4668	1,3605
-0,2542	4,3751
-0,3852	4,8993
1,1876	1,8847
2,4984	0,5085
2,1706	2,6712
2,3017	3,5231
1,1221	1,0327
1,3187	-1,1299
-0,9095	2,8023
0,5978	2,8022
-0,7784	-0,7367
-0,4508	1,1638
-4,3829	2,9988
-0,7129	-0,6057
0,0080	-0,6712
0,2701	-0,2125
-1,3683	0,9016
-2,3513	1,2948
-0,2542	-4,4723
-0,5163	-1,1300
-0,9751	0,1807
-1,4994	-3,8170
0,1390	-0,9334
-4,3830	-2,8995
-2,5480	-0,6712
-5,8903	0,1152
-2,9412	-3,2271
-5,1039	-0,3435
-5,8903	3,5231
-4,2519	0,0497
-2,0892	0,7706
-6,1524	1,8847
-3,2033	3,7197
-0,9095	2,6056
-0,3198	0,1153
-1,3683	3,1299
0,0735	4,5061
0,9255	-0,2780
1,5808	0,7052
0,0735	5,6203
-0,9751	3,7853
-1,0406	3,7198
-1,4993	2,2780
-2,0892	4,2440
-3,6620	6,5378
-1,5649	0,5085
-2,4168	2,6057
-0,9751	6,2101
-1,3683	2,5401
-1,4993	2,8022
-0,7784	1,2949
-0,3852	2,6711
0,3357	1,8191
0,7289	-2,0474
0,8599	2,0158
0,0080	2,2123
0,2046	-3,2926
-0,9750	0,5740
0,2701	1,6225
-1,8270	0,5084
-1,9581	-0,6057
-1,0405	0,2463
-0,3852	2,2779
-0,3852	4,6371
0,0735	-0,9989
0,0080	2,1469
-0,7784	1,5570
1,3843	0,7706
1,2531	0,5740
3,0226	-3,5547
0,1390	2,2779
0,2702	0,1152
1,9086	-4,0135
1,0565	-1,8508
-0,7784	1,6225
0,5323	-0,9989
0,5979	-1,3266
3,6780	-3,6204
0,4013	0,7705
0,6634	1,3603
0,0736	-4,6690
4,1368	-4,2757
3,0882	0,9671
1,9086	-2,7029
4,9232	-3,8825
2,4328	-1,7854
2,9571	-1,3266
1,4498	-1,6543
0,9911	-2,3751
-0,5163	-1,3266
0,5978	1,0982
-1,3027	-1,3921
-1,8270	-0,7367
0,2701	-0,6057
-4,5140	0,5740
-1,8925	0,3118
0,2046	-2,1785
0,1390	0,0497
-0,7785	2,9988
0,5323	-1,8509
1,1876	-1,4576
1,7119	0,1152
-0,4508	-1,7853
2,1052	-2,5718
0,7289	-4,1446
0,7944	1,1638
-1,7614	1,2948
1,7775	-5,7175
-0,4507	-0,7368
1,0566	0,3117
-0,1886	-1,6543
-0,3852	-0,3436
0,5323	-2,3096
2,1052	0,1152
0,4668	1,5570
1,0566	-1,2610
1,5153	0,2463
3,0226	2,0813
2,6294	0,9017
1,3843	1,6226
2,8916	0,9672
1,9741	1,4915
-0,0575	1,6226
-1,1716	-0,4746
0,2702	1,7536
-1,5648	3,5886
0,0735	0,2463
0,5323	0,9672
-0,9751	1,7536
-1,1716	3,3265
-0,3853	3,1299
-0,9095	0,1808
-1,5649	3,5887
-0,7129	5,6202
-2,9412	0,8361
-1,4994	2,5401
-5,6281	3,6542
-1,8926	3,9819
-4,6451	2,8678
-3,8587	1,4915
-4,5795	4,9649
-4,8417	5,2925
-2,9411	0,7706
-1,4338	2,8022
-1,8270	4,3095
-2,0236	-0,9988
-0,4508	3,1299
-0,6474	3,3920
0,7944	4,1130
-1,4994	3,8508
1,0565	0,7051
-0,9095	2,0159
0,0735	8,0451
-1,9581	1,8192
-2,4169	4,7029
-3,8586	4,8339
-1,6304	6,0135
-4,8417	5,5547
-3,0722	3,3265
-3,2033	3,0644
-3,0067	8,5038
-1,2372	0,9672
0,7944	2,1469
-1,0406	2,4745
-2,2858	0,4429
-0,5819	-0,1469
-1,1062	-1,8508
-0,1231	1,0983
-0,9751	3,0643
-1,3028	-0,8678
-1,8925	1,2949
1,1221	5,0304
-2,1547	2,2124
-0,4507	2,5401
-0,0575	0,7706
0,1391	4,1129
-0,5818	3,2609
0,7944	-1,2610
0,5978	1,0328
0,7944	4,7027
1,4498	0,1807
0,4667	0,0497
1,3843	-0,0158
-1,0406	2,6711
0,5323	2,8022
-0,7129	-1,9164
-1,2372	0,5740
-1,9580	4,7682
-0,9750	-0,9334
-1,2372	0,9672
-1,4993	-1,0644
-2,4823	2,4745
0,4667	0,5739
1,4498	-3,8169
0,5322	1,2949
0,4667	2,4744
0,2701	-3,9480
3,6124	-0,4746
-0,4508	-0,5402
0,0735	0,4429
-1,9581	-0,7368
-0,3197	-2,7683
-4,3174	1,8192
-2,6134	2,9332
-2,6134	-1,7853
-1,2372	1,9503
-3,1377	4,3095
-3,1377	0,0497
-0,5818	0,7051
0,0735	-0,5401
-1,4338	2,8022
1,2532	2,4089
1,4498	-2,8339
0,2046	0,9672
0,3357	3,1298
-1,1061	-1,3266
0,7944	0,3774
0,1391	-1,9819
-2,3513	1,1638
-1,9581	1,2948
-0,8440	-1,0644
-1,8925	2,0158
-1,3683	5,4236
-2,6790	0,6395
0,8600	3,7197
-0,6474	3,7852
-2,2202	4,9649
-0,4508	3,5231
0,6633	0,9017
1,8430	3,5887
-0,7129	6,8655
0,4668	2,6056
1,3842	2,6712
0,6633	5,4237
0,3357	2,7367
0,9255	2,8678
-0,7784	0,5740
0,7289	4,4406
1,5809	4,8338
2,7606	2,7367
3,5470	1,3604
3,6125	3,8508
4,2023	1,4915
3,4814	0,7706
5,1854	0,3774
2,3018	2,4090
5,9063	0,1807
1,7119	-1,4576
3,7436	-0,6056
2,3018	2,0813
1,7775	-1,9819
1,2532	-0,3435
0,6634	0,1152
0,9911	2,4090
1,7120	2,0157
-0,7784	-0,6057
0,2046	0,6395
1,7119	3,7197
-0,7129	0,3118
2,8260	2,4746
0,2045	2,7367
0,5323	1,8847
-1,8926	1,0983
0,6633	-0,4090
-1,6305	1,5571
-1,6304	5,1615
-3,3344	0,3119
-2,6135	3,1955
-3,3344	2,8022
-2,8101	1,5571
-2,2857	2,7367
-2,0892	-0,2780
-1,1061	3,6542
-1,1061	3,4575
1,9741	-2,1785
0,7288	0,2463
1,5153	1,2293
0,5978	-1,1300
2,2362	-0,5401
0,9910	-2,4407
1,3187	1,2949
-1,6304	0,1807
-1,5649	-1,1955
-1,6304	0,7050
-1,1061	3,3920
-1,3682	-0,1469
0,0735	1,8847
-1,2372	-1,1300
0,2702	0,9016
-0,1231	0,1807
-0,1231	-2,7028
3,0882	-0,5401
2,5639	1,8846
2,3673	-2,7684
2,2362	-3,8169
1,8430	-0,2125
-0,1886	0,6395
1,5809	-1,2611
0,0080	-3,6859
0,2701	-1,1955
-3,3998	3,1954
0,4668	-2,4407
-0,6474	0,0497
-1,5649	3,0643
-1,1716	-0,2780
-1,4994	0,7051
1,0565	-0,9989
-1,0407	-0,1469
-0,5818	2,5400
-0,4508	-1,5887
1,1221	-1,3265
-1,1717	2,6056
0,2045	-0,4091
-3,4654	0,6395
-1,4338	-1,3265
-4,5795	1,9502
-3,0067	2,1468
-3,9897	-2,8994
-3,5965	-0,5401
-3,5965	3,7852
-2,2858	-0,4091
-2,2858	0,2463
-3,2689	0,7706
-0,1231	1,2949
-1,3684	1,2293
-0,9751	-3,9480
-1,6305	-0,4746
-0,9095	4,9648
-3,1378	-3,7514
-2,4169	-1,2610
-2,6135	1,8846
-2,0236	-0,9989
-4,2518	-0,0814
0,4667	-3,2927
-0,1886	-2,5718
-0,6474	1,1637
0,2046	-5,2588
-0,1886	-4,5378
0,8600	-0,4091
0,4012	-1,6543
1,7774	-1,8509
0,0735	-2,7684
1,5808	-0,2125
-1,5649	0,1152
1,3187	-4,0791
-0,8440	-0,9333
0,2701	2,4745
-3,2688	0,7705
-1,7615	-2,3096
-1,2372	-1,2610
-1,1061	2,7366
-0,8439	0,5084
-1,2372	-0,6057
1,5153	-0,0159
-0,6474	1,7536
-0,5818	-2,2441
0,3356	-1,7198
0,0735	-1,3266
-1,0406	-0,7368
-1,3027	0,9016
-1,6305	-2,1130
-1,8271	1,0327
-3,9897	3,2609
-3,3999	-2,1785
-1,9581	0,3119
-1,3683	2,8022
-2,2857	0,4429
-0,5818	-0,0814
-0,3197	-1,9819
0,4667	-1,6542
0,1391	1,2293
1,1877	-2,8995
4,8577	-2,4407
1,7774	-0,3436
2,0396	-2,5063
1,2532	-2,7029
3,2848	-3,4893
-1,8270	1,2293
1,5153	-0,5402
0,4668	-4,4723
-0,1231	-1,7198
-0,3852	5,3580
-1,8270	-1,5888
1,6464	-0,8022
1,7119	0,6395
-0,0575	2,3434
1,9741	0,8361
2,8260	-0,2124
2,9571	0,4429
4,8576	0,7706
2,1707	-2,7684
2,4329	-0,9989
0,9911	-3,2271
4,0057	-2,1130
1,6464	-0,0815
1,3843	-4,7345
-1,3027	-0,9989
0,4013	1,7535
1,1877	-2,7029
1,4498	-1,1955
0,9255	1,2948
-0,9750	-0,6057
0,5323	-0,4091
2,4328	-3,6859
1,3187	-0,3435
-0,2542	0,0496
0,9255	-3,9480
0,0735	-3,9480
-0,4508	0,1152
-2,9411	-2,8339
0,4667	-3,7514
-1,6960	-2,6373
-2,6790	-1,7198
-3,2032	-1,7199
-1,8270	-4,4068
-2,0236	-1,9819
-0,2541	-0,4092
-0,5818	-4,8000
-0,2542	-3,2271
2,7605	-1,7854
-1,1061	-0,9990
2,7605	-3,6859
1,4498	-4,8655
0,9255	-2,4407
-0,7129	2,0157
-1,3683	-2,3096
-0,5163	-2,3751
-2,9411	2,0157
-4,1207	-0,2125
-3,6620	-0,5401
-2,7445	-1,7853
-1,2372	1,7536
-0,5819	1,8846
-2,5480	-2,5062
-0,7129	-1,2610
-1,2373	2,0812
-0,1231	-1,8509
-2,2858	-1,5887
0,3356	-3,6203
-0,9751	0,9672
-0,9751	0,1807
-2,7445	-4,8655
0,8600	-2,1130
-2,5479	1,9502
-0,3852	-0,6713
-0,7129	-1,2611
-0,1886	-0,8023
-0,8439	1,0982
0,2702	0,2462
3,6125	-3,0305
1,7119	-1,3265
1,4498	2,4745
1,3187	-2,7029
5,3164	-3,6858
2,4328	-1,8509
3,8091	-0,6057
1,9741	-1,8509
4,0057	-3,4237
2,8261	-0,6057
1,3188	2,8021
0,1392	-2,3752
4,2024	-0,7367
1,6465	1,6225
1,5154	3,1299
4,5956	0,9016
5,5785	-2,1130
3,7436	3,1954
3,2848	2,3434
4,5955	-1,5887
4,7921	0,1153
5,5785	3,9163
3,0227	0,2463
3,1538	1,9503
0,8600	0,7051
2,3018	2,9333
-0,7784	4,5061
1,5154	-1,4576
0,2702	3,6542
0,3357	5,5547
-0,7128	1,2293
-0,5163	3,1299
1,3187	-0,1469
0,9255	1,8847
0,9910	0,7050
-0,1887	-1,8508
0,9255	0,7706
1,6464	0,5739
0,0735	-3,4892
-1,3027	-2,3096
-0,4508	-1,4577
-1,4338	-0,4091
-1,8926	-2,2441
-2,1547	-2,9650
-2,0892	-0,0159
-3,1377	3,2609
-2,0236	-2,5718
-0,2541	-3,3582
-0,2542	-1,6543
0,1391	-0,5402
1,5153	-2,8995
4,3334	-3,8825
1,5808	-2,3096
1,2532	-0,2125
2,4329	-3,8825
3,7435	-3,4893
0,6634	1,3603
1,5154	-1,3266
0,8600	-1,2611
2,4984	-1,6543
0,5324	-0,8023
2,8261	2,0812
2,2363	-3,2927
1,9741	-1,3266
0,6634	2,0812
3,7436	-2,5062
3,5469	-2,8994
2,1707	-1,5232
4,0712	0,5739
-0,0575	-0,7368
2,3673	-2,9650
1,3842	-0,4746
0,0080	1,1638
-1,4993	-2,5062
-0,2541	-3,4237
-3,1377	-1,1300
0,3357	-1,2611
-0,9095	-2,4407
-1,2372	-4,0791
0,2046	-1,5887
0,4012	2,5400
0,4667	-2,0475
-0,3197	-2,9649
0,7944	-0,6057
-1,5649	-0,8678
0,2046	0,5084
-1,6960	-2,9650
-1,4994	2,7367
-2,6135	0,9016
-2,9412	-1,3921
-4,6451	0,3119
-4,0553	2,4090
-5,4970	1,4915
-2,5479	2,6056
-4,3830	-0,6712
-4,3830	2,9333
-3,0067	3,9818
-2,7446	-1,2610
-1,8926	-0,0813
-2,8101	2,8022
0,5978	-0,5401
-2,0892	-0,8023
1,3842	-1,4576
-2,0892	0,7051
0,2701	2,2779
-2,2202	-2,0475
-0,2542	-0,0813
-4,1863	2,6711
-1,4993	0,9016
-0,2541	-0,0813
-0,5163	1,8191
0,1391	0,2463
0,2046	1,6881
1,3842	0,5740
0,0080	2,6712
0,7944	3,1954
-0,4508	-0,0158
2,8260	1,0328
-1,0406	3,3265
0,7289	0,2463
-1,5649	0,2463
0,1390	-0,4746
-3,3999	4,8994
-3,3999	3,7196
-1,8925	-1,9819
-0,7129	1,2294
-3,3343	4,8337
0,7944	-1,3921
1,3187	2,9333
-0,1886	0,3118
3,1537	1,6225
2,3673	1,0327
5,3820	-2,4407
3,1537	-2,0474
2,4984	2,2779
-0,0575	-1,3266
2,9571	-0,2780
-1,4993	0,4429
0,2046	2,9988
-1,4993	2,7366
0,0736	-1,2610
0,2702	3,2610
-1,7614	6,9309
0,6634	1,3604
3,3503	0,5740
1,9086	2,9333
2,4329	1,8192
4,9887	1,4260
3,8746	0,1808
4,6611	2,4090
2,0396	3,1299
1,7775	0,7706
-0,1886	1,8847
-0,6473	3,3265
-1,8925	2,2779
-0,9750	0,1808
-1,6959	2,4746
-1,2372	3,9818
-0,4507	3,4575
0,6633	-2,1785
2,6950	0,0498
0,4667	4,2439
2,6295	-0,7368
1,7774	-0,2780
3,2848	-3,5548
0,8600	-0,4091
3,0227	0,1152
0,5978	-3,4237
2,3673	-1,5232
-1,3027	0,5740
-0,0575	-2,3096
-0,7784	-1,3265
-1,6959	0,1807
-0,4507	0,1808
1,3842	-0,1469
-0,9750	-3,2926
0,9910	1,0327
2,1707	2,0812
0,9910	-4,9311
2,6294	-1,4576
1,5153	-0,0814
1,3187	-0,5402
1,3187	-1,2611
-0,8440	-4,4068
-1,3027	-0,2125
0,9910	0,9016
-1,4993	-5,1277
0,0736	-2,5062
0,1391	0,4428
0,5323	-0,8679
0,8600	-0,2781
0,0080	-2,4407
1,1221	0,3118
0,4012	0,3773
2,3673	-3,4237
0,5978	-2,2441
0,4667	2,4089
-1,1717	-4,4068
1,6463	-1,3266
-4,1864	-0,3436
-2,1548	-0,3436
-5,1038	-0,7368
-3,7276	-3,8825
-4,8417	-0,5401
-3,4655	3,5230
-5,4315	-3,2272
-3,3344	-1,1955
-1,5649	0,5084
-3,7931	-1,6543
-0,7129	0,5084
-2,9412	-2,5063
1,1876	-1,3266
0,6633	1,0982
0,9910	-1,9164
-2,2858	-0,4746
0,0735	-0,9989
-2,1547	-2,6373
-0,2542	-0,2780
-1,6959	-0,9334
-2,0891	2,0813
-1,9581	1,3604
-2,0236	0,7706
0,7289	-0,5401
-0,7129	2,4090
-1,7614	-0,0814
1,0566	-0,3435
3,0882	-1,1955
-0,5819	3,9819