-1,9335	-0,6651
3,6371	-0,5340
-2,3922	1,3665
4,1614	-2,5001
-2,3266	-0,6651
3,8992	1,6942
-2,1300	-0,5340
2,5885	-1,3204
-0,4916	1,8908
0,1637	-0,0753
3,7027	-0,0097
-0,6883	-1,0583
2,3920	0,9078
-2,4577	1,9563
3,8338	-2,6311
0,0326	-3,0899
4,6202	0,0558
-3,1130	-2,0413
8,2902	-3,5486
0,0327	-1,8447
6,5207	-3,5487
-1,6712	-0,2719
5,5376	-3,8108
-1,4746	-1,4515
0,4914	-0,1408
1,5400	-2,3035
-2,1956	-0,9272
-1,1469	0,5801
-2,2612	-0,4029
0,0327	0,9078
-5,0137	-1,3204
1,8021	-1,9758
-5,4724	1,4976
3,3094	-0,5996
-5,1447	-2,5656
3,9647	0,9733
-4,5549	0,1869
0,0981	-0,8617
-3,5063	-3,5486
1,2777	0,5801
-4,4893	2,8738
-2,0645	-2,1724
1,9332	-1,9102
-3,8340	3,4637
-1,0814	0,9078
-4,9481	-0,0097
4,1614	-0,4684
-3,5719	1,7598
3,9648	2,6772
-3,5718	-0,5995
6,5207	-1,7136
-2,2611	2,4807
3,1783	0,1213
-2,6543	-1,5825
2,2608	-0,6650
-2,3922	1,8909
-0,0330	3,7914
-1,6057	-0,5995
-1,0816	-0,1407
-0,7538	3,9225
-4,0962	1,4976
1,3434	-0,6650
-4,5550	2,5462
0,7536	0,8422
-2,3267	-1,3859
3,0473	-2,1069
-3,2442	-1,7136
1,8021	-0,4030
-5,0791	-2,2380
2,9817	-2,9588
-4,5549	-1,0583
-1,2126	-0,2719
-1,1470	-1,5171
-1,8024	-3,8108
0,3604	-1,8447
-3,3753	2,7427
1,8022	-2,5001
-2,6544	-2,0413
5,1445	0,5801
-1,3436	-2,3690
4,3581	-2,1069
-0,1640	-2,5001
6,3896	-1,9103
-0,5571	0,0558
5,7343	-4,5972
-0,4261	-2,4345
4,5546	0,9077
1,3434	-1,1894
3,1128	-1,7136
0,4260	-0,9927
1,6710	-1,2549
2,3920	0,4490
1,2123	-1,0583
5,5377	-1,1893
-0,7538	1,7598
6,1931	-2,3690
1,2123	-1,0583
6,1931	1,1044
0,1638	-2,6312
7,2416	-0,9272
1,5400	-4,4662
4,9478	-0,6650
-1,5401	2,1529
5,2100	-2,8933
2,7852	-2,5656
0,3603	1,0389
1,5401	0,3179
1,4089	0,9733
3,0474	-1,1894
0,0326	-0,5340
5,6033	5,4298
-0,9504	0,2524
8,2902	0,7768
-2,7199	3,7914
6,8484	1,1699
-0,2295	0,5802
6,3896	0,3835
0,0327	1,1044
2,5230	2,5462
-1,8023	-2,3690
2,9162	0,1214
0,8191	2,5462
-2,7199	2,0875
1,4745	0,8423
-1,8680	0,9733
-0,1639	-0,4029
-4,2928	1,3010
1,8021	-2,4345
-4,3583	0,8423
2,9817	2,6773
-5,5380	0,7112
4,1613	1,8254
-5,4069	3,5948
1,0156	3,0050
-3,9650	5,0366
1,4088	2,8084
-5,3413	5,6921
-1,0815	9,2965
-0,6882	6,8717
-1,8679	6,4785
0,8847	9,4931
-2,9821	8,1824
-0,0983	9,8208
-1,3436	9,0344
3,3750	9,4932
-2,4577	10,6728
5,2100	8,8378
-1,1470	7,6582
6,2585	10,6728
-1,5402	10,6073
5,9309	10,4762
-0,0328	9,1000
3,5060	8,0514
0,5570	11,0005
0,8191	7,3960
2,8508	7,5271
-0,1640	9,7552
3,8338	3,3327
-0,4917	3,7260
4,8824	3,7915
-2,8509	2,5462
4,1615	2,0219
-0,8193	-1,7136
4,4891	-2,3035
-4,0961	-1,1239
1,2122	-8,7916
-5,8000	-9,9057
-1,0160	-8,1363
-5,4724	-13,0516
-6,7177	-14,2312
-5,2758	-17,9013
-7,4387	-21,1781
-7,8973	-21,4404
-11,3708	-30,2878
-6,9143	-33,1714
-13,0092	-32,3195
-8,6838	-39,3975
-14,2544	-43,6573
-7,0455	-48,2449
-15,9583	-51,0630
-9,3393	-51,7840
-18,1210	-60,6970
-13,3370	-63,3184
-17,4657	-63,5151
-15,7619	-73,0834
-18,1866	-77,4744
-18,9731	-81,5377
-16,5482	-85,3389
-20,8737	-87,5016
-16,6137	-98,5117
-20,0218	-100,8055
-18,5799	-102,3785
-23,8228	-107,4248
-14,6478	-114,6338
-23,5607	-114,7649
-16,7449	-117,5831
-25,2646	-117,7142
-17,2037	-125,7751
-22,7087	-123,2192
-18,4489	-119,5493
-22,4465	-124,0713
-19,9562	-125,9062
-20,0872	-121,3187
-22,4466	-119,8769
-18,0555	-117,7142
-19,8251	-120,9255
-12,9437	-117,5175
-19,3008	-110,8984
-11,6330	-113,9130
-17,7279	-109,8497
-8,5528	-101,9199
-14,7132	-104,2791
-9,6014	-100,2158
-13,6645	-98,3152
-7,4387	-91,6960
-12,7470	-87,6983
-8,4872	-88,0914
-9,3391	-81,8654
-7,8319	-74,1977
-7,2419	-73,2146
-7,1765	-68,0371
-5,4724	-63,1219
-9,9290	-58,9275
-3,9651	-51,9151
-8,8804	-51,3252
-0,0985	-45,7545
-8,4872	-37,8247
-2,8510	-38,0867
-5,1448	-32,5161
-2,9822	-26,0935
-9,1424	-24,7172
-3,0477	-19,9985
-6,3244	-19,4742
-4,9482	-15,0177
-5,1447	-8,8573
-4,8827	-9,7092
-3,3752	-8,2018
-3,7030	-1,5827
0,0326	-3,0900
-6,0623	-0,6651
0,4914	-0,5340
-6,3244	1,8254
2,4575	4,7744
-3,7685	1,6943
2,7851	3,4638
-4,6860	7,4615
2,3919	4,0536
-2,8509	6,0853
-0,5573	8,7722
-3,2441	8,3790
-3,2442	9,7553
0,0327	6,9372
-4,1618	8,3791
-1,1470	10,9349
-5,4724	7,6582
1,3434	7,0028
-4,6205	8,9033
2,6541	8,5756
-6,7831	10,0830
5,6687	3,7915
-2,1300	6,4785
4,6857	10,0829
-1,0159	4,9711
5,0134	2,9395
1,6711	6,0852
3,6371	4,9056
2,8508	2,8740
3,5061	2,8084
3,9649	3,9881
0,8846	5,5609
6,5863	1,8253
2,1953	0,8423
6,8485	3,7914
0,6225	-1,0583
6,9140	-0,7961
2,8507	-1,1894
7,6348	-1,9103
1,8022	0,7111
4,8823	-5,1215
1,7366	-4,3351
4,2269	-2,8933
-0,5571	-3,9419
1,3434	-4,8594
1,2124	-3,5487
-0,6883	-4,5973
1,4090	-3,2866
-1,3437	-6,3667
2,7852	-3,6142
-2,7854	1,5631
3,2439	-4,5318
-2,4578	-3,9419
5,1444	-1,1894
-4,0306	-1,6481
2,2608	-0,5341
-4,0961	-3,6142
2,1298	-2,9588
-3,1131	-0,5996
1,8020	-3,2865
-0,4261	-3,6142
-2,9821	-0,8617
-1,8023	-1,7137
-2,9821	1,1044
2,1954	-0,7962
-3,9651	-0,2719
1,9332	1,3665
-2,1301	-3,4831
5,0789	-1,9757
-3,2441	3,2015
4,4235	0,0558
-2,3266	-1,1893
3,3094	0,8423
-2,4577	-1,3204
2,1298	1,0389
-1,2125	-1,1894
0,6224	-1,2549
-0,6226	1,6287
-1,2126	1,1699
1,8677	-1,1238
-3,8340	1,5632
0,0982	0,7112
-2,5233	0,7768
2,4575	1,1700
-4,1617	1,6943
6,1930	4,4468
-3,7685	0,4491
2,6541	3,0050
-2,8509	3,4637
3,6371	0,3836
-1,6712	1,8909
2,5230	-1,0582
-0,1639	0,3181
-0,1640	3,3326
3,0474	-1,1238
0,0981	2,3496
3,4406	3,1360
-1,2781	0,0558
4,8168	0,7112
-1,3436	0,2525
7,6348	-0,0097
-2,2611	4,3812
6,7173	-2,1724
0,5570	-0,7960
5,8653	3,5948
-1,2780	2,5462
4,0959	0,3180
2,0643	0,7112
3,5060	2,1530
1,0158	3,5948
1,9987	-1,6481
2,7852	2,6773
-1,0815	3,2015
2,9818	-1,3859
-1,4747	0,9734
3,5716	1,6942
-3,3752	-0,5340
6,8484	0,6457
-1,9334	-1,5825
5,0133	1,4321
-2,6543	2,2185
4,2925	-2,6967
-0,6882	-0,5995
1,4089	0,2524
-0,2294	0,6457
-0,2951	-0,9928
1,8677	-1,4515
-2,4578	-0,2718
1,3434	0,9078
-4,5549	-0,7306
2,2609	-0,7961
-4,7515	-0,1408
0,0982	-1,2549
-4,3583	-0,9272
1,4744	-0,7961
-6,4554	-1,7136
0,0326	1,4976
-3,8995	-1,5170
0,8845	-1,7791
-5,6034	1,4320
-1,8024	-1,8447
-1,6057	-0,1408
-1,2126	-1,0583
-0,8193	-1,0583
-4,7515	2,6117
3,1129	-1,5826
-2,9821	-2,3690
3,1128	2,9394
-3,9651	-3,4176
4,9478	-3,0243
-3,0475	0,3835
4,3580	1,0389
-2,3922	1,4976
1,5399	-1,3859
-1,5402	0,8423
-0,6883	1,1699
-1,8678	-2,4345
-0,3606	-1,8446
0,8191	2,2841
-2,1301	0,9078
-0,4261	3,2671
-4,3583	0,9733
2,8507	-1,0582
-3,8996	4,3812
2,7851	-0,3374
-4,8826	0,3836
2,9162	2,2841
-3,5719	1,6287
2,7851	-0,8617
-4,0961	-0,2063
1,7365	0,0558
-3,2441	1,1699
0,5569	-2,6967
-1,2780	-0,4029
-2,8510	2,4806
-0,5571	-1,5171
-4,4239	-1,3859
-1,4091	0,5146
-5,9312	-0,9272
1,6055	-0,5340
-5,6035	-4,5317
3,5715	-1,3859
-4,0306	0,5801
1,9331	-3,4176
-3,1131	-2,9588
1,9986	-0,6651
-5,8656	-1,2549
-1,2126	-2,6967
-1,0814	-3,4831
-2,4578	-2,0413
-0,0984	-0,0097
-4,0307	-2,1069
-0,2295	-2,5656
-5,6690	1,7597
-0,6883	-1,1894
-6,8487	-0,6650
0,6880	-0,5995
-4,7516	0,5146
0,2947	2,2185
-7,6351	-0,4029
-0,2951	-1,0582
-5,8001	3,3326
-1,5403	0,6457
-5,7346	-1,2548
-4,0307	0,7767
-4,0961	0,7767
-5,3414	2,5462
-3,3752	-2,6967
-5,8002	-1,0582
-1,4747	2,4151
-7,3730	-1,3860
0,8846	-0,2063
-4,8171	-0,5995
3,1128	-1,9758
-4,4894	0,5146
3,5715	-3,0899
-3,0475	-2,4345
1,6055	-0,2719
-2,0645	-2,8933
1,3433	-1,7136
-1,1469	-0,5996
0,3603	-3,2210
0,8847	-1,3204
-0,8193	-3,6142
4,6202	-2,4345
-2,4578	0,1868
3,1129	-2,8933
-1,0815	-0,9272
2,4575	-0,7306
-4,4893	-2,3690
5,2100	0,1213
-1,9990	-1,3860
2,5230	-0,4029
-2,9820	0,7112
0,6224	-1,3860
-2,9164	1,1700
-0,4917	2,9394
-1,0159	-2,9588
-2,7199	0,3836
-0,0328	3,8569
-2,6544	0,7767
-0,2295	2,3496
-2,5233	-0,7961
1,8677	-0,0752
-4,3583	3,0705
4,3580	-0,9272
-2,3922	-0,1408
2,1953	1,9564
-2,9165	-1,0583
1,8020	-0,9927
-4,0961	-2,9588
0,4913	-0,8617
-2,2611	2,8738
-0,7539	-3,2865
-1,7368	-0,5995
-3,1787	2,5462
-1,0814	1,4321
-3,1131	0,5146
4,2925	-0,1408
-3,9651	1,0389
5,2100	1,6287
-1,9335	-0,4029
5,1445	-3,2210
-1,4091	1,6942
3,1128	-2,3035
-1,2125	-3,2210
5,4065	-2,5656
0,1638	0,1869
0,8846	-0,5996
0,7536	-4,2040
0,7535	-2,1724
1,6711	1,9563
-3,3753	-0,2719
2,2609	-1,3204
-3,2442	0,7112
2,3920	0,5801
-1,8024	0,8422
4,2925	-2,6312
-2,3267	-1,5825
5,0789	0,9733
-2,4577	-4,0074
5,9308	-3,8763
-2,5232	-0,0753
2,7196	-2,2380
-2,8509	-1,2549
1,6055	-2,8933
0,4259	-3,1554
-1,7369	2,2185
1,3434	-2,3690
-1,4092	-2,8277
1,4745	0,6457
-4,5549	1,3665
2,5885	1,2355
-2,5889	1,6942
2,1953	1,6943
-6,9142	1,5632
2,3263	0,2525
-5,9312	2,2841
0,4258	5,1676
-4,6859	1,1045
-1,8024	2,0220
-2,6543	5,2988
-3,7685	3,0705
0,1637	4,9711
-4,4894	2,5463
-0,7538	1,6943
-3,9651	5,9541
-0,0329	1,5632
-3,2442	0,7112
2,7196	3,3982
-4,2927	2,2185
2,9817	2,0875
-2,5888	-0,5340
2,5229	0,1870
-3,9650	2,2841
0,8846	-2,0413
0,3603	-3,3520
-0,4917	2,0219
0,1638	-0,5340
0,4258	1,2355
3,3095	0,0558
-3,1787	-0,2718
2,4575	3,1360
-3,0476	-2,1724
4,2270	-0,7305
-4,2928	1,0389
1,8676	0,3180
-4,2927	-0,4029
2,6540	0,9078
-8,2249	1,5632
0,2947	2,4807
-3,3097	-0,9272
-2,3268	-0,2062
-2,5232	2,9394
-5,4725	1,0389
-2,3266	-1,3859
-3,6375	1,7598
-0,6227	1,3666
-5,0137	2,6773
2,1953	-0,5340
-2,3267	1,8253
4,0303	4,0535
-3,6374	0,1869
4,8167	-1,2548
-1,2125	1,3010
3,2439	0,7112
-1,8023	0,3835
4,3580	-0,9927
-0,9503	1,2355
1,8676	1,9564
1,0813	-0,3374
0,8191	0,7112
2,7197	2,2185
-2,5888	1,1044
5,7343	-1,4515
-2,1301	-0,7961
3,1129	0,5801
-2,7854	2,4151
6,7173	-2,8933
-2,7199	-0,4029
2,8506	1,7598
-4,4893	-0,2063
1,6710	-0,4684
-3,1131	0,7112
-1,4092	0,5801
-3,1786	1,1699
-2,9821	-2,6311
-2,3922	-1,1238
-3,1787	2,6773
-0,4261	-1,1238
-4,9482	-2,7622
1,9987	2,0874
-3,4408	-0,3374
2,2609	1,8253
-0,4261	-1,1238
5,5376	-1,9102
-3,0475	2,0219
3,2439	-0,5340
-0,5571	-1,1893
3,3749	1,6287
-0,6882	0,3836
-0,0985	2,6118
0,7536	-1,6481
-1,5402	1,7598
3,2440	4,8400
-0,8194	-1,7136
4,2270	-0,7960
-1,9990	1,3010
4,1614	-0,9272
-3,1131	-0,4029
4,7512	-0,1408
-2,5888	0,0558
4,6201	0,6456
-1,0159	-4,9249
3,3749	-2,8933
-1,2125	0,9733
-0,2295	-0,8618
0,6881	-3,4831
1,6710	-3,2865
0,9502	-2,6967
-0,4917	0,1868
5,0790	-4,4007
0,4914	-1,8447
4,5547	0,3179
-1,8679	-1,8447
6,4552	-1,9758
-1,0815	-0,5995
7,1761	-0,2718
-2,4577	0,6457
4,2925	-2,3034
-2,7198	0,9734
1,3433	1,9563
-2,5232	-2,2379
1,6710	-1,9757
-0,6227	1,3666
-3,3753	1,1044
0,0327	-0,0752
-4,1617	0,6456
0,6225	-0,3374
-3,8340	2,7428
3,9648	0,7112
-3,9651	-1,0583
3,3094	2,2185
-3,7029	1,1044
4,3580	-0,5995
-1,4091	0,3835
3,5060	0,5146
-3,6373	1,4321
1,6055	-1,5170
-0,6882	0,3180
-1,8024	3,3326
0,6881	0,4491
0,0326	-0,1407
1,8022	1,7598
-4,0306	2,0875
2,0643	3,3326
-3,9651	-1,5170
3,5716	-0,7961
-4,8171	4,3157
2,7196	-1,8447
-4,4894	-2,0413
3,1783	1,1044
-4,0961	-2,3035
0,2292	-1,5825
-2,3267	-3,1554
-2,7199	-2,4345
-2,7198	-0,5340
-1,9990	-5,9080
1,1468	-3,6797
-4,4239	-0,4685
2,3264	-3,4176
-4,2273	-2,4345
3,8993	-3,9419
-3,7685	-2,8278
2,1298	1,1043
-4,7515	-5,8424
4,8167	-4,4006
-3,3097	-1,7137
1,6054	-2,5656
-4,2927	-3,8108
0,5568	-4,4006
-6,3243	-3,0244
-3,3753	-0,9273
-0,8848	-3,2210
-4,2273	-3,6797
-1,2781	1,8252
-6,1278	-0,6651
0,0982	-2,3034
-3,5719	1,1044
3,5060	-1,1238
-5,2758	0,6457
3,2439	0,9733
-2,6544	-0,9272
3,7026	1,4976
-4,5549	-1,9102
1,4089	0,3180
-0,2295	1,5632
-1,3437	1,8253
-0,8192	0,7112
2,1298	1,2355
1,0157	1,6287
-2,7199	3,2015
4,7513	-2,5656
-2,5233	-0,8616
5,0134	2,5462
-1,8024	-0,0097
7,1105	-1,1238
-3,3097	0,1214
3,9648	1,6943
-1,5402	2,4807
5,1444	-0,0097
-2,5888	-0,1407
0,2947	2,8739
-3,8339	-0,9928
-1,9335	-1,6481
-0,6227	-0,7962
-3,9651	0,1869
-0,6882	-0,3374
-4,2273	-3,6797
0,4914	-2,6967
-4,2273	2,4151
2,3919	-0,9928
-3,9651	-3,5487
3,3749	0,3180
-5,4724	0,9078
1,8021	0,0558
-2,4577	-4,0729
2,5229	-0,7961
-3,8340	2,8083
-1,0815	-1,4515
-1,4746	-1,6481
-1,2126	2,8083
-0,0328	-0,4684
-3,8340	1,8909
2,3265	1,1044
-3,0476	3,2671
1,8677	2,0219
-3,7029	-1,2549
6,9139	-0,7961
-1,8024	3,3326
6,2585	0,1213
-0,5572	0,8423
6,1930	1,7598
-0,3605	1,6942
3,7682	2,6773
0,4260	-0,9927
3,3750	0,1214
2,1954	3,4637
-1,0159	-0,2719
4,6203	-0,9927
0,2292	1,3010
2,5231	-0,6651
-1,4092	-0,4029
5,5377	-3,2210
-2,1301	-2,3034
4,0959	1,3665
-1,0814	-0,5340
5,4065	-2,3690
-2,5888	2,5462
1,2123	-0,0097
-1,8678	-0,2063
2,3919	-1,3859
-1,7368	1,4977
-1,4747	2,8084
0,8847	1,6942
-4,1617	1,8254
0,8191	4,4468
-4,6860	1,4977
0,8846	3,0705
-3,4408	1,6287
2,7851	2,0875
-6,5210	3,1360
1,1467	1,2355
-1,9990	1,0390
1,2777	4,9710
-5,8000	2,2841
1,4744	0,9079
-3,1786	1,1044
-0,5572	1,4321
-1,3436	2,7428
-1,6713	-1,3204
1,8022	-0,5995
-2,0646	2,0874
2,2609	0,9078
-2,9820	-0,0097
4,2925	1,4321
-2,2611	0,1213
6,2586	-2,2379
-2,9165	-1,6481
4,7512	-1,1238
-3,4408	0,6456
2,1297	-2,3035
-2,1956	-2,3689
1,6054	0,5146
-1,9334	1,2355
-3,4408	-0,7306
1,2123	0,7767
-2,1301	1,0389
-1,4091	3,4637
-2,1956	-0,5995
3,1784	-2,5655
-4,0962	4,5778
4,2925	0,7112
-3,4408	-1,5170
5,9309	-1,0582
-1,6057	0,1214
4,6201	2,4807
-1,9334	-2,0413
3,1128	1,0390
1,4745	3,9225
2,1953	0,2525
2,3920	0,5802
0,0982	2,8739
4,3581	2,4152
-0,3606	3,1360
4,4236	1,3666
-1,0159	1,9564
4,4892	4,7089
0,3603	1,2355
6,1275	-0,0096
-0,5572	1,9564
4,5546	1,3666
0,3604	1,1700
4,0958	-0,8616
-1,1469	1,0389
2,5230	3,3326
1,0158	-0,2063
2,4574	-2,2379
1,2124	2,7428
-0,8849	-0,7961
2,9163	-1,2549
-2,7199	0,3180
3,1784	-0,1408
-4,5549	1,6942
3,8337	-2,1724
-5,0792	-2,5001
2,9162	1,7597
-4,4893	-2,1069
1,6710	-3,0244
-3,4408	-2,6967
-1,1471	-0,5340
-4,2927	-1,7137
-1,9991	-3,1555
-2,1300	-1,8447
-5,0137	0,4490
-1,1470	-3,2210
-3,9651	-2,7622
0,2948	-0,3374
-5,3414	-2,3035
3,0473	-1,8447
-4,8826	-2,1724
3,8337	-0,2719
-5,2758	0,9733
2,6540	-3,2865
-3,3752	-2,6311
1,6710	0,7767
-2,3922	-1,3204
0,0981	-1,5170
-1,0159	-2,8933
0,4258	0,7112
-0,8193	2,5461
-3,0476	-1,2549
2,7197	-1,5826
-4,2928	0,2524
2,5231	-0,9272
-3,1787	0,2524
6,4552	-2,0413
-3,1786	-0,9928
4,9478	0,9078
-3,7684	-2,3035
6,3240	-1,5826
-0,8849	0,5801
0,9501	-2,7622
-2,0644	-3,7452
4,7512	-0,9927
1,7366	-1,7136
-0,2951	2,4151
2,7197	-1,5826
1,0812	-0,7961
5,7999	1,8908
-1,4092	-1,9103
6,6519	-3,4831
0,6225	-1,3860
5,9309	-0,9928
-1,3436	-1,1894
5,2755	-3,2865
-0,2950	-2,8277
4,3580	-0,2064
-1,9989	-3,2865
3,5060	-2,8933
-1,3435	-0,0097
0,3603	-0,9928
-0,0984	0,2524
-2,1301	-0,9928
2,1299	0,0558
-4,2273	2,0874
1,2123	-1,2549
-4,3583	-1,5170
3,8337	2,4807
-3,1131	-0,0097
4,5546	-0,2063
-2,9165	-0,0097
4,4890	0,8423
-4,0961	3,5292
2,8506	-1,8447
-2,5888	-0,4028
-0,9504	5,6264
1,0157	1,1699
-0,2951	-0,4684
0,8846	1,8253
-3,1787	0,4490
0,9502	2,1530
-3,5719	-0,0097
2,7852	0,5146
-2,7854	3,9224
2,3264	-0,9928
-5,2103	-0,9272
2,1953	3,7258
-5,1447	-0,3374
-0,2296	-0,9927
-4,7515	-0,5995
-0,0985	0,9078
-4,0961	3,7914
-3,7685	-1,7792
-0,6883	-1,4514
-5,5380	4,7089
0,2293	2,6117
-3,8996	1,1700
2,2609	0,7112
-4,2272	2,6117
3,5061	3,5947
-2,8510	-0,9272
4,8823	-0,7306
-1,6057	2,4806
5,7998	-2,8933
0,4259	-3,0898
4,4236	-0,3374
0,6226	-0,7962
3,6371	-0,2064
3,7683	-3,1555
0,8191	-4,1385
2,7197	0,4490
0,3603	-4,2696
3,3095	-2,9588
-1,9990	-0,5996
2,3920	-2,1069
-2,4577	-0,7962
6,1275	-4,1385
-2,7199	-2,3035
4,8823	-0,9273
-1,6713	-4,4006
4,9478	-1,9102
-0,8193	0,3834
2,9162	-2,8933
0,2293	-1,7792
2,6541	-2,9589
3,1129	-2,4345
0,4914	0,2523
5,9965	-4,9250
1,6055	-4,1385
5,3411	-0,9928
-0,1639	-3,8764
7,5693	-2,3690
0,8191	-2,2380
8,2902	-0,9272
-1,2125	0,5801
7,1106	-4,8594
-0,8193	-1,5170
5,5377	4,1190
1,1468	0,2524
2,9162	-2,4345
-0,2294	1,3010
1,3433	1,0389
0,7536	0,1869
-2,7854	-0,9272
3,2440	0,2524
-4,3583	2,4806
4,8824	-3,4176
-0,3606	-2,1068
5,3410	0,0558
-2,5888	-3,1555
5,3410	-0,5995
-1,8679	-2,3690
4,5546	-1,9102
-1,3436	1,8908
1,5399	-0,7962
-0,2950	-1,3859
-0,1640	1,1699
-0,6882	1,1699
-0,4262	-0,4684
2,4575	0,3180
-3,0476	1,4977
2,3920	3,3326
-5,1447	-0,2063
4,0959	1,5633
-3,8340	4,5778
4,4235	2,0219
-2,8510	3,3327
3,3094	3,9225
-3,5718	2,3496
0,7535	3,2016
-2,6543	0,5802
-2,7199	2,0875
-2,9820	3,2016
-3,4409	1,4976
-1,6058	2,1530