-3,3620	2,6126
-1,1993	2,0884
-1,1993	0,2534
-1,0683	-0,4675
-3,0999	3,8579
-2,0513	2,2194
-1,0683	0,2534
-1,4615	4,7754
-2,3134	3,0714
-2,1169	3,3992
0,2425	0,9088
-2,5101	1,4331
0,8323	5,2342
-3,7552	3,2025
-0,0852	0,3190
-3,4931	4,1200
-0,6095	2,4161
-2,9033	3,4647
-1,0682	0,0568
-2,6411	1,1054
-0,6750	4,5132
-1,7236	0,7777
-2,6411	-0,4675
-1,8547	3,7268
-2,3135	2,5471
-0,6095	0,3845
-3,0344	-1,1229
-1,1338	0,3189
-4,2795	2,1539
-1,1993	-0,2054
-3,8208	1,0398
-1,9202	3,0714
-1,3304	1,8262
0,3735	-0,2053
-1,2648	2,4816
0,1114	0,8432
1,0945	1,3020
0,5046	2,0884
1,3566	-0,4675
0,6357	2,8748
3,5193	0,2534
2,8639	0,6466
2,9295	0,9087
0,5047	0,7777
2,1431	0,6466
-0,7406	0,3844
0,3736	0,0568
-2,2479	3,0059
-0,4129	-0,6641
-0,7406	-0,7296
0,9634	3,7923
-2,2479	1,3019
-0,5440	2,9404
0,5702	3,0059
-0,9372	1,4331
-0,4129	3,3991
-0,4129	2,2195
1,6843	0,3190
-0,0852	2,8093
2,6673	1,4985
1,2255	-0,9262
3,6504	1,1709
0,2425	-1,4506
2,5363	2,2195
-0,8716	0,7121
1,6188	-0,1398
-1,0682	1,9573
0,5702	0,3189
-0,2818	-1,2539
0,8978	3,3336
0,4391	-0,7952
-0,4129	1,8263
0,8979	1,7607
1,1600	1,6296
2,9295	0,8432
-0,9372	0,1223
0,4391	-0,9918
-1,1993	0,5810
-0,3474	1,5640
-2,9032	-1,7127
0,6357	-0,8607
-2,0513	-0,9263
0,5046	0,5155
-0,3473	-0,3365
1,8809	-1,3850
1,1600	1,0398
1,0945	-0,0088
1,6843	-3,5477
2,8639	-0,2709
4,3713	-0,5986
1,6187	-0,0088
3,9126	-0,0743
1,2911	-2,5647
2,4052	1,1709
1,2256	2,1539
4,6334	-1,9093
0,1114	1,3019
2,8640	0,1223
2,4708	1,3675
6,0097	-0,5986
1,4222	-2,4336
2,3397	1,0398
4,6334	-0,2710
3,5848	-2,4336
2,7984	-1,9749
2,6673	-0,0088
3,5193	-1,4506
0,5047	-1,8438
3,6504	-1,1229
0,8323	1,4330
2,3397	-0,8608
1,6188	-2,4992
3,7159	1,4985
0,5047	0,5810
1,2911	-1,7783
1,0290	-2,4336
3,2571	-0,2054
-1,0682	1,8262
0,0459	-1,8438
1,6842	-0,9263
-1,6581	0,5155
-1,6581	0,9742
-1,8547	-0,8607
-0,9372	0,2534
-5,1970	0,3189
-3,8208	0,5810
-3,6242	0,3189
-4,4762	-0,0743
-5,7213	1,7607
-3,2965	2,3505
-3,6242	-0,3364
-4,5417	3,5957
-4,8694	4,8409
-2,4446	4,7098
-2,5101	3,0715
-2,3790	4,3167
-2,6411	7,2658
-0,1508	4,4477
1,5532	4,9065
-0,5440	7,0692
1,6843	6,0861
-0,6095	6,0206
2,2086	7,4624
1,1600	5,8896
1,2256	8,1178
1,7499	7,2658
3,2572	6,0862
1,0290	7,7246
4,5679	6,8071
1,2256	7,2003
2,3397	6,5450
4,5679	7,5935
3,7159	8,1833
4,1091	6,4794
4,0436	4,2512
3,9125	6,4794
2,0120	6,5449
3,0606	3,5958
0,4391	3,5302
0,9634	1,3020
1,5532	0,9743
1,6187	-0,9919
-1,3303	-3,2856
1,4221	-3,6133
-0,2818	-6,8902
0,0459	-11,7399
-1,1993	-11,2156
0,6357	-13,5094
-1,8547	-19,4732
-1,1338	-20,7185
-2,1169	-25,5682
-6,9665	-26,0269
-4,2140	-31,6632
-5,7214	-37,7580
-7,3598	-37,6925
-10,6366	-42,2146
-9,9813	-48,2440
-11,0954	-52,5694
-10,4401	-57,6813
-15,4208	-58,9921
-12,9960	-64,3006
-15,1587	-71,1164
-17,4525	-73,1481
-18,5011	-77,2769
-18,1734	-81,3402
-17,3215	-87,2385
-20,0740	-92,0882
-19,9429	-92,2849
-23,3508	-100,8047
-20,5983	-105,0645
-22,1056	-105,1956
-21,0571	-112,1425
-22,7610	-113,1911
-19,0255	-115,3539
-22,7610	-120,2691
-20,5983	-117,9754
-21,1226	-123,5460
-20,4017	-124,5946
-19,3531	-123,2184
-18,5667	-125,9709
-17,5836	-128,1336
-17,9769	-124,3325
-17,3870	-126,9540
-16,7972	-125,3810
-16,7971	-124,7257
-17,1248	-124,1359
-15,6830	-120,2037
-16,9937	-119,8760
-14,2412	-116,5991
-14,5033	-112,7980
-11,3576	-111,2251
-13,3892	-106,7030
-9,5881	-103,6884
-11,7508	-98,7076
-10,8333	-93,9889
-8,9982	-91,1053
-9,9158	-90,2532
-6,9011	-81,7990
-8,6706	-80,4228
-7,8186	-77,6046
-9,8502	-70,9199
-7,7530	-68,1017
-8,5395	-60,6961
-6,3768	-57,4193
-7,6875	-53,4214
-5,9835	-46,4090
-7,6875	-42,7390
-5,0660	-38,0203
-4,9350	-29,2384
-4,8039	-29,6316
-6,5078	-23,2089
-3,6242	-19,4734
-3,2310	-19,2111
-3,4276	-12,9852
-3,7553	-10,9535
-2,1169	-8,7252
-2,9033	-3,9411
-2,7722	-3,0891
-1,5926	-2,1715
-2,2479	0,9087
-1,5926	3,7268
-3,9519	5,5618
-2,5756	3,9890
-3,0999	7,2003
-2,5756	10,3460
-4,3451	8,1833
-3,2310	8,5111
-3,2965	12,0500
-4,2140	9,9529
-3,5587	13,8195
-3,7553	9,8218
-1,3960	10,4117
-3,2966	11,2636
-2,2479	8,7077
-3,5586	8,2489
-1,0028	10,9359
-4,0174	10,8703
-1,0683	8,6421
-1,7236	7,3969
0,7668	9,2975
-0,1507	9,6251
1,1600	7,5935
-0,8716	4,6444
2,2741	7,1347
0,7668	5,4963
0,3080	4,9065
2,4052	4,8409
2,0120	3,4647
2,9950	5,0376
3,2571	4,1856
4,1091	1,6297
1,8809	3,6613
2,3397	2,0884
0,3736	0,6466
4,7645	-0,4675
2,6018	0,7777
3,9781	1,5641
2,0776	-1,7783
2,2086	-2,9579
2,6018	0,2533
2,7984	-0,3365
1,1601	-2,1715
4,1091	-0,3365
3,5193	-2,1060
0,1770	0,8432
2,2086	-0,3365
0,1114	-2,4992
0,7013	-0,2054
1,0289	-1,4506
2,9295	-3,0234
-0,6750	-0,5986
1,6843	-3,0235
0,7668	-1,7783
1,6843	-4,0720
1,3566	-4,2031
2,3396	-1,9749
0,2425	-3,9410
1,3566	-4,7274
1,6843	-2,9579
-0,2163	-2,7614
0,2425	-1,7128
-1,3959	-2,1060
0,0459	-4,4652
-3,2965	1,6951
-0,6750	-1,1885
-2,0513	-0,5331
-0,5440	1,2364
-2,3134	-0,2054
-1,0027	-0,7952
-1,5925	1,4330
-1,7236	-0,9263
0,2425	0,1223
0,8323	0,9087
-1,4615	0,4500
-1,3959	1,1053
1,0944	0,7121
-1,0683	-0,9263
0,3080	-0,1398
-2,5756	-0,9263
-0,4784	2,1539
-1,3959	1,8262
0,1769	-2,1059
-4,0173	0,9743
0,3080	-0,0743
-1,1338	-0,3364
0,1769	0,8432
-0,5440	-0,2054
-1,2649	1,1709
0,1114	-0,3365
-0,3474	0,3189
0,3735	2,0228
-2,1824	-1,2539
1,4877	0,8432
-1,6581	2,6127
-1,0027	-0,0743
-0,8716	1,0398
1,6187	3,0714
-2,1823	1,4330
0,3081	0,7777
0,1114	-0,6641
2,4707	-0,8607
-0,9371	2,1539
-1,2648	-0,2054
1,8154	-2,3025
0,0458	-2,0404
0,7668	-1,1884
-0,0197	-0,5986
-0,6095	-0,6642
-1,5925	-1,7783
0,4391	1,7607
-2,3790	0,3189
-1,7891	-3,8754
-1,4615	-1,8438
-2,1169	0,4500
-3,4275	0,9087
-1,8547	-3,0234
-1,1338	-1,5816
-1,4615	0,5155
-1,8547	0,0567
-0,0852	-0,5986
-0,6095	0,2533
-2,7722	0,2534
-0,2162	-0,6641
0,1114	-1,3850
-0,6095	-0,8608
-3,0343	0,7776
0,1114	0,8432
-0,2818	-1,5816
-1,1338	1,3674
-2,1823	-1,0574
-0,0852	-2,0404
-1,1993	0,5810
-0,4129	-1,7128
-0,2163	0,1223
-0,8716	-2,0404
0,4391	-4,0065
-2,5756	0,5810
-0,4784	-0,7953
0,1114	-5,7104
2,0120	-1,8438
-1,1338	-2,4992
1,0945	-1,2540
-0,7406	-2,5647
-0,5439	-2,5647
-0,5440	0,1878
0,0459	-1,5161
-1,0027	-3,2200
1,2910	-0,1398
-1,7891	-0,9919
0,3735	0,6466
-0,6095	-0,4675
0,0458	-1,9749
0,4391	-0,7297
-1,5925	-0,9918
0,5046	0,1223
0,6357	0,9743
0,5046	1,4330
-1,1993	0,4500
1,2911	-0,4020
-1,4615	-0,0743
1,2255	1,5641
-0,5440	2,0228
0,4391	1,4330
1,2255	2,4816
1,5532	0,6466
0,3736	0,0568
1,1600	-0,7952
-0,5439	0,1878
-1,1993	-1,6472
0,3736	-3,4822
-0,6751	-3,2200
-0,5439	0,0567
-0,6750	-1,3851
-0,5439	-3,7443
-0,1508	0,0567
0,5701	-0,0744
-3,8863	0,5810
0,8323	-1,7127
-3,1654	-0,7297
-1,3304	1,8262
-0,9372	-1,8438
-0,0197	-1,6471
-2,8377	1,3675
-3,3620	0,9742
-0,8061	-1,9749
-1,5270	-0,4020
-0,8716	0,3844
-2,6411	0,3844
0,3736	-0,0743
-0,0197	-1,7127
-0,3474	2,5471
-1,5925	2,2850
-1,5270	-0,4020
-2,9688	1,8918
-0,7406	-0,5331
-1,3959	2,0229
1,4877	0,3189
0,0459	-0,6641
-1,3959	4,2510
0,7012	1,5641
0,7012	-0,6641
0,4391	0,7121
-0,5440	1,6296
1,6187	1,1053
-0,8061	2,4816
0,8978	-0,1398
-2,7722	2,8093
-1,0027	1,6952
-2,0513	-0,0087
-0,6750	3,7268
-2,4445	2,7437
0,1114	3,5302
-0,8716	1,3675
-0,5440	-0,4675
-1,9857	3,5957
0,8323	0,3844
-0,8061	0,1223
-0,8716	1,4985
0,7012	-0,2709
-0,0852	1,6296
0,6357	-0,0743
-0,0852	-0,7297
0,5046	-0,7952
0,7668	-0,0743
1,0289	-2,1715
-0,3473	1,9573
0,1114	-1,7128
0,2425	-2,1059
-0,2163	-0,1398
-2,0512	-0,3365
-0,2163	0,4499
-0,1507	-2,1059
-0,4784	-0,3364
0,8323	0,3844
-1,1338	-0,7952
0,4391	-1,7783
1,0944	0,6466
0,0459	-0,8607
-1,0027	2,4160
2,3397	0,5810
1,2255	-0,8607
2,1430	1,5641
-1,1338	0,3189
1,7499	-1,4506
0,7668	0,5155
3,4538	-0,0743
0,1114	-0,6642
1,8809	-3,0235
-0,0852	-2,6302
-0,3473	0,8432
3,9780	-2,4992
0,5046	-2,8268
1,4221	-0,8608
-1,3959	-0,8608
0,2425	-1,5161
-0,4129	-0,7297
0,1769	-1,5816
-2,0513	0,9087
-1,3304	-1,7783
-0,8716	-1,5161
0,0458	1,9573
-2,8377	1,1708
-1,2649	-4,0720
-1,9858	-0,5330
-1,5926	-0,6642
-0,7406	0,5810
-1,8547	-0,0088
0,0459	-1,5816
-2,1168	1,3020
-0,7405	0,6466
0,0459	-1,9748
0,0459	1,0398
0,5046	1,0398
0,4391	2,3505
-0,5439	0,2534
2,5362	-2,2370
0,3736	4,8409
2,2086	0,9087
1,3566	-1,8437
2,5362	1,5641
0,3080	1,8917
1,6843	0,6466
2,4052	-1,1884
-1,1993	-1,7127
1,8809	1,2364
0,0459	0,3844
-0,2163	-2,4991
-0,2163	0,3189
1,4221	0,5810
0,6357	-0,1398
1,2255	0,3844
1,3566	-1,1229
0,8979	0,6466
1,2911	0,3844
1,8154	0,1878
1,5533	2,8092
1,6188	0,2533
3,3883	-2,2370
1,6188	-0,7297
4,3713	-1,5161
2,0775	-0,8608
4,5679	-1,6472
2,9950	-4,0065
3,7815	-0,6641
1,8154	-1,0574
2,0120	-3,8754
1,7498	-0,7952
3,6504	-0,0088
-0,0851	-1,6472
3,1916	-0,2054
0,2425	-2,2370
0,4391	0,6465
1,8154	-0,9919
0,8978	-1,9093
1,6188	-0,3365
1,0944	-0,1399
1,2255	-3,0890
-0,1507	-1,9093
1,6187	0,5810
-3,1654	0,9742
0,0459	-1,7127
0,2425	-2,3681
-0,6095	0,7776
-1,9202	0,0567
3,7159	-0,6642
0,3736	-0,0088
0,9634	-0,4020
2,6018	0,5810
2,3396	-2,4992
3,0606	-3,6132
2,4052	0,0567
1,0945	-0,5331
2,6673	-3,4167
2,9950	-1,1229
-0,8716	-2,4336
1,9465	0,5155
-1,4614	-1,7783
2,4707	-3,3511
-0,0196	0,3189
1,2255	-0,6642
0,2425	-2,1059
1,0289	1,3019
-1,7891	-0,5331
0,3735	-0,7952
0,2425	0,1223
0,1114	1,1053
-1,1993	1,2364
-1,9858	1,6296
-1,4614	-0,7952
-2,6411	1,4985
-1,3959	-0,3365
-3,4931	-0,7952
-2,5100	-1,1884
-3,5586	-0,8607
-3,2310	1,8262
-3,2965	-1,7783
-1,8547	-0,0743
-4,5417	2,5471
-4,8038	0,5810
-3,6242	-0,6641
-1,3305	-0,5331
-4,2140	1,3019
-1,6581	2,8748
-2,5756	0,2534
-3,6242	3,4647
-0,0852	5,8895
-2,2479	3,3336
-0,7406	0,7777
-2,2479	6,1517
0,6357	5,1031
-1,1338	5,5619
3,1261	3,9234
-0,3473	3,0060
1,0945	7,1347
-0,6750	2,8093
1,0945	0,5156
0,3736	4,5788
1,3566	2,6782
1,6843	1,8918
4,0435	-0,0088
2,4052	1,4986
-0,2818	2,6127
0,8323	0,5155
-1,0027	-0,0087
1,2255	1,3019
-0,5439	0,8432
1,1600	-0,3364
1,7499	0,1223
3,9781	-0,2054
1,6188	1,1053
3,7815	-0,7952
4,1747	-1,3195
2,2086	0,3844
3,5194	0,0567
4,5024	-0,5330
4,5679	1,0398
3,2572	0,6466
6,0753	1,6951
5,0922	-1,3850
4,0436	-1,6472
1,8154	2,2194
4,5679	1,6951
2,9950	-4,8584
4,4368	0,6466
0,9635	0,7776
2,6018	-0,3365
2,5363	-0,2709
-0,2818	-2,9579
-0,7405	1,2364
2,2086	-1,3195
0,4391	-3,0889
-0,8061	0,5155
1,6188	-2,2370
-0,1507	0,4500
-0,4129	1,3019
-0,8061	-1,0574
0,3080	1,0398
-0,9372	-0,4676
0,2425	-0,7952
0,5702	2,0883
1,2911	-0,5331
-0,0852	-1,5816
1,8153	-0,9263
0,1114	0,4500
1,4877	0,0567
2,2086	-1,6472
1,8809	-0,8607
0,8323	1,2364
0,5047	-0,3365
2,6673	-1,4506
0,1114	2,4816
2,2741	0,3844
-0,7405	0,3844
1,3566	-0,0743
-1,3959	-1,2539
1,4221	0,8432
-0,8716	-0,6642
0,5702	-2,2370
-1,8547	2,1539
-0,6750	-0,5331
-0,5440	-0,6641
-0,6751	-0,0743
-2,1823	-1,1884
-1,0682	0,3844
0,2425	-0,5331
-2,3790	-2,8268
0,1114	0,1223
-2,9688	-1,1884
-0,8061	-1,5161
-3,4931	-0,4676
-3,3620	-0,9263
-4,2795	-0,2709
-1,5270	-1,1885
-2,9688	-3,5477
-0,9372	-0,6642
-1,9858	-0,6642
-2,3790	-0,7952
-0,7406	-0,9919
-0,6751	-0,2054
-2,0513	0,8431
-2,9033	-2,3026
-0,4784	-2,2370
-2,0513	1,1053
-3,0999	0,7776
-1,9858	-1,5816
-1,9203	1,8262
-4,0830	0,5810
-2,5101	1,6296
-3,8863	-0,8608
-2,1824	-1,2539
-4,2140	0,1878
-2,8378	1,1709
-3,3620	-0,5330
-1,3960	1,7607
-1,7236	0,7121
-2,5756	2,3505
0,9634	2,2194
-2,6411	-0,7296
1,4877	2,2850
-1,0683	0,5155
-0,8716	-0,7296
-1,7891	3,2681
-0,5439	3,5301
0,7668	0,0568
1,5532	3,0059
-0,6095	3,9234
0,6357	3,3991
-0,8716	2,6127
-0,4784	3,7268
-0,7406	7,0036
-2,1168	4,2511
0,1114	2,2851
-0,2819	3,5958
-0,6750	4,0545
-2,4445	5,6929
0,7668	4,3166
-0,8717	2,8749
-0,0852	4,4477
0,1769	4,1200
1,4877	2,9404
-0,3473	4,5133
3,5849	4,6443
1,6843	3,9234
4,1747	1,3020
2,2741	1,0399
3,3882	4,6443
3,1916	-0,1398
2,4707	0,2534
4,5679	3,0059
-0,3473	0,5811
1,0290	0,6466
2,0120	1,3675
0,5702	0,0568
-2,8377	2,4160
-1,7891	-1,9749
-0,6750	-3,0889
-0,3473	1,6296
-1,0682	-0,7297
0,4391	-1,3851
-2,1168	-2,3026
-1,3304	-1,6472
-1,4615	0,0567
-0,7406	-3,0235
-0,4129	-4,4652
-0,6751	0,7121
-1,6581	-3,0235
-2,3135	-5,5793
0,8978	-1,2540
-3,2310	-0,0743
-0,0197	-0,0743
-2,9688	-0,3365
1,8809	-0,2054
-1,9202	0,5810
1,5532	-0,5330
-0,0196	0,9087
1,8809	0,8432
2,9950	0,0568
2,7329	1,1709
2,0120	-2,6958
4,0436	-1,8438
3,8470	-0,2710
3,7815	-1,3195
4,6335	-3,3512
2,9950	-2,3681
2,9295	-1,4506
2,2086	-2,8269
2,9950	-4,3342
0,4391	-3,8754
-0,2162	-0,8608
0,7013	-4,2687
0,8323	-2,6958
-3,0998	-1,0574
-0,3474	-1,0574
-0,2163	-3,7443
-3,0999	-2,3681
-0,8061	-1,3851
-3,6242	-0,4021
-2,1824	-2,3681
-3,6898	-3,3511
-3,9519	-0,3365
-5,7869	-0,5331
-4,0174	-2,7613
-6,5733	0,5155
-3,8208	-1,1229
-5,3937	2,4816
-2,2479	2,2194
-2,8378	-1,5816
-2,2479	2,3505
-2,3790	-0,4020
-0,1508	-1,0573
-0,3474	2,5472
-0,7406	0,6466
-1,0682	0,4500
-0,4129	0,6466
0,2425	-1,0573
-1,2649	0,5811
-1,7891	1,7607
-1,1993	0,9087
0,9634	1,7607
-3,6242	2,8748
-0,4129	1,8918
-0,1508	0,1878
-2,3134	-0,0088
-0,6095	0,3844
-0,0853	-1,1884
-0,7406	-1,3195
-1,8547	0,4499
-0,4129	0,4499
-1,0682	-2,0404
1,5532	-2,3026
-1,6581	-1,0574
0,5047	1,6296
1,1600	-1,1229
1,1600	-1,3195
-3,0343	0,4500
1,8809	0,0568
-0,6750	-0,4020
1,4877	1,6952
-1,3304	0,4500
0,3736	1,1709
0,5702	-0,6641
-0,7405	-0,2709
0,5702	0,5810
2,0775	-1,3195
2,6018	-1,1884
1,0289	1,4330
2,0120	-0,0088
0,9634	-2,6302
2,2086	-0,0088
0,1114	-1,3850
3,2571	0,1223
-1,0027	-0,9919
2,9295	-1,4506
0,7668	2,2849
2,6673	-1,1884
0,5046	-2,6957
-0,1507	0,2534
1,8153	-1,3195
0,1114	1,8917
1,3566	-0,3365
-1,1993	-2,4336
0,2425	1,6296
-2,1824	0,3844
0,0459	-2,8924
-1,0683	1,3019
-0,2163	-0,1399
-0,4784	-1,2540
0,5702	-2,4336
-1,5270	-0,7297
1,8154	1,3019
-0,3473	-1,3195
1,4222	-3,0234
0,5046	1,5641
-0,4129	0,3189
0,7013	0,1223
1,1599	-1,3850
0,0459	-0,4020
0,5046	0,1223
2,7328	0,5155
-1,3960	1,1054
1,0289	2,4161
-2,7067	4,1855
0,1770	0,7121
-0,1507	1,6297
0,5046	1,3020
-0,5439	4,5132
1,4877	0,7777
0,5046	0,4500
3,5848	1,9573
1,2256	0,9087
0,1114	-0,3364
4,3058	-0,7952
0,3080	-2,0404
1,8809	0,7121
1,1600	0,5155
2,3397	-1,9093
2,2086	0,7121
0,6357	0,5155
1,3566	-4,8584
2,3396	-1,2540
-0,6750	-0,9919
1,2911	0,9742
-0,9371	-1,3195
1,9464	-2,2370
-0,2163	1,1708
1,0944	0,6465
-0,6750	-3,2200
0,3735	1,0398
-0,8716	1,6296
-0,9372	0,9087
-0,8716	1,3675
-2,0513	-0,7297
-3,0999	0,9743
-4,6728	1,6952
-2,2479	1,6952
-3,6242	1,1709
-2,9033	0,4499
-4,0174	-1,2539
-3,7553	-0,4020
-3,6242	-1,1229
-3,5587	0,6466
-2,5101	-3,5477
-4,6073	-2,6957
-4,7383	0,3189
-1,7236	-0,8608
-0,5440	-3,2856
-2,6412	-1,1229
-0,6095	-1,2540
-2,7722	-0,6642
0,7667	-2,1715
-3,0999	-3,6133
-1,5925	-1,1885
-1,9857	-4,2687
0,9634	-3,8099
-1,1338	0,8431
-0,9372	-1,7783
0,5702	-2,4336
0,3080	-2,3681
0,1114	-1,8438
1,4877	2,0883
1,2911	-3,2856
3,4537	-2,8268
2,0120	0,7776
-0,0852	0,3189
2,6018	-1,1884
2,1431	-1,5816
2,2086	0,9087
-0,8061	0,1878
1,0945	-2,1714
1,5532	-1,3195
-0,2818	2,0883
-1,1337	0,2533
1,1600	-1,7782
-1,6581	0,7121
-0,5440	-0,1399
-1,0027	0,5155
1,0944	-1,2540
0,9633	-2,4991
-1,4615	0,7776
1,9464	-0,0743
-0,2819	-0,0088
-0,6095	1,5641
-2,5100	-0,0743
0,1769	2,2850
-0,2163	1,0398
0,5702	-1,1229
-1,9202	0,7121
1,6843	0,6466
0,9634	-2,2370
1,8153	0,3189
-0,0196	1,7607
1,8809	-0,5330
1,7499	0,9743
3,2571	-1,3850
2,6018	-0,1398
3,1261	0,1878
3,8470	-2,3681
1,2911	1,0398
1,4222	-1,5817
-1,7891	-1,5161
-0,3473	-0,5331
-1,7891	-2,0404
0,8323	-0,4020
-0,8716	-0,7297
0,2425	-1,3195
-1,0683	-0,5331
-0,4785	-2,1715
-2,2479	-1,6472
-1,5271	-2,4336
-1,0027	-3,2201
-3,3620	-1,7783
-2,2479	-2,4336
-2,3790	-1,3850
-0,8717	0,5810
-4,3450	0,3844
-0,9372	0,2534
-1,1994	2,3505
-2,1824	-0,0088
-4,0173	0,7121
-0,9372	0,3844
-2,0513	-0,3365
-1,4615	0,6466
-1,1993	0,8432
-1,9202	-0,2709
-1,1338	2,4161
-0,0197	-0,7297
2,0775	-1,5816
-1,2649	-0,2054
2,5362	-0,6641
-2,5100	2,5471
0,4391	0,4500
-0,2163	-0,2054
1,4221	3,2680
1,6187	1,8262
2,0119	-0,8607
-1,3303	2,6127
0,1114	2,0884
-0,8716	2,8748
1,0944	2,0229
1,2911	-0,4019
-0,4129	3,7268
2,6673	3,0059
1,0289	1,4986
2,4052	3,0059