1,4150	1,5038
-1,2065	-0,6590
2,3979	-3,6080
-0,4201	4,5184
0,6940	-1,9041
0,4319	0,8485
0,8250	3,6009
0,6940	-4,2633
-1,2066	1,9626
1,4805	1,1106
-1,4032	-2,4938
-1,9274	5,8947
-2,9760	-1,6419
-0,1579	1,1762
-3,2381	6,2224
-1,2720	-2,0351
-4,6799	3,0112
-0,0269	4,3218
-3,5658	-0,5933
-0,2235	6,6156
-2,0585	-0,2657
0,9561	-0,2656
-1,2065	7,4020
-0,0269	-4,3944
-0,2235	1,1762
-1,9274	2,8800
-0,7478	-4,9187
-4,4178	5,5015
-1,5997	-1,9041
-5,1387	-3,4113
-1,1410	5,1082
-5,3353	-2,1007
-0,6167	0,7830
-5,0076	5,2393
-0,5512	-4,3289
-3,2382	3,9287
-0,4202	1,1105
-0,8134	-0,5933
-1,0100	4,9772
-1,6653	-1,4453
-2,1241	1,3073
-2,1240	6,6156
-1,0099	-3,5424
-1,7963	5,1083
-4,1556	3,1421
-2,0585	-1,1176
-3,7624	8,7783
0,9562	0,5207
-1,9929	0,9796
0,3664	7,4020
-0,5511	-2,4939
2,8567	0,9796
1,6771	3,1422
2,0047	-1,3798
1,8737	4,9772
2,3979	-3,2148
2,2669	-1,7074
1,4149	5,3048
1,2183	-4,7877
-2,1240	0,2587
0,4319	3,0766
-1,5342	-2,4939
-0,2890	4,5185
-2,6483	0,8484
0,1042	0,1932
-2,1896	7,0743
1,8736	-1,9696
0,2352	2,1593
1,2183	6,7466
0,6285	-3,8046
0,5629	4,4530
1,5460	2,1591
0,5629	-1,8384
1,0873	6,4845
-2,1895	-1,8386
2,2014	-1,5108
-1,4031	6,4190
0,0387	-3,3459
-0,8132	3,6665
3,1189	2,6178
0,7596	-4,9187
2,7257	4,8461
0,8252	-3,0838
4,9539	-1,3798
3,8398	3,9285
5,8058	-5,5086
2,2014	-0,9210
2,9878	1,2415
5,8059	-7,7367
1,6771	2,3558
2,3980	-3,9358
-0,9443	-3,7390
3,1189	2,4867
0,1698	-5,2465
4,9539	-1,1176
-0,3545	1,3726
2,0048	-6,5571
2,2669	1,4382
4,1019	-3,2149
0,6285	-5,5741
2,4635	2,1591
2,3980	-6,7538
1,1527	-3,4114
-0,7478	0,2585
0,0386	-8,1956
-2,8449	-1,2488
-4,5489	-5,1155
-4,6144	-9,0475
-7,8257	-1,0522
-5,4664	-8,1301
-8,9398	-6,0984
-3,6314	-0,9212
-9,0709	-10,7515
-6,5806	-2,5595
-7,3670	-2,3630
-4,3524	-8,1300
-8,2190	1,5693
-6,9083	-3,7392
-6,9083	-3,4769
-5,9908	3,0111
-8,2190	-4,1978
-10,0540	1,8315
-6,5806	3,0111
-11,1026	-3,4769
-7,8913	7,2055
-11,5613	3,7976
-7,6291	3,5355
-9,2020	10,8100
-5,0077	5,8948
-7,3670	10,4824
-2,7795	14,2179
-5,4664	7,5333
-3,0416	17,1016
-1,5998	14,2835
-1,4688	14,9390
-0,7478	21,3614
0,1041	14,8079
2,2014	18,5435
-0,8788	25,9490
1,0873	17,3639
0,3664	28,8327
4,7573	27,3253
2,2670	22,6068
6,5924	31,4542
5,2817	25,6214
10,0658	27,6532
9,8037	32,1095
12,5562	24,7040
13,0150	31,2576
14,6533	28,4395
14,9156	18,3470
15,2432	29,4225
16,7506	21,0338
14,6534	16,2498
15,5710	21,5581
13,2116	10,4169
14,5224	10,5480
11,7043	7,2710
14,0636	-2,4283
10,4591	1,6348
11,9009	-10,0963
8,7551	-17,3052
8,6896	-18,6816
6,9856	-35,0002
6,2646	-38,5392
4,1675	-47,2558
3,4465	-64,8194
-0,0269	-66,1303
-2,7795	-82,4490
-6,5805	-93,7213
-10,6438	-98,3746
-12,0201	-121,6401
-18,2461	-129,3734
-16,8699	-137,6968
-26,3071	-158,4718
-24,2755	-163,4528
-31,2879	-177,7399
-29,9773	-196,3522
-34,8926	-200,2847
-35,4170	-224,1400
-42,8225	-237,6405
-45,1819	-243,9978
-48,1311	-268,1807
-52,5221	-271,5887
-55,4712	-285,7449
-61,5006	-301,6702
-62,1559	-304,2263
-66,8091	-321,5935
-69,1684	-330,9652
-74,7390	-333,6525
-70,4792	-351,2818
-78,3435	-356,1315
-74,3458	-363,3407
-79,0645	-375,5960
-76,0499	-374,2199
-78,5402	-386,9995
-79,7199	-393,4220
-79,7199	-391,1284
-80,1787	-401,6142
-81,2927	-401,4176
-80,8340	-400,1726
-79,8510	-407,0537
-82,8656	-398,0098
-79,0645	-402,4008
-80,4407	-400,8933
-75,1323	-389,6212
-76,6396	-393,9465
-68,7753	-385,0334
-71,0690	-374,7443
-64,4498	-378,4141
-66,2193	-361,8989
-60,1899	-358,7532
-60,4520	-351,6095
-55,5369	-333,5871
-56,5853	-330,8999
-53,3741	-320,9382
-52,7186	-303,7677
-51,6701	-298,0003
-49,9661	-279,9777
-51,0147	-267,4602
-45,4440	-259,1368
-48,4587	-232,1359
-42,9536	-227,4171
-46,6892	-213,6542
-40,4632	-192,8137
-41,5773	-188,8156
-35,6136	-165,9433
-37,6451	-153,8846
-32,7955	-149,4934
-31,8124	-124,5240
-32,2056	-119,4121
-29,5185	-108,2706
-27,6836	-85,2674
-28,6010	-83,5633
-28,8631	-68,4897
-24,7999	-52,4333
-27,4868	-50,4670
-21,4575	-32,7066
-22,5060	-25,9563
-18,7705	-23,4002
-18,3772	-7,3439
-14,3795	-8,6545
-13,1343	0,5863
-10,4473	9,4336
-10,1852	3,3389
-7,7604	13,4971
-7,1049	15,8564
-5,4666	13,8904
-6,2529	24,9660
-6,6461	19,7231
-4,4834	23,8520
-4,1557	31,3886
-1,6653	22,3447
-1,7963	30,2746
2,0703	32,2406
-1,1410	25,1628
4,6918	34,4688
3,5121	26,1457
7,4443	26,0803
7,2477	32,1751
8,7550	21,8859
8,9517	26,1458
10,4590	28,7671
10,9833	17,3639
10,7867	23,7209
11,2455	18,1502
9,8692	15,9221
11,0489	20,7061
7,1823	10,6135
11,1800	12,8418
9,4105	16,1840
11,1800	5,8294
9,6727	13,1694
13,4737	6,0914
11,0489	2,0282
11,5732	10,1546
12,5562	-0,5278
12,6872	0,3243
10,1969	5,3049
11,2454	-4,8532
10,1969	-0,0035
6,3302	-0,9867
7,0512	-5,9018
3,3811	1,8969
6,9201	-8,4578
2,3325	-5,4430
5,4127	0,1274
1,4805	-9,1131
5,0195	-3,3459
2,2669	-2,6252
3,8398	-9,7029
2,8568	-0,1347
4,6917	-8,5889
1,3494	-8,2611
3,3154	-0,9212
3,5121	-9,3097
-0,4857	-4,3944
-0,1579	-0,3314
-2,7794	-10,6204
-2,1240	-0,0036
-5,9251	-3,7392
-3,3692	-6,5571
-7,3014	2,3557
-5,5320	-4,0013
-7,9568	0,6518
-4,2213	1,8969
-5,9907	-4,6566
-5,5976	2,9456
-4,4179	-1,5110
-4,3524	-4,9187
-5,7286	5,3048
-6,7116	-4,9188
-4,2212	-2,4283
-5,0077	4,2563
-4,7455	-2,7560
-6,9737	2,4869
-3,1071	0,6518
-6,1873	-2,4939
-2,5172	5,4359
-3,7624	-0,3313
1,2838	0,1931
-2,5828	3,7975
1,7426	-3,6080
0,6940	4,0598
2,0702	4,9771
-0,0924	-4,4599
1,3494	4,7151
2,6601	1,1105
-0,4857	-1,2486
-1,2720	4,9116
-1,4687	-2,2318
1,2839	1,7005
-2,6483	5,3704
-0,0268	-3,0837
-0,4201	4,7806
1,0873	0,3897
-1,4031	-0,5933
1,8081	5,8947
1,1528	-1,6419
2,9222	1,7005
2,3324	5,5014
0,3663	-4,7876
3,3155	2,0281
1,8736	0,0620
0,2353	-4,1978
-0,5512	3,2732
1,2839	-5,1809
-2,1240	-0,5933
-1,2720	3,9941
-4,8110	-5,3120
-0,4201	0,3897
-3,3692	2,6833
0,7596	-3,3458
-0,9444	3,2732
-0,1579	-1,0522
-0,2235	0,3897
2,2668	5,1738
0,6940	-3,3459
0,6940	1,5694
-0,9443	2,6834
1,0872	-4,5255
-1,1410	2,8801
-2,1240	-1,7075
-0,2234	-2,1006
-3,2381	5,8947
-0,6822	-3,4114
-1,1410	-0,1346
1,1528	4,7150
-1,9274	-4,2634
1,0217	3,2077
-0,0924	-1,0522
3,9708	-3,8046
3,2500	3,9941
4,4296	-6,2295
4,8228	-1,9040
1,9392	2,8800
2,9223	-7,6057
0,8907	-0,3312
4,1020	-1,5110
0,0387	-4,5910
3,7743	4,4528
-0,6822	-5,9674
4,6918	-3,6735
1,6771	3,6008
3,3810	-3,6736
0,4975	0,1275
4,5607	-0,2003
3,1844	-5,1808
3,1188	4,1252
2,4635	-4,1324
1,4804	-2,4938
1,4150	2,8144
-1,0755	-5,1154
-0,8788	0,5863
-3,0415	2,2245
-0,0269	-5,8362
-5,3353	3,3388
-3,4347	-2,4940
-4,1556	-4,8531
0,1042	5,5670
-3,1726	-2,0352
0,1697	-0,4622
-1,0099	2,1591
-0,4857	-3,0182
-1,6653	4,4529
-0,0269	-1,2487
-2,6484	-3,5424
-3,6314	5,8947
-2,1896	-5,4430
-2,8450	-1,5763
-3,6314	2,4868
-6,0562	-4,2634
-1,8619	3,0111
-7,3014	-0,2658
-2,9760	-2,8871
-4,2212	4,1252
-1,0099	-2,8872
-3,1071	-1,9040
0,2352	1,4382
-0,9444	-5,4430
2,7911	0,8485
-1,0755	-0,4624
-0,2891	-6,4260
1,4149	1,8314
-1,4032	-4,1324
-0,8133	-3,0181
-3,1071	3,0766
-1,5997	-4,5911
-2,8449	-1,1831
-1,4032	3,8630
-7,4324	-5,1153
0,7596	5,3049
-2,0585	-1,7731
1,6115	-1,4452
-1,7963	6,2879
2,7912	-3,0837
2,8567	2,3559
4,4296	5,3048
4,1019	-3,5424
3,2500	3,9287
4,0364	2,4213
2,0703	-0,5277
4,1675	6,2224
1,0873	-0,5279
4,4952	1,0451
-1,4686	6,0257
3,2500	-2,8216
-0,2890	2,4213
4,1675	0,9794
3,0533	-4,1978
3,6432	5,4359
1,1528	-3,8047
3,7742	-1,1831
1,7426	3,8630
3,1844	-6,8848
0,9562	1,3728
-0,1579	-0,2002
-2,0585	-4,3288
-2,9760	4,7150
-2,5172	-2,2318
-6,8426	-3,4769
-2,7138	6,0913
-4,1557	-4,1979
-1,7308	2,9456
-5,2042	3,9940
-1,7309	-3,7390
-4,2212	1,3072
-0,4202	-1,5764
-1,9930	-1,2487
-0,0270	4,9116
-0,9444	-5,9673
-1,9275	-1,5763
-2,8449	2,8144
-2,3862	-4,7221
-2,0585	3,0767
-4,0901	-0,2002
-0,9444	-3,1492
-6,3183	4,9772
-0,4201	-1,8386
-3,3693	0,0621
-1,4687	7,4020
-4,5489	-0,2002
0,5629	3,5354
-2,5828	-0,1347
-0,3546	-4,0667
-1,9930	4,2563
-3,0416	-2,8871
-2,1240	-4,1978
-3,5004	3,2077
-1,8619	-4,8532
-5,2043	-0,3312
-2,9105	1,1105
-4,3523	-3,4769
-1,3376	4,3873
-4,3523	-1,7075
0,0387	-3,0181
-4,8765	5,6980
1,0872	-2,1663
0,4319	3,2078
2,2668	2,6833
1,0217	-5,0498
0,4318	3,9286
0,1698	-2,2318
1,4149	-4,7220
-0,9444	6,0257
-3,3692	-3,6736
-1,4686	-0,6588
-2,5828	2,6834
-1,4031	-3,3459
-3,7624	3,7976
-1,4687	-0,2657
-3,1726	-3,7390
-1,3376	5,6980
-2,0585	-3,8047
1,9392	-1,0520
-1,3376	3,0111
2,6601	-4,1323
1,3494	1,8971
1,4149	2,1591
1,4805	-4,4599
0,4319	4,0597
0,3009	-3,1493
-1,5342	-3,0836
0,3009	3,6009
-2,7793	-3,5425
-0,7477	2,0281
-2,1895	3,7319
1,2183	-4,9187
-3,1071	2,7490
1,6115	-2,3629
-1,3376	-3,3458
0,8251	3,9286
0,1697	-6,5571
-0,9444	-1,3797
0,1697	4,7805
-0,6823	-6,2294
-0,6822	2,0281
-2,5173	-0,4623
-1,5997	-2,8870
-1,7308	5,1082
0,6285	-3,0837
-3,3692	1,5694
0,8907	6,8121
-1,0754	-3,4114
2,6601	3,2078
1,6771	0,5862
2,7911	-2,1661
1,7426	4,1252
1,0872	-2,9527
0,9562	0,3897
0,5629	5,1737
-0,6167	-6,6226
0,1041	-1,3797
0,6285	2,6833
-1,5342	-2,5594
-0,0269	3,2077
-4,4178	-2,3629
0,4974	-0,3967
-2,7794	4,7805
1,4805	-4,3945
-1,9929	1,6349
3,5121	1,2415
-0,4201	-5,1153
2,2013	4,3874
2,5290	-2,4284
2,2013	-2,8870
1,6116	7,7952
-0,2235	-1,0521
2,0048	2,4869
0,1697	3,5354
0,1698	-3,1492
-3,2381	6,9433
-0,7477	1,9625
-3,8935	-0,7243
-0,7477	8,5161
-1,7308	-0,1346
0,9561	3,7976
-2,1896	8,3195
0,6285	-0,6589
-1,1410	4,7152
1,6770	3,0111
2,9878	-0,7243
0,8250	8,5162
-0,2890	-0,7899
0,8906	2,0937
0,4974	6,4190
-2,5172	-0,6589
-1,1409	4,8462
-3,3692	2,7489
0,7596	-1,8385
-2,1240	6,4190
1,2838	-0,5934
-2,1240	0,9140
1,2183	7,4019
-0,1579	-2,4939
1,6770	1,5039
1,4149	3,1421
1,2182	-5,8362
-0,6822	3,0767
0,4318	-2,0352
1,3494	-5,2464
-0,7478	2,2246
-1,5342	-3,3459
-3,8935	-1,5108
0,9562	4,1251
-2,7139	-5,4431
1,0217	1,8970
-2,9760	-0,3969
2,4635	-4,5255
-2,6483	5,8946
0,5629	-3,8702
0,4974	-2,4283
1,3493	3,3387
-1,4031	-5,3119
0,4318	1,6349
0,8251	0,1930
-1,1410	-6,4915
0,1698	1,4382
-1,6653	-3,6081
-1,0099	-2,9526
-3,6969	2,4867
-0,3545	-6,3606
-3,5658	0,8484
0,6940	1,0449
-2,7138	-5,4430
1,2838	1,9625
-1,0755	-3,3460
-0,4857	-5,1809
-1,1410	1,5037
0,3007	-8,0645
-2,3862	-0,2001
-2,0586	1,6348
-0,7478	-5,5741
-2,9761	3,1422
-3,3692	-0,0036
-3,5658	-3,0837
-3,4347	5,4359
-3,1071	-4,0012
0,3008	1,9626
-1,0099	6,0912
0,8906	-2,8871
-0,5511	3,0767
3,8397	-0,8556
1,5460	-3,1492
3,1188	4,9772
1,1528	-5,4430
3,2499	-1,2486
3,1189	4,1252
-0,2235	-4,1323
2,0048	1,0451
-0,2235	-0,1347
0,8252	-3,2803
-2,4517	5,4359
1,1528	-2,1007
-2,5828	-2,1662
-0,5511	4,8461
-2,4517	-3,5425
1,7426	1,1761
-0,4201	2,1590
2,5946	-5,5085
0,9562	2,0936
1,0872	-5,2465
0,0387	-4,3944
0,0387	3,9941
1,0873	-6,0984
-1,2065	-3,4113
0,2353	4,1907
-0,9444	-4,7221
-0,0924	2,5524
-2,4517	-0,7901
2,3980	-5,0498
-1,9929	4,6495
2,1358	-1,3143
0,5630	-0,7899
2,6601	4,1907
1,2183	-4,5255
2,7911	3,2078
0,6940	3,0766
1,0217	-3,4769
-0,0924	6,8122
-0,8133	0,1931
1,4805	2,7491
-2,3862	7,7952
-1,9274	-1,3797
-4,2211	6,8123
0,8251	3,1422
-2,5828	-0,6588
0,1042	6,9433
-0,8788	1,3072
2,0702	-0,1345
-1,0754	5,6981
2,2013	-0,4623
1,6771	2,1593
1,1527	5,2393
0,3009	-3,4114
0,8251	4,4529
0,8907	-2,1007
0,2353	-2,8871
-0,8788	3,1421
-2,9104	-3,6736
-0,4201	-1,1831
-3,1071	2,3557
-1,0755	-6,4260
-5,0076	3,7320
-0,5512	-0,5279
-3,6969	-1,0521
-0,8134	5,4359
-3,1727	-3,8047
-4,2212	0,5208
-2,1896	5,0427
-2,7795	-6,2950
-2,7139	3,0767
-2,1896	1,8314
-1,7964	-4,6565
-7,3669	4,5184
-2,5172	-3,1493
-5,4664	-2,1006
-3,9590	3,5353
-5,8595	-6,0984
0,8906	1,7004
-3,2382	1,3726
0,3663	-3,9357
-1,1410	2,6834
-0,0925	-2,4940
-1,0754	-2,1662
0,7595	5,2393
-0,0924	-5,3120
-1,2721	2,0937
1,4805	1,3071
-1,4032	-5,9017
-0,1579	3,6665
-3,6313	-2,0352
-0,2234	-1,3797
-3,3037	6,3534
0,5629	-5,3120
-4,0901	-0,0690
0,9561	4,4528
-3,3692	-3,8702
0,4974	2,2903
-0,4857	-1,5765
-0,5512	-4,5254
-0,2235	3,2732
0,6940	-5,5086
-1,1410	-2,9526
-1,4031	3,8630
0,4319	-4,7221
0,1042	2,2247
0,8251	-2,0352
-2,5827	-4,0012
2,2014	4,7805
-1,0099	-3,9358
3,1189	-1,9696
0,1042	3,9286
2,3324	-2,4939
0,4319	1,0451
3,3154	1,7003
0,0387	-3,2803
4,4295	3,4044
2,3979	-0,7244
1,0872	-2,6249
0,3009	7,0088
0,4974	-3,9357
2,1359	3,1423
-2,7138	5,7636
0,1698	-2,6905
-2,7138	6,2224
1,0217	1,8314
-1,8619	-1,2486
2,7256	5,9602
-0,2890	-0,7244
1,9392	2,7491
-0,2890	4,3218
0,7595	-4,2633
0,4319	5,4360
-0,8134	1,3727
-0,5512	-1,6418
-1,0100	5,6326
-2,4517	-0,7899
-3,5003	1,5039
-2,3862	6,8777
-6,2528	-0,9866
-1,8619	5,5671
-5,5975	3,1421
-1,6653	-3,8701
-3,2382	7,0088
-0,1580	-0,4623
-2,7139	-3,3458
-0,3546	4,3874
-0,5512	-3,9357
0,9561	2,1592
-0,6167	3,6009
-0,8133	-3,1492
-0,8133	4,1252
-1,1410	-1,8385
-0,8788	-0,3311
-4,2212	5,7636
1,1528	-2,6250
-1,8619	1,3073
0,2353	1,8314
-1,7308	-5,2464
3,9708	4,6495
0,7596	-2,6906
2,3980	-6,5571
3,1189	2,8144
4,1674	-7,4092
3,7087	-4,6566
0,8250	-1,3144
0,8251	-8,1956
-0,1580	-0,0691
-0,7478	-2,2319
-2,7794	-5,3775
-1,7963	2,2246
-5,1387	-4,3945
-0,7478	0,9140
-4,4178	5,4359
0,6285	-4,8532
-1,8619	3,1422
-0,2890	2,2246
1,4149	-2,1662
3,7086	4,0597
1,7426	-2,6905
3,5776	-2,1006
0,8907	3,0766
2,7256	-4,3944
1,0873	1,2416
0,4319	0,9794
1,7427	-5,8362
-1,3375	3,9286
1,4805	-1,8386
-1,7963	-1,4453
3,1845	6,8121
-1,0754	-3,5425
2,7257	2,2903
2,5946	4,8461
3,3809	-2,6249
-0,3545	5,9603
2,9222	-0,9866
1,2839	-0,0690
0,8906	7,1399
0,1042	0,3242
-2,6483	3,5355
0,4319	5,7636
-2,8449	-3,5424
1,6116	4,3874
-1,8618	2,0280
1,8082	-1,9040
0,2353	5,8947
3,1189	-2,7561
-0,4856	-1,4453
3,0533	4,3873
1,0217	-4,3944
1,3494	2,2903
1,7426	-0,0036
2,7911	-6,2294
0,8907	4,9117
1,4149	-3,4114
0,7596	-2,6904
-0,8788	4,8461
1,4150	-4,9187
-3,8279	1,8315
1,5460	2,2901
-2,3861	-5,5741
-0,4856	4,0597
-3,2381	-1,5110
2,6601	-3,9357
-1,8619	3,6664
2,2013	-6,0329
0,6940	-2,1662
0,6940	0,5862
1,4805	-7,5402
-2,4517	-1,1832
0,4975	-5,8363
-0,0925	-6,0983
-1,1410	4,3217
-3,9590	-5,7708
-1,4031	-2,6250
-4,3522	2,2901
-0,6822	-7,2781
-3,9590	2,2247
1,0217	-1,3799
-3,5658	-5,3119
0,1697	2,6834
-0,4201	-5,7707
1,3493	-1,8385
0,3663	1,6348
-0,1580	-5,7707
-1,2065	1,5038
-1,9274	0,9139
-1,0099	-5,0498
-3,4348	3,2732
-1,5342	-2,1663
-4,3523	-0,5933
-2,5828	3,4698
-4,8765	-4,7221
1,2183	2,7490
-3,3037	2,6178
1,0217	-4,5910
-1,2721	5,3704
3,2499	-0,6590
1,0872	-5,0497
1,2183	3,9941
1,8737	-5,2464
1,6770	-2,4938
-0,4856	2,4868
1,5460	-7,0159
0,1698	1,4382
-2,7138	-2,6906
1,2184	-2,8215
-1,9929	4,1251
-0,2234	-4,3290
-1,7308	-0,9210
2,3324	1,1760
-0,4856	-8,3922
3,0533	0,7173
1,6115	-0,7245
2,4634	-6,9503
0,0387	2,1591
2,2668	-4,4601
1,4149	-3,1492
-0,4201	3,0766
0,5630	-6,0328
-1,4687	0,9795
1,8737	0,1930
-1,5997	-1,9040
-0,2890	5,3049
-1,2720	-2,2973
0,6285	-0,0690
-1,7308	5,5670
3,8398	-4,5255
1,1528	3,4699
4,0364	5,4359
4,4296	-4,6565
5,2160	2,8146
2,8568	-1,5109
4,8883	-2,2317
2,2014	3,8631
-0,4201	-3,6080
0,2353	0,8485
-1,2065	2,8144
2,3980	-2,6905
-1,8618	3,4043
1,0873	-1,5109
-0,2890	-1,9695
5,9369	6,3534
0,6285	-0,4623
4,2330	-0,5278
2,9878	3,3387
4,3640	-5,9673
4,3641	1,6349
4,2329	-0,9866
3,2500	-2,6905
2,6601	2,7489
2,4635	-4,2634
1,2183	-2,5594
2,9223	3,9285
-1,8618	-5,6396
1,6771	0,7174
-0,6166	1,5037
2,5946	-5,5741
-1,1409	5,6325
4,0364	-2,2318
0,5630	-2,8871
4,1019	3,3387
2,4635	-5,6396
1,4149	0,3242
0,8251	1,7659
2,2013	-6,6226
0,4974	3,8631
1,1528	-2,2973
0,6285	-2,1006
-2,2551	3,0766
1,2839	-2,6905
-2,3206	2,6180
-0,2235	5,0426
-2,9104	-3,8046
3,6431	2,9456
-2,7138	2,4212
1,8737	-2,2972
0,7596	4,4529
3,1188	-0,9866
0,1042	2,1592
3,5776	4,8461
2,5290	-5,1153
0,1697	1,4383
0,5630	0,5862
-0,6167	-4,3288
-0,5511	3,6009
-3,1726	-2,1007
-0,2890	-0,5277
-2,2551	3,9286
-0,0924	-3,8702
-2,6483	2,6179
-0,0269	3,1421
-1,3376	-4,0667
2,2013	5,5015
-0,4856	-2,1663
1,2183	-2,4938
-0,0269	5,6325
1,5459	-2,9526
-0,2890	2,4214
-0,2890	3,6665
-0,0268	-2,9526
-2,1240	4,8462
0,8907	0,0620
-2,5172	-1,7729
0,9562	6,8122
-1,9274	-2,2973
3,2500	0,8485
-1,6652	6,8121
2,9878	-5,1153
3,5121	1,4383
4,7572	0,9139
3,1844	-2,6249
3,5121	3,2732
1,2839	-3,1493
2,0048	-0,0690
3,9709	2,8800
2,0703	-5,1153
4,0364	0,4552
-0,7477	-0,7901
1,6116	-3,8701
-0,2234	1,5693
4,1019	-5,1154
1,2184	-2,3628