0,6243	-0,0192
-4,5530	5,2891
-1,7350	4,1750
-1,2763	-3,2960
-0,8175	6,7310
-1,5384	4,8959
0,8209	2,0779
-0,6864	0,7672
0,8209	0,1774
0,6898	5,1581
1,8039	2,1434
1,7384	-3,8858
2,2627	4,1751
1,1486	0,7671
2,0661	-3,4271
1,2797	0,9638
-1,4073	1,4225
-0,0966	2,0123
-2,7180	0,9638
1,2142	-1,1989
-1,6039	4,1095
-2,1282	1,9468
-1,6039	-0,8057
3,4423	0,0463
1,6073	-0,5436
1,7384	1,6847
1,6729	-0,7401
4,4253	-2,6406
1,2141	3,8474
2,7214	2,9953
1,9350	-2,7062
1,0830	1,3570
0,4933	1,6191
-1,1451	2,0779
-0,0965	1,1604
-2,8491	1,6192
1,8040	3,9784
-1,2762	1,8813
1,7384	-1,3955
0,4932	3,9785
2,5904	0,2428
1,3452	-1,2644
3,9011	0,9638
1,8040	-0,6091
2,1972	-1,1334
3,1147	-2,5752
3,5079	-3,2305
3,9011	1,8157
-1,4728	0,1117
2,3939	-3,4271
2,1316	-1,0023
1,4108	0,5050
-1,5383	1,0293
2,0006	-0,5436
0,9520	-1,5266
1,7384	4,4372
0,5588	0,0462
4,6220	-4,3446
1,2141	2,4056
1,7384	1,3570
1,4107	-2,0509
0,9519	-2,3785
0,9520	-1,5921
-2,2593	1,7502
-0,5553	-1,4611
-3,6356	-4,5412
-2,4559	3,1920
-2,8491	1,0292
-2,0627	-1,1334
-4,1598	-0,4781
-0,1622	-1,0679
-2,0627	0,2429
-1,1452	-1,1334
-0,6209	-6,1141
2,1315	1,7502
-3,5700	0,9637
-0,4243	-3,3616
-0,2277	-4,1480
-2,4559	-1,0678
-1,0141	2,3400
-1,6695	-1,2645
0,5588	-5,3932
-2,5214	2,7332
1,0831	1,5535
-0,4242	-3,4271
2,7870	1,4225
1,2797	0,8326
2,1972	-0,0848
3,1802	-2,3130
5,4740	-4,7378
4,4909	2,6021
4,5565	0,8982
3,5079	-5,8520
7,8333	-0,3470
2,9181	0,3084
3,0492	-2,8373
5,2119	-3,5582
1,6074	-2,1165
2,2628	1,2914
1,4108	-3,1651
4,6221	-5,7209
1,5418	-0,6747
2,9181	-0,7403
1,6729	-4,1481
4,1632	-3,8859
1,4763	-4,6724
2,6559	-2,2475
2,2627	-4,3447
3,1146	-5,1966
0,6243	0,2428
-2,1938	-1,2645
-0,8175	-4,2136
-3,1768	-1,5921
-3,7666	-1,2645
-5,1429	-0,2159
-2,7180	-2,5097
-4,3565	-4,9345
-4,1598	2,6021
-5,3395	0,5049
-0,0966	-5,3932
-2,8491	1,0293
0,6898	1,6846
-2,1938	0,3740
-0,2933	3,1265
-0,7520	1,6847
-1,1452	6,7965
-2,9147	4,0440
-2,4559	2,6023
-3,0458	8,8938
-5,9949	9,8768
-2,6525	7,5831
-3,9633	11,7774
-0,8830	11,8429
-1,4073	15,2508
-0,2932	14,8575
0,1656	10,0080
4,7530	20,3627
2,3283	19,1174
5,0808	13,0882
5,6051	15,5786
6,1949	19,3142
6,2605	21,8701
8,1610	20,7560
9,2096	19,1176
7,5712	26,8509
8,6854	25,9988
7,8334	18,8555
8,8165	24,0984
8,5544	24,6226
13,5351	25,3435
9,7995	22,1978
15,6978	17,0205
13,1419	24,7537
15,0424	21,0835
14,7803	10,4668
15,3045	13,4814
12,8797	12,4328
14,2560	9,3525
13,1419	3,3232
9,9961	0,2430
8,6854	-0,6746
4,9498	-5,0001
4,0323	-13,6508
3,0492	-13,2578
3,1803	-19,8770
-1,8660	-29,4453
0,9520	-35,8024
-2,7181	-44,5188
-3,3079	-50,3517
-4,2254	-58,9370
-2,9804	-73,6172
-8,9441	-75,0591
-8,9441	-85,8728
-12,1554	-101,2738
-15,6944	-109,8592
-19,0367	-120,3452
-22,6413	-128,6028
-24,4763	-139,8097
-28,7362	-154,5554
-27,9498	-156,7838
-33,7825	-170,5466
-31,3577	-185,5543
-35,4866	-190,8629
-36,4041	-202,5941
-41,1882	-210,5896
-37,2562	-223,3038
-42,2369	-237,6562
-44,0720	-240,6055
-44,3997	-250,5017
-47,0867	-265,7716
-48,9217	-266,4927
-51,9364	-276,6510
-50,7567	-283,9910
-55,7375	-290,8069
-56,1962	-296,1809
-59,6041	-298,4092
-54,8200	-303,2590
-57,6381	-311,0578
-52,9195	-308,5675
-56,3274	-311,8444
-51,0189	-315,5144
-50,3636	-315,9076
-50,6257	-316,3663
-51,8053	-310,9269
-47,6110	-314,0071
-47,5454	-313,8758
-45,0551	-301,2929
-46,5623	-299,3269
-46,3657	-298,2782
-43,0889	-289,1686
-45,4482	-282,0906
-42,1713	-272,8500
-42,1713	-267,2793
-37,0595	-263,1503
-38,9601	-246,1764
-34,8968	-239,8194
-34,4380	-235,9525
-30,6369	-222,5174
-31,6199	-209,8033
-29,6538	-201,3490
-26,6391	-193,5501
-25,9183	-181,4912
-25,5250	-164,9760
-24,8041	-157,9636
-22,9690	-153,0481
-23,1656	-135,1567
-20,6752	-123,3601
-22,9034	-116,8719
-17,8571	-107,2379
-18,8402	-94,9169
-16,0221	-79,2537
-17,0051	-74,2073
-11,6967	-70,0783
-12,8108	-55,0704
-12,0899	-43,1428
-10,9758	-40,9799
-7,6335	-34,1641
-9,6650	-26,2996
-10,5825	-16,6657
-8,8130	-11,5539
-9,5995	-9,2600
-7,8300	2,2089
-12,2209	5,1580
-7,1745	4,0441
-8,2232	8,3040
-6,4536	14,0711
-7,3056	17,4135
-2,6526	17,4791
-4,1599	16,8238
-2,1938	21,8701
-2,8491	22,7876
0,0999	18,5278
-0,2932	21,8046
0,2310	24,8192
-0,0311	23,9017
1,5418	19,9696
0,4277	18,3312
-0,1621	25,2780
1,8040	23,5740
0,1656	14,5956
4,0322	20,8215
-0,3586	20,7559
6,3260	16,2994
4,6876	13,2193
6,8503	13,6780
6,4571	15,9062
7,7678	11,9084
8,5543	4,6996
9,1441	12,1051
6,9159	10,6632
10,0616	4,1096
7,1125	3,2577
6,1294	3,9130
6,9159	6,5999
2,9182	0,8327
7,3746	-3,7547
3,5080	2,0123
3,5080	0,6360
2,7871	-5,7865
7,4401	-3,8859
3,0492	-2,6408
5,8672	-3,5583
5,5396	-3,6238
7,2435	-8,1458
3,7701	-3,8859
4,7531	-6,8351
6,1294	-9,9152
4,2288	-5,0656
2,1317	-5,0657
1,9351	-7,0972
3,7701	-5,6555
0,3622	-7,6215
2,3938	-3,9515
0,2311	-4,8691
2,7215	-9,8497
2,0006	-4,4102
2,1972	-5,8521
0,0345	-6,6385
3,2457	-5,9176
-0,4898	-4,3447
1,4107	-1,3956
-1,2107	-4,2792
0,2310	-5,6554
1,3452	0,8327
-2,7836	-0,6747
-1,9316	-2,9029
-1,9972	0,2429
-0,2932	1,1604
-2,5870	1,6846
-1,0796	-1,5266
-1,4073	-1,6576
0,6899	5,7479
0,3622	2,0778
3,5079	-3,5582
0,8864	1,2259
2,7214	2,3400
0,8864	2,2089
1,6073	-1,0678
1,1486	-1,5921
-1,8006	4,8304
0,2967	0,7671
-0,0311	-5,5242
-0,2277	2,7333
-2,7836	5,5513
-0,8830	0,1774
-1,8005	-0,3469
2,0661	1,0949
-0,5553	5,2236
3,3768	0,9637
2,5249	-4,3446
4,3598	3,5197
1,8040	3,7162
3,3768	-3,0994
5,5395	-2,4441
3,4423	-0,9368
1,8040	1,6191
2,9181	-2,5752
3,3768	-5,3932
-3,7666	2,7988
0,6899	-0,4781
-1,8005	-1,5921
2,4594	0,5706
-0,2932	0,2428
3,5079	2,5366
0,4932	-2,0509
3,5079	-6,1796
1,8039	1,4225
2,6559	0,7670
1,8040	-6,7039
3,6389	-1,0023
1,4107	-0,6747
-0,1621	0,1118
1,4108	-1,5266
-1,4073	-3,8859
-0,6864	2,4055
-2,1282	0,5049
2,2627	-4,4101
-1,2762	0,7016
0,1656	0,7016
-0,1621	0,4395
3,0491	0,5706
2,2627	-1,3300
2,1971	2,2090
1,2142	0,1118
3,8356	-4,5412
2,7870	3,1920
1,5418	2,7332
3,1803	-3,1650
2,1316	-0,9367
0,8865	1,1604
-0,1621	2,7332
2,5249	-0,4125
-0,7519	-2,5096
0,1001	5,0925
0,2311	1,0948
3,3113	-2,0508
1,7384	0,3085
2,8525	1,4881
-0,0310	0,3084
3,9011	-1,7232
2,5248	-2,5751
1,6073	3,7163
0,6899	-0,9368
0,8209	-4,6723
0,8209	1,6192
-3,8322	1,4880
-2,5869	-0,3469
-2,0627	-0,7401
-0,1621	0,8983
-3,9632	2,1434
-0,9485	0,4394
0,2311	-4,9344
0,4932	2,1435
-1,1451	2,4055
3,1146	-3,8859
2,1972	-4,5412
4,2943	-1,9854
1,9351	-0,7402
2,9180	-2,6407
2,6560	-7,4903
0,2966	1,6191
0,3622	0,9637
-1,0796	-4,2791
1,5418	-2,7718
-3,1768	-0,0848
-0,8174	2,3400
-2,0627	-2,2475
0,8209	-4,7378
-1,6695	2,0123
0,4277	0,7016
0,1655	-3,8859
1,0174	-0,2814
-1,9972	0,3084
0,3621	-2,1820
-1,4729	-2,2475
-0,3588	-4,2136
-2,2593	1,6191
-2,3904	-2,3131
0,1000	-5,9175
-2,5215	-0,7402
-2,4559	1,8156
-2,3248	-0,2159
-0,0966	-1,7888
-1,6695	-4,2136
0,3621	3,3230
0,7554	1,6846
3,1146	-4,6723
1,2141	1,6191
4,1632	-0,0193
0,2966	0,5050
2,8525	-1,9853
0,6243	0,2429
-0,5553	2,9298
0,5588	0,1773
-0,3587	-2,1164
-0,6209	2,4711
-3,3078	1,6846
0,8209	-1,3955
-0,7520	-1,0678
-1,6039	-1,7888
-1,0796	-0,6091
2,3282	-2,3130
-1,0141	-3,6893
2,3282	1,9468
-1,0796	-1,3301
2,3282	-8,0146
1,6728	-2,8373
-0,7520	-3,3617
-0,9485	-1,7888
-1,2762	-4,6724
-1,2107	-5,3277
-1,8005	0,7016
0,4932	-1,5267
-2,3248	-5,3932
0,9520	0,8327
-2,3903	0,7671
3,0492	-0,9368
2,1972	0,6361
4,2943	1,6192
0,3622	1,7502
5,6706	-1,3300
3,9011	-2,3129
2,1316	3,7163
1,8040	2,7332
1,6073	-4,4757
2,1972	-1,4610
-0,7520	2,6022
-1,5383	2,2745
-0,5553	0,6360
0,9520	-3,4271
-3,3078	2,9954
1,4108	0,7015
0,0345	-4,8034
2,3282	-1,0023
1,6073	-1,1334
2,3282	-0,2159
1,5418	-1,8543
2,9180	-3,5582
1,2141	-0,7402
-0,4243	-0,7402
1,4763	-8,2768
-0,4898	0,0463
-0,4898	0,1773
-1,8661	-1,1989
-0,5553	-3,1650
-0,8175	-1,5266
-0,0311	4,0439
-3,2423	-0,6747
3,8355	-6,2452
-0,8175	2,6677
0,8864	1,4880
-0,0966	-2,2475
2,5903	-3,7548
1,3452	-2,4441
0,3621	3,1920
-0,3587	-1,9199
0,3621	-5,1310
0,0345	1,6191
-2,9802	1,5535
-1,6694	-3,5582
-1,8661	-1,8543
-1,8661	-1,6577
-2,9802	-0,6091
-0,0311	-0,9368
-2,4559	-4,7379
0,8209	-0,6747
-1,0797	-1,4612
1,1486	-8,4734
1,5418	-2,2475
1,4762	-3,4928
-1,7350	-1,9854
2,1316	-4,4758
1,0830	-7,0972
-2,3904	-3,3616
-0,4898	-2,3787
-1,5384	-8,2113
-0,8830	-1,0023
-4,6186	-0,8714
1,3452	-2,9685
-1,6039	-3,3616
2,1972	-2,4441
-0,4898	1,6191
2,3282	-0,2160
1,3452	-6,8350
2,0661	1,2259
1,0831	0,5050
1,7384	-2,6407
1,8695	-1,1989
0,8209	-0,2814
-0,2931	0,4394
0,9520	-0,5436
0,8209	-2,8373
-2,4559	1,0948
1,4108	2,4710
-0,1621	-3,6237
2,9836	-0,3469
-0,0310	0,0463
2,0006	0,9637
3,6390	-2,1164
4,7530	-5,0000
-0,0310	0,5050
3,1147	1,5535
2,1972	-3,7548
3,7700	-1,7232
-0,0966	1,4225
-1,0796	0,1773
2,3938	-0,3469
-2,5870	-1,7887
-2,7180	2,8643
-2,8491	-0,8057
1,4763	-2,1164
-1,4073	3,6507
0,9520	2,0123
-1,2107	-1,2645
2,9836	-1,7232
0,3621	-2,2475
1,4762	2,0779
-0,0311	-1,6577
0,9519	-5,5898
-0,7520	1,3570
-1,1452	1,0948
0,8209	-3,5582
-0,5554	-2,8373
0,1656	0,2429
-3,1112	0,1118
-0,6208	-3,9515
0,5588	-5,9830
2,1972	2,9953
-0,3587	0,1117
2,5904	-5,3932
2,1972	-2,1164
2,9836	-0,6747
1,6073	-0,5436
2,5248	-1,3955
1,1486	-2,5096
-0,3588	2,9299
0,9520	1,6846
0,2311	-3,4271
-1,6695	4,0440
-3,6355	2,4711
-2,3248	1,2915
-4,4875	0,3084
-0,6864	1,2259
-3,4389	3,9129
0,3621	3,3886
-2,3249	-1,2644
-0,4899	3,2576
-1,2762	3,4542
1,2796	0,3740
0,5587	0,5706
0,4276	2,2745
-1,5384	3,7163
-0,0311	1,4225
0,1655	-2,7717
-2,4559	5,2892
-3,0457	5,0925
-4,6185	0,2429
1,4107	1,4226
-2,2593	3,1265
-0,4243	5,6168
-1,7350	0,8327
3,7045	-0,7401
1,3452	5,1581
1,4763	2,9298
3,2458	-0,0847
4,5564	2,4056
1,6074	3,7163
2,0661	1,5536
2,2627	1,2915
1,4763	-1,5921
-0,0310	3,7163
-2,2592	-0,0193
-0,1621	-4,7378
-1,5384	1,2260
0,0345	0,3739
-3,1767	-1,3956
1,2796	-3,4271
-1,5384	-2,1164
1,4762	1,5536
-0,0966	-2,5753
1,6073	-5,9830
-2,3904	1,6847
-1,3418	-1,3956
-0,3588	-2,6407
-3,5701	-0,2159
-3,1768	-0,3470
-4,4220	-1,2644
-3,9632	-1,6577
-4,8152	-2,2475
-3,3734	2,9298
-5,6016	1,4880
-0,7520	-1,2644
-3,1768	0,6361
0,2310	0,5050
-4,1599	-0,0193
0,6898	-2,3130
-1,8006	-3,2305
-0,4899	5,0270
-1,3418	-0,8713
-0,2933	-4,8689
1,2796	2,5367
-2,5215	2,5366
1,2141	-1,0678
-0,5554	0,6361
0,9520	-0,6090
-2,5214	6,2067
1,6074	4,3716
1,2142	-4,0824
2,6559	3,2576
1,2142	3,6507
2,2627	-2,5751
2,1317	-0,8057
5,1462	-1,0678
0,8209	0,8982
-0,2277	-0,7402
0,4932	-7,8835
-1,9972	2,2745
-1,8005	1,4880
-2,5870	-2,7062
-1,4729	-3,7548
-3,5045	-0,9368
-2,4559	1,1603
-1,1452	-2,2475
-0,8830	-5,0000
-1,5384	0,5050
-0,2932	-0,0849
-1,0141	-5,5898
2,0005	-0,8057
0,9519	-2,1820
0,3621	0,3739
0,7554	-2,2475
0,9519	-6,4418
-0,2932	1,5536
-0,2277	0,5705
-0,0310	-2,5096
-0,4242	0,7672
0,4277	3,7162
-0,4242	1,2259
2,4594	0,5050
1,3452	-1,0678
3,4424	2,4711
2,1972	0,8982
6,0638	-4,2135
4,6875	1,0293
3,8356	0,3083
2,5249	-2,7062
5,0152	-0,9367
2,8526	-2,7718
1,0831	0,2429
1,0176	0,0462
1,4107	-4,4101
0,1000	3,1264
-3,7010	0,1117
-0,6208	-3,0339
-1,2762	-1,0678
-0,5553	0,7671
-1,9316	-0,5436
0,9520	1,1603
-0,1622	-3,6893
1,4762	1,2259
-1,2763	-0,6092
3,1146	-5,9830
1,1485	-1,7887
0,8864	1,4880
0,0345	-2,9684
-0,5554	-4,0169
0,1000	-1,7232
-2,7180	3,1920
-1,9315	-1,5267
-1,4073	-3,3616
2,0006	2,8643
-2,7180	0,4394
0,6899	-0,8712
0,8209	1,0293
4,0321	1,0293
2,0006	2,7332
4,8841	-1,0679
2,0006	-3,2305
2,2627	2,9299
2,3938	2,9298
2,7214	-3,6237
0,9520	-0,4780
0,2311	-0,3469
1,0176	1,5536
-0,6208	-1,6577
1,8695	-2,8373
-1,1451	2,7333
1,0176	1,4880
0,0345	-2,5751
4,8842	-0,8712
1,4763	2,0123
1,2797	1,5536
2,3938	-0,5435
3,1801	-3,0339
-0,0311	3,7163
-0,2277	2,2744
-0,2277	-3,4926
-2,1283	1,8158
-2,9802	1,5536
-4,7497	0,7672
-1,9971	0,8327
-3,5700	0,8983
-2,8491	4,9615
-5,2739	3,8473
2,0005	-3,0994
0,1655	4,1095
0,0344	3,9129
-2,3248	0,8983
2,1971	1,1604
0,4276	-0,0848
-1,2763	3,9129
-1,4729	2,4711
0,5587	-4,3446
-2,7836	3,0610
-6,3881	2,0123
-1,5384	-0,6091
-3,8322	1,0293
-4,3564	0,3740
-4,8152	2,9954
-1,8661	1,7502
-4,0288	-1,4610
2,0005	3,7163
-0,8175	1,5536
1,3451	-1,0678
-0,6864	2,6677
0,7553	2,4711
0,0345	-0,0848
2,2626	0,8982
1,8039	-2,9684
-3,6355	2,4711
-0,3587	0,2428
-0,7519	-4,7378
0,3622	0,0463
-4,0287	-0,7402
-1,3417	-0,8713
-0,8830	-3,4272
2,7870	-1,9853
-0,3587	2,8642
0,4277	-0,6747
0,8865	-5,9175
4,6219	0,7016
0,8864	1,6191
1,0830	-3,8859
2,1316	-3,5582
-0,5554	-2,7063
-2,5869	-0,0193
-2,6525	-4,6069
-0,2277	-5,7864
-2,2593	3,1919
-2,8491	1,3569
-5,7982	-4,6068
-0,6864	-1,1989
-4,3565	0,4394
-2,2593	2,4711
-2,2593	-2,2475
2,2626	-3,3616
-1,2763	0,5705
0,4932	0,1118
-1,9972	-3,2305
-0,8176	-0,3470
-1,0797	-0,9368
-3,0458	-0,2159
-0,5554	-2,3130
-3,7666	-1,4611
-2,5869	3,7818
-5,3395	1,7501
-0,2932	-3,6893
-3,1113	0,1118
-1,0141	1,9467
-1,7350	0,1773
0,4932	-3,4272
-0,0311	-2,5751
0,2966	2,0123
-0,6209	-1,5922
2,3281	-7,2282
-0,0966	0,5050
-1,8661	-0,6091
-1,8661	-3,2305
-2,8492	-2,3130
-2,2593	-1,6577
-4,8808	1,9468
-4,0942	-0,0193
-2,4559	-3,4271
1,0175	2,2745
-2,4559	3,3230
0,8864	-3,7548
-0,0966	-1,5266
0,2311	0,3739
-0,4898	-1,2645
2,8525	-2,6407
2,0661	-6,3762
0,2310	3,0609
1,6074	-0,0194
1,2141	-6,3762
0,4933	0,1118
-1,7350	1,6846
1,6074	-1,8543
-1,7350	-0,4125
0,2311	-2,0509
-1,4073	3,1264
1,1486	-0,9368
-0,1621	-4,7378
2,4593	3,2575
0,4277	1,0293
0,5587	-0,5435
-0,4898	0,3740
1,5417	-1,7887
-1,0141	1,6847
-1,8661	1,6847
-0,1621	-2,7062
-2,2593	2,7988
-1,4073	1,6847
-3,3079	0,3084
0,6898	0,9638
-2,5870	1,3570
-1,9971	2,9298
-1,1451	0,6361
2,7214	-2,7062
1,0175	4,5682
2,5248	0,7015
0,9520	-3,0994
2,9180	0,2429
-1,1452	0,1773
0,9520	-0,4780
2,0661	-1,5266
-0,2277	-2,8373
-1,7350	0,9638
-2,5870	-0,0194
-1,9971	-5,9830
-4,6841	-0,5435
-1,4728	-0,2815
-3,7666	-1,5266
-0,8831	-1,4611
-3,1113	-2,1820
0,0999	1,6191
-2,3904	-0,1504
1,3451	-5,7209
-0,4899	1,4225
-0,9486	1,2259
-1,6039	-1,9853
0,2966	1,1604
-1,0796	0,7672
-1,8005	2,9299
-0,9485	0,6361
-0,6864	-3,0338
0,6899	5,9445
-4,0287	3,1919
2,3283	-1,0023
0,8209	2,0124
0,6243	1,0948
-0,5553	3,0609
4,0977	-0,3470
2,5904	-3,0994
3,3113	3,7163
1,1486	-0,9368
3,6389	-3,4926
2,1316	1,0293
-0,8830	1,6847
2,0661	0,3084
-0,8830	0,1118
1,4763	-0,9368
-1,8005	3,5197
0,2966	2,1434
-1,9316	-1,1988
1,3452	4,1095
-1,6039	4,3061
2,1316	2,0779
-0,1621	2,2745
4,8841	1,8158
2,8525	2,7988
1,6729	2,0123
1,7384	-2,5751
2,2627	2,0124
0,8209	3,7818
0,0345	-0,5435
0,9520	-0,2814
-2,3248	1,5536
1,0831	4,5682
-1,6694	0,7016
1,9351	-0,0192
1,6729	4,5682
2,9836	3,9784
1,0176	-1,3955
4,1633	3,5852
0,8209	1,1604
3,8356	1,1604
2,5248	-0,3469
5,2773	-2,7717
2,0661	3,8474
-1,2762	2,6676
3,1803	-5,1310
2,0661	-0,7401
0,7554	2,4055
-1,6694	0,3084
2,8526	-1,2644
-1,4728	-1,0023
0,7554	2,9954
0,6243	1,9468
3,6390	-2,0509
1,4763	2,8643
4,4909	1,4880
2,7870	-1,0023
3,9666	0,1774
1,2797	-0,6090
2,4593	1,3570
2,3938	1,6191
-0,2276	-3,9514
0,2967	0,7017
-0,9485	0,7672
-1,3417	-1,0678
-2,7835	0,4395
-0,3587	1,8813
-3,7011	2,6022
1,6074	2,2089
0,4932	-1,5921
1,1486	3,3887
0,2311	3,1920
1,8039	-1,8542
2,0005	1,3570
0,0344	3,4542
0,2311	1,1604
0,6243	-1,9198
-0,4898	-1,1333
-4,4220	5,2892
-3,3733	0,7016
-4,4220	-4,6722
-1,0796	2,1435
-3,3079	3,3230
-1,4729	-0,4125
-3,2423	0,5706
-0,4899	-0,0193
-1,4729	3,9129
0,6898	-1,7232
-0,2277	-3,6892
2,0005	1,8157
0,1655	0,8982
-0,3588	-3,7548
0,2311	-2,0509
-1,8006	0,2428
-0,4898	0,8982
-2,7180	-2,3131
-1,3418	-3,9514
-3,8977	4,6338
-0,5553	1,2258
-0,8830	-1,9198
2,9836	0,9638
-0,3588	1,2259
2,0005	4,0439
0,1655	0,1118
2,9836	-4,0169
1,2141	3,4542
-0,4898	1,9467
3,3768	-3,1649
0,3621	-1,0023
-1,4728	2,4711
-1,1451	0,7016
1,8040	-2,6407
-0,7519	-3,0339
1,1486	3,3231
-1,6039	1,6846
3,5079	-2,4441
0,9520	2,0124
0,9520	2,8643
0,8865	1,0293
2,9836	-0,8056
1,6073	0,4395
1,0175	4,3061
1,4107	0,7016
1,4107	-3,0338
-0,6209	3,9129
-2,1282	3,9129
-0,4243	-1,3955
-1,0796	0,1119
0,6243	1,0294
-3,0457	2,2745
2,3283	1,3570
-0,8830	-3,1649
2,5249	3,9784
-0,2276	-0,6747
4,5565	-4,2136
2,5904	-1,2645
4,4254	-1,5922
1,0175	-2,3786
1,5418	-4,4757