3,4489	2,5237
2,1383	2,5891
2,0727	-7,3067
3,1868	2,9169
2,6625	-1,4086
1,2863	-3,1779
2,2038	4,6208
3,8422	-6,7824
1,6139	2,2616
4,8908	4,8173
3,3179	-5,9305
6,0048	3,0480
2,9902	-0,4255
5,3494	-4,0299
1,3518	4,3586
3,6455	-5,7339
-0,4832	0,3610
2,5314	3,5721
1,2207	-11,0423
1,0896	2,4582
-0,4176	1,6715
-2,5148	-5,6028
0,8931	3,4411
-0,7454	-5,6029
0,2377	-0,8842
-1,0075	5,0139
0,2376	-11,2389
-1,9251	1,2130
-0,2212	2,0648
-2,3183	-9,2728
1,5483	2,1960
-4,5465	-3,7023
-0,2867	-1,6050
-3,2358	4,1620
-1,8596	-9,3383
-2,3838	4,6209
-6,5126	6,2591
-4,4154	-6,5858
-4,3500	3,9655
-4,2844	0,0332
-4,8742	-1,4084
-1,7284	6,0625
-3,1703	-5,0785
1,0896	3,0480
-2,8426	5,2105
2,5969	-9,9937
-1,8596	1,9994
0,8274	0,6885
-1,4008	-6,3892
1,5483	3,1790
-2,2527	-5,4062
-2,4493	-1,2118
-0,8109	4,9484
-2,8426	-7,1101
-3,3668	4,0311
-3,2358	3,5066
-1,4007	-5,2751
-3,8911	6,3248
0,4998	-1,4085
-0,4833	-0,3598
2,9246	6,2591
-0,9420	-7,5033
3,9076	3,5068
0,1721	2,9168
3,8421	-8,4863
0,9586	5,2107
2,4659	-2,4571
-0,0899	-2,3259
1,2207	2,5236
0,0411	-7,0446
-1,6629	1,5407
1,1552	3,6376
-1,5318	-7,1101
2,2693	3,7689
-1,0731	1,0818
2,1382	-3,5056
0,4342	5,0140
3,7766	-5,1440
-1,0075	1,3441
3,5144	4,3586
1,4173	-8,8140
3,8421	3,1791
-0,2866	3,0479
0,3687	-3,6366
1,2863	5,0140
0,0410	-5,4062
2,2693	0,6232
1,2862	3,9653
2,4004	-9,7315
1,9416	3,4412
3,0557	3,3100
1,9416	-6,9790
5,9393	3,2446
1,2863	-4,0955
5,8082	-0,8186
1,1552	3,1134
4,7596	-9,6660
1,4173	2,2616
2,5314	0,6230
-1,1386	-7,6344
-0,4832	4,3587
-0,6799	-3,3747
-5,2019	-3,2434
-3,4979	4,5552
-3,1048	-8,0276
-2,2528	1,7373
-5,0053	4,2930
-3,7601	-8,4208
-4,3499	1,8683
0,5652	0,7541
-2,8426	-3,1779
-0,7455	3,4411
-2,0562	-7,7000
-1,2698	-0,2288
-3,2358	3,8998
-0,7455	-11,5010
-3,7601	1,9339
-4,0878	2,7857
-4,8742	-4,8164
-5,3985	4,8174
-2,7115	-5,9305
-6,7093	1,3441
-3,6946	7,2421
-4,4810	-6,7169
-0,8110	5,8006
-4,0878	6,5213
-0,4833	-2,6536
-3,1048	7,7667
-0,1557	3,6378
-3,8912	4,6865
-1,3353	12,0264
-1,1386	1,0165
-2,6460	12,0266
-3,6290	13,4682
-5,1363	3,5724
-0,8109	15,5000
-3,0392	13,6649
1,7450	9,9950
-0,4177	16,8107
4,8251	7,9634
1,4828	15,8933
5,1528	17,6626
2,6625	4,2279
8,4297	15,5656
4,8252	16,8761
7,8399	8,0290
7,1190	17,2695
7,9710	10,0605
5,4807	14,7136
5,8739	18,3179
8,5609	5,0143
6,0705	17,0074
7,3157	17,4659
5,9394	5,8007
11,7066	14,6480
9,6094	8,3565
11,7066	8,8809
9,5439	11,6332
12,3619	-2,2603
7,8399	8,0288
8,8230	5,1450
6,7914	-7,5688
8,7574	-0,2944
1,8106	-7,2413
1,0242	-11,3700
0,7620	-7,3070
-3,4324	-25,7226
-3,3013	-17,5306
-5,3985	-23,2981
-5,0053	-40,7305
-6,5782	-34,8979
-7,1025	-45,3184
-12,7386	-52,3962
-8,4788	-54,4280
-13,8528	-71,3363
-12,5422	-68,5183
-18,5715	-75,8587
-17,6540	-94,7985
-20,2099	-87,9173
-22,3727	-98,2723
-25,3872	-113,0834
-25,5839	-110,3966
-25,8461	-128,8123
-30,0405	-128,2881
-29,3850	-129,7958
-31,8099	-155,2236
-28,1399	-148,6701
-33,6450	-154,2410
-28,4021	-170,5593
-33,0552	-165,8409
-29,9095	-179,4725
-33,5140	-179,9968
-33,5140	-183,0772
-34,9557	-200,4442
-33,3174	-192,2522
-37,1839	-194,7429
-35,1524	-210,9956
-35,6766	-200,1823
-37,3806	-206,0807
-35,6110	-210,4715
-34,3004	-204,3768
-31,3512	-218,4014
-33,6450	-206,1461
-30,7614	-204,5735
-29,9094	-217,2217
-24,2733	-200,9687
-29,2540	-200,7723
-24,8631	-203,1969
-25,4529	-191,5315
-23,0281	-198,2816
-26,2393	-186,4194
-25,5839	-176,9824
-23,0935	-188,8442
-24,7975	-168,9211
-25,1251	-163,7439
-22,7658	-164,2679
-21,0618	-150,1121
-20,4065	-152,6024
-15,0981	-140,2814
-18,5715	-127,4365
-11,2970	-137,8564
-15,1636	-116,8192
-13,7873	-106,0714
-14,3116	-110,0688
-9,7241	-90,2768
-13,5251	-90,1457
-12,2144	-79,2009
-12,7386	-66,4870
-11,4280	-74,7443
-12,7386	-55,2800
-14,4426	-44,5977
-10,1172	-54,2312
-11,3625	-36,2742
-12,6076	-32,9975
-12,6731	-29,0651
-8,8720	-16,9410
-10,2483	-25,6571
-7,5613	-10,6492
-9,3963	-4,2268
-5,7263	-13,3361
-8,2166	2,1960
-6,1195	2,3270
-7,9544	0,9509
-6,2505	12,7474
-6,2505	3,1791
-8,2821	12,3543
-6,1194	20,2840
-4,5465	3,5070
-2,3838	17,2040
-5,0708	19,3010
-1,1386	10,6504
-1,2697	18,4492
3,7766	12,8786
1,2207	16,0244
5,4805	20,4152
0,3687	8,2256
6,8568	16,7453
1,1552	18,0558
3,6456	4,6866
2,4659	14,3860
1,6795	11,8955
2,2694	9,7984
1,6139	15,0411
2,7936	1,4097
2,5314	10,3227
4,5631	11,4365
3,6456	-1,2773
6,8569	9,1429
5,4150	5,3417
8,6263	1,8684
6,7913	7,8321
8,4952	-1,8672
5,0874	2,3927
9,3472	5,8004
3,5801	-7,1756
5,1529	4,3588
4,4321	4,4897
2,0072	-3,7022
2,0073	3,1135
3,5800	-3,7023
4,1044	1,3441
2,9902	3,5066
6,0049	-8,0276
1,7450	3,5723
5,8738	2,3924
3,3179	-7,6999
6,5291	0,2954
2,5970	-6,3238
5,2839	-2,9158
1,0241	1,8681
4,8907	-12,0909
0,0410	-1,0808
-1,0731	0,4919
-1,6629	-10,5835
-1,8595	2,5236
-1,4008	-0,7533
-2,7771	-2,6537
0,2377	5,4727
-1,8596	-5,2751
1,6794	3,0480
-1,2697	5,0139
2,6625	-7,0446
-0,0901	3,2446
2,9246	2,3925
-1,7940	-5,0784
0,8275	4,1620
-0,8109	-5,7994
-3,3013	0,8853
-3,2357	4,2930
-1,8595	-9,4039
-2,2527	1,2130
-5,1364	1,8026
-2,9736	-4,5542
-2,6460	5,0795
0,3031	-5,0786
-3,4980	-0,9497
-0,0901	3,8998
-1,5974	-9,6005
0,2376	0,0989
-2,9081	4,4241
-0,2212	-5,9960
-0,8110	1,0819
-1,1387	-4,1610
-4,2188	-2,7847
-2,3183	4,6208
-4,2188	-7,3067
-2,8426	3,8345
-2,4493	7,9630
-3,2358	-5,7994
-0,2211	3,9000
-2,5149	1,3439
0,7619	-1,6050
-0,0245	7,7010
2,7280	-3,8333
-0,8765	2,7204
2,0071	6,5868
-0,4177	-6,1270
3,5144	3,6379
-2,8425	0,5575
0,9585	-3,6366
0,1721	2,9169
-3,4324	-3,0469
-0,0900	2,1305
-2,5149	5,4727
0,8930	-7,1756
-0,8765	3,4412
0,3032	4,0308
-0,2211	-5,3406
5,9392	3,0479
2,2037	-4,9475
4,1043	-1,8017
0,8930	3,5721
4,6941	-10,5180
3,1212	0,8853
2,6625	3,7032
2,0072	-9,0762
0,8930	1,3440
0,3033	-3,5057
-0,7454	-2,4570
0,0411	3,1134
-0,5488	-6,9791
1,4829	2,7859
0,6964	5,6037
3,5800	-7,6999
1,7450	4,3587
5,1528	0,8196
0,6964	-3,7022
3,1212	4,2276
0,2377	-5,2096
3,7766	1,4096
-0,8764	2,2614
1,0896	-8,7485
1,8106	3,5723
-1,6629	1,0162
-1,5973	-5,2095
-0,9420	3,9654
0,2377	-5,6028
-2,6459	0,2299
2,4004	4,0964
2,9246	-9,7971
3,6455	2,5892
0,1721	3,4410
3,7110	-7,7655
0,0410	2,4582
3,8421	-3,3746
-2,2527	-3,7022
-1,2042	3,2445
-0,4832	-7,5033
0,5653	3,1136
-1,7284	4,3586
-4,1533	-5,9304
-0,8109	5,4073
-4,1534	1,0163
-3,1702	0,6232
-4,1533	7,8976
1,6139	-3,5056
-3,1703	5,4729
0,8274	7,1766
-2,3838	-5,7993
1,9415	5,9316
-3,8912	3,1790
-1,2042	-3,5711
-2,9737	4,8829
-2,1217	-5,9305
-2,7115	2,7859
-3,3013	4,6862
-4,1533	-7,6999
-5,3985	3,5723
-3,2357	3,7032
-3,0392	-4,8163
-0,4177	3,6377
-1,4008	-4,8164
-0,1556	0,5576
0,2376	4,8829
2,7280	-8,7485
-0,4833	4,3587
2,4003	2,3269
1,4173	-6,4547
2,0071	4,7519
1,2862	-1,9329
-0,7454	-2,7191
-1,7284	4,0309
-1,9906	-8,2898
1,0241	3,2446
-2,5149	6,8489
-1,2696	-6,2581
-0,9420	2,8514
1,2207	0,2298
-1,7284	-0,3599
2,9902	7,4388
2,9246	-5,3406
3,1212	3,8345
0,8275	4,0964
4,4975	-10,1902
0,8930	2,9170
1,8105	2,9823
1,4174	-2,5881
0,3032	5,4072
0,8275	-1,7362
-2,1217	3,9655
0,3688	8,5529
-2,3838	-5,6683
0,8275	4,7520
-1,1387	4,8829
-0,1556	-2,6536
-1,6629	7,8977
0,7619	0,4921
-4,7431	1,8029
0,4342	8,3563
-2,2528	-3,8332
-1,0076	5,7351
-2,9081	7,8320
-2,6460	-2,4570
-1,5973	7,6356
-2,6460	3,1135
-1,0075	1,9995
-1,0731	8,8806
0,6964	-3,3090
-1,2697	4,6209
3,4489	7,0455
1,4173	-9,0761
5,4805	5,0796
1,0241	0,3609
4,1043	-2,9157
2,1382	4,3586
4,1698	-6,9790
-1,7939	0,4266
1,1551	6,3901
-2,1216	-9,4038
-2,6460	4,4243
-3,1702	2,5235
-5,8572	-4,1610
-1,2697	3,0479
-3,8912	-1,7362
-1,9251	2,9169
-3,6946	5,5382
-0,6799	-7,5033
-2,5804	4,0966
1,1551	5,6037
-1,4008	-6,2581
2,5313	3,3757
-1,0731	-0,8842
1,1551	-1,8016
-1,9250	3,8343
1,2206	-8,7485
-0,5488	2,5237
-2,5149	4,6207
-0,3521	-8,3553
-2,0561	0,4921
0,2377	-0,6877
-1,9906	-0,0322
1,0241	4,5552
-1,6629	-6,3237
2,6624	4,0966
-3,2358	6,0625
-0,5488	-5,6027
0,8274	3,8344
0,3031	2,8513
-3,6945	-0,5565
-0,4833	6,3248
-1,0076	-2,8503
-3,6290	2,9825
-3,3668	7,1111
-3,3014	-6,3236
-2,1872	6,2593
-4,8742	6,6523
0,5653	-2,9813
-3,7601	7,6355
2,4003	-1,5396
-1,9906	0,5577
1,5483	5,0140
0,8274	-7,7654
2,7935	3,7689
-1,9906	3,1134
0,8274	-6,3236
0,9585	3,9655
-1,2042	-1,4085
-0,2211	-1,4740
-0,6144	5,8659
0,0411	-6,6514
-2,4494	2,5893
-1,0075	4,9484
-1,9251	-8,3553
0,4343	3,7033
-2,4494	2,3925
0,2376	-2,6537
-1,7285	3,6377
0,8274	-6,5858
-1,2042	1,9339
0,7619	4,8829
-0,6799	-7,1101
0,5653	4,7520
-3,2358	4,6863
-1,7285	-3,1779
-3,1047	7,3733
-2,5149	-1,7362
-1,7939	4,2277
-2,3838	9,3393
0,0411	-3,7677
-1,7940	6,9147
2,9902	5,2106
0,8274	-2,5225
5,0873	5,4728
0,2376	-0,4910
3,2523	2,1305
-0,2211	4,6208
2,5314	-6,5858
-1,4662	2,9825
0,9585	4,6207
-1,5318	-6,4547
-0,6799	3,9655
-1,5973	-0,6221
-1,4663	-1,2119
-0,4832	3,9654
-0,4833	-6,9135
0,8930	2,7203
-2,7770	8,1596
2,8591	-8,6174
-1,1387	2,1305
2,5969	1,0818
-2,1217	-2,5226
2,2037	2,8513
-0,6144	-4,6853
-1,0076	1,9339
-1,2041	3,7032
-1,9906	-8,1586
-2,0561	5,1452
-2,7115	4,4241
-2,3182	-2,3260
-1,8596	5,9315
-1,0731	-4,2266
-3,2358	2,3927
0,6308	6,7179
-1,2042	-6,9790
1,6138	3,1136
-1,0731	5,4727
1,2862	-5,8649
-2,4494	5,2762
2,5313	-0,9498
-1,9906	-1,2773
-2,3183	5,6693
-0,4177	-6,7824
-1,8595	3,5723
-0,6143	5,8659
-2,5804	-5,9960
-0,8764	5,1451
-2,9081	2,3925
2,4659	-1,6051
-1,2697	4,8829
4,5630	-5,3407
-0,0901	2,1960
4,2353	4,8173
1,1551	-8,4208
3,3178	3,0480
0,4998	0,4264
2,4003	-4,4886
0,4998	3,0479
1,1551	-5,8649
-1,3352	1,7373
-2,7770	5,0139
0,3687	-11,6976
-1,7940	3,8344
-0,2866	3,1133
-3,8912	-4,9474
0,0410	2,6547
-1,8596	-3,7023
0,6963	-0,0322
-2,9081	3,3100
4,1697	-10,1902
-3,1703	3,1136
-0,6144	4,4241
-1,1387	-8,0276
-1,5974	4,1621
-3,4979	-0,4911
-4,6121	-1,1463
-3,1047	5,4072
-3,8912	-5,0785
-4,3499	2,7204
-4,5466	5,5382
-2,5149	-8,8140
-2,7771	3,9655
0,0410	0,7541
-4,8087	-3,8333
0,8929	5,3417
-1,2042	-5,2096
-0,5488	1,9995
-1,9906	6,6523
2,0726	-8,2897
-0,9420	4,1621
-0,6799	3,7032
-1,4663	-2,6536
-1,5974	6,5869
1,4173	-5,2096
-1,4663	0,3611
-0,6143	5,6693
-0,2867	-6,1926
3,8421	3,2446
-0,4833	3,8343
4,0388	-6,2581
1,4828	3,3756
3,9076	-1,4741
-2,1872	-0,4909
1,9416	3,6377
0,2377	-8,2897
3,0556	1,7373
-3,3668	1,0162
-2,1216	-8,2897
-1,0730	1,4751
-2,8425	-1,9329
0,2377	-2,7848
-1,7940	2,3925
2,2693	-9,9938
0,4997	-0,3599
2,8591	3,3099
0,5653	-9,5349
4,8251	2,2615
0,3032	1,4750
2,7280	-4,2920
2,5970	2,6547
4,1698	-6,9791
1,4829	2,8514
3,5145	3,1133
3,1868	-9,9281
3,1868	5,0796
1,2863	1,9992
1,2863	-4,8163
5,4806	5,2761
0,8275	-3,8334
5,2840	-1,5395
3,0557	5,2105
6,3325	-8,6175
1,9416	1,8684
5,0218	3,5721
0,3032	-9,0762
4,6285	2,8514
1,3518	-4,4888
0,5653	-3,5711
1,6139	4,1620
-3,0392	-9,4694
0,3688	1,4096
-1,2042	6,5212
-1,7284	-8,1587
-2,2527	2,9169
1,0241	-0,6221
-2,7770	-0,0977
2,0726	3,7688
-1,4663	-7,5033
1,0896	3,0480
-2,0562	6,3902
0,9585	-6,7169
-1,5319	4,8175
0,3686	1,1473
-2,9081	-4,5542
-1,2697	2,8513
-1,3352	-3,9644
-2,2528	0,6887
-3,5634	3,9653
-4,4810	-7,6344
-1,3352	3,5067
-4,6776	4,0964
1,6139	-6,2581
-2,7770	2,9169
3,3834	-2,9158
0,6308	1,4751
2,0726	3,7032
-0,4833	-6,1270
3,1867	5,6695
-0,4833	6,5212
1,4828	-5,2750
0,9586	6,6525
-0,7454	0,5575
-3,1701	-0,7531
-1,0075	5,7349
-1,5318	-4,7508
-2,5149	3,3757
-0,6798	5,6037
-0,8765	-7,2412
3,0557	4,9486
0,1720	1,8682
4,1697	-2,9813
-0,3522	5,2761
2,2037	-5,0130
-0,5488	0,6232
0,1721	3,5066
-0,3522	-9,4694
1,0240	1,8684
-2,3182	1,2784
-3,4324	-6,0615
-1,6629	1,6061
-2,9081	-5,5373
-2,5804	-0,0977
-3,2358	5,2105
1,0241	-8,7485
-1,5319	2,3271
0,8929	4,4241
-3,0392	-7,6999
3,1867	1,3440
-1,5319	-2,4571
-0,6144	-1,4084
-2,7115	2,3925
1,2206	-8,8796
-0,4833	1,4096
-3,0392	2,0648
-1,9250	-7,7654
-0,9420	2,5892
-1,3352	-1,2120
-3,4324	-1,9983
2,7280	2,9823
-1,0731	-5,7994
2,2693	1,8684
0,2376	4,6207
3,6455	-7,1101
1,9416	2,3271
4,0387	0,7541
2,0727	-2,1293
4,4319	3,8999
0,8930	-3,8333
1,8760	2,7204
-0,2866	3,6377
0,1066	-6,7824
1,0241	5,2107
-2,5804	5,3416
1,4829	-2,1293
1,5483	4,8174
3,3178	-1,3430
-0,6143	0,5576
3,5144	6,6524
0,5653	-6,3892
4,9562	1,8684
0,0410	3,7032
2,5969	-5,7993
-1,0075	3,6378
1,4828	-1,6707
-2,1872	-1,0152
-0,8765	5,5382
-0,4177	-7,8310
-3,1047	2,6548
-1,7284	3,5066
0,7619	-6,1270
1,7449	5,8005
-2,3183	2,9823
2,0071	-0,5565
1,4173	6,9801
3,5144	-5,2095
2,0726	5,2763
3,0557	7,2422
0,3032	-8,7484
1,6139	5,7351
-0,4832	4,1620
0,7619	-3,0468
-0,4177	4,4242
-0,2211	-3,4401
0,6964	1,1475
-2,8425	4,6207
1,2207	-9,9281
-0,6143	2,9169
0,8930	4,8828
-1,2042	-8,7485
2,6624	2,5237
-0,7454	-4,7509
1,5483	-3,3090
-0,2867	3,6376
2,6624	-10,9112
-2,0561	1,2785
-0,8765	1,4749
-1,0731	-6,8479
0,7619	2,8514
-1,7940	-1,9328
-3,5634	-2,3915
-0,8109	6,6524
-2,1872	-7,0446
-0,6143	4,2277
-0,3522	7,5698
2,0071	-5,6683
0,1721	3,9000
3,5799	1,9993
-2,4494	-1,8672
2,4003	7,2422
0,4997	-5,0785
-0,4178	2,7859
-0,9420	6,7834
0,1065	-8,1586
-0,8764	5,2107
-2,2527	5,7348
-0,4177	-1,6051
-2,9081	6,6524
-2,1216	-2,7192
-2,1217	1,5407
1,3518	6,7178
-0,5488	-9,6004
1,2862	3,5068
-2,0561	4,7518
1,8760	-6,3237
0,4342	4,3587
1,5483	-2,5882
-2,7115	-0,4254
2,2037	5,4727
-0,4177	-8,7485
-2,1217	2,0650
-1,9250	5,5382
-3,1702	-7,6344
-0,4832	2,3271
-3,6945	1,5405
-1,2697	-1,7361
-3,1703	4,2275
1,3517	-5,7339
-1,4008	2,6548
1,4828	4,4241
-1,4008	-9,0762
2,6624	2,1305
-2,0561	-0,2944
1,3517	-4,0299
1,2207	4,5552
2,0726	-5,5373
-0,8764	0,2955
0,1721	4,8828
0,3688	-9,0106
0,6309	1,6718
0,0411	3,9653
1,5484	-4,4231
3,1868	5,5383
2,6625	-3,1125
4,4975	-1,5395
1,7450	4,8829
4,7596	-8,2897
0,6964	1,3441
2,6625	3,7032
0,3687	-7,8310
2,5314	2,2615
-0,5488	-2,9814
-0,6143	-2,3915
-2,7114	5,0140
-0,2211	-6,0615
-1,7940	2,6548
-5,0708	4,9484
-0,2211	-6,0615
-2,1217	3,9655
-0,2211	0,1643
-1,5319	-3,8333
3,0557	6,6524
-1,6629	-6,7825
2,9901	-0,2287
0,1066	5,0140
2,2692	-8,6174
2,3348	3,3757
1,1551	2,1959
-0,9419	-3,0468
-1,0075	6,5869
-0,2210	-2,7847
-2,1872	0,1645
-0,7453	7,2422
-0,4833	-7,1101
0,6964	5,3418
-0,8765	6,3246
3,2523	-6,4547
-0,2211	4,2932
3,7765	-1,8673
-0,8765	1,1475
1,4828	4,1620
-2,1872	-7,5033
-0,8110	2,9170
-2,9736	5,0795
-1,4008	-7,0446
-1,2041	3,7033
-3,3013	-1,4741
-3,6945	-4,2920
-3,3668	4,8829
1,6794	-5,6028
-3,7601	2,3271
-0,0900	5,2105
-2,9736	-8,2242
3,0556	3,8344
-2,1217	0,6886
1,2862	-4,2920
-1,4663	4,3586
1,5483	-4,9475
-1,3352	1,9995
0,6963	5,4071
-2,3838	-8,0931
-1,2697	6,2593
-0,2866	4,1620
-4,3499	-2,9157
-1,9905	7,7010
-0,5488	-0,2944
-0,1556	3,3102
-1,6629	6,7179
2,7935	-7,9620
0,1721	5,0797
3,3178	4,4896
-0,9420	-7,1756
4,3664	2,9825
1,4173	-3,1780
4,0387	-0,1633
0,3687	1,9337
0,7619	-10,9112
0,6965	1,7373
-0,8765	2,6546
2,7936	-9,8626
0,0410	0,6231
1,9416	-2,9159
0,9586	-5,3406
3,9733	2,3925
2,9246	-8,5519
6,2014	-1,0808
2,5970	2,5891
7,1189	-12,2219
2,4659	0,8853
3,9732	-0,6222
0,1066	-5,1440
2,3348	2,4581
1,2207	-6,7825
-1,9251	0,1644
-0,4832	5,2760
-0,9420	-6,5858
-2,5804	3,2446
-2,7770	4,4896
0,5653	-1,9983
-0,4177	7,3734
2,0071	0,4920
-2,3838	3,7034
1,1551	6,7834
0,4342	-5,5372
2,0726	5,7350
-1,8595	4,6862
2,4658	-7,1100
-0,7454	5,8005
-2,6460	1,2129
-4,8086	0,3611
-3,4324	7,0456
-1,1386	-4,5542
-1,8596	5,2107
-2,5149	6,6523
-0,6143	-6,6513
1,9415	3,1136
-2,4494	2,8513
2,0726	-4,2265
-0,4178	3,8344
2,7935	-4,4231
-3,8912	1,9994
0,7619	3,1134
-0,6144	-8,1586
-1,3353	3,1791
-3,5634	3,0479
-2,8426	-5,2095
-1,0075	4,6208
-5,0708	-2,3261
-3,1702	1,2785
-4,1533	5,5382
1,0241	-7,8965
-1,4008	3,7689
2,4003	4,6862
-0,8765	-6,9791
5,1528	2,4581
1,2862	-4,4888
2,9902	-1,0152
1,8761	4,0309
4,1698	-10,1248
0,8930	2,3927
0,4998	2,5891
0,2377	-7,8310
-0,0245	4,2276
1,6795	0,0987
-2,1872	-1,7361
1,6139	7,3733
0,1066	-4,4232
0,9586	4,3587
-0,0245	6,2591
5,2839	-7,7654
2,9246	4,9486
2,8591	1,8027
-0,6143	-4,4231
3,5799	3,7688
0,1066	-5,5373
0,9585	-0,7531
-1,2696	2,5235
-1,2041	-7,5689
-1,2696	2,0649
-1,5974	1,2128
-0,6798	-5,7338
0,1066	3,4411
2,7935	-4,2921
-0,4833	-0,7531
1,8105	4,2930
0,7619	-9,8626