7,0435	-1,6561
1,8008	2,4726
4,8153	1,7517
4,1601	1,5551
2,2594	-1,3285
5,6019	-1,7872
-2,0004	5,0284
5,3397	-2,1150
-2,5902	-1,9838
7,6334	4,6352
-5,4738	1,0962
4,2256	0,3099
-5,2116	1,0963
6,8469	-0,6732
-4,4907	4,5697
4,6842	-1,0009
-0,1654	-2,1149
1,7350	2,6691
0,2279	-0,6732
1,9316	-3,8844
2,5871	-0,9353
-3,1146	-2,5082
3,0459	0,8341
-2,1971	-2,7048
4,2256	-3,4256
-5,0806	5,4872
6,5848	-0,0179
-5,5393	-0,8697
4,2911	2,8002
-4,0975	1,3584
2,9803	1,2929
-2,0004	-0,8043
4,8152	-1,9839
-1,8693	3,0623
2,1282	-1,4597
0,1623	-4,5398
-1,8694	2,4725
1,2109	-0,8043
-3,5078	-1,9839
2,1284	0,1133
-5,3428	-0,2144
3,1769	5,9459
-6,0637	-0,8698
4,5532	-1,9838
-6,7846	6,2736
2,3249	5,2906
-4,9495	-1,0008
5,2085	1,8828
-3,4422	2,4726
1,9316	7,8465
-0,3620	0,0477
1,4729	-1,1318
-0,2309	5,9460
-3,4423	3,0624
1,3420	-1,6561
-5,5394	1,8172
0,6866	1,9483
-9,0128	3,5211
2,7182	0,0477
-8,0953	-0,6076
1,0797	6,0770
-7,2433	2,6036
2,9802	0,8342
-3,9665	4,1765
1,6040	4,0454
-1,8693	3,7833
2,8491	-1,7217
0,4900	-1,5906
-1,6728	4,5697
2,6527	1,2929
-3,3112	-3,5567
3,5047	2,1449
-5,9326	-0,0834
2,3250	-0,3455
-5,7360	0,3098
4,2255	-2,1149
-8,6195	5,8149
4,9464	1,0963
-3,2456	-2,1804
2,7837	2,7347
-1,2139	0,3754
5,2085	-0,8697
0,9488	0,3754
1,6695	-0,1489
3,6358	0,8341
2,3904	-3,0980
4,1601	-4,4087
0,3589	1,5550
6,6504	-2,7704
-3,3111	-5,1952
6,3227	-2,5738
-4,0975	-5,1297
7,8300	-1,8529
-1,2139	-5,9817
5,6673	-7,2924
1,1454	-0,2801
6,5848	-7,0303
1,8008	-10,1759
6,4537	-3,6224
1,9974	-7,2269
1,7351	-5,7851
7,1747	-8,9964
-1,0830	-7,5545
4,8810	0,2442
-3,0490	-7,4235
6,5193	-7,3579
-5,3428	-0,4111
5,0775	-3,3603
-7,1777	-3,4913
3,1114	-2,9015
-4,6219	-1,6562
0,0311	1,8827
-5,6049	-4,0156
1,0796	-3,2946
-5,1462	5,4216
-4,9497	-0,2145
-4,9496	-0,0833
-8,4231	3,0624
-4,2287	2,2760
-12,2242	5,6183
-3,7699	3,4556
-13,7970	3,0625
-5,0152	8,3053
-13,9936	4,5042
-2,1316	3,3902
-12,4862	8,9607
-3,0491	8,6330
-9,7992	9,8127
-1,0175	8,8952
-5,0806	8,1744
-2,7870	16,1697
-2,3281	10,8613
-4,1633	9,6162
0,9487	16,7596
-3,4423	15,1867
1,7352	16,7596
-3,7699	16,4975
4,6843	15,2524
-6,5879	22,0681
5,9295	20,4297
-1,6727	19,1191
10,2548	25,3450
1,3420	25,6726
10,9102	24,3620
6,5194	24,6897
12,3520	23,9032
8,0924	31,3087
12,1554	23,5755
13,3352	19,6435
9,3374	28,5563
13,7285	22,5924
10,1239	18,5293
17,7917	20,0365
6,9782	17,0874
18,1194	16,7596
8,0923	11,3201
18,5781	7,3880
6,5195	11,1234
18,3815	1,9483
10,1895	-1,7872
15,7599	-2,7049
9,2720	-11,2902
10,1893	-15,8122
10,9104	-24,9873
7,6989	-30,6235
6,9782	-30,0994
1,0142	-46,0248
7,3713	-56,4450
-5,5394	-61,1638
1,0798	-71,7153
-10,4546	-82,5289
-3,2457	-95,8984
-17,4015	-106,8430
-9,7339	-113,2658
-19,8919	-132,3370
-13,6662	-144,0680
-27,2321	-148,9179
-23,9555	-161,5665
-29,0672	-178,4749
-30,3781	-187,6502
-34,1791	-200,2332
-41,3227	-209,4740
-38,1113	-225,6616
-47,8764	-236,6718
-42,5023	-240,1454
-56,8548	-258,3646
-48,0074	-271,4719
-60,0006	-274,8145
-52,4640	-288,5772
-67,3407	-294,6066
-55,8064	-306,9276
-66,5543	-316,1682
-61,7703	-315,9718
-66,0956	-327,2441
-65,3749	-336,8123
-66,5544	-336,5503
-69,4381	-340,9413
-67,2097	-346,3808
-72,3872	-349,5922
-64,9160	-352,8034
-72,8459	-347,7572
-60,9183	-350,5098
-72,6493	-353,5898
-60,1318	-346,2499
-69,8967	-345,2669
-56,1997	-344,6769
-63,0154	-341,0069
-53,9715	-335,8950
-59,3452	-326,9165
-50,5636	-327,7684
-51,6775	-320,7559
-49,5805	-308,3040
-46,8933	-302,4057
-49,5149	-296,4417
-40,7329	-284,5140
-49,3182	-274,9456
-36,6040	-257,7750
-46,3034	-252,9908
-31,6233	-242,7669
-42,5678	-223,3682
-28,6086	-213,8652
-35,8830	-203,2481
-25,9871	-189,7475
-32,0818	-178,5407
-21,5962	-161,4356
-26,5112	-154,2920
-20,8098	-145,2478
-22,7756	-125,8491
-23,3001	-118,5089
-17,9915	-109,3335
-22,5792	-93,6047
-17,6638	-81,8081
-24,0209	-71,0600
-13,1418	-63,2611
-24,6106	-52,1198
-13,2073	-37,0464
-22,8411	-35,9977
-9,3407	-27,4122
-19,0400	-15,0914
-7,7679	-9,7174
-13,3383	-4,0812
-6,9814	-0,8698
-10,9134	2,5382
-9,2096	13,9414
-5,3428	10,5336
-8,2266	12,4343
-2,0660	22,2647
-11,1756	21,6749
-1,8693	20,6919
-7,8988	26,0004
1,0142	25,2139
-9,8648	27,8354
3,5701	25,6727
-7,1122	23,5101
4,2255	32,4229
-2,5902	24,8862
7,5678	21,2819
2,1940	26,3936
6,1916	22,9202
6,5849	23,9688
6,4537	20,4298
9,0753	18,2016
6,2571	24,7551
11,4346	17,2839
4,9465	13,7451
11,6968	19,5122
0,8178	14,2037
13,3352	14,0727
2,5872	10,7303
12,1555	9,6162
1,6042	14,1381
10,7137	8,0432
5,2742	5,8151
11,6966	10,8613
6,5195	6,9291
9,4684	2,0139
8,1578	2,8003
5,0775	1,2274
9,5996	4,4386
3,5047	-1,4596
11,7623	-3,5567
1,2764	1,2273
11,1069	-1,0665
-0,4275	-6,6370
11,1724	-3,6224
-3,9009	-3,6879
5,3397	-3,1636
-0,9518	-7,7511
6,5192	-4,9986
-1,2139	0,5063
3,1768	-5,1297
0,5555	-7,1613
-0,7553	-4,0156
0,2934	-3,6224
-4,3598	-1,3286
1,9973	-5,8506
-4,5564	-5,5229
2,9804	1,2928
-9,4060	-2,4428
3,8978	-5,9816
-6,6535	0,0477
2,8492	-2,1151
-5,4738	-2,7704
2,8492	-1,8529
-2,7213	-3,4912
2,5870	2,1448
-0,0343	-4,2122
1,0141	-6,2437
-0,6241	2,0138
-1,5418	-1,1320
1,8007	-4,8675
-3,9666	-2,2460
1,9973	-1,4596
-7,4400	2,7346
4,6842	-2,4427
-8,0953	-4,0154
-0,8208	5,1595
-8,8817	3,2589
1,2763	-0,2144
-6,5879	1,4240
1,9316	1,6861
-5,2772	3,4556
0,4898	0,5720
0,6210	-0,4110
-1,5418	4,0454
0,2934	1,2929
-3,0491	-0,3454
2,5871	3,9144
-8,0298	2,8658
2,7838	4,5042
-5,4083	0,7031
4,2255	2,2105
-5,1461	5,9459
5,4052	1,1618
-2,7213	-1,3940
4,0944	5,1595
-1,6071	2,6036
5,4706	-1,5906
1,9974	2,1449
2,7181	0,5720
4,0945	3,9143
2,8492	-1,1319
5,4052	-2,1804
-0,1654	4,4386
6,3883	0,7031
-1,8694	-0,8697
6,7815	3,9799
-4,2942	1,6206
6,1261	5,2251
-3,1145	1,2929
8,2887	-0,7386
-2,5902	6,4047
5,5362	1,2929
0,3590	-2,0494
5,5361	3,9144
2,1940	1,8172
-0,1655	2,2760
3,8979	-1,4596
-1,8039	0,0478
2,0629	5,6838
-4,0976	-0,0179
4,0945	-2,2460
-4,9496	2,8658
4,9464	0,4409
-8,2918	0,2444
6,1260	1,2273
-5,5394	-1,7873
2,9148	5,1595
-2,9834	0,3098
5,6672	-2,9014
-1,5416	2,5381
1,4729	2,3414
5,5363	-1,3940
0,0311	-0,5421
1,1454	-0,2144
-2,0005	4,8318
5,4052	-1,9839
-4,7530	-2,3770
4,6843	5,2250
-5,8670	0,1787
4,3566	-3,2290
-4,2941	-0,2144
6,1260	-2,5737
-2,8523	1,8827
6,0605	-1,7873
1,3420	-3,3601
3,9633	4,7663
3,5047	-0,5422
3,3079	-4,9985
3,7013	0,8342
-1,9349	-1,8529
4,6843	2,6036
-1,2140	-0,6077
5,2086	-1,7872
-4,2287	4,8973
4,5532	0,8996
-4,6874	-1,6562
6,1260	3,1279
-5,9981	0,1788
5,7983	0,8342
-2,3280	1,5551
4,1599	0,4410
0,8832	5,4872
0,8176	-0,0834
2,5872	-3,0979
1,2107	2,8658
3,3081	1,8827
-2,7869	-0,8697
3,7668	1,1619
-6,0637	0,9653
3,0459	4,7663
-8,4229	1,2274
3,1769	-0,5420
-7,3088	6,1426
1,1453	1,6206
-5,9981	-0,7386
3,1113	1,3585
-4,3597	1,4895
1,9972	3,5867
-0,6897	-0,8698
-0,3621	-0,6076
0,8177	5,6183
-4,6875	1,3584
1,6696	-1,1319
-5,3428	2,2104
1,4075	1,6861
-7,6365	2,2104
4,3566	-2,5082
-7,7021	-2,6392
0,2278	5,7493
-6,4568	-1,9840
2,7836	-4,9330
-4,8840	0,6375
2,5215	-1,5908
-1,8693	-1,4596
1,6695	-1,7873
-0,4275	-0,9353
-2,5903	3,1279
2,4561	-2,3116
-2,0005	-2,9669
3,5702	2,9313
-4,8185	0,5720
5,2741	-2,1149
-4,0320	-0,2800
6,2571	-1,5251
-4,7529	4,8318
7,2402	-1,6563
-1,1484	-2,5081
3,7012	4,9629
-0,2964	0,9652
3,5700	-3,4912
0,1624	-0,0178
1,4729	1,4895
-0,3619	4,1765
-2,0660	-1,2630
4,6843	-3,4256
-5,9326	6,0115
1,9318	1,2929
-6,4569	-0,4765
5,1430	3,3245
-8,5540	2,0793
5,6673	0,6376
-4,6219	-1,1319
4,9464	-2,2460
-2,3280	3,6521
3,5701	-3,4257
1,9318	-3,3601
4,2254	0,9652
0,4245	-1,0664
0,0967	-2,2460
4,6188	0,3754
-1,2140	-1,4596
4,5533	4,1109
-5,8015	0,1132
5,2086	-2,5081
-5,5394	5,5527
3,8323	2,9968
-5,3427	1,0964
3,2424	4,7008
-4,2942	2,0794
2,9147	7,6499
-2,3936	3,1935
2,4559	0,7687
-1,2139	7,7155
0,8175	3,1279
1,8007	2,8659
-4,4909	6,5358
2,5216	2,9314
-5,0151	3,7833
3,8323	1,2930
-5,2773	4,1766
4,0289	6,4047
-6,5224	0,3754
5,6017	2,6037
-5,6704	4,1765
3,8323	-1,8528
-4,2941	-0,8698
4,0944	-1,1319
-1,2139	-0,0833
1,9972	5,2906
2,3250	-2,2461
-0,4932	-1,5906
2,9804	5,2251
-4,4909	2,0793
3,5047	-2,6392
-3,7044	1,9483
3,6357	2,4070
-5,8015	4,7663
5,6017	-1,5907
-5,8670	-1,3940
4,0289	6,1425
-4,5563	1,4894
5,2740	-1,0664
-0,8207	1,0963
4,1599	0,8341
0,1624	3,2590
3,4390	-0,5421
4,1600	-0,6076
-0,3621	4,2420
3,8979	-0,5421
-1,4762	-4,5397
2,9148	4,6352
-5,9326	2,4725
5,7329	0,0477
-5,0151	-1,7873
3,6357	-1,9183
-5,4082	5,8804
5,1430	-0,4111
-2,3281	-4,9330
6,2570	1,8827
-2,1314	-0,2145
2,5215	-3,9500
0,5556	-3,8845
0,8831	-3,6223
0,1624	2,4070
-1,8694	-1,7873
5,6018	-4,7364
-2,5247	2,2759
5,4052	2,0137
-2,9834	-2,7048
7,5023	-0,4766
-4,7529	-0,0834
7,0436	5,1595
-1,0173	-1,2630
7,3057	-1,3940
-2,3935	4,7663
6,4537	-0,2800
3,5702	-1,6562
4,2254	1,1618
1,4076	-1,8529
-0,9519	1,4895
4,6188	-2,9014
-2,3282	-2,7048
4,6188	4,0453
-5,4738	-0,2145
6,0605	-4,0155
-4,6219	-0,0833
4,8153	-0,1489
-5,4082	2,8002
5,3396	0,9652
-2,9179	-0,2799
4,4221	6,2081
0,0313	0,0477
6,0604	-0,4109
2,9804	3,9799
0,1622	1,4895
4,6844	-0,2144
1,6040	-0,1488
6,9781	-0,9353
-3,1800	4,9629
7,3058	-0,9354
-1,8693	-2,3115
7,1092	2,9313
-3,8353	1,2928
6,7814	-1,7217
-0,6896	1,6206
5,5362	-1,9184
-0,0343	-1,4596
4,0944	-3,2946
2,0629	-2,0494
1,9316	3,3900
2,0629	-3,5568
-0,4932	-3,0324
1,2764	2,1449
-3,7044	1,1618
3,7013	0,9652
-5,2773	-1,1319
4,2911	-0,3454
-6,3913	6,2736
4,1600	-1,5252
-5,1461	-3,3601
4,8808	4,1765
-5,9981	3,5211
3,3735	-0,3455
-1,0829	-0,2800
1,0797	0,7031
1,4075	4,8973
-0,4277	-2,9670
1,8663	-4,1465
-2,2627	2,2759
2,4561	-0,7387
-6,6535	-2,1150
2,3905	0,7031
-6,4569	0,7686
3,7668	4,2420
-6,8501	-0,0179
3,7667	-2,2460
-5,4738	4,1764
4,0944	0,7685
-2,3936	-3,4912
3,8322	-0,3455
-1,2139	-1,0664
2,0627	0,2443
1,7352	-4,3432
-2,9180	-3,5567
1,4731	3,5211
-3,0491	-0,8698
5,0775	-3,7533
-5,2773	0,9652
4,8809	-0,5421
-7,7020	2,8658
7,0436	-1,3941
-3,3766	-1,4596
5,7329	4,5041
-0,6896	-1,0009
7,1746	-5,8505
3,5703	1,5550
6,7158	-0,1490
4,0946	-1,9839
5,4706	-2,8359
5,4708	-3,6878
1,4074	0,8341
5,9296	-3,8190
-0,2309	-5,6539
7,3058	-1,3286
-4,3597	-3,0326
7,2402	-5,2607
-3,4422	-2,5082
6,3226	-3,8190
-5,8015	1,2928
3,4391	-2,9015
-1,0829	-3,6878
2,9802	1,0307
0,0313	-2,8360
3,3734	-4,4087
2,4561	-0,0834
0,8175	-4,8675
5,1431	-1,6562
-1,2796	-4,0156
5,5363	-5,0641
-2,0004	2,5380
6,9781	-2,1151
-3,2456	-3,2946
7,3057	1,5550
-3,7698	-2,5083
6,5193	-1,1975
-2,0003	-2,0495
5,7328	-4,3432
-1,0829	1,4894
3,4390	-2,5083
1,0143	-5,3262
-0,0345	1,6861
1,0143	-4,4743
-4,6220	-3,5568
0,6210	-1,5252
-6,7846	-3,4912
1,1453	2,2104
-7,9642	-2,2461
1,6040	-2,7703
-9,4060	3,3245
1,9972	2,0793
-6,3258	-1,8528
-0,2966	1,4895
-5,2117	-1,7218
-2,0661	1,2274
-2,3280	-0,7388
-0,1656	-1,4596
-1,5416	2,2759
-3,3768	-2,5738
0,5555	-2,4426
-4,6220	2,6036
1,7352	0,7031
-6,4570	0,8997
2,5216	-0,9353
-8,3574	0,6376
3,7667	6,6668
-6,5879	-0,7388
3,2424	-1,7217
-3,2456	1,4895
4,7497	0,6375
-0,5586	-0,4766
3,8977	-3,0980
1,2109	-2,2460
-1,4107	3,8488
5,1431	-2,5737
-0,9519	-3,0324
4,1600	3,7833
-1,6728	1,1618
6,1916	0,5720
-5,3427	0,2443
5,7984	-1,0664
-6,5879	4,1109
5,6017	-0,6732
-5,0150	-2,6392
3,7012	4,2420
-4,6218	-0,8698
0,8175	-2,5737
-0,5586	0,4409
-2,1972	-2,8359
-4,2286	2,2104
-4,2288	-2,2461
-0,0344	-2,7703
-8,0954	3,9798
-2,4592	0,2443
-9,0129	-1,1974
0,8176	1,6206
-12,5517	1,2929
1,3419	0,3754
-8,2919	-1,9184
0,9486	-1,5907
-4,9495	4,0453
4,8152	-2,0495
-4,0320	-2,5082
1,9972	2,0793
1,0798	0,1787
-0,1000	-2,2460
2,2595	-1,9184
-1,5418	-2,3771
2,1284	2,2104
-2,9180	-2,8359
7,8300	-1,7217
-5,1462	2,8657
4,5533	-0,8043
-4,4252	-1,3285
7,3712	0,3754
-2,7213	-2,3116
5,3396	0,8997
-0,5585	-2,7048
4,6842	-2,0494
0,7522	3,0623
3,1113	-0,8699
1,4731	-3,0980
-1,2796	-0,3455
2,4561	-2,0494
-3,0491	1,7516
3,7668	-1,1975
-5,8016	-1,3285
1,6696	3,0623
-7,8987	-2,9015
3,1769	-3,0324
-6,3258	3,2589
1,9317	0,4409
-7,1122	0,0477
1,9972	-1,0009
-5,2117	-0,3455
0,0966	3,9798
-2,7869	-3,0980
-1,0831	-3,4256
-1,8038	2,8002
-6,4570	0,3754
-0,4931	-1,7218
-6,5881	-0,8698
0,0312	1,6861
-8,9473	5,1595
4,0944	-1,7873
-7,3089	-2,0494
2,3905	5,3561
-6,4568	-0,7388
3,0458	-1,9183
-3,3111	0,8341
1,2763	0,4409
-0,6896	3,5866
0,0966	-2,9014
0,7522	-2,9669
-1,5418	4,2420
0,3589	-0,0834
-4,0976	-2,9013
3,5702	3,2590
-7,8332	2,0793
1,7352	2,8658
-5,4739	-0,0834
4,4876	-0,4765
-6,5224	6,5358
2,9148	-0,2800
-3,5077	-2,7703
3,9633	2,2104
-1,4105	-0,5422
3,1768	-1,3285
0,8832	-1,5252
0,4899	-1,9839
4,0290	1,2928
-2,0661	-3,5568
3,8979	-6,5714
-6,3914	1,1618
3,1770	-0,9354
-7,2433	-1,8528
5,4707	-1,5907
-7,3088	-1,5907
3,3080	2,2759
-4,2941	-4,1466
5,0774	-5,5228
-3,9009	2,8657
5,0119	0,5719
1,4075	-3,7534
2,8492	-2,5082
4,8154	-3,1636
0,3588	0,3098
4,8154	-2,1805
-1,1485	-4,3432
5,4708	1,6861
-2,0004	0,5064
5,4708	-3,7534
-4,7529	1,3584
5,0775	-0,6732
-3,7698	0,4409
8,2232	-1,6562
-2,4591	-1,5906
4,4221	4,4386
-0,7552	1,6205
4,1599	-1,8528
2,0629	2,6692
0,4899	0,4409
3,5047	-0,3455
0,5554	-1,3940
3,7669	-0,6076
-2,1971	3,9143
4,6188	-1,9184
-3,3111	-0,8697
4,5532	2,7347
-5,6704	-1,9839
5,0775	-2,1149
-3,1800	1,8827
3,8978	0,4409
-3,1800	2,2759
3,1113	-0,7387
0,6211	-0,6731
2,3904	5,2906
-0,3619	-0,0179
-0,2310	-2,5737
2,9804	1,1618
-4,0321	0,8342
3,6357	2,0138
-3,3767	-0,7387
3,4391	-1,3285
-5,9326	3,6522
3,7012	0,7686
-6,8500	-1,2630
4,9464	4,5041
-4,3597	0,5720
3,5045	-0,8698
-1,8038	-2,0494
3,5045	-1,7872
-2,4591	5,7493
0,5554	-2,6393
0,5555	-3,3601
-3,1802	3,9144
1,1454	2,3414
-4,6219	-1,1974
4,1600	1,0307
-6,1292	-0,6076
1,6696	5,0940
-5,9981	-1,8529
4,0944	-3,0324
-6,9811	3,9798
3,8322	-0,8043
-4,7529	-3,2290
3,1768	-0,0834
-1,2139	-0,9353
0,5554	1,6206
0,6866	-3,3602
-1,0830	-1,9183
1,2765	2,2104
-2,6559	-0,1489
1,9973	-1,3285
-4,8185	2,1449
4,8809	0,4409
-5,4083	3,2590
4,8153	-2,2460
-3,8354	-0,2799
3,8323	6,9290
-6,4568	0,5064
4,8153	0,6376
-1,0829	4,4386
3,0458	1,8172
2,3905	1,6206
0,6209	0,6376
0,3589	-1,0663
-1,9350	5,6838
1,6697	-0,4766
-4,4909	-2,0494
3,5047	4,7008
-6,3258	1,3584
1,9318	-0,2144
-5,4738	2,3415
4,3565	1,9483
-8,1608	3,6522
2,1938	2,2104
-3,9009	0,0478
2,3904	6,1426
-2,0659	2,0793
2,5214	1,0308
0,2934	2,5381
-1,0175	2,6692
2,3250	3,9144
-3,6389	0,2444
3,4391	-1,5906
-6,9812	6,4703
4,0945	1,0963
-4,8185	-2,9669
3,3735	2,8003
-7,1122	-0,6076
3,1114	0,7686
-3,9009	-1,1975
3,6356	-1,0008
-0,6241	4,9629
5,6672	-3,6879
3,6358	-2,6392
3,7011	2,4070
3,1770	-0,6732
-0,2310	-0,6076
5,9951	0,7031
-2,6558	-0,8698
3,6358	5,4217
-5,2772	1,2274
5,2086	0,9653
-7,8331	6,9290
5,6673	4,6352
-3,9010	1,8172
2,0628	4,1110
-3,1800	2,8658
2,8492	6,6669
-1,6727	0,1788
0,2932	0,6376
-1,4761	6,7324
-2,1316	1,0963
2,7182	-2,3770
-3,4423	1,6206
2,3905	0,9652
-7,5055	4,0454
3,5046	-1,7218
-6,4569	-1,1319
3,9634	4,7663
-7,9642	-0,8043
3,8978	-2,3115
-3,7043	4,1764
3,2424	0,9652
-3,1800	0,7686
5,9293	-0,8698
0,3589	-2,1149
0,6865	3,9143
1,7352	-0,8698
-1,1485	-3,2290
3,3081	3,5867
-3,3767	4,0454
2,3250	-0,9353
-2,7869	1,4895
3,6357	-0,5421
-5,6704	5,5527
5,7329	-1,0009
-2,5247	-2,7047
6,2571	5,4872
-3,2455	0,4409
3,3735	-0,7387
-0,4275	-0,4110
2,3904	-1,1975
-0,0343	2,2760
-1,6728	-1,6562
2,4561	-1,9838
-4,1632	3,6522
1,4730	-0,9353
-5,7360	-2,5736
2,0628	3,9143
-7,5055	1,8171
3,1114	1,8172
-6,9156	-0,1489
2,9803	0,6376
-7,1777	6,9945
3,4390	-0,0834
-2,1315	-2,9013
2,6525	2,4070
-0,3620	1,1618
-0,4277	0,6376
0,8832	-0,4766
-1,9350	0,7031
-0,2309	4,3075
-4,5564	-0,4766
4,2255	-2,5081
-4,9496	4,1110
3,7667	2,0138
-6,6535	-0,0833
4,1599	3,0624
-6,7845	0,1132
4,4221	4,5697
-4,2286	-0,8043
4,2254	-1,7217
-0,6897	3,3900
0,0311	-0,8043
0,0313	-3,2946
1,2763	-0,2144
0,7521	-1,0664
-5,7360	2,4725
3,1770	-2,4427
-5,8671	-2,5081
4,0945	2,9968
-6,8501	-2,7049
4,3566	-4,5398
-4,6219	0,7030
3,8323	-1,9184
-6,6534	-1,5907
4,4220	-4,8020
-4,3597	-3,2946
1,2763	1,8171
-2,1314	-5,5885
-0,9520	-5,1296
0,0312	1,4239
-4,1632	-1,6563
-0,6897	-2,7048
-5,6705	-2,5082
1,9973	-1,6562
-8,8162	3,9798
2,2594	-3,8189
-6,7846	-3,0979
2,3249	2,4070
-6,4569	1,4895