-63,6029	-23,5670
-71,1402	-39,6883
-40,2065	-25,7949
-47,7442	-70,2939
-27,4926	-78,0265
-60,5890	-26,7782
0,0323	-105,7488
-71,0747	-51,8780
12,6807	-46,6362
-73,3025	-113,1545
-27,2306	-68,2623
-61,3743	-95,0671
-33,0635	-98,8022
-79,5930	-66,2969
-30,0489	-135,7649
-53,1166	-95,1322
-41,1903	-65,7732
-27,0334	-149,4618
-52,7901	-90,0860
-13,7298	-101,4901
-65,1765	-128,0969
-17,0722	-92,2492
-58,1643	-130,0635
-16,8106	-128,8178
-90,4730	-99,2617
-26,8375	-170,9578
-92,8324	-128,7521
-37,7823	-109,2234
-90,7350	-111,7136
-67,0116	-99,3931
-87,5889	-148,7413
-66,9465	-114,7277
-81,2975	-94,4779
-67,7985	-148,4791
-50,6927	-122,1332
-102,3360	-98,4753
-47,0880	-138,3865
-106,2679	-104,1111
-36,6027	-134,9134
-124,8141	-132,0291
-34,6366	-97,5579
-101,3522	-167,4191
-59,9993	-102,5381
-122,3887	-126,5908
-47,5475	-159,2268
-99,9101	-102,4731
-54,6255	-140,8774
-89,2931	-130,9154
-90,3425	-99,7210
-59,9331	-163,8802
-90,6048	-118,8566
-31,9495	-110,9930
-120,0305	-158,4404
-29,3280	-119,2499
-111,7731	-113,4833
-40,7971	-156,2777
-129,2708	-95,1987
-72,7132	-140,8118
-119,7021	-130,1945
-80,1192	-114,1390
-120,1606	-169,6473
-89,4909	-93,6258
-112,7552	-139,9604
-94,2754	-158,3093
-87,6553	-84,4514
-139,3641	-169,3202
-65,3732	-143,6947
-141,1995	-109,4860
-72,6478	-178,1670
-144,7382	-143,9570
-78,8086	-128,8188
-140,6746	-147,6930
-69,1750	-141,2050
-155,1577	-149,2005
-95,1926	-143,8920
-138,0522	-119,2510
-98,4041	-192,6509
-114,2628	-141,7292
-128,4194	-145,1381
-80,2496	-182,8204
-126,4537	-147,1035
-76,3832	-188,7192
-125,9297	-168,0091
-97,4860	-134,9801
-151,1606	-201,4330
-70,6169	-159,7518
-159,6804	-155,4273
-88,7704	-206,4134
-160,0735	-160,9975
-135,4978	-193,3067
-178,0298	-184,2625
-136,0222	-150,0534
-149,9151	-217,5553
-155,9453	-179,7405
-137,3977	-163,6199
-155,6177	-229,9414
-129,4679	-167,8134
-154,9622	-213,6236
-108,3655	-207,8557
-163,1542	-165,5204
-102,3363	-245,0150
-158,4356	-218,6690
-117,6720	-194,1596
-185,4357	-245,6048
-118,8518	-191,4722
-183,1419	-213,3620
-155,2243	-251,6997
-164,9225	-211,4611
-133,5980	-265,5283
-162,6290	-216,1140
-141,9206	-222,1444
-118,3925	-287,8104
-158,8288	-230,5322
-90,2777	-261,0070
-156,2078	-260,5474
-114,9191	-241,2149
-174,1642	-271,0335
-118,1307	-245,4087
-203,3273	-235,9066
-113,6089	-289,5799
-188,1231	-223,1919
-153,3895	-236,8899
-187,9916	-263,8244
-157,2563	-230,4671
-160,5321	-274,8351
-184,8470	-267,9532
-153,1265	-248,4243
-163,7445	-311,0109
-128,1576	-283,5510
-174,0990	-282,3068
-109,8078	-310,0935
-188,0580	-282,3067
-119,2446	-339,9785
-186,9435	-336,9632
-137,1362	-283,2250
-185,5012	-370,6495
-126,3232	-329,3615
-200,1813	-320,9083
-163,1542	-366,1274
-181,1759	-312,9127
-160,2711	-344,1080
-175,0157	-335,5223
-185,8954	-325,4306
-151,0954	-384,7400
-184,7162	-340,4374
-144,0835	-323,8577
-226,3971	-389,2620
-150,8992	-351,4476
-233,4093	-353,4797
-178,9490	-352,6928
-251,1038	-335,9819
-186,2241	-405,1873
-277,1218	-364,8823
-234,9828	-345,2880
-254,7741	-375,8274
-240,9471	-363,7034
-247,1067	-366,7184
-247,7629	-387,6239
-221,8099	-369,2087
-272,2079	-424,5866
-212,4382	-412,3308
-287,0844	-375,3697
-205,5569	-456,2407
-266,2438	-406,2364
-202,8703	-423,2109
-280,8578	-453,1604
-217,3535	-395,3582
-250,7766	-454,9961
-212,3733	-429,3056
-258,6407	-417,1823
-223,8420	-494,1209
-228,2976	-437,4323
-243,6343	-435,0742
-228,1010	-476,8851
-257,1347	-452,6371
-220,3683	-479,1793
-263,0986	-482,5208
-224,1697	-436,5810
-289,3126	-496,0873
-216,6987	-448,9668
-293,6377	-463,9097
-214,4050	-496,6115
-279,4818	-455,9795
-248,7456	-498,7749
-267,1604	-484,4221
-230,2649	-456,7669
-243,3052	-537,8343
-233,8691	-487,2407
-230,3292	-502,5769
-259,8212	-538,9487
-200,1829	-487,8311
-270,9625	-543,0781
-191,2704	-553,4320
-281,4485	-507,4918
-217,6161	-559,5929
-315,0681	-527,3484
-227,9710	-504,4774
-311,9224	-540,1937
-264,8025	-493,5978
-317,5583	-501,4624
-285,4467	-502,5761
-325,2258	-465,8764
-289,1168	-521,2540
-287,8049	-485,4052
-302,8795	-474,0029
-245,8623	-529,9697
-304,7144	-473,1500
-236,4908	-491,8284
-317,9525	-502,4446
-238,9153	-473,6746
-308,2528	-516,6663
-244,5517	-489,0749
-294,6864	-454,7352
-264,7370	-527,3483
-290,8849	-461,9432
-258,4456	-483,5708
-284,9210	-519,4834
-263,4919	-427,7338
-259,0997	-488,4857
-259,3632	-480,0306
-222,9241	-430,2897
-279,2204	-489,6649
-230,9849	-452,4399
-261,1323	-452,9647
-206,1471	-473,5423
-277,3848	-405,3855
-212,3729	-476,5575
-278,1052	-446,2134
-208,7687	-410,6288
-251,8907	-468,1686
-240,6193	-407,6790
-269,4537	-415,9375
-230,6575	-497,7251
-229,9357	-412,2010
-232,2304	-445,1663
-197,6264	-459,9766
-222,2691	-403,0921
-170,0359	-484,8150
-218,2713	-432,0579
-170,4947	-416,8546
-224,1032	-470,3965
-138,1856	-408,0063
-214,4041	-406,8926
-153,1931	-418,6884
-212,3063	-368,4882
-166,3004	-425,4386
-199,5264	-377,6621
-181,1115	-357,4780
-184,7149	-400,9276
-161,9754	-345,0252
-159,0250	-334,8679
-175,6723	-368,8149
-123,8982	-346,1394
-171,2160	-387,5581
-138,1196	-342,9933
-206,4083	-325,3651
-133,4666	-378,7109
-202,6072	-334,2118
-146,9673	-361,6062
-223,0540	-380,1521
-182,8808	-313,6991
-208,5703	-369,2081
-175,6068	-334,2111
-180,7175	-302,4272
-187,1411	-381,4626
-157,9110	-304,8508
-194,5465	-305,9005
-133,7938	-361,9979
-183,7332	-287,8771
-111,0530	-331,2623
-188,6483	-332,8340
-138,5124	-276,8673
-189,8272	-346,9248
-114,8545	-270,3129
-184,2565	-269,3309
-144,0835	-305,2438
-199,1983	-250,2593
-144,6733	-290,3678
-171,5422	-304,7848
-152,0136	-249,9318
-170,4281	-316,2540
-170,5602	-279,0945
-130,9754	-269,0031
-156,3390	-317,9574
-121,2109	-249,1450
-177,3101	-286,3043
-93,3580	-279,1599
-171,8050	-237,8075
-106,5306	-293,1193
-160,8598	-231,7772
-108,0382	-228,6979
-161,9078	-253,4040
-111,1838	-230,0074
-134,6447	-219,2599
-116,6890	-233,4151
-119,9644	-171,6804
-111,9049	-196,1911
-96,3715	-198,9429
-102,4677	-188,2612
-68,3224	-234,8564
-135,3008	-192,7170
-56,3948	-206,2177
-133,7278	-197,7634
-71,2716	-164,9304
-147,6864	-242,2624
-74,2865	-189,6365
-139,2978	-165,7826
-75,7943	-246,9153
-117,6054	-181,1169
-109,4799	-168,9938
-114,8524	-203,3341
-98,2078	-170,1073
-90,4734	-207,2664
-103,5158	-185,0490
-53,7081	-158,7697
-123,7663	-220,1109
-41,3215	-164,5359
-122,2588	-164,4714
-44,5325	-200,4499
-107,4471	-148,1522
-20,6778	-170,8282
-101,8763	-179,8057
-52,6591	-134,6524
-81,4285	-208,2489
-52,0695	-149,1350
-74,8094	-152,5440
-77,5630	-208,3798
-62,8160	-162,7668
-68,3226	-177,3163
-30,8350	-195,0759
-85,4277	-163,5537
-29,9835	-205,3655
-112,1005	-182,2306
-33,1948	-124,4947
-105,6780	-219,3899
-57,2468	-146,0548
-104,1048	-171,4179
-74,5486	-162,1764
-130,3842	-110,4038
-70,0924	-167,7474
-121,2748	-124,6243
-85,1656	-99,7213
-84,8369	-150,9042
-90,2776	-103,1284
-53,7732	-110,7308
-111,7079	-123,9685
-59,4748	-91,0042
-90,4086	-137,7310
-52,5942	-98,8024
-125,8630	-86,5480
-46,1713	-145,6605
-110,7238	-88,7753
-52,8560	-90,0211
-100,3689	-97,4261
-48,0064	-80,9113
-94,7325	-114,1380
-83,8543	-105,4212
-54,7555	-70,8844
-67,8640	-121,4780
-41,1895	-84,6467
-64,0628	-107,6503
-26,5753	-131,3737
-72,3857	-89,4966
-6,7181	-139,9596
-75,4000	-119,7739
-9,2741	-110,9928
-92,3735	-160,4721
-20,0218	-118,5289
-73,3022	-120,4304
-36,0127	-148,8722
-65,3064	-101,2281
-43,0905	-147,7588
-46,8249	-125,8037
-30,9665	-95,7890
-12,5501	-157,3923
-60,0644	-140,5490
-1,8675	-118,0054
-57,4432	-142,7120
4,8822	-95,6572
-62,2271	-135,0445
2,9813	-111,2540
-100,4339	-63,6759
-11,2397	-126,9178
-70,9427	-87,9888
-38,8961	-78,2247
-64,2576	-115,9069
-44,2703	-63,8059
-49,3810	-71,2120
-55,2805	-83,5320
-18,7758	-46,5047
-45,1883	-102,9309
-25,7229	-51,4847
-51,6759	-54,9591
6,9136	-120,6250
-78,4144	-41,5232
5,0789	-69,3113
-63,2751	-75,5364
1,0154	-37,2639
-71,6633	-92,5106
-2,7202	-57,3827
-55,4757	-19,7008
-10,7156	-85,3016
-32,5382	-49,8464
-27,5583	-61,2504
-34,1763	-83,0731
-15,9584	-35,6911
13,2055	-83,6633
-65,4380	-67,2790
2,7200	-50,1091
-45,9086	-105,6174
9,6007	-52,5332
-62,4236	-50,4367
-13,9925	-80,4515
-67,9937	-27,0400
-17,7938	-64,9855
-75,9233	-65,3779
-27,9518	-15,8990
-69,3039	-53,1890
-23,0367	-28,2849
-41,8445	-3,8407
-42,2387	-70,5557
9,3390	-34,2485
-41,8457	-57,7762
1,6713	-39,4258
-30,1146	-15,6370
13,6640	-72,4561
-50,9547	-43,3579
3,1783	-20,7487
-64,6511	-76,1262
20,6763	-26,9742
-65,4376	-50,8298
-6,3243	-56,1376
-35,5529	-18,9793
-11,6330	-46,7010
-18,9720	-30,1856
-8,2908	-14,2609
31,8836	-87,3985
-2,8516	-44,0789
16,2860	-57,8420
-15,6964	-73,3078
19,7590	-17,3407
-53,8379	-77,8961
28,2131	-67,0815
-67,9281	-3,2509
-1,5403	-92,5105
-64,4543	-54,7612
-0,8852	-34,3148
-47,6116	-83,2040
-19,7595	-25,5984
-36,7977	-67,6071
-14,7133	-56,0064
14,4515	-27,8269
-5,1451	-97,4253
37,9132	-30,5785
-11,3708	-10,5253
59,4087	-78,8129
-25,3952	-16,5538
51,7410	-46,3731
-28,9993	-51,2220
40,0755	-0,2357
-29,6545	-66,7546
49,8400	-29,2675
-36,4046	-13,8677
-12,6810	-77,1091
-11,5007	-12,9497
12,6152	-46,6358
-12,6804	-59,0869
-0,0332	-28,6786
21,3979	-92,3792
-25,3955	-58,0381
28,0826	-14,3921
-25,4609	-72,1940
44,4664	-36,6079
-43,6141	-41,6546
25,3301	-34,7727
-34,7008	-0,5635
45,2523	-60,9872
-55,4755	-8,7546
-14,2539	-10,1319
-18,2511	-56,7270
-19,8907	-9,6067
-13,2049	-35,6251
-28,2795	-34,4446
-0,7532	5,2693
-44,0735	-61,8392
17,9241	-21,5998
-63,6690	-7,7070
2,2612	-72,9803
-56,1976	-13,8013
3,5059	-36,2154
-72,5811	-81,3687
7,2413	-9,4762
-68,9109	-61,3811
-2,4581	-76,4533
-46,4317	-24,3533
7,6998	-94,3453
-24,4118	-47,6178
-10,2569	-58,1046
15,0408	-85,7597
-13,2062	-41,4577
24,4124	-57,1211
-22,7742	-59,6109
44,6625	-1,6776
-37,9785	-77,6335
27,9511	-19,6988
-41,1237	-22,4526
15,1061	-40,1463
-38,0432	7,0391
18,7105	-47,0937
-22,6419	-39,8184
3,5061	33,5153
-7,4374	-40,7368
18,9071	-26,6459
35,4885	-9,9348
1,8023	-56,0062
41,1902	1,1411
-4,0303	-29,6611
56,7876	-37,5905
-18,9069	-9,0830
52,0034	-54,3026
-23,3631	-21,4032
55,8043	-17,2753
-17,7923	-61,3148
33,6531	-10,3934
-16,9400	-22,1904
31,2280	-47,8142
6,1286	20,4736
5,0791	-44,9968
20,3500	-36,5416
-2,0645	7,9565
35,6852	-41,9161
1,3432	16,0178
36,0124	-12,4907
-32,0144	-39,3595
41,4515	0,6825
-53,0515	-26,1873
13,3367	-15,5700
-57,7699	14,1826
-12,8125	-27,4325
-69,5661	5,9911
-16,8106	19,2287
-56,4589	-29,2673
-24,0853	25,9135
-34,8322	-32,8067
-47,0229	-19,1745
-26,1813	-3,4467
-40,4039	-45,9137
3,4403	-16,7499
-57,2465	-6,1339
14,3191	-42,7022
-76,3828	-0,4974
-7,3731	-29,3988
-63,1441	-16,6842
-0,0335	18,0492
-60,2603	-18,1265
-8,4220	13,9865
-57,8353	37,3165
-29,9176	-26,6457
-17,1371	24,5374
-17,2696	-22,0587
5,2108	-21,0750
-2,0649	30,9595
32,7357	-52,9916
-0,6227	-24,4832
49,3819	-28,3506
-19,6277	-68,3924
50,2340	-15,0466
-5,4062	-52,2714
40,2067	-60,5939
-25,8530	-11,0494
38,5025	-59,0215
-30,3751	-30,7751
-11,5014	-11,5081
-0,4252	-52,2709
-11,3054	-18,3886
-9,3382	-27,8917
-31,0971	-31,8888
8,4875	-9,0173
-21,9877	-60,9870
26,1817	-34,5102
-40,8619	-20,8142
35,5532	-81,1067
-58,9496	-38,1152
17,3343	-51,8130
-52,3957	-75,5363
2,9162	-24,6810
-46,1042	-93,6247
-36,2745	-60,8561
-31,2929	-8,1005
-33,1946	-68,1966
-1,4087	-28,6123
-27,2313	-18,2584
11,8295	-57,2512
-40,9936	20,1461
23,0359	-40,0814
-55,1488	-17,3394
32,8007	37,9064
-59,0150	-34,5760
30,9001	-1,3485
-40,5337	29,5177
4,6201	-28,1531
-41,4508	20,0159
-10,4532	4,6801
-33,6518	12,4135
-9,2082	32,2051
5,6695	-37,8525
-31,9494	15,5596
11,5022	18,9009
-29,9177	-34,5101
12,9437	11,7582
-43,3526	-23,5008
8,3557	-34,3135
-66,9451	-7,5755
0,0983	-65,1158
-50,2989	-45,2582
-17,2035	-20,4210
-61,8327	-82,8760
-5,9312	-16,6193
-44,7276	-45,4558
-9,6668	-45,5863
0,8197	-10,5251
-21,2669	-65,5748
22,5778	-29,3986
-19,9563	-3,7095
24,2815	-60,9871
-44,8597	-7,3131
24,4124	-39,1639
-51,1510	-54,9573
37,5848	4,8108
-62,3575	-41,9166
4,0301	-53,7120
-64,8477	2,3857
-11,0436	-66,6889
-90,3413	2,1896
-65,0452	-32,4797
-77,8896	-63,6738
-76,1215	0,6164
-63,3410	-41,6546
-89,6877	-41,4574
-38,9621	-29,7271
-110,3971	-78,6164
-48,7271	-20,8792
-125,9946	-21,6664
-64,0624	-78,3542
-107,0543	-15,1123
-70,5508	-38,8366
-114,1316	-70,6207
-49,1205	-14,3258
-106,2670	-42,8340
-52,9868	-28,9399
-67,2727	2,3856
-64,4556	-38,3775
-30,7689	8,0876
-47,6132	-50,1083
-29,7205	-36,2139
-66,5523	12,6750
-0,6884	-43,1615
-64,0620	-15,1771
-0,5572	10,0534
-70,6153	-60,5284
9,7974	-1,8737
-63,3405	-30,9068
-8,4872	-51,0909
-63,7331	10,1188
-16,7447	-52,5992
-14,9089	-29,6608
-9,9948	-12,8189
-6,7165	-60,0043
-15,3029	-17,4714
39,3553	-37,1984
12,2218	-69,8343
36,2751	-17,8648
4,7514	-54,3029
53,5764	-50,8945
-7,5689	-29,2681
57,9016	-66,6889
-15,6949	-35,2971
32,6704	-34,7734
-13,5321	-59,1521
26,9680	-3,9713
-12,6147	-61,6430
-20,2178	-38,4426
4,5555	3,6963
-30,7698	-42,7686
9,6672	-35,3623
-28,1486	3,4996
8,0939	-50,8946
-47,4158	-9,2791
25,3297	-53,0574
-48,2021	-34,1823
28,9994	17,3279
-78,0858	-64,6573
17,7931	-30,9713
-34,5045	-4,6268
-2,8511	-63,6088
-45,5141	-23,1075
9,2728	-60,3322
-23,2322	-50,5670
-24,6747	-19,1758
25,7886	-65,2475
-33,5880	-40,6710
6,3246	-24,2222
-31,6873	-70,1622
21,4631	-9,0826
-43,9422	-39,1643
27,8200	-57,6442
-37,1917	3,2380
27,1645	-46,8313
-38,8298	-3,7737
2,1953	7,6288
-40,1403	-29,3328
-0,1641	30,9601
-33,1933	18,5079
-3,6377	-15,8981
-13,7947	20,0155
-24,4124	-39,4257
28,8034	-32,4128
-26,0511	-2,0707
32,2110	-57,3826
-20,3493	-21,4033
24,0843	-36,9361
-48,3328	-68,7203
28,8685	-26,0567
-50,1020	-59,7425
1,6707	-39,9500
-46,7592	-16,5548
-6,7179	-89,2332
-46,2351	-19,3064
-44,9251	-20,2248
-16,7437	-63,4122
-18,0558	-10,3282
22,1839	-45,7835
-62,0304	-40,8673
16,3514	-12,4911
-65,8316	-63,0186
-1,0160	-16,7499
-85,6232	13,3304
-25,3957	-52,6637
-86,2785	15,0353
-19,7601	-2,8566
-92,2422	-2,3318
-44,2050	33,0571
-75,7928	-36,7383
-66,1597	20,6715
-68,0590	20,0807
-67,2084	-42,7020
-33,1286	12,0861
-67,0121	2,6482
-55,2140	-1,9389
-53,1835	10,1849
11,2385	-52,5328
-88,3763	1,5351
-19,1041	-6,8547
-86,6717	-35,5588
-19,9563	12,0202
-63,0128	-15,8329
-27,2310	-39,5561
-64,7819	33,7124
-13,7304	-47,5523
-18,9068	0,5518
8,4205	2,5825
18,4486	-54,8262
-17,0071	18,5083
19,4976	-3,5126
-15,6306	-57,9065
34,7670	-6,5266
-39,2888	-47,4213
19,4318	-23,5659
-59,2770	-10,0005
17,3345	-73,8976
-53,9029	-15,5049
-8,4215	-11,9668
-50,4948	-48,2073
-7,6352	13,1993
-21,6591	-27,2366
-24,4125	-29,7261
14,9756	5,4006
-12,0264	-50,3047
33,9811	-2,7253
-4,0307	4,5483
54,6247	-55,8751
-13,3364	-16,9466
63,7343	-39,8848
-12,4841	-25,7285
70,6153	-7,7068
-19,1030	-53,1228
36,2090	-30,0540
-31,4233	-1,8088
17,4656	-51,6810
-9,3377	-30,1849
22,2492	-34,9040
-1,0148	-32,6096
-6,9797	14,7723
34,9640	-38,4426
-9,5360	-5,8053
26,6407	14,3791
-29,4587	-28,8738
25,7228	19,5571
-55,8696	2,5830
17,9896	-1,6764
-52,7893	22,5057
5,5375	-6,9197
-58,1628	-21,4685
-19,3005	11,4300
-41,8440	-17,3401
-14,7131	4,1554
-0,8185	-26,3843
-13,4027	-44,8649
1,0822	6,5804
-32,2112	-47,2247
38,8303	-9,0820
-53,7074	36,2679
1,4751	-38,6391
-61,5058	11,7588
3,1784	25,0616
-63,9959	-1,4795
-16,0895	49,3762
-68,1245	13,7244
-10,5847	23,6211
-77,6924	57,6991
-31,2283	25,8489
-29,2613	56,3889
-29,9834	60,6480
-1,6707	8,2200
-25,4614	55,9957
8,6185	25,8489
-32,2769	40,9226
25,7885	43,2813
-41,6483	-12,6203
15,1717	35,0249
-54,6241	43,0843
24,5430	-16,3557
-55,1482	46,0996
-4,1616	29,5185
-25,5914	6,3193
-25,7234	35,2201
-48,3973	-6,5262
-10,3224	28,5358
-13,9260	20,2775
-36,2746	-35,9517
8,0284	36,7932
-47,6124	13,7236
6,7175	-24,0894
-60,2608	27,5526
2,5231	-5,7398
-59,4085	23,2276
21,6592	43,5429
-71,1392	-17,3393
19,1035	44,3956
-47,6771	16,0836
-12,7471	-3,9696
-38,5014	54,3567
0,4912	-5,2154
-9,2723	35,9419
10,2562	46,2953
23,2331	-4,5599
-7,7006	25,3247
54,6902	27,2247
-18,9073	-0,6277
54,5589	29,7807
-27,6890	-23,6966
50,3644	13,0040
-52,7890	24,1440
7,1108	-24,3518
-53,3128	8,6785
-16,9412	12,4788
-42,7617	-9,9338
-24,4126	47,2787
-20,8071	16,9352
-42,0420	12,4796
-3,1127	56,6502
-39,0928	-15,1769
0,0329	30,6334
-55,0178	52,6524
32,7353	-8,0985
-52,5931	50,9492
4,7515	19,8849
-48,4636	26,7665
22,7079	50,8178
-54,8860	-0,1033
5,8652	37,9076
-26,2469	33,1885
4,0297	2,1906
-33,9143	44,7231
-29,8520	25,6518
-7,7655	9,5304
-29,1968	60,5822
16,6136	-26,1216
-46,6294	22,4411
18,1865	19,1632
-42,6315	-30,2501
27,8854	13,8554
-49,1849	-10,1967
20,5453	1,2068
-68,0588	9,7261
6,9795	-33,2652
-42,4339	3,5662
-0,0986	-10,3282
-31,3583	-47,6828
-14,2541	4,9423
7,3080	-15,8333
-7,3731	-39,7531
34,4398	1,5342
-15,6964	-16,5537
26,7066	4,3526
-16,0236	5,6629
50,2335	-23,6310
-24,0186	24,9310
40,8619	8,2191
-11,7630	-7,9676
32,3421	42,4292
-23,4280	14,3138
35,8156	9,2030
10,2574	38,0382
26,6402	-4,8876
6,6529	25,8487
-7,9626	25,5206
34,3088	-12,0311
-8,7497	34,4992
16,9415	-19,1094
-41,9762	-13,3415
26,8370	24,5376
-57,1805	-36,5417
-5,1447	9,3996
-67,2726	41,7076
-2,4580	-15,2422
-63,1437	45,0507
-22,3810	12,4788
-54,3615	21,3269
-8,0286	58,2228
-6,5205	-25,0730
-20,8739	-1,0206
8,8152	25,5205
-22,2499	-15,2424
27,6893	31,4191
-37,7161	-2,3979
46,2359	-19,5019
-38,8958	34,1714
20,3493	-19,3713
-28,8685	22,8344
6,1929	43,6739
-46,2351	-2,7904
15,6299	45,1820
-47,6769	45,6403
-23,1017	9,3995
-23,2315	68,3818
-0,8854	32,9264
12,6820	32,7308
-4,4242	69,5610
34,3087	-1,6105
11,1080	29,5196
43,2869	34,3030
-20,8073	20,7375
54,1004	44,3298
-27,2296	9,4649
58,4258	29,2570
-5,7992	62,2207
17,2693	-15,7667
-22,5103	29,5847
18,7110	29,4525
17,9907	-11,6377
19,9556	23,9480
22,2506	20,8019
-1,1470	15,4282
44,5324	23,1609
-18,5795	-37,4593
46,8258	10,0543
-30,5725	-10,5905
26,3130	-58,9548
-20,6109	9,1364
17,2685	-37,9842
-52,5265	-50,9594
18,1860	3,3693
-30,5722	-34,5759
-5,7349	12,4135
-40,7299	23,6196
-3,6378	-37,7213
-0,0978	19,2296
-8,0943	2,7795
14,3202	4,1563
-2,7856	27,7488
34,3083	-8,0994
-27,2302	0,5517
50,3648	-6,0680
-32,0799	-24,8763
42,8935	8,5468
-50,2985	-28,8090
2,1303	-6,7883
-40,0089	20,7360
10,7148	-20,7479
-31,7514	-6,5916
-10,1256	36,1369
-7,5032	-31,2988
-15,1719	28,2734
22,1188	17,5905
-26,1162	-24,2864
39,3549	19,4916
-11,5019	-24,4835
38,5683	-37,3276
-48,2015	20,9985
48,2021	-41,5226
-39,6163	6,0567
1,0162	-1,8740
-28,1470	-41,7191
13,1397	12,6098
-35,1593	-39,5571
-28,4099	-19,5680
-17,3988	10,8399
-15,8929	-57,7102
3,7034	-0,0381
-22,9053	2,9098
17,7936	-57,5133
-31,8179	24,9963
46,2360	-14,9158
-18,7108	-33,9201
34,8328	4,4832
-29,5891	-53,2535
37,9784	-4,2327
-15,9573	2,2547
22,3152	-38,7702
-21,3309	11,4958
27,3615	-2,6605
0,4270	-35,8864
21,0699	27,3553
23,4303	-43,1613
25,3951	-4,4288
57,5743	14,9688
16,5479	-51,4183
73,3028	15,0352
-13,4673	1,0098
62,9483	-14,8491
-3,8986	26,4380
58,6227	-24,3521
0,2960	14,5766
46,3672	34,8264
8,9472	-43,2265
52,6582	25,9145
7,7020	9,9226
25,8544	-22,3856
52,5284	11,7580
24,2809	-43,4886
28,2801	-11,1790
10,9773	3,1724
61,8993	-37,0663
-17,3998	-8,6890
55,2801	-3,7087
-32,8659	-26,4493
40,7967	12,4788
-22,9698	-26,0564
36,6023	-0,1691
-19,2994	33,0569
28,4100	-32,0853
-1,9981	9,9235
11,9603	4,4833
-1,2771	-29,4638
-10,8465	14,5109
17,0072	-3,2501
-26,3788	-4,8222
11,2398	13,3960
-25,9853	-59,5448
21,3319	8,9403
-59,9328	-3,0539
28,5410	-66,7537
-38,4368	5,5978
-1,8679	-3,7092
-55,0168	-19,9614
14,7126	6,7114
-29,5234	-38,5082
-21,9221	-4,1013
-29,8508	36,5954
-19,0387	-23,8279
-3,7020	17,7876
-1,6717	-22,8448
24,2812	-16,6838
-10,1914	39,2834
26,9025	-12,3590
-46,3011	4,8121
35,6845	30,9602
-47,4152	-18,8466
4,1618	36,4657
-47,1528	18,9670
-6,5864	-4,9527
-49,8396	53,0460
-8,4872	-11,5067
-27,6229	16,6744
-19,6286	52,3251
-7,0446	5,1398
-32,8669	37,1870
7,3732	49,2452
-28,8035	32,6648
31,1623	49,2455
-35,8157	26,3733
23,5601	30,1748
-44,2039	61,2380
37,7158	0,9453
-61,4396	35,4172
-0,0326	16,0836
-31,6863	0,8142
-6,3244	41,6425
-29,3267	-21,2721
-25,3956	-19,5674
-25,1324	37,5133
-37,5197	-43,2923
-13,8603	-0,3002
-36,0124	-0,7601
30,2445	-54,1053
-67,8629	2,3865
20,3489	-14,7845
-38,6340	-28,8739
3,1780	24,2752
-66,3551	-46,1102
-12,7473	0,8798
-64,8476	24,7993
-18,7113	-29,3982
-58,7527	18,5740
-37,0612	-5,4124
-47,4806	-9,6062
-32,5395	36,7271
-13,5987	-17,6678
-65,2417	-1,4141
11,6981	23,2920
-51,8069	-13,4075
17,5962	21,9819
-35,0950	6,4497
18,6447	-4,7562
-30,3104	61,1069
26,3780	-20,6162
-33,9144	32,9275
9,7320	75,0659
-31,6856	4,9430
6,1932	47,8037
-7,5027	45,3783
10,1252	21,5238
17,5318	51,4730
3,6372	-8,5578
41,5175	-4,6250
-22,1841	44,5260
49,6439	-32,8061
-22,1187	-4,5597
16,0893	-0,3661
-57,6385	-9,4751
42,7623	25,1273
-45,4491	-19,5680
2,5228	1,8628
-54,4270	42,7563
-31,6871	-21,4685
-29,6547	30,4363
-40,1415	38,1031
-12,2877	-9,5407
-44,8604	38,7592
-1,7364	3,3039
-31,6219	-5,4116
35,9463	25,1276
-34,2432	-18,9777
31,6867	9,6617
-41,4515	41,7734
26,3127	-16,7497
-30,1133	13,2004
27,3609	12,7411
-65,7646	-1,3486
11,5670	31,9431
-31,7516	-9,0168
6,5204	4,3528
12,4192	3,1727
-37,1922	-23,0413
7,8978	14,9694
-13,6648	-16,0296
30,8347	-29,5947
-49,2505	24,7993
41,9105	-29,6609
-37,4539	-12,3590
42,3691	1,2720
-34,4388	-41,7192
25,2640	-3,2494
-37,1255	1,0754
0,9503	-17,5364
-5,0784	20,2120
-5,2104	-28,4158
-7,8963	-5,9363
1,9986	-0,6287
23,6263	-40,8017
-17,8586	3,1075
32,6048	-14,3257
-13,0090	-46,6342
63,9965	7,0394
-14,9749	-39,8845
41,7139	-38,8350
-23,6250	21,2604
47,2843	-42,3745
-27,4261	18,9018
21,6599	5,6627
-10,1901	-37,0002
-6,9141	29,7807
-10,3210	-1,4148
-17,4655	13,1350
10,5847	47,8026
-24,9368	-33,7233
26,9685	37,2523
-36,2745	50,9482
25,9198	-21,5338
-28,9999	16,8706
41,0582	20,4743
-31,1624	3,8286
22,8393	25,9139
-57,4418	-17,9295
-0,8191	19,2299
-30,8995	36,2027
-16,6134	-21,0750
-15,7604	31,6159
-16,9414	5,3355
20,4810	3,5012
-13,0750	47,6062
27,2308	-18,7159
-24,4780	12,9385
37,0608	12,2168
-33,9807	-36,6067
16,8099	23,2273
-59,7360	8,9400
13,7950	-3,3802
-74,6126	36,4651
-13,2716	-17,9952
-74,3504	10,6446
-29,7212	24,6681
-43,8108	-44,1438
-45,3193	9,0061
-73,1052	22,1122
-56,3946	-26,4493
-14,3201	15,0350
-85,2963	-35,1657
-33,7840	-6,2638
-80,3154	37,3164
-14,2545	-44,0131
-91,7182	-0,3656
-13,7301	-1,8736
-85,7539	-44,6679
-24,6092	29,9116
-67,4035	-0,3664
-19,6944	5,5326
-67,0756	15,8209
-19,2356	-42,0464
-39,4852	29,9775
-34,3742	4,0900
-2,2608	-22,4513
-24,4787	39,4141
-1,3436	-21,9279
-29,0002	-30,1189
18,1204	6,8426
-41,7139	-45,1928
24,2809	-22,5823
-56,9831	12,0195
50,9542	-50,3701
-49,4463	-15,1116
12,2884	-20,5516
-6,9131	-26,6461
7,7661	-9,4107
14,9106	-67,8682
6,4554	-16,8812
43,6808	-8,6902
9,1420	-75,4704
34,2434	-9,2790
-7,8970	-20,9452
53,9691	-49,3869
-42,8276	1,5996
31,8180	-52,9259
-55,3446	0,1585
16,0237	38,5615
-27,2952	-29,7264
14,3193	9,9889
-27,2949	13,5272
5,3410	-6,9850
0,1648	27,0277
-2,9823	-3,6430
18,3184	-16,0944
13,2707	7,2359
55,2147	-33,8549
-6,2587	3,1077
74,0892	1,8616
-4,6857	-34,7068
77,8901	-10,9173
5,4073	-42,8336
59,7366	-34,1167
11,9613	21,3912
42,1074	-60,7250
-8,5510	-8,4269
53,8380	-8,9521
9,9299	-40,0809
35,4879	9,3328
44,1396	-21,0760
21,2010	-9,4102
39,5522	-1,8739
24,8056	-43,4886
62,1617	7,3672
-18,0544	4,1552
55,8705	-53,3189
17,9901	3,7627
60,9817	-31,1029
-42,1714	-37,1314
33,3915	24,9959
-12,4182	-44,9965
10,1912	4,3527
-18,9717	14,6406
3,3752	-35,2312
10,6505	-2,4634
-12,3536	-22,0590
16,3521	-29,2673
-18,5794	14,9689
34,0467	-29,9888
-21,3974	-14,3252
49,6441	6,5146
-19,6279	-56,7269
48,2675	-12,8832
-22,0525	-15,6363
16,5481	-11,9657
-47,6767	21,7846
-3,5061	-38,2461
-26,8363	-4,1011
-11,3708	24,3404
-19,5618	-34,1172
-41,8450	13,4621
18,4491	-0,0390
-0,4921	-33,8549
25,7888	-10,7865
-7,5697	-46,8969
53,9035	-19,0439
-36,7328	-14,6535
48,2021	-50,4358
-29,9168	-29,0709
19,1695	-16,4884
-29,0645	-49,2559
28,1477	13,1997
-15,6953	-34,8386
-2,5887	-28,8738
-30,2437	26,2409
-0,6227	-35,8213
5,9970	-10,3927
-22,9051	7,6287
20,8082	-56,8580
-30,4420	4,3527
20,6765	-15,5707
-64,8482	0,0272
-0,3607	12,1509
-79,5937	-50,2387
-9,4705	12,4795
-92,5697	17,6560
-39,3550	-15,8979
-81,1008	24,7998
-45,1224	4,0904
-58,7528	7,6301
-40,6661	53,3078
-36,6670	-21,5339
-38,2410	23,2933
1,6058	54,2252
-59,8676	-8,5575
16,5481	55,2746
-45,9084	34,6301
12,0914	3,3049
-63,2096	58,5512
13,5986	-11,7033
-60,3913	22,0485
-6,1935	66,4805
-40,3370	-13,9970
-8,7498	41,3154
-56,8518	27,9454
-28,5415	-10,8513
-11,8944	40,0698
-36,1439	-27,6946
-19,8897	-6,8535
-45,2533	17,2625
8,6836	-63,6081
-58,6880	6,8432
33,7183	-18,3893
-49,1851	-54,7607
2,3268	8,3500
-37,1258	-49,9118
6,1277	-34,0512
-34,3727	12,6092
0,2296	-44,0133
-19,8890	-13,0147
17,7930	-13,3431
27,2311	-42,5712
-9,0768	-8,1654
38,9622	-38,7052
31,0965	-49,9111
49,8405	4,4830
-9,0767	-45,6519
50,9548	-20,6168
-13,7952	0,3543
48,7264	-49,9115
-30,6375	-0,8246
41,3863	1,9926
-23,1004	-14,3906
33,1286	35,5476
-8,5513	-11,3761
23,6915	7,3023
36,0132	32,5329
19,1695	0,1587
34,1130	58,2234
43,4177	34,3679
63,6692	-0,6929
20,0873	48,9175
72,9754	-3,7081
26,2477	11,8247
79,9218	40,5940
12,6168	-6,8536
84,3126	34,7619
-11,9590	23,8821
59,4746	-16,2250
9,4055	35,0237
22,4466	-0,6936
12,5514	16,4117
-0,8191	34,2366
18,2528	-35,4927
-0,6884	36,1378
30,9662	13,0029
-23,1674	-20,4195
31,0969	32,3365
-41,3209	-13,4077
22,4460	13,3971
-54,3624	29,0594
1,9332	-29,9878
-44,5317	19,1643
-0,7540	24,6031
-61,6360	12,2172
-5,8658	34,6303
-29,7201	-0,5623
-24,4781	23,2276
-8,0275	35,4823
-21,1361	-4,4287
-0,4255	30,1745
-24,8059	32,0743
20,5455	-26,4487
-46,8258	30,3710
21,2665	14,7072
-40,4687	3,1075
15,0404	38,4965
-58,0973	-22,6485
7,7659	-6,6572
-50,3638	-0,8254
-8,2249	-51,6149
-40,1401	6,9740
-24,8711	5,7284
-15,1707	-21,7307
-4,6210	22,3747
-1,8673	-28,0879
-39,2892	9,3338
-9,7972	31,8770
-31,4250	-45,7820
22,9048	9,2027
-56,7218	-7,5750
19,4970	-15,1767
-37,3884	20,8675
11,1739	-31,6268
-47,8735	15,2975
18,9071	4,6796
-43,0235	-61,0519
0,4917	18,4430
4,5555	-2,5949
-6,8487	-29,7260
14,1239	14,8380
-9,5358	-14,7845
29,3933	-25,7940
-37,6505	12,8061
51,2167	-59,0210
-30,2454	-20,4853
7,4386	-4,1678
-57,0488	-38,0493
26,7714	3,3037
-49,6432	-37,5253
6,8484	-21,0096
-33,5211	6,5149
13,0084	-32,1512
-15,3676	-9,6718
13,8604	7,8255
2,5891	-28,8740
-18,3832	15,0350
32,0149	1,7308
-35,9470	-7,2469
27,6896	50,1621
-35,7500	-21,0753
46,5635	21,5894
-40,4685	57,2400
19,1040	-2,3972
-51,4122	36,0727
45,4490	32,3365
-45,9074	5,1396
17,5965	33,3854
-0,4254	-8,2958
-1,6059	22,3753
-7,5029	33,4499
-24,7399	-44,0130
42,1730	-14,5872
-31,8836	-23,6974
35,6193	-67,8680
-23,9539	-5,8062
43,0244	-73,2428
-65,1102	-54,8265
11,5673	0,4191
-47,2185	-82,0901
-4,8825	-22,7797
-55,9345	-44,3417
-10,9120	-61,6424
-28,6060	-8,0345
-20,6118	-41,8510
-40,6643	-2,9880
-31,2285	-16,2268
-0,3600	-63,0186
-29,7214	-4,6914
-0,9501	6,9732
-50,4304	-27,0392
36,7327	7,3671
-49,0540	-25,0731
22,5116	16,3460
-49,5123	46,9505
0,0982	-12,2933
-47,6768	28,2083
2,7195	47,6716
-38,1085	-8,6231
-24,2814	46,1651
-33,2587	22,5060
-19,1695	18,6401
11,8298	46,1646
-12,8787	-21,4682
-4,8817	19,8854
-3,6375	27,3555
30,0482	-10,0651
-49,5121	33,4506
58,9498	-2,8566
-26,4435	-21,9925
36,5365	20,2775
-32,6687	-39,2290
25,7887	-26,7111
-20,2168	-1,1530
21,7252	-46,3725
-6,0611	5,1387
2,9819	-25,1394
25,3306	-41,2605
3,8332	6,5803
3,3757	-28,0881
-22,7740	-12,1623
21,0699	16,4761
-35,3570	-28,1533
31,2276	-3,5770
-57,5078	-22,7793
4,2270	-35,0994
-38,8297	32,7295
8,1590	-24,6146
-65,6991	-15,1111
4,9479	42,0352
-22,1836	-34,9693
-16,0895	10,5132
-0,4253	3,6968
-25,9854	-2,2008
16,8105	26,0448
-22,8397	-33,9859
17,4657	-8,3605
-24,4122	31,6808
40,9274	-30,7088
-29,1310	17,6567
25,2643	21,7192
-56,0002	-32,1510
15,8923	15,7557
-45,5799	-14,2604
-9,2081	-31,7576
-49,6430	-11,2456
-27,4928	-50,8290
-22,6422	-12,0314
-29,1314	19,0318
1,0163	-42,1784
-37,0614	2,3863
6,5868	-20,6172
-24,8062	-24,1555
26,9679	2,1239
-43,7457	-40,8022
3,5715	-17,2087
-52,3958	-11,3114
23,5597	-51,8776
-52,5925	-7,1167
-23,6259	-31,2346
-52,3299	-48,2075
-17,7279	5,7935
-43,0240	-61,5120
-34,8983	-47,8139
-10,5182	-13,8020
-28,5418	-63,2152
18,5794	0,6823
-42,1076	-19,1103
0,8194	-56,1370
-50,5612	2,4517
35,4876	-49,8460
-58,6219	-34,1169
19,4316	11,4955
-52,7888	-52,2050
13,2058	0,2892
-12,7462	-19,6342
10,9115	-28,8740
-3,7019	17,5903
15,8922	-28,4159
12,9443	-14,6528
7,7004	19,6876
51,5449	-25,0731
5,7343	-5,8052
57,9675	14,2484
6,5866	1,7969
78,7420	23,2271
-3,6369	-8,4924
52,3967	-21,8611
-6,5201	38,2345
40,0100	-25,7286
-29,9162	-12,8174
27,4269	31,2219
9,5362	-29,7917
6,9136	19,2948
13,5997	-7,7720
-2,3926	-26,6455
19,9565	42,0354
-13,2058	-41,2604
53,3796	-0,3000
-26,3785	24,8650
59,8676	-26,8425
-13,6642	11,6274
30,3107	-11,2452
-33,5863	-3,6424
30,9003	27,6832
-26,3117	-2,3324
13,5988	17,5256
-30,0472	20,8018
1,9989	-15,0460
0,6891	16,4116
6,8483	10,3818
50,9546	-16,5531
-9,8636	30,5016
41,1899	-17,7985
-20,3492	6,8432
28,1480	7,3668
-37,9781	-35,1655
30,5070	9,4643
-45,7111	-18,4549
9,2077	-44,1440
-42,2376	-18,7166
8,0280	-49,8462
-34,6351	-28,2848
-4,0964	-16,3578
-25,3944	-75,7984
-15,5653	-20,3546
4,0311	-10,5252
-24,9370	-55,0888
-3,7678	0,5512
-43,6144	-31,9549
34,1771	-19,3057
-40,5345	12,3475
16,9410	-50,1732
-70,2873	-7,8367
15,1715	8,3499
-53,9034	-16,2256
-19,6284	15,2315
-40,5993	2,1896
-25,5271	9,2024
-24,8705	14,3793
-30,3113	-37,2625
-22,3804	18,9675
-45,6466	24,3407
-27,0332	-18,7813
-48,8578	23,1618
1,9988	5,0733
-56,9187	9,9892
18,7101	21,9163
-71,0740	-8,5578
15,3022	26,3731
-57,8353	13,0031
5,7995	-26,3832
-41,4512	30,2395
0,0323	25,4547
-41,2541	4,6805
1,8019	35,5476
16,0239	-23,5659
-7,9632	21,3272
20,0873	40,6591
-21,5287	-19,6332
47,4154	31,0262
-23,4292	10,2507
26,5095	-18,8463
-35,7498	52,7181
24,6089	-16,7502
-40,4028	-1,1518
-4,9483	25,1270
-78,0201	-26,3838
-15,2376	7,3019
-31,1624	7,4321
-57,5741	-14,8496
-39,5506	15,2310
-30,9666	-40,2780
-12,4844	-17,7984
-21,7916	-2,1362
14,9751	-64,5258
-35,8811	-7,2472
40,7963	8,7425
-14,1232	-34,4447
62,6198	12,4132
-29,3925	-10,7212
42,2382	-33,3959
-24,9356	25,3237
26,1161	-50,2388
-16,4814	3,3698
8,4867	5,8594
-9,0760	-20,4197
-22,8397	37,1203
-4,7508	-11,1143
-43,2216	-15,4388
4,0962	32,9261
-49,5135	-30,3159
-23,6914	3,5668
-70,6157	23,2266
-8,7498	-35,5584
-86,2131	7,7610
-4,9487	-3,3151
-66,0935	-11,3099
-39,4861	53,8977
-64,0609	-26,0561
-20,2841	8,9410
-38,3052	32,6638
-27,4927	-17,7327
12,3544	25,4556
-0,0988	20,5398
38,9617	1,6006
-10,4530	36,7928
56,1320	-26,1869
-24,0188	-1,2827
41,7797	38,4966
-16,8752	-11,5070
40,5341	18,5086
-29,0647	18,3115
17,3997	-19,1090
-34,7005	40,7903
5,4719	-13,2770
-7,8965	-18,1261
-2,1960	1,4031
4,2278	-25,3355
-18,0557	-17,0123
22,0534	-20,4863
-30,4420	-57,5789
17,1382	-16,0950
-41,1241	-48,0767
48,1362	-29,2018
-56,5247	-1,8741
35,0291	-68,5237
-43,8760	-9,5408
5,0136	11,2329
-24,2148	-52,5327
9,2732	-1,7423
-25,0665	-41,1299
22,7080	-21,4028
-7,1099	14,6410
0,8848	-52,6640
28,1485	-4,4292
-14,5166	12,3470
18,5805	-48,6009
-4,4240	-22,6483
40,0755	-47,2246
-17,7931	-33,5269
34,1771	10,5122
-60,3252	-69,0479
31,1625	-17,4051
-23,4285	-3,1848
25,4605	-53,7779
-14,5809	7,0393
1,6710	-2,3330
-3,1116	-32,0199
14,3850	2,3860
32,7363	-50,5013
17,9240	-14,0631
42,4354	-2,3327
13,7957	-57,9724
79,2663	-10,9828
-6,3240	-25,7292
56,4602	-53,3189
-17,2680	-3,4466
58,8193	-36,4112
-12,7457	-4,6914
28,0171	13,7890
3,2453	-44,7995
29,5895	5,0082
-1,1456	8,4808
19,1037	-26,2524
29,1317	22,7683
7,3073	-7,0509
41,3212	2,2557
-10,3218	10,1194
86,9342	-45,6511
-11,4359	12,8069
61,9654	-6,8546
0,5578	-40,2118
56,8531	22,3093
13,2068	-17,2749
61,5714	-18,4537
-6,4541	36,3991
44,4011	-30,9714
15,4349	24,9967
17,0724	32,5324
41,5182	-22,9102
21,4629	26,4387
47,8095	9,5954
6,7829	13,0695
50,6275	43,0187
-6,9792	-31,2986
56,7219	20,9996
-11,3699	36,0061
69,8947	-36,2137
6,7834	28,2081
21,3323	9,1363
-26,7045	-18,6504
48,1364	25,5204
11,3059	-38,4426
13,2057	-10,9170
21,4643	20,2771
19,3660	-45,6513
48,1373	11,0372
21,5287	9,9224
64,8488	-25,6626
19,7594	23,8167
86,3443	-19,2403
9,2081	12,4794
69,6327	31,6809
4,3588	-11,9655
51,9379	34,3685
-5,9301	52,0625
18,5146	-3,2493
-5,3399	33,5821
18,3831	0,1585
15,2383	38,1041
-6,5864	46,8195
22,0540	-34,3787
-8,4215	29,5845
46,8916	3,6968
-26,0509	-48,2066
35,8158	21,5230
-42,0413	-22,1898
29,7862	-18,8470
-48,2015	7,1044
11,7637	-68,1303
-49,7740	-38,5077
-6,1277	-3,9712
-25,7223	-46,1759
7,4380	-6,3302
-8,4864	-43,2927
-21,3324	-17,7331
1,4100	1,0094
-11,2401	-56,2684
19,9563	-18,5195
-17,5970	-11,6389
1,6714	-71,4068
-41,9104	4,8114
33,1937	-24,8116
-72,7779	-31,8231
12,4844	16,3452
-66,4206	-31,7582
-21,9877	-20,0920
-72,7116	4,9419
0,4911	-50,2388
-31,4242	18,7049
-19,6284	0,9442
21,3324	-13,6042
-12,7474	4,7456
23,8231	-30,3815
3,0470	-3,9699
30,9009	0,4200
-16,4167	-42,1121
33,8499	7,4983
-26,7056	-16,9470
21,8566	-32,9370
-28,9990	21,3261
15,7611	-30,1195
-32,9311	4,4185
0,5566	29,9767
-37,6497	-20,4196
-13,5991	50,9491
3,8345	29,4527
-7,5701	-4,8216
14,9756	54,5537
-15,3033	24,3413
29,1970	25,2595
-15,9582	68,7745
49,5782	-4,0354
-45,1869	36,4663
37,6506	59,7304
-47,5461	15,3632
7,8317	33,9101
-46,4974	19,4262
-12,4850	32,6649
-49,3152	46,2303
-27,4929	7,7611
-44,1380	41,4466
-35,0294	57,2398
-4,8169	-4,3632
-57,3120	37,9077
-8,2901	17,5252
-66,8802	2,5185
-10,2564	49,5726
-62,6854	-11,8998
9,1419	17,3952
-69,1732	41,1841
4,0956	-4,6906
-47,0217	38,0390
2,1951	36,0723
-41,7785	24,6696
-2,5233	55,7334
-3,1779	30,7640
-9,1426	26,5702
8,1600	65,2359
-25,9198	9,2685
35,8162	43,7405
-4,4895	24,0137
36,7332	-12,1615
-13,4674	50,6870
80,5112	-15,0460
-19,4964	-10,1957
47,2190	8,8086
-14,4497	-57,9065
46,0394	-7,5093
-19,6269	-33,0694
8,9459	-64,7224
4,2937	-24,2215
9,3385	-55,2202
5,9319	-20,2893
-15,8927	0,4194
17,0074	-67,6718
-21,9224	-9,5409
12,5508	-4,3644
-41,3205	-50,2386
46,5634	35,2854
-43,3521	-17,7992
21,7907	-16,7494
-43,9415	47,9990
8,6836	-34,9693
-22,6418	16,2151
11,6977	27,4862
-18,9061	-29,0049
-1,9990	25,1278
0,3615	17,8530
-10,1254	12,6762
16,6799	60,5825
-21,0699	6,7121
26,6411	39,7429
-10,3219	56,1915
49,1851	7,3024
-28,9994	44,7893
45,5805	48,1310
-20,9383	19,4267
34,5050	70,3476
-17,2023	-13,3417
35,6187	30,6992
-16,7433	54,2907
7,8971	-17,3395
9,4055	51,9321
6,0617	30,1078
-14,1219	-8,5575
-18,4484	56,3881
37,3886	-11,5071
-35,4226	11,5625
9,8636	37,3826
-62,5539	-35,0995
32,7356	17,2642
-29,7205	29,1253
28,9997	-24,3513
-34,9628	37,3831
15,6304	-3,6427
-35,8798	15,1667
31,4245	54,8150
1,4100	-24,2211
5,2102	-9,0817
10,1920	32,2706
2,0645	-13,6042
47,2193	11,0373
-1,8679	-15,7671
40,2724	-27,4977
-17,7273	5,5318
48,5295	-54,2366
-33,7834	-14,7182
52,0685	-0,3667
-28,6715	-43,2925
21,8564	-20,0272
-15,6296	-27,3021
17,1377	-31,5613
-3,3742	-9,5418
6,5862	-61,1838
25,4616	-33,5925
-9,7325	10,6432
36,2750	-52,9261
-11,1742	-25,4664
39,8792	-41,1953
-18,8417	-45,5859
55,2799	-25,5978
-26,5747	-68,8516
38,3059	-40,9984
-41,9095	-4,1026
18,6452	-58,3006
-27,4915	-26,7118
21,5942	-35,1008
-24,7388	-41,9815
-11,5671	13,4614
9,6020	-52,7953
5,6028	-37,9176
7,7012	20,8670
-24,2814	-32,0858
32,4080	-10,3929
-26,5095	-10,8521
28,0170	-31,7573
-46,6942	16,4111
38,1752	-29,7261
-44,5311	6,0571
9,6015	46,4262
-16,0880	-21,5994
28,6064	32,2714
8,6189	12,3478
20,5455	-23,1716
13,2065	54,2912
13,5987	13,7239
33,7191	-13,8657
6,3896	25,7173
53,4451	-36,3450
-36,0776	7,3678
46,4983	4,2867
-17,3997	-33,5267
55,4105	39,8731
-41,4513	-10,1313
29,7861	-12,4242
-39,4194	41,9044
-3,7685	-16,6192
-29,5889	1,4037
6,2583	28,6658
-22,5766	-11,8348
-21,3982	32,3363
-10,1901	-10,2624
-33,1946	-14,7835
5,4071	24,8652
-56,7219	-38,9667
12,4191	14,3145
-45,7773	-6,2647
13,4675	-38,5732
-67,7314	19,8190
23,2323	-9,4107
-58,4252	-38,4423
3,6371	-1,3494
-31,4895	-47,8800
0,9499	-20,2891
-49,9702	-13,1464
0,9503	-72,1938
21,7257	-16,2258
10,5837	-5,9376