-208,5662	-239,2572
-182,7453	-226,6745
-187,9226	-231,5895
-180,6481	-240,8955
-181,9585	-241,9445
-194,6726	-259,0492
-183,8588	-243,1241
-188,3156	-248,4330
-194,1478	-276,2201
-208,1727	-274,0574
-186,1525	-289,5242
-188,7745	-285,5263
-186,4805	-285,3304
-213,8092	-308,5299
-216,8894	-327,4698
-210,8602	-299,9445
-208,0426	-304,4015
-242,4486	-308,6611
-234,7813	-321,5715
-253,6554	-309,9063
-261,1925	-293,6535
-260,1437	-319,8024
-279,4117	-334,6785
-281,3776	-323,0789
-273,2516	-327,9287
-290,4220	-312,2655
-305,4296	-319,4094
-289,5701	-346,9997
-311,0004	-326,8146
-271,6135	-341,0364
-308,3794	-357,1578
-289,6358	-318,6232
-302,8086	-357,6174
-283,6723	-361,6145
-307,1339	-356,8309
-308,3138	-378,8510
-305,4952	-374,5258
-278,1675	-401,9855
-304,4471	-402,5752
-330,5303	-390,0586
-285,9003	-451,7932
-331,1203	-438,3583
-297,1067	-429,7082
-310,3453	-471,0615
-281,3783	-471,9788
-324,6978	-490,0674
-290,1601	-489,6741
-294,0924	-500,6192
-303,9885	-537,8436
-321,0927	-545,1834
-295,3378	-517,2657
-336,1663	-537,0578
-329,8093	-548,7887
-306,8064	-558,7502
-336,8222	-565,5003
-320,8310	-555,8013
-347,1769	-575,0691
-315,7849	-590,0765
-330,0724	-571,4648
-343,5724	-616,8812
-351,3713	-620,8788
-338,1332	-626,5151
-365,5274	-635,6902
-343,1796	-616,6851
-350,3888	-646,8975
-374,0475	-661,7739
-383,3530	-640,1473
-363,6928	-647,7499
-390,3001	-684,0568
-373,0644	-692,1830
-390,6281	-672,3915
-410,2231	-690,3487
-405,1769	-710,3371
-396,9195	-708,2401
-383,0918	-704,7017
-418,9398	-741,4018
-392,2011	-741,5330
-418,2846	-759,3592
-389,7112	-803,3993
-429,9503	-799,8603
-404,9155	-817,8835
-426,8047	-834,7261
-450,9874	-823,9134
-434,6688	-892,0709
-432,1136	-874,1794
-429,8197	-881,4548
-453,6751	-920,9730
-456,6237	-921,8905
-462,4567	-935,2604
-439,5191	-968,6836
-482,9041	-939,6514
-464,0950	-972,4854
-496,7976	-972,6163
-469,4037	-965,6698
-486,0498	-997,1273
-482,7079	-1007,6778
-489,1302	-986,7726
-489,8515	-995,4888
-506,0385	-988,9353
-500,9271	-1020,6551
-513,6409	-1029,6329
-513,9688	-1013,1841
-517,3768	-1041,3647
-548,0478	-1046,0833
-512,6581	-1068,9557
-535,2687	-1081,7352
-545,4266	-1057,8806
-574,6554	-1103,6253
-533,1717	-1141,8976
-593,0059	-1125,2519
-568,8886	-1148,3212
-563,9738	-1170,6034
-574,3288	-1183,4488
-584,7487	-1212,2847
-620,0074	-1197,4088
-617,1233	-1246,2990
-605,4591	-1266,4183
-630,8211	-1288,6357
-678,3350	-1312,1631
-641,0447	-1321,6660
-656,6432	-1313,1468
-675,8452	-1342,9006
-706,3848	-1355,8110
-673,2896	-1383,2053
-705,0747	-1358,7605
-703,6985	-1368,5914
-735,3523	-1374,7522
-723,1630	-1407,0613
-739,0226	-1432,2924
-739,6128	-1413,6153
-747,6081	-1439,1088
-761,0435	-1443,7622
-760,4533	-1468,0760
-792,6321	-1477,3167
-791,8450	-1503,6624
-804,2320	-1516,3109
-785,7510	-1495,9297
-845,1265	-1529,2224
-806,2638	-1546,3927
-801,0871	-1563,1047
-829,0056	-1577,5880
-852,4013	-1569,6588
-823,8937	-1616,5170
-853,9746	-1618,2209
-851,0914	-1613,7650
-858,4312	-1643,8462
-870,3594	-1647,7130
-872,9149	-1655,0534
-907,3217	-1693,2612
-904,0447	-1686,5768
-936,2885	-1742,0861
-892,7731	-1754,8654
-933,1436	-1752,8346
-930,1288	-1784,3577
-953,1321	-1807,3609
-946,3167	-1792,2227
-972,3345	-1840,9816
-964,7981	-1850,5498
-992,4543	-1875,6507
-1005,2341	-1886,5298
-1007,5278	-1898,2610
-1022,6015	-1902,5210
-1053,2721	-1938,1728
-1051,8307	-1936,4691
-1035,7745	-1943,1540
-1083,1573	-1961,7665
-1053,1416	-1987,5877
-1088,3350	-1979,0026
-1063,3656	-1965,3718
-1121,2342	-2012,0335
-1077,5216	-2044,8011
-1088,3356	-2010,1332
-1106,3581	-2045,5228
-1125,5598	-2049,1928
-1102,4262	-2075,4075
-1124,1183	-2085,1721
-1130,2791	-2080,5197
-1158,5902	-2099,9186
-1144,5660	-2123,3803
-1133,3594	-2122,1355
-1184,1500	-2140,4857
-1175,8918	-2134,2599
-1164,4240	-2145,2046
-1165,6038	-2184,0017
-1216,0006	-2137,0126
-1167,3075	-2172,7300
-1188,1484	-2171,4843
-1196,8649	-2148,8749
-1222,4232	-2162,3097
-1199,0275	-2175,8100
-1198,1755	-2187,8027
-1227,8635	-2167,7490
-1209,3820	-2137,7340
-1234,6793	-2192,6532
-1232,1230	-2188,4582
-1247,5243	-2165,3249
-1222,8827	-2190,8835
-1214,0355	-2174,0411
-1218,6888	-2196,0613
-1271,5103	-2218,8674
-1239,4630	-2185,8376
-1245,7546	-2208,7099
-1206,9578	-2228,8291
-1241,9537	-2212,1832
-1213,0527	-2212,3800
-1225,3075	-2216,0498
-1207,9408	-2222,1449
-1225,5695	-2230,1401
-1223,8002	-2199,4040
-1210,0372	-2214,0841
-1209,8409	-2230,8610
-1194,8326	-2191,8672
-1206,1051	-2229,8127
-1165,3414	-2199,7312
-1200,0758	-2210,3482
-1183,5603	-2200,5176
-1186,6406	-2187,0173
-1159,7710	-2200,7140
-1190,7695	-2184,1331
-1163,7686	-2165,8490
-1176,2860	-2152,9382
-1165,9314	-2173,9092
-1174,8440	-2143,3693
-1184,9366	-2157,3940
-1178,7101	-2113,1567
-1178,2516	-2098,2148
-1123,3322	-2098,6075
-1148,0396	-2059,3514
-1122,6764	-2036,4793
-1133,6210	-2025,5344
-1080,9300	-2010,0676
-1108,3238	-1999,4503
-1067,8879	-1968,4515
-1081,7814	-1958,2934
-1045,2124	-1947,0206
-1068,0839	-1898,0000
-1037,5444	-1938,0420
-1035,7090	-1915,4316
-1043,9013	-1893,2804
-1013,6231	-1906,9773
-1035,8403	-1884,3014
-1031,3828	-1876,6337
-1017,0308	-1853,9579
-972,7938	-1843,2760
-1012,6396	-1862,4121
-974,8250	-1840,6537
-999,1390	-1817,2575
-951,8875	-1803,9537
-973,2526	-1820,8614
-976,5946	-1782,5881
-964,9292	-1762,7962
-987,6705	-1741,1690
-985,7692	-1716,7895
-976,0702	-1713,3810
-954,7053	-1635,8518
-969,4510	-1664,8185
-931,8982	-1637,5547
-946,7099	-1592,7938
-917,6767	-1601,6406
-922,8542	-1571,9522
-874,2918	-1536,8906
-904,1763	-1547,4414
-870,3594	-1493,1118
-891,9859	-1507,6609
-848,1428	-1493,5041
-868,1962	-1449,2675
-842,2440	-1461,2604
-854,4334	-1442,1233
-832,4133	-1432,8172
-826,4493	-1413,5491
-834,2481	-1356,1399
-808,1643	-1392,5777
-801,7422	-1361,9060
-773,2988	-1330,7767
-781,0324	-1338,6406
-742,6934	-1309,4113
-746,9532	-1307,2484
-719,4278	-1295,9759
-735,2873	-1260,7175
-714,6432	-1269,8270
-698,2590	-1269,4330
-682,3996	-1238,3691
-679,4500	-1228,0801
-669,0957	-1227,4898
-680,6948	-1213,4649
-669,7508	-1214,3167
-669,5537	-1169,2279
-684,7581	-1176,9611
-681,3497	-1160,1181
-646,4850	-1144,7824
-631,9363	-1121,8449
-665,0314	-1136,3280
-625,4474	-1137,9005
-608,9326	-1116,6665
-611,0298	-1079,0492
-628,4615	-1111,6201
-593,3344	-1069,0870
-591,6300	-1075,6409
-575,8360	-1066,9242
-564,4326	-1050,2125
-570,3964	-1049,0328
-558,7305	-1053,8822
-558,3375	-1033,5004
-554,9292	-1035,9907
-550,8660	-1022,6210
-535,7271	-994,1785
-556,3707	-995,4892
-511,9375	-983,6921
-522,8821	-965,7352
-519,6707	-952,8244
-536,7753	-916,1244
-492,7354	-917,7626
-504,9907	-937,0296
-512,3961	-908,5213
-515,1484	-908,5212
-518,4251	-903,6057
-500,7957	-878,3088
-509,6433	-852,9467
-485,5256	-872,6726
-493,0626	-862,7109
-472,4837	-855,5674
-479,6273	-834,7924
-448,9561	-828,4353
-460,3595	-834,6608
-424,5766	-803,7932
-439,6497	-790,2273
-413,8285	-774,4985
-424,1173	-763,0296
-364,0211	-774,4326
-394,6261	-756,8030
-387,8101	-753,9852
-371,6879	-742,1229
-377,9795	-752,8707
-342,2622	-752,6736
-375,3581	-710,6652
-344,0313	-724,4935
-348,8813	-722,0681
-345,9318	-685,6303
-349,4708	-700,9658
-313,7540	-715,3832
-350,1918	-686,6126
-333,0869	-656,5976
-348,8155	-653,7140
-337,3470	-671,8015
-341,7377	-662,1017
-345,6702	-633,3971
-347,8325	-644,0139
-365,5931	-617,2747
-359,6286	-604,3644
-358,3840	-599,7766
-334,9220	-605,4124
-354,6484	-580,7052
-335,8394	-573,4306
-354,5827	-546,6264
-335,8394	-563,0103
-354,3859	-574,8717
-316,2442	-533,7807
-338,3295	-545,2497
-319,7174	-526,1127
-330,3338	-506,7800
-305,9548	-508,4836
-319,3234	-497,8010
-294,4857	-504,8789
-294,8129	-496,0967
-286,0969	-486,5941
-280,3292	-498,6527
-283,0819	-500,5528
-253,0005	-477,1567
-260,1442	-462,5424
-253,1317	-443,0129
-272,2024	-481,3511
-233,9950	-486,7246
-250,4444	-476,1077
-235,2404	-454,6122
-245,7256	-466,6052
-222,5263	-471,3890
-237,4682	-461,7552
-257,7844	-445,6334
-240,7445	-463,0004
-233,2087	-444,3878
-251,9514	-408,6057
-242,6452	-457,0365
-196,8358	-451,5964
-245,4637	-408,7364
-211,0566	-421,8434
-232,4871	-412,9304
-205,1587	-421,3191
-206,7317	-427,1512
-197,4911	-405,1967
-216,8896	-393,3348
-221,1495	-415,2890
-210,3360	-379,5719
-226,4582	-375,9676
-223,9672	-372,6250
-222,5915	-365,7435
-218,2657	-350,3425
-232,2250	-319,6062
-189,4953	-346,6723
-211,4502	-313,9696
-171,5383	-303,8772
-185,6287	-300,4691
-153,0570	-301,7796
-171,0795	-289,9176
-147,0276	-285,2644
-164,0012	-264,0964
-147,3550	-288,6066
-150,3039	-294,9633
-133,1338	-249,6127
-144,9951	-286,2474
-142,6362	-286,0500
-124,6133	-264,0960
-118,3224	-271,2393
-126,2516	-257,7390
-133,0019	-277,2685
-107,3772	-281,7246
-122,5161	-228,5753
-107,6394	-241,6172
-125,9892	-311,6744
-100,1685	-249,0873
-120,5499	-242,7965
-110,3264	-245,1556
-109,9984	-234,3421
-84,5710	-250,9224
-112,7510	-219,2034
-92,7625	-241,3544
-104,1655	-235,1283
-100,2991	-231,3274
-76,0505	-241,7477
-99,7093	-232,9003
-87,9778	-249,0876
-71,5287	-245,1554
-64,7783	-241,4201
-94,2040	-240,3059
-63,0743	-238,9297
-70,8077	-240,6338
-52,8511	-254,5926
-85,7497	-220,0555
-58,0284	-244,6312
-89,1575	-248,6288
-72,5116	-226,2155
-62,7467	-234,3420
-91,6483	-238,9292
-66,9406	-223,9870
-58,4873	-202,8191
-76,3780	-213,8292
-89,8786	-221,6931
-63,6641	-200,2628
-97,9394	-204,7196
-61,2391	-213,6322
-80,5070	-192,9880
-67,7275	-161,1381
-72,6424	-203,6052
-79,7204	-195,8714
-64,3192	-160,2202
-51,7367	-168,6742
-67,0061	-171,2955
-63,9261	-162,9725
-56,5854	-161,0718
-48,9838	-162,7759
-31,7474	-184,8613
-61,5007	-168,6081
-17,3947	-161,2029
-36,4663	-168,6741
-31,0919	-185,5166
-53,5053	-167,6907
-20,8030	-163,6279
-53,6366	-161,8583
-35,3521	-170,7058
-56,0612	-175,0308
-24,2112	-162,6448
-46,8863	-190,0387
-35,8765	-173,7199
-29,9782	-153,0110
-37,4493	-179,0284
-36,4006	-128,4346
-62,9426	-149,8651
-29,9778	-148,7506
-49,1146	-119,1284
-31,6820	-156,9424
-57,9619	-125,7469
-27,8153	-120,3734
-48,5249	-111,2636
-15,5604	-112,3779
-46,6897	-136,0360
-25,1938	-131,7103
-16,5433	-102,2849
-35,7452	-102,8751
-38,5627	-126,7297
-26,1770	-95,1415
-28,7980	-97,6320
-34,2376	-84,6560
-3,8945	-117,1617
-44,7234	-103,8577
8,1643	-95,2726
-38,4320	-115,2612
16,2907	-114,9331
-18,1814	-89,8989
5,6738	-102,5473
-23,4238	-114,0160
17,3390	-118,7346
-2,3215	-133,5455
-30,8296	-114,5403
-6,4498	-123,3877
-15,0359	-120,1107
-16,6079	-104,9723
-23,9483	-100,2537
5,3463	-116,4409
-29,3880	-123,7807
-6,6467	-105,2339
-30,5021	-68,8618
-23,0310	-116,5061
-30,4366	-104,9712
-26,7670	-51,6255
-57,8959	-90,4227
-27,5534	-71,1546
-21,7208	-49,5938
-35,4178	-78,2326
-38,9565	-44,4163
-52,8504	-79,8057
-46,0341	-76,2008
-58,4208	-62,6352
-32,2060	-68,4025
-41,7748	-78,9536
-38,4974	-69,8443
-32,3372	-68,7301
-17,7226	-97,5003
-10,9725	-78,1017
-11,1690	-77,7740
-10,5790	-61,5870
2,5280	-96,5832
-9,6613	-94,2234
15,5696	-69,3857
-12,3483	-102,9402
-9,0715	-74,7597
18,0603	-102,0882
-20,8029	-105,3646
-8,7435	-71,4830
-14,5768	-89,9643
-13,2004	-91,5369
-28,4049	-90,8159
-22,3754	-83,0172
-41,6433	-74,2354
-5,0088	-92,5198
-15,6257	-91,7985
-16,4779	-56,4750
-26,0456	-74,4975
-26,5047	-76,3320
-29,9121	-60,0139
-29,1916	-60,9313
-23,1617	-69,9098
-25,3906	-68,3367
-28,8634	-67,7469
-35,6139	-68,5990
-15,0356	-88,1942
-42,1022	-59,8827
-18,1157	-59,6209
-53,2432	-67,4195
-12,9387	-83,9998
-36,4663	-68,3365
-24,9975	-56,4747
-56,1267	-54,3122
-28,4051	-75,8074
-37,0560	-59,6204
-35,3523	-45,4645
-48,2624	-68,2056
-43,2165	-57,1297
-49,6388	-61,2587
-59,0762	-63,8802
-42,6917	-48,6105
-41,9058	-68,9267
-21,9173	-69,7132
-54,8162	-66,3055
-35,2209	-94,0272
-25,1940	-93,3717
-20,9346	-88,6534
-52,3915	-88,7844
-29,2574	-96,7144
-56,9789	-98,8114
-39,7435	-96,7142
-42,1026	-57,5894
-72,9048	-111,6565
-53,9645	-83,8687
-74,0848	-68,3371
-74,9362	-76,0702
-106,1316	-70,1719
-66,6790	-67,3538
-108,3601	-79,3468
-68,2522	-59,0307
-104,1003	-83,6066
-94,0734	-64,2733
-107,0492	-64,1427
-90,7966	-77,7082
-105,7383	-61,5209
-75,1333	-81,9683
-86,9953	-85,1792
-95,7770	-50,5767
-70,1522	-89,7014
-93,5488	-57,5887
-62,0912	-36,9455
-94,2041	-63,1597
-70,8074	-65,2564
-86,4053	-76,5941
-62,9434	-61,3898
-99,7744	-41,2707
-60,1908	-81,7717
-81,2280	-93,2403
-89,7476	-87,3420
-97,4147	-85,2453
-65,4337	-97,5007
-70,2176	-107,8555
-59,8633	-130,9894
-84,5044	-92,8480
-84,5700	-121,7494
-60,7801	-143,9659
-90,8616	-109,1009
-68,6443	-119,1938
-78,9339	-137,3468
-61,8945	-122,2082
-68,5793	-121,8149
-69,1037	-109,8874
-70,1523	-98,9429
-70,5457	-95,3385
-86,8640	-95,8627
-96,4324	-106,1516
-71,9873	-98,0904
-91,7802	-87,6046
-109,7361	-91,7335
-122,9749	-93,7650
-112,5544	-77,3154
-124,8100	-83,8035
-131,5598	-87,6702
-134,3125	-85,9009
-103,6418	-95,2069
-126,1207	-108,8385
-98,0716	-109,4940
-131,4946	-113,6884
-123,1714	-118,6038
-112,1613	-149,0124
-89,8140	-122,8636
-114,6518	-149,1438
-121,1398	-152,2892
-112,1610	-123,5849
-115,6348	-146,4570
-126,8411	-128,3688
-121,3363	-138,7891
-100,2336	-140,8860
-119,8945	-110,6087
-82,4736	-123,6503
-109,3435	-131,7763
-98,4643	-115,2611
-117,1419	-89,9644
-92,0419	-98,3529
-91,2555	-113,6878
-98,5955	-88,8496
-107,1146	-68,2062
-87,7820	-87,6702
-99,0536	-94,6166
-92,1070	-69,7133
-77,4266	-89,1119
-81,2278	-88,9152
-65,4990	-93,1752
-73,8220	-86,9493
-56,4549	-83,1484
-74,5429	-101,2366
-70,0209	-110,8699
-87,5844	-87,3430
-59,2731	-113,4263
-76,1816	-104,5789
-64,4507	-104,1857
-70,7419	-118,0795
-82,1455	-108,1176
-106,9176	-94,8800
-78,0166	-124,6327
-80,2447	-94,6828
-100,8889	-105,8897
-76,2469	-93,6996
-111,3746	-92,2578
-95,1866	-88,1946
-85,4225	-73,9076
-79,7207	-82,3621
-107,7046	-104,3161
-80,1797	-89,0463
-109,0156	-91,1437
-88,6995	-107,7242
-110,7854	-108,5106
-114,3242	-101,3672
-114,3898	-85,4422
-133,3957	-94,7486
-147,4852	-106,5448
-137,7865	-113,6224
-155,0219	-105,4307
-141,9804	-121,8145
-104,4283	-80,1995
-136,4101	-105,4966
-116,8797	-100,3844
-106,9186	-123,5188
-97,8745	-120,3071
-113,7340	-66,8959
-95,6462	-114,0164
-118,0589	-130,0718
-92,6312	-78,4954
-84,8324	-91,3409
-97,3497	-108,5107
-75,9849	-91,9300
-82,9975	-77,3158
-76,6400	-62,5701
-103,9034	-77,9711
-63,5327	-81,0509
-76,8370	-82,4272
-63,5329	-78,6916
-76,7712	-68,4678
-41,7095	-70,8275
-75,2640	-91,5365
-35,8111	-64,4703
-73,2322	-73,3179
-59,7971	-76,9877
-62,7459	-75,0220
-53,4403	-97,9594
-51,2775	-104,3160
-50,0981	-64,8640
-70,4795	-103,2681
-87,8466	-85,1144
-52,5227	-92,6512
-70,8077	-99,8597
-65,1712	-66,7643
-80,5070	-87,8668
-63,0742	-87,4730
-79,3929	-61,0624
-58,2904	-63,9456
-95,7767	-34,7823
-54,4235	-59,2926
-57,8316	-47,0371
-41,1199	-41,4013
-72,3802	-56,8676
-58,2246	-58,1782
-58,5520	-39,6974
-66,4821	-61,1931
-74,6082	-51,5592
-69,6278	-58,3095
-53,2436	-65,6495
-82,6037	-35,6998
-44,7896	-63,4872
-73,8875	-61,7174
-35,5490	-37,3385
-60,3215	-58,3755
-27,8158	-68,7953
-55,1442	-69,1885
-52,0638	-56,2123
-47,3450	-39,5664
-49,7048	-65,2564
-40,1362	-47,2336
-62,0256	-36,8137
-72,7728	-37,0103
-57,8967	-63,9454
-58,6830	-31,2430
-78,4751	-58,5715
-63,9915	-58,3749
-80,1135	-53,9183
-44,2656	-56,2779
-67,9241	-42,5153
-56,0621	-56,5405
-77,0333	-77,3801
-51,6056	-60,7998
-77,2297	-44,0885
-66,6132	-57,2611
-70,0209	-41,5324
-73,6258	-61,0618
-63,8604	-21,5437
-91,2549	-28,6216
-72,0524	-22,5920
-90,9926	-17,4148
-51,8672	-35,5680
-71,4631	-11,7784
-42,1681	-18,3977
-72,1180	-8,7639
-39,1535	-17,6112
-42,9547	-15,1208
-47,5423	-13,4823
-38,5636	-7,3220
-65,4993	-9,6812
-69,1688	-14,0718
-77,4268	11,3560
-90,2713	14,8948
-100,8229	26,4948
-71,2006	1,9191
-81,8833	3,8855
-60,5840	24,7909
-105,8694	-13,9407
-76,9021	-6,0758
-63,6643	10,8319
-73,7571	12,0768
-95,1210	-10,0088
-60,9772	-30,9145
-77,4266	-31,5699
-58,8802	-18,3974
-69,1689	-20,6258
-80,3758	-17,6767
-70,0207	-33,0121
-66,5478	-28,9487
-69,7587	-22,7885
-81,2930	-16,0384
-50,8190	-21,4122
-76,5748	-4,5042
-58,4867	-16,0384
-91,1238	-12,8269
-71,2662	-13,4824
-95,9734	5,5232
-67,2688	19,7443
-84,1115	-10,5987
-66,8755	-27,7028
-82,8007	37,1120
-75,9849	22,7590
-55,3409	-6,4692
-73,3635	37,7021
-70,2828	37,1773
-67,0062	37,7020
-51,9982	52,1853
-56,1925	16,9927
-32,0099	38,0954
-51,6050	7,1626
-20,1480	33,7046
-68,3166	36,7845
-23,0968	38,8816
-45,9035	17,3860
-37,3181	19,6798
-31,2888	28,0027
-49,6389	38,7502
-49,0488	12,8635
-50,4911	13,1258
-47,7381	6,5064
-62,4185	-8,1081
-47,6726	14,8948
-56,7169	-8,2396
-36,3351	-30,3902
-81,0962	-16,0380
-31,1577	-12,6958
-48,5252	-30,7181
-45,3791	-11,8435
-68,9718	-7,5842
-20,5409	-10,7296
-37,3835	-5,6181
-24,5384	-25,0820
-4,5498	-10,3363
-9,5963	-8,8949
-4,2875	-18,4629
-30,3708	7,4237
-12,5446	0,0180
-0,0934	-22,6569
1,2175	8,9313
-31,0261	21,1861
-8,0885	3,8193
-20,7372	-5,3555
-9,0061	-1,9473
-20,8025	31,2134
6,7222	9,3242
-16,5429	-11,2535
-5,2053	19,9414
-3,2389	-7,8462
-6,5817	-3,1927
0,8899	-14,9239
-21,7204	-13,4819
-9,5300	-3,1932
-10,7758	2,2463
-27,4214	-22,5262
-33,9094	5,5888
8,7543	12,0111
-26,8318	-17,9384
-3,7631	2,0502
-6,3191	5,3924
18,1911	8,0796
-3,7630	4,9338
15,5697	-5,6170
-2,5833	21,0557
6,3295	6,1792
0,5625	36,1291
1,7419	33,5074
3,9706	0,0841
-14,8385	32,1969
9,9344	23,0213
-6,9086	-0,3745
5,8056	16,1404
-8,0226	-5,2900
31,2988	5,4580
-1,9279	-11,5816
19,2404	-25,6718
2,9874	-12,9579
35,0997	-3,9142
20,3543	-34,5195
-4,9427	-19,5116
8,6238	-22,2642
21,2714	-25,1476
8,4924	-20,2980
3,2492	-20,6256
3,3152	-0,5062
15,5046	-24,3613
14,1284	-30,8489
6,6575	5,1957
44,6028	-21,8708
28,2185	-12,1711
43,2265	4,2779
-0,1581	-15,7103
44,7339	-10,1395
40,3429	-5,8144
30,3814	1,9186
35,4278	10,6349
23,7621	-6,6664
30,7748	7,4893
1,5455	-5,6834
18,2573	-23,0500
-7,7607	14,1741
2,7252	-11,5817
-25,3897	-13,0885
25,7934	16,6643
-21,5237	-25,7372
6,2638	-2,1439
2,9212	24,2012
18,2565	6,5721
-16,6084	39,3404
-9,1372	35,3425
1,6764	16,0097
5,5425	53,1685
-8,0882	31,1481
-14,8390	25,3158
0,9559	39,1437
-17,7224	35,0803
10,8517	31,8035
-16,9360	17,0579
-4,9426	5,8514
-19,5572	39,1434
8,6228	-10,4019
-18,3124	-25,3433
-4,8780	15,8127
-47,7380	19,3513
-32,7961	1,8533
-49,6388	4,8024
-31,7480	-24,6229
-62,8775	22,5628
-77,1641	-11,3852
-57,8311	-14,7924
-94,6624	12,6012
-55,6025	-13,1545
-64,4504	5,3922
-37,2526	1,1976
-34,8282	-18,3974
-34,1725	-5,0281
-41,6432	-22,8541
3,9038	-7,4531
-21,5894	-13,1549
-13,3972	-55,6219
0,9554	-23,4437
-8,4821	-20,4295
-1,2072	-29,0145
-24,6694	-20,2329
-16,4112	-47,0369
-4,9431	-52,7383
-8,3507	-11,5162
-44,1989	-10,2715
-6,7777	-23,3780
-16,1499	3,8194
-12,8074	0,2148
-12,8074	0,8052
2,5276	7,0965
-30,1089	28,5267
-7,3026	39,1433
-13,4625	8,9969
-5,5331	22,6286
-7,5644	27,1505
-15,8221	12,6671
-0,5518	26,7574
-34,2378	27,9368
-6,2532	-0,1122
-25,9146	33,5733
-23,7513	36,9807
-11,3654	-0,7020
13,8000	22,2355
-38,0386	31,8035
-21,6545	33,9662
-28,4049	24,5288
9,2123	17,7134
-20,7374	24,5290
-29,6501	-0,4400
-6,5815	6,4414
-27,8155	42,2893
-29,3221	24,0046
-10,4485	7,2280
-21,9822	18,6310
-25,8491	27,0850
-16,5428	31,2792
-19,6233	9,5868
0,6274	-1,0953
-39,5461	19,9412
2,0694	7,0961
-23,0312	0,6736
-18,8368	-9,5501
-16,4116	-18,7906
-14,1838	-9,6157
-26,3077	-19,2494
-16,0842	-8,6327
-44,1988	-5,2906
-31,8127	-21,6087
-14,1179	-20,2326
-25,7837	-11,0573
-23,8827	-18,3977
-39,6769	-26,4582
-4,6153	-9,7467
-47,8036	-18,9874
-9,1372	-2,7345
-24,4076	-16,1039
-19,5578	-12,5645
-31,0264	-3,1278
-8,1549	-32,2907
-64,7775	14,1084
-35,5485	-0,3751
-41,8403	-18,9870
-57,8310	-2,5376
-50,0974	-6,1421
-67,2028	-4,7001
-50,4250	21,3828
-49,7046	-17,2833
-52,3915	-16,7587
-68,9065	8,4070
-66,0228	18,3681
-60,1901	-8,2395
-38,5637	-17,5453
-51,4741	-23,7055
-34,7626	11,7493
-39,6776	-3,9797
-35,7456	-21,8708
-34,1723	-6,6008
-37,9735	-11,1232
-18,9024	-21,0189
-46,7554	-18,0045
-16,6082	-28,6866
-18,5096	7,8821
-34,5653	-30,3254
-25,6524	-40,4829
-18,9680	-8,3048
-44,4611	-18,5940
-5,9261	15,8124
-21,1961	-6,9287
21,0743	-9,0253
-35,8104	37,9636
-12,4139	11,1593
7,9677	-1,6851
-13,9219	27,2817
-29,0597	18,1722
-13,5938	24,0708
-3,3701	46,1562
-25,1937	28,9203
-16,8048	50,6785
-48,7208	34,8185
1,5452	35,0155
-31,3542	64,9651
-29,0604	37,1124
-33,1891	42,6829
-17,3298	30,0345
-48,8525	23,2844
-33,6484	53,7584
-64,4500	7,2280
-45,4449	21,2529
-62,5496	37,8334
-66,4164	40,4547
-66,6781	41,0445
-44,0687	46,6809
-52,9158	39,9961
-55,0784	34,6879
-15,9539	58,3462
-54,2264	38,0956
-27,8810	65,6205
-47,2794	45,1732
-15,8225	31,3454
-35,2208	40,7168
12,6199	32,2627
-37,5145	41,1755
-20,1478	25,7089
-21,3271	34,2941
-43,0199	39,5365
-19,4264	13,1916
-27,9468	0,8710
-36,9249	30,4276
-54,9472	34,2284
-31,0264	43,1414
-46,3622	37,1776
-25,0629	35,8016
-55,4714	52,1858
-14,4462	48,5810
-22,7691	49,3677
-19,5579	42,1588
-26,8317	39,8653
-22,3754	62,3437
-9,7268	32,0006
3,5769	18,2383
-12,9379	54,4793
-14,0519	12,2739
2,9874	15,6165
-9,2024	21,1867
3,6427	25,4465
-5,9912	10,7663
15,8977	9,5868
-7,4987	12,5359
17,9947	19,0893
-4,2876	9,9143
10,3923	-3,2580
-12,2829	28,0680
5,0186	23,1525
-24,9967	24,5947
-19,9506	20,7934
-12,3482	32,7868
-43,0191	41,6337
-7,1705	9,9802
8,6228	18,5000
4,8222	27,5438
-15,3628	27,4126
0,6937	19,1551
3,6428	14,2399
16,0944	-1,8163
-9,9886	20,7282
22,7136	20,2034
17,6675	2,4437
27,9563	44,2553
6,3955	7,2275
20,4198	23,1532
15,8326	14,2398
32,9369	10,6359
3,5117	32,1313
-8,0882	13,8467
12,6214	-4,8305
-3,1078	34,2942
-0,8793	39,1433
-12,9380	20,5312
-13,5282	16,3373
-35,8757	23,4807
-11,1691	47,9912
-16,2809	38,2260
-30,1749	28,3306
-53,7014	61,3607
-30,8954	28,5925
-19,8196	23,4158
-28,8640	40,7171
-13,9866	32,3940
-21,4582	52,7102
-1,2725	39,2748
-10,1200	35,4743
24,1556	67,3243
15,7666	31,0172
31,2989	15,9445
33,7237	39,4060
35,5588	15,7475
30,1851	1,8542
53,7122	9,5871
17,0124	-1,9472
30,5783	13,9780
28,5469	29,8369
49,1902	-18,2661
24,5488	3,2953
13,6699	-1,1617
22,7141	-25,1474
13,8663	-5,8145
24,3524	-19,1842
-1,9933	-29,7351
16,0290	-31,3736
-6,3187	-19,7084
6,6571	-25,5410
-12,8072	-44,0875
-3,6322	-23,5091
-23,7516	-16,3659
5,4769	-6,8631
-21,5893	15,6812
-28,8636	-9,8124
-14,9698	1,7225
-14,0527	8,7347
-11,7585	19,6793
-31,5504	12,9293
-12,2825	35,4736
-37,7107	28,5923
-1,9934	18,3689
-21,9823	26,2987
18,2567	13,2572
-47,2138	29,5099
-10,9065	33,0487
-10,9069	37,1775
-3,4359	20,9901
-19,7539	12,2084
1,6759	22,9565
-18,5087	18,4343
-27,3562	29,5756
-12,7410	43,2721
-11,0377	24,3979
21,0751	7,8175
-31,4846	32,1313
21,0099	22,8903
1,0865	14,1088
2,2665	1,7879
-5,2703	3,9509
-0,5519	38,2914
-2,8456	-6,2074
3,5766	7,0312
-24,4069	27,5436
-5,0741	19,2861
0,3656	26,3641
-2,6492	4,8029
-0,7484	6,9003
-13,3315	45,5006
0,9558	11,9460
-1,5347	11,5534
20,2886	29,9684
7,5747	3,3608
25,3348	-4,4379
-0,1585	3,7540
25,7280	11,0283
-3,6973	1,8529
13,8006	-24,4925
2,7253	-23,9023
23,7621	-9,9436
-2,1244	-41,4008
7,9025	-28,3589
1,2180	-21,7400
-5,7947	-8,7636
14,0631	5,3262
1,7418	-18,0043
20,8783	-4,8310
-34,2372	20,7275
0,0382	13,1910
-17,5255	7,5551
14,1936	26,9536
-12,6760	2,2467
6,3293	4,7374
-18,3119	24,2014
14,2592	12,8638
-15,8872	19,9419
-8,0228	28,8547
18,7813	47,0733
0,3653	29,7722
6,1329	35,5394
-43,0845	48,5155
-5,2698	48,6464
-11,4964	28,7894
10,0650	49,7608
-24,2101	49,1708
31,9538	40,8479
-22,8997	43,3380
-3,6318	23,2187
2,7905	27,8062
6,7225	27,2162
4,1670	17,0583
7,0503	29,3790
22,5169	11,6841
-11,2997	5,1307
8,2958	29,3787
0,4968	3,8852
12,5556	17,9754
-19,4917	18,9580
21,3373	4,0161
-11,5620	17,9094
13,1450	-5,0936
-3,1080	-15,3171
-2,6491	5,6544
-15,7562	-11,6472
6,7879	10,8318
-17,1327	0,9354
-8,9408	-8,8289
-19,9507	23,7421
-12,8731	-13,5475
-17,1329	-6,2073
-59,1412	23,0869
-14,7731	-4,3069
-27,8810	3,9507
-11,1032	13,2568
-33,1235	18,1718
0,1690	11,1598
-12,9384	24,9221
-12,5449	17,5824
-23,7513	41,9613
23,3032	7,6208
6,9192	3,4923
15,5698	1,2641
-8,9402	29,5098
-15,6253	26,6261
-26,8312	9,9799
-6,1225	-3,0612
-9,3992	39,1433
-39,0214	1,2634
-6,1877	-6,0107
-24,7349	15,9434
-1,4695	-7,5838
-27,3562	2,1155
13,2105	-8,3703
-27,0288	0,2149
-18,9675	-3,2586
-8,6129	5,3267
8,5571	15,4194
-4,7463	27,4778
-21,3927	-5,2899
-24,8654	28,0024
-9,6616	9,7835
-14,3800	11,4219
-20,1473	14,3710
-3,6320	0,8705
-8,7442	4,0819
3,7732	8,5380
-13,7249	-1,4890
3,4455	-18,4629
-21,8513	-11,7122
-18,7055	10,0451
-6,3193	2,7050
5,0181	-10,0743
-15,8874	7,6859
-24,0797	2,7052
-33,7129	-0,8991
-20,5407	9,1281
-15,1664	8,6691
-36,2694	10,3076
-17,7878	15,5505
-29,0605	6,0475
-15,4943	-3,2581
-44,0025	2,3120
-12,9385	7,2927
-35,6795	-12,6302
-10,6450	-9,4845
-36,9246	-27,0479
-17,7227	-15,0549
-21,2614	-19,0526
-12,3488	-20,2978
-31,2227	7,2270
-18,9020	-22,0019
1,3486	-3,9794
-17,0018	18,6958
0,8245	-12,6303
-19,0332	-21,2150
0,1035	17,7787
-23,8827	-5,4212
-5,2707	24,4633
-18,1813	-3,8483
1,2173	7,6210
-23,2275	25,1186
-13,4628	-7,5836
-4,4841	20,8591
-30,3059	22,4319
-6,4499	27,2163
-6,6475	46,2215
-19,4264	36,9152
-38,3011	20,2698
-19,2952	41,7656
-31,8129	62,9333
-19,8195	24,6605
-37,1867	47,7951
-15,1009	54,0861
-38,1042	47,2703
-17,6571	36,7847
-39,3495	37,6367
-20,4099	48,6465
-46,6239	31,2140
-32,8617	38,7505
-57,2405	29,1167
-37,9735	4,4098
-47,0826	31,6727
-31,4853	14,8299
-21,3925	16,2718
-55,3402	38,2917
-11,9551	30,4928
-35,2209	43,9275
-6,3846	35,9976
-5,2710	2,7712
6,5910	8,4076
-19,2954	29,6406
7,5742	2,2469
-29,3877	11,3563
-10,9722	-10,7949
5,3462	-5,3552
-7,9580	8,2759
-15,9529	-7,1905
-18,1159	3,3608
-17,5912	-7,4529
-30,9609	-17,6762
-7,8920	-12,6301
-38,0387	-0,2441
-13,9867	-30,5216
-51,2113	-2,7345
-11,4308	-25,6722
-32,4027	-16,0382
4,6907	-12,6307
-20,0817	-42,5149
2,5934	-17,4146
6,8537	-46,4469
6,0669	-19,3805
-5,0736	-16,7594
4,4288	-55,7531
8,6890	-16,6277
-8,6782	-9,1573
33,3962	-29,5387
-3,3701	-5,0284
16,6187	-35,4371
-2,1902	-32,4876
16,2254	-13,2202
-16,3461	-37,0754
4,9531	-23,8369
-25,5864	-17,4800
3,7079	-26,4583
5,0185	6,8993
-3,9601	-12,1717
3,2494	-26,8513
-1,2731	11,1593
-10,8406	-6,4045
15,0459	-20,4289
13,7354	19,5479
11,7040	-5,9459
59,0863	-6,4044
21,0755	-14,9895
51,0257	-9,1568
35,1659	-0,5716
57,9725	-2,0137
45,0618	-5,9458
68,7201	-22,8538
34,5761	-15,9725
22,9761	-6,4042
44,5377	-10,9919
22,5825	-6,4043
8,7552	-6,6009
13,2112	-3,0620
30,3818	-7,9115
-10,9061	28,9851
16,1605	10,9625
3,5773	-9,9431
14,3252	3,6229
5,2155	11,8150
12,4246	21,5141
7,3126	-3,7826
15,8976	6,1793
3,4461	46,4835
-13,0691	34,8181
-5,4665	31,0174
18,0601	29,8377
1,8076	30,3623
-24,8656	81,0865
15,7013	26,8228
-17,5913	18,1071
2,1354	53,6928
-24,0793	31,8036
15,4390	32,1970
-33,1889	31,9346
-6,7121	27,4783
-2,0592	45,1728
1,2828	27,0848
-5,3361	-0,8987
-9,3994	46,6804
-15,2972	22,8247
3,8386	3,6891
1,0866	19,2863
-28,5357	34,0317
-4,2869	28,8543
-5,0740	-0,9645
8,1647	14,5680
3,5116	38,4878
11,1137	14,1743
20,3542	11,6840
18,1259	5,9824
-4,6804	-5,7483
9,5408	28,2647
-4,6149	21,6453
18,6500	-4,6996
-12,9380	28,9200
6,2638	9,9801
-9,0061	-6,2726
-3,8944	37,1776
-25,4553	-0,8337
-36,9898	7,6212
6,3953	17,3199
-16,9360	1,6569
-6,5808	26,6916
-24,8000	4,0160
17,7983	0,8706
-2,5180	10,3076
13,6039	-16,3001
-12,8725	8,2108
5,6086	13,8464
4,2980	3,2298
12,3586	21,9732
2,4632	27,1503
18,2568	-15,9718
14,4563	25,9711
5,8707	20,7279
13,5388	17,5826
0,3003	38,2260
27,6288	5,6549
-4,0907	28,6581
12,7522	20,7934
-34,6303	-2,5368
6,4607	39,8646
-20,0814	31,9345
25,7933	16,0749
-4,8120	22,4975
-8,2853	10,6353
-0,3553	36,5878
1,3483	4,9335
-16,2148	1,8539
-11,8897	34,2282
-20,4745	22,7593
-27,3557	5,5234
13,0142	11,2253
-17,7877	19,4171
4,8880	19,6135
18,7811	-0,2436
16,4872	18,6963
-12,4792	24,2667
11,8346	8,6692
4,6257	11,8152
20,4853	7,3584
23,4346	-8,1076
27,1701	14,2399
23,5003	16,4676
25,5971	-3,9135
28,1533	6,9653
-9,4645	14,3052
21,9278	-0,2436
6,6572	18,8928
23,2382	6,6375
9,2786	0,8708
24,5487	13,1915
4,1670	22,7599
25,3349	30,5584
13,8662	10,1115
10,4580	16,2064
-15,1661	46,0905
1,4141	27,8715
-18,2463	19,4175
2,5281	30,2964
-5,8605	18,3688
-35,3518	43,3380
-24,7999	31,7378
-15,2323	-13,7435
-13,1351	44,5178
-43,5436	20,4001
-15,3631	2,7059
-35,1553	4,4098
-2,4530	18,3035
-32,7961	22,4319
-26,5046	10,6356
-17,5261	13,6503
-15,7570	24,0046
-27,5529	12,4048
-23,5555	4,6062
-18,4433	34,1627
-29,1259	9,3901
-15,6904	36,0630
-29,8465	-0,1783
7,5747	9,7177
-17,7880	6,3095
-3,0421	-18,2007
-20,8679	-32,0943
21,8612	6,4406
-13,0694	-34,5197
2,1349	-34,4535
-6,3845	-35,0437
9,8679	-42,9734
-14,9041	-14,0721
4,0355	-11,5822
-1,0760	-34,5192
-19,3606	1,1322
24,9417	-19,2495
0,9551	-13,2199
-2,7799	-10,2053
-26,6349	0,6739
0,5626	36,0627
-15,1009	-5,5524
25,6624	9,9800
-23,0964	21,7761
-3,3698	14,1738
3,6424	-23,1156
2,9213	-10,1394
12,3589	1,0016
13,4068	18,2372
-1,7970	4,4091
-6,9746	-3,5203
-2,0591	14,4363
-24,8660	0,6738
4,9532	13,5845
-35,6140	20,5965
-35,7445	17,8440
-32,1403	25,4460
-10,9070	-23,1158
-42,8228	4,8027
-22,3757	29,9023
-12,8077	-4,4385
-21,4585	-29,6038
-17,9848	0,2150
-34,4345	-21,4776
-30,6983	-3,5207
-10,3829	-5,0935
-19,7539	-1,9478
-16,4119	15,8778
-3,3699	-0,4405
-7,0401	6,1787
15,3080	-6,7319
-9,0712	-14,0717
23,5656	-6,4695
9,0167	2,1155
29,5295	-33,0772
26,5146	0,4772
41,8500	-4,5040
12,2934	-32,8807
27,5628	-4,8969
-19,3602	-20,6258
-15,3627	-15,1207
15,4393	-35,1746
4,7561	-28,3587
-14,1830	12,6665
-3,4353	-16,0387
-16,5423	-44,8736
-0,2896	-22,8535
10,7859	-3,1273
-23,8170	5,8511
3,1841	12,4703
-10,2513	18,5654
12,2931	43,2067
1,4798	30,5583
-8,6787	16,5340
-17,9185	25,0536
-19,4263	28,0026
-15,8872	22,3008
-16,6740	19,3519
-25,6522	29,5097
-36,1379	28,4608
3,5768	2,9022
-29,9124	14,8298
-13,6590	26,7568
-22,7033	9,0622
4,6253	-6,3386
-23,1622	8,1448
-1,4696	-0,4406
-7,8264	-4,7003
24,0891	-22,2639
-11,2997	-9,9428
-6,6467	4,7369
-0,1583	-7,6495
9,4751	-17,7416
8,6235	15,8781
13,1451	13,5841
16,3567	-0,9649
-0,9450	-8,0426
25,0728	-10,0086
-17,9185	13,6494
39,2287	0,9353
1,8731	-20,1014
7,5752	-18,9216
19,5682	9,5207
34,7068	-13,8102
31,5614	-12,6959
38,0493	-1,4237
25,9910	8,8652
26,9739	-13,2859
41,6541	-19,9700
39,9496	-5,5525
29,2678	-6,2079
10,6552	-22,0673
30,7096	-13,8754
21,2720	-6,2078
56,0716	-13,8754
12,9488	-8,8291
34,8382	2,4429
21,4687	18,3682
32,4133	7,8169
30,3161	4,3439
30,4471	6,9000
47,5522	-4,8307
35,8208	28,2649
18,3235	36,6533
33,9862	25,1845
44,4720	34,1631
34,1172	39,0783
51,2223	36,7845
26,1221	28,5926
62,6911	36,7190
42,5714	48,1222
53,3195	20,8592
46,7003	17,6482
44,7342	40,1267
31,2994	10,3076
39,2945	6,3102
33,8553	10,1110
2,5287	11,4871
12,2284	17,1887
-2,9108	0,6732
3,5119	-18,7250
-1,5347	-9,1568
-6,9086	-15,9073
-13,4622	-10,8606
-5,3358	2,9015
-24,2757	-14,4653
12,4242	-37,6648
-0,8797	0,4772
-0,3554	14,1737
-19,4261	2,4427
12,1618	-26,8514
-7,5642	-23,2468
-3,3047	-5,3557
-7,1708	-15,3171
-5,2708	-7,2560
-22,3750	-2,4066
-15,5598	-4,5036
-2,3866	8,2105
-15,7563	5,7855
-0,6174	2,7054
-8,4818	11,0285
17,5357	5,5891
-22,8343	1,2638
3,2491	15,6817
-19,5574	-0,3745
-6,9091	32,3279
-20,8023	12,9289
-3,5667	-1,6851
-8,2848	26,4297
5,6738	-0,2436
-11,0373	23,2839
-9,6611	25,6428
27,5632	-6,0763
-10,7753	14,1743
22,6485	3,5572
1,8074	19,3515
14,3908	7,6858
-8,0230	-12,6957
7,2472	-30,7833
8,8853	8,0139
11,5064	20,2687
-0,5516	-4,4382
4,8874	-22,6567
-18,3773	-18,0037
3,5767	16,5335
-12,8724	7,4893
-15,4284	-12,3679
8,4922	8,4727
-22,7031	12,9288
10,3930	4,0161
-8,1543	6,8341
15,1115	3,6229
-5,1393	28,5921
15,5045	-8,9602
4,5603	-9,4184
36,9347	6,1133
14,9803	10,1766
21,7963	-1,8164
21,6655	-7,9768
24,4831	18,5001
30,6440	33,3760
28,7429	-10,5328
31,1682	-9,2214
5,8711	31,1481
29,9229	7,1618
8,3614	-5,2895
14,9151	25,6433
15,0460	8,4726
23,4344	19,7452
4,6912	7,3584
15,9633	10,9634
-0,0928	31,4102
14,2590	17,1233
-2,6489	18,5655
5,3462	24,4635
0,5621	23,8084
-39,0870	21,9732
-21,4577	19,3519
-30,5676	31,8693
-17,1981	42,2239
-24,2106	26,1674
-15,6253	35,2117
-35,6139	33,7697
-8,1542	22,4320
-24,3418	13,9780
5,9357	3,9508
-26,1112	1,3950
-2,0595	26,7572
-30,4364	11,2249
-23,7517	-23,0501
-5,3359	17,0578
9,9334	-1,6858
-8,2849	-16,7588
-4,7463	-10,5985
0,8904	-45,9877
1,8733	7,2927
19,3059	-4,8318
7,9028	-42,0557
44,1440	-9,6810
16,3568	-8,5674
53,2535	-11,8438
13,8665	-19,9704
30,7749	-24,9509
29,0055	8,6690
37,7871	-8,9605
22,4520	-2,9963
37,7871	16,4021
33,6585	-0,7027
28,0223	1,1982
43,4233	7,6207
13,2766	8,6038
45,5208	29,1166
22,9759	28,8543
41,7195	13,5193
13,4735	31,8037
54,6301	33,3109
37,9182	19,2206
62,2973	5,9826
35,2967	12,6673
36,0830	36,7185
21,9933	-13,6785
33,2648	-13,4813
10,1311	23,4804
17,7329	30,9512
6,7886	8,4071
8,6890	6,0482
5,9366	28,6580
11,2448	56,0516
19,3712	20,4002
-8,0228	17,3864
8,1644	65,2925
-18,5085	45,4348
17,9947	23,0880
-11,4964	47,0085
16,1596	48,6466
-12,0863	54,2830
1,7417	46,0909
-6,1224	47,5329
-10,2515	62,2783
-22,1785	43,2072
-14,5110	43,6007
23,5656	51,7925
-0,1591	30,8209
1,5457	31,6075
4,7564	47,2049
13,3418	31,4106
-17,0666	33,3768
26,0556	28,9200
-20,9990	17,8447
10,6548	40,5856
-7,1053	25,9053
13,5383	10,3734
5,8049	7,6864
-17,0017	17,7788
-20,8022	26,7569
-18,7055	-14,3341
-10,2515	-10,4015
-34,4998	12,7977
-32,4025	-21,2809
-26,8320	-5,6179
-12,4801	5,4574
-45,1166	-22,4607
-14,4457	-14,0066
-19,7544	-15,4485
-18,9023	-26,9827
-22,7686	-8,7639
-5,0086	-29,1455
-13,9213	-15,2517
1,1516	-4,3733
-24,1448	-31,5045
-18,1813	-5,4214
-12,6105	-18,3976
-32,0749	-35,3056
-6,9743	1,1323
-19,0987	-17,7422
4,4287	-10,7296
-16,6738	-6,3389
8,2298	-11,8439
-13,3969	-2,2756
10,3927	-26,4583
13,0141	-30,2590
6,6568	-3,7174
-4,6145	-24,2956
5,8708	-29,7351
-0,4856	-19,0527
15,4389	0,3457
24,3525	-17,4147
22,5825	-38,4514
29,5297	-15,4483
11,5072	-3,1279
51,0257	-36,2232
21,9273	-15,3826
46,0450	-6,0113
34,7724	-21,6743
51,6152	-18,4627
36,3454	-15,5138
42,0465	-19,4457
7,9688	8,0135
36,8694	16,4675
25,8596	-22,2639
13,4729	12,0770
9,0167	9,7829
-19,4259	-5,8142
22,1238	11,9460
-14,5769	3,7541
-8,7435	22,2353
-15,9530	16,3369
2,2005	12,8638
-35,3517	33,3108
-24,7350	12,3392
-28,6014	7,1624
-1,8634	19,5485
-46,4275	5,9167
-52,5224	22,3010
-44,6578	22,5628
-40,5295	9,6525
-42,4952	14,1743
-45,4447	18,1719
-19,6886	20,5313
-35,1556	22,7593
-23,0309	0,6081
-36,7280	6,3754
5,4117	-11,9748
-20,1475	-1,4888
-4,0254	29,1814
-11,3653	-32,1602
14,3247	-19,1833
6,4607	7,9477
33,8544	-15,4484
-1,2067	-12,0405
18,3228	-26,1962
22,5830	-9,0915
31,9541	-18,3979
14,1944	-48,6753
14,3254	-45,2671
43,2267	-20,8226
18,4538	-27,1142
32,0199	-41,3352
7,1817	-26,1962
38,4424	-8,6983
3,3150	-18,0700
32,2163	-16,5625
-19,6222	-14,5962
25,2698	4,6056
23,7623	0,3458
5,2156	-2,7344
20,7480	-4,1105
33,9857	-7,3872
17,1433	7,5548
10,0000	-2,6687
53,7122	-2,2097
-12,5446	23,8079
35,0348	24,7907
26,9077	-10,7947
1,6110	30,6240
3,7738	20,2690
11,7032	22,4318
-23,2925	11,2907
21,4026	6,1134
6,7880	15,3539
10,7199	2,1812
-11,4964	6,7685
-5,2049	3,9505
-10,2512	-2,5376
-5,4017	6,8340
-6,5813	-11,5162
-24,8003	-23,8367
-10,5787	5,9819
-18,6399	-14,8587
13,0796	-23,7057
-22,7031	17,5162
5,4121	-24,0993
-12,6758	-16,4311
20,2885	-10,9264
-13,5931	-19,9700
2,7251	-6,7974
-6,5151	-2,0788
13,2762	-13,3509
2,0696	-1,8821
-22,1788	2,0501
-15,6904	4,7369
-24,1451	-0,8336
-8,8094	1,5259
-48,5899	6,3752
-21,8511	0,0183
-40,2014	-3,1930
2,7901	9,7829
-17,5263	-8,4362
-26,3735	-45,7256
-22,0478	-23,6401
-27,2908	-10,1398
-23,4240	-8,9605
-18,4437	-16,1692
-13,5281	-29,7350
-46,0998	-8,9601
-28,4044	7,8824
-39,7427	-4,7659
-18,7055	-2,8653
-30,2400	-7,7150
-11,4967	7,5551
-41,9710	10,1761
-17,6569	-24,2954
-24,0796	6,5719
3,9696	-3,2586
-22,3754	-12,3680
4,8220	-16,9554
0,9555	3,7539
-9,1371	5,3921
-6,0565	-11,3195
18,3882	-22,0671
10,1963	-13,3509
-8,2193	3,1639
-0,5514	-6,0110
-5,7944	5,9821
32,4785	9,3898
-10,7753	7,2271
22,9099	-12,3678
-9,1370	0,4119
15,3731	2,7709
-8,8091	-3,1928
27,4973	0,0842
15,5699	14,5019
4,2321	9,9141
9,3444	-10,6639
13,5382	-13,6129
-3,7626	-15,3171
0,1694	16,0089
28,6775	-12,8925
17,9294	-14,3338
15,3083	6,0473
16,0292	-20,3636
33,8548	-19,4457
5,4779	-8,7636
26,3182	-7,1907
20,6824	-2,0791
51,4181	-15,1208
-0,1584	-5,8143
23,5003	6,0473
2,9876	-19,4461
1,5457	-3,1274
13,4734	-11,5162
21,0750	-10,9917
-0,0270	14,6981
3,9047	-14,5963
11,9658	-8,5669
4,1013	15,1567
12,8175	-34,0608
-5,6637	-15,9068
12,4897	-29,2110
2,9869	-24,3611
13,8001	-31,7667
-21,9166	-28,8833
-1,2731	-22,0017
3,6423	7,3579
-15,8221	-27,8348
-17,5910	-17,9386
-30,6987	16,2709
-8,5471	1,5908
-32,5990	-12,3679
9,8683	-0,5714
-40,0047	2,1157
-1,0760	29,5751
-4,1567	13,1910
13,1448	-6,0104
-20,2782	43,2067
4,4943	18,6305