-54,6708	-41,4360
-44,7746	-82,3303
-73,0861	-76,5627
-45,8886	-60,7693
-87,4382	-95,3066
-35,7305	-86,5246
-63,7802	-73,2868
-51,7869	-99,2389
-73,1515	-94,9789
-49,9521	-98,7146
-59,9788	-97,9936
-50,0833	-72,6314
-74,3311	-89,1468
-33,1094	-109,4623
-47,8551	-87,4425
-66,5327	-94,6516
-61,0273	-99,5665
-62,6662	-79,4473
-62,4692	-98,4524
-83,2443	-66,5365
-64,2387	-83,5107
-73,8071	-103,3018
-62,1417	-78,1363
-90,9773	-92,6200
-64,1733	-99,8941
-67,1878	-95,9624
-51,8529	-115,4919
-81,8679	-98,5835
-69,5473	-105,2035
-69,9407	-140,1334
-68,4337	-101,9262
-78,2636	-110,5775
-92,6163	-136,9226
-90,0602	-135,8739
-100,8083	-127,6167
-83,7035	-106,5143
-82,7207	-161,1055
-98,3838	-144,0000
-119,2239	-84,2321
-90,6505	-129,9761
-93,7306	-137,2501
-92,0271	-122,4390
-109,2627	-128,3370
-101,7263	-102,9093
-109,0006	-134,3010
-115,2267	-112,9362
-105,8548	-109,2665
-131,2830	-126,1093
-90,6505	-154,0930
-113,5885	-140,1338
-106,7723	-145,1152
-107,3623	-160,7126
-96,0901	-163,3343
-118,1098	-185,8784
-91,7644	-156,3874
-107,0994	-171,5922
-72,4315	-194,2670
-94,3855	-153,2420
-73,7420	-175,9830
-72,2343	-171,5919
-71,7103	-191,5804
-76,8216	-174,0169
-81,2129	-159,9270
-55,4572	-205,2123
-73,0214	-210,3891
-61,3555	-187,8452
-109,5247	-190,7945
-88,2249	-206,3920
-97,5318	-209,0133
-96,0243	-202,7875
-109,1313	-200,6250
-93,5997	-218,4507
-124,4012	-213,0111
-106,8380	-195,1858
-117,4546	-201,5428
-127,4820	-230,7059
-105,5926	-230,9025
-116,3413	-212,0283
-122,9599	-216,2882
-130,8900	-221,2690
-123,9431	-235,6867
-146,5531	-221,1377
-111,4258	-224,6770
-154,1554	-235,7524
-130,5623	-235,7524
-141,0480	-226,5121
-125,3196	-241,3233
-147,0774	-264,3263
-128,5964	-259,1490
-130,1692	-239,8162
-147,7986	-259,9362
-131,3486	-278,6790
-153,2382	-282,0216
-147,1427	-292,5728
-144,1286	-292,3109
-140,5896	-282,4807
-149,6338	-309,0884
-156,5149	-296,4399
-174,1440	-298,9963
-142,5559	-329,1426
-176,1758	-297,5542
-168,1149	-305,0912
-167,1972	-298,7997
-164,5762	-318,7881
-176,5032	-325,0792
-155,4013	-304,6977
-156,8427	-319,9022
-151,0105	-324,2272
-150,4858	-307,3847
-165,0351	-315,7734
-182,2050	-339,1696
-173,4889	-329,9948
-157,0395	-342,5776
-196,2955	-317,4780
-151,9932	-365,7125
-187,3830	-376,3943
-174,6031	-355,4234
-183,9095	-373,0529
-184,9582	-398,2185
-196,2957	-384,5872
-205,4055	-411,7848
-181,6158	-379,8036
-194,0031	-413,3582
-219,6267	-436,3608
-210,5175	-390,2239
-176,4390	-416,7662
-210,1902	-426,7929
-204,3572	-434,5916
-222,7728	-424,8269
-210,9761	-397,7607
-226,3118	-429,6114
-213,6632	-434,9194
-239,6154	-408,9675
-209,5345	-462,1827
-228,2125	-422,2059
-232,8657	-439,3113
-236,6010	-473,1275
-233,9802	-471,6856
-242,8271	-478,9606
-247,6119	-459,3654
-234,0454	-490,9539
-263,1441	-514,6776
-246,7596	-509,8281
-276,8408	-492,0027
-239,6820	-515,8579
-293,0286	-496,3939
-276,5132	-536,9607
-304,3006	-532,6352
-296,3708	-524,5090
-298,2060	-537,3543
-305,4152	-560,5537
-302,3348	-542,4005
-338,2487	-559,4400
-295,1911	-562,1921
-318,3264	-561,4716
-301,1551	-573,9888
-308,1026	-552,4933
-304,0391	-584,7370
-308,9547	-590,8315
-321,6684	-577,7904
-360,9243	-571,9577
-323,5033	-591,6186
-348,6694	-598,1722
-341,9849	-596,4028
-363,2182	-590,1116
-325,8635	-616,8504
-389,1053	-630,5472
-362,7601	-610,8213
-369,3792	-635,1352
-375,8021	-639,0016
-381,3065	-635,2665
-384,6493	-654,2718
-360,6629	-649,4222
-396,8391	-665,6753
-362,3014	-680,9450
-397,4289	-659,9738
-380,3895	-668,0352
-391,6616	-676,8822
-388,7128	-683,5672
-405,5556	-698,6402
-390,3514	-678,5862
-405,8833	-683,8951
-414,8619	-703,5554
-390,1548	-698,2471
-422,0710	-690,5799
-415,9756	-741,4354
-392,0554	-722,2987
-395,9218	-716,6632
-402,7378	-728,2631
-403,2618	-724,1346
-425,5440	-758,0163
-387,7298	-717,5154
-421,3499	-743,1402
-385,7640	-755,1984
-412,1750	-719,8749
-386,2229	-730,2952
-414,5341	-747,3346
-392,5799	-751,6597
-421,3497	-743,9265
-393,8250	-719,0232
-410,6017	-749,6942
-376,1960	-751,1355
-418,9905	-723,5452
-410,7983	-753,3640
-385,0431	-740,5842
-422,5952	-714,7633
-374,0985	-755,5262
-442,4525	-723,7412
-388,1230	-720,5954
-417,6142	-718,9569
-416,8277	-678,0623
-402,3439	-678,2596
-399,5265	-704,1456
-382,2899	-726,2310
-383,4046	-704,9316
-391,4649	-680,5526
-382,3556	-693,7912
-373,3115	-708,2739
-382,4866	-676,3583
-358,8280	-710,3714
-372,9840	-694,8390
-375,3431	-674,7855
-375,2776	-686,9748
-359,4179	-687,9580
-373,6393	-696,8052
-356,9933	-688,8097
-381,0445	-658,5979
-364,5954	-681,7979
-376,4569	-698,2468
-357,4519	-671,1804
-370,1000	-663,0542
-370,4934	-651,3887
-360,5971	-661,6122
-345,3277	-671,9007
-342,4437	-625,4356
-362,8254	-619,0790
-331,7609	-615,3431
-328,2223	-606,6267
-326,1250	-609,3133
-347,8824	-596,6650
-293,4223	-607,2816
-327,3043	-593,9121
-324,6826	-562,9795
-291,0626	-585,7208
-291,5219	-603,0215
-304,8907	-564,5523
-299,8447	-581,0674
-288,5723	-563,7003
-304,3668	-579,4289
-286,3441	-574,3166
-321,3406	-539,9758
-310,0679	-560,0955
-312,6241	-561,4053
-292,7014	-524,9022
-336,2168	-522,6085
-283,3951	-516,2512
-309,6094	-530,6690
-299,9101	-518,8066
-309,4781	-475,2910
-294,2085	-501,7019
-319,8981	-508,0585
-293,8806	-474,7006
-274,5473	-474,5697
-278,0866	-478,8290
-277,6929	-448,6827
-281,9529	-461,3311
-258,6873	-442,1289
-271,5979	-444,8815
-243,8106	-459,9543
-260,8500	-433,0193
-240,3370	-423,7787
-249,5775	-452,0246
-239,7470	-409,5573
-247,4144	-435,7063
-233,1279	-423,9095
-226,5084	-438,9171
-207,3069	-446,7812
-223,2316	-407,7874
-208,4208	-412,0475
-208,5516	-422,7293
-228,2781	-401,4956
-228,9985	-393,1726
-229,5231	-369,8417
-196,3617	-395,1385
-226,3776	-353,1296
-204,0294	-339,8919
-229,2607	-358,7007
-189,2182	-363,0254
-215,5636	-368,3995
-191,6429	-371,3485
-197,9997	-364,7949
-193,8713	-353,9815
-187,7103	-383,6036
-167,9192	-347,8865
-172,6372	-348,0835
-193,0192	-355,1610
-175,9137	-365,1880
-198,4583	-348,0831
-159,0711	-348,4766
-175,9797	-354,7675
-150,4859	-344,2163
-192,2321	-328,9465
-135,4125	-325,6698
-157,9569	-331,4366
-161,1680	-313,0865
-150,1576	-326,9147
-137,5098	-325,6035
-145,1113	-299,7169
-138,8203	-314,0692
-121,4531	-287,7237
-141,7040	-294,2120
-115,8170	-310,9885
-147,6679	-258,7566
-136,5263	-277,8278
-164,9691	-291,8519
-135,0189	-269,7665
-153,6313	-266,1621
-132,7909	-261,4435
-161,9542	-271,8637
-137,2472	-286,4122
-155,0730	-237,0638
-149,8957	-265,8344
-142,8831	-260,4598
-141,4418	-240,0786
-143,6040	-256,2657
-133,7085	-257,4452
-133,9702	-256,7245
-147,1432	-252,7266
-141,9001	-251,6126
-164,7721	-219,3036
-110,6395	-261,8364
-146,4225	-250,1704
-127,1545	-222,7111
-141,3102	-236,2772
-113,4578	-243,2890
-134,3632	-222,1210
-126,6956	-196,5621
-115,6196	-218,9098
-87,7018	-236,6040
-97,5975	-200,6905
-120,0106	-206,5231
-78,8538	-192,4330
-89,7330	-227,3635
-66,9918	-195,7092
-90,3881	-181,1607
-60,5034	-207,4405
-74,8559	-223,8894
-59,3892	-173,9512
-75,4454	-188,4349
-48,5102	-170,4778
-49,5588	-192,9567
-52,2460	-174,8029
-64,4350	-147,2125
-68,2367	-147,6716
-70,3332	-170,2810
-45,2993	-122,8331
-70,0714	-158,2883
-74,7249	-180,3077
-57,1610	-149,1783
-77,0188	-160,2539
-57,3578	-141,5759
-84,8830	-149,8335
-63,3871	-132,8594
-77,6740	-106,2522
-78,0014	-120,9320
-91,9604	-110,1183
-56,2437	-112,0845
-81,9991	-111,8877
-78,3947	-93,2100
-53,5565	-110,2494
-72,0382	-116,9992
-44,9059	-86,7219
-78,1985	-104,6133
-79,5085	-123,2906
-75,5766	-93,1444
-41,1704	-107,1038
-81,4094	-118,3102
-47,1994	-117,1959
-80,4261	-90,3921
-53,5562	-91,1787
-69,2194	-109,0698
-46,8717	-120,5381
-48,2478	-89,6710
-55,9158	-94,1930
-50,8691	-97,9284
-58,3408	-105,3991
-36,4513	-70,8618
-55,0641	-82,8551
-50,8690	-103,6296
-43,7263	-77,8737
-54,6705	-72,6313
-70,0058	-90,5880
-49,1001	-65,8808
-71,7099	-73,2866
-37,9589	-80,8231
-66,9916	-58,2788
-67,7121	-73,3523
-54,4081	-96,8790
-48,5761	-75,0558
-66,7289	-89,9981
-66,4013	-98,9107
-52,1144	-83,4444
-47,0029	-86,1316
-44,6432	-89,0153
-54,0151	-116,5403
-33,4366	-97,3382
-58,5370	-90,8505
-27,6697	-105,7927
-59,5202	-96,4867
-48,5096	-110,3801
-58,9301	-99,5009
-24,1961	-80,4304
-48,4443	-106,5791
-31,0775	-90,7190
-56,1116	-82,3309
-10,7615	-118,7031
-36,3201	-109,5277
-42,4808	-92,1611
-21,0501	-106,4480
-53,8841	-94,7170
-37,8928	-114,5090
-51,9180	-103,1053
-41,3007	-70,9276
-60,9617	-104,2854
-10,4337	-116,2123
-47,9204	-76,5633
-42,1529	-75,6461
-44,3155	-84,2310
-34,1577	-80,4300
-54,0146	-81,5439
-34,4852	-71,0583
-15,5450	-83,0514
-39,6625	-100,5491
-15,0206	-63,7180
-10,3681	-77,0876
-17,7078	-86,3933
-49,6894	-95,8305
-18,5596	-61,4897
-49,4928	-50,7419
-17,5768	-53,5603
-51,1313	-75,9077
-29,1112	-57,9507
-49,6240	-72,6309
-38,6139	-69,7469
-55,9807	-55,3950
-37,5001	-43,0740
-55,1945	-25,7729
-48,9031	-69,3539
-18,1014	-53,8872
-39,3355	-27,8041
-51,9830	-33,7025
-51,7867	-54,0181
-34,1574	-27,3452
-54,8669	-47,7270
-37,8927	-46,0884
-29,6353	-52,8387
-41,0386	-37,6999
-33,8947	-29,3119
-19,0839	-69,2228
-16,0034	-58,2783
-0,7340	-63,2593
-15,4794	-82,7886
-13,4480	-34,2923
-19,0836	-62,2765
-19,4774	-82,4611
-24,6543	-41,1082
-29,3732	-88,6218
-5,4524	-98,4515
-33,3057	-53,6909
-31,0771	-61,2932
-58,2088	-71,2545
-13,2513	-62,0137
-47,0026	-40,0593
-34,4193	-23,2168
-30,6181	-42,7463
-18,1012	-48,0543
-31,4699	-24,7235
-10,1056	-7,2257
-11,0227	-19,0222
-13,6445	-48,2508
-0,4058	-39,4688
-1,7824	-22,1678
8,1795	-33,3746
-4,2729	-46,4814
5,4270	-41,9595
-9,5154	-43,5325
15,2574	-39,7315
-5,3208	-44,9744
26,0054	-43,5981
11,5876	-27,7386
21,2869	-61,5552
28,1029	-41,5662
36,6878	-25,0519
24,8260	-63,3901
38,5883	-54,0838
23,0566	-49,8243
21,3523	-65,8803
23,2529	-59,3268
2,4124	-53,3632
14,6677	-74,8589
-9,5807	-45,4989
17,5511	-58,4752
-13,5787	-80,2327
4,3783	-55,1982
3,2640	-48,5137
-11,4163	-59,2619
-12,9886	-94,4542
-16,0694	-68,4363
-17,3797	-43,4676
-20,6568	-61,8832
-22,2295	-78,0046
-39,7279	-44,7780
-22,2949	-38,4209
-46,6092	-47,0061
-14,2344	-53,2974
-48,3133	-48,5126
-26,6207	-16,7280
-58,9953	-20,6603
-15,6761	-18,7593
-26,7514	-14,6963
3,6571	-11,3539
-6,4351	-13,2545
0,4460	-12,9270
7,0657	-35,9299
18,9272	-9,3881
17,1582	-28,5903
13,8811	-48,4474
9,1628	-29,3110
-15,1512	-25,9035
24,1048	-38,4205
-26,8169	-43,9256
-21,5737	-30,3597
-16,2659	-23,4131
0,3146	-55,1981
-47,7233	-68,3701
-49,7545	-18,5633
-46,6088	-41,3702
-20,9847	-42,5493
-19,6739	-44,6467
-27,0141	-46,3506
-36,9749	-30,2286
-20,0015	-54,9359
7,5239	-44,6462
-22,5574	-25,1826
-8,8597	-42,4184
-24,1955	-35,0125
-11,6779	-26,8862
-19,6732	-7,5531
7,4583	-3,7522
-36,5162	-24,9200
3,7883	-25,4438
-21,1808	14,9259
-7,0253	-7,6841
-29,7659	-23,7399
-8,4670	3,9815
-16,7244	-8,9947
-11,6129	-14,4340
-5,7145	-15,3515
-25,5721	-30,8177
-11,6783	-2,5065
-41,9560	-21,9706
-14,6275	-22,4946
-42,4149	0,1152
-5,7804	-3,7516
-45,9537	13,8122
-20,7881	10,2730
-43,7909	18,3994
-28,5211	26,8534
-20,5911	-18,1694
1,9527	-7,2245
-27,4721	13,1565
-10,7607	-12,2712
-2,1751	2,2778
24,4976	-16,4000
-4,9932	-14,7613
7,1309	22,2661
18,6655	-1,7860
9,3589	-26,1646
19,7139	16,8266
-7,5489	-19,4807
-1,4543	-16,7274
-28,9791	-4,6694
28,7577	-15,7446
-10,0399	2,9982
-22,9504	-11,9437
-27,2097	5,6198
-12,3997	-4,6694
-26,0306	-16,0725
-33,2399	-8,4048
-7,3531	-17,7765
-41,0389	-16,3345
-29,5043	12,2389
-46,4127	-27,0824
-23,4095	-4,5377
-48,9031	4,8334
-20,7882	-12,9923
-43,1358	-5,9144
-22,9509	-13,0578
-45,5605	-23,9367
-28,0625	0,3769
-14,4309	-47,4646
-31,0118	-35,2087
-26,6858	-3,7522
-6,3702	-34,6853
-6,4355	-39,0102
-23,2128	-20,4638
1,8878	-46,0228
-18,6908	-38,6825
1,2980	-39,4693
-8,0739	-40,3211
-15,5447	-26,8865
-33,4357	-34,3578
7,5238	-79,5772
-12,7920	-34,5541
-15,3484	-45,3680
-20,8531	-59,4582
-9,0570	-73,2862
-26,2273	-55,5258
-34,6813	-45,0404
-8,6636	-60,3758
-16,1352	-83,1819
-8,3360	-57,6228
-37,3687	-54,7394
-16,9209	-50,4797
-43,3979	-53,2320
-2,5686	-51,7246
-50,0824	-43,7947
-3,1583	-63,6521
-14,4963	-65,2903
-12,9235	-58,9332
-24,3920	-30,0976
-4,0106	-55,1323
-12,2679	-34,3572
-2,1761	-32,7189
-33,5670	-24,0026
-24,1302	-41,5007
-12,7268	-30,4901
-16,9215	4,1124
-18,2975	-37,1097
-36,9097	-42,9417
-0,5371	-4,0137
-13,9724	-25,7720
-0,4060	-4,8656
-17,0519	-17,5800
12,5702	-43,9250
-1,0612	6,5371
-6,1074	-21,9056
3,1334	-42,6145
5,3613	-30,0318
-3,0269	-37,1753
14,4707	-25,2479
4,1819	-45,2361
-9,7119	-23,3471
-2,0439	-18,1701
-4,1414	-28,5900
-4,9278	-22,4950
-16,5931	0,3111
-4,0761	-12,2062
-47,1985	-10,1087
-18,1662	-20,5289
-22,1640	-7,0283
-24,2614	3,9158
-40,5140	-17,7765
-31,1427	-21,8394
-20,7880	-5,8491
-31,2083	-31,9326
-14,6930	-48,1850
-17,5112	-40,1244
6,4096	-46,4815
-28,7180	-34,3576
-8,0079	-42,4186
-17,1832	-56,0497
17,3542	-25,3135
-23,1469	-34,6200
5,2304	-61,9481
-6,1731	-49,5614
1,9532	-38,8140
-14,5615	-34,5540
6,8682	-31,0154
-25,7684	-37,6343
-23,6060	-38,0275
-10,4986	-52,3800
-35,9271	-48,3163
-21,7707	-35,7996
-45,9538	-49,1030
-20,9189	-43,9261
-26,3587	-72,0406
-13,2514	-47,2026
-41,3660	-33,3749
5,6232	-67,8469
-27,7345	-56,1812
6,3441	-40,9772
-18,6247	-58,0821
21,1554	-72,7619
19,7136	-68,6985
7,2618	-60,1135
-8,0731	-55,5914
8,2448	-36,8481
4,9684	-50,2174
-7,0905	-45,1707
6,4756	-23,4783
-13,1855	-37,9618
10,4731	-30,4248
-32,7809	-23,2813
-5,4521	3,5224
-21,6398	-25,2474
9,8829	-11,6161
-22,8194	-4,8660
-23,7370	-25,5097
-43,7905	-11,8128
-5,1248	-53,8867
-15,2172	-26,3612
-14,7587	-6,2426
0,8392	-35,0783
-31,8635	-55,0662
-10,1051	-22,1676
-23,4748	-23,3474
-3,2897	-47,8576
-22,2952	-29,7041
-21,7707	-38,2894
-43,9217	-25,4443
-22,8848	-30,8185
-34,4191	-59,8506
-14,3000	-25,0508
-28,3897	5,1606
-3,2245	-29,2456
-1,9790	-37,6995
-22,3610	-34,7502
-18,2314	-0,7374
-14,1032	-6,1769
3,3297	-36,2576
-22,8851	-1,1303
-10,1053	-26,7549
-26,5550	-4,1446
-20,5913	15,9745
-28,6524	-3,6859
-35,7304	16,8270
-41,8905	22,3974
-39,3351	17,0238
-50,6068	49,3327
-43,9224	34,0629
-40,4486	-3,5544
-13,5140	28,6892
-25,3102	25,8051
-47,1991	4,1785
-7,0254	-15,4167
-35,0096	-4,9308
-25,9651	21,9384
-43,5946	-13,9098
-18,4941	-21,6426
-36,9098	6,7340
-22,7539	6,7994
-39,9896	-5,1279
-1,1272	-4,7346
-33,5017	-1,2611
-9,4502	15,9092
-28,4553	9,2901
-13,2514	-6,0448
-13,5787	9,1595
-17,3146	18,6621
-9,9742	4,6377
-9,9747	33,8667
1,5598	22,0700
-39,0068	43,6314
6,4096	45,5317
-16,6594	23,3807
-27,0792	16,4339
-38,6135	6,2758
-7,5498	16,4342
-41,3007	19,5795
-32,5193	17,9415
-50,2791	59,9495
-39,6627	10,8632
-26,7521	17,6140
-32,2575	36,3570
-50,3450	23,7742
-53,7527	31,8353
-20,1982	46,9740
-48,0511	23,7087
-23,9336	35,9639
-30,6838	27,6408
4,9678	36,7502
-28,2589	42,3860
7,3273	-3,0958
-17,3142	-14,8918
-10,8261	38,4540
-10,8258	24,7563
-8,7290	20,1038
20,5657	3,0642
-7,0909	2,8680
9,2936	37,9293
-17,3142	12,8287
22,0075	-8,8630
-3,6830	16,2371
3,7228	24,8875
-39,7274	7,5206
-13,5128	8,1106
-15,4792	4,7684
-24,6545	21,9387
-32,3872	25,6739
-4,9283	9,6180
-26,8171	35,9634
-36,6476	9,0936
-20,8531	22,0045
-9,1883	3,1300
-8,4016	2,0160
-32,0601	27,0508
3,0675	17,7443
5,3608	-3,0957
3,3950	22,2665
-13,5131	8,5693
-1,6510	-7,4212
-16,1998	-5,3242
12,1113	8,2419
-20,0009	27,5744
-0,4061	-5,5209
-19,7391	-0,9333
-13,7756	20,4313
-23,8022	18,9239
-19,0187	4,4406
-20,2634	17,0891
-37,6962	6,2101
-25,1786	24,9533
-30,7495	7,9137
-17,5113	-11,0914
-45,1675	-1,5887
-37,6308	0,4426
-73,1511	-25,9681
-33,5018	1,7533
-43,1360	-9,7155
-39,0071	-29,1141
-33,1743	-35,9951
-22,0337	-13,5163
-51,7865	8,6345
-28,7837	-23,8057
-43,8567	-20,3319
-28,9148	13,2222
-42,8081	10,0109
-52,4419	18,0066
-19,4774	14,5985
-44,5121	17,6133
-14,6933	11,7806
-53,5558	8,9626
-6,2388	3,5232
-17,7733	9,6834
-3,1589	10,2734
-23,1468	-20,7250
2,4119	12,6328
-32,7805	6,2099
-39,2687	21,1523
-7,6801	-6,5040
9,2927	-5,6516
-2,9620	40,8782
-40,1869	6,0786
-16,2658	9,9455
-37,8931	-5,9798
-34,2886	-11,6810
-61,0929	33,2762
-31,4050	17,0231
-57,8816	-10,4360
-36,2548	16,1060
-58,6022	27,9677
-29,1767	5,9478
-12,2027	19,5138
-20,8538	-3,2928
-21,0497	-8,7321
-1,6515	0,3120
8,0483	4,7683
-13,3821	10,9285
21,2212	-12,4675
1,4946	8,8317
36,5568	1,5571
-12,0058	-2,5060
5,6897	21,2832
3,9854	-2,7686
1,5605	-16,3339
1,8884	26,7883
23,3182	21,2827
1,2985	0,8359
34,7868	-10,5671
23,5805	-7,4871
15,7159	-5,9142
22,5322	-8,9290
-3,2895	-21,7738
12,2430	8,6348
-4,1414	5,0301
13,5534	-5,7829
-19,3460	17,5479
-13,0543	23,6426
-23,6713	19,9072
-7,7462	25,2158
-36,3198	27,2474
-28,4555	32,1624
-19,2151	8,6352
-13,1862	12,9610
-37,7617	49,2672
-40,3836	8,3729
-23,9991	20,1042
-27,4076	17,4826
-8,9916	17,9416
-49,8206	54,1169
-11,2196	22,0698
-21,8368	21,2184
-19,0186	72,2705
-54,7352	27,5092
4,5091	21,7428
-34,4851	39,0439
-18,5594	35,1118
-16,1347	53,0031
-8,5327	44,0242
-18,8216	-0,0809
3,9849	40,6169
0,4462	31,3101
-7,6804	4,0475
35,7704	6,2098
17,6818	-24,9197
10,2115	-16,2689
17,4858	-25,2475
35,5736	-42,4180
-6,5002	-10,5676
17,9447	-25,5101
11,7188	-34,2913
20,5004	-19,7426
9,3596	-32,7841
24,7602	-1,2613
1,1022	-5,8492
40,1609	-7,6839
16,2408	4,7022
17,9445	-21,3155
26,0712	-42,0245
25,5466	-29,3106
26,5299	-4,5383
11,2599	-25,1165
36,9500	-18,4319
5,3615	-14,4998
11,1944	-10,8298
-9,9082	-38,3548
16,7643	-29,5072
-44,0525	-4,5383
-8,7943	-16,3350
-18,8217	-35,2745
-9,4503	-27,7378
-8,0083	-17,2522
-13,5791	-6,5700
1,8220	-27,8036
-13,0550	-31,1455
-23,4090	-13,4512
-18,1663	-11,1575
9,9487	-31,5389
-18,2973	0,3772
1,6913	-3,2277
-19,8044	-16,0723
20,0413	4,3094
0,7738	-0,4094
-0,7334	4,4403
-8,2040	8,1756
21,9420	-13,3199
-2,2402	-11,0260
20,1071	-6,6356
12,3742	-9,7157
2,8712	-35,9956
33,2146	-55,1318
0,5117	-13,5824
2,0849	-33,1125
-15,1514	-46,6121
-5,0586	-6,1116
-7,0906	-37,3720
-7,7458	-25,1166
-10,3019	-27,9347
1,8221	-26,2305
-26,6857	-4,4073
-9,9088	-13,7133
-18,5594	-16,2033
-24,7859	-1,9823
-37,9578	-7,4216
-3,7489	-2,4409
-25,8345	-3,4238
-48,9029	5,8822
-20,3293	14,0742
-35,5338	-38,3546
-22,2299	-15,6127
-50,4759	41,4024
-14,0379	-1,1959
-66,4665	-3,7511
-16,9866	6,6032
-44,1843	12,3705
-16,0036	25,3464
-31,0770	12,8946
-25,6375	-12,9263
-25,3749	18,2689
0,1181	31,3757
8,2448	0,4427
-8,6636	-8,1421
13,8814	9,7491
4,1161	-2,4411
19,7794	-31,0801
14,5364	-11,1571
23,1872	-4,5385
-5,5175	-13,8448
9,4902	-37,1099
-5,3209	-28,4593
-5,8456	-32,4570
-23,2776	-37,4379
-10,8264	-43,2049
-11,5470	-41,8940
-16,0037	1,4248
0,3804	-25,3793
-14,3654	-52,5762
-7,6803	-40,9761
-13,2512	-22,0362
-1,7165	-18,8908
-9,1224	-21,5120
0,8392	-28,7865
-6,6319	-13,0578
-5,0592	-13,7790
-24,3918	-41,9590
3,0673	1,8844
-12,0713	-12,5338
-5,0592	0,7045
-20,3288	-24,6579
-34,4193	-15,7448
-12,3986	3,2605
4,3122	-11,2230
-18,0349	-22,6915
-13,9065	-0,4092
-0,5369	-3,1619
-8,5322	9,6832
17,1576	-4,8002
-14,2341	-2,3095
-8,2699	7,0620
-1,3234	12,5014
12,7665	0,1807
-33,6325	15,9094
4,2472	14,4018
-3,2896	14,2055
-19,3462	5,3579
-30,7489	-15,0890
-26,6860	19,2516
-10,3675	2,0158
-26,4898	-2,2441
-4,2729	14,2711
-28,2592	16,0404
-10,5644	24,0359
-43,9219	6,6689
-5,7147	6,0140
-45,3637	26,8542
-17,6418	12,3707
-17,4454	19,5143
-20,2636	37,0122
-13,4475	14,9265
-4,4695	18,0727
5,8854	21,5456
-3,1588	-0,2777
0,9704	22,4633
2,7394	36,2253
14,6673	-6,1105
-1,1272	27,0505
-9,1220	8,1759
-8,2702	-21,5114
8,2448	23,7736
-30,2247	2,2120
2,7400	10,8630
-40,3170	-4,6694
-3,1582	-24,0675
-21,5741	22,9869
-7,8118	-12,7962
-23,5400	-32,9150
-15,8073	-14,5652
-20,5911	-25,3131
-43,3322	-26,9518
6,7372	-30,0320
-30,9464	-46,6778
-23,5403	-26,2308
-31,0771	-38,8139
-13,5790	-63,3241
-26,3586	-37,8307
-27,8657	-53,9528
-35,7297	-59,6542
-24,9164	-41,3701
-12,7920	-55,1981
-5,6490	-49,6275
-16,4619	-60,0477
27,6430	-56,4431
-9,2532	-35,4715
6,4099	-34,4888
28,6262	-53,5591
-27,0136	-34,0296
11,5874	-27,5414
-22,6228	-3,8830
3,3951	-9,7157
-29,8318	-34,5532
1,3633	18,9896
-42,2180	4,8336
-13,7100	4,8996
-30,2905	24,3637
-10,4332	20,1039
-18,3628	37,4055
-14,4311	24,1671
-15,8069	17,0895
-12,5958	45,9252
-8,2046	12,1086
0,9048	-2,1778
17,4197	37,6022
-15,7415	14,2712
-0,3403	20,9560
-5,5834	21,3489
-15,0860	-9,8458
-21,7050	26,9199
-5,5179	25,0188
-27,9312	-1,9816
-10,5645	29,0170
-42,2178	38,2573
-31,0114	25,5435
-11,4161	27,8372
-14,8900	35,2428
-22,2296	46,7115
-13,9066	13,8125
5,0990	38,5852
-7,6152	28,1647
10,8662	27,4439
-21,3118	10,9287
18,4031	11,4535
-18,5591	35,8979
27,3814	28,2300
-2,4372	4,8996
25,3499	17,6136
6,2792	20,2347
24,1701	21,4142
7,7866	3,9818
9,7525	-7,2246
23,5806	3,1955
-17,4450	23,3149
9,3596	10,6663
-10,3673	6,0135
9,4906	5,0958
-5,8454	-18,6277
9,8177	-4,2754
-1,9131	14,6642
19,6479	20,4967
-15,0858	26,3948
13,7497	-15,7445
-8,2045	-0,4746
-1,0612	17,6128
-2,8961	-6,0456
3,8539	-18,8904
-1,8476	-3,0310
-4,6004	-19,2183
15,0608	-15,5481
-7,1563	-19,0218
-4,2068	-15,9415
-17,3795	-1,7859
13,9464	-32,2600
-19,8700	-24,9196
-1,0611	10,2730
-12,7265	10,6003
19,7135	8,6345
-13,3820	1,7534
19,1891	17,6789
-18,1005	36,2908
1,3635	17,3511
16,3057	16,7617
-1,6513	30,9829
-3,1580	29,4103
-2,1097	43,6968
32,6243	11,2569
-5,8452	46,6465
18,5346	57,2625
7,4587	34,3910
37,7364	42,5176
7,1313	38,7161
22,4665	29,4758
4,7724	17,0238
39,8335	13,6816
16,0442	27,8372
16,1094	20,7589
10,8669	10,7321
7,8516	12,5672
17,5514	12,5672
-23,6711	18,0720
5,9516	2,5401
-4,1417	5,0306
3,6574	11,3876
-13,5786	15,1886
5,9510	16,8923
-16,2657	1,8851
-2,5684	36,2911
-6,0418	23,3148
24,1699	2,4093
-21,1149	44,2210
-3,1581	18,4652
4,9687	19,5795
27,8401	-3,6859
29,8721	15,3852
22,6628	19,5792
10,2116	-10,0429
9,8182	-5,6519
28,6269	5,5546
-10,5637	-9,0596
9,0975	20,7590
16,0438	9,4867
26,8571	-0,2123
-4,8620	30,3930
8,2451	14,0084
2,4125	-12,2052
13,3566	24,2326
-15,0854	4,8992
3,5263	4,8340
9,7522	8,7003
-20,1978	-2,1786
-2,6994	14,2709
-7,4841	-7,0283
8,1138	-17,5137
-30,0283	28,0333
-1,3232	11,2559
-29,9628	-0,2781
-4,6657	5,5545
-10,6949	15,2537
20,6308	10,7972
-8,0736	-15,4169
20,7619	-9,1251
0,1184	15,0574
-0,6680	5,4893
5,1650	17,8756
18,0097	15,1886
2,4128	13,0259
23,7771	10,4703
20,5662	10,6011
18,2067	12,3708
42,7828	42,5168
27,3163	13,2223
36,0983	5,2928
12,9644	13,4845
53,1377	15,9093
32,6904	15,1884
44,9454	21,2832
15,2580	-10,1082
33,9354	22,8563
20,1073	6,8650
9,8835	-3,5546
23,1874	1,3603
8,7035	4,3746
22,1385	-4,4726
-16,2002	-19,2182
13,0291	-40,9762
-10,6296	-14,2376
-7,9424	-30,8840
-0,7990	-38,1581
-6,4353	-17,8422
-7,2213	-39,5348
15,3226	-25,4441
14,2086	-18,4975
-5,7144	-14,5653
10,0803	-7,4219
6,6062	-14,6308
-2,0439	-4,5380
-8,8599	2,3431
13,0293	-7,0942
1,5601	-28,1306
16,8302	-23,0843
-18,6250	7,8485
-2,8960	24,4943
-14,4962	15,5814
-10,6949	-2,0476
-20,7218	13,6158
0,6425	0,2463
-23,0155	6,0137
9,0310	14,2712
5,4268	16,4995
-4,1418	21,2836
3,3954	11,8464
-11,2851	13,3538
14,0121	22,3977
-16,6591	19,4482
-7,0248	-5,1930
-14,4962	33,1453
4,3129	2,4743
-18,4939	-1,1956
19,0581	-12,6647
-30,9458	-33,5047
-17,3796	24,1665
-23,7366	-18,4977
-22,9505	-25,5093
-16,5934	-8,6014
-30,6838	1,0323
-14,5620	-16,9899
-25,9654	-13,5820
-11,4818	7,5205
-28,3904	9,4865
-22,1640	-17,2518
-18,2978	1,2948
7,6546	5,8824
-51,8520	27,8365
10,5387	-8,3390
-16,4628	-5,0619
-19,1491	4,6373
-3,0926	25,8704
6,2786	-19,5455
6,7378	-6,7660
6,8031	11,2560
21,4836	-11,2884
12,3080	-12,8611
15,6508	-20,9876
11,4563	-17,6451
44,8798	-3,2274
19,7789	-12,8611
7,1966	-9,4532
3,9853	16,9577
6,2135	-14,9583
-2,6993	-15,2199
16,5026	12,0427
-15,3475	-15,0892
11,8496	13,1568
3,7890	-20,0045
24,9567	-9,3874
7,3279	2,7361
32,1003	-40,2552
35,2460	-34,6188
21,3523	-12,2061
36,0982	-20,0705
32,0346	-27,0826
29,3478	-20,2671
1,5607	-41,4348
44,4212	-20,0048
9,1628	-21,1847
33,2800	-62,9963
22,4666	-37,2406
20,2382	-29,9666
7,2627	-56,3120
43,2412	-74,4652
11,1289	-29,7699
23,0562	-37,1760
18,7965	-54,6084
12,3737	-84,0333
18,7965	-63,8484
-0,1436	-45,7608
5,8203	-36,1271
-24,2608	-45,6954
-3,3548	-52,1175
-16,3310	-20,6605
18,3371	-34,2265
-24,8509	-35,5368
-9,3191	-13,4513
-36,1887	-15,1553
-26,6206	-17,5798
-27,0137	-9,0600
-27,4074	5,0301
-27,2760	1,2292
-36,5169	-2,3097
-26,7515	-6,3728
-26,4898	18,4653
-19,7393	16,3024
-43,4631	-7,3557
0,3148	10,9943
-31,7324	13,1569
-19,2148	28,6233
-12,8580	4,2438
-10,1055	-13,7780
-26,3582	13,5503
-28,7176	12,6980
-27,2756	6,1447
-17,1837	23,3149
-25,8339	-2,6372
-4,7973	9,0940
-12,6614	12,0427
-33,5017	-16,2684
10,2107	24,5606
-11,4818	1,2294
5,3613	-3,1611
-13,2510	19,4486
24,6943	10,7321
-14,2339	17,0894
4,9027	10,9287
-2,2406	6,3413
18,6650	28,8201
-3,8789	27,3124
13,9467	8,7659
13,2912	3,2609
0,9705	5,2925
19,3208	4,3095
15,1261	1,6222
26,5952	-6,2420
9,8832	-0,8682
43,4379	-31,2113
18,6649	-42,3523
22,5973	-0,0818
-29,0449	-42,3530
8,5729	-35,0777
-4,6000	-11,0922
8,3759	-36,3233
-21,3771	14,4670
10,0144	-24,9204
-6,3040	-23,2811
6,2129	9,8141
1,3637	-3,9485
2,4774	-12,4019
17,6164	15,1883
-23,4747	-0,1469
3,6577	20,3002
-25,1129	0,4432
25,0224	1,0332
-12,4644	20,0384
8,7040	16,7614
-20,7871	15,5166
11,3912	37,9951
21,6145	19,3830
10,0800	17,2203
1,8230	15,3857
31,1826	6,7350
22,3354	40,6169
8,3106	39,8302
11,9154	24,6916
6,9998	13,7473
29,7411	21,2183
7,5894	37,9298
22,2043	3,1957
8,7694	20,1697
26,0707	34,6526
-11,8743	9,3558
33,6729	1,8849
1,5603	10,7978
7,3275	13,1568
-8,5975	4,2441
-2,5685	-0,3437
-10,7603	2,9989
-11,6125	21,6762
4,1163	-15,2859
-0,7338	-8,2077
3,0675	2,8021
-28,6520	5,1613
-7,1559	6,6030
-15,6105	-9,8462
-0,7992	6,1444
-28,1276	19,9725
5,6234	-5,0624
-22,1637	-7,4867
6,9997	28,2958
-7,1558	26,3949
21,2865	17,4170
2,8713	12,6327
23,7770	24,8880
29,8064	43,9587
15,7159	4,1129
14,0126	12,2397
-1,7165	20,3659
24,0394	18,9237
1,0359	3,7197
1,8880	4,7026
-7,3525	0,2464
7,9171	10,8628
-8,9255	-3,1619
-4,3380	-24,9851
-23,7366	2,9333
-12,9233	-5,1281
-21,6392	-26,2958
0,7736	1,0327
-15,6757	14,3361
-15,6103	-4,7347
-3,8790	-1,5232
-5,2557	3,9165
21,0900	31,5068
-27,5379	26,1984
5,4273	7,1932
-0,7991	13,0263
10,9974	22,9222
-31,7971	34,3908
29,9375	23,5772
3,0019	28,3617
12,4393	38,9782
-16,7239	16,3682
1,3639	-15,4817
25,0224	33,9320
18,7961	-13,3851
26,8576	2,8680
14,4055	-10,7639
52,2855	-12,3367
26,2675	2,6051
56,8075	-33,6363
25,6779	-46,3500
44,8799	-16,5317
15,1924	-36,9135
37,9989	-50,4793
19,6488	-48,2510
21,1559	-37,4381
-1,3226	-41,5012
24,8258	-62,0138
30,8552	-62,6689
8,1138	-35,6683
21,2216	-37,8967
9,0969	-56,8361
17,8137	-23,8064
12,1118	-50,9381
14,4058	-23,4130
-3,8133	-45,4985
31,1828	-27,2793
9,7524	-14,1070
19,8450	-12,2063
-10,4327	-10,3055
3,8542	-15,0242
-6,4350	-11,4851
4,0504	-16,5967
-27,1443	-15,6792
-14,9548	-12,4024
-6,3697	11,5177
-29,8972	-9,9779
-9,8427	-38,2893
-12,4647	-23,2813
9,0968	-23,3473
-11,8750	-12,8613
-10,4984	-18,4321
-15,6758	-15,6138
-10,3020	-5,2591
-40,3828	-12,4027
-8,7948	-31,4075
-22,4917	7,5862
-28,5214	1,2947
-40,4482	-19,2177
-4,0112	6,2104
-39,0071	22,4630
-59,5196	42,4513
-20,0014	10,2732
-36,7139	-7,6829
-35,5991	35,8328
-46,4783	24,4290
-20,0671	25,4778
-46,8716	15,7785
-48,7062	25,9366
-56,6359	18,9896
-22,8199	-3,8821
-51,7863	6,0795
-26,6211	35,8978
-42,4148	26,0673
-26,2280	-5,2586
-44,4465	28,8856
-46,8714	-5,9142
-34,5504	1,7537
-28,2593	4,7026
-30,4872	-27,0167
-27,3416	-4,0791
-12,8580	-19,2838
-35,5989	-27,6722
-5,4523	-15,2205
-31,0767	-33,2430
-4,6658	-11,8784
-14,8892	-33,5710
14,7330	-64,7656
-0,7334	-21,9052
11,5872	-43,5980
3,9854	-24,0024
22,3349	-17,3835
20,6968	-41,6315
-18,5592	16,3022
13,3571	-21,3156
-2,5687	-25,9023
-5,6485	-1,1298
-29,4382	8,5037
11,9803	7,3245
-34,6158	35,4390
-34,0257	20,6937
-47,8535	21,6767
9,1622	19,3830
-34,5501	18,9243
-8,9911	30,3274
-2,9616	7,1933
-6,8940	3,2614
14,4056	29,0168
13,9462	3,9823
6,8035	5,3586
1,3638	5,8827
15,5854	20,4973
3,4610	18,2688
31,7726	4,0476
-2,5684	9,4871
35,4426	18,5965
-2,8961	19,5794
10,0803	10,0766
1,1016	-1,1298
20,1068	-3,6200
-8,5976	29,3443
-0,4060	17,4821
12,1771	-5,2585
-15,9384	16,8927
-14,2338	23,1837
-7,3531	4,6375
-6,8288	15,9752
-49,2959	19,0553
-20,3944	28,2303
-41,3663	7,2589
-21,3777	-2,8333
-36,3853	18,7279
-16,7247	28,1646
-41,1038	14,1403
-11,2194	10,3391
-34,8121	17,1549
-23,4748	26,4609
0,1185	22,1352
-13,3824	11,2565
5,9510	26,4604
-14,9551	-14,3685
13,8154	-27,0820
-3,0277	-17,8418
10,6697	-24,1988
-12,5301	-26,0998
22,1384	-32,0633
-27,6031	-28,7867
11,1285	-12,2719
-10,1706	-20,5951
9,8830	-51,7242
-11,8089	-37,7649
-7,8773	-23,0852
-12,3335	1,6876
-31,4048	-11,0268
-24,9817	-28,6551
-18,4944	8,3069
-25,1132	-7,1597
-28,7177	-0,9987
-0,9307	28,6887
-43,3980	14,5328
-17,5764	9,2249
-40,8415	14,5987
-4,4037	6,6689
-12,9234	8,5693
-7,8114	-7,6835
-0,8645	-3,8169
-9,9741	-8,1424
16,7649	3,9161
18,5993	7,0617
7,0003	-15,4827
22,7941	-20,5285
30,9206	10,0107
13,2916	-17,0555
29,2825	-11,4848
15,7165	8,0446
34,1321	-21,8395
14,9301	-5,5864
58,3148	-6,4385
16,3715	-3,7515
3,5270	27,9023
14,7995	10,9282
23,3837	-5,7826
8,5079	31,3758
27,9712	21,6107
7,7213	-9,4530
18,4030	-3,2268
19,0585	13,0912
-17,1829	4,0469
19,4516	-21,2499
-23,5403	-47,2673
-5,6490	-22,8230
-54,3422	-44,1221
-27,9970	-33,5055
-42,2840	-50,3482
-51,2626	-45,3678
-73,2168	-47,9890
-31,1433	-45,3022
-56,8334	-28,7872
-55,9815	-37,5689
-47,5923	-51,2003
-29,5052	-49,1027
-47,1992	-30,2285
-50,4760	-24,2648
-31,2736	-31,0801
-38,6794	-14,9584
-16,4625	-9,9775
-37,3030	17,8096
5,8199	0,0493
-9,7777	-16,9898
-11,6124	13,1566
-8,3354	-17,5142
15,0603	-11,0259
-20,9180	-8,0772
6,6720	-9,7152
-7,6799	21,6761
20,3688	-5,6525
9,2935	-26,0991
0,9705	26,6570
4,8373	9,2895
12,9635	-21,5117
14,2743	1,2946
-11,0881	-9,9122
13,3568	-22,2982
-9,6464	-35,2744
2,6088	-14,1061
-5,8452	6,0127
-0,9304	-9,7812
-21,3116	-27,2137
-7,4838	-18,1695
-2,8963	-23,7401
-9,7780	9,7487
-3,6170	-0,0819
2,2804	-17,7106
-16,5933	10,6665
-26,1618	-2,5719
12,3734	-1,7851
-33,0433	13,3536
1,1011	19,2519
-30,6837	3,4577
-8,5326	2,5404
-29,0450	20,8248
-0,5372	19,6448
-27,7341	4,9651
13,6843	16,1717
0,0531	22,1351
7,8516	-15,6790
19,7794	7,9796
14,1430	6,8652
16,1096	-19,2179
2,6088	9,6835
21,8112	-10,1742
-21,0495	-23,8053
11,1946	18,7928
-0,3401	-0,9339
5,9513	-22,8880
3,1990	-30,4900
14,8639	6,6686
-8,4663	15,1225
25,9396	-2,1135
5,1649	-22,4290
12,7670	24,3631
35,9669	-3,6864
18,5994	-4,5379
10,8013	-20,9220
24,6946	-4,3413
18,7310	7,0615
1,8227	-44,6460
21,2214	-23,4774
-11,5465	23,1833
27,2506	-26,8862
-14,2338	-17,5139
10,6699	2,2776
-3,8789	2,8673
-5,3212	-8,0114
-12,5951	-16,8586
7,0651	-11,1568
8,1795	8,1762
-24,1299	14,0741
28,0372	-10,6324
-4,4038	6,6688
9,9493	34,0626
5,1647	1,7531
20,5004	-6,0452
3,6576	-18,3004
22,1388	1,5569
-14,0370	-7,7495
28,4961	-38,7475
8,7037	-3,2272
15,7161	-7,8150
-19,9350	-8,4703
12,1773	-15,3515
8,3763	-15,4168
20,5001	11,5836
19,7136	-15,8759
-18,1661	-13,9094
-0,7330	4,2439
2,6088	-4,7345
15,1916	-6,4381
-13,7095	15,3853
16,1747	20,8903
-13,7751	35,6358
21,4178	18,2689
0,9049	24,1019
10,6699	43,9588
-11,0223	28,8201
10,2767	23,1842
7,8519	38,1917
4,5093	3,5232
2,3469	49,3985
-4,0105	21,8074
-7,4836	13,6160
-5,9110	48,7429
-4,4690	17,0234
-19,4769	21,5458
5,7546	12,2395
-18,2316	19,5144
3,5920	33,3420
-5,2554	12,6327
20,0414	7,3901
1,0361	39,6991
4,9680	33,3417
-17,5105	15,1230
-4,0104	23,3151
-10,4981	21,4144
-4,9936	9,6835
8,9656	-2,7681
-21,0499	3,6544
15,7814	25,4122
-27,3413	1,8190
6,6067	-21,7080
2,2808	23,8394
4,2472	2,1466
-5,9107	-0,4746
21,8764	-3,9481
-4,5343	-9,9117
13,0949	19,5136
-9,4492	11,0592
17,7480	-23,4778
24,7606	1,5570
22,6631	10,7313
17,9450	-22,5605
37,0812	-35,8641
59,7566	-16,2035
17,2893	-16,5970
41,4069	-43,5976
37,9330	-37,3716
36,8844	-17,5799
-11,6119	-4,4729
22,2702	-16,6627
-9,9080	-4,4073
36,1633	-13,5168
-5,6485	8,1101
3,9199	-26,3619
11,0630	-26,8857
-13,7751	-7,7497
0,5777	-13,0582
8,5724	-32,0633
3,0677	-12,5336
-0,1436	-33,9642
24,1701	-14,9585
-11,2193	-19,4809
23,6461	-69,4187
6,3444	-17,8422
28,8232	-34,8163
-4,5999	-52,2484
9,9491	-23,8716
-3,9444	-35,6026
12,7667	-31,2115
-19,4110	-32,5223
-17,9042	-22,4297
4,4438	-30,1629
-21,1814	-24,1336
-20,3942	-37,9613
-17,5768	-10,8950
-30,9458	-8,9946
-40,9728	-3,2929
-12,0715	-11,0261
-57,2257	-12,6644
-2,6343	3,5229
-27,8003	-31,1457
-23,4748	-38,5507
-36,5162	-8,2079
-9,8434	-15,9414
-26,2273	-3,2930
-20,4603	-8,6017
-39,3998	-34,2255
-38,3514	-4,5382
-9,7777	-12,6645
-39,7280	-4,0139
-27,5379	-5,5867
-45,1674	9,1590
-27,8656	-5,7834
-40,7765	-4,7346
-6,1081	-13,8439
-31,5358	20,1691
-30,8802	-4,7347
-44,7736	-10,8946
5,6888	23,3147
-26,2925	14,9916
-1,3233	-17,9072
-10,6294	-1,8508
-10,0395	8,7003
-1,9129	10,4038
-8,1391	-12,4677
14,9953	-9,1255
-15,4791	18,8581
21,0245	-18,0386
-6,3041	-5,3242
34,3934	6,5377
-51,7859	-6,5695
1,5608	15,9749
15,7160	3,9163
-10,2361	10,8632
-1,7159	33,9973
32,7551	14,9917
-11,7431	7,0623
26,0707	38,3228
25,4154	26,5918
4,7715	19,2520
8,2454	14,4679
1,4290	11,7157
9,8179	54,0516
-14,7582	33,6696
13,4222	18,0070
-5,1247	42,2551
-10,6951	33,4074
-16,0033	22,2011
12,7666	23,6425
-1,5201	5,0961
-26,9480	24,0358
-0,9951	1,0326
-4,0761	-15,0889
18,9932	15,9749
9,7521	-2,8340
30,5930	-1,6543
8,5724	-10,2396
13,0294	-25,1815
-5,5175	19,5137
16,4372	1,5566
-15,2826	-30,6210
2,2159	1,8848
-27,8653	-12,4024
2,8710	-15,0890
-23,5401	11,9114
-0,7992	0,7702
-11,8093	5,8821
-9,3846	-11,5506
-19,0183	-13,4508
-15,7418	-10,3708
-18,2319	0,9669
-38,1551	-18,2351
-23,8679	-9,2565
-28,1283	-2,9649
-23,2127	12,1738
-46,8058	9,2246
-3,3552	-8,0110
-23,3440	46,5803
-17,1177	6,8653
-16,1345	8,6353
9,0966	14,7954
13,6186	-5,8482
12,5701	19,1862
18,7309	12,7637
13,5531	-1,3268
29,4788	15,9093
8,7691	-6,4389
11,5878	-35,2085
15,1918	5,6201
27,3161	-10,6330
-8,4665	-22,6259
23,3840	-8,0113
-5,9763	-1,3268
-0,6676	4,7681
-17,1170	19,7757
21,6798	-4,1445
-3,7480	38,5193
6,8687	16,4335
2,7401	21,0872
-5,6488	49,0707
0,3154	11,1913
5,0335	46,5807
28,5612	33,8666
8,6377	28,6897
-13,8402	47,9571
6,8034	42,8452
26,2675	66,9624
4,9683	30,5898
7,1312	40,0273
-20,4592	56,8040
17,2240	21,6769
16,7649	12,2400
14,0121	27,9682
-7,6143	15,8438
18,8617	11,3876
0,5118	10,8630
-10,1708	3,2608
-4,6000	11,5181
-11,4160	-14,1721
15,0605	-32,0629
-28,8488	-1,8512
-1,7163	-15,4830
4,7710	-21,1844
0,4459	-19,4804
-33,5668	-16,6624
6,8688	4,4399
-0,4059	-8,2085
11,9804	-28,0655
4,8376	-5,0623
31,4445	-17,5799
17,0926	-3,2272
14,2090	12,6324
37,4743	-11,4191
17,4200	13,2225
31,7071	6,6689
-1,4542	40,4201
32,7557	49,3979
-3,6171	24,3637
15,7163	6,0794
-2,9616	54,0517
19,1241	33,6040
0,1842	41,1409
21,9420	7,6519
5,2961	18,4004
5,8203	53,6580
31,8383	-1,0645
21,3521	-2,7679
22,2047	20,3004
27,7747	11,7151
51,4989	5,7513
16,3714	16,7613
36,6878	-9,3220
-9,9740	12,3048
8,9006	-8,9945
-13,9717	-14,0406
-6,2385	25,4774
-27,6686	11,3867
-0,4058	-33,7016
-32,6494	-5,8489
15,1915	-20,5947
-16,3312	-23,8713
-14,7584	-20,7260
-12,7918	-46,6124
-13,1857	-27,8040
10,5386	-54,3460
-3,2901	-47,3332
9,8829	-45,6297
-43,5289	-46,2193
-6,9596	-21,5123
-34,2227	-41,8287
15,7154	-49,2336
-28,9144	-3,1621
-20,1325	-10,5025
-23,0158	-30,0315
3,7225	-10,8953
-23,0815	-18,1040
-27,2100	-4,4071
2,8710	-26,8857
-10,0399	2,9332
3,4609	11,3870
-1,6510	-8,9290
31,2479	-2,4405
-10,2363	15,1883
8,7038	20,3657
-22,6878	17,4167
11,3253	6,8000
-14,9546	5,8170
25,4154	15,5164
2,9365	7,5208
-25,1782	8,9628
0,5121	28,4265
-8,1393	15,6470
-0,5365	11,1906
7,9171	-1,0645
19,7140	-24,6574
1,8878	25,2810
22,7943	0,4425
-6,4351	-1,1955
26,8576	10,8632
-0,9954	22,9215
32,6902	11,4529
15,1264	5,0304
29,9375	12,2395
13,6194	29,2129
30,8550	12,6977
8,0489	-3,6201
42,7824	22,4628
19,8450	3,1951
15,8471	-14,0403
9,7526	11,7152
-7,9422	4,0473
3,5267	22,2007