-171,2401	-306,0015
-192,9984	-284,4400
-168,3567	-274,5446
-209,6446	-290,2074
-208,8575	-281,8847
-206,1054	-322,5170
-198,8309	-325,3345
-233,6304	-295,7784
-188,3451	-310,4586
-219,0160	-328,0876
-195,0302	-309,2136
-231,3368	-327,1705
-205,1227	-325,4012
-228,6500	-346,3075
-218,8857	-358,9555
-241,0365	-325,9260
-228,5198	-373,3741
-268,9549	-368,5896
-268,4310	-354,6967
-255,1270	-392,0517
-285,2739	-349,7158
-275,3120	-400,1786
-273,9362	-405,8796
-262,0741	-337,2640
-289,1403	-376,1272
-253,5544	-401,6201
-270,5282	-372,3258
-245,9525	-396,7707
-281,0141	-397,5570
-235,8603	-408,5672
-272,8224	-417,4144
-279,3761	-386,2852
-268,5624	-425,0826
-292,5489	-439,3691
-274,4607	-389,9556
-294,7774	-443,5643
-293,4005	-433,2748
-294,8428	-464,3393
-299,1680	-480,0021
-314,7656	-444,5476
-294,5805	-487,1465
-305,8527	-510,5422
-270,0706	-465,7162
-324,7269	-503,4650
-286,9129	-495,6004
-295,0394	-506,0211
-296,7437	-533,4148
-307,1633	-482,8870
-303,6250	-532,6293
-313,8482	-557,3358
-334,5580	-522,0129
-334,9508	-589,1871
-338,2282	-595,0195
-327,0871	-577,3257
-370,6030	-597,3799
-333,6408	-575,4913
-370,8653	-665,8652
-331,2163	-654,5268
-374,0769	-618,5488
-358,7413	-673,5990
-373,8802	-673,5984
-340,9159	-653,3484
-380,3684	-679,2356
-374,1425	-689,2622
-372,9627	-727,7976
-384,3662	-718,9499
-385,6769	-675,5006
-412,0225	-751,3254
-399,1118	-720,5888
-423,4260	-720,1965
-397,4739	-767,5784
-438,2376	-719,6064
-439,1550	-766,9894
-450,4272	-768,1684
-453,0491	-740,3165
-453,6387	-794,7768
-433,7821	-796,2182
-464,4526	-771,9707
-486,9972	-815,1590
-473,5619	-814,6347
-474,0215	-817,8463
-482,4096	-848,3206
-515,7022	-837,2455
-504,1018	-870,1448
-513,2119	-900,4222
-479,4608	-884,3009
-530,7101	-934,6981
-505,0854	-929,1277
-523,8289	-936,0093
-511,9670	-971,2023
-523,1738	-948,4615
-506,4624	-997,3516
-531,8247	-1005,2156
-545,9153	-958,8826
-546,2425	-1022,8460
-548,8643	-1015,5058
-552,1410	-1048,2086
-589,3655	-1081,4351
-550,5680	-1053,9761
-588,9070	-1113,6141
-588,3168	-1101,6863
-597,5577	-1065,7082
-577,2418	-1149,7909
-599,7208	-1143,7610
-595,7889	-1133,8661
-616,8914	-1183,4764
-614,4014	-1163,5539
-635,3072	-1208,6430
-615,3194	-1220,5046
-649,1356	-1203,7936
-657,0657	-1261,5968
-656,3448	-1265,1353
-668,2071	-1250,2595
-681,5761	-1290,1711
-695,8635	-1288,6638
-689,0474	-1329,5588
-722,7987	-1347,9082
-697,4362	-1302,2964
-698,4852	-1363,3759
-683,4778	-1379,8251
-739,4455	-1346,5336
-723,2581	-1382,5786
-748,0965	-1393,1954
-754,7815	-1422,8835
-760,5488	-1451,3259
-774,0498	-1425,8986
-792,9894	-1459,0601
-821,6290	-1474,7887
-813,6334	-1466,2042
-839,1929	-1508,9991
-838,7339	-1501,4627
-863,9653	-1525,3183
-827,9863	-1548,6490
-860,6890	-1551,6639
-832,5740	-1593,6071
-863,3105	-1589,4784
-844,6329	-1579,8455
-850,5311	-1636,3375
-852,4322	-1653,2456
-875,5659	-1629,7845
-876,0906	-1694,2066
-879,1708	-1674,0214
-904,0092	-1712,2295
-902,3708	-1745,9145
-943,5933	-1700,4334
-942,6755	-1746,6366
-964,8926	-1749,1924
-947,1325	-1777,5700
-990,9110	-1793,5610
-970,3328	-1805,4886
-1018,1744	-1845,4659
-1013,9146	-1846,8422
-1023,0244	-1863,5547
-1028,2678	-1895,9950
-1053,1057	-1918,9325
-1059,0046	-1913,4281
-1064,3782	-1936,1039
-1091,3796	-1947,9008
-1113,7271	-1980,2099
-1101,2757	-2001,7716
-1105,5358	-1987,9441
-1137,5832	-2043,0600
-1152,2630	-2060,6888
-1152,0665	-2040,9633
-1146,5619	-2056,8234
-1163,7322	-2066,1297
-1165,5675	-2105,7791
-1170,5481	-2118,4929
-1167,5995	-2101,6508
-1185,1626	-2148,5746
-1156,4585	-2147,5258
-1176,1848	-2136,0577
-1210,1323	-2187,8313
-1173,0388	-2189,6005
-1203,3170	-2198,5139
-1196,3044	-2221,7137
-1250,6992	-2196,0242
-1206,8554	-2263,7231
-1227,3690	-2262,6741
-1220,6840	-2239,3441
-1259,8748	-2278,1418
-1259,1538	-2282,8600
-1262,9550	-2290,3972
-1250,7660	-2319,2983
-1286,1551	-2296,8854
-1269,3783	-2354,1640
-1288,0560	-2335,4200
-1307,9791	-2301,4081
-1275,8664	-2393,0924
-1306,6034	-2359,0133
-1308,4377	-2338,6981
-1309,4868	-2383,0001
-1305,4889	-2353,2470
-1322,5939	-2387,0639
-1299,7217	-2379,9856
-1308,6346	-2366,1580
-1289,6292	-2402,9891
-1297,4280	-2391,1268
-1287,2044	-2366,2890
-1300,2457	-2383,5249
-1260,2036	-2362,6191
-1292,6436	-2402,5958
-1286,2867	-2379,9196
-1293,4954	-2316,3508
-1305,4887	-2360,2599
-1288,7114	-2355,8027
-1314,1399	-2337,5185
-1311,4524	-2364,0603
-1330,4582	-2307,6338
-1300,6394	-2354,7545
-1340,8785	-2362,4212
-1309,8797	-2302,1941
-1303,2609	-2337,7149
-1307,1277	-2327,4907
-1309,8142	-2321,5271
-1295,3966	-2314,8421
-1292,8401	-2306,1261
-1284,2552	-2308,6819
-1278,2254	-2312,2202
-1266,6913	-2265,8867
-1250,6345	-2291,1176
-1239,7559	-2270,3424
-1244,8017	-2237,4435
-1270,0327	-2244,7177
-1208,5598	-2227,8089
-1232,8086	-2211,9492
-1229,0067	-2208,0821
-1222,6496	-2151,7869
-1171,9908	-2174,7900
-1206,7901	-2179,4422
-1182,6070	-2116,9212
-1178,3472	-2156,5701
-1154,2301	-2112,0052
-1157,5721	-2109,9082
-1170,6140	-2104,5337
-1159,7996	-2067,9644
-1151,9361	-2056,6266
-1142,2361	-2039,3247
-1156,0645	-2019,8606
-1115,7596	-2020,5810
-1127,6220	-1995,9391
-1124,6722	-1983,9462
-1119,6259	-1986,5670
-1100,6859	-1932,9586
-1094,8529	-1968,3479
-1059,9881	-1931,7126
-1080,8933	-1889,3116
-1055,6620	-1930,9915
-1025,3843	-1890,6866
-1027,6125	-1876,2687
-1025,0559	-1856,8042
-1033,7068	-1828,5581
-1005,4603	-1842,1235
-1023,0240	-1815,1877
-975,5102	-1765,3150
-995,0399	-1757,8437
-950,9997	-1763,6099
-967,8420	-1713,7372
-943,3316	-1713,7368
-951,9164	-1679,6578
-897,0631	-1656,1959
-933,5662	-1672,7759
-897,7180	-1617,0702
-905,1890	-1647,1513
-905,5821	-1615,3654
-904,8609	-1590,0689
-885,4624	-1584,0391
-865,6051	-1562,4120
-898,8319	-1536,4597
-892,9987	-1530,4952
-917,1814	-1489,1421
-874,9762	-1495,8916
-896,5377	-1467,9075
-871,8961	-1443,6591
-883,8237	-1431,0758
-843,6502	-1410,4970
-847,5825	-1408,8587
-841,6840	-1411,2169
-838,8655	-1338,2762
-834,7368	-1369,3398
-811,2744	-1337,0297
-816,2553	-1280,9974
-805,3103	-1325,9544
-800,9194	-1288,5986
-780,1439	-1279,0302
-788,4673	-1288,3358
-740,6911	-1247,6381
-763,5632	-1262,7113
-726,0762	-1259,5648
-744,5574	-1208,9714
-712,4444	-1240,8218
-693,6359	-1222,0122
-681,7739	-1169,9770
-688,8516	-1189,5066
-675,1546	-1164,3402
-686,6230	-1159,8839
-660,8021	-1154,5746
-663,8165	-1101,0977
-679,5452	-1127,5084
-657,6557	-1112,3036
-680,5933	-1083,5334
-651,1017	-1083,9920
-648,5461	-1073,8992
-629,4746	-1067,8045
-639,5673	-1063,0197
-615,2532	-994,0763
-603,7842	-1048,9953
-579,3397	-1023,2389
-590,2182	-995,4520
-603,8494	-1013,8014
-548,0781	-987,1935
-560,1373	-992,3709
-551,6168	-959,6680
-565,6415	-916,0213
-537,6573	-951,7382
-558,8255	-953,5067
-520,4208	-896,5561
-520,4869	-890,4615
-509,1489	-888,9537
-528,2849	-882,0723
-489,9464	-872,3727
-488,7012	-824,8594
-476,7084	-865,7536
-481,4265	-844,3228
-464,1253	-813,9143
-488,2421	-837,8344
-465,8944	-799,1025
-461,3724	-789,6001
-467,9915	-802,9031
-453,0491	-749,8847
-468,2534	-779,9002
-423,0989	-777,9988
-437,5826	-729,5028
-434,7642	-757,5520
-438,9583	-760,6316
-427,6861	-727,7330
-418,9697	-757,8792
-413,3994	-705,3194
-400,0952	-726,9464
-393,4111	-718,3608
-398,1947	-699,7486
-394,9838	-714,2971
-389,5437	-685,8543
-380,6966	-683,6920
-385,6770	-683,7569
-407,1725	-658,7879
-359,9209	-687,4269
-383,3174	-661,2776
-352,9082	-601,9681
-361,7555	-638,0787
-322,2373	-643,7138
-334,9513	-618,0242
-321,5818	-622,5459
-330,2322	-600,7880
-282,7191	-635,1943
-299,1686	-603,4744
-304,4767	-570,9037
-289,4032	-616,9749
-304,0837	-596,5928
-294,7770	-570,4442
-311,1613	-572,1480
-292,4832	-569,0020
-299,9547	-547,9650
-293,9906	-566,9045
-318,4356	-519,3255
-271,5117	-542,2631
-288,0927	-551,4373
-290,5827	-511,0021
-282,8495	-523,7815
-266,3348	-510,2149
-275,7060	-497,6324
-264,8276	-503,0715
-301,5924	-456,9999
-278,7208	-487,2774
-276,8856	-488,7842
-305,1973	-457,2615
-296,8737	-454,6400
-279,9659	-439,6975
-271,0530	-425,0178
-307,7530	-454,9671
-285,8637	-402,0141
-289,7957	-427,6390
-225,3089	-418,9875
-287,0436	-389,3657
-259,2558	-421,4781
-234,7457	-399,9819
-242,7414	-391,3313
-257,6826	-392,2489
-241,2992	-391,2000
-228,1261	-404,0450
-233,1074	-372,9805
-256,1754	-326,3197
-247,1315	-389,6925
-231,2063	-358,4967
-260,5664	-321,0761
-215,4776	-346,3727
-243,0027	-296,8928
-222,3587	-309,6727
-238,8081	-330,8398
-218,6231	-275,3966
-222,5550	-316,6189
-188,4769	-304,8871
-208,0716	-263,5347
-202,8946	-293,8778
-208,0059	-296,3679
-197,7827	-302,5941
-213,0522	-296,9578
-205,9747	-272,9066
-208,2679	-312,2281
-194,8991	-324,1550
-195,7508	-275,4623
-226,3559	-305,8712
-169,6018	-333,5921
-201,1249	-299,7760
-189,7868	-301,0866
-190,1143	-273,6929
-158,6575	-333,9202
-178,0559	-318,7152
-157,3465	-264,8453
-190,0487	-289,0283
-188,0825	-286,1440
-187,4269	-281,6224
-169,3391	-290,5349
-154,4624	-263,5997
-160,6883	-289,2243
-129,5585	-265,3687
-160,6226	-235,7473
-118,0238	-275,1339
-129,1651	-266,9415
-119,3346	-245,6427
-118,1547	-274,6094
-106,8173	-230,8313
-115,0089	-255,7356
-102,2955	-276,5094
-119,0721	-234,6327
-112,7811	-266,6139
-121,3660	-256,3900
-138,8643	-226,5062
-118,8758	-247,6085
-152,9546	-207,6969
-122,7422	-227,8823
-139,4542	-238,5638
-104,2611	-172,8319
-137,9466	-220,4109
-86,6972	-216,7402
-102,4261	-190,8540
-72,4103	-215,2987
-86,3039	-206,3200
-70,9030	-201,4052
-90,3010	-207,0412
-65,9875	-197,6695
-56,8779	-210,8425
-74,2450	-226,1774
-58,5814	-204,6818
-89,4491	-195,8349
-40,0349	-213,7912
-77,7837	-201,2740
-48,1611	-201,9293
-66,0527	-178,2710
-38,1997	-218,5097
-59,8922	-187,7728
-39,8382	-147,4692
-35,1196	-187,9697
-44,6226	-158,3472
-54,8455	-156,2501
-29,4838	-172,5026
-36,0370	-133,7054
-45,3432	-162,6724
-19,8494	-156,3803
-41,0835	-123,0885
-46,3257	-134,1644
-36,5611	-154,6114
-26,1408	-150,0895
-45,0808	-174,5341
-18,5387	-144,0604
-41,0831	-186,5933
-19,3255	-202,5834
-42,3285	-156,0534
-34,7267	-192,2296
-61,5304	-192,4255
-47,8994	-157,6265
-43,7049	-179,6466
-64,6112	-167,9154
-55,9603	-189,3459
-93,8404	-176,8279
-82,7643	-156,8399
-90,3669	-177,2869
-65,0044	-141,7007
-95,3477	-138,8174
-68,6090	-143,5354
-89,9734	-111,8163
-57,0746	-133,7709
-65,5940	-142,4864
-32,8919	-97,9226
-53,4696	-136,1298
-30,9255	-131,8695
-44,0980	-97,2673
-37,0202	-134,9500
-39,0515	-109,1943
-50,5207	-115,4206
-29,8765	-123,2844
-50,0621	-86,4536
-49,1441	-110,1120
-48,2924	-96,4145
-32,3672	-76,8200
-72,6062	-97,5944
-40,8212	-96,5458
-34,7921	-94,0555
-21,6196	-88,3538
-63,5621	-91,9584
-32,9568	-127,0855
-37,9375	-110,8978
-28,5660	-79,7032
-33,8085	-120,3354
-45,2120	-103,0336
-24,1090	-91,9586
-28,1727	-119,8764
-44,4906	-92,0237
-42,0661	-135,8019
-19,3905	-117,0581
-55,5664	-77,9991
-15,6550	-98,1188
-36,0369	-94,1209
-16,9660	-98,8394
-20,5049	-119,9417
-8,1188	-66,7922
-19,0630	-107,0972
-19,6529	-116,0093
-21,2909	-98,1186
-26,9928	-122,3012
-13,2297	-110,9635
-0,7129	-102,0509
-14,6062	-126,6270
-35,6430	-100,1502
11,4115	-123,3504
-28,4344	-107,2936
-11,0674	-82,1284
-25,2887	-112,9954
2,0394	-104,2788
-39,2479	-71,7077
-17,4902	-102,6407
-26,0097	-87,1082
-11,3300	-95,2351
-19,2595	-105,7203
-8,4466	-66,6612
-11,5919	-99,6259
-33,7433	-101,3948
-0,1232	-56,8966
-50,8482	-84,2251
-34,7257	-71,1176
-31,7773	-78,9822
-33,0879	-83,3725
-69,2635	-43,0685
-39,3140	-90,3196
-61,5962	-85,7317
-44,8193	-62,4665
-67,7566	-71,1831
-55,8949	-72,4935
-70,8369	-63,0565
-87,2864	-97,3969
-65,7901	-50,9323
-37,4140	-91,0404
-73,6549	-80,1610
-79,0285	-52,1121
-52,0936	-73,3459
-75,4897	-82,9793
-34,3989	-80,6202
-65,7906	-69,4791
-44,8847	-68,5620
-48,7514	-87,1740
-54,7154	-89,1399
-83,0265	-58,2073
-57,3367	-101,3301
-72,4754	-102,7710
-68,8058	-62,1394
-87,6798	-85,7323
-83,4858	-74,7874
-66,0532	-74,7877
-85,9762	-95,9553
-91,4154	-58,4689
-95,9373	-79,8993
-62,7763	-83,5690
-98,6901	-60,3040
-54,1255	-84,1590
-98,5588	-84,9452
-60,4824	-68,6925
-63,4972	-77,6707
-44,6230	-47,0003
-46,8508	-105,1306
-40,2975	-98,3798
-37,7413	-47,3282
-29,5495	-119,2865
-49,7341	-94,7756
-60,8756	-103,5580
-63,3000	-99,4291
-74,9002	-90,3200
-72,0821	-110,0464
-97,2481	-130,4932
-67,1671	-107,4247
-100,6562	-101,3957
-73,9834	-108,2113
-90,2362	-109,9808
-84,7313	-116,9928
-87,0904	-71,5768
-90,2365	-114,5027
-84,2067	-104,8684
-96,9867	-65,9405
-90,2356	-103,5581
-92,7922	-93,6615
-92,5953	-42,9375
-119,9236	-81,3412
-76,1456	-61,8770
-112,5839	-88,5502
-77,4563	-89,2050
-105,5715	-58,1417
-73,1968	-107,4245
-96,7895	-99,9531
-48,0313	-89,5990
-76,2770	-107,4901
-82,5685	-89,4023
-79,5534	-115,3549
-91,2845	-104,9998
-68,8053	-89,0751
-64,8082	-127,4789
-75,0968	-113,0607
-82,5024	-91,5659
-73,4583	-123,3505
-84,5994	-108,9325
-48,1616	-147,2711
-103,9327	-127,0857
-61,2030	-106,3772
-72,3445	-166,9319
-41,2806	-145,6978
-80,9953	-114,0448
-71,5582	-137,7687
-72,0166	-138,2926
-73,1968	-149,7616
-78,5700	-159,5259
-82,2406	-103,7553
-80,3396	-139,1450
-80,9299	-168,0455
-91,9396	-111,4885
-94,4957	-137,5721
-76,4735	-133,3774
-96,2655	-140,1280
-88,5321	-161,8855
-103,8021	-131,6083
-93,1200	-172,1752
-110,2901	-164,1794
-89,5156	-141,7667
-103,7367	-178,8599
-116,9751	-167,6529
-94,0370	-172,8961
-103,1471	-152,3176
-108,1928	-143,9950
-95,5449	-181,5468
-103,4743	-157,3636
-103,3435	-124,6621
-88,9255	-157,2332
-117,6955	-157,9536
-97,6417	-144,0604
-109,1759	-157,7572
-78,3744	-140,1280
-122,6765	-158,6093
-81,5856	-178,3349
-104,4577	-136,8511
-111,8632	-135,5408
-105,9650	-157,6260
-117,2372	-154,2835
-102,3605	-159,0676
-122,8079	-125,6444
-92,4646	-159,5265
-128,0509	-149,6301
-98,2316	-121,7122
-120,0555	-142,7493
-98,2974	-146,8122
-145,8108	-117,4524
-110,6178	-161,8857
-109,6353	-131,6078
-107,4072	-118,9601
-117,7615	-154,2834
-110,6841	-126,0376
-114,0259	-157,3637
-114,5506	-137,3097
-118,9412	-116,2731
-143,5827	-163,7209
-110,0280	-140,3243
-101,1155	-142,6183
-107,8001	-155,3976
-127,5915	-114,1756
-96,2654	-144,3223
-106,2266	-135,9331
-89,9082	-102,3791
-77,9151	-144,2563
-58,1237	-122,0393
-60,6792	-115,6826
-60,0898	-121,6462
-83,2886	-97,7912
-49,9315	-129,8383
-58,6473	-121,5146
-78,8981	-78,1305
-57,0086	-126,3649
-64,9391	-118,6309
-55,6328	-95,8251
-94,0367	-113,7817
-62,4483	-95,2352
-83,1579	-113,9784
-75,5557	-124,6605
-96,7894	-82,3902
-90,9566	-111,5539
-79,7501	-125,9712
-69,4617	-101,5919
-92,2675	-88,7471
-76,6047	-97,0045
-76,6702	-91,8271
-90,1706	-97,9217
-77,8493	-63,7121
-87,2869	-91,8272
-63,1038	-94,7100
-84,7964	-70,0692
-66,3148	-88,6157
-67,8879	-71,9041
-46,7852	-92,0237
-84,8615	-78,7852
-61,1374	-58,7319
-57,9916	-102,7716
-43,3776	-88,3533
-58,3194	-65,0231
-56,8123	-93,7930
-50,1927	-80,5548
-40,1007	-83,2416
-48,7512	-69,4792
-62,7761	-73,8046
-45,1466	-93,3997
-78,8325	-76,8189
-69,9847	-55,5202
-102,0319	-84,5526
-61,6620	-77,0810
-76,4079	-62,5980
-74,4420	-86,5838
-94,9546	-63,4497
-75,3597	-84,8799
-111,2734	-81,4716
-90,8262	-52,8982
-99,8702	-68,6268
-119,1380	-48,2448
-111,9941	-59,7794
-120,3176	-75,6387
-108,1933	-36,5138
-141,8131	-43,5266
-113,5015	-57,6818
-135,3906	-35,2035
-93,7752	-56,2404
-99,1494	-46,2787
-97,0522	-31,4023
-99,2800	-42,1502
-100,9841	-37,9557
-91,8742	-37,8902
-76,9979	-55,0603
-85,1239	-37,1691
-75,6870	-54,6016
-83,2231	-25,9623
-69,0678	0,9726
-60,5478	-39,7251
-72,1478	-20,7847
-48,0961	-27,3386
-80,6019	-12,7891
-72,6717	11,1965
-88,3349	-27,7317
-61,2688	-7,4150
-87,1552	25,8110
-56,0918	-10,4958
-98,1654	5,1023
-71,8858	11,5899
-67,5604	-16,7212
-84,6000	14,8016
-76,7349	-30,4839
-69,5267	-23,6675
-76,2764	5,6262
-86,3690	-18,2287
-77,3905	-8,2018
-85,3859	-19,7364
-64,0212	-35,4648
-89,9080	-31,9260
-70,7058	-46,6716
-80,0121	-36,2513
-53,4049	-18,5569
-70,3129	-24,3896
-66,7086	-46,5406
-71,5582	-31,8604
-80,9297	-40,7077
-66,4460	-6,4982
-66,7086	-41,6912
-55,5017	-39,3311
-69,9199	1,1692
-77,0627	-38,8731
-88,9906	-41,0354
-45,6714	-19,2777
-96,2652	-28,7805
-68,3467	-9,8406
-86,0417	-38,6110
-68,1504	-48,4407
-94,0371	-7,9399
-59,9585	-29,3703
-89,0566	-20,7192
-69,6578	5,4950
-84,9276	8,1166
-68,3469	-3,5486
-56,5503	-8,4635
-59,1065	2,8091
-46,3267	43,8997
-99,1485	16,2437
-53,4039	26,7956
-56,2880	64,3470
-37,7411	24,8944
-68,7397	50,5849
-28,5004	39,7053
-49,1443	16,8992
-20,2433	50,9775
-59,3679	0,9080
-40,4280	-0,6643
-52,8797	47,1108
-25,7483	13,8184
-45,5398	5,5614
-65,1351	23,3869
-64,7416	33,4139
-58,9745	42,1956
-36,4960	9,1000
-79,5530	7,0033
-42,5248	36,1663
-66,1184	2,2841
-51,7003	-11,1503
-78,5041	-4,8593
-37,8070	-29,3040
-52,5524	-2,5656
-58,5817	-25,7659
-31,5152	-29,9596
-25,2899	-11,6758
-46,2608	-63,9078
-30,2701	-44,6397
-36,1025	-13,5764
-39,5105	-39,0042
-36,6923	-25,9624
-45,0154	-34,5476
-21,1603	-29,6320
-52,6830	4,2497
-36,7577	-22,8821
-38,0028	-13,5099
-27,7796	14,6702
-50,2579	-10,2334
-28,3037	14,4739
-13,0338	-4,2693
-34,3987	2,3501
-19,5218	24,5664
-24,5684	-0,4025
-37,2818	11,0666
-19,9809	38,8536
-41,8694	27,9745
-28,2382	28,8267
-26,7308	16,4405
-44,6873	20,9625
-10,2813	37,1497
-29,9418	16,6368
7,9378	7,3966
-22,7330	38,7879
-7,2009	4,1847
-7,8561	1,4326
5,2506	5,9543
-13,6234	-5,6455
-5,3006	11,9836
-9,6257	14,4083
-22,4710	2,4156
-15,7205	45,0136
-48,9473	13,7530
-16,3101	17,5545
-21,5535	34,8556
-34,8571	30,2026
-64,6099	23,9113
-9,8223	-12,3301
-37,0199	11,5908
-21,0294	50,3216
-33,1533	-25,3719
-7,6604	-20,7184
-60,8097	9,7552
-33,0879	9,3620
-48,6855	10,1484
-39,2484	-12,5928
-51,8966	-17,9006
-49,9306	34,9861
-29,9421	-20,7848
-49,1443	-15,8034
-41,2140	10,8035
-44,6218	-3,0247
-15,9829	-3,0244
-21,4878	-8,9882
1,5806	-0,9927
-27,9759	16,8985
1,3187	0,5146
-7,1353	7,9203
-11,2642	23,5177
7,6102	3,5295
-19,4562	15,6537
-12,8366	2,6775
-33,5463	7,0688
-26,0750	48,6179
-39,1167	2,4809
-15,4583	9,6899
-32,8910	31,5786
-3,3343	20,8961
-28,3691	16,0467
10,3623	4,9709
-18,6699	-20,3911
-32,0391	22,7967
-26,7960	-34,9405
-12,1165	-13,9683
-37,9373	10,5412
-39,7069	-20,1949
-40,5587	4,3813
-35,9061	-6,5637
-49,0787	-28,2555
-71,2297	15,6532
-44,0978	-17,7700
-49,9963	-18,8838
-31,3840	10,8694
-58,5811	-2,0413
-16,0484	-0,0749
-23,0608	20,5688
-5,8249	-4,9902
-25,8785	13,5568
-1,6959	-1,2548
10,4282	-3,9411
-17,5557	35,4452
-9,0355	-6,4320
-33,6121	-0,4678
-16,7032	22,0759
-35,4470	-13,3787
-1,8267	14,8671
-33,2191	3,9224
-16,3105	-5,4490
-35,6437	23,5175
-13,0338	-10,0370
-31,0561	-17,4421
-24,3064	-12,7893
-23,9125	-18,7530
-16,2456	1,4319
-49,9958	-7,9401
-46,2606	-29,1731
-16,7037	-11,4789
-34,6610	-29,9600
-42,0005	-50,9312
-67,8219	-3,2870
-47,2432	-33,8269
-41,8697	-37,1035
-34,5295	-50,3420
-46,3261	-55,4535
-20,7670	-2,1079
-40,6244	-62,4666
-14,9342	-79,7670
-24,3057	-26,1593
3,7435	-39,2012
-2,6133	-34,2857
8,2000	-41,4293
13,0499	-48,9654
-1,8269	10,6063
0,6641	-35,3344
4,7924	-13,7724
24,1912	11,7205
-16,1790	-34,6130
6,8245	-8,8569
-4,2514	-3,4834
35,6600	-26,1584
-13,2954	36,4282
5,3824	-23,1442
9,4454	-8,5942
-3,3998	55,1712
-17,4898	-18,6873
-0,0576	2,4161
-11,5916	46,5866
-13,8203	24,6322
-14,4753	37,2155
-25,6820	30,7273
-2,6789	30,5309
-39,5758	63,2987
-25,4851	31,0548
-30,2039	23,8464
-9,6257	37,7396
-27,3202	31,9069
-24,1746	43,3101
-27,5822	14,7363
-2,0891	11,3289
-12,6401	54,9096
0,7944	-8,2671
-11,1327	8,6418
-3,6619	25,0904
-24,6987	9,5585
-31,5144	-3,5487
2,8265	-28,0591
-33,4808	-14,5586
-20,9631	11,3932
-14,3444	-32,5815
-30,2040	-18,8838
-48,6192	1,6938
-24,1749	-5,5151
-53,2725	1,8255
-31,4494	3,0048
-35,9715	10,7386
-26,0103	46,1274
-50,5202	4,0538
-32,8258	1,1709
-17,1625	48,2906
-34,7264	25,8116
-34,0705	26,4018
-27,9758	25,6808
-10,7399	28,3021
-24,6335	31,1856
-21,2256	9,8864
-41,2792	13,5568
-10,2809	35,3143
-23,7157	7,3305
-16,9657	10,1488
-4,7758	28,3674
-4,2520	10,7385
-14,4752	26,9257
-4,9073	-16,8524
-31,4491	-10,6914
-26,1408	29,6124
-26,1408	-3,0245
-38,3309	2,8741
-53,3382	8,5754
-66,4455	-16,0659
-29,8110	-4,3350
-60,2857	-7,8742
-53,6661	-12,1993
-48,8167	-22,1610
-55,3705	-27,0760
-59,6955	-14,1000
-42,7223	-14,7555
-71,9509	-19,0806
-40,6251	-28,9763
-69,8541	9,0998
-58,4509	-5,5148
-73,5896	-2,6967
-86,3038	-5,7112
-71,8856	7,9203
-98,4934	24,5006
-81,1259	-6,8255
-69,7886	-14,8860
-64,0871	10,0173
-77,6528	-13,5099
-59,3028	27,3843
-71,9511	-14,5592
-61,0066	-17,3107
-62,3172	7,6577
-57,1400	-27,0761
-44,0326	-3,8762
-50,9139	2,4149
-17,8835	-13,3133
-45,3435	11,4593
-44,1629	5,3642
-37,6753	-6,5628
-32,2355	40,3605
-35,9055	18,6680
-11,5919	4,5784
-29,5488	35,4455
-24,1094	30,3339
-60,8747	40,1642
-0,1888	24,4358
-11,4614	39,8370
-30,0735	62,9705
-37,2818	20,0449
-12,1165	23,5188
-4,7107	69,9830
-24,4371	12,3116
-10,3463	32,4316
-2,3515	48,8150
-15,8513	25,6810
-9,0355	32,5620
19,3415	4,9717
-7,0039	8,5762
1,7125	42,5888
-11,1325	12,6388
16,1956	30,8581
-10,0183	-3,0898
20,4554	5,5616
-8,0525	43,5062
20,5866	-5,6454
-0,6469	10,9358
1,9746	50,8466
16,3270	23,9768
-21,9460	32,3004
11,2154	41,1474
-8,7733	17,5545
7,4798	63,5606
-3,6615	25,6804
12,3293	6,4136
4,9237	25,6152
23,4700	11,8525
7,2829	15,4571
16,0643	18,9301
-9,1664	-0,3373
24,5839	17,4230
-3,6617	-11,3474
0,0081	-13,7717
-5,6932	16,7019
-15,2617	-2,4346
-9,8874	3,6604
-40,2308	3,5290
-7,2002	-19,9324
-25,3541	21,6824
2,3022	-30,4188
-10,1499	-44,7046
-14,8028	16,1118
-16,9655	-22,9479
-0,5817	-37,3651
-10,5430	-15,3456
-13,4269	-49,1620
2,8919	-28,7147
-15,9830	-29,0429
-18,9971	-48,4411
-39,5101	-22,0958
-25,6817	-34,2857
-42,2625	-41,4942
-6,8732	-12,3965
-55,3698	-24,9137
-8,1837	-1,7140
-43,0490	-33,1056
-18,8006	-8,5946
-36,8230	26,7288
-15,7205	2,4803
-26,4686	-0,8612
4,5294	25,5496
-38,6584	5,6269
-37,0857	23,5183
-28,0417	33,4795
-58,7781	26,7295
-11,4609	54,7787
-45,2780	21,6831
-34,5296	23,3876
-66,4454	60,5458
-20,2425	37,8050
-25,6825	32,9556
-11,9853	38,5916
-41,2140	25,8123
-16,3762	74,1777
-25,0267	36,8874
-5,7596	27,1889
-50,2578	68,2793
-23,7816	29,4821
-13,8199	33,6768
-27,0586	39,1159
-24,6988	13,7537
-33,7431	52,4196
-32,6942	-5,3177
-45,0152	5,8239
-22,4050	54,1231
-48,3574	-5,4491
-9,4291	8,5761
-23,7162	21,4860
-7,9876	1,7598
-44,0322	10,8038
-20,1117	-17,4423
-31,4494	-10,9537
-29,6144	8,5100
-43,1801	-12,3959
-48,6199	-13,0509
-28,1721	12,4423
-32,3015	8,3135
-22,2086	33,6105
-31,2527	22,4692
-12,8368	-4,7932
-35,0536	69,0655
4,7269	19,9132
-21,0288	19,9141
-1,4989	56,5482
-17,4240	27,3191
23,8635	48,6842
25,5018	34,5936
5,1855	43,6380
-6,0204	58,7764
21,7664	10,6079
15,4750	40,3616
-11,0016	68,6068
17,9655	47,1111
-7,1350	38,1331
25,1089	43,2448
-8,1834	37,8710
31,3349	70,0488
9,7737	32,3655
46,1460	13,8850
21,6359	45,8003
22,3566	0,2528
29,6313	-2,1716
44,3107	22,6004
2,4991	9,8207
15,1473	13,4907
-16,3754	-9,3813
-13,6888	-6,6940
-21,3564	15,8500
-39,3135	-19,1462
-17,1623	-5,1866
-62,8410	14,2114
-35,3155	-15,0174
-41,7384	14,8014
-10,8710	-8,3988
-40,8209	-20,2600
-3,0722	16,7671
-10,0847	-13,9038
-17,6868	-32,5153
-10,9362	-0,6652
-0,4510	-30,5495
-14,2128	-9,9055
0,7291	-13,2481
9,1831	-9,2504
-39,4443	9,4272
3,7441	-26,7487
-26,5340	-20,9154
2,5641	19,5198
-35,8401	4,0532
-18,2762	8,5752
-38,6581	-0,4687
1,1877	-12,7235
-34,1363	36,6901
-17,1622	-14,2314
-4,7761	-25,3061
-18,8009	23,9763
-12,3777	-5,5148
0,2701	3,2673
-11,9848	10,7382
-32,4974	-1,1236
9,1836	12,9012
-4,2519	3,5950
-4,7756	1,6292
-17,6207	28,4333
13,8363	1,9568
-24,9608	34,9871
6,8894	19,3236
-17,5555	18,7998
-14,8685	42,6544
-23,4535	-3,9416
9,4449	-1,3195
-22,0775	55,1061
-33,2843	-8,3983
-13,9508	-13,2472
-31,0561	30,4646
-39,1164	16,7675
-26,7304	20,0443
6,6929	-12,8547
-17,6865	-1,3199
0,0084	40,9502
-27,4510	1,1699
20,3902	-12,3300
4,0059	12,1803
33,2350	-6,1698
0,2705	21,2241
5,7755	-6,4977
21,7009	-16,1967
16,9817	24,4352
-6,4140	5,1018
15,9334	-18,3595
18,8826	11,5902
-19,3248	-15,0174
17,3757	27,7120
5,9063	1,8248
16,8512	-19,6703
-23,5190	37,5421
19,3413	-21,7024
-25,0920	-6,5630
-13,5576	23,0586
0,1394	-28,7801
-20,5050	-1,1892
-9,8875	-1,6482
-18,7356	8,7065
-20,0456	6,7402
-22,9300	-26,5516
-15,7205	-10,3638
-39,9035	28,1706
-8,9048	8,0512
-36,1681	19,1927
-7,0696	23,9766
-30,2697	-3,4828
-3,5963	39,2467
-37,0852	-0,2716
-11,0673	-6,0383
-18,6694	30,8580
9,6418	21,5517
-23,8468	10,4763
-2,8097	15,3258
2,8262	-8,2014
-14,8686	29,2193
-5,8242	-9,9058
-12,1160	-25,4372
-2,7444	17,0296
-37,0852	0,5144
-23,7811	4,8399
-36,1678	-3,6143
-11,9850	-18,4906
-30,0730	18,4059
-9,2327	-8,9227
-21,3569	-19,6701
-21,4881	12,3109
-26,9929	-14,8865
-12,1820	-18,4907
-24,5680	-11,0855
-24,6995	-21,0469
-8,9048	1,7594
-32,4329	-38,3487
-25,2232	-31,2048
-38,5274	-9,9062
-18,1454	-52,0457
-37,1511	-45,5572
-11,8538	-2,9593
-21,4878	-31,3364
-2,7444	-7,3501
-9,2323	-17,7047
2,6953	-16,7871
2,2368	12,5730
33,8247	-24,9794
12,5258	-29,0415
22,2908	12,8350
50,1434	-34,4816
0,8604	-2,6309
22,6843	-14,5589
10,2976	-32,9741
24,5192	23,3210
5,1203	-19,0157
7,5454	-17,4420
15,2129	9,9513
26,6160	-41,1009
7,6108	-6,5632
19,9968	-16,3939
10,2323	-17,3111
33,0384	4,9054
18,7517	-48,5062
14,9506	-8,8564
31,7279	12,3763
5,2512	-13,3787
4,0066	6,1510
18,0308	16,5711
4,5306	14,9981
-28,6303	34,9211
15,0166	13,2283
-12,8365	-16,7862
17,3102	36,1006
-9,8874	-2,1069
11,6082	10,6073
-8,2492	3,5292
1,6467	3,8571
5,5789	2,4809
19,6687	-0,9272
4,7926	-8,0700
10,7561	49,2733
7,4142	-0,4686
9,8389	-5,7762
28,7133	29,6783
-6,3484	1,5634
5,9074	39,2465
9,6426	-3,8762
46,9323	8,1174
10,6253	43,3749
35,5291	9,6239
20,8488	-1,3199
3,7440	23,8454
2,4336	-5,7768
14,6229	1,2359
18,9482	5,9540
4,8578	-1,6480
-11,0668	28,1050
-3,3341	-17,6391
-3,3338	-25,1751
-7,2663	12,9009
14,7538	-21,3743
-43,5076	18,1442
14,6886	30,3988
-15,0651	13,1631
-1,0400	25,4184
6,6276	6,2819
15,3438	12,5079
13,7057	4,5780
24,3224	-18,8838
19,7352	-3,4172
32,7112	15,1944
47,1294	-19,4741
32,9731	0,0558
22,4226	-43,2638
37,8232	-37,2338
43,7214	21,7477
13,7717	-31,8607
49,2269	-15,8693
34,9398	11,7208
57,8773	-27,2728
16,1966	0,9736
40,9691	9,3616
45,8841	-19,1457
48,9640	14,6704
23,9293	-5,6456
22,2254	2,4812
27,5995	23,8455
9,5111	-0,4028
6,6279	32,2998
-2,4161	7,4612
28,1235	-22,3569
-20,2420	21,7483
14,4924	-1,7794
13,7055	-12,3300
7,8731	15,7845
13,7057	-5,7768
16,7857	6,2819
-6,4791	-13,1169
14,4922	-22,1604
14,7542	7,0683
23,0114	-13,3792
24,1258	-8,9225
-3,8585	6,0849
4,6619	-23,7993
-18,1453	-4,7934
7,0210	16,3086
-4,5139	11,6558
2,3676	14,4741
-22,1426	23,3214
10,6911	3,1368
6,3655	52,9439
4,5963	25,9429
5,4486	14,1471
46,0149	48,2253
19,3418	18,4721
28,7136	24,0425
32,5803	8,3138
24,2569	2,1537
22,4875	29,2851
9,1181	-7,4152
16,6548	8,4448
-7,8557	32,7580
12,7227	-0,1409
-14,5404	15,7844
6,3658	-12,0029
-13,5572	-23,9951
22,2252	33,8068
-24,5017	4,2502
15,9339	18,4063
10,1665	31,5133
16,8509	9,8867
12,8537	39,4433
19,2755	22,7971
3,4166	29,8098
-10,8707	46,8487
-1,8919	10,4108
-27,6479	12,0497
-5,9552	30,2027
-16,7036	3,2022
-19,1281	38,0672
-45,7356	4,5779
-2,0232	12,3115
-8,8389	34,5278
23,8631	-16,0657
-14,2129	-7,3491
8,3315	37,5424
5,7101	-6,2356
7,8070	-5,3830
13,7055	12,0492
-1,2371	10,4763
-11,1980	37,9358
-31,3834	-9,9053
-20,8972	19,4553
-7,4628	59,3005
-16,1134	15,5226
-6,2173	26,9263
5,1202	18,6686
-27,2541	30,7273
20,4559	27,1227
11,9361	23,7148
45,9493	4,0544
15,4751	57,5312
29,5654	35,6420
20,5871	23,6494
27,1403	34,7902
26,3541	13,1637
16,1301	44,8173
19,4071	14,9984
-26,6648	-1,1884
-5,2342	60,5457
-26,6648	-1,9758
14,8849	-11,7399
-23,3226	20,8964
2,7607	0,2524
-25,1576	9,7550
-4,4484	-1,5827
-24,3054	-21,7020
4,9888	10,2137
-16,1791	-21,5060
-14,2789	-23,9957
-8,7736	-5,2529
-38,7892	-33,7609
-13,2953	-9,9057
-28,8279	-26,8798
-12,6401	-8,6606
-40,8863	-7,2845
-11,7878	-34,6129
-6,8731	-15,9347
2,4331	-0,5343
-11,9191	-20,9813
15,9336	4,3813
2,8265	5,0362
15,6059	-19,3428
7,7419	22,4689
19,1449	-39,0038
7,2175	-34,4158
3,8751	-5,3836
8,0695	-20,5882
-14,9337	-19,4083
15,9993	-28,9766
-38,7889	-9,6433
19,2108	22,4034
-4,1862	4,3810
5,6446	-11,7402
-4,1203	29,4818
27,6646	8,9035
17,8341	14,4089
16,3269	61,5289
34,4150	37,6084
16,7200	46,1282
30,8762	32,3656
5,9723	13,3606
10,0359	53,4682
5,1859	22,9939
16,4583	9,4283
-23,9119	36,4941
14,6233	25,7463
-20,5045	21,1587
-10,2149	2,2843
-19,0625	14,2118
-22,4050	17,6191
-24,1744	-33,2365
2,6292	-21,5704
-35,7090	14,7355
-11,2643	-20,5882
-31,1873	3,5292
-38,2649	-3,4835
-37,4129	-28,1901
-44,2285	17,8814
-18,5384	-11,8068
-59,3020	-19,7359
-34,9221	17,8810
-37,3471	-42,2805
-1,8924	1,3668
-31,3178	3,7253
2,4331	-38,6099
-8,1182	24,2386
2,0398	0,7765
-19,1932	-15,4102
14,5575	15,5224
27,5336	9,2966
14,0987	11,2627
11,8708	20,8964
9,0526	22,4694
16,8516	30,9233
7,9385	6,6752
16,1960	9,0352
-15,6544	55,8924
7,8733	23,9765
-3,0063	23,7147
2,8266	11,8525
-8,6424	14,0154
-14,3439	36,0353
-16,9653	12,5077
12,1976	2,8746
-23,6502	48,9459
-10,8053	10,7383
-0,6472	19,3896
-22,8640	33,6105
-7,0694	29,0887
-10,1501	40,6884
-4,7757	20,2412
-20,2425	22,6009
3,1541	37,0838
-31,8421	1,1703
14,9506	13,2292
-4,3170	38,5256
-0,6472	10,4762
-17,1619	22,2072
15,0159	6,6095
-7,0696	-16,5242
-3,4654	40,7536
-2,0890	-0,6654
-24,3715	-2,4998
-24,7644	18,2092
-46,4569	-10,9543
-23,0604	14,0808
-47,5057	-5,1871
-38,1992	-8,9878
-37,0852	46,1931
-27,5170	9,4928
-24,6990	6,0857
-20,4394	36,6249
-45,3425	13,0322
-14,6065	7,4621
-12,6403	4,8403
-11,3954	13,6226
-17,8831	53,7955
-16,1139	8,0517
-8,8387	18,2756
-9,8222	52,8125
-12,5743	39,0499
-10,8047	28,4990
33,4974	28,1057
-15,7202	35,8389
20,3251	47,5041
9,0526	22,3382
21,4388	12,1152
12,3295	53,6644
29,5653	15,6537
11,6740	6,4134
15,4093	6,6754
4,4650	12,1148
-14,2784	7,9204
7,6109	11,0661
1,5153	4,9712
-20,6352	22,8622
-22,9291	-34,2849
-9,0356	19,0616
-20,6355	28,3668
-4,9068	-13,1172
-29,8758	4,5127
11,6082	10,4103
-34,3323	-2,5653
8,9215	26,9254
12,7881	-10,2331
22,0283	0,2530
30,1550	44,4893
6,7585	11,5246
18,6212	27,4504
27,7298	21,8140
7,9386	14,8675
-2,9405	50,3223
16,7205	18,7993
5,0549	15,4575
16,5894	60,0870
6,6276	19,9790
28,1234	18,8652
-11,2637	10,2145
-4,3167	14,3435
0,9916	57,8585
2,4985	13,2943
-19,5866	15,6542
14,7537	33,4794
-6,5452	6,7408
-12,3125	14,2122
-7,6594	9,4936
-36,1675	5,2339
-10,1495	35,8389
-18,4075	19,5200
4,2679	9,0352
-35,8400	52,8777
-26,8612	8,3790
-41,4757	0,7774
11,9358	26,7948
-11,3294	2,3499
19,9310	20,9621
-13,6228	8,8378
20,7831	-17,9658
4,8584	41,6056
13,1812	-7,1532
1,9748	5,6269
-14,4750	15,6533
-0,1879	-19,8016
-31,9077	7,1993
0,7295	-25,2412
-22,6016	-37,1026
3,0230	21,0928
-26,2717	-11,6756
1,1882	-23,2750
12,6567	-18,6876
13,6396	-31,0739
4,7926	-23,7995
15,0816	-23,2752
12,5261	-23,8649
19,0140	-11,0200
29,5655	-36,4479
17,9655	-16,7211
38,9370	5,3639
-0,1876	-18,2943
45,0976	-7,8084
12,7226	0,0557
18,1626	-4,9248
7,5457	8,6408
36,3157	-25,1757
11,6742	-36,1850
49,0951	21,5515
0,5985	12,5072
39,1337	-19,8015
32,0558	-23,0782
30,5482	-15,9348
13,0507	-4,5318
5,2516	-9,6437
33,6945	-29,8286
14,4264	-5,1218
17,0482	-46,6716
3,0887	-44,3119
2,6302	-25,5691
-15,1959	-28,5838
-9,1664	-17,4430
-17,0966	-52,7664
-5,4313	-33,8263
-18,2765	16,5700
-6,4803	-52,5045
-23,7160	-41,9525
-31,6460	-1,3863
-23,9780	-27,6661
-22,9300	3,8570
-31,9736	-25,6346
-43,0493	-26,0270
-23,8473	13,2940
-43,9670	-18,3599
-26,4687	-19,0804
-71,4920	11,5900
-54,5834	-1,9762
-49,8651	4,9710
-16,3765	-3,6146
-60,4820	-26,7481
-43,7702	38,1322
-41,8041	4,0532
-31,8428	-18,0315
-27,8448	37,0838
-27,3209	17,1606
-20,1115	5,2991
-30,6630	-8,7256
-14,4099	9,2314
-36,6923	17,3573
-23,3881	-7,0872
-37,6096	2,8085
-5,6935	5,8230
-22,1432	-6,1700
-5,2348	-9,6434
-4,9069	7,4613
7,6756	-5,0563
-22,8636	19,3233
39,4607	-38,1519
-4,7103	-17,5731
-0,9091	27,0563
19,5383	-23,1443
13,1154	-30,8770
0,7295	-8,8572
-11,0668	-21,7678
11,6086	17,4223
-2,3508	-31,0089
20,2590	-35,5960
-18,4727	-7,2849
0,4673	-43,4608
-10,0186	-38,7418
3,0228	-21,7685
8,2000	-54,2740
-0,2545	-20,9817
-34,9223	-33,8925
-17,8179	-54,1424
-22,5359	-6,3015
-19,4564	-16,9185
-26,4026	-5,7770
-37,1507	-7,6778
-9,1010	-29,5007
-22,1427	23,4522
15,4093	0,7108
-2,3511	-13,3132
12,7223	15,5879
-16,4411	-12,9859
-1,0401	0,7114
0,0739	21,0272
0,8602	-6,6289
7,5450	12,4423
6,3651	-2,5657
-2,6785	-4,5313
-14,3441	17,8817
-11,1980	2,4152
-11,1985	6,8064
-8,3146	33,9380
-26,1405	-3,9417
4,1372	5,1027
-32,7597	25,7461
1,8433	-2,7616
-25,3543	41,7372
-2,4167	12,7044
-3,2032	6,0859
0,2043	47,2419
-21,8809	10,0174
-9,8224	4,5130
8,3312	24,5008
0,0730	-1,6477
-38,1334	31,0543
-14,4098	-7,5461
-11,3296	-9,3153
-40,0344	45,0134
-17,4243	-5,9735
-18,1455	2,8744
-9,2981	14,4738
-26,5340	4,1851
-6,4144	35,7731
-30,3350	5,6265
3,2849	12,2461
-3,4653	33,4139
-7,0699	16,3745
-14,9993	13,4257
14,6878	28,3022
-11,3951	5,1679
-30,4004	27,7778
-9,0355	9,8206
-36,8228	7,3961
-2,9408	40,6880
-35,4464	0,8420
10,0355	-10,3640
-0,9092	28,9572
25,0428	-1,0584
-26,1403	12,6388
18,2930	-0,0752
1,7780	0,3838
16,7202	26,6632
22,3563	-11,0199
10,4941	-16,2624
30,1555	11,5245
23,7980	-13,8379
23,7986	-27,9934
19,4728	-1,3860
29,2378	-6,0392
1,1884	1,0388
25,8302	-12,7240
-8,2487	-15,2794
39,1991	24,6971
-4,9065	-8,3986
19,5383	4,7746
20,3903	6,1503
17,1133	-8,9881
17,3758	16,3739
9,0525	-39,3971
24,4536	-33,0394
1,5158	21,6821
-3,5301	-20,4578
-7,0692	-33,4332
15,9994	-45,5576
-25,2229	-23,4717
0,5332	-12,3967
-2,3508	-35,2027
8,5282	-14,1003
-23,8462	-2,1729
35,1358	-22,8164
4,7271	-9,3815
21,8974	0,7110
12,9192	-30,5494
49,1601	-1,2546
10,1008	-13,0513
2,8265	-12,5922
-2,5474	8,7722
-23,7810	-5,5146
4,9236	-10,4949
-9,2979	43,4405
-0,2538	7,3303
-30,5314	25,7461
6,3654	24,1071
-18,4728	-16,7867
20,7833	17,5538
7,6761	-8,7262
20,5211	-14,3621
18,4897	11,4587
19,4726	-9,9060
30,6796	-15,8040
6,1689	-6,8912
25,7646	-9,1192
7,9383	3,9879
18,1624	0,6455
3,0886	-8,2015
17,1137	-3,1551
-3,8580	2,7431
14,8199	28,3021
4,3995	28,6297
33,2351	10,6076
7,7417	42,6546
25,0432	38,9189
17,8999	1,0396
29,8270	48,4876
0,0743	34,5937
13,7053	15,7197
8,4629	44,5555
-6,8728	34,5283
15,8685	43,5722
-4,1860	11,7875
4,7274	19,2589
-4,8413	56,6136
12,3292	-5,2522
-5,6276	22,7320
-3,0719	34,9208
-21,0940	-2,1723
30,6785	15,3259
-20,2426	2,4806
2,8915	-10,4297
-25,4199	3,3327
-22,7330	-19,8015
-22,2084	-18,4901
-23,5850	18,9303
-21,0942	-1,7789
-27,1238	22,6661
-0,7126	16,1778
-36,8885	3,0054
-7,5937	47,0453
-10,8705	29,6781
19,6690	20,8966
-0,0574	30,2681
2,8918	21,0275
-3,5959	34,4624
27,4020	17,4230
-14,3441	-0,4680
6,1685	36,7562
3,8749	-2,7623
-27,7135	2,0878
-16,3098	24,0419
-10,6745	-13,9033
-22,5359	-14,2961
-39,6412	4,0534
-9,0357	-18,8184
-40,6899	2,7429
-24,1746	-6,9568
-19,9804	-10,3643
0,2698	15,9152
-35,6436	-18,1634
0,3356	-37,1683
-14,2135	-13,5756
-28,1725	-14,8864
-33,0219	9,6239
-15,9175	-9,6438
-35,9710	-11,2818
-29,6144	6,6748
-24,3716	-10,6920
-51,3723	10,5417
-19,7840	35,4451
-54,1250	-3,1555
-40,3621	28,8919
-48,3575	5,2988
-22,0123	14,0155
-50,9787	23,3867
-6,1525	-21,7675
-31,6457	-2,1061
9,0518	22,0756
-22,9294	-3,5488
-10,8706	0,1215
15,2127	-3,0902
5,9064	-23,5369
12,4604	9,2307
-18,9969	-17,6391
30,3523	-21,3742
15,7368	3,7912
20,2597	-17,7045
7,0212	-1,3862
41,1000	-12,1997
6,2349	-17,1801
53,3550	5,4295
29,5000	-19,2121
41,2306	-23,6023
22,2257	5,4951
18,5553	-19,4085
-2,6779	0,6460
16,7859	14,1459
18,0966	-15,4759
-4,6446	20,5032
5,6448	-6,3669
-16,7686	-5,1211
17,8998	27,8430
15,8678	-4,0729
22,4215	4,9056
-15,5237	11,5901
1,0571	-1,3201
-7,5282	31,0542
8,2000	-18,2942
-17,8830	-14,2303
-1,8925	50,7149
-18,4729	1,7594
-26,5996	-16,1311
-2,0234	21,3550
-27,6484	-19,9982
-27,2546	9,8208
-8,7082	-5,3185
13,9016	-12,1993
-32,1698	19,3229
10,1667	-22,3580
-11,4605	-10,1679
28,5166	15,7183
2,2366	-19,8677
10,9530	-36,5134
1,7780	-15,8041
24,9118	-26,5519
8,1350	5,1016
21,7005	-39,3313
7,7417	-15,2795
5,9722	11,3933
15,0818	-30,3530
2,0400	14,1462
13,7713	0,3174
-10,9359	-29,9595
17,4414	26,6632
12,5260	-21,7682
24,6500	-28,7797
15,0820	15,7840
20,7178	-17,8360
1,3193	-3,8109
2,0400	0,9073
-12,5088	-25,4376
-4,5140	4,8399
-7,9217	6,4126
-51,3067	-1,3203
-12,7059	22,0759
-36,2339	-0,2062
-34,5295	8,1173
-48,5545	28,4983
-23,8472	11,4596
-58,5157	46,1931
-11,6575	-8,5950
-17,8180	4,5786
-22,4707	39,6392
-10,6743	-2,5001
-9,1013	-4,3348
-2,1542	5,6263
12,5908	-20,2603
-9,3632	-3,8762
5,5787	-34,6129
7,3484	-24,0611
-9,4947	-11,1512
-25,4193	-32,1882
-16,9653	-53,3560
0,8604	-32,7779
-21,0286	-25,7656
11,5427	-16,2632
-4,5136	-42,9363
12,4600	-65,8733
-21,0940	-14,4933
14,7540	-4,7291
4,6615	-43,6569
17,5062	-8,7262
-8,5764	-28,4525
1,9745	-5,5148
8,4630	-11,9376
5,0546	-10,1022
13,3780	26,4010
-2,8751	-2,1727
21,2425	-5,3836
15,8026	14,4735
14,9511	4,5776
23,9294	-0,6650
41,2961	5,3641
13,0503	-4,4660
33,3009	1,4322
10,3635	-16,0005
36,3810	-18,6216
27,9269	19,7165
13,3780	3,2667