-0,6664	-1,9113
0,3166	3,2005
-1,1251	0,9723
-0,5354	-1,7146
-1,0596	2,9384
-4,1398	-4,4016
0,7099	1,5622
-5,9748	3,1349
-1,9115	-3,8118
-5,5160	1,8243
-0,0110	0,3169
-4,8607	-0,6005
-0,8630	4,0524
-2,0426	-2,5011
0,3822	1,3655
-0,9940	4,8389
3,0691	-2,6977
0,9720	2,6763
1,8239	1,8243
-0,2731	-0,9282
1,6273	5,1011
1,2342	-1,3870
-2,7635	0,9069
-0,7319	6,4118
-3,3533	-2,1079
0,8410	0,3826
-4,4675	3,0694
-0,2731	-2,1734
-1,2562	2,5452
1,3652	-0,6006
-0,0765	1,3000
1,1686	3,9214
2,5449	-5,7779
4,2488	0,5136
3,5935	1,7587
3,1347	-2,8943
5,3630	1,3655
2,9381	-2,5011
1,8240	-5,0570
-1,1906	3,7903
3,3969	-4,2051
-2,4358	-0,0762
0,8410	4,3145
-2,8945	-3,1565
1,4308	2,1519
-0,5352	2,2174
2,6105	-0,6006
-0,2731	3,9869
4,3144	0,6446
1,9551	1,3000
3,5279	4,4457
3,3969	-0,1418
3,2002	3,2661
5,4285	2,4141
1,4308	-3,8118
3,1348	5,1011
-1,1251	2,6107
1,9551	1,4311
-3,5499	4,3802
0,1857	-1,0593
-2,8290	2,8729
2,4794	4,9700
-2,0426	-0,7316
2,2828	4,7079
-1,1906	2,6107
3,7245	0,3825
0,1856	5,1666
2,2172	-0,1418
3,2003	1,4967
2,6104	3,2005
0,9720	-4,0739
0,5788	-0,0107
1,1031	2,0864
-3,0257	-3,3530
-0,4697	2,7418
-6,5646	-2,3046
-1,1251	-0,5350
-1,8460	1,6276
0,3822	-5,9745
-3,2222	1,4311
1,1686	1,6275
-1,1251	-4,4016
-0,0111	1,1034
-0,3387	-1,4526
0,3821	-3,2875
-0,7319	2,0864
-0,7320	-4,3361
-0,8630	-2,3700
-5,5161	3,3970
-0,9941	-3,8118
-5,7127	1,3655
-2,8291	-0,0763
-5,9093	-2,1734
-1,6494	4,0525
-5,0573	-3,4842
-0,6008	1,4311
-2,1737	4,6422
0,3167	-4,1395
1,2997	1,4966
3,5279	-0,6006
4,1178	-3,4841
2,9381	1,1033
2,4794	-3,6153
1,4308	-2,5011
2,4138	1,8242
-1,6494	-5,5813
1,1032	-1,1904
-4,5330	1,0377
-0,9940	-3,1565
-3,6810	2,0208
-0,4042	1,1688
-5,9747	0,7101
1,1686	2,2174
-2,9601	-2,9599
-0,1421	0,9068
-0,4042	2,6762
0,7753	-1,7802
-0,2732	-0,4039
-1,2563	-0,3384
0,9720	-2,3700
-2,5670	2,2175
0,7754	-1,8458
-3,3534	0,8413
0,5788	4,2491
-4,9262	-2,5666
-0,4042	3,6593
-3,5499	4,1180
0,2511	0,5136
-2,8290	5,1011
1,2997	-1,0593
-0,7319	1,3001
1,2341	5,2321
-0,6664	-2,0423
-0,0111	2,7418
3,1347	5,2321
0,1200	0,1204
3,2003	5,2322
0,2511	2,2830
2,2173	3,0696
-0,0110	8,9022
3,3314	0,5136
-0,8629	4,0526
3,2659	8,5089
0,7755	3,2661
7,0014	7,8537
3,1348	5,2322
6,1494	4,6424
5,4941	10,3440
7,1980	5,5599
4,7732	5,6910
6,6082	9,3610
7,9844	2,8730
5,4285	7,7227
5,8218	8,7056
1,2998	3,5284
4,6421	9,0334
-0,1420	6,4119
2,9382	4,9701
-1,8460	8,1813
3,9867	1,6933
-0,2076	5,8876
2,6104	7,1982
-0,9285	-2,1078
2,2827	2,2831
0,3167	-0,4695
0,2511	-6,2367
-0,6008	-0,6007
-0,3388	-10,6932
-0,8630	-9,9068
-6,0404	-10,3001
-3,8777	-20,2616
-7,8099	-17,5746
-7,1545	-21,0481
-12,9217	-25,8978
-7,9410	-23,6697
-12,0698	-35,0075
-9,9726	-34,6797
-14,4290	-32,8450
-9,5794	-45,6245
-13,1184	-44,9035
-12,9218	-47,0009
-14,1014	-55,9137
-11,7423	-54,7997
-14,3636	-65,6788
-14,4948	-65,9409
-16,0021	-66,5964
-17,3128	-81,2109
-16,5919	-78,1963
-20,3274	-79,2451
-18,4924	-89,8618
-22,9489	-85,5366
-18,8201	-93,6631
-20,9828	-95,4326
-19,4099	-94,0565
-20,5240	-105,2631
-17,1162	-102,7072
-18,0992	-101,9209
-15,2157	-111,8168
-15,4777	-107,1638
-12,5942	-112,2101
-12,7253	-113,5863
-13,8394	-109,1299
-10,4970	-118,0428
-13,5772	-112,4722
-13,2495	-105,5255
-15,5432	-112,7999
-10,4969	-106,3117
-16,7228	-104,3458
-9,9726	-106,7049
-10,5625	-95,8260
-7,8099	-99,0372
-10,3658	-94,5806
-7,2201	-84,9469
-5,7127	-92,5489
-3,7467	-83,4393
-4,6641	-76,9514
-2,8947	-80,3591
-4,0743	-70,9873
-4,7953	-70,8563
-2,6981	-68,3657
-5,8438	-57,7490
-3,4845	-61,6810
-8,0065	-54,7996
-4,0743	-45,4936
-10,2347	-47,7217
-5,5816	-38,6776
-8,0720	-35,9251
-4,9918	-36,0561
-5,5816	-25,6359
-3,4845	-29,3714
-5,5161	-22,1623
-1,5840	-15,9364
-2,3704	-22,8175
-2,6326	-13,7079
-1,7150	-10,1035
-0,2077	-12,9214
-1,9771	-3,6153
-2,2393	-6,1057
0,3822	-2,9598
-6,6302	3,4626
-0,5353	-2,9599
-4,5330	5,4944
0,1856	8,9676
-4,6640	1,5622
0,8410	5,1667
-1,6494	7,5915
-0,0766	3,3972
1,4963	8,6401
2,6759	3,9871
2,5449	6,6086
2,2172	10,6062
2,0861	3,5284
0,1200	8,2470
1,6274	9,2299
-1,9116	6,4119
1,5619	11,4582
-1,7805	5,3633
1,6274	6,4775
-3,0256	11,6547
1,6274	3,4628
-0,0110	9,8853
0,9720	9,4265
-0,9285	4,8390
3,4624	8,2469
4,1178	3,4628
3,8556	3,6594
5,4941	9,3610
5,4284	1,7588
5,4941	5,7566
3,2003	7,5259
5,1664	3,5283
1,4309	8,4435
4,9698	4,3802
-1,7804	2,5453
6,2150	7,1327
0,9066	0,9068
4,7732	5,0356
0,0546	6,8050
5,7562	0,6447
3,3969	4,0525
4,3144	1,5621
3,5280	-2,5666
3,9867	3,6593
4,5110	-2,4356
2,3482	-2,6321
2,6760	0,9722
-1,7805	-5,9745
0,1856	-0,9282
-3,2878	0,8411
-1,4528	-3,2220
-5,3194	1,0378
-1,0596	-1,6492
-6,2369	-3,2220
-0,9941	3,4626
-5,3850	-3,2876
-0,9286	-0,6005
-3,6155	1,1689
-2,1738	-1,5181
-1,3873	3,0695
-1,1252	0,8412
-0,1421	-4,5327
-2,3049	2,1519
-0,7975	-3,3531
-3,2879	-0,1418
-1,1907	1,2999
-5,0573	-5,5158
-0,9285	1,6932
-3,8776	1,6931
-0,0110	-1,7147
-3,9431	0,7101
2,1517	-2,0424
0,5133	0,3825
0,9720	3,2660
1,7585	-5,7779
2,7414	0,0548
2,2172	3,7247
2,0861	-4,5982
2,5449	0,5136
-2,8946	0,2514
0,9720	-0,2728
-3,0913	3,0039
-1,5839	-3,8118
-6,6957	1,6277
-1,3873	4,7078
-5,8437	-0,0107
-2,6980	3,6593
-5,7782	5,2977
-0,6664	1,7588
-0,9285	5,8875
-0,7320	-0,6006
0,9065	1,3656
1,7584	7,1982
1,8895	-1,1903
0,4477	3,3972
0,6444	5,4287
-0,4043	-0,5350
0,7754	4,1836
-5,9748	0,6446
-0,0110	2,3486
-4,0743	7,3948
-1,9116	-0,7316
-6,5646	2,0865
-1,6494	6,7395
-3,7466	0,1859
-0,6664	4,8390
-2,6325	4,4457
0,9720	1,6933
-1,1907	5,6909
1,7584	-1,6491
0,5788	2,7419
1,3652	4,6423
0,6443	-2,4355
-1,5184	4,1836
1,6274	1,7587
-3,1568	-1,0592
-0,7319	5,0355
-4,6641	-0,6006
-0,3387	2,1520
-3,0912	3,6592
-1,1906	-0,2729
-1,5183	2,9384
-0,4698	1,5621
0,1201	-3,8118
-0,6664	3,7248
0,0545	-0,9283
0,9064	-0,7316
-0,0110	3,5937
-0,0110	-1,5181
2,3483	1,4311
-0,7975	3,9214
1,8240	-1,5836
-3,7465	1,3000
2,3483	1,1034
-3,7465	0,8413
2,0207	4,1835
-1,1906	-1,7802
2,1517	1,7588
-1,1251	4,6422
0,9065	-1,5836
2,3483	1,0379
2,2827	-0,0763
-0,1421	-2,5011
1,6273	2,0208
0,5788	-3,2220
0,7754	-0,4039
2,0206	3,0038
-2,1082	-4,4016
0,8410	0,7757
-4,0087	0,7101
-1,1251	-2,8288
-3,0256	2,4141
0,9720	0,1203
-4,9262	-1,4525
1,0376	3,4626
-1,5839	-3,2876
1,6929	0,5136
-1,7150	1,8897
-0,4698	-4,7293
0,8410	2,6107
2,4137	-0,3385
1,6274	-2,3045
-0,6009	3,2660
0,7099	-3,2876
-1,6494	0,9723
-0,1421	2,7417
-4,7951	-3,4842
-1,5183	2,8073
-4,0087	2,0863
-0,0110	-3,3531
-3,0912	3,2005
0,5788	-1,0594
-1,2562	1,6277
0,4477	4,1835
0,3822	-4,8604
2,6759	1,1034
0,9720	1,8242
0,3822	-5,1225
2,6104	1,4311
-0,0766	-2,5011
1,0376	-1,0593
-0,9940	2,7417
-0,6663	-4,5327
-4,2708	-0,3384
0,5133	2,8072
-2,6979	-2,1734
2,1517	4,8389
1,7585	1,9553
2,9381	-0,6005
1,6275	4,0525
3,5935	-3,0254
4,9042	2,7418
3,3313	4,8389
5,2974	-4,0084
1,3652	2,2831
3,5280	0,1858
-1,1251	-1,6491
1,4308	2,7418
-2,4358	-0,2729
1,0376	0,8413
-2,7635	4,8389
0,7099	-1,3215
-3,7465	2,2831
-0,4042	4,0524
-0,6663	-0,3384
1,3652	5,0355
2,0206	0,7101
3,7900	0,7102
2,1517	3,5937
2,0861	-3,0254
2,9381	0,1859
0,3166	2,4796
-0,3387	-3,6152
-2,8291	1,7588
0,1856	1,1689
-3,2223	-1,1248
-2,3703	3,2005
-5,7126	-2,1734
0,1201	2,1520
-6,8267	4,2490
0,1201	-2,9599
-1,4528	3,3316
1,7584	1,0378
0,1201	-2,1079
1,6929	2,1519
3,4624	-0,0763
2,6759	0,4480
2,6760	2,1519
-1,0596	-4,7949
2,8071	-1,2559
-0,4042	0,1858
1,2997	-3,1565
-3,0257	0,8412
1,6274	-2,5667
-2,8945	-2,1079
1,8240	1,4310
-1,0595	-5,7124
1,8240	-1,7802
1,2342	1,8242
4,1177	-4,1395
3,5279	1,4310
3,7900	-1,8458
3,7246	-4,9914
3,2002	1,5621
3,0692	-5,3847
1,4308	-1,1904
4,2489	1,4965
-2,6324	-3,6152
4,2489	0,1859
-2,3047	1,1688
1,4308	-1,9113
-2,6324	3,6592
4,1178	-2,9599
-0,4042	0,2514
2,8071	4,5767
0,4478	-4,0740
3,4624	0,9068
3,7901	1,4965
3,2657	-4,5982
0,6444	2,2830
1,8895	-3,2876
1,7585	-2,9599
-1,3873	0,7101
-0,2731	-6,4988
-2,7636	-1,0593
-4,5330	2,4140
-5,0573	-5,2536
-0,7319	2,4141
-6,8267	0,9722
-2,3048	-1,2559
-4,2709	5,1010
-0,7975	-1,9113
-1,5183	0,1204
1,5618	2,0208
1,2997	-6,0400
2,0861	-0,0107
2,8070	-0,5351
1,6274	-5,1880
2,7415	2,0864
-0,4698	-3,7463
1,1687	-1,3869
-3,7465	3,7247
2,2173	-3,7463
-2,6324	2,6108
1,4964	4,0524
-1,5183	-2,2389
2,5449	5,5598
0,9065	-1,2560
3,7901	-1,5180
1,0376	4,3146
3,6590	-1,8458
3,4624	0,3170
3,4624	2,3485
3,9867	-4,6638
2,3483	-0,6005
3,5279	-0,9938
-2,1737	-1,7146
2,8726	3,3971
-4,7296	-3,4842
0,7099	0,7102
-2,2392	3,9213
0,8410	-2,7633
-3,0256	1,4966
0,8409	3,0038
-3,0912	0,1203
0,8409	3,3316
0,3822	-2,6977
-0,6665	0,1859
-1,4528	2,5451
1,1685	-3,7463
0,3166	0,2514
-2,6980	0,8412
-0,6008	-4,6638
-2,7636	1,1689
-0,0110	-0,1419
-4,5330	-0,7316
-1,0595	3,9869
-1,8460	-5,6468
1,4963	0,6447
-2,1081	5,3631
2,1517	-4,2051
0,3822	-0,7971
2,2172	0,8412
0,9065	-2,4356
3,7900	0,3169
1,0376	-4,7949
-0,2732	-1,4525
0,2511	1,6276
-1,6494	-6,4988
1,1031	-1,9768
-3,4844	0,7101
2,0861	-4,2706
-3,7465	2,5452
2,0862	0,6446
-2,3047	2,1520
1,8240	5,1010
0,1201	-0,6006
5,6251	2,4797
2,0206	4,5112
3,9867	-0,5350
5,2974	2,0209
2,8070	-0,6006
3,5280	-1,3869
3,0692	5,3632
3,4624	-3,2875
-1,0596	1,8244
1,2998	5,3632
-1,7149	-2,8288
0,7755	3,0695
-2,4358	2,8728
0,0546	-0,4039
-1,9115	6,4118
3,1347	-1,7147
-0,4042	2,1520
3,3313	5,9530
1,8896	-2,3700
3,4624	1,1690
3,9867	1,6276
3,3968	-3,3530
4,3799	1,6277
2,6104	-3,2220
2,9382	-3,1564
-3,6810	2,8728
2,4794	-4,4017
-2,5669	-0,0107
2,0206	0,8411
-2,8290	-2,8943
2,1517	1,6932
-1,9771	-0,2730
1,2997	-2,4356
-0,5353	2,8728
0,8409	-2,8288
0,7099	0,3170
2,2827	0,9722
1,6929	-6,2366
1,5618	-1,4525
0,9720	-1,9769
-3,1568	-6,1711
1,5619	2,2830
-3,0912	-4,7294
-0,4697	-1,8458
-4,0742	1,4309
0,4478	-4,4017
-2,3703	0,9068
2,0206	1,5620
-0,7974	-4,9915
2,6760	2,2174
1,4963	-0,7317
3,5935	-0,7316
3,3969	3,5937
5,2318	-4,7949
5,0353	0,7102
2,8726	2,2830
5,1664	-3,0909
1,8240	0,1859
2,8071	-1,9769
-1,5838	-3,2875
3,5935	1,9553
-2,1081	-5,1881
0,3823	-1,3214
-2,2392	2,2829
2,3483	-6,6954
-1,0596	-1,0593
0,6444	-1,6492
0,7754	-5,2536
1,8895	0,5135
1,8240	-4,7294
3,3968	-3,0909
0,9720	0,0547
0,3166	-5,6468
1,2997	-1,2559
-1,8460	1,0378
0,7755	-1,0593
-3,8776	3,9214
0,7754	0,3824
-4,2708	0,9068
-0,7974	5,9530
-1,0595	-3,4186
1,5619	3,5938
-1,1906	5,9529
1,6274	-2,1079
1,6274	2,8729
2,8725	2,1519
2,6760	-0,6006
1,8240	2,6107
3,7901	-1,6491
0,9720	1,1034
0,3167	3,5937
-2,1082	-2,7632
2,1517	2,2175
-4,4674	2,0864
1,7585	-1,7802
-4,0087	4,7734
1,1687	1,3655
0,3822	2,6763
1,3652	4,9044
0,8410	-2,5666
5,0352	2,0865
0,7755	3,4626
4,5765	-3,2220
3,9212	3,0040
2,5449	0,6446
4,6421	0,3170
0,8409	1,4310
1,2998	-3,7463
-0,7974	0,4481
1,4964	2,4141
-3,2222	-1,8457
1,6274	1,9553
-2,5014	0,9723
-0,4697	-0,7971
-2,1081	4,6423
1,6929	-2,0424
-1,1906	0,5136
0,9720	4,5112
0,5133	-3,9429
1,4962	0,3170
1,4308	1,2344
0,7098	-2,6321
0,0545	3,5937
-2,5014	-2,9599
0,7754	-0,5350
-5,9093	4,2491
-1,3872	-2,6322
-5,9093	0,3825
-0,9285	1,4966
-5,3194	-1,7802
-1,7149	5,1010
-2,6324	-0,2074
0,3166	-2,5010
-0,2732	5,6908
1,5618	-1,9113
2,4794	1,1034
1,8895	5,1010
2,6760	-2,9598
1,0375	1,3656
3,7246	-0,9938
-0,7319	-2,3700
2,4139	5,8220
-2,6324	-0,0107
1,1687	3,3317
-4,0087	7,9846
0,7755	0,1204
-4,5985	5,6254
0,1856	4,1835
-1,6494	-0,5349
1,3652	7,5915
-0,6664	1,8243
-0,1422	1,3656
0,7099	5,8219
0,5132	-1,9113
1,4963	-0,2728
-0,3388	0,8412
-0,5353	-3,6807
-2,7635	1,9553
-1,1907	-1,4526
-6,3025	-3,4186
-0,0110	2,4140
-5,7126	-3,4842
-1,1251	1,3000
-4,4674	5,3631
-1,3873	-3,8119
-3,0912	1,4966
-0,7320	2,2174
-0,9941	-2,6977
1,0375	0,8412
-0,7975	-4,1395
0,2511	-0,7316
2,0861	2,2830
-0,3387	-4,4672
1,6274	-0,1418
-2,6325	1,8242
-1,2562	-2,8287
-4,2053	3,0039
0,4478	-0,6661
-3,6810	0,8413
-0,7319	6,3462
-2,9601	-3,2220
0,1856	0,7102
-0,9940	5,2976
-0,2077	-2,9598
-0,1421	1,8243
2,5448	-0,1419
1,5619	-1,5181
1,8895	1,4310
3,2658	-3,6808
0,4477	-1,9113
1,4964	0,0547
-1,5183	-4,7294
1,8896	-1,5181
-3,0912	-2,3046
0,0546	-4,5983
-4,0086	-1,1249
1,8896	-5,0571
-0,8630	-0,7972
2,0206	1,2343
-1,1906	-5,1881
2,8070	0,0548
2,0206	-0,6007
3,3313	-5,8434
2,8726	-0,5350
2,4138	-4,4017
4,1178	-3,8118
-0,8630	1,5621
3,0037	-5,0570
-0,9940	-0,5350
2,5450	1,5620
-1,6494	-5,0570
1,2342	1,3655
-0,5352	-0,5351
1,6929	-1,3214
-0,6663	3,6592
1,9551	-3,4842
1,7585	-1,3869
2,7414	3,0038
0,6444	-3,6808
2,4137	-0,4039
1,9551	1,1033
0,0545	-4,0084
0,8410	2,7418
-2,1082	-3,6808
-2,0426	-1,4525
-4,4019	3,1349
-1,7805	-4,4017
-3,4844	1,1034
-0,2076	3,5281
-4,9262	-2,2390
1,4963	2,4141
-2,3703	-0,2074
-0,1421	-2,3700
1,7585	3,7248
1,6273	-3,4187
-0,1421	-1,5836
1,8895	1,6931
4,1833	-4,9260
1,1686	-0,5350
0,7099	-5,1226
-0,8630	-4,3361
1,1031	1,6931
-3,8776	-4,6639
0,0546	-2,9599
-4,3364	1,2999
1,1687	-3,9429
-2,8290	1,8242
1,6274	0,2513
-1,5183	-3,4841
0,8409	2,4141
-0,2076	-3,8119
1,2997	-1,3870
1,4963	2,8072
1,0375	-5,2536
2,8726	2,8729
-0,4698	1,1033
1,2997	-3,4186
-3,5500	4,1180
0,2511	-0,2074
-6,0403	-0,8627
-0,2076	5,8219
-4,8607	-0,7972
-1,3873	2,8729
-2,8291	3,7248
-1,5184	-0,3384
-2,5014	3,7904
-1,2563	1,8242
-1,9771	0,5791
-0,7320	3,2005
-1,3873	-1,9768
-3,2224	-0,7971
-2,3703	3,7903
-4,2709	-2,8288
-1,7150	1,4966
-6,4336	0,2514
-4,4019	-1,7802
-6,2369	2,6107
-0,7975	-2,8288
-6,3680	-0,6005
-0,9285	3,4625
-3,5500	-4,9915
-1,0596	-0,6661
-1,1251	0,1858
0,4477	-6,1711
-0,6664	-0,6006
0,5787	-4,6639
-0,0110	-4,7293
-0,7975	0,1203
1,1686	-6,5644
-1,5184	-4,7948
1,1031	0,4479
-4,0087	-5,5813
1,2998	0,2514
-2,2392	-1,6492
0,9065	-2,4356
-1,0595	4,1180
3,5279	-2,3701
1,6930	1,5622
3,7246	6,6083
4,1178	-3,4841
4,9697	3,0695
5,3630	1,0378
4,1177	-2,3700
5,1009	2,4141
3,3313	-0,9283
5,1008	-0,4039
-1,1906	3,8558
2,8726	-4,3361
-2,8946	2,1520
-0,1420	3,6592
-4,3363	-1,9113
1,7585	2,2175
-2,3047	0,9722
-0,7319	-0,2073
-0,6008	5,2321
1,2997	-2,5667
0,8410	0,3170
1,2996	3,9869
0,9721	-1,9113
1,2996	2,0209
1,8895	0,8412
-2,0427	0,0549
-1,2562	5,6253
-4,4020	-1,5181
-3,7466	2,4142
-8,5307	5,3632
-3,8121	-2,7632
-8,9895	2,9384
-4,7297	3,6592
-8,2031	-0,8627
-3,2223	5,3632
-3,1568	-1,5181
-4,5986	2,0865
-3,7466	5,8874
-0,0112	-4,6637
-2,6325	-1,8456
-2,5015	3,0694
-1,0596	-3,2220
-3,8777	2,4796
-0,0766	-1,8458
-4,7952	-3,0909
-1,1251	1,6276
-4,7951	-3,6152
-0,4698	1,3000
-4,3363	3,7903
-0,8630	-0,8627
-0,2731	3,3316
-0,1421	0,5135
-0,0110	-0,6006
3,4623	4,1835
1,1031	-3,0254
1,4307	-0,3384
4,0522	2,5451
0,3166	-3,5496
1,5619	1,1690
-0,2076	0,5136
2,0206	-1,0593
-2,3703	4,3802
0,0546	1,3655
-5,1883	3,8559
0,8410	8,1812
-2,7635	1,4311
1,1686	4,7734
-1,5183	5,9530
2,4793	1,2345
2,4138	4,6424
2,4138	3,2661
1,5619	-0,5350
2,0861	2,3486
0,5788	-3,3530
-0,7975	-0,0762
-0,4697	3,3315
-3,8121	-3,7463
-0,0765	0,6446
-4,0743	0,2513
-1,4528	-2,1734
-5,1883	2,7417
-0,9941	-1,9113
-2,4358	-1,3870
0,9720	3,1349
-0,7975	-5,3847
1,2997	0,0548
0,2511	2,3485
0,7098	-3,0254
1,4308	1,3000
3,1346	-3,1565
2,9381	-1,7802
-1,2562	0,5135
2,6760	-8,0061
-2,3048	-1,2559
-0,6008	1,8897
-3,6155	-2,8943
-1,1906	1,8242
-3,3533	-1,7803
1,5619	-0,6661
-4,1397	6,8705
2,2828	-2,8288
0,1201	2,4797
2,1516	5,0355
1,5619	-2,0423
2,8725	3,2661
2,2172	3,4627
1,9550	-0,1417
1,8896	4,6424
1,6929	-1,1248
2,9381	2,2176
-1,4528	5,0355
4,2489	-2,7632
1,1031	2,2175
3,0037	2,5451
0,2512	-0,9282
5,6252	3,4627
2,6760	-0,7317
4,5765	-0,8627
3,3969	4,3801
6,2804	-4,2051
3,8556	-1,7146
3,7900	2,2829
3,4624	-5,3192
0,7754	0,7101
1,4964	-3,0255
-0,7975	-4,7949
0,9721	1,2344
-3,0912	-5,9746
1,3653	-2,7632
-3,9431	0,3168
3,5935	-6,3678
-2,6980	-0,2729
1,2342	-1,6492
-2,1737	-4,8604
0,9065	1,3655
1,1686	-2,1079
0,7098	-1,7146
1,0376	2,6762
2,6103	-7,1542
0,7098	-2,5666
-1,5184	0,3824
-1,3873	-5,8434
-3,1568	1,4311
-2,3048	-2,2390
-6,7612	-0,3384
-4,0743	4,5112
-7,4166	-2,7633
-2,3048	1,6932
-5,9092	3,3315
-0,6009	-1,8457
-2,2393	4,7734
0,9064	2,6762