1,9682	-1,5941
-3,8646	-1,3320
4,7862	-3,6257
-3,9301	-1,6597
4,9828	-5,4608
-5,3064	-4,6088
2,8201	-2,0529
-4,1922	-5,0020
0,5263	-2,7083
-5,3063	-0,4800
-2,4229	-3,4947
-6,2893	-1,2664
-6,3550	-0,8733
-3,3402	-0,6766
-6,0929	0,1098
-1,9640	-1,7907
-7,6657	-0,2834
0,3953	1,6827
-7,5346	-1,3975
3,0823	0,8307
-3,9957	-0,6111
1,6404	-1,7907
-5,9617	0,9618
3,4099	-2,7737
-4,1922	-2,4460
-0,2601	0,5030
-2,6848	-1,9218
-0,1290	-0,4144
-1,4396	0,2409
-1,4398	0,2409
0,3299	1,4206
-3,5369	-0,4800
2,8202	1,8793
-3,4713	1,8793
4,6552	0,0443
-3,3403	-1,1353
6,2935	1,4861
-5,3719	-0,2178
2,4269	1,2240
-5,1753	0,3065
0,9195	1,6172
-6,3549	1,1584
-2,7505	-0,8076
-5,3718	0,8308
-3,9957	1,5516
-5,1097	-0,8077
-3,1437	2,7313
-5,1097	1,6171
-6,4205	-1,3975
-0,1945	2,7968
-6,2239	0,5030
3,6721	0,5031
-5,9618	2,5347
2,4268	-0,8077
-6,7482	1,7483
2,1647	0,8963
-7,0758	-1,5285
0,3952	-0,0867
-5,9617	0,7652
-2,2262	1,0274
-4,0611	0,9618
-3,1437	0,0443
-3,2091	2,7968
-3,4058	4,5007
0,5264	-0,2178
-3,9957	2,6658
4,3930	1,8138
-3,1437	0,6997
3,4755	2,8624
-3,9301	-1,2009
5,0483	1,0274
-2,8160	2,3380
4,1963	-1,5941
-4,9131	2,6002
3,0167	1,2895
-1,8329	1,0929
0,9196	2,5347
-0,2600	0,8963
-0,3256	0,8308
-0,1944	4,4352
-2,0951	0,3065
2,3615	1,0274
-0,9154	2,2070
3,9343	1,2240
-0,8499	0,1099
8,5218	0,3064
-0,8499	0,3720
6,6213	2,2725
-0,3911	-1,3975
8,1285	0,8308
1,1163	0,5030
6,2280	-1,0698
0,1988	-1,0043
3,7377	-0,4145
1,7717	-1,3975
0,7230	0,7652
3,3446	-4,2811
0,5919	-2,1839
4,2620	-0,6111
-1,7018	-2,0529
6,5558	-1,2009
-0,3911	-1,7908
8,0630	-5,1986
-1,5708	-5,0020
6,5557	-6,1161
-3,5368	-5,6574
3,4099	-3,9535
-2,1606	-5,7885
0,0675	-4,8054
-3,7989	-3,0360
-2,8161	-6,5094
-5,1097	-2,5117
-5,6341	-4,5433
-3,5368	-4,4122
-7,5347	-0,8078
-0,4567	-4,8054
-8,3211	-4,3466
-0,4567	-3,2326
-8,3211	-3,7568
0,2641	-3,1015
-10,2216	-1,7252
-1,3088	-3,3636
-9,5007	0,5686
-3,2093	-1,1353
-9,3696	2,1415
-3,0783	3,3866
-9,4351	2,9279
-7,2725	3,2556
-6,2239	5,3528
-8,4522	5,4183
-5,0442	6,2703
-7,4036	7,1878
-1,8329	9,0228
-7,0759	10,2025
0,9851	10,2025
-6,3550	11,0545
3,0822	10,7268
-5,4374	12,6929
3,3444	14,3969
-2,7504	15,0523
4,5896	16,2320
-1,7018	17,8048
2,2303	16,4286
0,5265	17,5427
3,3444	20,5574
2,2304	19,3777
2,4925	22,2613
7,9976	21,9336
3,4756	21,2128
12,4541	22,2613
5,1795	20,6230
14,8134	20,5574
5,5728	19,5088
15,5998	15,5767
6,3592	16,0354
13,1094	16,2975
4,9830	12,3653
11,1433	12,4308
3,5413	9,1540
7,3422	5,0252
3,4102	5,7460
2,4925	-0,3489
4,9174	-5,4607
-1,1775	-6,6405
3,4756	-14,5049
-3,3403	-19,4202
2,4269	-27,4156
-6,1584	-32,7897
0,0675	-39,8022
-11,2702	-50,2225
-5,5031	-56,7107
-15,7267	-63,6576
-8,9766	-74,7989
-19,7900	-84,7605
-16,5133	-95,5741
-23,5256	-103,3075
-24,3777	-112,0895
-27,4578	-125,5900
-30,7348	-134,1099
-30,9968	-142,0399
-36,0432	-152,3947
-31,4557	-163,3394
-41,1552	-173,6942
-34,5360	-182,9349
-47,3156	-190,0130
-37,9440	-205,6107
-51,3789	-213,9339
-44,4976	-220,9464
-55,1800	-231,8255
-47,7090	-240,5419
-55,6388	-248,5375
-54,0660	-255,3533
-56,6218	-259,6788
-56,6219	-267,5432
-55,7043	-271,4755
-57,7360	-274,4247
-51,9687	-279,9953
-56,5564	-283,7309
-47,3812	-285,6971
-53,6072	-288,4496
-43,5801	-288,2530
-50,0026	-291,1366
-38,9270	-291,3332
-46,3981	-288,7118
-38,3372	-289,4326
-42,5314	-287,8597
-34,9948	-283,0756
-39,6477	-281,6993
-34,5360	-275,4732
-35,5844	-270,0337
-33,6184	-265,1840
-30,9313	-255,9433
-31,9800	-251,2901
-25,8195	-242,2460
-30,5382	-230,2529
-22,1494	-225,5997
-28,5065	-213,9341
-16,2512	-203,1205
-25,5573	-195,7148
-14,0885	-184,6390
-20,1833	-174,9395
-13,2365	-163,8638
-20,0521	-151,6740
-11,0082	-145,5790
-16,0544	-135,3551
-11,7947	-119,6919
-12,6465	-114,1212
-12,7121	-100,6861
-11,6634	-89,9381
-12,5155	-79,1245
-6,3550	-68,1143
-11,6635	-61,6261
-3,7335	-51,0746
-11,8601	-42,6859
-2,8816	-37,0497
-9,2386	-30,5615
-1,9641	-21,5829
-9,5662	-15,5535
-0,1291	-7,6236
-7,6001	-7,6890
-2,4884	0,1099
-5,6995	7,7120
-3,6680	7,5810
-4,1266	10,6613
-5,5030	15,8387
-2,9470	16,2975
-3,8646	20,9506
0,1332	20,6884
-5,1098	22,1958
4,9828	24,4896
-4,3888	21,0817
5,1794	23,2444
-4,3233	23,5721
5,8348	22,9823
-2,1606	20,4264
5,3105	22,2614
0,9852	22,2614
4,4585	23,2444
1,3129	19,8365
3,0823	20,2297
1,8373	18,3291
2,3614	17,0839
6,4248	16,6252
3,8032	16,8217
6,2937	12,4963
1,2473	12,8240
12,0608	9,1540
2,0993	8,4331
9,3738	7,7777
1,5750	6,5325
9,8981	3,5178
2,4270	4,7630
7,4732	2,9279
0,1333	2,5347
4,9829	0,8308
1,9028	0,3065
0,6575	1,4206
4,2621	-1,5941
1,3784	0,8307
5,9005	-0,2179
2,2303	-0,2834
6,4247	0,2409
-0,7188	-2,1840
10,9467	-2,6427
0,1987	-1,7252
7,0800	-5,6574
-0,3255	-3,9534
5,8348	-2,4461
-1,4397	-5,1331
3,2789	-4,1500
-2,6848	-3,7568
0,9851	-5,4608
-2,8159	-2,0529
-3,9956	-5,1331
-2,0950	-4,6744
-6,4860	-3,7569
1,8372	-6,9681
-3,0127	-5,0676
3,6721	-3,1015
-3,9301	-4,8710
3,2133	-4,2811
-3,3403	-5,7229
4,8517	-5,9195
-3,9956	-1,1354
4,1963	-2,9049
-2,2917	-2,4461
2,7545	-1,3975
-2,7503	-2,5116
-0,3256	0,3065
-1,5052	-0,4145
-2,1606	0,1754
0,5265	1,6171
-2,6194	-2,3805
0,6575	0,2410
-2,8815	1,8137
4,4586	-2,3805
-3,7990	-0,2178
6,1625	0,4375
-3,4058	0,6341
5,8348	-0,8732
-2,9470	-2,4460
5,4416	0,8308
-2,5538	1,7483
2,0337	-1,3975
-0,3910	0,3065
0,6574	2,7313
-0,3255	1,2895
-1,0465	3,7143
3,7378	0,5030
-1,2431	1,3551
3,6067	2,0103
-0,1945	-2,1184
6,2280	-1,1353
-3,2747	1,6171
6,4902	-0,7422
-3,3402	-1,7907
4,2619	-2,1839
-4,1922	-0,9387
2,4924	-0,0212
-3,4057	-0,9387
0,1331	1,1584
-3,2091	0,5686
-1,7019	-2,9048
-1,7673	-0,8732
-4,1922	-0,0213
0,3299	0,3720
-3,7335	0,2409
1,7061	-2,6427
-2,7505	-1,1353
5,1794	1,0273
-4,6510	-2,2495
4,8517	-1,5941
-2,4883	-1,3975
3,8687	-3,8878
-4,4543	-1,6596
4,3274	-1,6597
-2,2916	-3,2325
0,1986	-1,3320
-4,2576	-2,4461
0,0676	-2,4461
-1,8983	0,6341
-0,3912	-2,6427
0,5920	-0,5455
-0,9154	-0,3489
5,3761	-1,0043
-3,6679	1,6171
8,1286	-3,1014
-2,0295	-1,0698
5,4416	2,4036
-3,1436	0,2409
5,9003	0,0444
-0,9154	1,4206
3,1478	0,7652
-2,7503	2,7313
0,9851	-0,0212
-3,0780	0,3720
-3,2092	3,5832
-2,1605	1,3550
-3,1437	2,0759
-0,2600	2,4691
-5,1098	0,1099
2,9512	1,8138
-5,0442	0,2409
4,6551	0,8308
-6,4860	2,9934
4,7862	0,8963
-5,4374	1,2895
3,8687	3,1900
-3,6024	1,0274
1,7715	-0,0212
-2,8159	2,2070
-0,0635	0,9618
-2,7503	2,5347
-2,2917	1,1584
-0,5877	1,5517
-4,9787	3,0589
2,1649	-0,2834
-2,4228	1,3550
4,3275	2,0759
-3,6679	-0,6110
6,4901	1,9449
-3,2747	-1,1354
6,4246	2,3381
-3,9956	2,7968
3,7376	1,0929
-5,0441	-0,4144
-0,5878	2,1415
-3,4057	-0,2833
-3,1437	2,6658
-3,5368	1,4206
-1,8330	1,2895
-0,6532	3,3211
-5,5030	0,6997
1,5750	1,5517
-4,9787	3,5832
5,5726	1,0274
-2,5539	1,3551
4,7861	2,2725
-3,7990	-1,7907
4,3930	-0,0212
-3,7990	0,6342
3,6721	-0,2178
-1,7018	2,4036
1,7060	1,5517
-1,2430	0,3720
-0,5222	3,1901
-0,6532	1,3550
-3,1437	4,0420
1,3129	2,5347
-2,7505	0,2409
3,2789	1,9448
-3,4714	-1,0698
3,8032	-0,3489
-3,1437	0,5030
3,9342	-1,2009
-4,5199	1,0273
2,0992	-0,9388
-4,7820	-2,9048
2,6890	-0,2834
-2,5538	-1,9873
0,0020	-0,2834
-2,3571	1,6171
-3,0781	-1,8562
-0,5876	0,7652
-3,7335	4,1731
1,3784	-0,1523
-3,8646	0,1754
3,4755	2,4691
-4,6510	2,4691
4,5896	0,8963
-4,8476	-0,2179
4,3929	-1,6596
-6,2894	0,5686
0,7229	-1,6596
-4,4543	0,2409
-0,4567	1,0928
-4,7820	-0,3489
-3,6680	-0,1523
-4,9131	-3,1670
-3,9957	-1,0698
-4,7165	0,1098
-7,4036	-0,7421
-0,7843	-1,2664
-7,1414	3,2556
4,2619	0,1098
-6,7482	2,4036
4,3930	0,1098
-3,2747	0,5031
3,9997	4,1076
-2,2261	0,3720
3,9998	1,9449
-2,0950	2,6658
4,1309	1,2240
-0,3910	3,4522
0,9851	1,6827
0,2644	1,6827
-1,0465	2,6657
1,4440	-0,2179
-1,3742	0,2409
4,7863	2,2070
-2,3572	-1,0043
7,8009	-0,8732
-2,2916	-1,2664
7,5388	-1,9873
-1,0465	0,3064
5,9003	-3,1014
-1,3086	-0,5455
5,4416	0,3064
-1,5707	-1,9218
0,5264	-2,0528
-1,5051	-1,3975
-1,1776	-1,5941
-0,9809	2,9934
-3,6024	-1,1354
1,0507	0,9618
-3,9956	2,3380
5,5071	-1,6596
-2,8160	-1,3975
4,5896	0,9618
-3,7990	-0,0868
7,2766	-0,8732
-2,3572	-2,9048
4,1308	-0,3489
-3,5368	0,8962
3,5410	-2,5771
-2,9470	-1,0698
-1,4397	0,0443
-2,2916	-0,2834
-2,2917	1,1584
0,5920	0,7652
-3,7335	1,4861
1,3129	3,9109
-3,1437	1,6827
3,8032	1,5516
-3,0126	1,4205
6,8834	-0,9387
-3,9301	0,7652
6,8833	-1,0698
-2,4883	-3,0359
4,9828	0,1754
-2,3571	-0,4145
3,0823	-3,4947
-1,4396	-0,7422
1,6405	-1,3320
-0,8498	-1,1353
-1,4397	0,9618
0,9852	-1,0043
-1,1121	0,5686
3,0168	-0,7422
-1,3087	-1,5286
5,5727	-0,0868
-1,9640	-3,4946
7,8664	-1,0698
-1,3086	-1,2009
7,9320	-2,8393
-1,3086	-1,8562
7,8664	-0,2834
0,2643	-0,9387
2,2959	2,0759
-0,9153	0,0443
1,3128	1,0274
-1,6362	4,1731
-3,1436	-0,0212
-0,8498	1,5516
-5,6340	1,3550
2,4925	1,6172
-6,2239	1,8138
1,3784	0,4375
-5,8307	-1,2664
2,7545	0,5686
-6,4860	-2,4461
1,4438	-1,9218
-4,3233	0,5686
-0,7189	-2,1184
-4,1922	-1,6596
-1,1776	-3,0359
-5,4373	0,3064
-2,4883	1,1584
-0,1289	-0,6111
-2,1607	0,5686
-0,5221	3,2555
-2,9471	0,5030
3,8032	2,2726
-3,6024	0,8307
5,5071	2,8624
-2,6194	4,8940
6,2935	-0,4799
-1,3086	1,7483
5,1794	3,7799
-1,7674	2,4692
3,9342	1,4206
-2,4227	2,5347
0,4608	1,5517
-1,1119	4,5663
-2,1606	-0,4799
-0,5876	2,0104
-3,6679	1,9448
3,0824	-0,7421
-1,8985	-0,0867
3,5411	0,7652
-1,2431	-1,0698
3,9998	1,4861
-4,1267	-0,2179
3,9997	0,5031
-5,3719	2,0103
1,8370	-0,8732
-4,1266	-0,6110
1,2472	0,3720
-3,9956	-1,2664
-2,4883	0,3720
-3,1436	-0,2834
-2,8816	-0,6110
-2,8159	1,0273
-4,1923	0,3720
1,6405	-0,2178
-4,3889	0,2409
3,6721	-0,5455
-2,2262	0,9618
2,8856	1,0929
-6,4860	0,4375
3,6720	2,6658
-4,9787	0,6997
1,4438	1,0929
-4,9786	2,4036
-0,3257	1,2240
-5,7650	4,4353
-4,3234	3,7799
-3,7989	1,2240
-4,7821	2,7313
-1,3086	2,8624
-3,7991	2,9280
0,0021	3,5832
-2,6194	-1,3319
6,4901	0,7653
-3,0126	3,3211
6,7523	0,5031
-2,3572	2,0104
7,3421	-0,7421
-1,8984	-0,0212
5,0483	-1,3975
-1,2430	-1,2009
2,9512	0,5031
-2,7503	1,3550
1,6405	-3,5602
-0,1289	-2,5116
-2,2917	0,6996
1,5750	-0,3489
-2,2262	1,4860
3,2789	-2,1840
-3,2747	-1,1354
5,4416	-0,9388
-1,9640	-3,3636
4,7862	-2,8393
-2,4227	-1,2665
6,8834	-3,1014
-2,6193	0,6996
3,0167	-1,5942
-1,6362	-0,9387
1,6405	2,2725
-0,6532	-2,2495
-2,2262	-0,4144
-1,1775	2,2070
-1,8330	-0,2178
1,9027	-0,4800
-3,0781	0,0443
4,7863	2,4692
-2,2262	3,1245
6,1625	-1,7252
-1,3742	-0,8732
5,3760	1,5516
-2,2916	-1,6596
6,1625	-1,5941
-2,0950	-0,2179
3,2789	-1,5286
-3,2746	0,3065
-1,3087	-0,9387
-0,8498	0,4375
-3,0126	3,0589
-2,5537	2,1415
-3,6024	1,4206
1,1818	2,0104
-3,5369	1,9449
3,4100	2,9279
-5,0442	-0,7421
4,5240	0,5031
-4,9131	2,4691
4,6551	-3,2325
-4,9131	-0,9387
3,2788	0,1754
-4,8476	-2,1839
-1,8330	0,3065
-4,3888	-0,4800
-3,0782	-1,9873
-4,0611	0,5030
-3,2748	-1,8562
-0,9154	-0,7421
-3,0782	1,8137
1,5750	-0,2834
-3,0126	-0,5455
4,3275	1,2239
-4,9786	-0,7421
6,6212	0,6341
-3,8646	-0,1523
5,2449	-0,0212
-2,6193	-0,2179
2,9512	-1,0698
-2,7504	0,8308
0,0020	0,6997
-3,2746	0,8307
-2,6194	2,2070
-0,6532	1,3550
-3,6025	2,2726
-2,2260	2,7968
-3,0126	1,0929
3,8032	1,9449
-4,8476	3,1245
3,5410	-1,8562
-3,0782	0,3720
4,7862	0,6341
-3,3403	-1,3975
3,6065	-2,7738
-3,4713	-3,3636
4,5240	-1,4630
-5,9616	-0,6111
-0,1290	-3,4291
-2,5538	-1,7252
-1,8985	0,4375
-3,3402	-2,7082
-5,2408	-1,5941
0,4609	-3,6258
-3,6025	-1,3320
2,0993	0,3064
-4,7821	-4,4777
3,2789	-1,5941
-4,5199	-0,5456
3,8687	-1,9873
-3,2092	-2,8393
2,8856	-3,2325
-2,8159	-0,6766
1,4438	-0,4800
-3,2091	-2,3150
0,7229	-1,9218
-1,8328	-0,0868
-1,8330	-1,1354
-0,1289	-0,4145
-1,1776	-3,2325
1,5095	-2,6427
-3,9301	-0,4800
5,2450	-3,1670
-4,7821	-2,3150
4,7207	0,6341
-3,0781	-2,8393
4,7862	-3,8223
-3,6024	0,3064
3,0167	-3,2325
-4,0611	0,8963
0,8540	-3,8879
-4,0611	-3,1669
-2,0951	1,4205
-1,4396	-2,7082
-2,9471	-1,4630
-1,4396	1,2239
-3,6025	-1,9218
0,1332	-0,0868
-4,1923	-0,0213
4,2619	-3,5602
-3,9301	-0,2834
4,1308	-0,6766
-2,2917	-0,8732
5,1794	-1,0698
-2,3572	-2,0528
4,1964	0,2409
-3,6023	0,0443
0,7230	-0,9387
-1,3740	0,0443
0,7230	0,5031
-0,4565	1,0273
0,1331	0,6341
1,9027	-0,8732
-1,8985	1,2895
3,4756	2,0104
-1,1776	-2,5116
6,8834	-1,7907
-2,7504	-0,8077
5,8348	-0,9387
-1,3086	-1,5941
6,5557	-2,4461
-0,0634	-4,1500
5,1139	-1,5286
0,2643	-3,1014
4,1308	-3,3636
0,4610	-2,1839
0,3953	-1,2664
1,2474	-0,8077
0,0021	-3,1015
3,3445	-0,8732
-0,6533	1,5516
3,8688	-2,1839
0,0676	-0,8732
8,0630	0,3064
-2,7504	-0,6110
6,3591	0,3720
-1,1776	-1,2009
4,3930	-0,9387
-3,4057	0,5031
1,5749	-0,8732
-2,8814	0,0443
-0,7844	2,4691
-1,7017	0,5031
-1,4398	1,9449
0,1988	-0,2178
-2,5539	3,7799
-0,7187	4,8940
-1,5053	1,0929
4,0654	1,2895
-4,1267	4,5007
7,4077	-0,2178
-2,6194	3,1901
6,0314	1,5516
-3,4058	2,4036
5,5071	3,3211
-2,4882	-1,0042
2,2958	1,8138
-2,2260	2,6657
0,5919	-1,2008
-2,0294	2,2726
-0,4567	2,3380
1,5095	-1,7907
-0,5878	1,7482
4,1965	-0,2834
-3,4058	-0,9387
6,6213	0,0443
-1,0465	-2,3150
6,0970	-1,3975
-0,5222	0,4375
6,9489	-0,8732
-1,8329	-0,3489
6,2280	-2,2494
-2,5537	-0,6766
3,9342	0,3719
-0,5221	-0,4144
-0,3256	-0,2834
-1,3740	0,1754
0,9196	-1,2664
1,8372	-0,4144
-2,0295	-0,3489
4,5242	-2,3805
-2,6194	-1,1354
5,8348	-2,7082
-2,0951	-1,9873
4,8518	-0,4145
-2,4883	-2,7738
4,0653	-2,3150
-4,1267	-1,7907
2,4924	-1,7252
-3,2091	-0,2834
-0,6533	-2,0529
-3,7989	-0,6110
-1,7675	1,2239
-2,8814	-1,6596
-4,6510	1,4861
-0,4566	-0,2179
-4,3889	-1,3975
3,4100	0,7652
-4,9787	-1,0043
5,2450	-0,0212
-3,7991	0,8307
4,3274	-2,6427
-2,8815	-0,0867
3,3444	2,2725
-4,6510	0,5031
2,9512	0,7652
-3,0781	1,7483
-0,3912	1,8138
-1,3086	1,6172
-2,9471	1,1584
-2,2916	1,8794
-4,1923	4,1075
0,1988	0,9618
-2,2262	2,2070
3,9998	1,0929
-5,2408	-0,3489
5,0484	0,3064
-1,7019	-2,4461
4,9828	-1,0043
-3,6679	-0,0212
6,6212	-1,8562
-1,6363	0,3720
2,6890	2,4691
-3,0780	-0,9387
0,1331	0,6341
-1,2430	-2,1184
-4,3233	-0,2178
-2,4882	1,7482
-1,2431	-2,7082
1,5095	1,7483
-6,4860	3,7143
6,3591	-1,6596
-3,8646	-1,3319
5,8348	-1,3319
-3,9301	1,0274
3,4099	0,0443
-3,6679	-1,9873
4,3930	-1,4630
-2,7504	0,5686
0,0676	-0,2834
-2,6848	-2,3805
1,5094	0,1754
-1,7018	2,9279
-4,5199	3,5832
2,2959	-1,8562
-3,4058	0,8308
2,0338	2,4035
-2,6849	1,0929
3,6066	1,0274
-3,9956	2,2725
5,5071	-0,0868
-1,7019	2,1415
4,3274	0,5686
-2,7504	0,1099
5,3760	2,3381
-0,4566	-0,5455
2,0992	0,2410
0,1988	2,0759
0,9851	0,5686
2,8858	2,6658
0,5264	3,7143
3,4756	0,7652
-0,9810	4,1731
6,8834	1,6172
-1,2431	1,3551
6,5557	2,6002
-1,5708	-0,5455
5,8348	-0,4144
-1,9640	0,3065
5,6382	-1,5941
-2,1606	0,2409
3,2133	-3,2980
-2,0950	-1,0698
-1,7674	2,1414
0,7886	-3,8879
-2,9471	-2,5771
-2,2916	0,2408
-2,5539	-3,1670
0,1987	-1,3320
-3,9301	-3,1015
2,9513	-2,7082
-4,0612	-0,3490
3,0823	-3,0360
-4,9787	-2,4461
4,2619	-0,0868
-4,2578	-2,6427
2,5579	0,0443
-3,2747	0,8307
0,7229	1,2895
-4,1921	3,1245
-1,3087	0,5031
-3,1435	3,5177
-3,1437	6,0736
-0,7843	2,1415
-3,0781	1,4862
2,5581	3,3867
-2,2262	2,6003
4,7862	4,6319
-5,1097	1,4206
5,8348	1,6172
-3,5369	4,1076
5,4416	0,6342
-0,4567	-1,0042
4,5896	0,5686
-3,4712	-0,8732
4,7862	0,8308
-0,7842	-0,7421
1,9026	-0,2178
-0,4565	2,4691
1,7716	-1,8562
1,9027	-1,2664
0,3953	0,8962
6,2936	-2,5772
0,3298	-1,9873
8,3252	-0,9388
0,5919	-2,3150
6,4902	-0,8732
-0,0634	-3,4947
6,5557	-3,8223
0,0021	-1,9218
4,7862	-2,6427
-0,8498	-1,0698
3,7376	-0,2834
-1,4396	-1,2009
0,3298	0,4375
-0,9808	-1,5941
-0,8499	-0,4800
1,2474	-0,3489
-2,7504	-2,9048
4,3931	-0,1523
-0,3912	1,2894
5,9659	-2,7082
-2,0296	-1,7252
5,3105	0,2409
-2,4228	-1,1354
3,0167	-1,3320
-3,6024	-4,0189
1,7715	-0,8732
-2,2261	0,6341
0,3953	-2,1839
-1,6362	-0,4800
-1,2431	1,5516
0,0022	-1,1353
0,9196	3,4521
3,2790	-1,8563
-1,2431	0,8308
4,9829	4,4352
-0,2600	-1,9873
7,9975	-0,5455
0,3298	4,0420
7,2111	2,2725
-0,3255	2,7313
5,7693	2,2070
0,3954	2,1415
3,2133	3,8454
-0,5221	0,4375
2,3613	0,7653
-1,0464	3,1901
-1,8330	2,0104
-0,3255	1,6827
-4,0612	0,4375
-0,2600	2,4691
-4,5855	2,2725
2,9513	-0,1523
-1,5708	-0,3489
3,9342	2,7313
-4,6510	-2,4461
4,2619	0,4376
-2,2917	2,0759
3,2788	-1,1353
-3,9300	0,3065
0,8540	-2,0529
-1,3085	-1,0043
2,0337	1,2895
-0,4566	-1,7252
-1,5053	-0,8077
-0,3910	0,9618
-1,9640	-0,0868