-1,0158	1,9847
-1,2781	2,7055
-1,2125	-2,4062
-3,8995	6,5722
1,6711	2,7055
-1,0160	-0,7022
3,2439	4,6061
-1,6713	0,0186
8,8144	3,0989
2,8507	2,1157
8,0280	-3,4547
3,5717	3,4921
7,8314	0,1496
4,0304	-4,5033
4,5547	3,1643
3,5717	-2,2752
2,9163	0,9361
3,8994	2,1812
1,9988	-5,2243
2,4576	3,6886
-1,9334	0,2806
5,4067	-6,0762
0,6880	3,8197
6,3896	-2,7340
0,7535	-3,2581
7,7659	2,1812
1,6710	-6,1418
5,0133	0,4119
0,3603	-0,6369
3,3094	-7,7801
-0,7537	2,7056
-1,0160	-3,5204
-0,6882	-4,9621
-2,0645	1,5259
-1,9989	-2,5373
-2,3266	2,6400
2,3920	0,4773
-3,4408	-5,9452
4,9479	4,2784
-1,8679	-0,5713
6,3241	-5,4864
2,1953	1,5259
7,8313	-3,1927
-2,1956	-0,8333
5,0133	-0,8334
1,4089	-8,4354
-1,1470	3,7542
-1,5402	1,5259
-0,7538	-5,6829
-2,9819	4,4750
-1,6058	0,9361
0,6226	-0,6367
-1,9334	4,1473
2,3920	-2,2751
-0,5572	3,4265
5,0134	0,8050
0,8191	-5,7485
7,1760	3,4920
0,9501	-1,3577
5,6687	-4,1101
1,4744	0,6739
4,8167	-4,3723
-0,8848	-0,3746
0,7535	-0,3747
-3,3097	-7,5835
-3,9651	1,5915
-4,6203	0,0840
-4,5549	-4,7000
-3,5718	3,2954
-5,0137	-3,1927
-0,9504	-1,4232
-6,0623	2,5089
1,2123	-4,8310
-2,1301	1,5259
5,7342	0,8049
-2,7199	-6,6005
5,7342	3,4920
-0,4917	-2,4063
2,5230	-0,7678
-0,2950	1,5915
0,2947	-3,8480
-1,8023	2,0503
-1,7369	2,9677
-2,4576	-2,9305
-3,7684	5,5236
0,8847	-0,5057
-3,4408	-2,1440
2,3920	5,1959
-3,1131	-1,3577
4,3580	1,3949
0,7535	2,0502
6,4551	-3,7824
-0,5572	3,2954
5,6687	-0,1780
-1,9334	-4,2411
1,7365	4,5406
-3,3097	-4,2412
-1,6058	-1,1610
-3,5062	1,7225
-4,2928	-6,0762
-1,3435	2,0502
-3,9651	-0,5713
0,1638	-7,4525
-2,3267	3,5575
3,1129	-2,8651
-0,3606	-4,3723
5,9964	-0,3747
0,6224	-6,2729
7,0450	0,4774
1,6055	-2,3408
4,4890	-9,3529
0,8846	4,0819
0,1637	-1,0956
-2,9164	-6,8626
-2,2612	1,5915
-3,1130	-4,5689
-5,7346	1,5915
-4,6204	2,2468
-6,3244	-5,1587
-2,7199	4,4750
-8,8803	-0,5058
-1,5403	-5,3553
-5,4725	4,8682
-1,2782	-3,7170
-6,3900	-1,6197
1,2777	2,2468
-5,2103	-3,9790
-1,7370	4,0819
-6,0622	2,3779
-3,8341	-2,0129
-4,8826	7,3587
-6,1934	4,8028
-3,7029	3,4266
-6,0623	11,6841
-4,3582	5,9825
-3,7029	12,4051
2,9818	13,3225
-1,1470	3,6233
6,1931	16,6649
1,6055	11,6842
10,6495	9,5871
5,8654	17,1892
11,6326	11,2910
6,5864	15,5509
12,8122	16,4028
7,0452	9,6527
8,4214	20,6628
9,1424	19,9418
8,6835	14,7646
8,9458	21,9734
5,9310	15,6164
11,5017	16,6651
5,4723	21,3180
12,0259	12,3397
5,5378	19,7452
12,4846	15,7474
7,0451	7,6866
13,9263	13,0605
6,2586	5,0650
11,0427	2,8369
5,2101	6,0480
6,1930	-5,0931
0,0983	-1,5542
2,9162	-5,6831
-0,8192	-14,4649
-3,6374	-9,4187
-2,7853	-17,7420
-8,1594	-24,4266
-3,4408	-21,8053
-10,6498	-37,1408
-4,5550	-36,8787
-10,9121	-42,7772
-6,6523	-60,5374
-15,8928	-55,9500
-9,1427	-68,3365
-17,0725	-82,0335
-13,9269	-79,9365
-21,7912	-96,1241
-22,6432	-103,5952
-26,7064	-105,5615
-26,4443	-121,0936
-27,5584	-120,8316
-32,9324	-132,4973
-31,0973	-147,3739
-37,7821	-145,7357
-33,0635	-158,0567
-38,4375	-170,7051
-32,8014	-170,0499
-40,0105	-184,2058
-33,9812	-187,0895
-41,5834	-195,6094
-35,2920	-209,4374
-41,0591	-203,7359
-37,7824	-216,4501
-44,1392	-223,7900
-39,8140	-219,4649
-43,3528	-230,1473
-43,9427	-226,2151
-42,7629	-230,2785
-42,2387	-239,7156
-39,2240	-228,5746
-42,7630	-235,4560
-35,0297	-240,3710
-39,6172	-231,6548
-29,5246	-233,5554
-32,3427	-232,8344
-21,5948	-229,2955
-28,8692	-232,6377
-20,7428	-219,9236
-25,1336	-218,6129
-19,8908	-219,5302
-23,6917	-201,5733
-21,0704	-202,3598
-20,6115	-196,5923
-20,3494	-180,1428
-17,9244	-181,5844
-18,8420	-166,1178
-16,6137	-158,3190
-16,9414	-157,7944
-12,0261	-141,5415
-13,0092	-136,6917
-5,5381	-132,0384
-11,3708	-115,3267
-3,6376	-114,6056
-10,6499	-101,4327
-1,8026	-90,8158
-6,9799	-90,1603
-5,9969	-73,2518
-9,3391	-68,2056
-7,3731	-65,7804
-9,6012	-47,3648
-10,1911	-46,0540
-8,1594	-38,9759
-10,0600	-25,6066
-5,0137	-27,5069
-8,2250	-12,8268
-1,2126	-11,6472
-6,8488	-12,9576
-0,0985	2,2467
-5,2103	-1,2267
2,8506	0,2808
-4,2928	9,4558
1,2122	4,2786
-3,5719	12,5362
-2,2612	12,6017
-5,9311	9,9149
-5,0793	21,8424
-4,1617	19,0898
-7,6351	16,0753
-3,1130	24,5294
-6,1933	19,1554
-0,8848	22,8255
-2,9165	23,2187
3,1784	16,2719
-1,7369	25,4469
5,0789	21,3181
0,2292	14,1093
7,5692	24,2672
0,8846	16,4028
6,3896	13,5849
1,8022	18,6311
3,0473	10,2425
-1,7367	17,2548
2,1298	13,8469
1,9333	7,6211
-1,5402	16,0096
2,8508	9,7181
0,6880	7,1622
4,7513	11,3564
0,6225	4,2130
9,0111	7,4243
4,0304	7,8174
9,2077	-3,1270
5,1445	4,5407
10,1907	1,2637
4,2926	-5,4864
9,0111	1,1327
5,4067	-4,4379
5,2100	-4,8310
2,0644	0,6739
1,5400	-9,1565
3,1785	-1,2921
-0,6882	-1,2267
1,3435	-8,1734
-0,3606	0,1496
2,3265	-3,8481
-1,6058	-5,3554
6,7173	-1,0301
0,1637	-7,1904
6,7173	-0,6368
0,7535	-3,1927
6,1274	-7,5835
-2,7198	2,7055
3,1783	-5,2244
-0,8193	-6,6004
-0,3606	1,6570
-3,4407	-3,8481
-2,8510	0,7395
-1,0159	2,9021
-3,2442	-8,1078
-2,3921	3,4920
-5,2758	-1,6199
1,2123	-6,2073
-3,4408	3,0987
2,7851	-3,1928
-3,3097	-2,3407
5,8653	-1,8165
-0,4917	-8,3044
2,5885	0,9361
-0,6227	-3,7170
2,5229	-8,3699
-4,9481	3,2298
-0,9505	-1,8820
-4,0305	-2,6028
-3,8340	1,1327
-2,1300	-6,4695
-4,8170	2,0502
-0,4261	0,3462
-5,4069	-6,1417
2,3919	3,0332
-2,6544	-3,4549
5,5376	-6,2728
-1,7369	0,0841
4,3580	-7,7802
-3,0476	-1,6853
3,9647	-1,0301
0,0982	-8,2389
0,2292	1,3949
-3,2441	-0,2436
-1,4092	-6,5349
-0,8193	5,7202
-3,7684	-1,3577
0,9502	-1,3576
-5,2102	1,4603
1,0813	-3,7169
-2,1956	4,9338
3,3750	1,9846
-2,0646	-5,1587
2,9162	4,8683
-0,0985	-2,1441
5,6031	-3,3892
-0,6883	-0,2435
3,1127	-3,5203
-4,1617	1,0672
0,0326	-1,5543
-4,2272	-4,7654
-4,6860	5,8513
-3,3096	0,4118
-5,0137	-1,0299
-1,9989	6,7688
-5,8001	-0,7023
-1,0159	4,6062
-4,9481	2,8366
1,5399	-2,8649
-3,2442	4,9338
4,0303	0,7395
-2,4578	-5,4863
2,6540	3,8197
-1,7369	-1,8820
1,1466	-0,0469
-3,3097	2,9677
-1,1471	-5,7485
-4,0306	3,2955
-2,0646	2,9021
-1,9334	-3,9790
-5,0792	6,7033
0,1638	1,3293
-3,1131	-1,6197
1,7366	2,1813
-3,3097	-1,0955
3,8993	3,3610
0,4913	2,4434
7,2415	-4,6344
-0,0985	5,7203
5,5376	0,1496
-0,5572	-2,6027
2,3263	4,7372
-2,0645	-1,4887
-3,0476	0,0842
-2,0644	3,6231
-3,2442	-1,5542
-0,1639	5,0649
-2,9820	-0,1125
0,4259	-2,2751
-2,2611	7,1620
4,0959	-0,9645
-0,5572	0,7396
6,9139	3,6230
0,0327	-4,0446
8,2902	4,6062
2,7852	0,1496
6,7173	-5,4208
1,0812	4,4751
3,7026	-1,5543
0,4259	-4,6999
0,4258	0,2807
-0,1638	-4,5689
-0,0329	2,1157
1,2124	-0,8335
-1,5402	-7,6491
1,2779	1,2637
-0,4261	-3,5204
3,3095	-7,1248
-1,9990	1,8535
4,8168	-5,3554
0,3603	-2,7339
6,3896	-2,3408
-0,0984	-11,3846
3,3749	0,8706
-1,3436	-2,9961
-0,1640	-5,9451
-2,1955	2,5745
-3,1787	-3,7825
-4,1616	0,2152
-4,6860	3,6230
-0,9503	-5,1587
-6,1278	2,3124
0,1637	1,4603
-3,8996	-4,8966
2,7196	4,4750
-3,3753	-0,7024
3,7026	-4,8965
-0,1640	2,0502
4,2924	-3,7825
-1,4091	2,6401
2,9162	2,2468
0,3604	-3,7824
2,3919	4,2129
-0,8192	1,0672
0,8846	-2,0129
-0,7537	5,1304
-2,4577	-1,1611
1,3434	1,3294
-3,3097	3,6230
2,3264	-5,3553
-3,3097	3,7542
3,3094	-0,4402
-0,4261	-5,0276
7,1760	3,0988
-0,2950	-4,7656
4,6856	-3,3237
1,1468	1,1982
3,7026	-7,3869
-1,8678	-1,0299
1,6710	-0,3747
-1,0159	-6,7315
-1,6057	5,8513
1,1469	-0,4403
-3,3097	-1,4887
2,4576	4,7371
-1,0815	-4,3068
3,4405	3,5576
0,6224	2,5089
4,4891	-3,5203
-1,3436	4,0163
6,1275	0,3462
1,0812	-3,2581
4,4891	3,2299
0,6225	-3,1927
1,6055	-0,1779
0,5570	2,3779
1,1467	-4,5689
-1,0158	2,7711
-1,4091	1,4604
0,9503	-1,6198
-2,5232	4,5406
0,8192	-0,3091
0,9502	1,1983
5,7998	3,4264
-1,1470	-5,4209
6,9795	1,9847
0,8846	-0,6368
8,0935	-7,0592
-1,1470	4,8683
4,7512	-2,1442
-0,4261	-3,9790
-0,6883	2,8366
-3,1130	-4,0446
-3,5063	0,7396
-1,4091	2,1157
-5,0136	-3,6513
0,0983	4,9994
-2,9821	1,9846
2,6541	-0,1779
-1,8024	6,7033
3,0473	0,9361
-2,3267	1,3294
6,7173	4,0818
-0,9504	-4,2412
4,6201	3,4265
-0,1640	0,6739
4,2269	-1,8819
-2,3266	6,3756
-0,5572	-1,2921
-2,9820	-0,6366
-3,1786	4,6717
-1,6057	-1,8164
-3,8340	5,9169
-1,6057	4,5405
-3,8995	-4,4378
1,4745	6,1790
-2,6544	0,8050
5,1444	-4,7654
-2,0645	5,5891
7,0450	-2,9961
-1,0815	-0,8333
5,3410	-1,5543
1,2123	-7,5835
-0,0329	4,6717
-2,6543	0,0841
-0,9505	-4,4377
-1,5402	5,9168
-3,2442	-0,1780
-3,1786	2,1158
-4,3583	5,8513
0,7536	-2,6683
-6,8487	8,0141
1,2779	3,8852
-2,9821	-1,0298
2,5230	9,1281
-2,2612	1,6570
2,9817	-0,0468
-1,5403	4,8028
4,0958	-3,1270
-2,8510	3,5576
0,0981	3,1643
-2,8509	-4,8965
-3,3098	6,0479
-3,2441	-0,6368
-4,5549	-1,7508
-0,6227	3,8852
-4,7515	-1,7509
-1,2780	1,3293
-1,4092	2,2468
3,5060	-5,0932
-0,4917	3,6231
5,8653	-1,1611
0,7535	-5,2898
4,4890	2,6400
-0,8193	-6,7316
3,8337	-4,9621
-0,2950	-0,8334
1,0812	-5,7485
-2,3266	0,8050
-2,0645	-1,2267
-2,3266	-5,8141
-3,3753	2,5745
-0,7537	-1,3577
-6,5865	-0,3091
1,3434	2,2468
-4,4238	-3,5858
3,2439	3,6887
-2,6544	2,1157
6,7173	-4,3067
-0,6228	4,8683
3,2439	-0,3746
0,3603	-3,3892
2,7851	3,4265
-0,4261	-1,6198
-0,2296	2,1813
-1,6712	0,2807
-0,9504	-5,6830
-0,8848	3,8197
-3,8995	0,6739
-0,2949	-4,7655
-2,1301	5,3925
1,4089	-0,7679
-3,5718	-0,5056
6,3896	1,3293
-1,8679	-6,7316
5,5376	3,2954
0,4914	-0,0470
5,4721	-7,7146
-0,0984	2,4434
1,8021	-3,9792
-0,2295	-3,3892
-0,2295	2,5089
-1,9989	-5,9452
-1,2781	3,8197
-0,8848	3,3608
-4,0961	-5,6830
0,4914	5,1959
-5,0792	-0,7024
2,8507	-3,1926
-3,1787	3,0332
2,9817	-3,3237
-2,3267	1,5915
4,0958	2,7711
-1,5403	-5,0276
0,6879	5,2615
-3,8340	-0,0470
0,9500	-5,2897
-6,5209	3,6231
-3,7030	-2,0786
-5,4723	-1,2920
-5,4724	5,0649
-3,7684	-1,8819
-6,0622	5,5892
0,6225	1,1982
-4,8170	-0,6367
3,1128	7,5553
-0,6228	1,2638
5,6687	-0,2434
-0,6227	5,7858
6,5206	-1,6853
0,1637	5,5237
4,8167	5,0648
1,2123	-3,1926
1,6054	3,8853
-3,1130	1,4604
-1,8024	-2,9304
-3,3751	5,7203
-2,7854	0,6740
-1,8023	2,7056
-4,3583	3,3609
1,0813	-2,9305
-5,4724	5,7858
3,4405	1,6569
-1,1470	-2,7994
6,4551	5,2615
-0,6227	-1,8820
5,4066	-1,0299
1,2778	1,5914
3,5715	-5,9451
-0,8848	2,2469
2,5885	0,0185
0,8846	-5,8140
-1,4092	4,3440
-2,1300	-0,1126
-0,8194	-2,7994
0,1638	4,6061
-3,7029	-3,4548
0,5570	2,9022
-3,1786	2,1157
3,5716	-5,7485
-1,5403	4,8683
3,4405	-1,2922
-1,3437	-4,1756
4,0958	4,6062
-3,1786	-1,3577
0,4258	1,2639
-3,7029	2,7711
-2,1301	-3,7824
-4,6859	3,2300
-5,9312	1,9191
-5,5379	-2,1440
-6,1278	7,0310
-2,3922	0,4118
-6,4554	1,9847
1,1468	3,6886
-3,1787	-2,4062
4,2924	4,2129
-0,0985	1,1982
7,1760	-4,8965
0,0981	4,8027
5,1444	-2,6684
-0,8193	-2,9304
1,9331	2,5745
-3,1786	-4,4378
-2,7199	0,6740
-0,4260	1,2637
-2,1301	-4,3722
-2,2610	5,9168
-3,5719	-0,6368
-1,2125	-4,8310
-1,7369	4,9993
1,6055	-2,5373
-1,9335	-1,2921
5,9964	0,0185
-0,6227	-4,2412
6,9139	1,7225
2,1298	-1,6854
5,2099	-6,6005
0,2948	1,6570
2,3264	-4,1757
-0,1639	-3,4547
1,2778	0,2807
0,6226	-5,9451
-0,8848	3,8853
3,5717	2,3778
-1,8023	-2,9960
4,4237	6,6377
0,2948	0,4773
6,4552	-2,1440
-0,0329	4,1474
8,3557	-1,8164
2,3920	3,1644
7,2416	2,3779
3,0473	-7,1247
4,6201	3,5576
-0,2950	1,2637
4,1614	-3,0615
-0,7537	3,0333
-0,2295	-2,5373
1,4090	-0,8988
-2,3922	6,8998
2,2610	-2,9305
-1,5402	5,3926
3,2440	3,6885
-1,4747	-3,4547
7,1761	6,3756
0,6224	-1,0956
6,7173	-1,8818
-0,6227	3,3609
5,7342	-3,1271
0,6880	1,0672
3,9647	1,3293
-1,9334	-4,9620
0,0982	6,3757
-1,1470	0,8705
-2,7199	-3,3891
-0,0983	5,3271
-1,8024	1,3949
0,6226	5,3926
-0,2950	5,9823
4,4236	-3,2581
-0,7538	6,4412
5,6688	2,5089
1,6055	-3,0615
7,3071	6,3756
1,1468	-2,9305
7,5693	-0,4400
2,7852	1,3949
5,0789	-3,9790
0,1638	5,9824
1,6711	2,5089
1,2124	-4,0445
-1,5402	6,6378
0,5570	-0,2436
-1,7368	-0,8332
2,9163	5,1959
-1,0815	-1,9475
2,9163	3,4921
-1,2781	2,6400
5,6687	-3,7824
-0,8849	6,0479
5,4721	-0,5713
-0,6227	-4,0445
5,0788	3,8852
-1,8679	-5,2243
1,0156	1,3294
-2,9165	3,1643
-2,0646	-4,1101
-2,1300	3,4265
-5,0136	0,4773
0,0983	-2,3406
-4,4238	6,5067
1,2124	1,0672
-1,0815	1,7881
4,7513	3,8852
-0,5572	-1,1610
5,8653	6,1135
0,9502	2,5089
7,8314	-3,1925
0,8191	4,6717
6,6517	-1,0300
-1,0159	0,4774
3,4405	3,6886
-1,3436	-5,8141
-1,8679	1,0672
0,3604	2,3778
-1,0815	-4,1757
-0,6226	3,5576
-3,3752	0,9360
1,5401	-3,7825
-0,2295	3,2954
3,8337	-2,4063
-0,8849	0,6084
5,8653	-0,3747
3,5060	-7,5835
6,1930	0,1497
1,8021	-1,9476
4,2924	-7,3214
0,0982	2,0502
-0,4261	-3,8481
-1,0814	-3,1271
-1,9990	1,0016
-0,8192	-6,2073
-1,1470	4,0163
-0,2950	1,5258
-2,7854	-6,4039
3,2439	4,6061
-2,8510	-1,7509
5,0134	-3,9135
-1,0160	2,5745
6,1275	-2,4062
1,0157	1,1983
4,2269	0,4773
-0,6882	-7,0592
2,1953	2,8367
-2,6543	-1,1611
-2,9820	-2,6028
-4,2271	2,0502
-3,5719	-2,6684
-3,1130	0,6085
-7,4385	5,0648
-0,7537	-4,4378
-4,7515	4,6062
0,7535	3,0332
-3,4408	-2,6027
4,8167	7,4897
-4,1617	1,0672
5,8653	-0,7022
0,0326	5,4581
2,3263	-2,2096
-1,5402	3,8853
-0,5573	1,9847
-5,0136	-3,3891
-4,0962	8,6039
-4,2927	0,7395
-5,6035	-2,3406
-3,7684	5,9169
-5,3414	-0,3746
-1,0159	1,9192
-5,7346	4,1473
0,4258	-4,3723
-5,8657	3,8853
3,0472	-1,6199
-4,4239	-5,4208
3,1127	2,8366
-1,8680	-5,6175
1,6709	-2,7994
-4,4238	-3,1272
-1,6059	-7,2559
-5,5379	1,3293
-5,6691	-4,7656
-4,8825	-6,4694
-7,0453	1,5914
-5,5379	-2,9306
-10,0599	-0,7023
-1,7368	1,4603
-5,9968	-6,3384
-2,5888	2,9022
-5,6035	0,7394
2,1952	-4,5033
-5,1448	6,1790
1,5399	0,4118
-2,7199	-1,2920
1,8675	6,0479
-4,2272	-1,8819
-1,4092	5,6548
-3,7029	4,1474
-4,1617	-3,0615
-1,5402	7,2932
-3,4408	4,9993
-0,4261	-0,3090
-5,0136	5,4581
0,2948	0,2807
-1,8680	2,7057
4,0303	4,6061
-1,2781	-4,1101
5,1444	3,6887
-0,0985	0,6739
4,6856	-6,7315
-1,2781	2,5090
1,9986	-4,3723
-2,3266	-3,1271
-0,6228	0,5428
-3,5062	-6,6661
-2,3922	0,1497
-1,2125	-1,8165
-5,8656	-7,2558
-1,4746	3,2953
-4,8171	-2,6685
0,6225	-3,4548
-2,9165	1,5914
2,9162	-4,7000
-1,6713	0,4118
4,7512	0,2807
-0,0985	-6,7316
3,9647	1,4604
-1,9990	-1,4888
2,5885	-5,6174
-2,7198	3,4265
0,4258	-3,7170
-1,7368	-1,1610
-3,1786	2,1812
0,4259	-5,2242
-5,1447	4,2129
1,0813	0,3462
-2,9820	-4,5033
3,4405	4,7372
-1,0815	-3,5860
3,8337	-4,3067
-0,8193	0,2807
5,0788	-8,3700
-1,4092	1,0672
3,6371	-1,6199
-2,7199	-8,4355
0,2947	2,3779
-2,3922	-1,4233
-2,1301	-4,5033
-3,5062	2,1157
-3,8340	-2,7339
-2,9164	1,9192
-2,6543	3,5575
1,6711	-4,1757
-2,4577	4,2129
3,8338	0,8049
-1,4747	-3,4547
7,5037	3,6886
2,5230	-3,9136
7,8314	-1,2265
2,2609	0,5429
7,1105	-5,5519
2,0643	0,6740
3,4405	1,3948
-0,0328	-5,3553
0,9501	4,2784
-0,1639	-1,1611
0,0982	-1,1610
4,0304	4,6716
-2,5232	-1,8164
2,7197	3,4920
0,4914	1,9846
7,0450	-4,9621
2,7852	6,0479
8,5523	-1,3577
2,3265	-3,5858
9,8630	5,5891
2,0643	-2,2096
4,6202	-0,4401
2,1954	1,6570
2,8507	-5,2897
1,4745	4,4096
0,1637	0,2152
-0,8847	-3,1270
-2,6543	4,4750
0,3604	-2,0130
-1,3436	1,7881
3,3750	3,4264
-0,2295	-4,3068
4,9478	3,0988
0,1637	-0,3747
6,5207	-6,6005
-1,6713	3,2299
5,4721	-3,2582
-1,2781	-3,9135
1,8021	2,0502
-1,6057	-4,1757
-1,1470	2,9022
-2,4576	1,6569
-0,6883	-6,4039
-1,1469	3,9508
-3,3097	-0,3092
2,1299	-2,0130
-2,0645	4,0818
3,3095	-2,2752
-0,4261	-0,1124
7,7003	3,5575
1,2122	-4,6344
5,4065	3,1644
0,3603	-2,7339
3,5715	-3,4547
-1,5402	4,8027
0,8190	-1,8820
-1,9334	-1,5542
-1,3437	3,3609
-2,4577	-4,6344
-6,5210	3,1643
-1,9334	1,2637
-3,8995	-2,6683
-0,5572	3,5575
-4,1617	-2,3408
3,0473	-3,3892
-3,7029	2,9022
5,4721	-3,9791
-1,1470	2,5090
4,6201	1,5259
-0,1640	-5,5519
5,4720	4,6717
-2,1300	0,2152
0,9501	-3,9135
-0,6227	4,7372
-0,2295	-3,1271
-0,5571	0,6740
-3,2441	1,9846
2,3920	-3,3237
-0,3606	4,8683
3,0474	-0,4402
-2,8509	-5,3553
6,2586	3,7542
-0,5572	-0,8990
4,8167	-0,8988
0,0982	-1,4232
4,4235	-6,1417
0,5569	2,5090
2,8506	-0,4402
-1,9334	-5,0276
0,2947	4,6061
-1,1469	-1,6854
-1,6058	-3,1271
-0,6882	4,7371
-2,5888	-2,2096
-1,3435	3,2955
-2,6544	1,9191
1,9988	-2,3406
-2,9165	5,3270
4,2269	0,9361
-1,8024	-1,4886
4,8823	6,5067
-2,2612	-3,5203
3,3749	2,0503
-2,3922	2,1157
1,0156	-3,5858
-3,1786	4,0819
-2,8510	1,3293
-2,3921	-2,4717
-2,6544	4,6717
-2,1955	-1,1611
-5,2758	-1,0954
0,8847	2,9677
-4,4894	-2,7339
3,3095	2,8367
-1,7369	0,1496
4,0303	-6,0762
-3,8340	3,2954
4,0958	-4,0447
-2,6544	-4,6999
4,2924	1,2638
-3,5063	-4,5034
-2,1301	-0,2435
-6,1932	0,2807
-2,7199	-5,6830