3,4163	-3,2332
5,8411	-2,0535
3,7439	0,3058
4,3993	-4,4128
1,6468	-2,0535
3,6129	-0,2841
-0,1226	-3,0365
1,3847	1,6165
1,5814	-0,8084
2,9576	-1,4637
3,6785	2,0097
3,2197	-1,7259
3,7440	0,6990
3,4818	-0,3496
4,0061	-0,2840
4,2682	-0,6117
6,8897	-1,9224
3,9405	-1,9879
5,0547	-0,3496
2,6298	-3,8229
2,6298	-1,0704
-0,5814	0,5024
-0,9746	-2,5778
-2,2198	1,2233
-3,5305	0,4368
-2,3509	-0,7428
-2,9407	4,4345
-1,0402	0,6990
-2,4164	-0,0874
0,5327	2,2719
-0,5159	0,0436
1,5157	1,8131
0,7292	1,0267
2,7608	-1,9879
-1,0402	1,5510
0,9258	-1,8569
-0,5159	-1,7258
-2,0888	-0,0874
-4,3825	-1,7914
-3,7927	0,7646
-3,4650	2,0752
-5,1034	-0,2840
-3,4650	1,5510
-2,6131	-0,0874
-1,5645	-0,6772
-2,3509	4,5656
0,7948	-0,4151
-3,2029	-1,0049
1,9089	0,6990
1,3846	-0,3495
2,0399	0,6990
-0,2538	-1,3326
1,4501	-3,0365
-1,0402	2,7306
-0,7781	-1,9224
-2,2854	-0,2840
-1,6300	1,2888
-2,7441	0,1747
-2,8752	0,0437
-0,6469	1,2233
-1,2368	0,3058
1,3847	3,4515
1,9089	0,8301
4,0061	-0,7427
2,9575	3,0583
5,9066	-0,4151
5,2513	0,8301
6,6275	4,8933
3,8095	0,9612
5,1202	4,3691
1,7124	1,6166
0,7293	2,7307
1,8435	6,4007
0,9259	3,4516
1,1881	4,8279
0,6638	6,3351
6,5621	1,6821
2,8265	3,1239
6,8898	1,5510
6,3654	0,8301
7,9383	1,3544
8,9214	-1,3326
9,7078	-1,5947
8,5282	-1,0705
10,8874	-4,0851
5,8412	-1,6603
8,0039	-3,5609
5,5791	-3,5608
6,1033	-1,6604
2,8266	-4,5439
3,2853	-3,3643
4,8582	-3,2332
3,2197	-3,9541
4,7926	-3,5609
3,0887	-2,3813
7,8728	-4,2818
4,9892	-2,1847
6,8897	-5,9202
4,6615	-5,7891
7,6106	-5,0027
4,2683	-9,5247
4,2682	-8,0829
2,5643	-5,9203
0,5982	-8,9349
-1,3023	-5,8547
-2,0232	-7,0344
-2,8752	-9,5247
-6,0209	-5,2649
-4,1859	-5,2649
-6,4142	-5,7892
-4,0549	-6,1824
-6,4142	-7,8208
-4,6448	-5,7236
-6,6109	-6,7722
-3,4652	-6,3789
-7,6595	-1,6604
-5,2347	-3,8886
-7,9216	-4,2817
-9,1668	0,8300
-11,8538	-2,0535
-10,8052	1,2889
-13,4922	3,9103
-13,6232	1,6821
-12,0504	7,9735
-14,0165	7,6458
-12,8368	4,8279
-12,3125	10,3329
-9,7566	9,7431
-10,4120	12,7578
-7,9872	12,2335
-7,0697	11,3816
-4,5138	16,5590
-5,9555	18,1318
-3,3996	16,1003
-6,3487	22,3918
-4,3171	21,0810
-3,7272	23,1127
-4,6447	28,6832
-4,2515	25,2754
-2,8752	29,9941
-0,5158	31,6980
0,0740	30,7805
5,5135	36,9409
5,5135	33,4020
9,7734	35,3681
11,6084	39,3002
13,7711	35,3681
13,7056	35,9580
17,7033	34,7783
15,9339	30,9772
17,4412	33,0743
17,1791	28,8145
15,3441	28,8145
14,9509	29,1421
13,7712	22,9816
12,7227	19,3772
12,5260	18,1974
11,3464	12,8889
12,7226	9,2188
11,6085	0,8301
9,1181	-6,2478
10,7564	-8,4762
7,8073	-23,5496
8,1349	-32,3315
3,9406	-41,1791
3,6784	-56,2525
-1,4334	-68,1147
-3,7272	-80,7634
-7,5939	-97,3441
-12,0504	-106,7816
-14,7374	-126,5737
-18,0143	-141,5161
-22,9950	-150,1671
-27,8448	-170,8768
-30,0075	-187,0643
-34,0708	-200,9583
-37,2821	-220,7504
-42,9838	-234,9720
-43,7048	-255,6161
-49,0134	-273,8353
-53,1422	-287,8603
-59,7614	-309,0942
-60,8756	-321,2841
-68,6089	-335,7679
-71,0993	-353,1351
-79,4880	-364,7352
-82,2405	-383,2166
-88,3354	-395,7997
-93,9060	-407,2032
-95,0857	-422,0801
-97,1830	-434,5976
-101,1807	-444,3628
-104,2609	-459,7639
-103,2779	-469,7910
-104,9819	-479,6871
-105,7684	-490,5007
-106,2927	-492,6635
-105,3752	-501,3799
-106,2927	-505,3121
-104,3922	-504,0670
-107,6034	-509,3754
-106,5548	-509,8342
-107,1446	-506,0331
-104,7853	-506,3607
-103,0157	-498,0376
-101,5084	-494,5642
-96,3310	-490,3697
-93,4474	-478,7043
-89,0564	-473,5924
-86,1073	-463,5652
-81,5852	-450,0646
-77,3909	-440,9549
-72,4102	-425,1606
-70,6406	-418,0169
-66,1841	-402,6813
-66,3807	-387,0180
-61,2033	-375,6146
-59,9581	-360,5410
-58,1230	-341,1421
-56,8777	-330,6562
-52,8145	-312,3713
-52,3557	-297,1668
-50,7828	-279,8650
-47,1782	-259,2209
-43,5082	-243,6231
-41,6731	-228,4184
-39,8381	-205,0874
-34,3331	-192,6353
-32,5636	-172,3188
-31,6461	-157,4419
-30,3353	-141,9751
-26,9930	-123,1661
-25,9443	-111,1728
-23,5195	-95,3782
-23,7160	-73,8823
-24,7646	-65,9522
-24,5679	-50,6821
-23,0606	-39,3442
-20,2425	-29,1204
-20,9634	-13,8504
-17,6210	-9,5904
-18,3419	-2,3812
-15,2617	8,6944
-15,4583	12,1679
-9,8878	13,7409
-9,7567	20,6878
-8,3804	25,0133
-8,1182	28,4867
-4,6448	29,2732
-5,0380	33,3365
-3,7273	41,3319
-3,7927	35,4337
-2,6131	37,3343
-2,9407	42,9048
-0,1882	38,5139
0,6638	39,8902
1,3847	37,5308
3,7440	35,4337
4,9892	36,7443
6,8898	31,8291
9,3801	28,4213
8,3316	31,1737
9,6423	26,0618
14,1643	22,9161
13,1812	19,4427
15,9993	18,4596
12,1983	18,5906
14,1644	13,0856
11,9362	11,5128
13,3124	14,8550
12,0017	11,7748
13,9678	9,3500
15,5407	9,8742
14,1644	7,3182
14,9508	6,1386
13,1158	2,1408
14,2299	-0,5461
12,8536	3,4515
14,8197	-2,1846
11,4773	-3,8230
12,1327	-3,0366
9,3801	-4,8061
8,2005	-6,3789
6,0378	-7,7552
3,8751	-7,9518
0,4017	-4,0197
1,9090	-7,6897
-2,4164	-7,0343
-3,5961	-1,9881
-3,3339	-6,3135
-1,1057	-6,7066
-2,0232	-1,2016
-2,6131	-3,9542
-1,3679	-2,9711
-1,6301	-5,8547
1,3190	-5,9202
-0,2538	-3,0366
0,4016	-5,7892
-2,0888	-4,2818
-1,0402	-4,6095
-2,8097	-4,0852
-2,5476	-2,8400
-4,3825	-2,9711
-5,7588	-3,1021
-5,7588	2,2063
-6,4142	-1,7914
-3,3995	-3,2331
-4,1860	4,0413
-2,9407	1,6165
-1,2369	1,4855
-0,4504	1,8786
-0,9747	1,6166
0,9258	4,7623
-2,5476	1,4199
-0,2538	-0,6772
-2,2199	4,3691
-2,5476	3,7137
-5,6278	2,1409
-4,1204	3,7137
-6,4797	4,3036
-6,0865	6,0075
-6,5452	2,3375
-4,3826	2,2064
-2,1544	7,7114
-5,1035	3,5171
-3,8582	2,6652
-4,1204	7,5803
-0,4504	4,8278
-0,8436	5,2866
1,2535	4,7623
-0,0572	2,4685
0,2049	7,1871
-1,8922	0,9612
-1,0402	2,1409
-3,0063	3,8448
-3,2029	3,3205
-2,3509	5,2210
-0,9091	1,6165
0,0084	1,2233
-0,1882	5,5487
1,5813	3,0583
3,0886	-0,2840
3,3508	3,3205
4,8580	2,0752
3,5473	0,0437
3,5473	0,9612
4,5303	-1,4637
-0,1882	-0,1529
1,3846	-2,3812
0,7948	-3,4952
-3,0063	2,8617
-3,5961	-2,2501
-3,8582	-1,1360
-6,3486	0,4368
-4,0548	-2,5778
-4,5136	2,1408
-2,9407	1,5509
-1,7611	-2,0535
-2,4820	4,2379
-0,8436	1,4854
-0,7781	-0,0874
-0,2538	2,5340
-2,0233	1,5510
1,3190	0,3713
0,6637	-0,1529
-0,3194	-1,2670
-4,6447	1,4854
-2,2198	-0,3496
-2,3509	0,5680
-4,3170	4,5001
-2,9407	-0,3496
-1,4989	-2,3156
0,0084	-1,3981
-1,5644	-0,0875
1,4502	0,4368
2,2366	-2,1846
1,3846	-3,1020
2,6298	2,0097
3,9405	-2,9055
2,4987	-4,2162
3,4162	0,5679
1,9089	-1,5292
2,8264	-1,0050
1,9089	-2,3157
-0,0571	-3,2331
-0,3848	0,6335
0,2706	-1,2671
0,0740	-3,2332
0,3361	1,8786
-0,7780	-1,7914
-0,0571	-0,8739
3,5473	-1,6603
0,9914	-1,3326
-0,0571	0,6334
3,4163	-1,7914
2,4987	-4,4128
2,0400	0,9611
2,8920	-2,1191
-0,6470	-4,5438
0,7948	-1,5948
-0,6470	-1,8569
-1,7611	2,3374
-3,4650	0,0436
-1,6955	-1,0049
0,4016	3,5170
-2,8752	1,5510
1,2536	-0,4151
0,5327	2,5995
0,0084	1,8131
0,9914	3,7137
2,1055	0,2403
0,1394	-1,7913
1,5812	2,9928
0,4671	-0,4806
1,3846	-3,2986
0,4671	1,8786
-0,5159	0,5024
-1,3678	0,7646
0,5327	0,1092
-1,9577	-2,3156
0,5982	3,8447
0,0740	1,4199
0,6638	-0,7428
1,9745	2,5340
1,7124	-0,2841
2,4333	-0,1529
4,7270	0,8956
3,9405	-2,9710
3,4163	0,9612
3,2852	-2,6433
1,9745	-3,7574
1,5157	-0,9394
-0,1227	-3,1677
0,4016	-3,5608
-2,6785	0,6990
-1,7610	-2,3812
0,4672	-0,4807
-2,2198	1,6165
-0,6469	-0,2185
-0,7125	3,1893
0,0084	-0,0875
1,1881	0,6335
4,5304	3,0583
0,0084	-1,7258
3,4163	-1,2670
3,4162	2,7307
4,0716	-1,5292
-1,1057	1,5510
1,1880	-2,3812
-0,5814	0,8301
-1,8266	3,5826
-3,2028	-1,5948
-2,1543	-0,6117
-0,5814	1,8787
-2,6786	0,6990
-0,6469	0,2402
-0,4504	0,9611
0,3360	0,3714
0,5982	3,7137
1,5812	-1,3982
1,5157	-1,7258
3,1541	0,8956
0,5982	-0,6117
1,6468	-0,7428
0,0739	-1,7914
-0,1882	-3,1020
-2,6131	2,6651
-1,9577	-0,1530
-2,2198	-0,9394
-1,4990	1,6820
-4,2514	-0,5462
-5,3655	-0,0874
-0,5159	0,3713
-1,3679	1,4199
-1,1057	2,4685
-0,0572	-2,3812
2,4987	-2,4467
2,1055	2,3374
2,3676	-0,2185
-0,7125	-1,7258
1,9745	3,0583
-0,5814	0,6335
-0,7780	1,3544
0,6638	-0,1529
0,4016	-0,2840
-0,9746	6,0074
0,1395	1,6820
1,9090	0,4369
3,0231	3,8447
2,7609	1,6820
2,5643	2,0753
4,2683	-0,6117
4,7925	-1,7258
3,7439	3,8447
1,4502	-1,1360
3,2197	-2,3156
2,8264	1,3544
0,4671	-0,6773
0,4016	-0,2185
0,5327	-1,9224
-0,4503	-1,6603
-2,5475	3,5825
-0,5814	-1,8569
-0,2538	-2,1845
0,5982	2,4684
2,1056	0,2402
2,8920	-0,2185
2,6298	1,0922
4,0061	-1,9225
2,4332	0,6334
3,8750	-2,9055
3,8095	-3,5608
1,8434	-0,4152
3,0231	-4,8716
2,2366	-4,3472
-0,9091	-1,7914
1,1225	-4,2818
-2,3508	-0,8084
-0,0571	-1,1361
0,5327	-0,8084
0,3361	0,0436
1,7124	-3,6264
2,3677	-3,2987
2,7609	1,4199
2,8265	-3,6920
3,0886	-2,0535
4,9891	0,6990
4,7270	-2,1846
2,3677	-0,6117
4,2027	-3,7575
4,7925	-2,7088
1,7779	2,4029
0,3361	-2,4468
0,7294	-3,2331
2,1056	-0,1530
1,1881	-0,2185
0,0085	0,9611
1,5158	-2,9710
3,9406	-2,3156
2,8920	3,5826
3,3508	-1,1360
4,2027	-4,1506
4,2027	2,2063
2,7609	0,2402
2,3022	-1,0049
3,0886	-2,0535
3,0886	-1,0704
0,2706	5,6797
0,9915	-2,1846
-0,3193	-3,2331
-0,3848	3,5826
-2,0232	1,0267
-0,9091	-1,2015
0,1395	1,1577
-0,8436	1,0922
-0,7780	4,1068
1,1225	-2,3157
1,6468	-0,6117
2,2366	3,9758
2,0400	-0,4151
-0,3193	-1,5947
3,0230	-0,4151
1,1880	-1,1360
0,5327	0,8956
-0,3193	-0,8083
-1,4989	-4,2817
-1,8921	2,5995
-1,2368	1,2232
-1,4334	-2,0535
-0,5814	0,8300
-0,3848	-0,2185
-0,0571	2,0753
0,7948	0,5024
4,0716	-0,2185
1,3846	3,0583
1,9089	-1,3326
4,9891	-3,7574
2,4332	3,5170
1,7779	-0,0875
1,8434	-1,0049
0,2706	-0,4806
-1,8266	-3,2987
-3,5305	3,5171
-0,1882	0,8956
0,6638	-0,6772
-0,1226	2,9272
-0,5159	-1,2015
1,3192	1,6821
2,0400	3,8447
0,5327	0,3713
2,9575	3,0583
2,2366	0,8956
3,4818	-1,5291
3,0230	3,3860
2,2366	-1,3981
1,7123	-0,6772
2,1055	2,9928
-2,4820	1,0922
-1,1057	1,0922
-1,6300	1,4199
-1,6300	0,1748
-1,5645	3,4515
-1,8266	-2,9710
-1,5644	-0,0218
-0,7125	4,3035
0,4671	-0,5462
1,9744	-0,8739
0,7948	1,4199
1,7778	1,0267
-0,5159	1,2888
2,1055	-2,1190
1,1225	-1,5291
-1,7611	5,5487
-1,3023	-1,3982
-1,8922	-2,3811
-3,7927	4,6967
-1,6955	1,6821
-3,5961	1,9442
-1,8266	1,4199
-2,8752	1,2889
-1,9577	6,4662
0,0739	1,9442
-0,9092	0,1748
-0,9747	4,6967
1,8433	4,5001
0,5326	1,2234
0,8603	3,5826
0,5326	1,4200
-2,0888	5,4832
-2,4165	0,4369
-0,9091	-1,9223
-4,3170	8,0391
-4,8412	5,4831
-2,7441	1,5510
-1,4989	0,3713
-2,8097	1,4855
-1,7611	4,5001
0,0084	0,4369
0,7293	-2,6433
0,8603	3,9758
-1,3023	-0,6118
1,2536	-2,2501
2,4987	-1,7914
-0,9747	-3,2987
1,3846	-1,8569
-1,6301	-2,7089
-3,2029	-6,3789
-2,1543	0,7645
-3,4650	-1,9880
-2,8097	-5,4614
-2,8097	-1,4637
-3,2684	-3,0366
-2,0888	-2,7089
-0,5814	-1,9880
0,5327	-5,3959
0,1395	1,5509
2,8264	-3,7575
2,1055	-5,3303
0,2705	-1,3327
1,5813	-5,1338
2,2366	-4,6749
2,1711	-2,7744
-1,1057	-3,7575
-1,6955	1,3543
-0,6469	-0,9395
-0,7780	-3,6919
-2,6786	2,3374
-1,6955	-2,4468
0,9259	-2,1190
0,4671	2,7961
-0,7125	-1,2671
0,6638	-0,8739
3,5473	-2,3812
3,2851	-4,2817
0,0084	-1,3327
0,4016	-3,8231
2,8264	-4,3472
1,1225	-1,0705
-0,5815	-3,4298
-2,6786	-4,8716
-0,3193	-1,5948
-3,5306	-2,1846
-2,3509	-1,9880
-0,9091	-2,5779
-2,0887	-2,4467
0,2706	0,3057
-0,3193	-3,4299
-0,3848	-4,1507
3,3507	-3,0366
1,9745	-2,4467
2,8920	-2,3157
3,6129	-5,1338
4,1372	-3,1021
4,2027	0,8300
3,7440	-4,6750
3,8095	-6,1822
2,7609	0,3058
-0,3848	-0,4807
0,4017	-0,0219
0,8604	-3,4298
1,8435	-1,0704
1,7124	4,7622
2,9575	-2,0535
3,3507	-2,1190
3,2196	4,3035
3,6784	2,9928
1,9089	-1,6602
2,3021	-1,5292
-0,6470	-0,8083
-1,9577	5,2865
-0,2538	-2,5123
-2,6131	-2,3811
-2,1543	4,6967
-3,1374	3,3204
-3,7272	-0,0218
-4,1859	2,5340
-4,1859	3,1894
-2,0888	6,4662
-0,9091	3,1894
-0,1227	-0,0218
-0,1882	4,7623
1,7123	1,0922
2,4987	0,3059
2,3021	3,1894
3,8095	-0,2185
3,2197	3,0583
3,4818	-1,7258
3,1541	-1,9879
1,3847	3,3204
0,4672	0,3713
0,2050	-0,1529
-0,9091	2,5995
-1,9576	0,2402
-1,4334	1,0267
0,1395	2,4030
0,9914	0,0436
1,2536	3,8447
-0,6470	0,7645
-0,1227	-0,8082
2,2366	3,9758
2,3676	-0,3496
1,0569	-0,2184
1,0569	1,2233
-0,4504	0,9612
-1,7611	4,2379
0,9259	-0,5462
-1,6300	-0,8738
-3,5961	5,4176
-3,2028	0,8300
-0,5159	-0,6117
-0,3848	3,7792
-0,3192	1,9442
1,6468	2,5995
2,0400	0,0437
4,0061	0,3714
1,1880	3,8447
4,7926	-1,9225
5,1202	-2,5777
3,3507	2,4030
2,3677	-1,4637
2,5643	-2,2501
0,9259	0,1747
-0,1882	1,4855
-1,4334	1,2233
-2,1543	-3,1677
-1,2368	-1,9224
-1,8922	4,9588
-3,3339	0,3057
-1,9577	-4,0851
-1,3679	0,7646
-1,1058	1,0267
-2,8097	0,5679
-1,4335	-3,1677
-0,5815	-2,1190
-2,9408	2,5995
-4,0549	-3,3642
-2,4820	-3,1020
-3,3996	1,3543
-4,1860	-3,2332
-4,2515	-2,3812
-5,2345	-2,3812
-5,1690	-3,2332
-5,2345	3,3204
-3,7927	-2,7745
-2,8752	-4,8716
-4,9068	1,8131
-2,8097	-0,9395
-1,1713	-4,8715
-0,9092	-3,0366
-1,0403	-3,4953
-2,1544	1,2888
-0,7781	-3,4298
-0,7126	-5,0026
-2,8753	3,5170
-3,5961	-1,5948
-4,2515	-2,1190
-3,6617	1,5510
-4,6447	0,3058
-3,1374	4,6312
-4,7757	1,1577
-3,0063	-2,3156
-3,0718	5,8108
-1,2368	1,2233
0,0739	-2,9709
1,4501	2,3374
-0,2538	0,1747
0,0739	2,2064
2,1710	-1,1360
0,5327	-1,7258
0,0084	3,1893
0,4016	-1,9224
-0,8436	-3,6918
-0,2537	1,4854
-1,4334	-0,8739
-2,1543	-3,6919
-1,3679	-1,2015
-1,8922	-2,7089
-2,8752	2,1407
0,4016	-3,1021
-1,9577	-3,7574
0,7948	1,3543
0,7948	-1,3982
-0,2538	-2,5778
0,8603	0,2402
-1,1713	-2,6433
-0,1882	-1,3982
-0,5159	-3,5609
-1,8266	-2,5778
-1,5645	1,0266
-3,4650	-4,9371
-0,7125	-2,1190
-1,8266	-0,4151
-1,7611	-0,7428
-0,0571	-1,0705
0,7948	-2,0535
1,4502	-0,4151
0,0739	3,7136
1,9745	-1,6604
3,8750	-4,5438
3,8094	1,8131
0,6638	-2,7744
2,4988	-1,7914
3,6784	-0,6117
0,3361	-1,7913
-2,2198	2,6651
0,2050	-2,8400
0,9259	-3,8229
-1,9577	2,7962
-2,4164	-0,6118
0,5982	-1,6603
-0,1882	2,9272
-0,7125	1,2888
-0,9747	4,4346
-3,1374	-1,0705
-0,1883	-1,1359
-1,7611	7,1215
-0,1883	-2,0535
0,1394	-3,8229
-1,8266	5,2865
-0,3849	-0,3496
-2,0888	-0,8083
-2,2853	-0,4151
0,2050	0,1092
-2,4820	4,8278
-1,3678	-1,9224
0,1395	-2,4467
0,8603	2,7961
0,2050	0,8300
0,2050	-1,3326
3,4162	-1,7914
0,0084	-1,3981
-0,1882	1,8131
3,0886	-4,5439
1,8433	-4,6094
0,4671	1,8786
-0,5815	0,3058
-2,8752	-3,9540
-0,3193	1,7476
-3,9238	-1,5292
-3,3339	1,8787
-2,9407	0,3058
-0,7780	-3,8885
-1,6955	3,3859
0,1395	-0,7428
1,2536	-0,5461
0,4671	1,5509
1,9089	-1,0050
1,9089	-0,4151
2,8264	-1,2671
2,1711	-2,3156
1,0570	2,9272
1,9090	-0,2841
2,5643	-3,4952
0,8604	1,4199
-0,8436	-1,5293
-2,3509	-0,9394
-0,5814	2,8617
-1,6955	-0,5462
-1,5644	3,9758
-1,6300	0,3058
-1,5645	-2,4466
-0,3193	5,0899
-0,5814	1,2888
1,6468	0,0437
0,1394	1,8131
-1,0402	-1,2671
-0,1227	2,5996
0,5982	0,5024
-1,8266	-0,6116
-2,3509	3,9103
-0,9091	-0,6773
-0,4504	-2,1190
-1,6955	3,4515
-0,6470	0,7645
0,2050	-2,3812
0,4672	-0,2185
0,9914	-0,5462
0,7293	2,0752
3,3507	-3,6264
4,1372	-2,6433
4,1372	3,5170
2,8920	-0,9395
2,6954	-4,3472
3,8750	-0,5462
2,1711	-1,1360
1,3847	1,5510
0,8604	-3,5609
0,6638	-3,8229
-1,4334	5,0899
-1,8266	0,1092
0,0739	-0,2185
-1,0402	3,5171
-2,2198	2,9928
-0,6470	4,4346
1,0569	0,3058
-0,7781	1,3544
0,4016	6,1385
1,3191	0,8956
1,1880	-1,3325
1,4501	5,0244
0,3360	3,3205
-2,1543	0,8301
1,3846	0,0437
-1,0402	1,4855
-2,7441	7,3181
-0,0571	-1,7913
0,0739	-1,3980
-0,8436	4,9588
-1,0401	1,2233
1,4502	0,3058
3,4163	0,6990
2,1056	0,8301
3,8750	3,9103
3,4818	-1,6603
4,5959	-1,7913
2,6954	3,5826
3,1541	-0,1530
4,9891	-3,4952
0,5982	1,4855
0,2051	-0,2185
0,6638	3,5171
-2,4819	0,7646
-0,7780	-0,7427
-2,4820	6,9904
-1,2368	1,7476
0,2705	0,8302
-6,0865	4,9588
-3,0718	0,8301
-0,2538	2,3374
-0,7781	0,3714
-0,2538	-0,7427
-0,7126	3,8447
-1,4334	0,0436
-0,8436	-1,3981
-1,1058	4,6967
-2,9407	0,4368
-2,3509	-1,7258
-2,6786	1,2233
-1,0402	-0,4151
-1,5645	1,8131
-1,0402	-2,1191
0,2050	-1,0704
-0,0571	4,7622
0,2050	-0,2841
3,0886	-1,9224
1,5157	1,0922
3,0886	0,6990
3,2196	0,2402
2,8264	-1,9225
1,9745	-2,8399
1,5157	3,6481
0,9915	-2,9711
2,1056	-5,3303
-0,7780	0,6334
0,3361	-1,2016
-1,2367	-3,2332
1,3847	-3,4298
0,0740	-3,1021
-0,7780	2,2063
0,8604	-3,6920
2,6954	-4,5438
1,4502	2,9272
1,2536	-0,3496
1,1225	-1,6603
1,8434	-0,3496
1,0570	-0,6772
1,1880	2,1408
-0,1882	-1,3981
-0,8436	-1,3325
-2,3509	6,5317
-2,4820	2,4685
-1,5645	0,0437
-3,2684	3,2550
-1,5645	5,7453
-5,1034	2,1408
-2,0232	2,0097
0,1394	1,1578
-0,7781	7,0560
-0,5159	1,6820
0,9258	-1,8568
0,9914	2,5996
0,6637	0,8301
0,5982	-0,6117
0,3360	-1,7914