-8,7157	-22,9978
-14,5483	-10,4805
0,9836	-23,3912
-21,2985	-29,1582
-14,3519	-9,0391
-32,3087	-37,1540
-27,9181	-39,4477
-38,2727	-27,8480
-30,8018	-36,1053
-31,8501	-22,6703
-31,6535	-11,4638
-14,4829	-22,6048
-17,5632	-7,5969
-0,2614	-15,9200
-8,3880	-10,8079
9,8313	13,6368
11,1420	-7,4000
29,5577	7,9355
4,9818	8,4596
22,4144	-7,3344
8,9794	5,4451
8,5205	-1,6330
-1,8996	-11,8564
-1,7688	9,0494
-6,9460	-3,1404
-6,2909	4,0034
1,7703	9,6392
-3,4072	-4,1888
7,9309	6,7558
0,0663	0,9884
6,8822	-6,5481
-5,9630	6,2968
11,7972	-5,5651
-12,4510	10,4258
5,7025	11,7363
-3,9312	-2,8125
6,0957	12,8506
4,8506	11,2776
15,8605	-7,4000
8,2587	5,3795
24,9702	-8,9074
22,0214	0,6610
26,8053	2,1681
34,0144	-6,2203
24,8390	9,1806
24,5117	10,8844
17,8267	-1,1084
26,8709	12,7195
7,2756	-1,2398
30,9341	-0,5841
11,6666	6,8866
30,9342	-13,7571
16,7129	2,4303
27,3295	-3,2060
1,9672	-11,5289
10,8143	0,9884
-3,0792	-4,5823
-8,0603	-11,4632
-10,0262	6,1004
-10,2232	-2,5505
-11,4681	-5,1062
-23,1337	4,1341
-7,9947	-8,5142
-23,0682	4,0687
-3,8660	-0,4534
-20,9710	-1,9604
-15,3348	15,8652
-25,4274	1,9717
-13,1723	5,9695
-33,1607	14,5546
-24,4445	6,8869
-34,6680	9,6396
-25,3622	20,5184
-23,4613	4,4622
-24,8379	24,3851
-16,9077	7,3456
-17,0390	-5,6959
-10,4196	-3,6646
-15,0728	-16,7064
0,6559	-21,6217
-19,6603	-24,1778
-10,6817	-40,2339
-21,6263	-10,8083
-8,3881	-19,7212
-24,0511	-21,0315
-0,3272	0,3984
-16,6455	-25,4226
-0,1960	-8,9730
-8,5189	-11,5948
-1,3100	-24,8983
8,7172	-8,3177
4,6538	-10,9393
16,9749	-19,8520
8,0618	-10,5460
21,6279	-21,2939
4,3917	-3,0093
18,8098	-6,0241
9,6346	-19,7207
11,4699	12,7851
8,5208	0,3987
25,4947	-0,1908
19,3999	11,0811
37,7498	4,3308
19,9242	8,1321
27,9195	12,0641
28,8372	-2,0259
24,7082	18,2903
29,0338	19,4042
10,0935	6,2317
13,5015	27,0065
-8,7156	16,9139
2,6879	20,0598
-9,6988	27,5964
-2,2931	12,6543
-16,2524	22,4193
-17,5632	25,4336
-41,2217	9,8364
-37,8141	23,2056
-58,0647	12,7852
-54,3295	4,5278
-63,3079	2,6926
-63,7014	-5,1720
-67,5678	-14,7402
-76,7430	-13,4296
-61,6695	-31,7141
-70,0584	-16,5098
-60,6864	-32,8285
-68,4854	-37,6124
-54,5261	-28,3721
-69,0097	-44,0352
-56,0334	-38,1370
-56,8853	-42,2660
-42,1398	-62,7131
-53,4115	-49,2785
-31,2605	-62,5169
-34,3405	-74,9031
-30,2774	-64,0242
-28,1800	-77,1971
-19,8571	-80,9980
-12,5823	-73,0028
-9,3055	-88,8624
15,3364	-78,5734
11,6007	-83,8163
35,9149	-78,4421
29,1648	-52,8831
54,2653	-62,1236
51,5128	-42,9212
70,9772	-20,7046
57,8045	-32,5664
74,1885	-18,4103
55,5108	-11,2670
59,3118	-22,2769
59,0497	-1,9606
61,9986	-3,4025
61,9334	1,3820
68,8801	22,7465
78,1864	13,5062
69,2078	27,7278
81,9875	47,0608
66,7174	38,2137
81,9875	52,3696
60,6882	53,2870
73,3367	45,2919
41,9447	60,5616
51,1852	53,0904
24,6429	51,7143
22,2832	43,3911
-15,8586	37,4274
-4,9801	38,7379
-32,8986	26,2202
-40,9598	8,7876
-58,5891	1,7096
-66,3884	-19,3933
-86,1148	-23,7842
-109,9047	-35,1224
-120,1939	-65,6622
-139,7241	-65,5970
-150,6688	-90,6322
-183,9613	-125,6286
-185,7966	-120,3205
-216,0743	-156,3002
-209,2590	-175,6333
-237,7017	-175,3061
-230,6239	-211,6133
-236,0633	-221,6405
-218,4999	-247,7244
-225,3808	-290,6506
-209,3248	-296,6148
-212,9289	-332,3326
-214,3708	-363,1346
-201,3289	-367,3950
-206,4408	-394,4617
-178,2601	-412,6808
-182,2578	-422,9049
-157,4192	-440,8618
-150,4067	-449,5127
-116,1967	-451,2169
-107,8732	-467,4697
-83,8214	-445,8428
-71,2378	-449,0542
-45,8754	-439,8133
-32,3745	-419,4972
-13,7624	-420,6765
-11,1403	-387,4495
1,1804	-372,4415
24,3804	-353,7633
19,6617	-322,5025
32,5727	-310,1814
26,2811	-287,7674
44,4347	-251,7881
35,7840	-238,6805
43,4517	-213,2520
26,9367	-185,2024
46,0075	-168,6868
26,7401	-129,8891
37,0290	-116,0609
33,6214	-105,0502
32,5071	-72,0199
36,4394	-70,5124
30,2788	-43,9699
23,2011	-31,9112
14,6812	-20,8351
21,1692	12,9161
-7,2082	22,0913
-1,6375	31,5944
-14,8760	48,3062
1,3112	40,5731
-24,8377	57,1539
-15,2040	70,2609
-40,7630	56,2364
-37,9451	70,0647
-53,8048	83,3028
-51,7735	70,1957
-71,4343	83,6962
-64,5533	71,5064
-67,3057	73,7348
-73,5974	76,7493
-60,7521	68,4919
-69,0754	65,0840
-61,0142	58,0059
-67,3714	41,1630
-54,6573	36,7718
-73,0729	12,9820
-56,0335	-3,0743
-75,8254	5,9038
-57,7375	-13,1674
-73,0074	-12,6431
-65,1431	-21,5562
-66,9779	-33,4838
-56,3612	-30,5348
-55,5745	-52,6862
-44,2368	-59,1087
-36,1101	-51,9656
-35,7826	-72,8060
-24,6411	-61,4027
-30,3430	-61,1407
-13,4343	-79,7528
-12,8446	-64,1552
6,3577	-72,1509
-9,8950	-82,7674
25,5600	-68,7429
13,5015	-68,6774
27,5262	-64,5484
26,2158	-47,5747
38,6020	-54,1936
42,6655	-33,6806
41,7479	-28,4379
51,3820	-39,3821
51,2506	-24,1778
51,9063	-26,2750
51,1850	-23,5222
44,2384	-8,3180
29,6893	-13,2986
51,9059	-0,3222
26,7399	8,1319
34,4732	7,6734
12,3221	17,3728
40,3713	24,5817
8,7175	24,6476
26,7398	41,5558
12,9118	23,5334
22,8074	29,0386
11,9943	34,0845
12,1906	17,1108
13,3703	29,8902
-2,8828	17,8315
7,0788	10,1641
0,1972	31,2664
-0,2614	13,7028
-3,6694	21,3705
2,8189	16,9795
-2,8173	7,9357
5,4402	15,6033
-19,2668	12,6541
2,2943	3,2170
-18,6117	12,7197
-14,3520	-2,4849
-20,1190	-7,2033
-15,2695	2,2991
-14,8105	-18,0826
-15,0074	-9,3008
-10,2886	-8,7767
-20,8401	-24,5707
-6,0287	-5,6963
-11,5994	-10,9393
-7,4704	-13,2983
-14,5483	5,9035
2,6220	-9,8906
-20,8398	-2,1572
2,8187	5,2483
-14,8105	-3,5989
-0,4581	12,6541
-7,5359	8,1975
-3,2762	1,6442
0,1975	15,9308
3,9327	4,8552
1,9015	7,0181
4,6539	5,5106
14,3534	4,1344
-1,6376	10,6879
9,8314	-2,7470
-1,8342	-6,2858
0,0008	14,2922
-15,4657	-7,6624
0,0662	-4,6474
-20,9054	7,6730
0,4594	-13,9537
-15,5968	11,0811
-0,5891	8,3940
-7,2080	-4,6474
-1,1134	11,9987
-2,2274	2,1682
-9,5678	-1,6327
-12,5167	5,1174
-23,5925	-11,5943
-14,8105	3,1513
-23,4616	6,1003
-11,7960	-9,4316
-26,8695	6,0349
-6,6186	4,7896
-23,3959	-3,9919
-5,8320	17,7658
-11,2715	5,3794
4,4570	-5,5649
-15,3347	5,2484
-15,4659	-8,5142
-20,5776	-3,3368
-22,8061	6,0347
-21,6262	-9,7593
-23,9203	13,8337
-17,1699	-1,6329
-21,8232	2,4960
-15,1383	11,0155
-27,3281	-4,9752
-15,6624	5,0519
-22,1506	9,9014
-6,5529	-7,7930
-28,1143	20,0597
-4,5868	3,6100
-18,6115	0,3990
-2,0965	15,2099
-10,6161	-11,0044
1,4424	-4,2541
-3,1449	-4,1890
-4,1281	-25,3571
-2,9483	-15,3957
-12,1236	-30,7968
5,9645	-36,5638
-13,5655	-15,2648
-4,5867	-32,0419
-14,4173	-22,8011
-1,7689	-8,9078
-12,5822	-25,6848
7,0131	-7,7280
-7,7325	-16,6409
8,1272	-22,0148
-13,3030	-9,5630
9,8966	-22,6703
-9,1087	-15,4611
-2,8830	-14,8060
-1,8996	-21,9492
-2,4242	-8,3178
4,5884	-12,3156
-2,8173	-22,0803
5,9646	-3,5994
-12,0580	-23,9156
-4,1935	-18,9346
-27,0003	-4,8446
-14,4828	-29,2894
-32,1777	-4,9097
-19,0049	3,7408
-25,5585	-15,1988
-8,6502	-0,1910
-10,4850	-3,1404
8,1273	-11,5288
8,6517	-1,8297
8,1928	-14,4126
8,6519	0,2675
8,1272	-14,2161
14,2878	-27,9784
-2,8173	-13,0364
13,8946	-23,1291
-0,7200	-21,1629
19,2685	-9,5632
-1,6375	-18,2138
18,6131	-13,6917
1,4427	-2,9438
17,9577	-8,8418
-1,8996	8,2631
3,8019	3,2168
-8,1911	-3,5987
-3,8660	7,2801
-11,5990	-14,2814
-9,2401	-11,0701
-2,0308	-12,5777
-8,1260	-22,5391
4,7850	-16,1166
-3,0140	-20,7042
12,4527	-25,8158
1,0494	-5,1720
16,1883	-7,1381
-0,6544	-6,8757
19,7927	9,7049
-6,5527	6,0349
10,1590	8,5909
5,6369	8,6563
5,5058	2,8237
2,5568	10,4913
1,1803	-1,2398
1,9014	-5,9582
3,8018	-1,6330
7,4064	-8,3831
-3,5382	0,6609
12,4527	-0,0601
-6,4219	-9,6938
7,7340	-0,7810
-14,2862	-7,0071
-0,8513	-20,8350
-26,1482	1,5782
-4,3247	-13,1676
-16,6455	-14,4780
-4,9146	-8,9077
-9,6985	-22,2115
-2,0966	-13,1675
-11,7301	-13,4953
-3,8004	-17,8205
-2,6862	1,0539
-9,6988	-11,6602
-11,0093	-4,8442
-15,7937	-2,0919
-9,6988	-22,9978
-29,0976	-6,6138
-11,8616	-13,7574
-28,3768	-27,5197
-24,9689	-6,2205
-43,1223	-8,3178
-25,4933	-5,4995
-50,3312	6,1003
-25,4276	-1,6328
-25,4931	11,4745
-26,3450	10,5568
-11,5335	-6,2857
-0,5893	3,7412
4,7194	-9,2352
-5,5043	-20,1796
11,0765	-11,5947
-4,7835	-25,4882
4,9815	-8,9075
-10,2886	4,1340
-5,6354	-7,2690
-19,7256	15,0790
0,9181	15,5375
-19,7256	-5,5647
-8,9122	20,4529
-10,4194	3,4134
5,8332	4,5278
-9,8297	17,9625
-9,8953	4,3311
-7,6668	13,4407
-3,4729	8,1320
-2,8828	-9,0382
-19,3982	5,9037
-2,5552	-17,2963
-25,2308	-22,3424
-5,7665	-2,8130
-10,5507	-15,7891
5,9645	-11,7911
-6,4216	3,2165
20,3825	-9,1696
7,6687	8,1320
11,8629	-3,7302
12,9772	-10,4801
12,4526	3,6753
2,6880	-9,5631
2,4910	-19,1967
-1,4410	-15,3958
-8,2570	-28,9617
2,4254	-15,0025
-17,8909	-16,8376
-7,4705	-19,7864
-18,9394	10,3600
-7,4050	-0,8467
-26,3448	1,8406
-17,0388	15,5375
-31,6533	0,1366
-19,5949	7,9357
-31,7845	25,6301
-19,8571	1,7752
-28,5076	19,6666
-14,2210	-0,5188
-16,0558	2,7582
-12,1892	7,6076
-8,3879	-5,3684
-11,7959	7,6733
0,9183	7,1489
-4,3902	-7,3998
7,4064	16,3241
-4,9143	5,0517
14,6154	-1,8949
-7,5357	14,2268
7,5375	-7,7933
-2,8172	3,2825
6,9475	5,5758
-1,1788	-15,7231
0,5905	-6,5481
-0,5234	-7,4003
-4,3904	-12,5120
-1,9652	-0,2568
-4,5214	-3,6646
10,8798	-4,8442
-5,0455	-2,2883
11,7974	-17,4270
-12,7132	5,4450
-3,2104	-0,5846
-21,8883	-16,2474
-10,8784	5,8381
-34,6022	-15,9856
-5,3079	-14,1502
-20,8398	4,2651
-12,7790	-4,6477
-15,3347	16,3241
-3,7350	17,7003
0,0008	10,0984
2,9498	18,4870
13,6325	2,1684
-0,4580	-0,7152
13,2393	4,0031
-6,4219	-10,0216
4,7193	-9,4316
-18,8081	4,8550
-4,1282	-9,6282
-24,0510	10,0982
-5,9633	3,9376
-20,1189	-4,3196
-8,9780	8,9185
-18,5460	-4,5164
-7,5361	-0,6497
-15,5313	11,2777
-13,8276	-1,6328
-8,1913	10,2946
-20,7090	3,1511
-9,0433	-6,0891
-21,2333	15,6030
-9,6988	-3,7957
-25,2964	-4,9095
-8,0604	10,4257
-30,9325	-2,0260
-18,4150	7,6078
-24,5755	7,4110
-11,0751	-3,6642
-24,8374	14,2268
-13,7621	1,4472
-23,3301	-1,6327
-11,9927	18,0934
-18,2839	3,2168
-12,7791	16,0621
-6,2908	22,0256
-13,0412	1,9063
-4,0625	11,6056
-9,3712	2,6924
-3,4728	-6,6135
-27,0659	11,6052
-20,2501	-9,6939
-29,2286	-3,9920
-13,5000	11,2777
-25,8206	-3,4023
-12,3858	6,4937
-22,0849	-4,8442
-10,3542	-12,6428
-16,5144	6,7557
-10,8786	-4,5166
-11,4681	-5,2374
-11,4684	-3,2714
-8,8468	-16,6406
-23,2648	-0,5188
-13,2376	-6,3517
-23,6581	-18,6722
-14,0896	-3,4027
-24,3134	-20,7041
-14,0243	-21,0972
-33,1607	-7,0728
-12,9102	-30,7967
-31,1946	-11,0701
-13,6310	-11,4636
-19,0047	-16,0509
-9,9609	-5,5652
-9,8951	-12,9053
-5,8977	-11,5944
-3,3415	1,7093
-4,8491	-3,6646
3,4088	10,7534
-0,0649	6,6901
7,9962	-3,4677
-6,4217	14,0303
8,9137	7,4766
-9,3054	2,8237
-3,1450	9,1805
-19,4634	-10,2182
-4,2593	-4,1888
-17,6285	-4,5167
-14,0243	-13,3639
-22,3471	2,4303
-15,8593	-0,3880
-12,3858	-8,3830
-18,4808	7,7388
-15,2693	-0,7154
-27,5902	2,9548
-11,0750	8,2631
-24,7724	-8,8418
-11,2718	-3,3368
-36,4376	-7,5969
-10,1575	-20,6383
-19,1360	-1,0432
-5,1112	-14,0850
-20,5120	-12,5775
-4,6524	-0,5190
-15,7935	-15,9200
-16,1868	-5,8929
-15,0726	-3,2716
-8,9780	-7,0069
-12,5824	16,7826
-6,6843	6,1002
1,3114	-4,3197
-8,8468	9,6394
3,9985	-7,9899
-3,5383	-3,7956
-2,1620	-1,6987
-14,2206	-23,0632
3,2118	2,1026
-23,3301	-1,8953
1,5081	-8,7108
-20,0532	5,5760
-1,9654	-7,5313
-9,6330	-12,1186
-13,1723	-9,6285
-20,1844	-21,3593
-20,3812	-10,2838
-14,8106	-11,5948
-28,0490	-20,5075
-21,8885	-9,4975
-34,4060	-26,4715
-7,8639	-20,8351
-32,3743	-23,4569
-8,5847	-33,2215
-20,0534	-17,1653
-2,7519	-15,9202
-11,4025	-26,1435
6,6854	-1,0433
-3,0793	-6,7450
8,0616	-11,9220
-3,0793	-4,7131
-5,0456	-11,0046
-6,4216	7,4111
-2,0966	3,1511
-8,1912	-7,7932
-16,5800	-2,7470
-0,1959	-2,4194
-24,3134	-11,3323
-7,6017	-3,0749
-36,6342	-15,0025
-21,4954	-6,9414
-38,9936	8,0662
-20,4469	-3,3369
-29,8840	10,0326
-11,6651	4,5275
-11,4681	4,0691
-2,2277	18,3558
6,5545	8,1320
10,0932	4,2000
5,6370	7,6077
-0,0648	-8,1209
3,3431	-3,8610
-15,7280	-4,5822
-8,2569	-15,2644
-23,9201	-2,6816
-6,8808	-6,8104
-29,6216	-4,3199
-3,4073	3,8065
-19,9222	-0,1255
1,7701	6,4280
-15,6623	-5,7617
-1,7688	-10,1525
-1,6376	1,7094
-8,1260	-8,6454
-10,9437	-11,2667
-13,9587	-1,7641
-15,9246	-7,4002
-25,4276	-3,2058
-19,0704	-1,2398
-34,6682	-0,2566
-15,9904	9,8358
-34,0785	2,3647
-24,5102	-1,6328
-35,3235	7,5422
-20,5781	-0,1911
-35,3235	-7,3343
-25,7554	14,7511
-31,7845	-3,5335
-22,4129	9,9670
-11,5338	2,3647
-4,9802	-1,1740
3,6708	14,0958
-3,3415	3,6755
8,7174	1,3165
-2,8829	9,4428
1,5082	9,2462
-20,7087	4,3965
-3,2106	2,9545
-17,8908	-10,4803
-9,4367	-4,9099
-14,4172	-15,7234
4,0638	-15,5922
-10,8782	-13,9539
2,0978	-18,9345
0,6562	-4,0579
-1,3755	-3,9924
0,4597	-13,3638
4,1295	6,3623
14,2222	-13,9539
2,4910	-15,8542
12,9770	-3,3372
-5,2421	-29,7481
11,0764	-22,9324
-17,9561	-17,6896
-2,2274	-20,1144
-14,0895	-11,8568
-4,2593	-12,1188
-13,1720	-12,0531
0,1316	10,4257
-3,9969	-3,6646
3,9984	-5,5649
7,9964	10,1635
10,2899	-1,4364
8,0619	-1,8295
-7,4049	-2,6160
2,4258	-3,3367
-5,3733	5,7073
10,4210	5,1828
-0,7857	-2,7469
14,0255	6,0346
-8,7155	-6,0895
1,3116	-1,1741
-8,7154	4,0030
11,4695	-7,9242
-3,2104	10,8190
15,5983	5,1827
3,7366	1,7751
20,3170	12,4573
13,3049	6,5592
7,9963	11,5401
13,2394	17,9625
-3,9969	2,8893
7,2754	9,1808
-12,1890	4,7895
8,5860	-18,4755
-5,9632	-0,3222
0,7217	-11,5946
-3,4726	-12,7085
11,3384	-1,1089
-10,6159	-8,5143
3,1465	3,0857
-7,0114	14,9476
-1,8998	6,2971
0,1975	19,2077
2,7532	6,8214
-2,9482	5,5109
-0,1960	19,3387
5,1782	-4,7130
-3,8006	5,8383
-2,1618	3,8065
-15,5969	-13,1673
-0,5236	3,9376
-7,4705	-6,0241
4,9159	-16,4440
-5,6352	-9,1698
10,0279	-20,2453
3,1468	-11,5290
9,0449	-8,6457
4,0643	-21,6215
7,8650	-7,2692
1,3116	-12,3810
3,6707	-16,7717
2,2947	-2,8127
2,8188	-10,4804
7,6686	-4,3199
3,6707	3,4133
14,5498	-6,9413
-9,2399	9,7049
5,1782	0,9229
-9,4364	-4,7130
1,5080	6,9522
-14,8759	-12,3154
6,2920	-14,2158
-6,3562	-4,3201
5,7023	-14,2815
6,1615	-11,0046
17,8266	-8,5799
21,2348	-20,0485
8,2585	-3,1403
20,2517	-11,3325
-0,0647	-13,8883
12,1905	-13,7574
-13,3687	-28,2407
10,6176	-18,0170
-7,8637	-8,2524
0,9183	-17,0997
-11,5991	-9,1041
-7,7326	-4,8444
-21,6917	1,3162
-16,7768	10,5567
-29,2285	7,4768
-27,1972	20,5186
-27,3280	25,1060
-30,1464	11,3436
-28,0489	26,9411
-25,3622	12,6541
-19,2671	8,0668
-25,8864	20,4530
-14,2864	0,0712
-35,1269	10,0984
-18,0219	5,8381
-29,4908	-7,0723
-15,8592	5,4449
-23,2647	-4,1890
-11,1407	-9,8905
-17,6939	3,0856
2,2944	-8,8420
3,6054	-2,2226
11,2074	-1,5019
15,5331	-9,2351
15,9917	-2,7470
17,6303	-2,4850
6,6200	-9,2350
14,4190	10,6878
-0,8512	2,1681
1,1150	-6,8757
-12,0579	-0,1911
0,0662	-5,0408
-16,3834	-4,1233
-7,8638	-0,1257
-27,0657	-15,1332
-9,0434	12,7196
-18,8736	0,3985
-6,9464	-5,9580
-10,6817	22,4844
-12,7134	0,4642
-1,7687	-2,2880
-13,4343	14,6200
5,4403	-10,2180
-9,4366	3,9378
9,1757	4,7239
-14,1552	-8,3831
4,3917	8,0662
-9,6330	-16,1166
3,4740	-18,6723
-22,4126	-2,2885
-12,0581	-11,5944
-26,4759	8,2630
-18,2840	3,8720
-12,6478	-6,4823
-0,4582	17,5037
-1,7686	1,9715
2,0978	-5,7614
-3,2760	15,2755
-10,8784	3,2823
-3,6038	7,0181
-7,1429	9,6394
4,1949	2,8893
-5,2421	18,6835
20,9723	2,8236
-0,7200	-0,5841
14,4843	9,4427
-7,7977	-5,6307
20,5791	-1,1742
0,1319	2,4956
4,9160	-12,7742
-2,7516	0,1365
-7,3394	0,9883
-3,0794	-16,1161
-18,4806	4,5275
-5,9630	0,6608
-13,1723	-7,0724
-6,9463	1,7094
-18,8083	-4,7132
-1,3102	2,2338
-16,7766	12,5882
-2,5553	-4,7786
-20,7742	9,1150
-1,7034	-2,4849
-20,8397	-4,5163
-3,3418	12,3919
-15,9245	-1,2397
-13,6309	13,3096
1,4426	20,5182
-5,5702	4,9865
0,8528	21,8292
5,4401	13,5714
7,6031	-0,9773
9,1103	11,9331
20,6447	-10,3492
1,5083	-6,3515
17,4336	-4,5167
4,0642	-10,9391
16,5160	5,7725
-5,4385	-2,4194
4,7850	-9,8903
-10,2227	9,3117
0,2628	-6,4826
-3,5381	-3,8609
-7,0118	8,1975
-9,8952	-3,7301
-15,7281	4,6587
-3,7349	0,4642
-18,2187	-5,1716
-16,3178	7,8698
-22,1507	-14,7402
-6,4876	-10,1525
-21,1021	-3,4681
-13,5654	-21,3593
-23,0679	-4,6476
-6,2253	-7,0727
-7,7980	-20,3762
-4,4558	-0,8465
-9,5673	-7,1382
1,0492	-11,3323
-8,4534	6,7556
-9,2401	-5,5651
-15,2693	-1,2396
-21,0367	11,4088
-17,2354	-8,7107
-19,3327	5,9694
5,7023	-5,3030
-11,0094	-10,9389
15,0742	3,0856
-3,6035	-13,7571
16,9093	5,5760
7,0133	-0,5190
11,7973	-10,3491
0,8529	11,3432
9,1758	8,0007
3,7364	-2,8124
8,1926	11,4088
1,7704	0,5953
10,4866	-0,5187
17,9579	0,2675
11,6008	-21,7526
24,5115	-7,4002
1,2459	-14,4128
8,5861	-18,8689
-21,8228	1,9714
-7,9292	-0,9121
-29,5561	5,9039
-17,3009	12,6540
-22,8058	-4,3197
-4,8492	6,7560
-23,9856	7,2799
-8,8468	-7,8588
-16,7111	-2,7471
-16,8423	-16,0511
-18,6771	-16,1164
-16,6458	-9,4975
-10,4197	-21,8837
-17,8909	-9,4974
6,7509	-13,6918
-12,7134	-26,3401
1,0495	-5,8274
-14,3516	-5,3033
11,1418	-11,9876
-22,6747	11,3432
-7,9949	3,2823
-32,0464	6,5593
-13,2380	12,3918
-28,3111	6,8869
-28,5734	13,8337
-17,5632	6,3624
-27,4594	0,2678
-22,8715	17,7659
-24,6411	3,0202
-2,1621	2,1030
-11,7305	18,5523
2,1633	7,3456
-22,5437	12,4575
-2,8173	6,4281
-12,5823	-0,7807
-6,1598	20,0598
-21,5606	17,3726
-4,2593	13,6372
-17,3663	18,0281
-11,7960	7,7390
-9,6986	7,9357
-7,0774	9,9016
-2,8174	5,6418
-8,0604	20,3218
4,1950	7,4112
-11,6648	-1,6981
-2,2929	9,4429
-4,1935	5,7071
7,2753	2,1028
-7,2081	9,0493
5,3747	-13,7569
-13,3031	5,5106
-6,1597	-1,9607
-20,9054	-14,7401
-15,3350	-4,3856
-20,5777	-12,0534
-10,6821	-20,9007
-17,1698	-12,6432
-9,5678	-20,0487
-14,3516	-10,0872
-14,6140	-10,8082
-8,9123	-24,3085
-25,0343	-2,7472
-8,9777	-10,8083
-9,9609	-10,8734
13,4357	3,0200
1,3773	-12,1188
23,3318	1,7750
2,3604	6,6244
16,5160	-12,8396
2,0981	-2,2884
1,2459	-12,4465
-0,7201	-7,2691
-0,7204	-11,0704
-1,2443	-20,5075
0,3282	-13,8882
2,2946	2,8232
-3,4728	-20,0486
2,2944	0,7920
-18,6115	7,4110
2,4911	-0,6497
-5,5043	15,0134
11,8629	6,2315
5,5061	2,2995
19,9895	11,6710
14,0259	-1,8294
28,9023	2,3650
20,8417	2,4303
35,7182	-10,0214
32,1140	8,9183
29,6235	-13,7574
32,7039	-18,5412
19,4653	-16,4443
23,3975	-30,3380
1,3770	-18,4759
0,0665	-20,7700
-15,4004	-25,7503
-7,4706	-5,9586
-30,5392	-18,8692
-15,4005	-23,2598
-32,2432	-10,8736
-18,6119	-14,3471
-29,2941	-12,3809
-18,0875	3,8063
-11,2715	-14,6090
-7,8639	0,6610
-10,8780	-0,5188
5,7677	-2,4193
0,9839	8,5252
-6,2252	-1,9606
3,4087	7,3457
-12,8444	16,7827
1,9669	4,6587
-9,3710	13,1129
0,5905	3,1512
-4,0625	-9,7593
3,9984	0,2020
-14,2205	-17,5583
1,4425	-9,1696
-13,1064	-3,5993
-4,4558	-14,2159
-9,2398	-5,7617
-1,6378	-2,3540
2,0324	-12,4463
-3,9316	5,3137
0,4595	-8,7110
-17,2354	-12,3807
3,3430	5,3793
-13,1723	-2,2228
-4,8489	3,0858
-7,3393	11,0811
12,8458	6,6249
-3,6036	23,5331
10,2901	19,1422
2,8190	10,0329
8,0617	19,7977
0,9840	7,2148
-5,7666	13,7029
-8,3222	15,7342
-20,3812	-1,1085
-4,8489	8,3287
-17,3667	-0,0603
-12,1236	-18,8033
-25,9519	-8,2523
-20,1191	-21,8181
-35,5857	-10,9391
-23,5927	1,1194
-43,7777	-7,4001
-30,1463	1,3818
-40,2389	1,8405
-22,4130	1,2509
-29,4907	19,8630
-9,2401	5,7072
-3,7349	4,8555
-10,8129	19,3387
1,4427	3,4789
-4,4559	1,9718
2,1636	-4,2543
0,1318	-15,9197
10,9454	-3,0094
-4,3246	-22,4738
12,9770	-33,5491
-3,4070	-15,7892
14,0910	-29,2896
-8,9775	-21,0974
7,6684	-4,5824
-9,5019	-18,7380
-0,5891	0,5297
-10,1572	-4,9100
-1,9654	-14,5434
-5,6353	7,2143
-13,3032	-12,6432
-4,9800	-8,3175
-17,3010	3,2821
-7,7980	-17,6892
-21,8230	16,3241
-14,0241	10,7533
-27,4592	-0,5183
-19,3327	23,0744
-35,0614	8,2631
-21,2988	4,9865
-32,5709	10,5569
-12,8446	-7,4000
-18,3495	-0,6497
-5,8977	2,9546
-11,4680	-4,4509
-6,2909	9,9015
-7,2737	-3,8610
-9,6988	0,5301
-6,8805	16,8482
-16,7766	-3,1403
-11,0094	-11,2011
-20,5123	-11,0703
-4,5215	-17,8860
-26,0829	-10,1529
-2,0965	-19,3280
-14,9416	-18,7379
3,5395	7,8040
-7,8635	-10,2183
2,0323	-4,9096
1,5738	13,3092
12,0593	-14,4779
2,2948	13,5716
8,5860	5,6415
11,4698	7,2146
6,5544	11,1466
11,0765	2,1683
-5,6353	-1,6327
9,9623	7,6076
-8,9777	-9,9560
5,6370	7,2800
-4,7178	-4,9098
12,3872	-3,0090
0,7218	23,0086
21,5622	-4,1233
2,9501	5,8385
14,0256	16,9138
8,1275	4,9208
15,2707	10,2951
7,2755	15,8653
17,2368	2,8893
15,1398	9,9671
-1,5064	0,7919
11,1422	-1,1085
3,0154	4,8551
10,3556	-5,2374
3,0156	2,2339
12,9116	8,1974
8,3897	-7,2689
20,5793	15,7997
9,3727	-1,5019
16,5161	-4,4506
20,6449	9,9669
14,3532	-8,8418
18,4168	1,0543
19,5306	1,9059
14,9434	-9,5628
16,2538	-9,3006
13,5015	-0,9121
-2,5552	-15,9853
1,8358	1,7093
-17,4320	-12,6431
-4,4559	-13,0362
-34,8646	-4,9099
-11,9269	-24,6364
-19,0049	-26,7988
-1,4412	-7,7282
-8,7811	-27,3233
3,6708	-10,4149
1,1806	-13,0365
10,5522	-10,0871
11,6664	2,4302
0,9839	-1,3052
20,5793	4,9208
-2,0965	17,6347
6,6856	4,5276
-13,2376	13,3751
1,0494	8,9840
-20,0533	9,0497
-9,3710	17,3725
-30,6702	-3,6645
-19,3327	-1,5016
-35,0613	5,5759
-29,4909	-6,0893
-38,4035	7,7388
-19,7916	9,3770
-20,0535	-8,7763
-20,3814	10,8845
-14,9415	-10,6770
-9,3057	-10,3492
-1,8343	-5,9585
-14,1553	-22,0147
-3,8004	-7,4656
-17,1044	-4,3201
-6,8806	-19,1310
-17,3007	0,4642
3,6051	-15,9854
-10,8127	-7,4001
7,6029	0,6605
-8,1255	-14,5436
6,9477	2,0372
2,0981	1,3815
9,1102	-7,0067
9,4382	11,8675
12,3871	3,0857
13,0427	-2,0915
4,7850	7,0834
10,2245	-7,8588
-7,5359	5,7730
2,4911	17,8313
-15,7935	1,5785
3,2775	12,7198
-18,2840	14,8166
-7,2739	-8,3828
-20,7743	12,3263
-10,9440	-6,9414
-19,7912	-3,2057
-1,1792	-9,8251
-12,1233	-20,4419
4,8503	-11,7912
7,1444	-18,0173
3,8019	-27,3886
8,2586	-3,7303
10,4865	-2,2886
14,0256	-5,3684
1,5736	4,8552
8,5862	1,3163
-0,3270	0,7265
1,3115	0,5298
-18,6114	-3,7955
8,6514	8,3941
-11,4026	-0,5844
2,3599	9,6395
-3,5382	11,0156
-1,3757	4,1344
-3,4071	10,0983
-6,0943	10,4912
-6,2251	-10,0213
-0,2616	9,3771
11,8627	2,2990
-3,4072	-6,3514
15,8607	11,4088
6,8166	5,7072
23,5939	5,6418
-2,2928	12,6541
16,5817	-4,4508
0,1976	6,7559
16,8436	-2,8125
1,2462	-5,1062
11,7973	11,8676
11,3388	10,4256
15,5328	-1,0429
10,4214	8,0009
20,7759	-7,2034
23,0042	-1,8951
8,7827	-10,1529
18,3511	-18,0826
1,9669	-0,7811
20,2515	-12,1844
-7,1427	-6,0894
9,3726	-3,2715
4,6539	-18,2136
6,7511	-3,2058
-5,9628	-7,0726
14,8119	-18,6067
-10,6161	3,0202
-6,0288	2,4958
-18,4150	-8,1208
-31,5225	12,1951
-20,5122	-6,2205
-37,0932	3,2169
-26,2139	0,8573
-27,1317	-7,7276
-17,3012	10,7536
-29,7530	9,3117
-14,5485	4,0035
-19,3327	20,3874
-4,9801	4,8552
-11,7301	1,3820
5,5713	3,7408
-7,9944	-30,6000
-0,3269	-19,4589
-7,0771	-10,8085
-10,0921	-23,7187
-25,5584	2,8889
-20,9712	-9,8906
-23,9856	-1,6328
-15,4661	7,8697
-0,5892	-9,9560
-8,9779	3,0858
4,3916	1,8404
-5,8975	-11,6598
12,4526	2,4303
1,3115	-7,8590
7,6029	-10,8079
-4,9143	-0,4535
1,1803	-12,1844
-9,9607	-9,1041
-3,8005	4,9861
-12,8443	-5,1064
-7,4705	4,1998
3,9984	5,3139
-0,2617	2,2338
5,0470	14,2269
-13,8931	5,3795
-1,7032	5,6418
-18,4150	11,0155
-3,8004	-3,1401
-19,5947	11,8677
-5,5699	8,9183
-22,7404	-3,8610
-7,5361	9,6394
-24,9030	0,8574
-11,1407	-0,7809
-25,0342	1,1195
-26,7383	-1,8295
-31,8500	2,0371
-28,5080	-0,0601
-29,0977	-11,9876
-24,7069	-1,8296
-14,2865	-14,1505
-16,0559	-16,1818
4,2605	1,3160
-2,5551	-13,2328
22,1521	3,4789
8,1275	0,9229
23,2008	-4,7130
3,2123	11,8021
7,2754	1,6440
-13,8926	2,4306
1,7702	9,9015
-6,2908	-1,7639
-15,2694	-5,0407
-11,4025	1,9714
-14,6796	-8,0556
-7,1427	-6,0895
-13,3689	3,3477
-6,5529	-0,5188
-14,1551	19,0109
7,6684	3,0201
-9,0433	7,1492
5,4403	18,4212
-4,7832	3,4136
14,0255	14,7514
-12,6473	15,3410
13,5669	8,0667
-4,1278	29,0381
5,7678	9,6395
-10,8126	16,9799
-8,7157	28,6449
1,6391	4,9209
-9,6332	13,7027
3,9986	9,7703
-12,1236	-6,7447
4,1951	2,8236
-20,6433	2,7579
-2,9484	-0,7153
-22,2816	6,2969
-0,1304	-0,3221
-14,1553	2,8237
-10,0919	3,7411
-16,4487	-3,7300
4,9814	7,9355
2,9499	6,2969
1,6391	2,3651
1,1806	17,6348
-1,4411	12,6540
4,3917	5,6418
-5,2423	13,3749
3,9985	2,0373
-8,7156	9,8360
8,3894	10,2291
-7,0117	-4,6475
11,0108	4,8552
-9,4365	-8,8419
6,7510	-7,6623
-6,4216	-6,4829
8,3238	-30,4035
-9,1086	-18,0171
-7,5361	-12,6435
-13,4342	-29,9446
-13,7620	-8,1213
-5,3732	-16,3788
-1,6378	-14,7401
14,4188	-2,4195
1,8357	-13,9538
17,8267	-12,9051
-0,9167	-9,4318
12,7804	-20,7039
-8,1257	1,8405
6,8821	-2,5505
-2,2273	-4,1231
12,1249	11,5399
1,4428	-8,0554
9,3069	-3,9921
2,2947	-1,5020
-1,1789	-11,8565
7,7996	-2,2883
-6,0287	-0,7156
-4,1279	-10,4147
-12,5824	8,8528
-1,2444	-3,4681
-17,7598	-6,9414
-2,5552	-0,1914
-12,5823	-22,2113
1,3114	-4,7132
-6,0286	-5,7620
4,7193	-12,9707
-10,1572	-5,6306
10,6176	-4,6477
-8,1254	-6,3515
10,2900	-2,0262
5,1782	-6,5481
-3,4728	11,2777
-3,6692	10,8189
-9,5022	7,1493
0,1974	30,0212
1,5079	16,7174
7,6031	15,6036
-1,5719	23,3366
24,9047	8,3288
7,4721	11,5401
21,1037	1,1851
7,0789	-10,4147
12,4528	-5,1065
-6,2905	-18,1483
7,4063	-27,3888
-10,4194	-16,5755
-4,9802	-18,2139
-8,9776	-12,2500
-8,5847	-5,4342
-6,7494	-13,3640
-7,7327	-3,5335
0,9182	-4,9754
-13,4999	-10,9390
2,3600	-2,8783
-7,9292	-18,7380
-1,5721	-18,2135
-3,9969	-5,1721
11,6660	-20,1799
-13,3029	-12,3810
9,8966	-8,5145
-9,7641	-25,0949
-5,6355	-1,6986
-5,8319	-8,3178
2,0976	-4,0577
-4,4556	10,5568
-4,4557	-7,7932
10,8143	0,2678
-5,4388	3,7409
2,4912	-10,3492
-19,2670	3,2167
-7,3393	-6,1551
-19,9880	-13,2982
-13,5655	4,5274
-22,0851	-12,0533
-10,6162	-16,2474
-13,2375	-11,7911
3,0153	-19,3933
-3,7346	-12,1845
-0,3925	-23,3912
-4,3245	-20,3108
-3,1452	-3,9924
-10,9438	-13,4951
-13,5654	-6,9414
-2,3587	-3,1404
-19,7915	-4,4510
-7,4705	5,7726
-16,0559	1,4473
-1,0480	1,9717
-10,6161	18,0280
14,4187	7,6077
-0,2612	6,2316
23,9872	10,3602
17,9581	-4,3198
22,4144	3,1511
26,8711	-11,3326
31,1306	-29,0927
19,9241	-14,6094
12,5184	-23,3914
16,9750	-37,9401
5,4403	-13,2331
11,7320	-20,1799
-1,8999	-14,2159
4,3262	-5,4343
-4,0624	-13,1674
9,4380	-1,5019
-4,3244	-8,5145
10,4867	-22,0802
-6,0283	-10,2840
11,6007	-26,2092
-7,9945	-14,6747
1,6391	-8,8424
-3,8002	-33,2215
5,5712	-14,3471
7,0788	-8,6456
0,9180	-15,0679
-1,6375	3,0857
-8,9778	5,7726
13,1734	4,5278
-8,1913	24,2540
10,4211	4,8553
-10,9437	9,3774
11,4696	3,4134
-14,2206	-11,0700
-4,5213	5,0518
-15,0069	2,1681
2,0977	2,9547
-8,8464	11,4743
-2,4241	4,0033
-1,9653	12,3264
-8,6502	6,8212
-6,4873	-8,5139
-9,8300	21,4357
-3,6039	2,1025
-21,4952	-7,1377
-1,0480	14,2924
-22,4784	2,2338
-11,9271	14,7513
-31,3258	21,8292
-18,6774	15,1447
-34,5371	23,3366
-17,6944	16,2586
-25,1654	5,3798
-23,2649	13,8337
-22,6747	-1,1742
-5,1114	-2,6159
-9,8953	0,3330
-14,2863	-17,2960
0,0007	-6,6792
-12,4512	-10,7428
1,0494	-27,0612
-8,5846	-19,4589
5,4402	-22,9325
-20,3809	-19,7210
10,9454	-8,2523
-1,1133	-13,9538
13,3702	-6,8759
-5,5041	1,8402
7,6029	-17,2961
-10,7471	7,1489
-8,7813	5,1171
-16,9730	1,2508
-14,6141	10,8845
-13,8930	3,0857
-16,2525	8,9185
-8,3224	4,7895
-10,2887	-15,8541
-5,5700	2,1682
-25,4928	-4,8445
-6,9461	-15,8543
-24,1166	-6,8105
-4,4558	-18,9346
-15,0726	-10,0217
-4,3247	-19,4590
-16,1212	-23,9809
-5,0456	-18,2138
-3,9969	-16,7066
-2,0311	-29,4205
6,1613	-23,2601
-0,7202	-19,7869
16,3849	-20,3765
-4,5212	-13,1676
19,1374	-23,5877
-3,6693	-3,8614
12,7802	-16,5754
-11,9925	-21,7526
3,0153	-13,2330
-19,2670	-16,8376
-5,9633	-21,8181
-18,4150	-7,7281
-5,4390	-20,6386
-18,7426	-6,1549
-10,4197	3,7409
-11,7958	-9,9560
-9,4368	-3,2057
-13,0410	-8,1210
-14,3520	-12,8395
-11,2060	-8,9731
-16,0559	-15,1335
-3,0796	-12,0533
-14,1552	-8,6455
1,2458	-10,6115
-20,7087	0,5952
-9,0434	4,0031
-27,0003	8,0666
-18,6118	17,3072
-31,2602	9,5740
-24,2480	22,4848
-23,7891	35,7229
-26,5419	18,4216
-15,9247	32,9051
-26,4108	23,9265
-14,7450	11,4092
-13,6312	21,1739
-7,3395	0,4642
-15,9904	-6,7446
-5,4388	-3,2714
-15,3350	-17,8204
-7,4704	-8,5142
-12,5822	-5,5654
-2,0310	-15,5921
-19,7912	2,5613
-10,3542	-3,4680
-20,5776	-2,3536
-10,9440	7,5421
-10,4850	-9,4972
3,9982	-0,9119
-1,8997	4,5928
-3,9968	-11,7255
10,4867	-3,6644
3,6053	-1,3054
7,6031	-12,9051
0,1975	3,2823
12,9771	-5,2375
-2,0307	-0,5842
10,7488	-2,0262
0,3285	1,7095
3,9985	7,2145
-2,2273	10,3602
5,7679	-1,1084
4,0642	9,2462
3,6052	2,6925
6,6856	-3,8610
-2,1620	7,1489
3,3432	2,1027
-6,2254	12,7852
-4,0625	20,8460
-11,1407	4,3967
3,2774	20,8462
-5,8976	9,7704
19,2684	3,4791
4,6540	8,3941
34,1453	-9,6283
15,9264	1,9060
24,1184	-6,7450
16,0575	-26,0779
15,4675	-6,6139
9,5038	-20,4421
10,8798	-23,4565
8,3241	-7,7282
-0,0648	-28,2409
5,8337	-23,3254
-10,5507	-14,5438
5,1781	-28,7650
-15,9901	-0,2568
7,3408	-6,8106
-12,3855	-11,0700
9,1104	9,0493
-7,2736	-4,0580
13,0425	-21,0971
-0,3923	-2,2885
3,9985	-18,0171
-5,7661	-1,3054
-5,8320	3,3475
-2,3583	-14,6745
-7,3394	10,8191
-7,4045	3,1512
-1,0480	5,9694
3,8019	5,7728
-11,8614	-6,1547
2,2290	1,7751
-10,0263	3,8720
11,7317	-10,2836
-6,2907	3,7410
9,1759	-7,3348
-6,9460	-15,4610
2,7532	-7,2693
-15,7934	-23,1290
-4,5870	-23,5877
-9,4365	-21,6217
-8,9779	-26,6023
-7,6669	-10,4804
-1,9655	-7,4004
-2,7517	-17,6893
-15,2037	11,1464
1,4424	-6,5483
-23,8546	-2,6813
-6,4874	22,1567
-10,1575	19,2077
0,7871	30,7422
-4,3244	35,1331
15,9261	17,1109
7,3410	26,7446
15,0741	8,9185
0,9185	-0,9773
2,6878	-2,6815
1,8360	-10,2181
-0,8512	-4,9097
9,3071	-6,4828
-2,0309	-12,7741
6,6201	0,1364
-8,7157	-11,7912
-2,0963	-16,9683
-15,2693	-5,3686
-4,0626	-16,9030
-25,4929	-7,3346
-4,3248	-13,3642
-18,1529	-24,8327
-8,3881	-10,8737
-20,6431	-13,4953
-7,7983	-26,6679
-9,8297	-11,3981
-12,3858	-21,4907
-9,0432	-14,1504
-8,6503	-4,4512
0,0664	-17,9514
-4,6524	3,4134
7,1443	-3,4680
-9,1742	-12,3151
13,1736	9,8357
-7,9947	-9,1041
6,7511	-1,5672
-3,2104	8,1319
4,3261	-4,4508
-10,4849	16,3241
0,3939	18,8799
-16,6453	4,9209
-3,7350	23,4021
-10,9437	14,8822
-10,1576	0,6612
-10,1573	17,1760
-7,3396	-0,5187
-7,6015	-4,9098
-16,7111	4,0030
-5,9631	-19,0001
-23,5268	-5,6308
-5,1767	-10,9394
-20,1190	-12,7087
1,4424	-7,2038
-16,6455	-18,2139
7,7338	-20,3108
-11,9924	-12,6433
-12,8445	-26,9955
-9,0432	-8,1210
-10,7475	-8,1868
-7,0116	-17,4926
-14,4831	1,7093
-13,1065	-8,7767
-21,2333	-4,1234
-4,6525	-4,9099
-18,6118	-6,6136
-1,0479	2,1683
-12,1891	9,0494
-0,9167	1,2508
-14,8103	4,3310
2,5566	12,0641
-15,6624	1,9062
-8,3880	16,3895
-17,1696	-6,7446
-3,6694	3,0858
-10,4194	1,8403
-11,3371	-17,8858
-13,5653	-0,2567
-20,1191	-7,2692
-18,2841	-12,3152
-28,1147	9,3114
-11,7961	-15,7232
-22,0853	2,1683
-4,3247	3,1510
-6,9462	-16,0507
14,1565	7,3456
-1,8341	2,4302
11,7974	-5,3683
5,8993	11,9985
6,3577	1,7093
-9,4362	-5,8271
-9,0434	9,3116
-16,8421	-7,6623
-19,7260	4,3965
-21,3642	9,9668
-23,4616	-7,5310
-13,4999	5,4452
-23,0683	8,0663
-7,1429	-1,5671
-26,8036	8,4597
-14,4829	-0,5843
-30,4737	4,1999
-18,2185	8,3940
-31,3911	-11,1355
-6,8153	6,1660
-20,2498	10,8845
0,8526	7,2148
7,6031	24,7783
17,4333	8,2632
11,3388	13,7028
11,2075	10,4913
13,0426	-11,0043
-3,4727	4,7895
0,9838	-19,0658
-17,1698	-18,2135
-3,5383	-3,4028
-20,7744	-16,7064
-2,8830	-3,7956
-13,9586	6,6246
0,1317	-3,8611
-6,8149	10,0327
2,5567	6,0348
2,9501	-0,5841
8,1928	12,4574
6,2925	-2,9436
10,2900	0,9887
13,1082	13,1127
6,4889	-0,8463
8,7828	13,5061
1,3115	8,2631
14,4188	-8,9727
-7,9290	13,3750
13,8946	1,6437
0,3941	-12,1185
9,5035	1,2507
-9,6328	-4,1889
4,2606	5,1174
-15,8590	3,2167
-9,3056	-2,5502
-22,4126	21,0427
-9,7644	14,1614
-7,2738	13,3097
-3,6695	19,6009
2,8844	11,0813
-2,3586	15,9310
14,4188	10,6224
-9,8296	1,5785
11,4041	9,3773
-13,4341	5,3139
2,0324	-5,7616
-11,9923	2,1682
5,8333	-7,7278
-16,5798	-2,4193
2,6877	-9,2353
-2,6206	-16,0510
3,7362	-4,9099
4,3918	-13,0365
-0,5891	-17,2305
3,0156	3,1511
-3,9970	-1,2397
10,8142	0,5300
-1,7689	10,6879
4,3263	-5,7615
4,9816	12,1299
25,0359	10,2292
15,4675	-8,3174
34,0799	4,2655
21,5626	0,2020
29,2302	-11,5288
17,3683	0,2020
22,1522	-8,3832
5,8339	-1,1742
5,2438	3,0199
9,0451	-17,0994
-1,6376	0,3987
3,4088	-6,8760
-10,9437	-9,1695
-0,7200	3,5444
-14,0896	0,3987
6,7509	4,9865
-10,8129	20,8461
5,1126	8,9842
-1,8343	20,9119
10,6177	11,1467
3,4089	-1,7636
17,6956	18,0934
3,7366	-12,5119
13,1737	0,7265
4,9163	1,9059
9,5690	-2,5503
2,5569	-4,1231
4,0639	7,8043
9,6348	-6,4825
12,7802	3,4789
11,6664	-10,0217
11,2075	-12,1842
13,3703	-4,7789
7,6688	-18,2791
20,5138	-2,4194
4,7197	5,9035
12,1905	-9,4972
-15,7277	10,4258
-4,0626	-0,1913
-16,5798	-11,7908
-6,6843	0,5952
-15,0070	-11,9222
-20,9055	-8,7109
-13,1066	-19,6554
-15,9249	-18,3446
-13,5655	-8,9075
-30,1461	-16,7720
-11,0095	-27,9784
-19,2015	-4,1236
-3,0141	-31,1245
-10,8782	-25,2260
11,2729	-21,8841
-2,3584	-43,3141
11,7974	-17,2965
4,1297	-27,3891
8,3239	-29,3549
0,9185	-9,3665
6,5543	-17,2963
8,9139	-20,2452
8,1272	-2,6818
15,2709	-17,6896
11,8628	-14,4127
6,4889	-24,7020
-9,9607	-26,2092
2,4910	-12,2501
-16,1868	-15,5924
2,4909	-15,9854
-20,1844	0,0053
-2,4242	-17,3618
-8,1912	-3,4023
0,5904	0,3330
-8,3878	-7,4000
-2,9485	12,9817
-3,9313	3,6098
-0,5237	-14,4778
0,2630	8,3285
-4,6525	-15,9200
5,9646	-12,9706
-5,1767	-0,9122
6,6856	-14,0193
1,9669	3,1512
15,5984	4,5272
3,0811	-13,4293
19,7928	10,0980
9,6349	-2,8128
26,6086	-11,8564
15,3366	-2,3539
20,9724	-9,8249
10,0280	-2,3538
8,4549	5,7725
6,6856	-15,6576
4,3261	7,8697
6,8166	-9,4319
-1,1134	-10,6767
9,0450	3,7410
4,7849	-6,0238
15,8607	9,3772
10,3557	2,7579
26,6087	-9,6281
10,8146	15,4065
21,3003	3,4131
6,6858	-8,6452
3,4087	3,6754
-15,5968	-11,9222
-19,9225	-7,8588
-26,8693	3,6755
-23,0684	8,5908
-25,6241	16,6519
-10,4199	27,7929
-8,4536	18,9459
-2,8830	37,9513
3,8674	29,3005
-0,7201	28,7108
14,5499	28,8417
-0,1301	20,1255
14,4843	33,0361
-4,1933	22,0259
8,0617	14,4895
-5,8317	32,0529
10,4865	6,9525
3,4744	-1,1081
14,9431	15,6031
12,8462	-8,9074
9,8968	-9,1695
12,8461	-6,6137
4,3917	-15,0025
1,9670	-3,5336
-8,3223	-13,7573
4,5227	-5,1718
-18,4150	3,4132
-5,1110	-5,5650
-11,2715	12,3265
1,3114	16,7827
-2,0308	4,9864
-0,3924	23,0744
-6,4215	12,7851
2,6221	20,7154
-2,3584	34,2811
1,5736	25,9581
-2,1617	28,5140
-2,8174	23,3365
-3,9969	7,8046
-13,1722	21,5671
-1,7687	8,2630
-7,9292	-4,9094
9,4381	12,9160
-2,4239	-12,3154
19,2031	-10,0215
10,9455	2,0369
15,2054	-9,4973
9,9625	-3,7956
6,8167	5,1172
-2,0306	-6,6792
5,4402	12,5229
-1,3755	-4,6477
-3,4072	-2,7467
3,0811	15,8651
0,2629	-9,8251
20,2516	-6,6792