-13,3784	-9,4996
2,0228	-11,0725
-8,8562	-9,6308
8,3143	-8,9098
-1,5817	-1,9631
0,0566	-11,1380
-7,6111	0,8551
-7,8736	8,5228
-17,1139	1,9037
-6,6284	8,1296
-3,3514	-0,1935
2,6123	-8,7786
6,9380	-0,7834
4,5786	-9,0409
9,8217	-1,9631
2,9403	-5,5675
14,2125	0,7241
-3,6132	4,6562
15,9820	1,9693
5,5618	-0,8487
14,6712	7,4088
-0,4019	3,5420
13,0984	-2,4872
9,1009	8,1297
22,7322	1,7071
17,9483	10,6201
21,3560	12,7826
18,6692	3,4112
11,5912	25,1036
17,0309	6,0327
10,0183	7,5402
16,1134	17,2393
12,5743	0,8552
16,3098	-9,3028
13,5573	-5,7641
18,7345	-7,3370
-2,3680	3,0832
14,2780	-1,1766
-0,5332	-1,9627
-0,3366	12,4552
7,0035	11,7343
2,0881	2,5591
7,3969	2,4279
2,2193	-13,8251
6,8070	-7,7957
-4,7931	-10,6795
-4,1377	-15,1357
-17,1794	-13,3664
-8,4632	-19,1335
-16,5242	-16,7088
-12,9853	-18,4128
-23,3397	-19,7892
-0,6645	-22,9348
-17,3761	-19,5268
-5,0554	-8,1234
-13,6405	-9,9585
4,3818	-8,8441
-8,7907	-0,3900
9,3626	8,7848
3,7921	-12,5143
-12,9852	-4,1256
-15,2133	-17,3640
-24,2576	-20,5752
-24,9785	-12,3834
-39,6587	-17,8885
-38,2169	-24,4420
-49,4891	-12,4490
-34,4815	-22,7382
-43,0012	-19,7233
-22,8815	-11,2693
-32,2530	-3,9948
-11,0849	-6,6815
-15,5410	-2,3561
-3,4825	5,0496
-3,4823	13,9623
-10,9535	2,7556
0,2533	-1,4384
-6,8904	11,0132
-6,2349	-0,3245
-16,8519	15,4043
-6,7591	16,3872
-6,0383	20,7785
9,2974	38,5387
24,5673	36,4416
46,9808	32,6407
44,7530	43,7163
74,7031	41,0292
76,9971	33,7548
88,9246	41,1603
91,4152	35,2622
90,3665	49,8767
94,4299	41,8812
88,1385	45,8136
100,3938	51,5153
93,6435	51,9085
110,6831	62,6566
104,9158	71,8316
116,2537	68,7515
109,0448	82,0555
126,4774	89,7887
112,0595	90,5754
125,2977	109,5153
110,4211	101,7166
114,3530	106,5664
99,0177	116,8554
105,5054	102,4376
78,5046	113,6445
72,2129	124,7199
59,7610	119,0184
40,7552	126,9482
21,9462	105,6489
-16,5239	99,2264
-31,0076	98,5053
-72,6235	86,2498
-82,9131	74,7809
-119,4170	67,7028
-123,8084	44,5028
-157,9529	31,9854
-162,0822	2,4938
-197,8651	-21,2959
-223,0312	-30,7992
-236,9249	-71,1698
-250,4915	-91,7483
-259,7975	-128,6456
-270,5458	-153,8119
-271,7253	-167,1818
-282,2113	-205,3897
-263,5989	-228,6552
-281,2282	-248,5787
-258,8146	-279,0532
-260,8462	-303,1709
-233,1898	-324,7982
-229,7162	-357,5666
-193,4090	-371,8537
-188,6244	-396,1023
-143,6664	-416,4185
-123,2843	-411,8970
-90,5160	-430,7716
-64,1044	-442,7647
-32,2535	-434,9660
9,2314	-438,8982
35,5772	-427,2327
73,1303	-418,9750
97,6410	-402,9839
138,0119	-377,8180
154,9858	-367,0042
174,7127	-334,8255
183,8881	-297,0111
218,7535	-287,0490
227,4045	-241,7631
259,1242	-218,6287
265,6781	-189,7267
287,3051	-155,7132
289,0093	-136,9039
298,3808	-109,6404
297,1359	-80,7387
290,1888	-70,7115
287,7641	-59,3734
257,1585	-34,4041
243,7235	-40,5642
208,8579	-31,8479
189,8521	-42,5959
138,5368	-46,4626
110,2246	-63,5023
46,0641	-90,5033
13,9508	-115,9315
-49,0301	-138,4765
-82,5855	-182,4516
-157,6249	-224,7229
-205,2705	-276,3661
-268,5137	-330,3685
-340,9976	-386,9926
-395,1967	-461,4424
-477,0524	-521,4088
-526,8604	-588,0601
-602,3590	-666,7698
-647,2518	-734,9938
-705,7109	-817,0460
-743,1326	-886,4498
-794,6447	-969,4851
-827,8065	-1059,9916
-869,2258	-1158,8211
-887,3800	-1229,8635
-923,4904	-1333,5431
-924,9982	-1427,3265
-937,1880	-1523,6659
-940,4649	-1606,7669
-928,7339	-1666,0781
-919,8867	-1745,3778
-907,4999	-1816,3542
-886,5282	-1869,7671
-852,7766	-1944,9379
-829,7731	-1997,7608
-779,5064	-2051,6978
-751,7842	-2096,1973
-700,2067	-2117,3006
-673,2706	-2147,7099
-610,9452	-2169,6645
-570,9019	-2163,7010
-510,7394	-2166,5846
-472,1379	-2145,9405
-423,5751	-2115,1383
-375,9951	-2080,6003
-323,5657	-2023,3867
-269,5630	-1968,5321
-226,7675	-1903,2573
-172,5027	-1820,9431
-145,7636	-1749,6389
-103,3609	-1675,7784
-85,4693	-1580,8157
-39,7901	-1485,8527
-33,5640	-1380,2070
-3,2858	-1279,7386
7,3312	-1162,3618
37,6744	-1047,3446
25,6161	-944,9102
35,1843	-849,2915
28,1066	-738,6653
19,7176	-646,7170
5,0376	-565,1230
-11,0192	-463,0166
-32,3183	-388,3698
-45,0327	-305,9897
-55,5841	-236,3239
-89,6632	-181,7969
-100,1491	-116,7188
-135,2114	-77,3964
-145,1076	-34,4695
-181,3494	9,3090
-184,3645	43,9780
-218,6401	64,9500
-225,3906	74,2564
-243,0856	86,6431
-249,5086	100,4713
-277,9512	100,7334
-287,7165	85,3981
-295,9741	84,6771
-307,7709	70,8487
-319,4362	45,2239
-328,3493	24,6451
-325,3346	-5,5018
-337,5900	-35,5833
-316,9460	-75,2330
-328,5459	-97,2535
-301,9381	-125,6968
-301,6758	-165,3464
-282,5392	-196,9353
-271,5943	-236,7818
-244,5280	-274,2032
-239,2191	-298,9110
-217,0679	-337,2500
-201,2076	-367,5937
-182,7919	-390,1385
-157,4288	-421,3996
-121,5805	-446,0413
-94,2514	-447,5490
-79,0467	-456,0035
-38,0205	-455,3481
-23,0781	-462,1638
10,0180	-447,7457
10,8048	-431,6893
47,3086	-419,7616
52,8138	-409,0133
79,8148	-381,4879
88,5970	-351,7342
104,7845	-320,2110
112,2560	-285,8696
129,1643	-263,1280
135,3250	-220,1359
138,3395	-197,2634
137,4224	-155,1887
139,2572	-127,1391
144,7623	-112,3928
135,4561	-80,2143
134,6695	-57,8006
113,5669	-37,8773
118,6786	-12,6457
94,6267	-4,9121
97,8379	24,1862
77,8494	43,1263
82,0433	54,3333
59,3024	83,4971
57,4014	102,5027
37,6097	114,3652
43,0488	143,0046
30,4003	141,9562
17,0308	151,4593
19,1935	166,1393
-3,5477	151,1972
-1,8437	166,6638
-15,1479	163,5833
-10,9536	154,2774
-29,1726	162,2727
-19,8012	147,3959
-36,3817	138,1555
-20,3911	147,7234
-33,0395	117,5768
-16,4590	116,5938
-30,9423	116,7900
-22,6193	90,7722
-13,7062	86,7744
-14,0997	78,5821
-14,4925	69,0138
-13,8373	67,2441
-5,5795	57,2825
-10,1016	50,9911
4,2510	56,6925
-10,2981	37,8837
7,3312	39,2599
-2,6958	28,4462
7,7242	26,0870
-5,1862	30,9365
6,4136	28,3151
-0,4019	31,9852
15,9819	39,6528
16,9651	25,0383
17,2272	14,2250
26,0093	16,4529
17,8171	4,2632
26,3370	6,8189
18,7347	-1,8319
22,2738	-2,5527
12,7710	4,7872
26,4681	2,4935
24,8951	1,3794
33,4147	2,4936
18,2761	-3,4047
34,8567	-5,1743
24,3709	-23,4589
30,9900	-25,0973
22,7325	-19,8546
23,9775	-20,1823
12,5744	-22,4103
12,0498	3,1487
14,4093	-2,1597
10,2802	9,3749
16,8996	12,1929
3,7923	2,9524
13,4262	12,3240
3,3336	-7,7957
13,7537	-12,3830
-8,7250	-0,8489
9,9526	-13,0387
-8,0699	-13,0386
-3,8757	-9,6962
-18,4246	-2,5527
-4,4657	12,3894
-17,1140	10,4890
-9,7741	9,3096
-10,2982	24,3172
-10,8226	10,0303
-3,5478	11,2101
-2,6960	9,8337
3,3991	10,3580
-2,0404	9,7026
11,0013	6,8190
-4,4653	4,1321
2,4816	11,8653
-10,2325	7,0811
3,0057	5,3117
-8,4632	8,3918
-2,3028	2,3624
-5,3829	0,7241
-1,1888	-1,5041
6,0204	-1,1108
-0,5334	10,4888
-7,5454	-10,3515
-7,0215	-2,3560
-10,4292	6,2946
-22,1603	-5,7641
-9,1841	-1,4386
-20,2598	6,2289
-8,7253	2,8867
-15,2134	7,6053
-4,2689	6,6223
-14,3613	3,0836
-0,0747	17,0427
-12,7885	7,1466
-12,8541	6,1637
-7,6111	6,2945
-2,1720	-10,4172
-9,9705	-9,9584
-5,7109	-6,0263
-8,0045	-9,8928
-9,9051	1,2484
3,1368	-4,2566
2,4815	7,0811
18,8657	-0,5866
26,2713	0,8552
38,7888	-4,5189
25,7472	-11,2036
28,8929	-10,9416
10,2150	-9,3688
9,3629	-20,7720
-3,4824	-14,0216
-15,9344	-2,7496
-15,9343	-7,4026
-21,2431	-4,1911
-18,1627	5,8359
-30,0249	3,0179
-19,0146	10,2269
-17,6385	-0,9797
-8,5943	7,0814
-15,4100	21,8267
7,9866	5,9671
-7,8076	7,0158
12,1810	15,0766
9,7561	7,8021
12,6396	11,6032
2,8749	-2,1595
7,8554	-7,7300
-1,3195	-6,6816
12,5738	-12,7764
-3,0891	-15,5945
2,2192	-4,7156
0,8431	-4,4535
-5,5796	2,1002
4,3165	-2,9460
-6,8904	6,6879
6,6758	8,5228
-7,0868	2,0349
21,1594	-5,6329
4,8408	-0,5867
15,7855	-6,3538
11,0013	-1,6353
13,4916	2,4934
6,4139	-5,5672
18,6033	13,5036
3,8578	0,5274
11,3288	0,7242
2,7437	11,6031
-4,0721	4,7874
7,3313	7,7366
0,9086	5,3117
16,2442	3,6078
2,4816	17,2391
19,5867	6,1635
6,7415	-2,0283
15,8510	7,9330
-0,3364	-2,1595
9,2972	-3,6012
0,7776	0,5930
3,0712	-3,5359
-1,5817	4,7872
3,8577	-2,6184
5,2997	-7,7955
8,1175	8,0640
13,0987	-3,7981
16,5061	-6,2228
10,8703	-0,9144
1,2364	-7,8612
17,4895	1,5104
5,2996	-0,7177
19,3244	4,5252
8,1833	5,1804
15,2611	-0,8488
3,5958	-13,4316
19,3898	1,3794
0,9743	-5,3710
17,3581	-17,1019
1,5641	-12,9076
13,8847	-15,5947
7,7244	-14,8738
5,2339	-19,1336
1,3019	-11,8590
-11,4777	2,7554
1,9573	-11,1381
-5,7108	-3,0114
-3,7445	4,7872
-17,6383	-2,8804
-5,8417	6,9501
-12,1987	-0,7177
2,9401	6,1637
-3,0235	3,6733
18,1445	3,0835
3,7268	4,5253
11,7221	15,9941
7,8555	12,6517
0,8429	18,0912
4,5131	10,8823
3,2679	9,9650
10,6081	25,9556
13,7539	8,3919
24,6329	1,1831
7,3969	5,8359
16,8341	-5,3051
0,1222	-0,7176
8,3798	12,1273
0,5810	1,8383
13,7536	12,1275
1,9573	2,6902
10,9355	4,5253
-0,9263	15,5352
1,7605	3,4766
7,7899	1,8384
-3,3515	7,8020
10,4769	2,4281
-7,4146	3,1489
4,9063	-4,5188
-7,6111	0,9862
6,6104	6,0323
-1,5817	-2,6184
10,8702	-5,5674
-2,4336	0,3309
14,9989	10,6200
-0,3365	11,0133
8,7075	3,2145
16,3752	5,9016
16,9650	4,7217
17,9483	-1,0455
24,6328	-10,2205
26,5991	-7,4025
21,6838	-13,6939
21,8806	-0,6523
19,3245	-4,9777
32,4973	-10,8103
1,1711	3,1487
21,6839	-7,2059
9,3630	-4,6498
18,8656	3,2144
3,7924	-1,8974
18,4723	0,4620
8,8387	-0,7833
18,0790	0,7896
10,3460	11,2097
16,5717	-2,8805
17,8826	3,4112
10,0181	15,4041
24,9606	7,2778
9,1006	4,1321
11,8535	7,8021
-0,7295	-0,1279
22,9944	-1,0454
0,7777	1,7071
20,3076	5,8359
14,4092	13,2414
27,6476	5,2460
15,2613	2,5592
19,9143	0,1999
13,1641	2,4936
17,8168	9,5715
6,2171	0,0688
6,4135	5,0496
0,5155	8,6540
9,8871	1,2484
5,5618	-5,5672
0,1223	0,6584
10,0182	-8,6478
-5,0552	-15,3325
-0,0088	-14,9393
-10,5603	-21,4929
-7,7423	-7,9925
-14,4925	-17,7574
-5,9075	-17,3639
-18,9490	5,5080
-9,2499	-2,8807
-17,5727	-0,7833
-9,3154	3,7386
-6,5627	4,7219
-5,2521	11,1444
-5,2517	8,1953
-1,2542	8,5887
3,5957	22,7442
-2,8925	5,1807
6,2827	2,3628
-7,3488	15,7975
4,3822	7,8020
2,8092	9,2439
9,4937	-1,7663
-9,2495	-0,7831
4,7095	12,5205
-1,0575	-4,0601
3,7921	-3,2080
2,2850	1,8381
7,5278	-0,5212
7,9865	9,1127
2,8091	1,8382
0,1878	10,2270
-2,2372	12,9794
-6,2347	9,0473
-4,8585	1,1174
16,3096	8,9161
-4,1376	0,0686
11,8532	-14,6769
0,4499	-15,7912
12,6395	-16,7088
5,2341	-13,6287
7,0034	-23,7213
0,9087	-29,7504
6,6756	-8,0580
-14,6234	-8,9101
-17,7039	-9,1064
-23,0123	-2,4872
-30,1559	-5,6985
-28,3207	0,0032
-23,0779	-4,3223
-11,5434	-7,0093
-10,3638	-0,5868
0,1221	-2,4218
-10,3635	-2,2906
14,6712	10,4233
3,2025	1,6415
13,6228	3,2800
12,1156	-7,6646
24,3705	-12,6453
16,0476	-8,9099
18,8000	-14,6772
13,8850	-12,3833
16,9650	-6,8128
8,7076	-16,7742
4,3822	1,4448
18,9312	-8,3856
-1,2540	-2,3562
12,5088	9,8335
0,3189	7,0810
15,9165	7,5400
2,6126	20,9747
12,6397	7,6053
12,5086	-4,3221
7,6587	2,1658
-0,9919	-7,0748
-5,7763	1,6415
-16,6551	0,0685
-16,9176	-0,0622
-11,4124	12,9794
-13,4442	12,5206
6,2825	16,6496
-2,5649	19,5987
19,3245	17,5016
12,6398	25,1692
20,7008	8,6541
7,7903	12,8485
26,5335	16,6494
10,1494	3,9352
20,8316	-4,1911
0,5155	-2,0286
9,4938	-12,1866
-1,5162	0,3964
-3,5480	4,0007
-6,5624	5,9015
-2,7616	20,4505
-3,3513	16,1253
-13,7062	24,5141
-8,2665	43,1263
-23,6676	41,6846
-10,1016	37,0973
-19,8011	33,2961
-8,3322	30,2813
-11,7399	23,7276
8,4452	10,3581
0,1223	3,9356
13,6226	21,8922
9,1663	4,7218
9,4938	7,2124
5,7584	11,7997
8,9695	2,6248
6,8070	10,9478
4,9717	6,4913
-0,4676	8,0642
-7,5456	3,0178
-1,1230	-7,2056
-13,6405	-4,1255
-7,2180	-3,2739
-22,0291	-20,3132
-12,8541	-7,2715
-22,3569	-12,0556
-7,0216	-9,6308
-21,6359	-4,5190
-4,2034	-7,4026
-3,9411	-8,8443
12,3116	-3,4704
-2,3681	-6,5505
4,3165	-0,2589
11,8534	1,6416
6,8069	1,0519
21,6183	13,7658
9,7561	9,7025
17,9483	4,0011
6,0861	12,9138
18,8002	0,3309
10,0839	5,4427
24,8295	4,5906
21,8805	-9,4340
33,8735	-3,9945
23,3878	-3,4704
21,6182	-6,8126
20,7008	-4,1913
12,3774	-9,3030
11,5257	-4,8464
10,9357	3,6076
9,1008	-2,6837
2,4161	3,6733
17,0961	0,5931
1,4985	8,2610
17,8825	25,3657
3,7922	8,9818
15,5232	13,7005
-0,1398	19,9263
16,5063	11,3410
8,2490	4,0010
23,9774	10,6855
14,0161	-4,0600
19,3244	8,9817
23,9776	-5,7641
29,0892	-3,6012
22,9291	5,5736
22,2081	-10,2205
27,3202	-5,8951
20,3731	-9,2375
28,7618	5,1804
2,3505	4,8527
6,4793	-0,0624
-13,0506	-2,0940
1,1051	12,4551
-17,2451	4,2629
-15,4756	4,0010
-16,6553	0,7897
-12,7889	13,1106
-17,7693	24,6449
-2,8928	20,9094
-2,1061	10,3583
1,1706	18,0915
3,7268	19,0744
3,3989	11,0789
7,1347	7,4088
5,5618	-1,9629
9,1007	-2,6838
0,9089	0,8550
16,2441	-9,3031
-0,8607	-5,8297
11,1978	-14,6770
-0,2709	-8,4510
6,0203	-2,1598
-6,1691	-6,5506
2,6125	-9,1720
5,6273	-14,4148
4,2507	-8,9098
3,7266	-5,5020
-2,1717	-7,0093
4,7099	-7,6646
-0,0089	3,6074
14,3438	-11,0071
11,6566	-2,4216
16,4409	-1,3731
1,6298	-7,0745
15,4578	8,2608
3,4647	-1,3731
12,2463	-7,0746
-0,8608	-3,5358
2,2849	-10,0240
11,6565	-6,8781
4,5784	3,0833
-0,2707	-3,7979
18,7999	8,7849
21,3560	-5,1087
11,1323	-3,7978
16,3099	-6,0918
6,9381	-14,5458
9,6252	-7,0093
1,7608	-6,3540
16,7029	-12,0556
-3,5476	-3,0772
12,6397	-5,4364
2,7437	5,9014
6,0860	14,0278
7,2002	1,3140
9,4937	13,5694
2,6782	13,9625
7,1345	8,9818
4,9719	10,2269
-2,1062	8,9817
2,8748	2,3627
-7,9389	11,1444
6,0860	5,9671
-2,3027	4,8531
10,2803	18,2224
-4,4653	6,4258
9,4283	7,2124
-12,7883	12,9138
9,4283	2,5592
-5,3829	10,8822
-1,8440	7,4087
-8,8563	-1,3730
2,6125	13,2414
6,6758	-6,7471
6,0203	-5,2396
16,0475	-6,1572
8,5763	-7,9268
13,8194	-4,3878
2,6780	0,4618
-1,4505	-3,7324
-0,6643	4,1974
5,6927	-5,7640
-7,2179	-1,4385
0,6464	2,7556
-2,5647	0,0687
9,7559	11,9963
1,6952	9,7026
22,5355	12,9140
22,2081	17,3703
24,8949	4,6564
21,1597	9,5716
25,3538	14,6178
22,7979	9,6371
10,8049	19,7299
13,8851	26,2177
7,6589	15,8632
10,1494	23,8585
-3,3511	16,9771
16,1787	-3,2735
1,3020	0,7896
18,6035	-14,6770
3,6614	-13,4318
24,0429	-0,6523
11,5913	-16,2499
16,3752	-0,9798
19,3900	-1,4387
13,9503	-3,3392
9,9528	-0,8489
4,7752	-10,4827
9,6906	-8,7130
-4,9897	-1,5042
14,6058	-0,3246
-6,6281	-0,3245
9,6250	4,3285
-9,3805	-0,3900
6,6757	13,5692
-12,9195	7,3433
0,7118	15,6667
-11,9365	34,1477
2,0881	18,2224
-0,5988	16,1910
1,2362	17,8292
2,3505	9,1128
4,1852	7,2777
3,2680	-9,7617
5,4961	-8,1888
14,2127	-1,3078
11,1324	-12,7764
21,7494	0,7241
15,3268	7,0811
28,8273	11,0133
20,7008	12,9139
28,1064	3,2145
24,8297	-0,2588
34,9220	2,8212
19,7834	-9,6308
24,9605	-9,0408
19,2589	-2,8806
12,0497	-14,4150
12,3122	-17,3639
13,5570	-15,1359
7,2003	-15,3325
-2,1714	-7,0095
9,2974	-9,1721
-8,4630	-1,7009
-0,4676	7,3432
-19,6697	10,5545
-0,8610	10,9479
-29,0415	23,0064
-15,6068	13,1761
-21,5050	16,5186
-8,9878	13,6350
-14,0993	13,6351
-3,4171	31,7884
-6,1037	15,2733
2,0881	19,7953
2,7436	6,3603
1,8261	-0,9142
18,0792	-2,0283
1,4330	2,1002
18,9313	-7,3368
9,6906	7,0155
17,0306	1,4449
-1,5815	-3,7323
24,8294	1,5105
6,8725	2,4935
12,3775	7,3432
7,2658	7,2777
9,4283	6,2948
12,5742	9,9648
12,3773	12,7829
3,3992	2,1660
2,8747	4,7875
11,8532	-1,7664
-5,9727	-1,6351
8,6421	6,0979
-1,5163	3,6077
4,4477	13,7003
2,8091	8,7196
9,1005	10,6204
-8,5285	19,0743
15,0644	3,8044
2,4160	3,2802
16,9648	2,8868
2,3506	-4,9776
17,8824	-6,8782
6,8071	-17,3640
19,9141	-17,6916
18,0137	-8,2546
10,6736	-18,5439
18,8001	-17,3641
5,7583	-10,2864
14,4092	-20,3133
-4,3996	-13,6285
14,4749	-7,2061
7,5935	-13,8907
12,9019	-14,9393
6,0207	-18,4128
19,7175	-27,6534
4,3822	-19,9857
10,8045	-24,5078
2,6782	-27,3912
7,2000	-23,1314
2,1539	-21,3619
-3,2857	-11,5316
3,0057	-17,5610
-7,9390	-23,9176
-5,1207	-1,5699
-12,6575	-10,6794
5,9548	-10,9414
-8,1355	-9,2376
5,7582	-6,4195
-9,5771	-2,2908
10,4768	2,3623
-3,1546	5,7704
8,8384	17,3048
0,7121	19,7297
-1,1885	19,3366
6,6104	17,5016
-0,0747	15,2733
4,3166	6,2293
-2,3683	-0,9141
10,7392	-6,9436
3,9889	6,6879
22,8635	0,7239
7,7902	-7,1402
14,0162	0,6584
10,0184	1,4449
26,7300	5,6392
11,1980	-2,8148
26,7300	0,5932
18,8002	16,3872
17,7515	4,8529
15,1957	-0,7175
11,0011	17,1736
8,3143	1,1173
5,0373	5,5083
-0,2709	4,7872
-0,1400	-9,4340
-0,0090	4,5252
-20,9151	-6,4850
-7,0870	0,7896
-24,8473	-0,7179
-8,7910	-4,7810
-20,2598	-0,1279
-2,8928	6,0324
-20,5873	0,2653
-0,2057	1,1174
-5,9729	9,3748
-4,2689	5,5082
-2,8271	11,2754
-12,3955	11,3409
-16,5241	19,9918
-22,4225	22,7443
-8,6598	18,6157
-15,3446	27,7906
-0,4677	12,4553
-6,1693	16,1909
16,8995	13,5037
6,1517	-1,5696
27,1888	4,0010
16,7032	3,3454
23,5187	-2,0287
10,6083	-7,2060
16,4407	-15,5946
4,3822	-12,3832
10,0179	1,3137
2,1538	-5,6985
1,0395	4,3943
6,6758	16,5839
-11,2156	7,6710
6,3482	5,6393
-8,2010	-5,2398
2,4814	-10,5481
-12,5919	-1,1111
2,3505	-10,1551
-6,6280	-6,8782
8,9697	6,1634
7,4624	-7,6647
10,7391	-9,6306
4,2513	0,5275
26,7298	3,5421
15,7199	4,9839
16,1785	-4,7154
9,8874	-1,4386
10,6080	0,0686
13,8850	-3,0771
3,5956	6,6878
14,6714	2,8210
-0,0743	-3,6013
13,8196	1,3794
9,7561	1,1171
11,8534	-13,7595
7,2003	0,0686
10,9357	-10,4828
-6,6934	-8,3200
6,6756	-0,2590
-0,4677	-1,3076
1,6292	1,9039
3,3990	10,8165
11,5908	3,4111
13,5571	6,1636
11,8531	-0,5867
18,4070	-13,3005
13,0329	4,2629
24,0431	-13,5629
10,3461	-7,7956
26,7956	-4,9778
8,8387	-10,0240
11,6567	-8,6478
-1,1885	-7,2060
-5,6450	-18,2816
-10,6257	-12,1212
0,5806	-19,5924
-7,4146	-15,9878
-4,1379	-10,7450
2,3503	-17,4952
-5,3175	-1,1111
2,2195	-7,7958
0,9740	-1,7662
9,4284	11,7341
-7,3490	5,7048
7,3312	4,7875
-14,2958	14,2901
4,3165	-2,8149
-5,1862	1,7070
1,0396	-11,3347
-7,4800	-11,4001
0,9084	1,4448
-19,5386	-2,9460
-0,2714	-4,4532
-6,7593	5,7048
-9,7741	1,6415
-8,2666	-0,6522
-11,3468	0,7240
-7,7422	-11,5312
-16,6552	-1,7663
2,3503	-8,2545
-18,0315	-7,8611
-1,4508	3,2798
-18,4901	-7,2059
-0,0092	-7,7956
-20,4563	3,2799
-1,2543	-5,8951
-2,3684	5,6393
2,2847	4,4596
6,2171	-0,4555
13,9502	6,8845
13,2953	0,3308
19,4555	-2,0285
21,0286	1,9037
5,4308	2,5591
13,9505	6,1635
-7,6766	3,4767
-2,9579	2,8869
-13,0505	10,9478
5,2995	-5,1741
-4,8587	-1,1108
-7,0212	4,1319
-4,4653	-3,0115
9,2315	-1,1764
-2,4338	-0,1278
4,2508	4,1321
-3,2201	23,4651
-2,5650	4,2631
-7,2178	11,6688
-15,1479	15,7974
-3,6790	5,9670
-22,4881	6,8846
-12,7230	0,3310
-28,6485	4,0664
-15,0170	9,1781
-29,6314	-11,3346
-12,9854	-8,7786
-25,5026	-3,6015
-4,0724	-12,0558
-11,9367	-16,7741
-4,7933	-5,3710
-6,8902	-6,4195
0,5152	2,0348
1,2363	1,5759
-13,4439	-7,5333
-1,3195	10,1612
-4,9898	3,0178
3,5956	9,3093
-9,6427	5,8360
5,7583	10,0959
-8,7907	15,6009
5,2340	12,4552
-5,6451	5,1152
6,2825	15,6009
-8,7908	5,1151
-2,0406	11,6033
-10,6914	22,4166
-2,8273	4,6564
-6,8904	8,9165
-8,8565	16,5184
-5,7106	7,2780
-8,9875	23,2031
3,0713	14,4868
-11,6090	12,6520
-0,1399	23,7275
-13,8371	18,6157
7,3967	22,0891
-8,0043	15,6009
11,4600	6,9502
0,0567	9,5714
5,0374	-6,6815
-3,0235	-10,3515
-2,7616	8,9814
-6,0383	-6,2884
-4,4002	-0,9798
-10,1016	17,0424
-11,4780	-5,3708
-7,4801	-1,1108
-10,7571	-3,9290
-4,0722	-1,2420
-8,5288	10,0301
-2,8925	-2,3563
-11,8054	-5,8949
5,7582	10,5545
-8,7908	7,8021
5,2995	10,6858
-4,2031	15,6665
17,9478	12,0621
-4,5963	16,5840
11,3287	13,7004
8,0520	8,6540
5,6270	3,4111
0,7776	2,2968
0,3842	0,9862
1,8916	-3,8635
-7,4146	4,5251
0,1222	2,9524
-5,5141	3,0179
-9,8394	3,2801
-12,9196	8,5230
-7,6113	7,7365
-11,6744	3,3456
3,0056	5,3116
-10,6258	-8,9752
1,0395	3,2143
-13,5748	-9,1720
6,4133	-11,5313
-8,9219	-2,8806
-4,3344	-13,0387
-2,6305	-12,2522
-8,3978	-0,2591
-10,4948	-9,1065
-22,0292	-6,6160
0,0564	-7,1404
-16,8519	-15,3978
-6,4971	-3,8636
-19,6042	-13,5630
5,1683	-7,4681
-5,1864	-5,0435
-2,0407	-13,3664
-16,1308	-16,7086
-14,3617	-3,4703
-22,7502	-4,1258
-22,8160	-0,2591
-18,6214	3,6076
-16,5900	-1,2419
-0,8611	10,8824
-6,6937	7,9331
8,1177	11,1446
-3,8098	16,9116
18,5381	2,7558
0,5810	6,6881
15,9166	4,7874
3,2025	2,7559
17,8824	8,5883
2,6781	5,3117
8,7074	4,1976
7,2002	7,9987
16,5062	1,7728
10,4115	5,9670
19,5864	-5,0431
16,5719	-7,2712
6,3482	-3,4048
15,1302	-8,1890
-1,1229	-13,6284
10,0183	-2,4218
-6,6280	-13,8250
4,5786	-3,8635
-20,8494	-4,2568
-0,3366	0,6586
-7,7424	8,4575
-2,4995	14,6834
-8,7908	10,2926
-2,6305	24,0550
-3,8755	8,1953
-0,9265	14,0281
-0,4020	10,5545
-0,2711	4,5909
4,8409	17,9602
5,8893	4,1974
5,9551	-0,5208
1,6951	8,3917
2,9404	-3,6668
-4,7930	2,6247
-0,6643	4,3940
-11,5432	6,0981
3,5299	16,3217
-9,1841	14,6833
3,9230	18,2225
-13,6405	26,2834
-4,7932	18,5502
-0,8610	22,0238
-6,1041	28,1183
-13,3127	12,3242
-7,4147	11,6033
-3,7445	8,7195
-14,6237	-2,7493
-4,2688	7,1467
-18,8834	-0,6522
4,1853	5,7050
-7,1525	11,0133
5,1029	1,0519
-8,0042	-3,4047
10,2148	-11,2035
3,9234	-19,7889
12,9017	-19,8546
5,7585	-25,8840
18,9965	-22,4760
8,2488	-12,1214
-1,6472	-19,1992
3,5302	-13,3664
2,0881	-13,4320
1,4329	-12,9078
-11,6743	-15,5291
13,5572	-7,4026
2,5471	-9,0409
16,1787	3,6730
4,9720	-9,5652
15,6544	-6,8781
0,8431	-0,7178
10,6736	-5,8951
3,9233	6,8845
7,9208	12,7171
6,1516	11,6688
11,3286	23,5308
0,1222	9,9648
-7,5456	12,9797
-0,6643	23,7275
-14,0338	19,1399
-11,4778	20,9095
-12,5265	24,3829
1,6950	17,1083
-4,7275	23,8584
12,5742	0,8552
5,5619	2,1660
22,4046	1,1828
6,9382	-1,5043
14,4091	-1,6353
5,1686	-3,5360
4,3818	-11,2035
-4,0066	-0,9800
-6,1696	-7,3370
-7,4146	-6,8125
-17,8350	6,0326
-9,9048	9,1782
-18,4902	-4,0598
-4,4654	10,6857
-12,3952	0,0031
-0,7954	-4,3222
-15,9342	-8,7788
1,1051	-8,5822
-17,8347	-9,8929
11,3943	-16,4466
4,9718	-22,2135
16,3096	-11,9901
18,4069	-12,2523
12,9017	-9,8929
11,7222	-6,0918
1,8916	-4,5842
-0,7952	15,6663
-3,4823	5,6394
4,3165	7,0158
-5,3829	13,3727
6,0861	15,7321
-3,8755	24,3828
11,9188	16,7151
0,3844	17,8949
17,8171	21,1061
13,2950	17,5672
19,6520	8,7198
14,4748	12,1930
21,9458	-3,7979
21,0283	-7,0092
2,2849	-10,3518
7,0693	-21,2307
1,4328	-7,4026
5,1686	-3,4704
-2,5649	-3,0770
2,2849	2,9523
-7,2834	-2,1595
6,2827	-4,1254
-4,0066	6,8189
4,9063	0,7241
-7,8733	1,6417
-0,4023	9,5058
-15,1478	-2,6837
-4,7932	11,6031
-3,8756	6,4912
2,8089	-0,3899
-7,5456	6,4258
-1,5164	0,9863
-2,1061	1,4451
-5,6452	-2,2905
-4,4653	0,9208
-13,6405	8,8504
-2,1716	-1,5043
-16,0652	-6,1571
4,9718	1,9692
-9,2495	-4,5845
9,5593	-8,9753
-6,1038	-12,7109
2,0882	-9,6308
1,1708	-6,3540
8,0519	-22,4103
5,5618	-5,9607
1,3017	-6,7473
1,8918	-14,9392
0,3187	-11,0068
7,1345	1,8380
-11,2156	-6,0262
-1,3195	1,0518
-10,4947	-7,4025
6,0203	-0,8489
-18,4246	-2,2251
0,5153	-12,8420
-10,2982	-12,5796
0,4497	2,2313
-7,0868	-4,5845
12,8360	-15,4632
4,5130	-9,8274
5,2995	-15,0047
9,5596	-9,6964
16,4405	-17,2986
9,2974	-14,6770
7,8555	-2,9460
8,9698	5,4426
1,8918	12,1929
13,0329	12,9139
-4,3997	5,7706
7,5278	26,2833
-11,8708	15,0110
2,4814	11,4723
-8,4630	28,9702
8,7073	11,7342
-1,3852	8,3921
10,2803	18,8776
4,8409	9,5058
7,6588	2,4282
8,2488	7,5399
0,5153	7,2778
6,7415	3,1489
2,8091	-4,7809
10,4115	-8,5166
-0,0744	-12,9075
11,6567	-13,6940
4,3821	-11,4002
11,0668	-2,6840
4,1201	-7,9922
20,6350	7,5398
13,1643	1,8382
34,0700	0,1345
29,4172	9,7681
36,2984	0,7241
36,0365	2,1004
34,9221	-0,1278
26,8613	6,7534
16,1132	12,1929
17,6861	4,5251
2,2849	-3,1425
15,9822	6,2290
3,7922	-12,4489
16,5063	-5,8296
-3,6789	-9,6309
8,7730	-12,7765
-12,2641	-4,3880
0,2531	-7,4681
-6,8247	-11,5968
5,1027	7,2775
4,3165	-13,3664
13,0328	-8,0578
12,9020	-4,6502
16,6374	-13,8251
19,1934	-8,8444
10,7390	-8,1235
6,7414	-6,5505
-19,6699	4,3285
-13,8371	-3,0116
-30,7457	0,0032
-22,6847	4,7872
-34,3502	-2,5528
-25,6994	5,6393
-29,1071	13,5035
-3,1551	10,0959
-14,2959	19,2709
6,8722	6,1636
2,0228	-0,9141
10,2802	12,1930
10,9357	7,2777
2,6781	2,1006
8,9042	20,7128
1,6951	24,0551
12,8363	24,5139
2,0884	16,0599
9,8872	24,6452
1,2363	28,8392
9,8871	8,3920
2,0229	5,0498
22,4699	14,2901
5,1686	5,0495
21,2904	5,3772
12,1812	0,8550
31,9728	-10,7447
19,1934	-10,4171
11,6567	-17,5606
11,4602	-12,2521
-1,7129	-6,3541
5,2995	-6,1574
-19,1456	-5,6985
-6,3004	-2,0284
-6,8904	3,3455
0,3842	6,6222
-6,8247	-10,1549
6,7413	-2,2249
-3,6134	6,8845
5,9549	-2,3561
2,0883	8,8507
1,9571	10,0302
2,4160	5,7705
7,9209	11,6687
8,9696	7,1468
2,2193	14,7490
10,9357	17,9602
-7,9388	3,9356
6,2172	8,1299
-7,6765	14,2246
11,0013	7,5399
-9,7081	11,6032
4,3166	12,8483
-8,4631	12,4552
0,7774	13,8313
-8,0042	-2,0939
5,3649	-6,4191
-2,4336	0,8551
0,8430	-10,8759
1,8261	-6,6815
-1,1888	-3,0116
-0,8609	-2,9460
-3,4824	1,2483
5,4307	-3,9291
-0,4677	-2,8148
6,4139	5,4425
4,7097	-3,0770
16,7030	8,7850
8,4454	1,7727
23,9120	1,1175
10,8703	8,3918
26,6644	1,5760
6,8726	1,7726
16,8339	12,3893
3,2026	-0,1934
18,9310	4,5254
19,7832	15,1422
17,5548	17,5670
24,8296	23,8584
13,9505	9,8336
29,2861	6,5570
21,2250	13,8313
25,8781	-0,5866
4,3822	-0,7831
20,1763	3,2144
2,6781	3,4767
12,2464	17,3703
3,5302	13,9624
13,7537	9,1128
10,5426	16,0597
3,2024	4,0666
7,0036	8,9819
-4,4655	21,3680
-2,8925	16,0596
-13,9028	21,8924
-3,0236	15,4043
-13,1162	13,5038
6,4136	17,0427
-7,4799	4,7875
18,0793	8,3920
3,9890	9,9647
18,2759	7,0812
8,7076	5,3773
15,2610	5,4426
-9,5116	-2,4872
-5,4486	4,3284
-9,7083	-15,7911
-5,2522	-6,8782
-8,0043	-7,0750
-1,0577	-15,2670
6,5446	-16,5776
-8,8564	-12,1213
0,5154	-23,7867
-16,2620	-14,4151
-9,0530	-22,5416
-23,9953	-18,6748
-3,5480	-6,2231
-14,6892	-19,7234
-2,4995	-9,7617
-15,4754	7,0154
0,9739	1,4449
-6,9557	8,7850
0,1875	5,4428
-6,7591	12,6518
-4,4656	18,3534
0,4498	10,7513
-2,6306	9,4407
-2,3682	16,1252
-10,6258	5,3117
-2,5648	6,9502
-12,0676	13,5692
1,6294	8,1299
-16,8518	23,3342
-0,0090	17,7636
-21,7671	24,5796
-16,1310	23,7930
-23,7987	15,8633
-13,9686	14,4870
-24,0609	20,9093
-14,8861	4,8529
-24,5196	7,8677
-13,7063	0,1998
-14,8857	1,5762
-9,7741	9,8336
-12,4609	2,8867
-13,9682	-4,5187
-3,6789	11,7997
-13,8371	7,6054
6,7414	18,0258
-3,6134	12,6518
4,8408	8,7854
-0,5985	16,9773
19,1276	8,6542
-1,1883	6,2293
19,3898	11,0133
12,2464	8,8506
12,9673	10,2924
13,4918	15,2731
17,0961	4,3942
22,0115	10,9478
6,1516	-1,5041
17,4239	2,9524
-4,2687	-0,9143
-3,0890	3,2801
-16,6549	6,8845
5,4961	5,4427
-9,5771	5,3773
11,3944	16,9116
6,2828	2,8212
22,8633	2,4282
16,6376	0,0686
25,7469	-16,4465
16,2443	-15,7256
10,9357	-17,9539
8,1834	-18,6747
-4,1377	-5,6987
-0,5331	-14,6770
-17,9659	-14,6114
-5,7105	-2,0941
-14,0993	-9,2375
-1,7785	1,9694
-14,2958	7,6054
2,8747	4,9185
-2,2372	6,8190
2,9402	0,0686
-1,3196	-9,6963
-0,7956	-12,1867
-13,3128	-11,3349
-18,6214	-6,9439
-11,4124	-5,2399
-19,2770	-4,3223
-13,2473	0,7240
-24,0610	0,4619
-3,0891	-2,8804
-14,4270	2,8212
5,2996	0,1998
-2,2370	5,4426
11,5911	4,1973
2,0230	-6,8127
20,3072	-9,0408
6,7414	3,0833
14,1469	-6,4194
4,0544	3,4766
5,2995	5,7047
-1,7129	3,1490
-14,8202	10,5545
-7,4146	7,6710
-17,9005	14,1591
-4,2033	20,7781
-18,1626	9,7026
-2,8926	10,8823
-12,1987	11,2100
-4,2688	10,4236
-10,1669	12,8484
15,1954	8,6540
-5,1862	10,4891
10,7389	11,9963
-0,4675	5,0496
7,0034	5,4428
2,7438	7,2777
4,9063	-2,1593
-0,5986	8,6540
1,2362	-2,0284
2,3504	5,1151
-5,7762	9,8336
4,7753	0,4620
-5,7762	3,4768
6,0205	7,7365
-2,8269	8,8507
7,7899	19,4020
-6,3657	22,8753
14,6712	8,3920
-6,8246	20,4507
8,7073	15,2732
-3,3512	8,2608
-1,9751	4,9184
-2,7615	-6,2226
-5,1866	-0,7833
-8,9219	-9,3686
-10,1018	-6,6816
-7,3490	-6,8784
-12,5920	-22,2793
-5,3173	-11,9900
-13,5094	-7,9925
10,2803	-12,0556
-6,3003	-7,0747
15,3923	6,8844
0,3190	10,3577
19,5209	8,9817
7,9210	6,0981
9,8214	5,1807
-5,1860	13,0448
8,3142	1,3795
2,6126	7,9987
-4,4655	10,4234
3,3991	1,1830
-10,8881	8,0642
-2,8270	9,7026
-14,6235	0,6586
2,1536	10,8822
-18,6869	1,3795
-5,2518	6,2292
-16,6551	7,9331
-4,5965	7,4088
-6,2349	13,9624
2,6123	7,6709
-4,5308	2,1005
2,4158	6,4257
-3,1546	-3,8634
3,1366	-7,9922
2,5471	-2,8149
7,3311	-11,6624
16,2443	-6,0918
16,7685	-5,9608
27,4510	-9,8273
16,8342	-6,4851
24,1743	-15,9223
14,3439	-17,6916
27,7788	-9,2377
15,4580	-14,1529
26,7300	-11,9245
8,6421	-4,1913
14,0158	-1,0455
3,4646	6,8844
8,7073	-7,0091
6,9380	9,1784
8,3141	14,8144
5,8240	14,3556
5,2341	0,1999
4,5132	2,4281
-4,8585	-0,1279
5,4307	-2,6183
-11,0191	-6,0917
-8,0043	-5,4363
-20,3907	2,9523
-17,1795	-0,1934
-23,2089	3,1491
-12,0678	10,0958
-17,7693	10,0304
-7,4803	10,0303
-1,7129	4,1319
-4,4001	-5,6329
-2,8269	-2,3562
-9,0530	-18,6093
-0,1399	-16,5775
-12,3298	-9,8275
1,4985	-9,4341
-12,9196	1,8381
0,9086	0,0031
-12,5919	10,0303
2,6780	11,1443
-15,2788	4,7875
0,9740	0,5932
-8,0698	12,3896
-4,7933	4,0665
-3,4168	1,5761
-3,6791	-5,0432
-1,1229	-13,8905
9,8214	-12,9731
5,8895	-20,2477
1,1708	-25,2285
12,9019	-10,3519
3,1368	-23,0659
11,9188	-19,7889
-9,1839	-10,5484
9,2319	-14,4149
-7,5455	-3,4048
6,2826	-5,5019
-2,8268	-9,4339
9,4938	8,4573
-3,4821	2,4935
9,4939	-5,5018
5,7585	-1,5042
14,9987	-12,0554
-2,2371	2,8211
-11,0190	-5,6331
-6,6281	-13,0385
-16,0656	-5,8952
-8,4632	-7,8612
-12,6576	-6,2228
-8,1353	-1,2422
-1,7130	-13,8906
3,3991	-5,8952
5,8238	0,5274
11,6566	-0,5211
8,9698	9,5714
14,7367	4,9185
1,8264	10,2270
14,0157	13,5039
-1,9749	22,8098
7,0689	15,4045
1,3673	17,0428
-11,6745	12,9142
1,4330	11,9309
-8,3322	1,9694
-3,2858	1,8384
-20,1285	11,2753
-1,9094	1,5105
-12,6575	2,0350
0,6464	21,5646
-9,3151	14,2245
0,8428	11,2756
-16,9173	10,6202
-8,1357	14,2903
-17,9005	15,9286
-22,6192	6,6225
-13,1818	13,6349
-7,9392	14,4867
-5,7762	-0,1934
-7,6114	-0,5211
-0,8609	-11,6624
-10,2326	-12,0556
8,2486	-15,9880
-11,0191	-24,9008
6,3482	-20,5099
3,7267	-15,5292
16,3752	-19,1990
3,7925	-3,4048
28,1717	-8,1890
5,7586	-9,6962
22,8633	-1,5698
10,3461	-10,7450
11,5255	-9,9584
15,9165	-5,3710
5,4305	-1,5699
1,3674	3,8697
-10,4290	8,2607
4,5787	12,2585
-3,8756	22,1545
3,8577	1,7729
-15,8686	4,6566
11,8532	13,5036
2,0884	-7,5336
22,4046	-14,3492
16,8996	-15,9879
23,3221	-30,0125
11,3946	-19,0026
12,4430	-22,7381
7,9211	-16,8398
-0,7955	-11,5314
-4,5309	0,1342
-14,1649	14,2246
-8,1355	19,4675
-7,0214	17,1738
-3,8756	19,7953
-5,3172	11,6687
20,2418	3,8044
-2,8923	2,4279
14,0816	-6,2228
8,5111	-5,9606
18,6689	3,4763
-0,8607	-8,6477
4,1853	-3,2736
-11,2811	2,1002
-15,7379	2,5590
-22,4225	-0,0625
-38,8723	-3,0770
-29,6971	-4,0600
-41,3628	12,9136
-27,1412	-6,2229
-27,3379	-0,8486
-19,8666	7,1465
-27,8618	0,0687
0,5152	-6,7469
-28,4517	1,9692
-5,3830	-2,0284
-20,1941	1,9691
-0,2058	-1,2420
-6,3006	-3,9945
-1,7787	3,5420
-1,0575	-3,4702
-8,3322	-2,1595
-2,4993	0,7240
-14,3616	-5,4364
-14,8201	-2,4218
-17,1140	-8,8443
-0,2711	-5,5674
-15,0166	13,2413
11,1324	-0,3901
-6,1692	11,2755
14,4091	12,1274
1,3673	5,3117
2,0882	3,5423
-6,2349	-1,7006
-2,3684	-3,8633
-0,5988	0,6584
-0,1402	-10,8104
2,5471	-19,8544
6,0203	-15,5290
12,9019	-10,9417
8,5107	-22,4104
2,8749	-8,1892
-2,0404	-16,1189
7,6588	7,0809
-7,9388	5,3114
5,4306	9,0472
-9,0529	10,8822
12,6396	10,5547
2,2193	14,2901
16,1130	4,2630
7,4624	-2,2906
18,5377	-0,9145
9,5595	-15,8566
11,3288	-16,5121
14,1471	-13,2353
-0,0743	-21,2962
16,8341	-9,8930
2,9403	-7,9925
10,3460	-8,3200
-6,2347	3,6076
6,7414	0,6584
-3,1546	-8,0577
13,0983	1,9036
-6,2348	-12,7110
5,6272	-7,2713
0,7775	-0,4558
3,9886	-9,1065
-6,6935	-4,1912
-4,2033	-7,0749
2,1538	-11,2690
-8,0046	2,2968
-8,2010	-9,8274
-17,7695	-9,4340
-4,7276	-7,2715
-24,3885	-5,8297
0,4499	-13,1042
-15,4756	-13,8907
-1,4508	-14,2839
-13,4438	-10,1553
4,8406	-23,2624
-6,4315	-18,0849
4,5785	-9,0411
-5,4484	-18,4783
0,0565	-16,0533
-3,0890	-11,9246
2,2192	-18,9368
5,0374	-7,5990
-5,3830	-6,4195
7,1346	-10,6138
-15,0823	-8,4511
-7,5453	-14,8738
-13,6404	-14,9392
-5,7761	-4,9779
-17,1794	-15,0049
1,6293	-3,6671
-16,2620	-11,7281
-1,9097	-14,0216
-13,5094	-5,5020
-2,4995	-11,1381
-10,0359	-3,2738
0,2531	-10,1551
-5,8416	-17,6262
-1,5164	-5,4365
0,7121	-18,0196
-0,7954	-22,8035
6,0206	-13,3665
-1,9093	-16,4466
8,1833	-7,4681
-4,6617	1,3794
17,2273	6,8846
6,2827	14,2248
28,1718	15,9287
9,4941	22,0891
22,6012	19,6642
10,2150	16,9116
16,9649	7,8022
10,2804	31,0674
8,6417	14,4868
4,6443	12,1932
3,5300	21,1059
6,0860	7,6711
-11,6744	14,4868
3,9889	6,7534
-7,8733	9,5716
12,7051	11,7997
-12,0675	1,8382
13,0328	0,3309
-7,9388	-5,4364
-3,8756	-7,0092
-13,2473	4,1974
-5,5799	1,9692
-19,3424	-0,1278
-19,4735	6,2947
-5,0554	2,5591
-13,4442	4,0010
1,3018	2,3624
-8,0701	5,1806
-1,6472	13,4380
-3,4170	6,7533
-4,5309	0,0034
-15,9342	15,4042
0,3843	9,1782
-13,7715	6,2948
2,1537	16,3217
-11,2156	10,4235
4,3163	18,6156
-3,2202	18,0912
7,7897	13,6349
4,1200	25,1036
11,9841	12,2585
3,9889	9,9649
-1,3196	16,1252
1,7607	10,3580
-11,4123	14,4868
-2,6304	9,5061
-22,2912	9,5716
1,8262	8,1298
-7,9388	5,6394
15,0645	8,7850
4,0545	5,3116
20,3730	2,4935
20,0453	-1,1108
24,7638	7,3432
16,0478	-3,2080
28,4994	6,2946
17,4240	6,2946
17,4893	0,0033
12,9020	11,7996
11,3289	4,1319
9,4940	6,1638
-10,2981	11,9308
-2,1715	2,1659
-17,2449	-0,9798
-1,2541	-4,8466
-14,3614	-8,4510
1,3018	-3,7981
-6,5626	-12,1211
6,7412	-9,6307
6,6758	-3,1427
12,2463	-4,7155
11,6567	-2,1596
24,1083	0,7895
14,8680	-2,6839
7,7244	4,7872
6,9382	-3,8636
-0,0744	4,0665
3,7923	8,9815
-8,0699	5,9014
-5,2517	-0,9798
-10,2981	1,9692
11,7220	-1,7007
-5,7761	-3,2081
9,2972	-2,1595
-2,6302	12,0618
5,5616	19,6639
1,6297	6,4914
16,8337	19,0745
5,6274	27,6595
18,4723	7,9333
16,8996	7,0814
11,7877	5,2463
12,2465	1,2484
-1,6473	9,2436
0,5812	-13,1041
3,7268	-9,3029
19,7831	-7,1405
2,4816	-6,2229
19,8486	-3,0118
-2,3027	-6,8782
11,6566	4,2630
8,4453	7,3432
14,7367	1,9038
8,5110	-6,0260
8,4452	3,1488
1,2365	-6,5506
-2,4994	-6,0918
-0,9920	-1,6354
-16,8518	1,6416
-5,1207	15,7318
-10,7570	6,8845
-0,0744	1,1830
-14,2302	9,2438
1,8263	-2,4217
-4,5964	-7,5989
7,5933	0,4619
-7,9387	4,9183
5,9549	2,2969
-5,9726	3,7388
9,1661	7,0157
-2,0404	10,6200
0,1877	-1,3075
10,0181	-2,7491
-2,9582	-1,4385
-4,7274	0,0689
-11,4123	3,9353