-12,6773	-6,5464
-0,8808	-7,8570
-16,4785	5,2502
0,5609	3,2841
-9,8594	8,7893
-1,2084	15,0151
-6,5822	8,3962
7,2457	14,2944
1,6753	12,7869
5,3450	1,9079
-4,8130	-0,3203
-2,0606	-7,0050
-4,4199	-7,7260
-9,3352	4,3326
-0,2910	-2,2866
-2,9126	-4,1214
1,9373	6,4297
1,6750	-0,1237
6,0005	7,7407
-6,0581	7,2164
12,2265	-1,3687
4,3623	-2,0244
12,7508	-16,3113
11,3748	-20,0469
17,0107	-20,5059
7,7703	-25,8143
15,6345	-32,4335
17,7972	-23,2584
15,8309	-26,4041
14,0616	-26,0763
14,7167	-22,0786
6,5904	-13,6898
2,1994	-3,4008
3,2481	-11,0028
-9,1384	-3,7282
-1,8638	1,9733
-13,2672	-3,8593
-2,5191	2,5632
-8,0898	-1,8276
2,1339	4,5294
-2,4535	8,9859
4,2965	6,4300
-0,2907	10,8208
16,2241	9,1823
12,5543	-3,9903
9,9328	0,3351
17,6662	-2,2209
16,4863	-12,7720
18,3214	-0,5825
1,9374	-17,7530
7,4425	-10,8717
-0,8807	-6,8087
11,8334	-23,5203
-0,2908	-17,0322
8,3599	-13,6900
-5,8614	-10,2165
-3,1746	-5,3669
-19,4930	-13,1000
-18,1170	-2,8762
-18,6412	7,8715
-19,2314	2,9565
-15,2335	6,5611
-15,2993	9,1826
-16,5442	11,4107
-25,5227	7,2818
-15,0368	-11,1993
-29,9792	-7,0050
-22,3770	-12,7068
-46,4288	-18,2118
-31,0933	-13,8210
-42,3001	-13,8211
-36,9261	-9,8888
-33,6492	0,4005
-25,8507	7,2819
-35,2220	13,4423
-24,2122	25,8287
-23,6877	20,9136
-16,6755	23,9940
-12,0877	32,0548
-6,9103	23,4040
14,2579	21,2414
1,7405	23,9938
11,8334	21,8310
10,5227	17,5713
33,5260	18,2922
29,8561	20,6516
48,4685	27,8604
54,3015	26,7463
67,9328	21,0448
63,2146	33,4312
72,3895	43,7859
73,5694	45,8830
88,1837	47,7838
90,0846	54,7307
96,3760	60,4323
105,9446	64,7579
103,0608	66,4619
112,4982	78,5206
107,3208	81,2077
109,4180	89,0065
101,4226	88,2202
103,5853	96,0847
87,5945	113,2551
96,9006	109,7816
91,5264	113,4519
79,9919	115,5489
56,0057	116,3354
58,1025	102,1797
43,4223	111,7480
38,3755	111,6823
14,2584	100,3445
-5,5994	88,2859
-13,9882	85,0746
-47,0845	89,2031
-79,0006	83,7635
-105,1500	80,5521
-118,9130	66,1997
-164,9195	54,9929
-164,1333	41,8200
-189,4305	16,4571
-194,6737	-9,4953
-215,3176	-27,7148
-222,7891	-60,6798
-232,2918	-89,9747
-237,4040	-112,3229
-241,1394	-142,9286
-248,2177	-168,0949
-248,4796	-202,6984
-250,2494	-223,2114
-245,9891	-241,4310
-243,3678	-271,6434
-217,9396	-293,2706
-212,0412	-316,1430
-187,3339	-329,4472
-176,3233	-343,1444
-137,9845	-362,5433
-114,5875	-369,3591
-74,0861	-372,1773
-53,8347	-381,7457
-13,4643	-379,0585
10,4569	-364,7720
39,2276	-374,9954
73,7000	-353,9582
103,1914	-356,2517
127,9648	-328,4643
147,6914	-318,4372
183,9990	-300,4800
195,9268	-280,0324
231,0545	-249,3613
233,9383	-229,1102
256,6795	-199,6841
255,6967	-166,5225
270,5734	-144,5019
270,7703	-106,8839
287,7440	-89,7131
283,8120	-73,4596
273,7848	-46,5898
260,8743	-45,8031
248,9462	-34,1374
225,1565	-17,1638
199,9246	-38,4627
167,4184	-22,6030
121,2151	-32,8922
97,9494	-33,2199
52,1391	-39,7738
25,5964	-76,6053
-31,2239	-103,6063
-58,6187	-132,8359
-118,5193	-169,4055
-165,3129	-209,4486
-225,5411	-263,3855
-281,7067	-307,0330
-352,0274	-349,5013
-398,1004	-408,5501
-463,5060	-465,8947
-513,8386	-523,9605
-557,7485	-587,0726
-620,0086	-658,6390
-653,6291	-737,6764
-706,1242	-798,7571
-729,1278	-882,9066
-771,2680	-964,8932
-781,8851	-1038,2948
-817,7336	-1115,9563
-811,9013	-1204,1690
-840,8028	-1285,6313
-835,4290	-1369,0600
-837,7883	-1458,5833
-828,2858	-1526,7420
-811,2460	-1597,6531
-798,3354	-1657,2918
-774,3487	-1695,4348
-750,8865	-1749,9614
-706,3215	-1794,2643
-687,5779	-1830,7685
-636,3935	-1861,6364
-600,2171	-1879,6591
-550,8021	-1883,1329
-506,0403	-1884,1160
-436,7023	-1870,1567
-397,3144	-1855,4108
-338,4624	-1812,8120
-290,5546	-1775,7838
-235,7004	-1742,0319
-189,8899	-1683,6386
-143,0967	-1629,7018
-98,5969	-1571,6358
-76,5764	-1492,1397
-33,7149	-1418,8691
-0,6191	-1318,4667
31,6252	-1223,1761
38,1792	-1141,9101
67,3432	-1053,2383
66,2948	-954,1467
92,7060	-872,0943
80,3853	-785,2579
98,0800	-715,6571
78,7470	-623,1190
86,5455	-535,9551
62,7559	-472,7115
51,5488	-384,3679
33,4607	-323,1563
3,8380	-258,4711
-11,4320	-191,8856
-30,0448	-144,3055
-47,2810	-80,3415
-82,4086	-33,3516
-91,9771	-4,7770
-126,7771	40,9022
-135,0349	70,8524
-166,3614	86,7125
-177,6340	83,8947
-214,8586	88,2203
-223,8375	91,8248
-245,2025	91,4969
-258,5723	79,3072
-269,6479	73,8677
-279,7410	58,7941
-294,3553	49,0946
-294,6834	35,3317
-295,2074	11,7386
-290,8169	-11,3304
-287,3432	-43,7711
-302,9410	-75,1633
-297,0425	-104,5895
-308,2493	-140,4383
-291,9306	-180,0224
-290,8164	-205,3198
-259,0314	-236,5810
-251,0355	-264,0410
-220,7576	-276,8210
-195,5257	-313,7181
-162,8887	-319,1578
-140,1470	-339,3434
-103,0535	-360,3148
-80,3119	-362,0846
-58,4226	-367,7863
-23,7535	-375,7163
-9,3353	-372,4396
25,3994	-381,4180
41,8492	-375,3231
72,0617	-359,5289
77,5015	-357,5626
108,9590	-336,9840
100,5050	-306,7063
115,9061	-293,4675
113,9403	-262,5997
132,2901	-239,8582
119,6420	-204,8616
133,6665	-180,1541
134,9119	-152,3009
128,9479	-122,8091
130,4554	-94,1040
123,5082	-63,6948
110,5322	-31,2541
91,9198	-8,7093
93,7548	16,5225
74,6836	29,4988
72,9140	42,6720
50,7627	60,1046
50,8936	71,7046
29,6598	74,2608
33,5917	89,0721
17,0110	90,4484
11,1779	97,0678
-4,6162	108,6675
-6,7793	105,4564
-11,7599	112,0757
-17,7239	115,6145
-13,6605	115,8767
-15,6924	108,8644
-15,2335	114,3694
-26,1781	123,0201
-13,7916	113,1242
-25,9158	115,5491
-8,9419	116,3355
-18,1169	101,7864
-10,7769	96,2158
-14,0536	87,8926
1,2816	86,3194
-15,2333	61,4157
-12,2187	61,7432
-4,9442	50,7330
-16,6099	39,9851
-18,1169	46,3420
-25,2606	40,7712
-15,8888	28,3195
-18,0515	33,0379
4,0343	24,9115
-5,9927	18,9475
6,4594	11,3454
8,2289	14,2288
14,8480	4,8571
2,1997	-0,2548
12,2266	3,0876
4,3623	0,9247
16,0276	-9,5610
10,7849	-11,2650
24,4818	-17,0322
25,2028	-15,1972
23,4988	-15,8527
34,5747	-18,2774
36,5405	-13,5588
31,5601	-6,6120
33,1330	-7,3328
33,7228	-7,4637
25,6618	0,4004
25,2029	-4,1215
11,1783	-9,2989
23,3023	-8,2503
12,9477	-11,0685
25,0062	-13,3623
14,8482	-21,8165
17,9938	-19,9159
15,9622	-24,5691
14,3235	-33,2198
9,2120	-29,2877
15,3721	-29,5499
16,1587	-36,8243
5,0831	-24,7001
11,0471	-24,5035
3,8380	-24,9622
14,3239	-17,5567
8,4912	-27,9769
24,4164	-23,6515
10,0641	-18,3431
33,5259	-14,6074
13,1443	-11,0685
20,5498	-10,0198
16,0932	-5,7600
12,0297	-1,0414
-4,6819	-2,0243
-8,9420	7,6096
-6,5826	17,3089
-7,9590	4,9227
-2,9126	18,1612
-12,5464	17,7678
5,6728	9,0515
-4,8129	7,4786
12,6852	-2,4830
-2,4535	-6,6116
1,2165	2,1045
-15,5607	0,7939
-5,2063	10,8209
-20,1485	11,5417
-13,0708	6,6266
-11,6945	12,8525
-22,4426	2,8254
-16,4786	7,8718
-17,6584	15,9981
-3,3713	8,3960
-5,4685	15,8673
3,9688	22,1587
-0,9464	22,4209
-2,7157	23,8627
-0,8152	14,2290
2,2650	20,2583
-1,0773	11,4763
7,9010	1,1872
-12,9393	2,3667
-2,5193	-4,7768
-10,1215	1,1215
-11,3013	0,7281
-12,6119	-2,4176
-8,9422	2,3011
-18,2480	9,7066
-17,0031	5,1847
-17,5272	8,1340
-25,3917	15,8672
-17,5928	13,5735
-27,0301	21,1758
-21,4595	20,5859
-34,4355	12,8527
-17,5273	19,1441
-33,9768	7,7408
-22,2459	16,7193
-27,2264	10,2965
-11,4981	2,2357
-14,5780	6,7578
-5,5998	11,9349
-0,2256	10,7553
-1,0777	5,9712
-1,0774	8,3961
-0,2254	7,5440
12,0953	7,4130
-5,7960	3,4810
8,7532	9,1171
-4,9440	15,6707
7,9666	8,9204
-4,4852	4,0707
1,2820	1,1871
-3,8298	-5,0390
3,1825	-2,9419
-5,1406	-1,6312
-0,6843	-3,9905
-5,6649	0,2693
-3,4370	-8,3814
3,1824	-7,2673
-13,9883	-6,4809
2,7236	-7,8571
-11,6290	-1,2381
-2,3226	-11,1339
-13,5948	-3,0728
10,6538	2,8908
6,3940	-0,8447
20,8775	4,3983
21,7295	1,0559
36,0163	4,9882
17,9941	13,5078
32,5430	7,4785
26,0549	9,5757
19,0424	6,4953
19,1736	-7,0705
15,0445	-8,7745
19,0424	-10,1508
12,7507	-7,6604
16,0933	-6,5464
10,8504	-7,5950
20,5498	-7,2016
4,6900	-4,8425
16,0277	-9,8231
-8,2862	-1,7622
9,1463	-1,3689
-8,9417	-0,5169
3,9688	4,7260
-5,8614	3,4153
4,1655	11,6730
13,7338	13,9666
6,3281	4,2673
10,9814	-0,7133
5,9349	12,0661
17,9937	5,1846
-4,8786	2,0390
3,7069	-0,5825
-6,5824	1,5802
0,2988	2,6287
-15,8230	-7,0707
-7,7621	-5,5633
-23,0320	5,1189
-8,0900	-10,4130
-18,3135	-3,5971
-10,9081	-3,1385
-17,3304	-2,7453
-5,7962	-2,7452
-1,0119	-6,1531
-0,6844	-3,5972
7,2458	3,5462
-2,0606	-5,3011
6,4593	-0,1891
-10,5147	9,2480
-2,9778	10,5588
-4,9440	8,6582
8,4909	2,8911
-11,3009	3,2188
1,9374	13,0491
-11,3665	3,3497
-8,7452	5,2503
2,4616	0,8593
-2,7815	1,2526
0,4301	8,2649
13,9958	8,8547
9,1463	3,0877
5,1486	3,3498
19,9599	5,9712
4,1000	0,2696
16,6832	5,1846
4,4277	-8,7746
11,1126	-10,6096
3,3793	-1,8279
13,4062	-5,1047
-6,5823	-5,4322
6,2627	-0,9756
-6,9756	12,3938
-6,9102	16,0637
3,6411	1,7769
1,2816	5,4470
-1,9292	7,9372
8,4252	2,4978
9,1463	5,8401
3,1823	-0,4513
2,9203	11,2796
-8,1553	5,8400
3,6413	-5,7598
-4,8783	1,6458
22,9089	-2,4830
3,3138	-0,2548
15,7656	-3,7282
8,4911	0,4661
11,7022	-12,3135
8,0323	-2,9419
3,3791	-12,6413
-0,4219	-16,9011
9,5393	-6,6121
2,0685	-18,0154
7,5077	-20,3746
11,0470	-20,6368
8,1632	-19,6537
9,7362	-10,4131
-0,9463	-21,6852
3,9035	1,3837
-6,2547	9,3790
-3,3711	11,6730
-5,0095	26,3531
3,6412	19,9961
4,1001	14,3601
13,7337	15,8017
7,1148	4,4639
6,5903	10,8209
0,6266	7,7406
-6,1894	12,0006
0,4298	10,7554
-15,7578	15,4085
-6,1239	14,2288
-15,2991	4,7261
-9,0730	1,1215
-21,1972	0,1384
-2,6503	0,9903
-15,4298	-4,9079
1,4786	-7,5947
-10,8422	2,3665
-0,2910	-2,2865
-10,2524	0,0727
-4,0922	-6,2188
-5,0751	-4,7114
1,6095	-5,8254
8,0321	-6,2185
5,8694	9,4446
9,0808	5,9709
10,0638	-7,9225
7,3769	-2,7452
3,1170	-6,1531
13,2751	-1,8932
1,1509	4,0705
7,7045	-10,0196
-19,2307	1,5802
-0,4221	1,3179
-20,8039	-6,0875
-15,8233	-1,2379
-17,3962	-0,0582
-17,1342	1,7768
-24,7361	3,4152
-7,6967	-0,3203
4,9517	-1,7621
-0,6187	11,2794
17,0107	-4,5801
5,0175	0,7282
14,5203	-3,2696
-8,5484	-13,0344
4,3622	-12,3790
-21,1315	-8,7746
-12,7429	-10,8062
-20,4761	-2,2210
-10,1871	-13,2965
-6,5824	-4,6457
1,3473	3,9394
2,1996	-2,6797
13,1439	2,8909
13,0786	4,9880
15,7654	2,2357
11,3090	9,1169
2,0029	6,8233
13,3405	19,9305
-5,4028	25,3699
5,7385	15,2775
-1,1428	19,7339
13,9962	9,1825
6,5906	2,1048
18,0593	10,2310
5,3456	-2,3519
29,5281	-1,1721
8,5567	12,7869
15,4378	7,2819
4,8865	4,7262
2,6581	15,9327
6,0660	9,0514
-6,3861	4,9227
-0,4875	0,0729
5,1484	-1,2377
17,1417	6,2331
2,2650	-11,6579
11,1781	7,7407
5,8040	12,9179
13,3407	11,1485
-0,4873	10,2967
14,5203	11,4762
7,7702	5,4469
10,8502	-2,2864
10,3916	-14,8693
12,4230	-5,3010
13,0130	0,9901
8,4253	-14,3451
17,9936	1,9080
0,1676	-2,0244
8,3599	-2,2208
2,2647	-3,2694
-0,1597	-6,4807
-5,6649	4,1361
8,0977	1,9077
-11,0389	-7,2016
1,3474	6,1021
-10,2524	-2,4831
-2,3227	-1,9587
-12,2841	0,9248
-4,4854	3,6773
-3,1745	6,6921
-3,1091	16,5224
1,9373	2,9566
1,0197	17,3092
9,6706	23,4039
1,9372	11,6729
7,5735	16,5883
3,7068	12,4594
10,9814	11,7385
2,1341	13,5733
18,1249	2,5633
2,9861	4,3329
9,2774	0,2040
-0,7496	5,2503
-6,1238	5,8401
-9,6627	10,8208
-7,9589	8,2649
-5,3374	6,8886
-9,2697	2,3666
-8,0897	3,8085
-3,3713	15,0806
-5,3374	3,5463
-12,7430	0,8595
0,2332	14,6876
-15,1023	10,7554
-1,7983	10,1655
-12,5462	-2,5485
0,1677	-3,2039
-10,4491	-2,1555
-5,2719	-16,9667
-11,0389	-10,7406
-0,4877	1,7112
-0,7497	2,7598
9,6049	10,5588
7,3113	12,7215
-0,2910	19,5373
8,0977	26,6152
-1,7985	20,6515
5,2795	25,5013
-8,2865	28,1227
0,8231	30,8097
-8,2209	23,7318
1,7407	14,8188
-16,4128	16,6537
-6,9100	13,1146
-7,1067	3,0220
-5,8617	5,8401
-14,3156	10,6896
-2,5195	-2,6140
-14,0537	5,3159
-13,0052	6,2988
-1,6018	2,6944
-1,8641	1,7114
12,7508	3,9396
3,2480	0,0074
12,3577	4,9226
1,6098	1,1870
12,3576	0,7284
-6,4512	-0,3858
6,4592	2,4977
-10,6457	1,6457
-4,7474	-1,0413
-0,8807	7,2820
7,5078	17,7020
9,9329	8,3305
15,2411	13,7701
13,0787	13,8355
7,7700	3,4810
16,9451	9,8380
1,2163	12,5903
11,1780	-1,1066
0,4299	2,6289
3,8379	1,5802
-5,8615	-8,0536
-1,9949	-3,3350
-21,3935	-8,2504
-6,3202	-11,0029
-11,0389	-14,4762
-8,0899	-4,9736
-14,2502	-7,1364
-15,8888	-16,9012
-20,8039	-8,0538
-15,1027	-5,6946
-24,3430	-9,2335
-24,9985	-8,2504
-19,7555	-10,8063
-34,6323	-1,0414
-28,4718	-3,7939
-30,1759	-2,6795
-25,5883	13,5078
-35,0254	16,8501
-17,1996	0,0731
-21,9181	9,1170
-4,8787	3,6774
-7,1067	-2,4830
10,9812	-1,5656
6,9836	-9,7576
13,4715	-7,4637
6,0661	6,0366
8,8839	-0,3204
6,0005	0,0729
1,9370	5,9711
6,7214	-0,5169
-8,8108	3,5464
4,6243	-1,8277
-16,2819	-3,5317
-5,7960	-10,4786
-21,2627	-21,0299
-18,0515	-19,9813
-21,8525	-15,8527
-17,0685	-23,3893
-21,7870	-14,6729
-19,2312	-9,9542
-16,2164	1,3181
-19,2968	9,4445
-8,8109	6,1679
-8,4834	10,1657
-8,2210	14,8186
-9,8594	8,3961
2,1993	9,5759
-9,8593	17,2434
6,8524	-0,2547
-15,2986	6,5611
2,4616	-2,2864
-12,6116	-2,0897
10,1293	2,8907
1,3475	-6,4807
8,6876	5,1191
9,2120	12,3280
18,9111	8,7892
12,2921	16,9812
6,7214	6,1678
13,2750	8,6584
4,0342	18,6197
3,6412	10,1656
-2,1262	18,8165
4,3621	21,5689
0,7576	17,2436
15,8311	13,0493
9,8673	18,2923
17,3386	20,5860
11,7682	24,0593
15,3724	12,6561
6,0664	24,5180
11,8331	18,2920
0,8887	9,9036
5,0172	14,8187
6,9179	1,3182
2,3958	-5,1044
5,7385	-7,2671
-0,0289	-6,0876
-0,0944	-2,0243
-10,6457	10,0343
-5,4028	5,1848
-7,1068	12,0007
3,3791	10,5589
0,6268	17,6368
23,1711	8,2651
20,4188	2,4325
29,5938	5,3159
23,1058	3,4153
19,1735	-5,2354
16,2244	0,6626
8,4910	-8,5124
11,5058	-3,7284
1,8717	-7,1363
13,8650	-18,9328
-2,5848	-13,8210
8,6220	-5,9567
-11,6943	-8,9712
4,3622	4,8570
-2,9780	2,6286
5,8695	-1,1067
-2,9123	-0,1893
9,8672	11,8693
1,7410	6,0366
14,2581	16,2603
10,3917	6,5610
19,3044	10,8211
11,1125	15,4738
12,0299	-1,6310
11,5713	2,8254
3,8379	-8,5779
12,8164	-6,7429
-3,5676	-1,4346
1,3477	-3,9905
-11,4976	9,0514
-0,7498	17,2433
-17,9857	14,5565
-6,3203	24,3215
-7,5653	18,6198
10,7190	12,7217
3,3136	8,5272
7,8356	5,5780
6,1317	9,0513
8,4253	-2,3520
12,7508	-10,2162
5,8037	-3,2694
3,5103	-3,9905
4,6243	-13,2309
11,8988	-0,9103
-5,0094	-7,2674
8,0977	-7,3328
-5,5993	-3,7940
5,2141	-14,2143
-2,7155	-21,6853
17,2072	-14,6075
3,6415	-22,0787
15,6999	-24,0447
8,4256	-19,7194
22,9744	-15,6560
17,9938	-15,1317
14,2583	-3,7940
27,4967	-4,7769
14,6513	7,0851
16,8141	-5,7597
-11,8907	7,0853
5,6074	6,2988
-14,5124	4,0707
-9,5972	9,3790
-23,2286	-4,9078
-8,9420	4,3329
-15,6265	12,4590
-6,9104	1,9080
-15,6920	9,9691
-3,6335	18,4231
-5,4029	23,3384
-0,6189	15,9984
-6,5169	19,4063
-6,7792	10,7555
1,0196	12,9181
-9,7938	1,3838
1,8717	9,2481
-7,0412	16,8502
0,9542	6,9542
-11,4976	11,1487
-3,4367	9,6412
-12,0873	4,2673
11,3744	-2,6142
0,0368	-11,5271
5,6729	1,7112
5,8696	0,3348
4,8208	-5,4322
4,8865	-1,1724
2,9858	-14,0175
12,8163	-15,0661
-2,7160	-16,3770
8,2289	-18,2775
-5,4028	-10,3475
12,5543	-8,4470
1,1509	-6,4152
14,3893	-1,8276
-0,5529	12,9179
11,6368	-4,4490
-3,1743	7,2164
14,4547	2,3665
8,6877	-0,7135
19,7631	5,6435
16,9453	2,6943
25,0060	11,0174
17,0763	10,2309
17,0761	6,8887
11,1780	7,2164
2,1338	10,1000
1,6096	18,4231
-13,8569	19,4717
0,6267	7,5444
-2,3226	18,6854
12,0299	11,2142
1,1510	8,3306
12,0300	7,8062
3,0517	8,5925
15,4378	2,0389
6,9182	1,9079
11,5710	0,1385
7,3770	4,5949
7,5733	4,2671
8,0322	-5,4975
-3,4368	12,7870
0,4299	13,6389
-14,3815	17,1780
-9,2696	21,7656
-23,3599	18,7510
-9,7939	23,6007
-12,0876	18,2265
3,1824	7,9374
5,6074	8,9203
22,3191	0,5317
15,6347	0,0074
33,4604	4,5294
23,8267	0,9248
34,0502	2,6288
28,2831	7,2817
17,7318	-5,0389
28,1520	5,3159
5,5418	14,0976
2,1341	7,8062
-11,7598	10,2967
-0,7498	11,8695
-24,5395	11,8039
-13,1362	5,7746
-25,3913	5,5779
-6,1892	-3,8592
-9,3349	3,4150
6,3280	-12,4447
-6,9755	-15,7871
4,1654	-16,9012
3,9690	-14,6076
14,4546	-17,0324
17,6661	-18,5396
16,0932	-6,6120
23,3022	5,4466
15,4378	-3,5316
23,2366	7,9373
13,8650	17,3089
22,3193	9,9035
12,8166	10,5588
32,2808	15,2117
17,3386	4,1361
15,7001	-1,6967
2,3964	-9,4299
3,1170	-8,1193
-1,9949	-9,7576
-9,8594	-13,2310
-9,4661	-8,4470
-8,2867	-14,3452
-10,5803	-11,5271
-24,2119	-6,5463
0,2987	-7,7914
-12,1533	-5,1699
7,6390	3,6118
7,3767	-3,1385
16,0278	-1,6967
9,9984	-8,3814
17,8627	-10,2164
10,7849	-9,4301
16,0276	-6,5464
4,6901	-8,9713
10,5881	-1,7622
9,3432	-5,1700
22,7778	5,1848
18,6492	7,5439
10,9815	-7,5293
16,0279	0,1384
11,8333	-7,3983
16,4210	-5,2355
7,9668	13,9663
13,6686	-6,2842
11,5059	-2,6796
23,1712	-3,8594
3,8381	-17,7530
17,9282	-17,1633
3,7726	-17,9498
17,9282	-14,1487
7,7703	-10,6098
9,4085	-18,0807
5,0177	-2,6142
3,0512	2,3665
3,9689	-5,1044
-1,4053	1,7115
1,2820	14,9496
-1,0775	14,2288
3,2479	15,6706
-7,1068	11,8040
-11,8253	16,1294
-14,8399	16,9159
-3,2401	11,4109
-11,1043	12,9836
10,6535	3,2187
-2,5191	3,8085
4,6243	0,4660
2,0685	-1,6311
1,8716	3,1531
4,8209	11,9349
4,3619	4,3328
10,0638	10,2966
8,7530	11,6727
26,0547	2,0390
10,4571	5,9057
27,4966	5,7089
3,8381	5,1192
22,1882	11,3451
-0,9462	3,1532
4,6245	7,2820
3,9691	13,1802
14,8479	0,5973
12,7509	7,3474
18,4525	2,8908
28,4142	-2,3520
28,3483	1,7768
18,7148	8,0027
12,8164	5,7089
19,5011	3,6775
0,2988	8,5271
6,9836	10,6243
-8,7451	7,4785
-0,4220	4,2673
-15,4953	13,6389
1,6095	-0,4513
-17,4615	7,4130
-9,4006	9,3789
-19,5586	-5,2355
-8,8764	-0,9102
-11,9566	-10,8062
-9,1386	-8,5780
-2,9780	-6,7430
-2,8470	-7,3983
3,3135	-10,5439
-0,4877	-3,9249
13,6026	-13,0345
-16,6751	-13,4932
2,2650	-12,0515
-11,6943	-16,4425
1,6751	-7,3328
-7,4999	-1,1069
3,1170	-6,1530
0,8233	13,9665
13,6682	-0,9101
8,8187	7,7408
7,3112	11,4762
1,0199	0,9905
-3,6990	7,4785
-2,9124	8,8547
-9,4007	3,7429
-0,3565	6,0368
-7,8934	3,8741
-0,4876	7,2164
-10,4492	7,8061
-3,8300	-6,2840
-12,3495	-2,7451
3,5101	-0,4515
-10,6455	-11,1338
1,2820	-9,6266
1,9374	-16,8356
7,1146	-11,0684
9,0154	-14,4107
17,3383	-10,0198
16,6176	-3,7284
15,8965	-1,2379
24,2198	-2,2209
13,7994	4,9881
19,4357	1,9078
10,4571	1,3837
18,5836	-0,1237
-4,6161	0,2696
16,2244	-3,4661
1,9374	0,5971
8,8187	-5,8254
-1,0116	-6,1531
-2,9124	-16,8355
-13,7914	-11,9858
-13,2018	-6,2843
-20,9351	-10,1508
-9,8595	2,0390
-4,1579	3,0875
-4,7477	2,7600
-5,5994	7,4786
-12,5464	5,2502
-13,0708	5,7746
-32,9284	4,8571
-32,0764	5,7745
-43,4143	5,2504
-35,7466	9,9034
-41,4481	8,1995
-25,1952	13,3113
-33,6491	24,2558
-16,8719	15,4739
-10,5802	15,1464
1,8061	10,5588
12,8164	12,2627
15,4377	10,3620
16,4866	-9,0366
15,2413	4,6604
16,0933	-2,6142
6,3283	-10,3475
15,3067	-14,5417
-3,2400	-10,1509
12,9475	-7,9226
0,3646	-8,7092
13,1442	-14,1485
2,6584	-3,2039
4,0345	4,7259
3,1826	6,4955
1,8715	10,0345
-4,5507	17,3090
1,6750	16,1951
4,6242	20,2583
-2,4537	18,8165
12,6853	17,2438
2,3304	27,9259
13,7994	11,2797
-0,3564	13,0493
13,9306	21,3066
6,9837	12,1316
15,9621	4,7917
2,3961	9,6413
5,0830	9,7722
-5,6648	2,0390
-0,2255	3,9395
-10,1213	0,7282
0,8229	-0,1238
-7,4345	8,5925
-8,8109	4,5949
-4,6165	8,0685
-7,2381	12,9182
-8,9420	16,3916
-19,1000	16,7848
-2,6503	17,8334
-17,8547	26,4185
6,0006	14,9498
-5,5338	21,0448
6,8525	32,1858
-11,3008	25,9598
2,3305	15,7363
-11,7597	4,5952
-3,7645	9,9690
-4,1576	4,3983
-4,6166	-7,5292
-6,7136	9,3790
-7,0414	0,2039
1,6750	3,1531
-3,5680	3,3498
0,1022	-0,5169
-12,6118	1,5802
0,8887	-1,2380
-9,8593	-17,4909
-4,6819	-12,5102
-15,9541	-16,7702
-3,3057	-13,2967
-11,8253	-12,9691
3,6409	-13,4932
0,3644	-1,2380
3,1167	1,7767
4,4932	-0,9757
-0,2255	8,1340
12,6196	21,3066
-1,7984	9,1170
11,3746	5,2504
3,7067	7,7407
15,5034	-3,7282
-1,6672	-0,7136
13,7994	-14,2797
-1,0773	-4,3837
0,6267	-2,6143
-8,8105	-3,9249
4,6898	-14,2140
-3,5021	-3,4006
1,0197	-9,0369
5,4763	-13,2311
-0,2912	-11,3306
-0,3564	-15,8525
5,8692	2,0387
2,5270	-10,0853
-2,9781	1,8424
0,4299	6,3641
-10,7114	-5,8909
-0,7498	-4,5801
-18,1823	-3,7283
-2,3226	-3,5973
-20,2140	-13,4933
-10,9734	-19,0639
-22,8354	-18,2775
-8,3521	-16,2459
-9,5972	-16,3114
-1,4054	-18,4085
-6,2546	-11,7894
-1,2086	-12,8378
3,1826	-9,2991
6,7868	-14,0176
9,0151	-6,6120
-2,0605	-13,8209
5,4763	-5,4321
10,9812	0,5317
12,2265	11,1485
0,6923	-0,2547
14,4548	5,3814
0,1024	5,7744
9,2118	-5,6287
-10,3179	-5,3011
0,3643	-3,7283
-4,8785	3,5462
-0,2912	-2,8763
-5,0751	7,9373
-0,3567	9,1169
5,0829	9,7723
-0,2257	15,4740
6,4592	20,7823
4,0342	0,5319
0,4955	10,6900
-6,5168	8,9203
3,5101	-0,5169
-10,5801	0,2695
-0,1598	-11,0028
-6,1891	1,1214
8,2943	-0,7793
8,0978	-10,0198
13,3406	-5,3011
8,4911	-3,7938
19,2388	-4,3181
17,0107	-6,8740
13,6027	-6,9395
15,8966	-0,1238
-3,8955	6,1677
-0,0942	1,2526
-8,0899	7,0854
0,7576	15,3428
-3,8300	7,5440
0,7577	2,4977
3,3793	-1,7622
21,2050	-1,3690
21,9917	1,8423
32,5429	-2,6797
32,0188	-3,7937
33,9192	11,2795
23,1715	-1,5000
26,2514	-4,3179
23,5645	3,6774
4,2966	1,3182
8,1634	9,3790
-7,5001	3,6119
-9,9903	4,0052
-16,2164	25,1732
-7,9589	9,8379
-23,6875	9,7725
-12,0876	12,5248
-19,2965	4,0049
-12,4154	-7,2672
-20,8695	-8,9711
-17,6584	-0,8447
-16,5441	8,3303
-9,2042	7,2165
-9,7937	25,1734
5,6728	27,8604
15,5034	16,5883
15,3723	16,5228
19,6979	5,5126
5,1487	2,4979
10,3262	8,4615
1,3475	-2,4175
0,6921	-3,3350
-19,6241	4,1360
-15,4955	-9,6266
-29,5857	-2,6797
-19,6245	-5,3667
-22,9011	-7,3327
-7,9591	-4,1215
-10,6457	-1,2380
3,6409	-13,1654
3,5100	-15,0661
-7,1724	-20,0469
-0,3565	-22,2096
-4,3545	-18,3430
-3,4368	-16,8357
-11,5633	-16,8357
1,5440	-13,4933
-12,6117	-10,9374
-1,3394	-3,0076
-1,4706	-13,4277
6,5903	-2,4176
-1,6015	-6,4809
7,7045	-7,5948
7,4424	-1,8932
12,2264	5,4467
11,7023	-3,1383
7,8355	3,0221
20,5497	-0,9756
6,3281	5,6435
11,5712	4,3983
1,8062	0,7939
9,4085	2,8255
-5,3371	4,4638
14,3892	0,0729
-7,6310	6,7576
9,0808	-1,7622
-1,4705	0,4661
6,2626	4,0705
-3,6988	-0,9757
2,1993	5,7090
-6,9102	4,6604
-5,6652	5,9712
-2,9782	3,4809
-19,0347	7,2821
-9,9249	10,6899
-12,4156	16,3915
-8,4176	15,8673
-14,2503	13,7702
1,8717	15,6706
-6,7791	9,1826
-0,2254	7,4131
-2,9779	0,9906
5,6727	4,4639
-1,2739	5,3813
9,4083	-9,0366
-2,6502	0,4007
7,3767	5,3157
-1,8637	-3,7938
5,2794	3,0876
-5,0752	1,6457
-10,2527	-1,1067
-3,3058	2,4978
-13,4639	2,4322
-3,6334	5,1847
-11,6287	1,5801
12,0300	-16,3767
4,4278	-7,5950
17,5351	-15,0007
11,7024	-24,0447
9,6053	-21,1612
18,9113	-20,3091
7,9010	-10,3476
8,8844	-4,7116
15,0444	-14,4107
12,7509	-3,2040
13,2749	5,2501
8,3598	0,2038
-5,9926	1,7768
9,6705	3,4807
-8,2209	8,4614
9,3428	4,2670
-9,7281	-7,9225
8,2944	4,6605
-6,7134	8,9202
-1,3394	-4,3180
-9,2038	5,8402
-3,8956	7,8060
-10,6457	2,8254
-6,2551	0,2039
-5,9272	0,5973
-7,0414	10,6243
1,4784	13,1802
5,1484	5,3815
13,5372	8,7895
5,9352	12,3937
22,7780	4,9227
12,6200	11,4107
24,6785	2,7600
8,8189	2,3014
20,2221	19,2095
10,7195	19,2095
21,3362	9,3136
13,1443	4,8573
13,2096	8,3962
5,5421	8,1995
14,5203	4,0708
17,4695	11,5419
23,6298	15,9981
27,6276	3,8085
9,2120	1,0560
17,5352	1,7767
7,7700	-5,1700
9,7362	0,1383
-1,9293	-6,0220
10,9814	3,9394
1,3475	-0,8447
8,6876	3,1530
5,7385	2,8908
4,8864	0,1383
-2,9777	-1,9588
3,2479	8,7237
9,6050	-0,1238
4,5586	9,3135
14,2581	4,2671
15,9620	-12,9034
18,3215	-11,3306
8,4910	-13,6246
12,0301	-32,0402
3,5102	-24,4378
9,1463	-15,4595
-6,6479	-14,8041
6,2627	-13,6243
-0,9462	-14,7383
6,3281	-6,8084
-2,4535	2,3009
4,6241	-4,1870
-8,4829	1,5802
-0,7499	-0,1238
4,4931	-7,1360
-0,6189	4,4637
3,5101	-2,2866
-2,9125	-11,1994
3,5758	-10,0199
-3,2402	-17,6874
7,8355	-9,2334
-6,8444	-7,0708
12,3577	-12,1825
3,2481	-6,3497
11,7680	-2,6798
1,4133	-9,8887
12,6197	-4,7113
-7,3031	-9,8230
0,3642	5,6434
-8,7452	-1,5657
-17,7238	-7,3327
-6,1239	0,4661
-16,1511	-2,0244
-11,6290	0,0728
-14,7093	-0,9102
-14,9057	-0,9102
-20,5418	2,4978
-0,0945	3,3497
-21,8525	1,5147
-5,7306	0,3352
-19,3620	1,9735
-9,9249	-4,3835
-11,7598	4,3327
1,0196	-2,6798
-0,8808	-5,4321
6,7213	-0,7136
13,4061	-0,9101
6,3936	-0,7135
13,0131	1,4492
7,3112	-2,5486
10,7193	-14,3451
-2,8468	-14,3451
7,7701	-10,0854
-4,0264	-9,4957
10,5225	-17,0977
0,2990	-11,6581
14,6513	3,0218
4,1001	-7,5294
5,7384	-3,3349
-5,7958	3,4152
3,1169	0,2040
1,8061	5,6434
-4,3543	1,3181
2,0028	0,2695
-1,2087	2,8908
4,8208	-10,9373
-6,4515	-12,1169
4,4931	-9,6922
-12,6119	-13,4277
-2,5192	-15,6560
-15,7577	-20,0470
-15,6266	-17,6875
-19,1655	-2,9421
-6,1894	-20,2433
-13,3982	-3,2039
11,5053	3,4806
-7,0412	-4,9079
3,2479	-0,9757
-1,8639	-4,6458
-8,6797	-7,8571
0,7575	-8,5125
-3,2405	-19,5881
-5,5995	-8,7746
-14,1193	-1,0416
-7,5000	-17,2288
-14,5123	-0,2549
-3,4368	-9,1024
-13,7914	-5,4978
4,6241	1,6455
-10,5801	-7,3329
8,3598	-4,3181
-3,5676	-4,4493
11,2435	-7,2672
14,3893	-1,1068
17,9281	5,8399
26,1205	-0,9759
28,8073	0,2039
30,6425	-4,0560
20,6154	-4,5802
25,1374	-0,8448
10,7194	-2,6799
23,2367	-8,6434
6,4594	7,9371
20,4187	-2,4175
9,1465	7,4130
16,4865	10,6243
11,5059	10,2967
24,4818	16,8502
12,4234	2,3668
21,9914	8,9860
18,9114	6,1022
11,7677	-1,1067
9,2119	-2,6796
-0,9465	-6,1530
-1,7983	-8,9711
-17,1339	-6,4809
-2,1916	-15,2627
-17,1340	-10,7407
-13,6604	-16,7046
-21,7869	-14,2796
-5,5340	-12,1826
-9,4661	-14,6729
0,8886	-7,5951
-5,7302	-13,9521
9,8671	-12,9034
7,9667	-6,1532
1,4783	-6,3498
-3,5677	-6,0221
-6,3860	-13,8864
0,6920	-8,9057
-10,6458	-14,4107
-0,4875	-6,6119
-11,8910	-5,2356
-1,1429	3,1530
-15,2333	10,6241
-7,2378	-3,3350
-16,5439	-5,6943
1,4129	-3,5318
-5,6650	-15,7869
1,8716	-12,7067
-7,8931	-4,7769
3,7721	-2,8108
-5,2718	4,9225
-6,7792	13,5078
-2,4537	11,8040
5,4760	27,2049
8,0977	11,4763
4,2311	12,8527
16,6175	5,5124
-7,3032	-0,0580
2,6583	10,4932
-9,0728	12,0005
1,0854	7,2164
-2,5846	17,3745
14,7168	12,0660
0,6923	7,4130
6,1971	-3,1384
2,7894	2,3011
4,4275	2,8908
2,3961	-2,4175
5,8038	-0,2547
5,8695	12,3937
9,5395	10,8209
14,7825	21,9621
15,5689	20,0616
21,1395	23,1419
4,6246	24,4526
23,4990	16,2605
11,1125	10,5589
16,1589	9,5100
4,8211	-10,2164
16,3553	-9,2988
5,8040	-9,4301
4,2967	-13,8209
5,4109	0,0072
14,5201	-6,9396
9,4085	-4,3836
5,4761	-2,0244
0,3644	-9,6265
-7,7623	-2,8107
-11,9566	-2,8763
-26,2435	-1,3689
-5,9928	3,4151
-19,6242	0,9904
-1,4052	0,3350
-17,9856	1,6457
-4,2232	2,3666
-15,8230	3,5464
-8,5487	5,7090
-15,9543	2,2357
-19,0347	7,2165
-20,4107	6,6921
-23,6223	9,5757
-19,6243	12,7214
-15,3647	8,6582
-10,3837	15,5395
-9,5973	10,3622
-5,4684	8,0030
-11,8909	15,8017
-3,1747	11,1485
-20,8695	10,9520
-13,7261	5,5125
-29,4548	7,8063
-19,6900	8,9204
-25,3917	1,4493
-17,7896	4,2675
-24,3430	10,1656
-17,1341	11,6073
-12,9396	8,2650
-8,0245	6,6922
-4,2232	7,8063
-13,3329	13,1147
-9,5316	14,6875
-19,2311	9,5103
-8,7453	17,2436
-21,9836	17,6367
-11,4977	0,2042
-20,4762	-1,2376
-9,2040	-4,0559
-15,3642	-4,4491
-0,3566	-5,5633
4,2967	-10,5440
9,4739	-2,0899
5,8040	5,0535
-0,8153	-6,0876
-4,0921	-6,6773
-27,8163	-0,7137
-15,7576	-6,1531
-24,8019	3,8084
-15,6923	7,9371
-25,3261	8,3304
-11,0391	15,2771
-28,3406	0,4662
-6,9103	8,4617
-23,2943	10,8863
-15,6267	4,5950
-17,5271	14,8185
-9,2042	0,4006
-15,8231	-0,7790
-3,8301	7,4129
-3,0434	3,4808
0,7575	12,2627
10,8503	17,0468
9,6704	11,8695
15,6345	20,1272
5,7385	16,8502
15,8310	14,2944
4,6899	3,5464
9,1464	3,5463
-2,7156	-2,0243
14,5859	1,1213
0,7578	-11,9859
4,4276	-0,3204
-6,1236	0,0727
-8,0899	6,1676
-1,6018	5,7746
-8,6799	-0,6479
-1,5362	3,4810
-12,0221	12,6558
3,1170	-5,4322
-10,5148	-6,0874
-2,6502	9,5100
-4,9441	1,9079
6,0004	8,7892
-16,6750	10,7554
-5,6651	13,9012
-30,1755	12,1316
-18,9035	9,2481
-29,3892	9,1826
-17,9861	14,0322
-15,9543	2,6289
-11,0393	10,9520
-3,6989	8,1339
-2,9127	2,3668
1,7406	13,6390
2,2647	7,5441
-0,6187	12,9837
-7,3690	10,4932
6,1971	0,7285
-9,6627	-0,0580
4,4276	-3,4660
-13,7914	-2,4831
6,1971	0,7937
-3,3056	-11,0029
3,7067	-11,7891
7,2458	-3,0731
7,5732	-9,6922
2,5272	-8,5124
-0,4877	-3,9251
3,8380	-8,5780
2,3303	-5,1702
6,3282	-22,7338
-5,0096	-13,1656
12,0954	-14,1488
1,9373	-14,0831
17,3385	-7,3984
11,2437	-2,6798
23,4990	-4,9735
18,5839	-2,8762
24,1544	-0,7137
9,0811	0,6626
12,4232	2,4321
0,8234	3,9394
3,7068	8,3960
14,7824	15,9981
10,0637	6,3644
17,7972	6,7578
14,6515	12,7214
28,5451	9,3136
12,4886	12,1316
17,6006	7,6097
2,9860	8,2650
13,9305	10,2310
5,7385	-1,2378
9,1464	8,3961
4,8867	2,9565
16,4863	6,4299
6,1318	7,3474
14,2580	-10,9371
5,1488	-3,6627
17,8625	-12,7724
12,2921	-21,6852
13,5371	-14,4108
10,5227	-13,0346
4,6242	-9,8232
11,5711	-7,2673
-9,9247	0,2693
14,1926	-6,6774
2,5926	-9,0367
11,4401	-9,6921
1,8065	-4,3182
15,1102	-4,4493
-3,1743	-13,6242
10,7846	4,2671
-6,2546	1,5145
2,7891	-2,8763
1,3475	6,8230
1,4784	-3,2696
6,2627	-0,3204
-7,9588	-0,1894
1,0853	-1,6967
-11,8254	2,9564
9,9326	7,1507
-5,7961	4,2672
3,7068	0,6627
-3,5677	-5,6287
12,8164	-5,5631
4,1001	-0,0583
16,8796	-20,6365
7,4425	-8,6434
10,8503	-15,9182
4,8866	-24,8965
4,9517	-13,9521
-3,5022	-20,4401
-5,4686	-5,9566
-3,6990	8,3958
-10,6459	-0,2548
0,6920	9,5102
-7,6311	22,3552
4,1000	8,5272
-8,7450	6,9545
3,7724	13,7045
-2,9123	9,3791
10,1948	-2,5485
-9,8592	-3,6627
7,3768	-6,3498
4,2311	-9,3644
1,6097	-9,6921
8,6222	-5,7599
15,2409	-5,4978
7,9010	-6,7429
-1,2742	2,3010
2,9858	-9,0366
-5,8616	-0,1236
10,4571	10,8207
4,4278	-4,3835
20,2876	6,2989
6,3940	7,7405
16,2899	0,9248
-1,7980	2,8909
9,4741	-3,2039
2,5929	-4,7769
9,5395	-9,9544
9,4742	-9,2990
12,2265	-8,2504
23,0401	-4,5805
23,9574	-8,4469
24,8098	-3,0728
21,6638	4,1360
33,5916	-6,0220
24,6130	-10,1507
23,6300	-11,3305
12,6855	-17,8842
26,7102	-14,2798
8,0979	-21,3577
18,9113	-18,4739
2,5274	-10,2167
13,9304	-16,7046
1,6098	-7,7917
8,4909	-11,6583
3,3137	-3,5972
3,6410	0,2694
-3,7643	-3,4005
-2,0606	6,1677
4,3621	3,3496
-9,7938	-1,4344
6,9836	0,3350
-3,7645	-3,7282
10,3915	-6,4152
-1,8637	0,0728
13,7994	-8,3158
-1,5358	-8,1847
20,8774	-4,9079
4,0347	-1,1068
11,3092	-4,3836
16,6832	-3,2695
14,3891	4,9225
8,4256	3,3496
12,4886	-0,0581
14,0616	7,6752
3,3135	22,9451
8,0322	13,9668
-5,5339	21,3724
6,3282	22,4865
-9,7938	22,0933
10,9813	16,2605
-8,4175	4,5295
4,6898	7,7408
-12,8083	7,5439
-2,1260	-3,5315
-14,1847	3,8740
-11,9566	7,7405
-8,6142	8,4615
-10,1874	4,5949
-12,2841	-1,3688
-8,5489	3,4808
4,9518	6,9541
-5,3374	1,9735
17,0106	9,1170
7,5078	2,1701
20,0253	9,1825
4,2967	9,3791
8,4255	4,0707
-2,1913	13,4423
4,6243	18,6850
-4,8128	6,2334
11,1124	4,0052
6,0006	8,1339
10,5881	3,0875
16,6830	-4,6457
11,1779	-3,4004
18,9768	-1,6312
7,1800	-4,1215
2,8550	-10,0854
-4,8129	-12,0514
-6,3860	-9,1679
-24,4084	-18,0153
-20,2798	-4,5147
-31,5520	-2,8764
-20,0177	5,4467
-28,1440	5,2502
-17,5926	-0,9101
-10,1871	6,8887
-2,0608	6,3642
-7,6967	-4,0558
-5,9928	10,6897
-1,0119	9,9687
-2,7160	-0,1892
9,2774	6,1678
12,6195	-5,4976
14,9135	0,5318
4,7555	11,6071
12,1611	-3,0729
-1,0117	9,5102
12,0299	13,3767
-0,0943	8,1995
-0,3564	11,3452
-2,1257	2,1046
10,0636	1,8425
-2,9123	8,5271
6,8523	-0,6478
-2,0604	15,2118
0,9540	6,1024
-0,7498	3,4154
-5,7307	-1,9586
-0,9464	-8,5123
-6,7136	-10,6096
8,4254	-15,1318
-1,5363	-20,7679
9,9328	-8,7748
-4,9440	-7,2675
10,5881	-15,6558
-6,9099	0,4004
11,7678	-6,1532
-0,8152	1,6457
2,1338	-1,6967
-6,5825	1,1215
-8,1556	6,2333
-14,1849	5,2503
-26,7679	5,0537
-24,8016	2,0391
-32,9939	8,7892
-25,5226	1,1216
-39,2854	8,6583
-24,2120	-0,7133
-34,5667	16,0638
-19,9520	4,1361
-17,5270	-12,7721
5,4763	-0,9758
5,4764	-11,5927
19,1079	-12,7722
17,7317	-2,6141
13,1440	-5,3012
11,7680	-9,0366
19,9596	-3,5318
12,2266	-21,6197
12,3575	-16,9010
19,5011	-14,8696
13,7338	-20,3745
22,8434	-14,0175
5,1487	-8,8402
22,8435	-16,0492
9,9328	-11,1339
13,4062	-16,6389
-3,5675	-2,2864
9,2774	4,8568
-7,5653	-6,8738
-1,5361	6,5612
-8,7451	6,8232
-1,0777	-1,7620
-21,2626	7,5440
-19,5589	0,4660
-16,2165	-0,7790
-16,8721	4,9880
-4,0268	-5,6942
-19,3622	0,0074
-12,6118	4,1359
-14,3814	-16,5734
-9,2040	-7,4638
-29,0613	-13,2311
-11,3011	-7,2017
-15,1678	0,4003
-15,1679	-9,2989
-20,6072	-1,2379
-3,4370	-3,3351
-6,9102	-4,9734
-1,3398	3,6118
7,8355	-6,3497
-2,2572	-0,3859
10,3261	-0,3859
7,4422	-8,4469
11,2435	-3,7283
-9,3348	-1,5658
7,2458	-9,5611
-11,1700	-6,4809
-8,2865	-1,7624
-14,1847	-0,9758
-1,7986	10,9518
-19,1655	8,1994
-2,0607	14,2945
-8,8763	30,3507
5,6071	13,9011
6,4592	15,4087
5,2140	16,3915
4,6900	3,8086
13,0129	11,8695
16,1587	5,9057
7,0492	8,0684
22,7124	13,1802
5,1487	4,5295
11,8335	12,1318
-7,6308	18,5541
11,4400	9,1826
-14,6433	14,6219
5,3451	0,8594
-3,1745	-5,8253
10,1948	-2,2210
10,5882	-17,7531
20,0252	-22,5371
18,8458	-15,5905
9,6051	-18,9328
16,8797	-13,5588
10,0637	-8,5125
12,7508	-8,9712
2,7891	0,3350
-2,3881	-3,2040
-16,4784	2,4323
-5,9271	5,5124
-25,6535	2,3013
-6,3204	13,9666
-20,8693	5,4469
-2,4537	1,5804
-5,4683	7,2820
7,5077	6,4954
6,3937	2,1045
6,1970	-0,1892
11,3748	-3,5315
13,9304	1,5802
30,6424	4,4638
17,8627	2,3012
29,7249	13,9012
10,7848	18,2921
26,2514	18,2266
4,7555	18,0955
9,4086	7,0854
-2,7811	-0,4512
0,9543	-5,4977
-11,6286	-17,0977
-5,1408	-20,0468
-15,8887	-8,3159
-18,1171	-12,5758
-9,9904	-9,8887
-11,6947	-6,7430
-8,5486	-4,7768
-8,6142	-1,3035
-0,9464	-10,8062
-12,8740	-4,7768
-1,2741	-4,4492
-19,3621	1,9079
-7,2378	9,1823
-13,2671	1,8425
9,8671	10,0345
-5,2715	9,7066
14,7170	-9,7575
13,9961	-4,6457
18,8455	-3,4007
9,4086	-9,0368
7,3768	-7,2017
12,1610	-7,5949
2,4614	-6,2841
4,1000	2,1699
-3,4368	-1,6311
0,3644	-6,6773
-4,7475	-1,0413
4,9520	-11,0028
0,0367	-8,4468
8,8841	1,7768
1,5442	4,9880
11,2435	11,7384
3,5104	-2,4830
15,5689	3,6775
6,6560	-2,2866
3,2480	-20,7677
2,5271	-16,2456
-8,8764	-12,9691
-7,1723	-11,7239
-12,7431	-7,0054
-12,0221	-26,7316
-17,3962	-11,0028
-10,3837	-5,8913
-12,4154	-14,8696
3,1167	-11,1995
-15,0366	-6,4153
8,6875	-1,5657
-1,9948	0,4005
4,1001	-8,7089
3,0516	6,1677
14,7822	16,6534
5,0831	3,8740
8,4908	11,2797
11,4401	16,1292
13,1439	7,2164