-24,0970	8,3074
-20,5585	9,2904
-2,3380	-1,8506
6,5740	2,9329
12,3423	-37,8306
-6,1398	-71,5159
27,4148	-55,9841
-33,7308	-67,1912
13,9799	-61,6207
-40,4152	-73,8107
13,9797	-104,1541
-48,0170	-74,4007
16,4696	-109,9871
-73,9698	-121,9141
-27,9645	-91,1780
-93,5656	-110,7078
-87,9964	-86,0662
-122,4014	-96,3554
-103,5942	-96,5513
-88,4542	-56,2468
-111,5239	-64,8320
-90,7480	-81,9364
-127,1210	-40,7146
-73,4469	-79,9711
-147,7649	-95,6992
-73,1190	-60,1135
-128,1694	-105,5299
-37,8608	-67,5841
-90,9443	-76,1042
-5,7477	-108,8062
-20,3614	-51,3971
38,4239	-110,0524
-1,2895	-129,1225
37,7038	-117,7198
30,6921	-116,6714
-2,0109	-119,0308
53,5644	-116,9338
-24,0972	-113,7875
29,5123	-81,3478
-60,3383	-110,6425
15,6838	-108,2172
-69,1203	-89,5402
20,1398	-130,3687
-75,6084	-93,7336
7,6220	-64,3740
-81,4413	-95,8964
-38,9748	-71,7790
-82,6214	-116,7370
-81,5086	-147,5384
-119,9119	-94,9790
-151,7636	-94,9795
-135,1820	-106,3167
-165,8541	-100,9425
-111,5236	-95,6999
-158,4482	-114,9016
-122,0746	-110,3146
-162,3136	-128,9265
-32,6833	-100,8775
-102,9381	-99,3707
-62,6984	-134,1697
-113,4231	-119,2930
-70,6945	-117,7202
-157,2674	-126,0435
-115,5220	-116,9995
-164,8698	-147,5391
-128,4986	-82,7242
-122,5332	-118,3104
-102,0214	-131,3515
-72,8562	-120,1450
-93,5662	-137,6433
-17,0193	-118,3099
-85,1117	-89,6712
5,2630	-93,4065
-65,5162	-103,7611
8,8675	-117,4579
-66,1708	-140,4609
19,8777	-112,6085
-65,3188	-143,2799
0,4782	-193,0866
-85,4390	-163,0062
-86,4230	-181,5535
-97,2356	-230,0503
-77,0520	-240,2736
-94,5490	-235,5554
-100,9068	-214,8466
-75,5436	-252,2022
-124,8930	-247,5485
-46,3147	-223,0384
-120,6985	-226,7083
-58,3071	-219,9579
-67,6138	-229,8537
-22,8526	-220,8092
-86,7500	-169,2985
-42,5790	-187,3206
-104,9033	-163,4649
-39,4997	-136,1364
-132,6259	-137,9058
-119,0605	-144,9178
-133,0194	-129,1243
-160,0212	-183,9124
-144,2918	-159,6643
-186,3674	-199,9693
-150,7144	-247,6136
-191,4133	-207,5714
-120,6334	-240,3401
-196,3932	-249,7116
-96,1880	-271,7320
-161,9868	-274,9430
-131,7746	-231,4277
-214,5461	-255,4140
-95,7303	-273,6977
-172,2759	-208,0967
-111,8521	-260,0012
-145,7331	-259,8040
-129,8743	-260,5251
-126,7934	-239,0294
-166,9025	-233,7865
-154,9737	-209,2103
-192,0030	-222,3823
-151,8286	-190,1386
-222,2805	-186,1410
-149,2071	-204,5566
-223,5258	-231,0334
-169,2614	-252,4638
-229,4238	-273,3704
-168,8034	-298,0780
-243,9075	-341,7906
-192,7245	-320,4923
-245,3492	-384,0623
-233,8816	-383,9309
-227,6546	-359,6172
-222,5442	-363,0255
-207,5354	-378,2296
-218,6767	-384,3904
-178,2402	-415,5856
-215,7929	-398,4809
-166,1815	-428,5624
-226,2130	-470,6360
-158,8416	-403,1340
-215,9894	-411,4580
-179,5510	-437,2128
-236,1740	-406,5418
-170,3767	-398,2187
-246,9222	-378,2300
-195,5429	-385,1764
-248,8230	-375,6078
-233,2918	-340,6120
-237,9435	-354,0473
-238,7312	-383,4069
-203,1440	-374,4943
-232,0463	-388,8468
-187,5465	-380,6549
-264,8798	-392,5170
-191,1509	-428,1028
-263,1758	-382,6866
-184,4666	-410,6057
-261,7993	-429,9382
-198,4259	-439,3101
-254,0662	-419,8458
-232,7014	-399,5953
-258,1292	-413,4884
-231,5881	-385,1110
-252,1654	-346,8382
-262,9798	-387,9950
-247,5122	-402,6742
-272,4171	-365,9749
-252,6245	-387,1431
-320,1272	-418,3383
-275,2344	-414,1442
-343,6548	-437,9993
-296,5342	-402,4790
-367,9689	-430,9217
-308,6595	-443,8971
-392,5454	-397,6947
-354,7971	-433,6745
-364,8237	-483,8094
-323,4056	-492,3949
-339,6574	-526,9333
-300,6642	-534,2079
-281,9852	-588,2757
-277,5294	-590,6345
-242,9905	-538,2721
-257,7373	-591,4877
-239,0579	-598,4990
-260,6853	-540,5658
-192,6586	-545,5466
-249,8719	-555,6387
-200,9159	-554,5900
-253,6070	-582,2459
-181,4520	-539,5823
-255,5077	-579,6908
-214,3515	-597,1231
-286,2441	-569,4013
-263,5696	-567,3700
-293,5848	-564,6825
-299,9426	-543,9731
-286,9657	-528,7029
-297,2558	-482,5001
-299,3522	-478,8956
-334,3488	-502,4220
-286,9006	-433,1503
-353,4201	-429,5460
-302,6948	-420,6328
-344,4415	-443,9634
-259,3102	-449,9926
-328,4507	-437,8035
-272,6141	-477,5186
-326,4186	-509,8278
-279,6919	-475,8151
-308,9853	-508,5834
-240,8289	-525,5568
-241,4177	-513,5637
-237,7482	-509,3696
-214,2197	-501,8982
-201,6376	-501,8981
-191,3474	-505,9609
-222,6083	-460,2823
-146,5204	-462,5765
-195,6073	-510,4169
-151,2388	-445,9956
-199,0148	-468,9993
-165,7886	-500,5875
-249,6086	-495,2136
-172,0807	-527,1951
-233,2252	-472,9309
-184,0740	-451,6321
-201,8330	-453,4660
-170,1797	-405,0351
-145,9957	-418,7320
-160,3491	-410,6051
-148,4204	-440,2930
-197,7701	-431,7078
-143,8331	-433,5429
-198,4255	-429,7420
-115,7187	-459,1020
-210,1561	-392,8450
-121,8134	-422,3366
-193,1165	-423,8430
-120,1098	-405,8207
-205,6994	-398,7427
-135,9696	-375,8053
-189,7087	-398,8082
-188,6604	-382,9482
-167,2949	-361,6497
-178,6335	-412,6363
-120,3713	-405,4271
-176,2087	-387,2740
-132,1016	-387,7332
-163,1666	-406,4107
-108,3778	-416,3721
-170,4410	-403,2646
-125,2206	-363,6162
-191,8054	-421,2222
-138,4594	-427,5131
-213,4325	-408,2463
-160,8736	-432,9538
-224,3775	-458,9055
-190,2342	-424,1716
-217,4961	-421,8775
-157,5969	-383,6043
-127,1868	-407,8526
-106,1507	-413,8154
-81,6385	-366,5647
-118,9294	-389,3712
-82,0974	-380,9822
-191,6092	-341,6606
-151,4351	-321,6061
-226,6057	-277,3691
-189,7744	-261,6402
-207,7968	-290,2132
-155,4338	-240,0781
-182,6962	-273,1741
-135,1176	-293,4238
-168,2777	-259,7390
-138,7220	-256,4626
-131,9055	-287,1334
-148,4218	-309,5469
-167,5565	-300,3062
-163,4290	-264,3929
-124,4342	-298,9301
-175,0290	-280,1204
-134,9201	-227,1677
-189,9051	-253,3821
-92,5838	-244,9275
-153,2702	-248,8598
-64,1409	-284,3802
-128,1693	-228,1501
-56,7358	-264,3265
-142,9807	-248,9246
-119,4540	-214,6501
-150,5174	-209,1449
-134,7239	-240,8640
-126,5965	-225,4629
-140,6221	-194,0059
-106,4114	-199,1178
-147,0449	-202,5907
-145,9955	-197,9372
-199,5390	-147,2124
-123,4513	-158,8127
-178,3052	-175,3272
-95,4018	-149,5716
-138,9175	-170,0190
-67,0244	-153,5692
-138,2613	-175,6547
-18,8551	-165,3652
-97,8913	-119,8836
-44,4140	-147,8676
-73,3148	-147,5392
-52,0166	-86,2633
-83,2108	-102,0575
-84,5878	-99,5011
-54,3749	-114,3120
-95,9911	-103,6953
-45,4619	-107,3001
-84,5223	-159,0737
-33,7966	-176,9650
-127,1856	-144,9187
-40,7436	-196,3643
-107,6562	-176,1136
-73,2504	-159,9267
-125,8751	-197,4128
-43,8904	-166,8072
-70,0383	-179,5216
-19,9039	-179,7176
-37,7280	-138,1683
-21,3450	-183,7156
-2,4699	-182,6668
-53,3267	-126,6340
-52,0807	-153,8315
-81,7042	-127,6820
-48,6734	-142,3620
-103,3314	-123,6835
-52,9332	-48,7105
-116,1104	-76,4323
-36,4841	-70,3363
-115,7828	-46,8097
-44,0209	-74,5970
-69,4486	-67,5850
-33,9939	-134,4979
-54,4400	-160,2528
-21,8697	-134,8253
-36,2209	-146,4909
-29,9307	-145,0485
-26,5214	-133,3833
-31,5032	-124,6017
5,4603	-121,8487
-46,5756	-126,1744
4,7394	-148,6531
-60,4693	-120,9974
6,4428	-148,9817
-91,9924	-161,1710
-11,9728	-128,2720
-65,6471	-120,4736
-24,0324	-122,5046
-79,7372	-118,6378
-43,8900	-85,5414
-74,7568	-55,3291
-88,4547	-66,5356
-88,8470	-65,0275
-110,8025	-21,1191
-77,7715	-59,9821
-105,6908	-102,4490
-42,4475	-64,5693
-116,9624	-86,9836
-2,2076	-133,1861
-49,8530	-118,3100
17,5841	-135,2839
-37,9902	-116,9994
41,1117	-127,2231
-27,7008	-123,1591
24,4655	-97,4694
-35,1720	-94,9134
-3,3225	-85,7384
-35,6314	-107,6931
-62,8951	-118,0475
-25,3418	-80,8234
-35,0422	-95,3074
34,2962	-116,6058
-17,2154	-105,0717
68,6376	-87,7048
-2,3385	-97,8627
40,7192	-111,1005
-24,2930	-74,5314
15,3557	-61,4244
-87,2074	-77,4804
-5,8128	-74,6620
-23,8999	-33,4400
5,4591	-43,0739
-7,1221	-58,4087
16,4041	-39,0107
4,0190	-77,6768
-1,4218	-55,5913
10,4412	-87,7698
-48,6074	-86,3928
10,6376	-51,4624
-55,0302	-57,6886
-7,5162	-73,5478
-75,0841	-48,7756
9,7848	-79,9710
-54,2437	-84,2961
14,7001	-111,0350
-46,7723	-112,6079
6,3769	-84,0350
-35,6962	-119,0970
12,1441	-138,8227
2,2493	-105,5966
15,9453	-115,4920
22,5005	-113,0670
1,4622	-85,6725
30,6266	-48,5793
-3,3220	-56,6401
38,5559	-63,0622
-31,0440	-71,2539
5,7878	-44,3844
-59,8794	-52,8388
11,4231	-75,3828
-87,0117	-57,3609
-24,9498	-103,6949
-91,0751	-80,0368
-25,6713	-121,2590
-58,3729	-121,6521
-42,9070	-64,9637
-20,2958	-95,3069
-8,1722	-86,5242
7,8202	-42,8778
28,9217	-80,6263
54,0227	-80,4949
-1,3558	-85,0827
25,6456	-102,1875
-42,5777	-63,3250
40,9151	-95,8963
-42,5125	-94,5849
8,3430	-39,7971
-73,9039	-37,6347
24,2027	-25,3134
-29,2087	-61,5548
15,6174	-57,6218
8,0163	-7,2907
28,0040	-27,4762
39,8017	-66,7314
42,8156	-21,9052
60,2493	-22,9543
12,4075	-59,7852
59,2665	-76,4316
9,9821	-98,4520
46,3548	-97,3382
-47,1650	-125,8467
36,5239	-126,9607
-54,8329	-96,3558
39,1451	-111,0355
-27,0459	-92,2264
15,6179	-82,3303
-0,2410	-77,5460
32,7223	-76,1698
-14,5281	-88,8183
-8,4999	-83,5096
-8,2369	-47,2030
-29,7339	-33,1779
-16,2979	-25,6407
-61,1250	17,8757
19,0913	26,7888
-64,9918	18,2040
-17,6088	46,5808
-72,1349	16,6309
-7,4509	44,1558
-54,0470	-12,0748
7,0319	-42,6141
-57,8480	-38,0271
-23,1802	-59,2613
-50,9666	-47,1369
-15,8404	-44,9747
-21,9994	-42,2216
8,4085	-13,9104
50,3529	-58,7368
35,7374	-57,9495
74,5362	-13,3860
3,3634	-15,0899
87,9710	-43,6632
25,2529	-4,3418
105,1417	-28,5901
77,0924	-20,7256
126,2444	-18,1044
52,7789	-38,2892
72,5044	19,0551
25,2530	28,8200
26,9556	-3,0956
9,5893	21,6773
6,4422	20,2350
17,1917	2,4093
19,7465	3,6542
59,5277	-34,6186
0,0861	6,9962
66,8683	-26,5586
-2,0757	-63,7827
108,7461	-57,0981
35,6079	-44,1879
108,1566	-38,8796
30,0377	-73,0234
111,7604	-46,2845
20,4035	8,8962
52,9742	-26,3618
19,8135	-33,1767
42,8151	39,8959
-25,0795	22,9216
-51,0985	21,2840
-50,4425	50,3819
-103,1348	37,9959
-80,9169	69,0600
-85,6366	37,0129
-49,7873	29,6734
-50,5738	60,6713
36,7208	13,8125
8,8025	-8,4040
71,3899	-20,3319
38,9496	-54,4111
58,0859	-48,8406
46,9455	-72,1717
88,8875	-80,9531
51,1398	-27,9350
42,4226	-35,0789
32,7241	-80,4291
-4,3707	-35,4058
22,4999	-45,5641
-9,4829	-31,2771
33,5098	-38,2892
-4,1084	-18,3656
75,5840	37,4707
3,7568	12,3047
95,9003	-14,8916
11,3589	42,7798
62,6734	7,7832
-6,9257	10,0771
59,5930	4,8340
33,1826	-13,9093
71,4548	28,3614
33,0519	-29,7041
29,7741	-16,6612
55,3339	13,8776
-6,3368	-4,8654
19,8787	8,1764
-34,4508	12,2396
49,3044	8,1767
-6,5983	43,2385
83,3829	22,9878
-5,0910	2,0167
62,6080	48,4810
-8,9573	12,8942
49,8935	-64,8965
-2,7967	-22,8883
41,7010	-40,9118
-10,5302	-81,4127
20,2705	-88,4253
-9,5475	-87,5730
-23,7698	-42,6811
-6,4018	-63,5214
-36,7458	-76,9550
21,0581	-2,5065
-20,4923	-2,5721
31,8062	-5,9796
-44,3470	13,7466
31,0192	-27,5408
-64,4672	-1,1298
-8,1721	-19,3490
-70,4312	-13,2542
-26,4571	-9,0598
-51,3599	-24,7233
-8,3693	-19,4801
-44,6746	-26,5583
-20,6893	-18,2348
20,2717	4,6371
-4,1088	4,6373
16,3400	9,6840
-1,2903	29,8688
46,0933	28,5578
-2,7318	-3,4235
50,6806	10,4706
-9,0884	15,5816
37,9663	-2,7028
-13,8728	-47,6602
13,9139	-47,3982
-66,6292	-26,2307
9,9812	-39,6660
-45,2652	-61,2924
-28,7507	-30,8836
-15,3803	-7,2254
-45,7902	-7,4216
-30,8465	-10,3710
-70,1694	-30,5550
-3,1910	48,4809
-58,6354	-8,2734
-9,8103	-0,6047
-75,2156	31,9004
-9,8759	28,2303
-86,8810	-1,5228
-27,7020	-15,8751
-80,8514	17,3515
-32,8140	17,5474
-49,7871	-6,7664
6,4420	-47,7261
-29,4051	0,9670
19,3531	-14,3689
6,1812	-25,1163
-2,6012	-19,4148
13,2596	-26,5583
-17,4774	-24,0025
32,1991	-43,0733
-42,4467	-43,2695
35,4105	9,8798
-23,3101	18,7924
53,8915	-41,8279
1,5283	-37,8957
41,3744	-58,6711
19,8133	-58,6057
56,3813	-94,5854
-31,0430	-95,2404
-1,8807	-74,0730
-45,7893	-106,4475
-74,9546	-105,2672
-97,6944	-45,6298
-118,0775	-38,0279
-84,2604	-53,3628
-170,6375	-31,3424
-94,9427	-9,9777
-173,1930	18,6615
-79,4106	-10,9603
-136,6891	10,6672
-47,4944	42,6483
-76,4609	31,8350
-25,1463	3,6547
-20,8854	12,5023
-10,0729	16,0408
-29,0116	-1,6542
-7,0581	-13,7782
-25,6694	-16,5307
-27,5707	15,1227
-1,6176	1,8182
-50,3772	-66,1415
22,8273	-29,1795
-36,2868	-57,6225
53,0393	-49,5618
-17,5426	-69,0261
85,9390	-94,7816
4,1507	-50,9381
87,4468	-45,9580
55,8585	-96,0921
77,8119	-49,2341
-9,4812	-69,7471
11,2925	-59,5892
-25,8001	-63,3907
-24,2287	-76,0387
-12,6278	-44,7125
-49,0015	-54,0841
-8,1712	-75,2510
-40,2192	18,3995
13,0625	-16,3347
-42,0539	-0,6709
23,7447	13,8123
-71,9383	-6,6351
27,3489	-6,3731
-53,9158	-54,8702
6,1808	-89,6040
-27,5703	-67,3222
-5,0267	-60,8997
-33,2062	-58,1473
-30,0617	-34,9473
-6,1397	-35,6679
23,5473	-26,8204
41,5710	-33,4395
22,3030	-53,9520
72,1111	-37,9617
6,6398	-45,1053
57,8240	-65,9453
-34,4515	-38,0930
2,7076	-40,5832
-56,9956	-32,2605
8,3429	-47,1369
-71,5450	-53,3626
-9,7455	-23,3471
-80,0645	-18,1700
-26,6539	-36,1263
-39,1046	-15,7449
-18,3307	-29,3112
-1,9454	-52,9043
-21,0829	-60,6375
1,3972	-67,1258
-43,4961	-52,6422
-16,5601	-53,2979
-88,0605	-98,2544
1,7896	-33,9641
-90,0924	-48,2513
3,4934	-65,6177
-105,6895	-57,0327
10,9647	-60,4404
-39,3017	-35,7338
18,8941	-64,8972
-19,6400	-78,8560
22,3676	-58,9992
24,4663	-95,3061
23,8096	-81,0849
34,2971	-68,8300
29,1185	-97,9281
72,4390	-102,4498
19,0920	-101,4017
84,7595	-132,2689
-15,2493	-98,1248
25,9732	-110,4457
-71,2176	-98,5177
-46,1831	-57,8855
-101,1678	-57,3613
-51,0336	-64,0453
-86,2257	-28,9834
-38,6470	-28,0659
-38,9737	6,8650
-18,5928	-33,9639
7,6884	-30,5552
-11,8420	6,7343
37,5735	-15,0894
10,2437	-40,7137
28,2673	-24,6574
-37,4658	-30,6870
43,4715	11,1249
-31,5679	-42,8113
20,9921	-21,8390
-33,5336	-0,6713
29,8391	-9,8463
-38,0558	-23,9363
16,2727	-25,7717
-22,9823	-23,4124
-4,0433	-20,8570
10,8344	-52,4452
5,2630	-34,8814
24,1390	-12,9271
24,7928	-45,5638
14,6361	-40,1237
-29,7326	-20,5289
3,6906	-34,6844
-82,4896	-18,3661
-21,3448	-11,0919
-118,4693	-54,8698
-26,3259	-30,4902
-88,9127	-32,6533
-23,2460	-34,7501
-84,1938	-28,7862
-9,6145	-6,7660
-39,5636	-3,2273
-7,8449	-15,6790
11,1620	-44,0557
38,5553	-12,9266
71,8487	-25,4442
26,4975	-36,1262
82,7940	7,9139
28,3329	13,9431
97,2772	41,2067
19,7475	36,9469
57,0378	58,7710
-18,4596	70,9605
32,5925	30,5247
-13,5449	6,0802
38,6208	39,8959
-40,6115	17,0887
7,0324	12,8948
-3,9116	28,4267
10,7023	26,6576
22,6312	57,0663
39,9973	-3,0303
62,6087	-28,1300
37,7698	-8,2083
68,9003	-73,0892
42,3578	-66,6009
93,9343	-33,0465
12,4077	-5,3251
85,9387	-7,1594
-38,1863	2,8676
17,7155	-13,0574
-22,3926	-1,5231
17,1244	-9,9120
-47,2309	-26,5576
-13,3496	25,6743
-19,5747	29,2130
-36,4841	15,6475
-25,4072	-2,2436
-58,1762	14,4680
-8,9579	4,1784
-60,4700	-30,9487
-9,0889	-38,0267
-46,7076	10,9938
2,3143	-9,2574
-25,2765	-31,6699
73,6826	-0,8679
-37,3341	-26,1650
74,5353	0,9669
-1,8793	-31,6704
38,2937	-41,1068
16,2746	-19,4149
44,1257	-20,7911
13,9151	-38,1576
2,3142	15,3197
43,2094	5,8825
-36,9419	25,2814
38,4252	29,8034
-40,6125	41,6658
-7,0572	30,0657
-77,8364	22,8567
6,3115	9,6841
-65,3847	23,3810
-0,1112	30,5239
-55,0954	1,7539
-28,2261	-0,7366
-67,4815	-23,1499
-23,7703	13,0256
-41,2674	-28,9179
-35,6321	-51,7240
-6,7296	-33,5708
-23,6386	-51,6591
20,2716	-70,1402
-42,7094	-72,3684
17,9775	-78,4633
-69,7103	-65,0937
-4,3049	-40,3866
-60,0765	-57,6877
2,8384	-18,0383
-46,2479	-14,3686
-1,4876	-32,3906
-67,4817	1,2949
-35,5666	0,5742
-45,2653	41,9932
-52,8687	20,2355
-53,2602	43,5668
-26,9820	62,0474
-49,2624	55,5594
-45,2002	8,7013
-12,6278	23,0537
-56,8650	26,5262
6,3776	-39,9923
-56,4714	-13,5817
25,5795	-24,9197
-62,6316	-6,8978
3,4940	-34,8819
-40,6773	-50,4133
-27,8983	-23,4783
-70,8234	-42,0254
-3,1915	-41,2383
-1,7488	-27,5410
2,3136	0,9674
33,3791	55,0346
18,8292	40,4858
31,4133	36,8822
-23,2443	93,4397
31,1510	80,0045
-34,2551	83,2821
-12,8246	94,0298
-83,4071	91,8017
14,3066	81,3158
-90,4852	58,4435
-27,0466	26,8555
-59,8141	63,3580
-25,6051	18,2688
-38,1215	-17,9723
8,1458	19,5139
-18,8534	-8,1429
16,5352	-23,1502
40,9814	-43,8601
21,3196	-59,5230
41,3748	-21,1850
-12,4311	-45,0404
23,4830	-83,9682
-15,9707	-47,7925
13,0624	-51,0692
-23,9656	-48,9067
45,9610	-70,5335
-43,7568	-75,4485
53,2357	-45,9575
-10,5300	-58,7373
39,7351	-76,4968
1,6600	-50,2826
22,8270	-25,5103
12,6698	-60,5062
-3,9773	-25,5751
41,3093	-2,9649
18,1084	43,3036
71,6523	35,9638
-12,1687	17,0903
38,3601	83,1497
-19,4436	34,7841
-9,4827	13,1579
-85,6356	31,1797
-38,7781	25,0192
-105,2312	28,4925
-42,8410	-13,8436
-54,5057	0,5742
-14,4640	15,9748
-28,2253	-3,5553
-29,4063	-13,8437
-23,7688	5,6210
-52,2126	45,7942
-26,2590	52,6102
-32,2895	31,9668
2,6419	26,6583
-60,4695	48,0225
-7,9092	1,3604
-45,2650	-23,8047
18,5667	38,7816
-52,1463	14,0744
26,7587	9,1603
-38,5799	57,0012
38,3584	22,1360
-26,8488	48,4816
9,2608	0,3774
20,0750	2,0821
6,8357	36,6843
34,9521	-6,0452
7,4262	-14,1711
68,7034	33,8013
11,2932	39,6339
75,8465	67,0938
5,1979	59,0332
44,0608	60,6070
-53,9812	110,9380
42,4222	71,1574
-17,3467	41,6667
29,6427	52,9388
9,7863	68,2082
53,1702	34,3914
38,8848	15,8449
67,1299	20,9565
77,4855	39,8301
58,1516	2,4090
85,4153	2,8025
5,1330	48,0876
65,2959	32,2937
6,3779	65,3242
58,5455	41,2071
18,5679	43,2392
87,2498	64,8658
29,1852	15,3859
120,9351	-4,4056
58,6114	25,3471
127,8165	-0,9336
71,7187	-42,2862
90,0678	-4,3413
45,5043	-16,6620
34,2964	18,3342
46,5520	32,4246
-8,6302	10,2082
19,5507	54,6417
-26,9152	39,4372
6,1154	24,6265
-55,2919	23,7745
35,2792	25,5437
-1,2901	8,8318
49,8938	-24,3948
-0,7649	-28,4583
48,0588	7,1926
27,2193	-39,5348
74,8625	-48,2506
11,7526	-25,9688
39,7355	-73,9411
25,5149	-74,9894
-4,3708	-45,1053
11,0968	-88,4901
-21,2138	-22,8887
3,3629	-48,7098
-60,8630	-57,3596
5,7222	11,3877
-72,8560	24,7567
-15,4465	16,1719
-96,1868	41,6000
-45,9214	18,2032
-98,2842	25,4125
-29,0788	-1,9819
-56,2754	-21,8387
-2,0777	11,2565
18,1745	-19,3493
0,7409	-48,8400
38,4256	-31,6698
-7,9751	-32,7185
32,3962	-7,2907
-23,3104	-16,3999
58,4791	2,7373
-16,2980	48,2846
56,0544	58,6400
-7,4502	45,7953
46,4857	87,1488
-21,6057	85,7720
37,7033	78,5633
-40,5460	50,7102
12,3410	29,0179
-7,5155	41,2722
47,5335	-17,3173
17,5195	-43,2043
16,1418	-48,7097
7,0335	-48,5789
-19,2478	-41,6974
-16,4287	-34,0950
-42,0541	-2,8995
5,5909	7,9796
-60,9941	6,1444
-9,8756	-26,6885
-56,1443	36,8154
14,5034	-14,4341
-60,1417	-7,0932
38,6207	11,3872
-34,7787	-16,2688
51,4006	15,9750
23,6140	-4,3410
-11,5793	17,8110
44,7170	79,2179
-4,5025	52,6759
-37,5970	23,0544
-74,4946	53,3967
-55,4888	-0,6056
-103,5932	-24,7228
-73,5771	-32,9808
-119,1905	-62,9960
-42,6447	0,2461
-80,8516	-10,9605
-18,4619	-28,3926
-68,8580	0,2466
13,5855	-12,1400
-9,7443	-38,3543
16,5348	-13,5820
5,8542	-36,6505
20,4674	9,8146
33,5104	-3,9485
6,2464	-46,9392
45,9622	12,2400
-0,5689	2,5396
93,4758	-7,4210
15,1597	23,1840
84,1698	0,1810
17,8470	65,3895
60,3142	31,9657
-7,2533	23,9060
32,2642	74,3028
-23,7029	42,5829
13,7170	28,0343
-24,2274	26,1991
5,0007	11,3877
-21,6718	31,5726
-4,7641	22,3975
3,9529	14,6647
-42,1852	50,9060
19,6817	12,8948
-61,1905	18,9900
-7,0573	29,8031
-77,8367	2,9338
-2,6671	27,1824
-97,6288	70,6330
-36,8773	83,5437
-73,7737	117,4260
-45,7249	90,9495
-64,1395	63,9493
-6,7307	99,2074
-14,2007	76,2691
-3,2570	27,8381
-0,3068	18,7937
-32,0270	-2,4402
3,2319	6,0133
-54,5721	-24,0678
-10,7933	-50,4787
-89,9610	1,5566
13,2581	-40,5178
-90,8783	-48,2507
6,6397	-57,4912
-57,1924	-34,4229
9,9816	-39,1416
-52,6049	-24,1338
-6,8616	-40,2549
-47,3619	19,2518
-2,3396	16,4336
-9,0889	-14,3022
-33,3377	3,3925
-1,0275	15,1227
-43,3652	3,3263
-25,0793	-10,7639
-73,4462	-34,8809
-16,5607	34,7184
-125,8752	10,4695
-35,3697	-28,7199
-118,6666	53,3312
-79,0825	38,1920
-96,6461	43,5665
-70,1707	59,3605
-98,0879	45,4667
-59,8811	33,9982
-66,1711	38,6510
14,1751	-7,2897
14,3732	30,7868
33,5747	21,1524
53,4332	-5,3896
9,0650	8,7010
61,6909	7,4554
-4,5008	25,4121
63,8534	-11,2880
-24,1615	-36,5845
76,6981	-11,6155
1,8562	-26,0341
51,9909	-53,4933
18,6990	-52,3797
50,2863	-53,9528
8,8685	-73,7453
26,0378	-86,9175
22,3033	-82,3957
0,6757	-53,4943
43,7995	-64,8977
10,8343	-80,5597
87,4470	-22,6262
46,0930	-13,7133
102,0619	-10,5015
36,0010	-15,9410
73,8154	-4,2099
-23,2437	26,4604
33,7061	-11,6161
-64,6636	-9,5183
-29,2093	19,7759
-71,7418	1,5570
-35,4358	-6,5691
-45,5926	-4,9306
-13,6778	-3,6202
-28,2910	-20,3975
-15,6434	-16,4000
17,1252	-53,6897
-24,5562	3,7198
6,5090	13,5493
-20,4273	-46,4145
13,7830	30,1313
-72,3316	37,3401
1,4617	20,9564
-81,7689	20,4325
-22,7212	22,5295
-79,4097	44,6806
-22,4594	5,4236
-33,7309	-44,2523
-27,7679	-36,1920
-19,3125	-66,4701
-4,3714	-61,2926
-8,3023	-24,0683
-37,4014	-19,2184
-30,8465	8,8972
-57,3898	31,6383
-35,3693	21,8086
-92,1238	37,3406
-15,1845	39,2408
-105,8864	14,3371
-3,4537	9,8149
-86,5529	-1,1952
-15,1186	21,7423
-7,6468	-2,3096
46,9440	-3,6197
34,1000	8,1760
48,7139	-7,8145
34,5592	-5,1932
41,0463	-38,2884
65,0988	3,7852
24,4658	3,5229
75,9780	-29,0485
7,0990	-38,8785
72,5047	-3,2931
2,1838	-16,5317
59,2003	-49,4301
-26,2587	-25,7062
32,9851	-22,1672
-27,7664	4,3096
24,2029	-0,2123
-15,8386	-6,8310
23,4820	32,2278
10,3103	-5,3242
7,8188	-21,9698
-11,9720	5,7517
-25,9978	6,0137
6,4432	10,3390
-43,5615	3,2613
13,6525	26,3952
-38,1868	25,8708
68,9650	-7,9454
-11,7103	-11,4843
52,7120	3,1299
-16,8876	-12,4681
40,2593	-47,5951
-21,7366	-16,3997
73,8141	-28,8519
26,3015	-6,8316
80,7611	-13,5167
61,8224	-51,9857
63,5906	1,9502
47,9941	-35,4059
-2,5351	-37,3715
19,8792	-55,7219
-16,7569	-68,5671
9,0649	-45,1055
-50,0494	-50,2831
-0,1762	-49,3646
-74,9528	21,3486
-3,6501	7,7826
-78,0986	16,1065
-21,7383	49,7262
-52,0808	23,4464
4,4756	21,2184
-36,6796	15,7134
-22,1315	14,1404
-1,3555	30,1309
-22,7211	-21,4464
7,8196	-72,7605
-30,9131	-43,4666
-1,0929	-71,0578
-42,3161	-93,4056
30,1015	-84,5580
-48,3452	-76,6940
29,9051	-40,8458
-5,8772	-35,5373
54,6778	-63,7829
14,2426	3,7190
73,3554	-44,4498
7,5581	-58,2773
59,2651	-32,2600
29,5127	-42,7457
62,2141	-9,5193
65,4921	-33,5708
51,2696	-31,4735
88,3639	-14,3688
5,3952	-50,9379
105,4041	-54,7385
41,3092	-17,5145
106,3870	-23,6752
42,8824	-26,0995
82,3348	5,8163
42,4237	-12,8608
105,7963	28,2959
36,9842	10,2079
69,2272	-16,3990
47,6006	2,0814
24,1374	-20,0047
8,5407	-48,3821
-40,6128	-57,8192
-0,8314	-79,5778
-43,6275	-89,3425
29,7742	-51,9870
-15,5773	-44,6468
44,3891	4,5710
-1,8792	14,9917
75,6494	28,4929
-21,4089	53,5279
67,9819	53,2658
-13,0861	48,2199
32,1332	20,0393
-16,8872	17,6800
6,4425	30,7862
2,1181	-31,6045
0,8061	-66,0106
9,5235	-41,1732
-6,7962	-69,8124
-12,5620	-49,4962
-39,3670	-30,4249
22,6960	1,8194
-44,6100	51,1029
36,6552	69,0597
-44,2825	33,0159
-8,8925	99,7314
-31,6992	79,0216
-1,2255	69,3881
-32,5505	83,4784
27,9382	77,1867
-8,4330	72,0096
19,8120	66,7663
14,3736	31,8356
18,2394	58,3124
38,2946	80,1349
32,9198	33,6050
61,8221	20,8912
1,7251	13,0267
52,9094	5,9485
1,0041	6,9310
52,5811	1,7538
-14,9865	9,9456
72,6349	1,0982
-23,7684	13,4192
33,9688	9,3558
17,0608	1,0981
50,3522	-26,7545
16,6677	-31,8669
42,7498	-57,4259
4,6741	-34,8814
-13,7427	-7,6842
-8,7611	-7,2901
-59,8144	42,6488
31,7401	52,7416
-48,7385	80,4637
45,7656	82,7576
-9,8096	97,8966
50,6148	103,5326
-11,1858	73,1239
28,2663	61,2620
-42,6430	73,1887
26,4308	25,4128
-28,7495	26,0026
24,7269	16,9581
-11,9717	-11,6157
29,1183	1,3607
30,8885	1,8188
-9,8099	-3,2270
14,3736	58,0490
-9,7444	33,6043
35,2792	37,6683
-28,2252	75,6794
61,1005	60,0819
-23,5722	88,1315
42,0949	75,3517
-34,9099	46,5163
17,1908	78,6284
-25,1451	42,6488
10,6364	39,5691
-19,7059	36,5538
-27,6366	40,3553
-17,0186	70,0425
-2,9294	17,0895
24,7933	-0,9981
-31,3718	41,6654
9,0651	-3,8824
-63,0915	4,7690
-7,1886	25,8055
-86,7499	-4,7997
0,0201	-21,6424
-53,8505	-17,7761
-7,1889	-24,0021
-57,5856	-11,0918
-28,6851	-5,9143
-70,2342	-26,1644
-39,9579	28,2304
-73,2490	32,5554
-63,2230	29,2136
-45,0688	-4,7994
-73,7086	54,2486
-14,0047	34,3909
-64,6642	51,3649
21,3200	22,5948
-15,5117	93,4392
68,1787	52,9374
8,0822	32,5570
89,8713	73,9755
36,7215	82,4948
89,0847	67,5527
35,8699	29,0178
90,8537	59,2298
35,0182	84,6570
79,9744	47,3016
13,9153	26,9201
5,2630	47,0398
-3,8453	40,4202
-26,0634	30,0658
-28,5526	33,7355
-40,3499	-0,3427
14,1109	48,9402
-67,1538	15,4509
19,1571	13,8129
-69,1854	17,9412
20,9265	-1,3920
-16,8875	-34,9466
42,1600	-33,8979
30,7580	-38,5510
61,6897	0,3774
43,6031	25,4777
31,0191	11,9774
39,9983	41,6000
10,3094	42,6483
36,3937	43,8942
-1,1592	59,3602
51,2704	30,7868
-6,5331	58,2464
32,7892	23,5121
4,6087	8,7670
68,5715	55,0350
18,2402	58,9668
57,4305	38,8479
-6,0079	64,6033
27,4803	61,0643
-6,2045	58,7052
35,8026	49,5304
15,9466	19,3841
6,9015	66,8315
34,4934	37,7986
-6,9920	-18,6934
20,8614	-10,5669
-36,2213	-27,2794
11,9485	-46,5466
-37,0732	-31,8666
14,6352	-36,1921
-63,8115	-13,8443
21,6472	-23,2160
-52,2774	-26,2300
15,2898	0,1809
-41,8570	13,4843
-6,2060	-31,3420
-31,0433	-0,8679
-0,9634	-34,4228
-28,5531	-25,7064
-12,6286	-42,7459
8,0158	-59,3915
-46,3142	7,1928
32,7888	-1,8516
-31,5027	-41,1068
29,2500	-1,9164
-41,9881	-6,9625
11,8824	14,7954
-76,7226	19,0553
-30,9135	-2,0469
-101,3645	48,5472
-49,0675	39,4370
-79,9343	13,0924
-58,2425	61,9164
-57,7823	38,9786
-34,4525	34,4570
-22,7857	37,4057
-11,1214	10,4050
27,8737	31,1799
-26,8498	39,4370
-1,3549	25,9372
-28,0290	64,8658
19,4194	67,4214
-24,2930	30,3283
61,1001	9,7502
-2,9278	17,2205
68,5713	25,6744
-10,0059	2,4745
17,9119	-13,5157
-4,1736	50,7748
-3,3228	21,5458
-14,4623	12,4364
2,3792	21,2838
20,9929	9,4216
2,1174	1,7538
7,4924	-7,8803
-48,4106	-36,5850
42,1603	-15,8759
-66,3024	-34,8818
13,9796	-49,8231
-58,5031	1,8843
30,7568	-2,8341
-16,1665	43,1072
79,4501	28,0997
32,1998	24,0370
103,6988	71,4847
76,2407	13,8126
105,9275	-9,3209
98,7195	37,9954
60,7077	18,4651
73,6192	7,2590
27,0217	2,8025
59,0695	23,1190
-26,1937	46,8427
32,5924	55,0353
-46,9689	71,8130
14,8976	98,8794
-31,0434	92,5223
31,1503	57,1988
-4,5666	66,3082
21,8439	59,6885
-5,6150	50,1856
1,2650	25,5442
-26,9800	14,3377
-43,3653	50,0545
-42,3160	43,3042
-90,6827	37,2097
-32,1583	55,2322
-112,6373	84,1333
-10,5965	89,4419
-56,4724	86,0998
36,7863	81,3161
-41,2667	118,3435
50,4839	89,5076
0,7423	62,5727
57,2339	81,9711
-0,8960	57,3292
56,5779	19,1871
11,8173	9,5529
-11,0555	12,5017
12,7349	5,7511
-29,9303	1,2291
1,2005	-16,2030
-40,3505	15,5162
-20,4925	3,6541
-65,9747	17,4829
0,4787	32,0972
-38,8429	39,3721
19,4844	58,2464
-53,5875	35,6365
74,5352	13,9443
5,8538	55,1662
66,6056	24,2978
51,6642	-52,0506
83,9726	10,3395
64,7060	29,7376
60,0518	51,5612
67,9171	23,9711
26,3661	45,3364
52,7783	91,4732
12,4071	49,7919
48,7145	19,9082
-22,7201	43,3041
50,7458	23,6427
-41,9879	30,0654
53,1053	3,1299
-13,0863	-8,8631
65,6875	6,2096
3,7567	-34,0950
45,0437	-38,0266
9,1964	11,0592
54,2841	-16,0068
29,7747	-12,8608
14,7658	9,0282
-5,8113	3,1956
-13,7425	19,7765
8,2782	-0,9981
-48,6733	16,8936
16,6669	51,4305
-42,0538	27,5751
22,6309	9,6842
-18,3295	1,2298
47,4033	-6,6346
-6,6636	2,7370
60,5757	-2,1788
-9,5468	-36,9778
27,6111	24,8223
16,6674	-2,3098
7,1635	-2,8988
30,6921	64,3410
8,7364	36,2915
57,5618	64,3416
19,1570	49,0057
59,3971	6,9322
-11,1856	43,1077
62,8699	14,4678
-30,4539	-8,9280
8,0154	26,7233
-92,9754	33,6042
-34,1904	5,5553
-79,2130	27,9689
-41,3342	45,0737
-62,6978	74,4341
-32,8798	70,6325
-37,0070	12,5686
-13,0874	55,8877
6,6403	54,9044
-12,3663	55,4288
39,8670	73,7790
-30,4540	63,1621
34,9519	58,9023
-28,8154	38,0619
34,2306	9,6844
-40,0219	35,7021
25,1864	-3,1618
-45,6580	-34,7496
-7,7787	-36,8471
-41,1356	-13,8443
13,5202	-34,5538
-20,6227	-32,1946
35,0163	-79,3147
19,2233	-41,5664
-1,5525	-71,7132
34,0346	-97,4683
-23,0484	-54,5425
48,6490	-55,0670
-3,0595	-35,7996
72,2421	-37,9624
26,3664	-49,9546
69,6208	0,3772
3,4295	1,0326
38,6216	10,6017
-37,8587	45,3353
12,3408	15,9098
-49,0005	25,3471
-25,8673	26,5922
-33,9926	-1,3917
-19,2480	27,3131
-4,0429	31,3760
-31,1750	0,4435
1,9868	37,0784
-59,8795	23,5776
40,2596	3,5897
-64,2709	24,8231
2,5766	47,1704
-51,0320	35,1771
29,4460	13,4849
-11,6443	-2,1122
59,1995	37,9301
4,9366	36,4224
44,5847	9,2912
-25,9310	29,4759
3,1657	9,1598
-31,7645	20,7594
-46,9042	-12,5984
-0,8318	9,0938
-48,2149	33,5385
32,0020	10,9942
-47,0346	24,6920
30,6263	67,2901
-45,0683	42,6486
29,3806	28,9524
-62,1733	30,5249
12,9964	33,5398
-41,5949	37,4714
26,6277	16,1063
-22,9168	-27,9991
23,2852	1,6227
3,7564	-5,5866
2,1168	-7,8145
2,3149	3,7854
-16,4297	10,1426
21,9102	35,7673
-25,8664	13,3535
40,9158	-20,5935
-14,7908	33,0146
34,1653	7,5204
-57,1267	-5,9795
13,1279	7,7175
-52,4739	15,3851
25,7757	11,2566
-36,0243	9,4874
25,3824	32,7530
-7,3189	57,1319
47,2720	46,3843
43,9305	42,7143
45,7645	55,4939
39,3429	38,1923
-20,6236	44,9428
9,9167	50,5783
-83,9318	29,0829
-7,7128	68,5353
-95,5317	28,0997
-15,5771	23,3815
-76,8536	55,2970
17,9769	-0,0156
-60,4040	-0,1468
-10,4004	-22,1016
-70,3650	-30,5559
16,0761	-2,0478
-19,9677	-22,7576
30,6253	-51,4616
6,0509	-7,9461
24,5311	-5,7182
51,0741	-40,9108
-2,4698	-31,4076
62,2148	-7,7492
-34,1238	6,3407
25,3837	-12,5990
-56,6027	-21,1838
4,0837	-2,3099
-61,7799	-26,7549
24,5957	-47,2022
-26,1284	-22,2987
25,4483	-72,4337
14,0458	-31,9979
35,1478	-52,5762
17,9127	-48,9053
-11,1865	24,2321
-17,2147	-11,9439
-39,4987	-40,3858
-17,2158	-6,7005
-87,4057	-8,8633
-25,4736	-7,4215
-90,4203	-8,5357
-8,5652	-25,1816
-81,9660	12,5670
-11,5143	-23,8062
-57,6516	-48,9710
-0,6356	5,9481
-37,5972	27,4437
24,3339	32,0974
20,0751	51,2997
45,2401	62,0479
52,8440	70,6327
33,1163	45,4665
39,5400	-21,1174
-3,5841	42,1242
16,7981	-41,1724
-45,6585	-13,6468
26,2351	-17,3175
-31,6991	8,8973
45,6336	24,8879
-2,7973	4,2445
50,6145	1,4928
20,8619	44,1559
85,4145	15,1235
59,7907	-10,1077
106,8449	17,5485
75,6510	16,2373
86,1358	-3,5546
101,1442	-18,6933
29,1844	-37,7647
49,1739	-14,3685
-10,0722	-41,4354
11,2933	-53,9520
-65,5812	0,1806
-6,4026	7,7171
-108,0491	18,0068
-37,7950	19,7109
-127,4478	-1,7188
-15,5132	42,7144
-93,4347	12,4362
-35,5669	-4,9959
-66,3025	39,9613
-45,3974	-8,4704
-78,0334	-44,1214
-50,8370	-49,3644
-67,6789	-38,4858
-83,0803	-33,5712
-25,5390	-63,2584
-66,6962	-56,7044
-7,8441	-1,7201
-64,2054	-14,3032
-1,0940	-32,7840
-84,3907	-25,9681
-6,3374	-24,9850
-99,9881	18,4653
-22,7214	-12,9265
-44,2822	-13,5158
-8,4998	19,1861
11,3589	-13,6479
44,7157	-39,9929
75,7812	-9,3225
42,2918	-13,3858
92,7557	-14,4997
58,1520	-48,5127
111,8920	-44,8426
5,0025	-9,7814
99,1123	-42,0253
-26,5864	-42,8764
52,6467	14,4021
-49,2623	26,1329
34,8199	35,2432
-64,4671	52,0206
-14,7915	51,8897
-30,1916	67,8806
-11,5808	55,4286
-28,2908	37,8651
-23,4424	49,3987
-1,7486	30,0650
-40,3505	1,9505
0,8731	10,7977
-33,9276	13,2228
6,3123	40,6826
-48,6725	2,8686
43,1439	15,9107
1,0695	52,0200
76,8949	17,2853
22,2387	-52,0512
100,3568	-1,7851
31,8071	0,5079
74,4701	25,3463
40,6545	5,6201
66,2124	-20,5282
59,4627	26,5923
32,8541	14,6639
38,4258	-23,0838
-13,6108	35,9639
51,2703	24,0359
-35,4345	17,5483
27,5461	25,2159
-48,6076	23,1189
19,1570	31,1801
-59,0277	52,1512
-0,1112	20,3014
-63,9426	58,3122
0,0853	40,4211
-42,3156	50,2518
8,0807	71,8785
-3,2556	70,3054
31,0188	64,4073
60,2494	62,0478
55,7918	27,3795
85,1532	62,4409
16,7985	28,2965
88,8886	39,6344
-4,3043	39,8309
56,2512	31,1801
-52,6044	36,4232
14,6353	31,6386
-60,7311	14,2061
-5,4851	26,2642
-49,6559	-2,7683
-12,3014	-12,9258
-34,5826	20,1039
-25,1467	4,8337
-59,6827	-10,0432
-63,2231	-43,4010
-46,1826	-48,9061
-80,3279	-24,8545
-27,2427	-38,1585
-54,8339	-38,7475
16,2081	25,5432
-32,7476	-10,2395
69,4237	-8,7313
-20,2950	1,4263
81,4824	15,2541
12,8664	-7,1596
65,8186	-33,5056
-16,8869	-89,2764
56,7743	-48,5784
-12,0376	-46,6789
27,5455	-82,7883
36,4594	-27,0825
-5,6812	-14,4344
62,3461	-13,4509
-34,4518	-22,6911
29,1190	-14,8920
-51,3601	46,3838
-0,5037	19,3828
-38,2528	-0,0806
21,7778	20,6282
-67,2192	-2,5717
32,0015	-13,9750
-46,9689	-20,1358
9,1952	-32,7184
-29,2741	20,8900
-30,6511	10,0110
-60,4032	4,2447
-16,1026	66,8309
-42,9059	27,1817
-41,3336	26,6582
10,3096	37,9959
-50,5739	50,5789
18,9610	46,3846
-29,1428	27,3136
59,7242	12,9613
-24,1617	34,3909
55,7922	16,6303
-18,7878	-13,3849
58,4787	-4,0791
-10,8576	-9,3880
75,4521	-20,7915
34,0345	-41,0420
37,8344	-55,5908
2,7740	-19,4812
1,2001	-48,7755
8,0169	-41,4349
0,8724	-4,2103
55,2684	28,1644
-17,4119	4,1787
76,6986	14,0096
-10,1372	10,6674
47,4038	27,3788
-27,6349	-1,2609
35,4757	-17,4482
-17,8050	-10,8296
23,1541	-24,7233
-50,8352	-14,0408
-2,7330	-12,1399
-39,8251	-0,0155
-15,4471	44,6801
3,0350	1,2297
-62,7639	-5,7821
-15,9701	1,5573
-57,3244	-15,3516
-15,5772	-71,7781
-79,9339	-40,4522
-2,7976	-66,6014
-57,7170	-48,1853
12,4725	-54,4770
-17,2151	-59,3917
51,5317	-14,1066
25,2526	-48,6442
80,1054	-24,0675
46,4864	2,1464
51,2699	-15,3516
42,2927	2,0812
29,1840	-7,2909
30,1025	-33,2425
-20,3613	-19,1528
34,7549	-22,6265
-41,3986	-46,7436
34,7547	-41,6974
-34,7139	-64,4384
41,2426	-57,1641
-34,4510	-65,9461
53,1048	-80,0359
-16,8216	-37,5690
37,3104	-28,5904
-30,7807	-41,1071
19,4187	-17,7762
-3,7802	-18,9557
3,4933	-25,4435
11,4243	-6,9627
-12,4319	14,8603
37,6390	-24,5269
-4,6332	-47,4644
30,5612	-49,1024
-21,6065	10,0107
29,3810	-8,6019
-77,0498	-10,7635
15,1593	9,1592
-71,2833	11,7154
-11,6456	8,3728
-66,4990	-8,1423
-9,2210	-25,7058
-38,0560	-4,7345
-1,6188	-14,3028
-14,8557	-16,9239
14,1759	23,3809
41,3088	5,3584
3,1009	23,5779
64,1157	29,1485
-5,2874	38,3234
69,1619	28,2964
-25,5380	18,5314
28,9881	-16,3338
-47,5581	-3,2925
27,8732	-38,8131
-48,6727	-13,9099
-2,2081	-39,3384
-33,7956	-65,1593
30,8869	-45,2364
2,1838	-74,2690
47,6649	-68,0424
37,1149	-10,6332
24,0065	-12,4028
40,1293	-12,7298
-25,6042	11,8460
26,6941	-4,6688
-72,0040	23,6427
-5,6812	-19,8733
-95,5314	-18,6278
-2,5363	5,3582
-98,3500	-19,8076
-40,5474	16,8272
-89,4370	27,3128
-42,8415	30,7862
-83,5384	8,1762
-29,4064	-22,5601
-41,2670	-45,4979
13,6512	-34,6847
16,0772	-49,4309
14,2417	-83,7709
40,3261	-30,1632
16,7980	-55,2636
70,6694	-64,2420
0,4141	-73,8757
68,7686	-77,4801
-1,2897	-33,0471
49,8283	-69,4195
-23,5065	-42,4835
22,7614	-23,0852
-37,0728	-14,7618
-15,7087	-14,0409
-27,2426	-34,1600
2,2476	-20,5285
-10,9892	18,5307
7,3599	7,7829
12,8005	-0,2775
-26,1289	64,7339
5,7881	40,0270
-47,6904	45,4017
-3,7153	72,1403
-69,5792	73,3855
-4,6985	70,1088
-70,0376	85,3128
13,7831	33,4088
-31,3056	66,8971
57,4955	12,1087
1,3319	-2,3092
37,5071	2,4749
14,1777	38,2569
30,4294	14,6640
28,4642	13,4196
14,1760	29,0827
38,1632	47,8916
-32,4200	53,3966
13,8494	31,7044
-56,9305	51,4961
5,2636	18,4662
-76,7226	48,6126
14,2412	38,3889
-69,4482	8,8322
3,5588	21,9392
-35,1722	-4,9967
24,3336	-32,9801
-2,0764	-15,6788
13,5861	9,6175
21,5170	-27,4750
16,3384	26,3299
25,3839	8,2421
16,9287	24,4296
55,9891	16,5650
3,9525	-18,6930
41,2435	19,4487
-22,4577	-3,0307
64,9674	-8,1419
-1,8795	0,1808
52,3191	-6,5037
1,1358	-20,1352
63,1318	-27,6066
-14,6585	-53,3619
34,8853	-12,6645
-23,1131	-36,6518
-4,5680	-93,9948
-32,7474	-36,3234
-25,6707	-43,3361
6,1153	-44,1876
-30,3887	-54,0835
61,0351	-32,3909
1,4625	-3,5550
60,2494	4,7026
19,6821	-6,1101
71,0624	49,3331
3,1013	49,9884
70,4066	36,4230
1,9220	62,0477
67,4572	19,1216
27,1534	55,2320
47,5339	28,0995
9,3274	3,2617
0,1510	44,5489
-11,7754	13,3539
-13,1531	1,7544
-2,8629	18,7275
-28,3573	-19,0868
16,8636	-54,3455
-18,1333	-61,4893
18,1744	-83,3132
-44,6092	-78,3983
35,9995	-91,7676
-80,9165	-72,9581
11,8166	-28,9834
-26,7183	1,3605
14,2417	51,4300
20,7965	49,9883
59,1340	10,7329
25,5155	64,7996
55,2021	1,2946
69,0313	-39,2717
29,3810	-9,5191
61,5602	-47,4644
17,2572	-25,9029
58,7419	-14,0406
-21,7369	9,0283
64,9018	43,8282
-31,5677	53,7894
25,1865	37,5373
-42,9051	65,1934
3,7550	59,4917
-79,4745	70,5021
-20,2314	66,1114
-40,2847	89,3766
-42,5790	75,5482
-21,2128	34,5226
-2,2739	17,4176
38,8842	36,9469
4,0841	23,3147
91,2480	10,0115
16,8643	64,9963