-322,3383	-428,2355
-407,0766	-429,6768
-383,7459	-386,8829
-425,5583	-469,5894
-409,6992	-429,6778
-462,0624	-431,1200
-411,2724	-459,2348
-429,9499	-429,2846
-405,8329	-457,3999
-378,5037	-450,9112
-389,2520	-425,1566
-379,5519	-490,5609
-394,9531	-425,8767
-358,3182	-425,1569
-410,4851	-479,8785
-360,4152	-449,5357
-417,4976	-483,4184
-400,7856	-500,5225
-435,7817	-467,1657
-392,3317	-532,7015
-433,6843	-507,2077
-362,3815	-508,2571
-387,9402	-570,1882
-362,8402	-537,1579
-373,4564	-518,4155
-373,7853	-552,1662
-408,7806	-538,6654
-439,9768	-546,9889
-424,3136	-551,8384
-481,7896	-533,4235
-468,4199	-615,1467
-499,5503	-607,4131
-494,8969	-603,7445
-540,3131	-654,0106
-491,6204	-617,7037
-536,4471	-662,0724
-513,7057	-681,3393
-511,8708	-635,0061
-474,5153	-705,2606
-477,2675	-687,3692
-446,7933	-674,6561
-459,1136	-744,9759
-470,5176	-710,7002
-464,5536	-724,2019
-523,3403	-787,5090
-497,9120	-754,8727
-554,0117	-822,0469
-539,3965	-765,3587
-550,7999	-810,4480
-517,5734	-820,2776
-561,2199	-768,4390
-505,5145	-777,8111
-542,8044	-805,3357
-502,9589	-774,5994
-571,3780	-805,4671
-546,4092	-822,7683
-548,7684	-839,0222
-586,2561	-908,3590
-602,5082	-885,2912
-613,8469	-930,6431
-603,8851	-978,0908
-651,2029	-967,4091
-618,8930	-1023,4422
-677,4175	-984,0553
-632,8522	-1008,9599
-657,1012	-1063,0923
-622,1046	-1044,6113
-637,7677	-1043,1704
-639,4064	-1071,2849
-669,6179	-1048,5439
-645,3705	-1050,3790
-678,4661	-1062,8961
-685,2171	-1026,6552
-703,9598	-1096,7787
-696,6208	-1082,8846
-704,7462	-1103,0048
-709,2031	-1132,4962
-685,7405	-1137,3463
-711,3654	-1188,3997
-668,1774	-1231,1294
-755,9956	-1243,8439
-723,0970	-1303,4822
-793,2862	-1283,8210
-775,7232	-1254,5931
-821,2053	-1310,3636
-801,0863	-1268,1581
-823,8926	-1271,6323
-784,5713	-1314,6889
-782,2766	-1308,3977
-747,0841	-1330,1564
-753,8336	-1359,5821
-766,2859	-1347,0652
-749,8358	-1410,5700
-784,4402	-1434,6215
-806,6564	-1468,7011
-838,9664	-1503,2392
-810,0649	-1529,3883
-864,9186	-1573,2985
-785,2926	-1572,6431
-869,5713	-1577,1003
-822,8443	-1613,7345
-876,4528	-1602,6588
-841,6538	-1590,4699
-898,4079	-1622,1230
-878,6821	-1556,1285
-892,7063	-1588,8317
-885,9572	-1638,1137
-912,9576	-1601,8072
-935,6336	-1657,6444
-929,2761	-1669,5719
-957,7855	-1688,3169
-952,3449	-1808,7713
-1000,5803	-1769,6471
-968,5986	-1790,1609
-1022,1420	-1812,1808
-990,2257	-1786,2288
-1023,3873	-1819,9801
-1010,1489	-1835,2492
-1029,4817	-1840,0999
-1002,6127	-1908,1264
-1043,3103	-1896,7891
-1034,8570	-1946,4666
-1048,2259	-2028,7797
-1051,5034	-1998,2406
-1045,8668	-2036,5146
-1061,4645	-2048,6384
-1023,3876	-2035,6633
-1055,8941	-2127,4789
-1037,0847	-2131,2140
-1096,5920	-2132,4604
-1063,4311	-2176,2385
-1179,1677	-2196,6209
-1093,8404	-2244,2003
-1199,5507	-2241,7101
-1164,4233	-2239,7451
-1191,8831	-2311,1136
-1187,8862	-2295,5160
-1226,8137	-2266,8777
-1207,0884	-2344,4721
-1234,2198	-2324,9423
-1281,6690	-2347,2905
-1268,2334	-2353,7129
-1303,8207	-2318,7171
-1309,3904	-2390,8724
-1328,1997	-2379,0756
-1272,9527	-2399,5898
-1345,4358	-2497,5003
-1308,9321	-2463,4877
-1363,3273	-2515,2623
-1324,8583	-2538,7893
-1390,9189	-2557,3369
-1382,6615	-2602,6880
-1388,1666	-2649,8742
-1386,1355	-2648,8266
-1410,5141	-2713,8385
-1394,9829	-2701,6490
-1422,9664	-2717,8371
-1447,2155	-2773,4767
-1447,4119	-2717,8368
-1497,2202	-2744,9696
-1497,2199	-2767,5135
-1544,0132	-2737,9576
-1496,7613	-2817,5183
-1525,5321	-2813,4551
-1488,5695	-2852,7779
-1534,7723	-2924,7364
-1495,5820	-2921,9191
-1540,7362	-2951,0180
-1516,6852	-2994,9270
-1538,7704	-2952,3942
-1523,4355	-2978,2815
-1521,5343	-2981,3610
-1495,7138	-2980,6409
-1497,8757	-3047,2248
-1515,6365	-3027,8920
-1489,7491	-3025,1406
-1527,8262	-3077,3073
-1485,4238	-3094,3466
-1539,6883	-3117,8088
-1505,3466	-3084,6478
-1535,1658	-3118,5960
-1510,4586	-3159,1622
-1528,0222	-3112,7628
-1523,5010	-3117,3511
-1571,6693	-3145,9239
-1555,6796	-3093,5612
-1604,3072	-3148,2838
-1629,8015	-3152,2154
-1609,4851	-3137,0118
-1618,3991	-3177,6441
-1634,2580	-3164,8646
-1638,5839	-3164,9964
-1637,1414	-3196,0601
-1668,0089	-3176,9893
-1603,9150	-3217,0974
-1661,2585	-3183,4115
-1585,9578	-3176,9245
-1634,0611	-3227,9109
-1592,5112	-3197,3707
-1647,4303	-3156,5428
-1608,9609	-3211,0022
-1630,5218	-3157,7212
-1599,9826	-3129,2789
-1603,8487	-3153,5923
-1591,2664	-3121,5449
-1585,8262	-3151,7570
-1608,8953	-3142,7132
-1572,7841	-3155,3619
-1576,7165	-3179,2171
-1533,1341	-3150,3812
-1530,5783	-3175,0892
-1470,4812	-3178,5617
-1512,2931	-3128,2958
-1444,3977	-3154,2479
-1474,6756	-3132,6852
-1457,4392	-3089,4322
-1473,5608	-3111,9758
-1428,4068	-3040,2793
-1448,1980	-3028,2864
-1409,9258	-3025,7952
-1395,9003	-3006,1339
-1410,2529	-2998,4006
-1383,1199	-2964,8460
-1380,9578	-2953,4434
-1321,9095	-2986,8005
-1395,3752	-2957,0470
-1343,5357	-2912,2205
-1367,5220	-2951,8692
-1315,6827	-2908,0904
-1333,4429	-2850,6812
-1275,9022	-2880,3683
-1322,6941	-2849,6972
-1254,2094	-2832,0677
-1265,6779	-2801,1995
-1257,6828	-2744,1833
-1283,6996	-2710,7589
-1226,0287	-2663,9661
-1224,1929	-2678,6455
-1233,1064	-2645,0909
-1218,8188	-2644,2393
-1273,6074	-2706,1705
-1218,0982	-2676,3510
-1274,0006	-2615,4691
-1209,6439	-2673,1399
-1221,3747	-2586,2387
-1128,0512	-2585,9766
-1147,1871	-2582,3715
-1096,1341	-2525,7479
-1102,7523	-2510,8715
-1055,4355	-2471,5490
-1049,2089	-2441,9924
-1016,9658	-2455,0988
-1007,7897	-2389,1692
-1024,9608	-2394,1502
-1012,1802	-2396,1807
-1018,7350	-2351,8127
-1010,8048	-2302,7915
-1076,0791	-2293,7471
-1015,7856	-2237,8446
-1065,1997	-2275,3306
-999,7290	-2210,9737
-1014,7364	-2180,1721
-974,1693	-2195,7687
-969,5814	-2129,9048
-945,9230	-2149,8277
-957,3260	-2131,8702
-943,9571	-2106,8357
-960,1442	-2126,4305
-962,0452	-2094,1864
-956,8673	-2048,8362
-939,7628	-2073,2147
-901,8166	-2037,1695
-906,4042	-1983,4302
-859,1519	-1997,0606
-860,9215	-1910,0940
-824,0899	-1878,2429
-817,7325	-1836,6268
-771,9880	-1794,1595
-763,1403	-1846,2594
-729,6511	-1776,9218
-767,2682	-1768,0101
-739,0224	-1842,5232
-734,8280	-1767,6157
-754,0963	-1749,5939
-753,7024	-1747,0375
-754,3584	-1715,2526
-724,4083	-1745,1363
-787,4542	-1686,4156
-747,6078	-1670,8840
-789,4863	-1677,3054
-755,4725	-1593,1571
-809,9334	-1604,8878
-752,9820	-1597,0222
-767,7276	-1548,0013
-704,0917	-1566,2200
-726,9633	-1547,8039
-655,3976	-1523,3598
-683,5122	-1565,0406
-660,9679	-1512,4152
-659,0013	-1515,1681
-625,3166	-1522,9662
-639,4716	-1481,9404
-643,0109	-1508,7443
-641,8306	-1441,1760
-651,8582	-1395,9568
-601,5917	-1437,1781
-626,6269	-1395,3000
-616,6645	-1361,8772
-602,5743	-1401,5914
-562,3349	-1380,6852
-566,5943	-1407,2931
-489,1963	-1409,4553
-518,4904	-1360,6973
-483,8876	-1399,4285
-508,9872	-1371,2474
-506,4973	-1300,5346
-482,6418	-1339,8557
-492,6036	-1312,0023
-469,0754	-1302,3688
-466,7822	-1307,1524
-439,5184	-1264,9473
-484,4767	-1280,4791
-471,3686	-1249,1526
-472,2211	-1223,7905
-439,2565	-1267,5023
-491,9472	-1214,7456
-434,7995	-1223,9867
-443,5158	-1221,6923
-422,8066	-1164,1520
-440,5006	-1213,1072
-402,9492	-1162,7092
-421,1022	-1150,7165
-430,2125	-1170,7697
-414,5485	-1103,8571
-426,4116	-1085,5730
-404,8494	-1092,1255
-413,6974	-1045,4636
-399,6722	-1031,3727
-441,0254	-983,9905
-380,0109	-1002,4059
-432,6365	-1023,9670
-370,1802	-983,3345
-408,8465	-1006,7969
-354,7138	-1015,4469
-407,5355	-957,1858
-342,7863	-999,7186
-389,3164	-973,6347
-339,2474	-947,5521
-353,2715	-995,5239
-328,1716	-925,3346
-318,2091	-926,5143
-298,5487	-942,6353
-269,7779	-884,7668
-303,1358	-881,6867
-254,5075	-878,8680
-314,4735	-825,3907
-279,5422	-859,8625
-300,5141	-815,1661
-271,5470	-782,2021
-278,1664	-795,2433
-263,4860	-783,7739
-277,7726	-763,3928
-230,9147	-796,1603
-243,4314	-748,5815
-227,9654	-782,3326
-223,6393	-794,2595
-239,2375	-754,2831
-231,7003	-774,0092
-235,6988	-776,1063
-238,5166	-741,8965
-267,6146	-758,2802
-248,5436	-710,0453
-277,8379	-726,1016
-235,4363	-705,7192
-277,7720	-689,8603
-196,3111	-752,4467
-248,8053	-704,7365
-203,7821	-729,3792
-242,1858	-748,1215
-215,8410	-695,6275
-218,8549	-718,1064
-230,1931	-703,0324
-187,5285	-678,6531
-208,3039	-704,8018
-167,8672	-641,1000
-193,2958	-614,8208
-177,5008	-640,4444
-182,5475	-607,3481
-139,6870	-580,9375
-194,1474	-602,1053
-177,8944	-564,0291
-215,2500	-604,0061
-218,3962	-592,3402
-255,0308	-564,2262
-220,6252	-631,8588
-260,3393	-613,4430
-209,8117	-598,6983
-213,7430	-614,1644
-184,1867	-576,6778
-184,1203	-576,0221
-168,9165	-511,7964
-147,4854	-508,1918
-150,5007	-516,5134
-138,7034	-463,4946
-153,1867	-436,1663
-108,6223	-440,2287
-169,7670	-398,4170
-119,2389	-408,5094
-179,0735	-391,6010
-158,4954	-409,4273
-197,4239	-461,1351
-161,8385	-449,9287
-206,0747	-461,6604
-168,1954	-507,2076
-160,1997	-460,3493
-179,5331	-479,4863
-151,5484	-482,8278
-138,6386	-463,5607
-129,9868	-524,8367
-142,3080	-467,8202
-119,5008	-458,3185
-138,0479	-516,0547
-104,1001	-455,2372
-146,7641	-452,4194
-108,8186	-454,9093
-156,1358	-420,6339
-130,3804	-426,0079
-153,5799	-409,0334
-117,6010	-351,0345
-116,3558	-380,9183
-120,8778	-341,4650
-116,3550	-328,2929
-105,9354	-357,5210
-83,2591	-283,6622
-92,2378	-343,0377
-45,5756	-318,0678
-96,1042	-301,4881
-60,5175	-362,2393
-109,6697	-309,7450
-49,3111	-306,4034
-94,5312	-368,5964
-68,8411	-330,3891
-105,4098	-337,6638
-73,2318	-359,9463
-48,5901	-352,9339
-28,1433	-365,9102
-1,7968	-368,2036
12,8175	-343,1039
35,0349	-388,3888
19,3061	-339,5642
33,9211	-358,3077
-4,7457	-320,4272
10,5245	-273,8977
-13,4622	-335,0418
3,5116	-298,2759
-45,3127	-278,7468
-26,0453	-345,6587
-68,8402	-306,7301
-29,7158	-312,6292
-77,4255	-315,5775
-32,9928	-271,9310
-59,1411	-323,1801
-43,4127	-302,2733
-17,3289	-291,0675
-37,1868	-325,6702
-25,5863	-301,4875
-36,7278	-299,9807
10,0651	-338,4496
-26,9628	-294,6715
24,4833	-285,1690
3,3151	-292,7703
1,8081	-238,8345
-6,0558	-264,9827
34,7071	-224,3504
1,2841	-235,3607
26,3188	-263,6718
11,9011	-231,1662
28,4154	-245,0605
20,4862	-238,8341
22,1239	-226,1861
37,5909	-253,7110
27,5633	-236,4747
50,5671	-237,3271
-11,9548	-252,9241
4,2987	-220,8116
-44,7888	-211,8982
-40,0700	-212,6844
-76,7051	-186,8631
-39,6117	-199,6423
-90,4021	-194,8583
-29,8466	-186,7325
-53,3738	-218,1242
11,5067	-204,3616
11,2450	-204,8863
12,9494	-234,9666
72,7188	-210,6528
69,6376	-208,2938
52,5995	-228,6099
27,2363	-229,4620
62,9540	-251,2199
2,9218	-214,5854
13,8671	-206,7215
-45,3122	-230,7074
-0,0267	-200,0364
-33,3846	-226,6441
3,4464	-231,8207
-24,4061	-192,5651
5,6744	-212,5535
-21,9812	-177,4914
7,0502	-186,6668
-32,9913	-212,9464
-26,6352	-191,0574
-18,1151	-178,2129
-29,9781	-205,4753
-54,8156	-178,8677
-73,4940	-185,9457
-48,0658	-172,4447
-109,7356	-129,0602
-32,3374	-143,0188
-93,5480	-118,7700
-42,2331	-86,4611
-61,3041	-128,0105
-10,7759	-119,6216
-52,8496	-154,8151
-17,4604	-139,7415
-32,4021	-155,8643
-28,6014	-193,8749
-26,3725	-164,3185
-24,6042	-165,8917
-32,7950	-195,0549
-41,5120	-153,6362
-19,5568	-191,0578
-34,1065	-205,8682
-40,3975	-189,7470
-74,3454	-223,1049
-25,1280	-202,5918
-57,1098	-192,8932
-40,7257	-198,3977
-72,4446	-191,8440
-12,9385	-178,7365
-84,7001	-149,4415
-45,3789	-115,8873
-75,3287	-153,7008
-36,5973	-126,3724
-35,7450	-126,5039
-25,8490	-181,1607
6,1334	-160,7789
13,9972	-145,5752
38,0498	-162,9421
2,9878	-148,3274
27,1710	-159,7962
-6,8425	-135,0232
25,7290	-131,4196
-3,8276	-191,9745
59,3490	-162,5487
20,4211	-188,5675
79,7969	-213,7324
69,8355	-192,6957
101,2267	-161,1730
76,0614	-176,9011
68,7208	-123,4894
64,5271	-167,7261
46,5034	-152,1277
18,0613	-122,6373
-25,6522	-190,9255
-31,6153	-163,4661
-35,6137	-193,8755
-22,1784	-205,2786
-40,2659	-205,9346
28,6774	-255,6105
-38,6933	-192,8928
0,7595	-200,1026
-19,1636	-246,9599
9,8678	-208,9491
-52,9153	-203,0514
-95,3180	-241,0617
-119,5658	-222,4498
-129,2666	-259,5435
-158,4296	-266,3590
-148,5345	-244,7983
-142,9631	-311,4481
-133,9851	-259,9363
-90,4030	-232,4779
-118,5176	-284,4467
-36,5315	-220,0908
-77,2294	-241,7834
-6,3845	-241,0621
-53,5048	-225,9236
5,8055	-246,4360
-17,9186	-222,3840
-13,1349	-202,1339
-34,4989	-242,9627
-45,1167	-246,6328
-29,4531	-276,3210
-56,7827	-265,7043
-66,0879	-260,2652
-69,3654	-295,6543
-61,2385	-259,5434
-94,7929	-231,1012
-52,1292	-252,6618
-119,4347	-195,9077
-76,5741	-207,6390
-132,7390	-229,9862
-95,5141	-201,2164
-107,3761	-251,0236
-82,3417	-236,8020
-67,5955	-255,3497
-58,0933	-268,2598
-52,1945	-251,2208
-68,8411	-281,6293
-41,9710	-260,2644
-69,2346	-255,8734
-54,3567	-260,1336
-43,4784	-255,4148
1,4144	-250,2380
-64,9736	-288,6418
-0,7479	-260,8544
-59,5998	-256,7261
-20,5400	-294,4745
-67,5947	-261,3793
-7,1055	-309,8763
-66,0219	-318,4609
-17,1328	-271,6688
-45,5091	-317,9368
0,1690	-250,3032
18,8478	-264,9834
40,8022	-278,2867
91,4624	-259,2814
22,9766	-276,9107
32,2835	-265,2453
-4,0249	-264,1970
-27,4210	-265,2455
-77,0977	-234,5743
-25,3901	-242,1111
-80,0470	-266,4243
-45,9027	-249,6473
-69,3646	-253,2522
-39,3496	-304,2391
-68,5126	-275,0762
-45,5759	-345,7248
-58,2233	-347,8217
-26,5044	-374,2991
-19,6884	-405,0351
-27,0941	-356,4737
-2,4521	-391,4046
-47,1483	-406,0183
-12,0202	-357,1288
-38,4970	-397,9575
9,3447	-347,6904
-17,4591	-301,9475
50,3706	-361,8463
14,3260	-323,5073
32,6762	-291,4611
27,3679	-339,4327
14,9154	-293,1641
2,7921	-307,3204
44,4718	-314,2014
21,3380	-310,1384
8,6239	-343,1682
30,4483	-323,5731
43,3577	-307,9106
49,6499	-351,6882
7,3787	-318,9200
17,6682	-321,6734
-23,0299	-344,4133
17,3400	-293,6891
-44,5262	-349,3943
12,8177	-319,4437
-36,2684	-277,8951
23,8279	-350,1803
-17,9835	-298,4069
33,2652	-296,4420
18,8478	-350,9674
20,3546	-316,3646
20,5522	-351,1645
19,3718	-360,9942
37,1324	-340,0235
6,9850	-369,7764
21,1414	-339,8924
-38,0378	-341,9897
56,3345	-361,4535
0,9562	-323,6397
40,4093	-374,9539
1,0219	-322,5901
41,2613	-307,4523
21,0103	-348,7388
28,8748	-300,0460
36,7397	-295,3934
52,9265	-347,3629
43,9489	-301,6840
59,9391	-293,2960
79,3381	-315,3810
54,5648	-281,5645
42,8999	-317,9368
9,3447	-265,9662
-0,3543	-245,7821
-23,3581	-328,7497
-6,2527	-284,1196
-2,9107	-288,7081
32,3478	-331,9618
5,2163	-334,5835
54,9583	-359,2252
9,5423	-329,4062
63,2810	-338,5817
21,5350	-360,5349
36,6729	-303,9773
22,3865	-279,2705
-21,2614	-289,8871
-39,6764	-282,8090
-62,3530	-284,8408
-77,1638	-258,9541
-99,9051	-262,2966
-31,8129	-277,3038
-66,3505	-236,8023
0,4314	-226,6450
-8,8742	-267,0145
46,7005	-245,3222
18,8480	-269,0464
48,7322	-267,4736
27,5643	-287,2003
31,4955	-340,6119
15,3746	-288,3146
8,3610	-297,0317
4,3644	-360,6664
-11,4963	-302,6671
-7,9567	-275,9941
-41,9054	-257,0541
-29,5184	-237,4581
-74,0180	-249,4509
-33,9753	-219,9590
-70,8065	-184,3081
-33,5165	-249,6470
-41,3806	-245,1906
-26,3076	-241,4557
-55,6017	-282,8746
-19,0332	-270,1604
-47,0822	-274,4861
-40,0048	-266,6214
-41,3805	-240,6035
-53,8332	-224,8092
-64,7770	-184,2419
-75,3292	-159,9938
-61,0418	-171,4616
-78,6717	-106,1874
-51,9323	-114,7075
-79,9163	-142,2973
-21,3922	-134,5647
-49,9004	-192,8917
-32,3365	-140,0698
-73,4930	-127,9464
-44,0024	-170,2820
-79,1296	-120,9332
-76,9679	-129,5189
-100,1014	-137,1860
-83,3250	-116,7394
-71,3971	-204,9506
-72,8388	-156,8469
-36,7277	-171,2660
-40,6603	-237,0635
-12,0203	-194,5960
-57,4376	-184,7663
-45,7063	-184,3726
-90,6643	-144,5272
-52,4571	-191,9749
-91,0574	-180,9646
-27,3565	-192,3688
-67,3331	-274,9435
-24,0796	-215,6995
-42,2321	-222,1226
-9,4653	-254,6279
-27,8800	-194,6620
-8,8753	-180,6370
-7,8260	-129,6494
-27,0939	-75,7131
13,8013	-115,0999
-44,2646	-78,9232
-14,6417	-51,5299
-85,5524	-83,5767
-22,2452	-71,5838
-124,4157	-89,5403
-61,2390	-66,7992
-115,5029	-66,8651
-60,0594	-96,6177
-74,8044	-46,0897
-36,0077	-60,3117
-62,8762	-117,5898
-28,6015	-104,2206
-55,8643	-122,9648
-72,7073	-147,6715
-79,8506	-135,0893
-99,9708	-168,9060
-58,9453	-162,5484
-123,9571	-117,2637
-43,6097	-151,2104
-97,9394	-103,3689
-68,7099	-68,3727
-91,7786	-74,0737
-73,8222	-6,8993
-92,8925	-39,9296
-50,8192	-29,9675
-61,8281	-39,1429
-29,1264	-67,7815
-54,9463	-25,7737
-26,2423	-58,7388
-43,2812	-86,3944
-72,7076	-68,1757
-54,2264	-88,9509
-113,9956	-102,9097
-75,6568	-53,1684
-115,4378	-88,0989
-92,4994	-74,1392
-111,2429	-57,1658
-43,9372	-99,5673
-77,4916	-70,9933
-12,7418	-83,6424
-45,5092	-87,9675
34,8375	-50,1536
-8,8088	-86,0671
16,4880	-65,3576
2,7913	-73,2221
0,5627	-94,6523
6,3304	-87,9020
-10,3821	-93,1454
10,0654	-108,0872
-41,1188	-79,9724
8,2304	-84,1012
-52,7190	-80,8239
-19,4257	-45,6315
-59,9929	-88,8847
-20,5406	-21,9718
-89,0258	-0,0833
-73,6253	-13,9762
-90,6644	21,6753
-88,8959	-13,9762
-96,1043	-13,6485
-85,4879	-22,4965
-92,2377	-46,1547
-92,4999	-24,0693
-50,2944	-38,0288
-86,9297	-31,9987
-55,1434	-5,0637
-76,9679	-5,9158
-34,3030	-13,7140
-72,0517	-5,7190
-21,8506	-57,0332
-40,4628	-9,0610
14,5217	-18,8266
-31,2225	-57,8859
-20,9333	-45,3028
-3,9593	-50,3495
-24,0795	-54,8713
-33,5158	-36,9147
-42,1020	-55,0027
-66,6120	-38,3564
-84,1111	-27,0841
-72,3142	-43,2709
-124,3503	7,9127
-95,1866	17,2187
-140,7346	12,0418
-125,9234	7,7820
-162,0996	23,0519
-97,8087	9,8795
-125,1368	31,2438
-64,2539	-1,1307
-65,2361	4,3741
-24,6693	15,7113
-0,0927	-16,5977
31,8230	24,2315
16,1605	14,8597
-7,3672	33,6040
12,0320	74,4326
-22,2444	50,1193
-3,8277	67,4211
-3,7628	95,0765
15,1118	9,6178
-19,4251	19,6444
47,0282	-23,4789
-25,4548	-22,9544
25,1392	31,6364
-38,4308	-11,0272
8,2305	20,4309
-15,0351	45,3995
-21,6546	7,9130
-31,0913	5,6193
-24,8661	-4,6050
-24,7345	-53,4946
-26,5045	-17,9089
-1,9277	-75,3185
-25,0621	-37,3731
50,5016	-19,6138
5,6091	-79,3164
54,8273	-31,6057
1,9397	-6,7678
44,7350	-15,2215
13,8674	-1,9176
59,2179	-2,9004
9,6073	6,6679
49,1249	41,0744
6,2649	11,4521
29,5951	54,7720
21,9277	52,9359
-8,5469	9,6828
1,7426	46,3830
-33,3857	41,4672
-48,8516	12,5010
-100,6258	36,8147
-71,7243	-20,2670
-151,9411	31,3754
-92,4344	24,3622
-136,1472	-17,7118
-89,6164	5,7504
-103,7061	14,1379
-36,0728	-17,3182
-51,2767	35,1757
-10,1856	-19,4155
-5,0077	29,6718
16,6185	34,8481
25,7286	-4,9314
19,8958	8,1752
33,1349	-18,8261
32,4789	-28,7876
37,3296	-29,0502
35,8216	-78,0054
52,5337	-27,3460
26,4501	-2,9017
73,6360	-42,9433
5,2821	11,9105
69,4421	-4,8016
31,8242	-13,1238
59,6112	18,3331
47,8147	-17,8429
36,0173	8,6995
5,0852	12,1724
11,2451	-47,2683
22,8454	-1,3279
18,5196	-16,0087
35,2973	-83,1174
5,0846	-42,5501
30,6444	-38,3567
-13,0689	-44,0578
10,3278	8,5020
-56,5849	-44,9749
-24,9314	16,5637
-81,4886	2,3417
-40,2671	-26,6899
-58,8133	-5,3257
-22,1794	-7,0954
-53,8980	-65,5535
-22,1138	-51,1358
-38,9559	-81,9378
-38,1044	-59,6558
-23,4240	-45,0415
-66,2191	-64,8985
-21,2610	-19,3506
-40,3979	4,3072
-23,7514	-36,8486
-29,8462	-18,5637
-16,5420	-29,1810
-28,8623	1,9489
32,6757	-15,7463
-13,0682	-36,3242
40,7368	0,2450
-1,0097	-34,4242
25,5976	-66,6674
-6,6456	-35,4069
14,3252	-35,7355
19,7651	-52,0535
6,4607	-36,5216
31,5614	-87,6393
-4,8113	-30,2951
37,1320	-50,4809
-31,5499	-79,0541
19,1097	-54,7404
-46,6231	-64,5058
-4,7458	-75,3843
-46,2303	-58,6731
-52,5219	-80,3000
-65,6945	-72,0420
-28,3398	-54,2820
-80,5059	-54,5436
-56,4544	-29,0502
-46,2304	-18,0401
-45,9033	-43,6646
-22,5062	-23,0862
-45,3790	-53,5608
-24,8000	-50,6768
-51,6702	-37,1115
-26,2419	-94,2588
-59,2064	-77,4813
14,0630	-74,7293
-21,5228	-106,9732
42,3095	-96,4874
2,5946	-114,2479
18,4545	-147,5398
-10,4464	-82,0697
20,0270	-119,8183
-23,8162	-71,2555
-7,3017	-36,7841
-1,6654	-63,1946
-15,2318	-24,2003
6,5924	-26,1014
-16,8700	-44,1230
16,0295	24,3617
-24,4722	-28,5260
-2,3204	11,8450
-25,5206	6,6016
12,4249	-28,5905
-36,2685	22,7899
5,5433	11,1238
-45,7056	-33,3746
16,6843	-8,3402
-16,7385	-38,2251
26,2525	-19,9401
-11,5613	-6,2437
0,2348	-49,8246
3,4462	-7,0294
-50,4905	8,0429
-2,5177	-64,5702
-56,4547	11,1893
-27,2251	-31,6063
-75,0012	-11,8133
-43,4779	40,5491
-85,8146	-28,2630
-52,5224	26,3942
-91,5163	9,0262
-53,6368	-73,8763
-96,3660	-28,6567
-40,0708	-93,6690
-57,6995	-83,4447
-47,2141	8,1084
-37,3176	-41,0439
-38,1051	-48,3171
-46,5582	-7,1610
-62,2221	-41,1082
-48,5898	0,8346
-72,6416	-42,4195
-23,7518	-31,4086
-79,9820	7,4537
-62,5489	-30,2950
-79,6539	-27,8042
-43,4129	2,9968
-82,4062	-66,2743
-50,7525	-19,8748
-41,8389	-41,5682
1,2829	-108,1522
-17,1317	-51,1361
20,1577	-86,7227
5,0849	-74,9908
-3,5008	-20,3994
9,8035	-27,4766
-37,7108	43,6303
-17,0007	41,8607
-49,4420	11,4529
-45,9682	69,7795
-105,4099	47,4967
-70,2826	16,8916
-121,0076	-1,5896
-54,7508	-23,6098
-95,5793	-8,5366
-38,9559	15,7112
-42,2325	-22,3650
-37,1210	-14,0416
-40,5935	-27,6730
-28,7330	-13,3203
-55,5363	29,0803
-52,5880	-44,5817
-45,3788	13,3527
-76,7050	38,1245
-28,2735	6,7991
-51,4077	58,5072
-5,2046	48,2829
-34,4332	-2,9652
41,7851	41,7952
-20,5397	14,4665
11,9009	15,8431
-5,5321	27,3768
-29,3876	-26,6244
-30,1738	-6,1772
-24,8007	16,3668
-33,3198	-11,1585
-37,3836	18,2020
-1,4038	-16,2702
-30,5679	26,3944
-10,5787	35,4377
-74,8042	6,2746
-28,4040	25,2805
-48,5895	26,3282
-0,2895	0,8352
-31,8775	18,7262
38,3770	-3,9497
-21,0642	-28,9187
12,8179	-6,9646
-28,0763	-73,3524
-22,6376	-4,4081
-28,3390	1,5554
-60,1905	26,9843
-78,6056	59,8183
-85,3567	82,7557
-88,5018	59,0980
-90,7304	83,5423
-46,4276	50,3153
-94,7280	32,6207
-54,8813	41,0742
-110,7182	-19,2844
-49,3766	15,2532
-111,9637	-10,7001
-74,6737	-32,5885
-111,9636	-1,1317
-66,8096	-45,8929
-51,6049	-32,3265
-44,9206	-12,6661
-24,7344	-31,8021
-19,3609	9,1580
-15,2967	24,3626
-34,6957	-1,7863
-12,4132	34,7830
-40,5290	27,0496
-53,6359	30,3267
-70,6757	23,2487
-63,9255	15,3848
-96,8244	29,8676
-45,7066	-1,3279
-97,6113	-48,1858
-64,3190	-22,2338
-80,7028	-26,4284
-67,7930	-2,3108
-59,9934	17,1533
-74,0188	-6,3086
-68,9717	4,2431
-68,3170	15,3838
-58,6172	-17,0564
-91,1891	-13,5171
-47,5417	-0,1487
-90,5990	-34,4237
-53,7673	-6,3749
-83,1929	-77,2192
-15,3637	-55,1987
-80,9647	-16,4679
-28,0772	-66,9297
-85,1587	-0,4105
-21,8514	21,6748
-62,7455	7,7167
-51,2118	87,6705
-62,1557	31,3098
-35,3524	73,0570
-49,3110	106,9383
-52,4570	36,1602
-51,0802	86,3609
-72,7070	88,3919
-16,6080	58,9009
-32,9266	38,9780
1,8730	34,3244
-55,6675	9,8140
-31,1570	14,8597
-83,6515	-9,9786
-67,0058	-16,2696
-95,6449	29,8668
-98,9226	-28,9182
-94,0723	4,1774
-89,8135	-2,1144
-81,5547	-12,8622
-67,9239	0,7696
-35,6797	14,9252
-76,5744	33,8654
-65,3013	54,0503
-54,2918	11,1902
-33,0581	43,3031
-65,6945	31,1123
-17,7879	-18,4979
-76,4422	-9,5854
-29,7151	-25,0523
-68,3154	-14,2388
-5,2048	-25,9047
-44,5921	-45,7613
-46,7550	-15,3524
-46,2303	19,3813
-33,3859	26,5255
-22,6369	60,4730
-27,6186	17,8745
-22,7023	20,1034
-32,0094	48,4794
-12,6103	-17,9737
-67,0055	35,5036
-22,8996	28,8185
-77,0321	-13,3207
-5,7294	11,5834
-86,4042	4,6358
-37,5799	0,0488
-87,9772	21,1509
-62,6810	-6,8984
-95,5796	-7,8155
-80,3104	7,1263
-104,8205	-21,7091
-99,5125	15,1221
-79,1303	15,5151
-94,8595	11,3211
-56,2579	37,9944
-89,4851	16,4981
-45,4442	16,0400
-92,3026	41,9914
-35,8103	-30,5564
-65,5636	39,6325
-31,6159	13,7448
-82,0122	-38,3555
3,5113	-14,4351
-52,9148	-31,6061
-52,3255	-32,4576
-80,5056	-1,7872
-58,0277	-33,1785
-58,4208	-8,7986
-78,9994	20,8232
-53,3086	-20,1363
-58,5518	10,4037
-32,4022	22,0683
-37,5143	7,1266
12,3591	15,5806
-30,0429	-11,6166
8,2962	25,2802
-44,9845	14,6628
21,5340	-34,3577
-54,2255	26,7872
-23,9482	-6,8991
-46,3613	-47,0715
-61,8285	23,5103
-55,1433	6,0118
-49,4424	-22,2333
-47,0170	17,7432
-65,0398	-10,8959
-11,9547	14,9253
-16,0184	6,9951
37,0008	-12,0099
-19,0321	10,9273
57,9733	-17,5810
6,6580	-21,7743
26,3191	17,0875
-36,5960	-9,0614
-25,3239	-31,8019
-51,9318	-9,4546
-15,4291	-42,8124
-61,6314	-24,7244
-54,6194	-30,5576
-27,2905	-56,9680
-50,0324	3,7834
-37,9730	-41,1746
-71,2003	-27,0838
-53,7018	10,2714
-83,2591	-24,7897
-48,3283	10,0755
-90,5990	30,0637
-31,7472	-6,5703
-47,0169	27,3769
5,0845	-19,6123
-15,3623	-0,6064
-3,5662	25,7386
-23,7505	6,2744
1,8077	8,6992
-5,2698	0,7687
3,3149	-56,3783
9,9349	-16,7946
17,1430	-55,7887
21,8624	-3,0316
-12,3480	4,4386
-1,2719	-31,0811
-28,5352	-2,3108
8,5580	-7,0298
-40,6596	-19,6125
13,6701	-9,7165
-21,9816	-15,8113
32,6755	-0,8031
-3,1721	24,7556
37,1319	12,2386
5,0202	22,9868
33,9861	36,4868
6,0685	8,7651
21,7964	5,6194
4,2988	-4,5392
-7,1705	-6,1775
25,2049	-14,3045
7,5749	-15,4177
-0,0920	36,0936
4,2329	40,3533
7,9684	26,2637
-9,9227	74,8912
24,1554	47,3002
-37,6443	-5,6520
11,9660	67,0924
-30,1736	1,2280
-17,5259	-13,5169
-43,0191	-4,6705
-42,9543	-43,7950
-23,5552	-4,4080
-59,7971	-5,6535
-21,5232	-9,2576
-50,8186	47,9553
-23,0306	32,9472
-67,3330	8,6342
11,3103	59,6863
-53,3738	-1,0655
-2,7802	2,4734
-65,1043	11,3855
-25,4557	-82,9857
-62,5490	-39,8630
-42,6264	-41,0436
-78,0155	-43,2058
-60,7147	-32,5239
-77,7535	-72,6312
-71,3971	-26,2316
-78,9989	5,0287
-80,9001	-17,8428
-68,4477	6,2092
-95,7113	3,9806
-62,6806	-24,6585
-107,7696	-13,5177
-62,7459	-45,6957
-99,8395	-24,5933
-55,8647	-31,2787
-94,7271	-77,3502
-25,6526	-55,9854
-48,1962	-57,8867
7,0500	-75,5808
-31,1563	-47,4001
8,4271	-61,5558
51,8778	-16,7288
25,7939	3,8488
38,8367	-52,5769
33,0688	20,1031
47,4874	45,3338
-1,3375	18,3337
25,9915	70,2385
-18,9667	34,7174
3,4467	12,4357
-27,7488	20,7577
12,8175	-35,4064
-53,4389	-9,9785
-5,0738	11,9102
-25,3237	-17,0563
-7,4336	29,2777
-44,0673	27,7703
-22,1133	-2,1137
-32,7957	22,2655
-34,3033	-41,3702
-19,5571	-29,6391
-19,5575	-24,6591
-11,4958	-86,4600
-12,9378	-73,8769
23,1072	-63,7848
-24,8653	-39,9946
13,9325	-5,0637
-4,2208	-5,7840
66,2302	63,4226
20,7484	66,0434
58,1039	-9,4533
19,8310	52,6746
31,2991	30,7191
-1,9273	1,5560
-3,5009	21,2826
-0,5513	6,0125
-4,9426	31,3755
18,9133	82,2967
5,4126	52,6747
61,3808	77,0543
14,7192	80,7896
72,1947	36,8811
31,5621	76,9887
63,4780	45,4000
7,1172	32,0963
41,3921	47,5626
14,5226	-0,5410
35,1656	2,2771
16,3571	-3,1631
-18,6401	-37,1762
-64,9078	0,2450
-71,0039	-9,3241
-74,3460	-46,6787
-88,8300	-11,2236
-52,7191	-4,4081
-73,6907	5,1602
-6,6468	37,7973
-54,4878	15,4496
7,3134	30,5233
-6,7771	33,4063
21,1413	-8,2743
2,5950	14,5323
26,8424	-15,2214
-3,5656	3,3259
28,4806	56,1473
1,2182	7,3886
-1,2726	35,5041
16,6846	54,2469
-11,1030	19,3166
30,3163	57,5892
6,2642	8,3062
43,7510	15,9744
-16,6073	39,1734
32,6759	-1,6550
-1,2062	32,6204
62,2982	31,7022
3,5780	-21,5780
54,4336	26,7218
-31,6803	0,4415
33,7238	-24,4616
-8,6779	-3,8840
6,7884	-59,4585
0,0388	-40,7811
-12,8068	-49,0395
13,1460	-130,0415
-17,8532	-71,5835
-11,1028	-61,2293
-29,4534	-72,2386
-36,3345	-37,4388
-70,4133	-44,0580
-37,1867	-31,0158
-86,3387	4,6354
-45,1824	-33,8992
-112,8154	15,7776
-81,0308	48,6106
-84,2418	9,2897
-68,1862	49,2669
-60,3212	32,3580
-57,5690	23,7082
-51,6044	66,1744
-49,7044	-13,1888
-11,3655	37,3398
-66,1538	41,5335
-9,4647	52,3472
-85,5520	33,3417
-12,2169	20,1031
-59,4688	0,3766
-17,7873	0,5071
-46,8854	-34,8827
2,6597	-36,9143
-26,1102	-39,3397
1,5455	-45,5648
-30,0427	-0,6727
-18,5742	-11,5517
-19,2950	-26,1654
-22,5067	13,0246
-14,2484	1,0966
-17,2635	5,8158
9,4757	32,8161
-28,7323	-13,7138
17,9954	40,1571
-29,5187	40,6151
-2,9106	0,9010
-23,4234	52,5431
16,4880	7,1265
-38,1035	10,0762
10,9174	27,7705
-18,3114	-5,2596
28,2188	34,3242
29,7264	10,9272
24,0905	15,3842
54,1065	24,8868
30,2507	26,2630
33,0038	13,7456
-21,7854	32,0955
-13,6584	-20,8572
-64,8429	23,9041
-19,2950	11,0585
-43,8712	-15,4829
18,1262	25,8698
17,6675	-4,5393
36,3456	-24,4617
6,1342	24,7553
58,2349	-52,1839
26,4499	2,7360
1,5461	4,3730
10,0004	-72,3030
-19,1643	1,3592
-30,5668	-24,5937
-32,5993	-40,3874
-13,4619	-30,0985
-35,0241	-55,0679
10,4587	-49,8905
-35,9412	-29,1165
-23,1613	-96,7488
-53,8325	-58,5412
-27,9461	-50,8744
-66,8746	-105,5309
-52,4570	-80,9552
-89,6815	-89,6064
-79,0651	-119,8180
-130,4450	-56,6416
-121,7954	-68,0446
-146,7637	-42,8780
-129,5287	17,9390
-120,2219	-21,0546
-120,6150	3,8498
-75,1978	9,3546
-62,2874	-2,6384
1,5454	20,5612
-15,5594	-30,8195
25,8596	-32,7851
-8,7430	-11,2246
23,4352	-62,6045
2,1361	-34,2925
54,3023	6,4705
15,8331	-8,2092
44,9966	29,8674
45,3902	4,2428
54,7611	22,9212
31,1034	34,2583
15,3084	-5,4559
19,4376	33,4723
-14,7726	29,5393
28,6125	-36,1927
-22,4403	-2,9659
27,5638	-16,9259
-31,6154	-41,3698
-3,0416	14,7284
-55,9949	-9,5853
-12,0861	22,1999
-72,6412	30,3264
-22,3754	29,4089
-37,9072	27,7706
-6,8436	28,1636
-14,9037	12,2384
-10,2509	30,9162
33,4620	4,5052
3,1836	34,3243
13,5390	29,9989
-42,7569	36,6839
1,5458	66,6336
-46,6888	50,5117
19,3719	49,3324
3,3157	77,5123
40,3434	32,2270
17,8651	18,2030
23,0420	57,6549
11,2459	11,5833
7,7060	26,1327
-5,0075	48,2831
16,2252	8,6341
-14,1828	32,2924
-3,3696	-19,0224
20,2239	-11,2234
-12,0861	-22,8898
13,2769	-52,8394
-25,9145	-24,9213
-42,4293	-24,5284
-71,3308	-40,9117
-44,9203	13,0902
-77,3601	-4,9981
-25,5869	-1,5241
-37,4483	33,2754
28,7427	19,1199
-20,9329	68,9931
32,3476	76,9881
12,4252	30,7863
24,3522	85,1812
23,1076	87,8675
29,2674	62,9647
55,8102	113,9512
11,7039	71,9427
54,0411	79,1521
23,5663	77,3820
60,6600	25,2154
18,3891	33,9317
43,3583	40,6811
13,2116	14,5325
20,0269	45,5306
-33,3845	-19,2844
7,5093	3,0639
1,0214	15,9734
-0,4865	-37,5036
30,7096	-26,6901
18,7161	-12,0108
61,1188	-66,1431
29,0056	-36,9145
55,0895	-70,0761
-2,1240	-73,2214
41,4581	-24,7910
23,5011	-75,5154
97,5569	-28,0011
79,9281	-11,8798
107,2570	-30,2948
78,4214	-20,3332
120,4296	-16,2050
75,9306	-14,0419
59,1530	17,5458
44,2765	-46,4169
34,1831	-12,4029
33,0693	24,2961
-5,2700	-49,6278
15,1781	-16,2041
-33,8438	-9,9136
9,3453	-24,5930
-8,1538	-15,0252
0,6285	-32,2609
-28,4043	-36,1273
-16,5422	-12,7973
-46,9510	-63,1942
-14,3145	-30,2955
-39,6770	-36,0631
-35,9416	-68,6997
-39,3488	-63,0636
-24,2763	-48,3837
-44,5260	-64,1125
-13,2662	-65,6859
-27,8146	-122,5705
-32,8615	-56,1168
-46,7545	-34,6221
-64,3843	-89,8020
-40,5949	-1,5247
-115,9614	25,6068
-57,6341	14,5324
-92,8273	64,5359
-62,3525	22,6593
-58,4201	66,1098
-24,0137	79,6750
-31,6809	19,1862
-10,2511	74,3018
-2,1896	30,6543
-9,2679	40,0261
-5,1386	19,7098
-6,3840	2,0803
22,5831	-1,3926
-25,7829	20,5613
27,3671	-40,8460
-52,3905	-14,1075
23,2385	-50,5462
-36,7927	-71,7137
11,7700	-26,0358
-26,1756	-54,5441
18,1266	-41,9605
-34,6953	-31,2132
-15,1003	-54,8709
-20,0149	-35,9965
4,1667	-17,2535
-3,0411	-40,5181
13,0799	14,2043
14,0636	19,1849
-9,6613	25,6736
-17,5252	67,4199
-57,4370	31,7684
-0,4859	54,2476
-33,7130	40,3531
28,4156	-10,7643
-3,9589	37,4698
41,1297	22,1335
14,9158	-10,3060
57,2518	33,0129
19,9625	-29,5736
75,2088	4,5053
28,6132	26,5900
37,8531	-16,8600
27,7607	-8,1430
10,4590	4,7670
50,4359	-15,0244
-1,4034	7,8474
31,2998	-27,0833
-15,8212	-8,7333
37,7219	-7,8168
-26,3727	-70,9275
2,4632	-30,2952
-52,7182	-34,2277
1,6767	-31,0819
-25,9141	4,7668
9,2133	-16,3356
-7,4979	11,7801
7,9028	46,3165
8,3622	-12,7963
-0,2896	16,1706
-22,7024	5,8808
-38,5629	-16,3350
-33,9094	50,7077
-61,9596	12,8936
-16,8701	18,7923
-65,9570	33,3406
-6,8426	-37,0446
-38,8899	28,7535
27,7605	10,9268
-36,6619	-15,7452
9,6722	7,4544
-54,0292	8,0439
-35,1550	4,7022
-44,3954	36,4209
-17,1982	-6,7673
14,3907	-3,2281
-15,2976	5,9463
-5,5972	-52,9701
-24,0796	-12,2721
-22,8995	11,5822
-48,1309	-6,0463
19,6335	6,6027
-5,1392	15,3190
31,8240	38,1257
-5,8590	60,5391
38,7056	45,6626
2,1365	83,9360
50,6983	95,7972
-4,6135	48,7429
68,6549	62,8985
13,6048	28,0986
18,2578	38,8466
24,8776	63,3566
31,6271	14,9256
65,9035	29,1472
41,7856	25,2799
83,1398	-22,7574
25,0745	41,8609
96,5090	30,3262
25,2053	54,9025
60,8575	39,2396
19,8970	46,1213
72,4566	42,1236
8,5588	84,1315
18,6512	0,5732
-8,4805	15,2537
-1,8617	11,3863
36,2803	-21,5782
4,1013	11,9103
-22,1122	-37,0452
-25,9796	-4,9322
-23,9479	0,3099
-39,1531	-29,3772
-20,4090	-9,8471
-44,5924	23,0517
-16,7388	10,4035
-25,7829	30,9820
13,4078	-1,5891
-11,2335	36,4877
35,1659	60,5387
0,8911	27,3777
31,0371	45,5314
3,9057	51,8876
34,1826	-14,1724
13,6705	8,3061
37,5904	-11,2244
18,6511	-32,2612
8,0993	-24,0042
14,3255	-64,2428
-41,5771	-30,0330
-3,4348	-46,0241
-45,1817	-53,2327
-2,1242	-18,3022
-34,4336	-25,1181
1,3491	-23,3481
-48,8517	0,7686
-25,9799	-49,4314
-80,1123	14,0073
-50,6217	-14,1079
-75,3287	-45,7605
-55,5375	21,8721
-64,1222	-1,8525
-74,0845	-23,4789
-73,6247	-8,6023
-70,4139	-9,6517
-35,0895	-21,5787
-71,2654	3,4557
-15,3628	-43,9916
-69,6268	28,6877
-7,1706	20,1026
-36,4654	-1,7862
11,7039	26,0666
-6,1870	6,2742
48,9940	-17,7774
17,5375	-17,8434
53,1226	-51,0042
46,7663	-41,6986
49,1249	-47,5319
36,2148	-66,6023
6,1334	-33,5066
-6,1867	-34,1621
-15,6900	-11,2238
-8,0877	0,6379
-16,2145	-24,7894
-1,7963	1,8176
-12,7405	-29,8367
52,8608	-80,6923
14,8500	-33,3757
47,4872	-59,9188
32,8728	-98,9772
65,1816	-36,3252
33,3317	-70,0762
49,5185	-48,8415
33,2005	17,6771
14,6529	-42,6814
-1,5993	-6,8325
-19,9502	10,2061
15,8327	-43,3365
-39,8736	-2,0487
5,1504	-22,5618
-50,7524	-2,4419
-1,7309	22,9857
1,4147	-27,8041
52,2704	9,6173
-24,2095	31,3744
10,3930	-8,4053
-67,5947	12,1073
-61,0421	2,0143
-96,8900	21,2824
-84,9635	22,5927
-72,2490	14,3354
-63,5987	37,5353
-39,0870	6,9295
-17,7881	-45,1056
10,5900	-26,7561
-10,0541	-54,8718
27,9572	-92,4233
-2,5823	-50,2191
37,8532	-123,2915
-3,4998	-95,5043
42,1130	-84,5605
-20,9322	-155,3386
35,2969	-96,8148
-3,8936	-66,2754
-24,1450	-51,3979
-20,1465	-6,7022
-0,8798	-21,1852
7,5098	9,1583
23,0414	18,5948
36,8049	-22,3645
22,1899	15,3839
29,2025	7,5192
-25,9135	-15,0249
6,6576	20,1684
-37,0549	13,9421
5,8708	3,9812
-43,0190	41,5325
-11,1030	-18,4983
-47,6715	-14,1071
2,5285	5,4875
10,1970	-39,4043
39,8187	4,4394
40,5407	-0,7384
53,6474	-10,5030
62,6263	-4,6707
35,2971	-76,8911
51,3539	-46,7442
-2,5173	-25,7080
46,9630	-61,0968
8,9516	14,4009
52,5988	12,8273
-3,8279	-9,0608
16,2263	18,5951
-13,3959	-6,7676
26,1214	13,6144
-6,7770	-2,3768
20,3542	-46,5477
11,6388	-18,4983
51,3532	-47,1379
36,2149	-68,8956
34,6417	-35,8001
20,5518	-38,3563
-18,3114	-2,9009
27,8259	16,1041
-34,4338	-19,2847
-14,3794	9,9449
-37,1859	42,5808
8,3610	-16,4009
-60,0583	42,4505
-12,3483	5,5533
-50,2279	-1,8516
-23,2933	40,4188
-45,9682	-13,7797
-37,0561	14,3355
-40,1355	-6,4399
-36,2698	-38,2901
-44,7228	5,5538
-18,3780	-2,9011
3,0529	0,5077
-13,7241	41,8607
51,6158	38,1910
19,8311	70,5008
74,9474	87,6707
61,8400	61,8501
64,0680	101,9585
22,1251	95,0766
48,6666	34,1942
-4,8104	79,6761
26,9739	33,8657
16,8161	25,4776
-0,8136	53,0674
5,0199	5,8165
8,1645	52,6092
9,9999	79,1508
-35,8756	63,4227
16,4880	110,2155
-18,8366	91,2100
5,1504	54,3793
-41,0529	84,2631
10,5894	42,4511
-85,8796	57,7863
-52,9150	25,7390
-68,5130	-4,8006
-62,6150	30,3920
-75,7877	2,8662
-75,7884	-21,1848
-80,7025	4,5703
-49,6395	-53,9531
-31,2882	-24,9205
-32,4683	3,9799
3,7085	-36,2589
-30,7635	11,4515
33,5280	29,5390
2,0699	2,9979
34,8384	30,1299
-13,8550	21,2828
1,0872	39,7643
-38,0380	64,7983
-6,5810	-3,0968
-53,5702	13,9427
-20,5404	16,9569
-47,6722	-13,9107
-33,6481	6,8647
-46,2305	-13,9109
-23,0313	-8,6674
-13,7898	18,6606
7,3125	-15,4177
47,4214	25,0182
21,1412	32,6855
58,8252	5,8161
14,6537	27,1807
57,2522	-4,6702
-6,5801	-2,5727
38,8363	38,0590
-23,6855	-10,8965
-13,7244	-3,3590
-60,1890	12,5656
-15,9535	-19,2192
-59,4686	-6,1772
-34,4341	7,4537
1,1523	-21,6440
-7,3681	14,5319
12,8184	-13,8452
-9,9887	8,6996
19,1098	46,8411
-34,9573	4,0464
11,9008	31,6375
-34,8919	24,4935
18,5194	-16,7937
-27,2246	56,0166
-1,2071	-12,9276
-44,4606	15,6470
-11,0377	23,1171
-63,7939	-14,5002
-28,8638	11,5179
-42,2328	10,3375
-42,1017	-8,2087
15,8323	2,1457
-29,1911	-17,9741
-10,2505	-30,6221
-42,1014	-7,5543
18,9125	-48,1208
-44,3300	-10,9617
-13,3964	8,3708
-28,9944	-59,1308
0,1035	-1,3277
-59,4027	-19,4162
-9,6614	-1,7208
-46,0336	17,8741
-13,0036	-24,1997
-6,1877	7,2577
-10,7754	13,8764
8,9514	-2,0487
-33,8441	41,5328
-28,2071	33,3407
-37,8420	26,2632
-43,7398	4,5706
-60,8450	-41,8943
-26,2421	-14,2382
-58,9439	1,8175
20,4202	-40,4530
4,0365	9,2235
29,1370	6,2739
37,5917	-27,6077
57,5134	1,2281
2,9888	-22,7586
49,3874	-15,4180
24,4184	17,4149
15,3741	-57,1646
23,6318	-3,3591
-19,6225	2,6042
23,2383	-9,7817
-30,9607	31,0473
-1,4031	0,1796
-1,9936	5,6196
19,4369	27,9668
-25,1928	-19,8745
15,4398	8,1752
12,6874	-33,0477
51,0258	-54,4775
30,4482	-39,2083
71,0146	-49,3669
54,6313	-91,2439
83,5318	-25,1838
50,8958	-60,5077
74,2258	-31,9986
81,1731	15,3832
49,3218	-59,0651
84,7773	7,5858
27,8261	11,0584
52,0095	-4,8661
33,8557	51,2980
57,5800	36,6182
22,6489	60,9324
32,2829	72,7281
-22,0470	10,5351
-17,0667	60,0149
-46,8195	60,4726
-30,2400	15,7777
-45,8370	29,8022
-38,3007	21,3478
-31,4190	-0,0821
-37,9074	38,0594
-14,6415	14,1390
-32,5990	34,3244
-5,9258	62,5703
-64,6467	6,2095
-47,5412	15,4504
-65,0398	21,6099
-38,3662	-7,3568
-54,1600	-6,9641
31,5610	-28,9185
4,6263	16,3669
45,7175	11,7133
39,7543	-11,2890
65,9025	25,7391
38,5746	23,1825
34,0519	-10,6989
33,1347	19,4473
1,6115	-19,3501
31,9552	-2,9657
7,7716	20,1680
37,2634	-24,7891
3,9050	17,9403
28,1538	31,4401
-10,9058	-0,0167
41,9817	41,3366
7,7063	17,6122
12,4905	0,8355
17,9304	43,5645
46,5039	-25,7069
43,6210	-4,0144
65,3784	3,2593
50,5026	-37,2417
36,7395	3,0627
64,0026	-49,3662
18,8478	-48,1205
47,4874	-9,9135
-2,2548	-16,9914
36,6083	-0,6074
-1,9928	-4,5393
15,9640	-3,4901
-6,5147	36,1592
23,3691	39,3703
-58,8125	21,9382