-63,4221	-123,3037
-58,3103	-96,1712
-77,1192	-35,2886
-78,2990	-76,4450
-99,2703	-71,9882
-91,9307	-72,7089
-95,6663	-67,3352
-85,0492	-74,4791
-70,8282	-108,5574
-72,6631	-73,4305
-43,0406	-96,3028
-56,2136	-116,9463
-50,1182	-108,4271
-58,9657	-135,8869
-42,2538	-155,9407
-63,1601	-129,6611
-38,7804	-151,2225
-49,7253	-116,4877
-87,9323	-76,1835
-73,3175	-105,2153
-32,4236	-52,3930
-53,1331	-71,1368
-74,1699	-83,1948
-62,9632	-60,7819
-74,4980	-93,8774
-78,8889	-42,5624
-75,6121	-32,7325
-57,0000	-75,2644
-74,6945	-7,9590
-44,3514	-59,8640
-45,6623	-62,8124
-33,7348	-24,3433
-63,1600	-73,1022
-26,5906	-51,8681
-25,2795	-16,7414
0,1486	-82,6050
-12,4337	-75,9857
23,0865	-85,9479
0,8700	-126,3180
-13,4171	-110,2622
-17,1527	-145,5206
-8,3713	-116,0947
-27,0493	-99,6456
-13,9422	-157,9065
-20,4303	-102,9873
-51,8876	-111,7704
-22,9862	-161,3804
-44,0238	-106,3958
-61,6529	-129,5300
-96,7799	-105,6082
-78,4302	-57,4397
-102,8097	-77,6899
-89,3753	-49,3125
-137,4129	-23,7540
-105,1037	-69,3011
-102,0234	-25,6541
-99,8608	-42,4316
-85,3769	-78,4104
-71,2872	-62,0273
-62,1778	-143,7506
-61,8499	-128,9392
-63,9473	-141,4578
-93,4382	-186,1529
-57,7210	-127,4983
-78,4960	-119,5035
-56,2789	-149,1249
-69,4517	-101,6769
-38,1253	-149,1905
-31,1782	-150,5662
-40,8774	-131,8237
-30,0636	-169,3758
-60,2762	-141,5233
-86,6215	-140,7375
-112,5746	-173,6360
-139,7073	-150,3053
-171,6895	-163,0849
-189,2531	-153,3197
-164,2844	-156,8593
-168,0196	-192,7727
-159,5649	-185,0395
-118,7360	-185,0398
-152,8799	-197,9499
-136,6270	-157,4489
-158,7124	-157,3838
-154,6494	-177,8302
-159,0404	-129,6616
-137,1517	-175,1435
-152,2901	-173,6359
-133,6122	-155,4176
-94,4870	-206,9944
-122,4713	-205,4213
-131,5146	-201,9486
-111,7234	-241,7944
-104,5802	-238,5176
-111,5923	-262,5044
-84,7223	-294,4855
-119,5214	-263,4222
-85,5086	-314,2126
-126,2721	-283,4763
-134,8575	-265,9786
-154,2564	-289,7678
-157,0089	-247,4972
-157,7301	-257,4583
-163,6282	-268,4024
-168,8054	-227,9015
-163,3007	-301,5639
-168,7403	-265,1914
-172,8038	-267,6826
-170,3789	-283,4767
-189,2534	-272,0076
-174,3111	-274,6291
-173,0663	-280,7232
-182,3724	-229,6712
-202,4263	-275,6117
-204,1959	-257,9166
-221,3661	-238,2564
-209,7668	-276,6601
-203,8028	-242,6465
-239,9135	-223,0520
-217,5648	-260,8001
-195,6105	-217,4159
-162,2524	-262,3736
-168,2817	-256,6715
-131,6465	-263,0947
-125,7485	-328,3678
-129,6148	-261,8490
-114,2140	-274,1054
-118,9321	-319,2586
-123,5854	-262,5708
-128,2384	-314,2788
-148,1617	-314,0818
-160,1547	-303,6623
-171,4267	-388,3346
-173,1967	-345,0148
-190,1704	-314,7385
-187,4181	-380,1430
-207,4720	-323,3231
-209,3074	-350,3243
-203,5403	-349,6685
-216,7132	-330,0079
-211,0115	-348,1613
-195,8074	-324,1093
-194,9553	-323,8476
-204,4578	-333,8740
-173,8526	-302,8101
-188,9912	-309,8881
-199,0836	-306,0209
-179,9466	-267,2239
-176,4735	-310,4117
-193,6435	-292,7822
-182,0443	-267,2240
-213,4358	-336,1672
-217,1063	-315,7205
-225,4950	-348,5549
-237,6851	-404,5226
-247,3845	-383,4862
-252,6933	-446,2699
-243,9772	-426,7398
-270,8471	-429,4931
-255,3150	-451,3166
-271,9612	-449,1537
-263,3758	-443,7806
-256,5599	-501,3862
-257,9361	-462,3926
-269,0113	-514,6907
-231,9834	-499,0926
-249,9402	-496,6031
-223,2672	-524,8486
-229,6238	-494,6367
-222,4151	-467,0460
-200,7225	-512,7896
-220,9731	-427,3304
-209,1109	-434,7367
-213,5021	-459,1807
-234,0809	-440,7003
-236,5056	-497,9132
-251,1208	-501,7138
-258,9197	-480,6120
-288,8043	-504,7289
-320,9825	-459,5089
-305,8439	-438,2755
-332,0584	-486,5092
-330,2890	-449,5471
-339,0704	-478,3831
-323,2108	-480,2183
-302,8291	-488,0834
-315,1500	-554,3398
-290,0497	-487,3622
-328,0609	-489,5910
-314,3636	-474,3859
-327,2747	-463,1135
-321,5073	-460,7540
-326,8159	-449,4815
-317,3787	-451,4478
-345,6246	-483,2330
-334,6147	-469,9945
-361,6807	-467,0463
-325,6365	-516,2629
-365,1540	-424,3161
-311,4142	-481,5947
-276,2212	-466,5860
-254,3321	-451,7101
-255,9042	-478,9732
-237,4233	-503,4180
-246,0084	-519,9994
-263,9655	-571,7724
-251,3829	-527,9952
-301,8458	-560,1742
-293,7192	-583,0458
-293,4575	-548,5740
-276,6801	-586,4538
-278,3181	-550,7358
-265,6696	-512,9222
-271,2397	-543,3956
-265,7348	-483,7574
-263,6376	-478,1219
-266,2594	-480,7423
-272,6160	-428,6418
-261,6719	-495,3574
-255,9701	-460,1641
-241,1586	-466,3909
-183,4867	-526,6833
-163,5640	-481,6601
-183,6174	-490,7705
-193,1196	-510,0372
-178,1123	-444,5014
-186,9598	-444,6323
-207,9967	-428,5751
-191,2851	-367,0365
-220,1210	-375,9497
-207,5376	-379,8154
-184,9939	-361,3350
-223,9216	-436,7665
-194,8237	-412,4528
-193,4479	-411,3396
-215,4026	-428,8373
-186,5665	-402,5572
-208,0628	-392,9231
-196,1349	-343,2468
-198,6255	-340,1011
-188,7296	-355,6977
-212,6504	-310,0191
-228,7723	-331,5150
-236,7675	-351,7656
-258,1983	-346,2611
-270,1910	-408,7171
-257,2812	-398,2969
-293,1289	-352,0293
-256,2975	-386,5662
-228,3787	-365,1351
-203,9338	-332,6955
-196,3313	-370,5088
-185,5831	-323,5852
-155,5681	-363,3660
-197,5110	-347,7679
-166,9053	-338,1346
-169,9859	-366,7082
-146,5238	-330,2043
-156,0921	-323,7820
-135,9722	-335,9060
-145,8680	-287,9991
-160,3513	-318,7359
-154,9115	-345,7361
-136,5618	-319,4560
-180,3394	-334,6608
-167,6912	-312,7716
-172,0167	-283,8051
-189,8432	-340,6898
-197,1175	-283,8040
-204,4579	-278,6926
-181,5858	-284,7212
-187,8115	-249,7250
-146,6550	-274,6282
-171,0998	-223,1166
-149,0138	-210,3377
-164,0209	-251,3626
-101,1723	-201,0963
-128,6313	-205,9466
-102,8757	-240,0245
-122,4709	-192,8391
-121,8812	-237,5348
-141,9355	-226,3932
-163,5623	-204,6360
-132,4328	-255,0329
-147,2443	-241,6634
-124,2406	-257,7861
-132,1712	-295,2726
-123,8480	-255,9514
-154,8466	-315,5238
-123,4547	-267,6164
-142,6571	-241,0092
-145,0158	-261,5871
-128,1074	-246,0543
-115,5250	-199,6554
-136,1679	-265,4531
-114,6067	-217,2839
-108,0524	-225,2799
-115,7206	-239,5665
-101,1059	-232,8820
-130,8595	-240,4185
-107,9874	-230,9157
-115,8520	-204,3084
-115,1965	-248,5446
-92,9138	-202,4726
-62,7674	-221,6097
-76,4642	-256,3432
-33,1448	-197,6890
-47,5628	-235,6343
-51,5605	-203,1277
-87,9326	-148,8642
-89,3746	-168,9178
-113,2299	-164,3953
-116,1795	-139,8849
-151,1103	-170,0967
-149,6690	-126,6468
-150,4553	-200,2438
-115,2627	-196,9012
-98,4194	-193,2324
-93,8315	-265,1250
-30,9821	-225,2790
-47,9560	-206,9297
-61,2597	-226,3926
-65,4538	-146,1113
-57,5242	-148,0771
-67,8135	-148,6004
-79,0200	-99,2517
-87,8020	-76,7071
-101,4988	-73,2989
-67,4199	-63,2067
-61,3257	-133,3296
-67,2232	-101,1521
-53,5262	-129,4647
-63,8152	-164,3953
-54,0506	-138,2465
-59,8836	-172,1291
-90,6856	-167,0821
-76,3985	-131,7587
-76,0709	-158,8903
-53,7234	-128,0229
-97,8944	-127,0397
-67,7479	-115,1114
-95,6011	-63,2068
-126,1407	-65,2381
-121,0287	-27,0957
-91,0135	-29,9140
-109,0359	-66,5478
-88,1952	-23,5566
-74,8259	-26,7683
-90,9474	-75,3306
-45,6616	-55,5385
-35,0454	-87,8487
-41,2706	-107,1816
-29,5398	-115,4396
-43,0404	-144,9306
-38,3874	-124,4180
-45,8589	-88,3735
-56,6063	-140,8018
-65,1263	-71,2022
-74,9560	-89,6838
-35,3071	-106,8530
-43,6302	-47,6746
-59,9485	-89,3556
-42,2534	-123,6962
-39,9602	-88,5696
-34,5202	-146,4378
-52,0186	-107,7716
-25,3452	-96,0413
-41,6641	-86,4068
-30,9818	-57,8332
-20,4308	-66,9422
-63,8159	-85,6851
-56,5407	-59,4708
-31,5720	-96,0401
-64,7328	-79,3938
-52,7397	-68,7121
-51,6253	-99,9723
-48,0871	-62,4857
-87,8667	-58,4880
-48,0868	-58,2912
-97,3041	-55,5388
-62,9630	-78,4764
-52,7400	-89,0272
-70,7622	-44,0049
-45,5964	-110,1959
-32,8825	-68,5804
-29,9331	-69,3018
-10,1409	-97,2197
28,7879	-66,2867
29,3128	-101,1521
65,6851	-78,2140
50,5466	-83,7851
31,9342	-99,1856
1,8533	-66,0247
-5,7496	-79,8529
-27,4420	-95,2534
-38,3871	-55,0148
-41,2708	-99,0552
-58,8348	-111,1134
-57,3929	-79,1981
-77,5779	-112,4245
-53,0021	-87,8485
-74,6292	-77,9523
-67,8790	-102,3314
-64,7333	-29,9142
-48,8735	-68,9085
-34,5862	-74,1508
-13,2866	-51,2140
21,0550	-124,1554
51,0050	-107,1812
53,8237	-75,2005
47,5322	-100,3001
56,3146	-66,6800
58,6076	-89,3553
60,4428	-77,3620
53,5611	-59,9957
48,0565	-108,8852
36,7841	-87,4549
68,5689	-61,8309
35,4727	-88,7657
31,3441	-58,0942
13,3212	-12,2193
-5,3566	-38,8265
-46,6443	-11,9567
-31,5059	-45,5764
-47,5623	-10,0555
-74,2349	14,1919
-48,1515	-37,3188
-23,1828	-31,4862
-39,9594	-30,8972
-32,8165	-88,4377
-27,3112	-68,1218
-40,2875	-99,4483
-8,2401	-91,3869
13,9108	-58,4884
-2,8661	-99,1856
30,7540	-40,5306
15,0909	-33,9776
9,2586	-68,1212
29,7051	-33,4528
-13,8761	-46,1013
-42,1226	-47,2150
-67,4192	12,4875
-66,3715	-36,7298
-89,5059	-30,0443
-90,5544	-5,7311
-95,4699	-32,7971
-101,6304	-6,2556
-79,3480	-72,9060
-98,4193	-75,8549
-71,6145	-85,7518
-73,5809	-160,5939
-57,3932	-124,0243
-50,7080	-106,8548
-5,6199	-148,0759
-56,2128	-68,3841
-11,1896	-69,1049
-11,0584	-35,2222
-37,3381	-7,4349
-1,6204	-37,4500
10,8962	-0,4874
-22,3957	23,2362
-30,6533	-3,8953
-25,0826	36,7372
-6,5364	13,3406
6,1123	-30,7642
-3,3248	8,0981
26,6907	-10,0559
9,1929	-30,5034
46,9414	-47,8708
14,5669	-97,4817
57,1650	-82,9983
24,3318	-77,2977
12,8628	-111,6377
-5,6837	-49,2476
-36,2239	-52,6557
-62,1108	-67,4005
-80,7231	-15,7579
-59,7522	-31,4867
-85,4425	-12,9395
-50,9044	2,0677
-19,7753	-50,1637
-3,3910	4,5583
-18,3328	-29,3899
14,4356	-58,4217
6,0468	-20,2143
38,5526	-29,3243
-2,7348	-51,8682
23,6762	-42,8247
7,2268	-84,7016
-9,3537	-24,7366
10,9627	-67,3355
20,9236	-77,6896
9,1272	-48,9200
-7,4532	-84,8336
7,4234	-88,2413
4,0153	-59,5368
26,2325	-90,1422
26,2320	-58,1600
44,5826	-20,0186
35,8663	-72,7743
67,0614	-26,1780
19,8756	-52,8518
34,2277	-69,7594
-14,2690	-63,8619
-8,5678	-83,1294
-45,2681	-70,6772
-61,1278	-51,6727
-46,7103	-77,7549
-71,4177	2,3957
-82,0342	-1,9948
-44,8758	7,5085
-55,0992	44,4049
-57,7862	-10,8423
-8,8301	-42,5611
-4,0465	-10,2529
27,4771	-72,5779
22,1689	-47,6086
62,8015	-36,1407
47,9251	-64,2548
66,2096	-29,2586
34,7522	-26,1781
19,0891	-4,2234
0,4112	-14,0538
-20,6919	-39,1539
-21,4779	-16,4784
0,2793	-18,6418
-16,3665	-59,7326
-10,4030	-29,0622
6,0469	-98,9239
20,9235	-88,5687
43,5990	-65,9591
26,6913	-84,8331
69,9453	-40,8578
60,7703	7,2448
87,0504	-26,4401
62,8020	-4,0265
69,7492	-10,1216
69,4869	-14,5777
62,5396	27,9550
35,2769	1,0195
19,8754	25,4650
-3,6519	24,8749
-9,8783	5,0181
-10,7301	56,2017
-10,4684	31,2974
-1,7520	-9,0718
-12,3693	24,3514
4,2771	6,7215
12,1411	2,6586
3,2938	3,2479
-2,6698	-26,5707
4,4083	13,1443
-19,0532	28,3481
6,8333	-0,8149
-11,9097	26,6448
-19,3814	-4,0265
-26,2623	-19,5583
-25,3451	-27,0302
-20,0370	-69,1699
-32,4885	-52,2616
-11,7133	-24,2125
3,8182	-67,1378
-3,1283	18,5831
6,8987	6,6551
18,5640	-24,9324
-14,0729	6,1970
21,2513	-32,4694
-23,9032	-29,8477
-11,1890	-6,5176
-30,0635	-80,8350
-7,1917	-21,2629
-32,0956	-44,9876
-54,1154	-76,3788
-56,9987	-43,4801
-65,4532	-76,9691
-22,9861	-60,0601
-39,9601	-20,6737
-40,5497	-25,2603
-53,2637	10,3916
-31,1781	54,4971
-43,9577	2,7244
-25,5423	63,9351
-39,5019	21,2053
-31,3750	18,5843
-41,7954	36,2129
-48,5453	0,8234
-20,6916	-12,8081
10,4374	-13,8574
-7,5186	-49,5089
14,6982	-15,9544
8,4069	-27,0962
3,2294	-36,7948
30,0993	-25,2608
11,7486	-55,5382
23,2831	-30,5690
0,4767	-25,5887
59,5899	-65,1720
36,3907	-33,3872
53,8891	-63,0755
95,8976	-89,6823
68,8969	-20,9360
46,2873	-62,4859
53,6269	-61,5022
33,3762	-77,8208
24,3974	-88,8306
27,6086	-46,2324
8,8651	-67,7944
0,1493	-82,4740
20,3995	-89,5526
26,3633	-109,0163
2,6390	-66,6801
38,6836	-35,4851
-10,9269	-43,6762
46,3514	36,4748
14,7628	54,2349
8,9302	47,8789
-34,9134	52,8597
-11,2548	19,7639
-55,6884	12,8171
-16,0392	9,7358
-10,0755	-56,3242
-26,8525	-23,0323
-16,7596	-45,5122
-6,8640	-103,7729
-26,9834	-72,9060
-18,3326	-95,1888
-8,1092	-97,0892
-1,2932	-85,8828
27,9354	-95,7128
-19,9057	-76,7726
-5,1600	-26,1789
-17,6120	-45,1838
-3,6532	-17,9202
-33,9301	4,8860
5,9156	-43,6103
-9,2230	-0,0943
3,4912	-18,5763
-20,0362	-44,7247
1,3288	-36,4024
12,5353	-68,2524
15,5499	-36,3364
40,4539	-18,4453
38,6841	-48,8534
54,4133	2,9201
59,5249	-12,8741
67,7167	-31,3548
15,8120	-1,8638
30,8197	-25,0632
-1,9489	-1,3396
-17,6120	-16,8066
-48,8724	-54,4895
-9,5510	-62,4851
-24,7555	-49,1159
-31,5709	-50,8200
-31,5709	-44,8562
-28,7530	-81,7528
-32,4884	-70,0870
-28,7530	-54,9491
12,1419	-102,7898
29,0499	-51,8685
60,0493	-68,1224
60,7697	-109,9336
44,2548	-71,0056
33,5721	-90,2731
24,7244	-70,2185
-13,4170	-31,8804
42,8126	-65,6966
19,0233	-33,3217
25,1839	-28,5380
17,3855	-46,5598
24,8561	0,8226
1,7877	-26,5053
-9,6155	28,8729
36,5872	35,9507
17,4505	14,5203
53,8886	24,0888
21,3826	3,9687
18,3680	-45,3796
-12,3692	-4,8131
-40,6811	-25,5888
-69,9103	-15,7577
-62,8329	-27,6854
-112,9675	-38,4333
-81,9037	-19,7555
-82,6898	-15,1680
-87,4084	-36,5324
-50,3804	17,4691
-47,1689	-33,7148
-27,9667	-45,2484
-34,9790	-22,3115
-35,3069	-79,6555
-43,5644	-69,4968
-61,9148	-18,9042
-45,4654	-66,3517
-43,5651	-35,3531
-53,7880	-25,8507
-4,7021	-51,4091
-37,5353	-14,9716
-41,4018	-41,7104
-79,2812	-51,7374
-53,3953	-56,9806
-75,1531	-70,8742
-83,8696	-60,9780
-51,1668	-39,7443
-50,9704	-33,9116
-27,9010	0,5604
-25,2146	-36,5985
-8,5679	-47,1493
-14,0731	-26,3095
16,4013	-55,4728
-0,1132	-30,8966
59,0658	-30,3728
40,1915	-38,7609
51,5952	-25,1295
17,1234	-36,7950
59,1318	-56,4554
46,6144	-26,2437
33,4417	-44,0697
44,3209	-47,8049
47,5972	-15,0372
46,8765	-47,8705
2,3775	-6,3859
17,3852	-6,9105
-11,4513	-31,4206
9,5856	-3,0437
-24,4935	-53,5720
9,1922	-25,1293
-1,8177	-36,7299
28,9846	-68,7111
26,5600	-24,7365
64,6365	-20,4118
54,7408	-55,5382
67,3889	7,3764
26,4950	-6,5826
-10,9261	21,4016
16,4680	10,8502
-14,1384	-2,6498
-20,4949	27,7589
-40,5497	35,2948
-16,1698	-11,6943
-18,9887	20,3530
12,6657	9,7355
-31,1129	-5,3371
-8,8304	21,4671
-61,3249	-9,0722
-28,2948	43,8158
-61,3910	54,0388
-61,8494	12,9482
-72,0077	33,9198
-69,8451	17,6005
-81,4442	4,7557
-35,6349	-4,2889
-51,8219	-41,7754
-27,7047	-41,7753
-26,2626	-21,3289
-39,6978	-60,6498
-34,1267	-4,8788
-35,9621	2,4609
-14,4013	-57,9623
-59,0311	23,8921
-36,6181	-5,5996
-76,3985	-3,7639
-47,9557	21,7943
-54,5092	-26,3741
-33,7341	-0,8808
-34,8480	11,6360
-39,4356	-27,2267
-48,4134	-29,3891
-18,0710	-41,3827
-39,3700	-49,4429
-28,8844	-19,6901
-10,4033	-42,8898
-24,3622	-41,8408
4,0152	-21,9837
31,2125	-62,5502
64,1774	-21,5251
35,8005	-38,8270
85,4774	-61,1091
60,8356	-60,9782
63,7195	-80,5733
41,8306	-74,8059
47,5972	-47,8060
20,6621	-83,7190
23,4143	-51,8682
25,5117	-30,8972
2,7705	-54,4892
4,6062	10,0635
14,8944	-29,1273
15,0257	-53,1129
-34,9136	-46,4944
-39,6975	-46,1013
-75,2184	-66,7452
-43,7614	-41,5141
-64,7330	-78,1483
-45,7275	-25,5881
-59,9484	-2,5855
-29,0160	-14,2503
-73,8421	6,0659
-56,7373	-22,3766
-57,2616	17,1416
-67,1574	6,5246
-32,2921	-35,4179
-56,6059	-1,6670
-23,2476	-46,3630
-28,1636	-41,8407
-37,2727	-31,3557
-33,0786	-52,2613
9,1262	-27,1609
-2,8665	1,0847
33,0474	-56,3898
22,6933	12,2919
65,9471	-28,8655
34,3587	-68,2519
11,4866	-35,2224
-29,0144	-52,1965
-14,5317	-83,3254
-25,2797	-13,4647
-38,6494	-47,8711
-46,8406	-48,6575
-25,4764	-37,3857
-16,7598	-100,0376
-39,8939	-39,9411
32,1956	-66,0248
0,6068	-50,0330
20,6614	-14,5129
3,8845	-36,5978
62,9323	22,9095
38,3566	62,6891
54,0198	29,5941
52,6439	34,3790
55,1993	52,3355
28,7230	42,1120
13,5840	57,5125
21,3827	29,0697
4,0804	28,2178
-14,3346	47,1573
-4,3079	-9,9241
28,9188	43,3571
-10,7956	24,2195
64,8332	-18,7714
38,0942	35,2952
55,1337	-8,0901
39,6023	-10,4492
71,6488	18,9760
14,0431	-21,7870
48,8427	7,5734
-5,7491	7,1799
-9,2881	7,5735
1,4596	17,4695
7,8814	-5,9926
-22,1332	-21,3935
11,4206	-17,5271
-0,4410	-51,8024
-21,8060	3,9033
1,9179	0,0361
-28,2288	-16,4122
-1,4899	46,6330
4,6051	28,6101
59,4586	-13,7252
55,7892	12,6851
98,7812	-38,3019
90,1966	-27,2916
118,1802	-8,1559
88,0343	-48,3290
75,5818	-0,0941
58,6084	36,2782
47,2042	40,6696
29,1821	72,9137
19,3516	47,9446
47,4667	53,5154
48,4494	51,1556
57,0346	0,6272
6,5064	21,6642
53,3644	-11,1046
20,6610	-13,2667
-1,6210	24,5467
-15,8421	1,2163
15,0249	5,2801
-18,9224	50,8930
-4,9634	-3,3050
-21,4126	44,4709
-34,5204	45,7812
-65,5842	19,8946
-80,7888	33,6570
-51,6253	-2,8464
-62,9630	27,8247
-11,8449	70,4222
-22,7890	9,6053
28,8534	40,8005
3,4910	31,9528
29,1811	-20,8688
6,3088	22,4503
-2,0800	-13,3330
-39,4353	-11,5631
-40,0263	-24,2774
-92,3889	-18,7067
-66,5022	-3,0437
-56,3438	-22,0496
-7,6505	-45,8387
22,0374	-36,9262
-6,4703	-49,7715
12,4043	-64,1894
19,3509	-38,0404
60,5732	-51,5409
41,8950	-61,8949
57,6238	-19,8212
-5,9459	-45,9041
38,1603	-16,4782
22,8900	-0,4879
42,6163	-27,8817
1,4597	18,5833
2,1146	-14,2504
-43,6293	-9,5313
-47,2999	24,5471
-53,0671	-20,6725
-57,1964	-6,3856
-59,6208	-3,0437
-55,6895	-43,2829
-57,5236	-26,9642
-37,4042	-17,7241
9,1268	-22,7699
10,5032	14,6506
49,6282	-32,2724
17,2535	19,0427
0,5421	64,3275
-18,7253	20,0257
-4,1117	56,5952
-42,9086	39,0310
-12,1069	21,4678
-34,7170	50,8279
-50,3801	20,8122
-47,1031	70,2271
-56,8684	66,7529
-42,6465	18,1258
7,5538	46,4375
18,9573	57,3153
11,0929	-4,9437
18,1713	32,2808
26,4282	21,0084
39,3389	19,8294
17,9090	70,6196
23,1519	39,0968
10,5697	47,0270
8,9304	42,7008
-15,1862	-38,4324
3,0325	3,2480
16,9262	-39,2860
50,4150	-81,4905
52,7095	-57,3085
75,3193	-97,2858
65,9481	-95,7782
44,4517	-83,3920
43,0755	-90,4692
-8,3052	-15,8237
15,0254	-7,2386
9,7165	-48,1315
20,0714	38,0479
15,8773	-24,9977
32,1300	-23,9488
4,2124	11,5052
32,9824	-70,2838
4,2123	-32,1415
10,1101	-34,6328
-29,3423	-46,0358
-29,1458	-35,1569
3,8185	-70,0220
-6,8644	-44,2661
-2,8003	-9,0737
9,9136	-29,3236
56,5099	6,2627
45,5655	30,8383
96,0943	-13,6603
67,2586	-1,9291
90,8517	5,4102
74,9915	-9,4004
45,9589	26,2508
21,8416	-27,4228
2,5734	9,7364
-19,3810	30,8378
-31,3089	-49,1153
-38,3866	-5,2717
-30,7194	-16,7412
-30,8504	-19,0999
-62,9636	7,3766
-70,0410	0,7575
-59,3593	14,8484
-30,6548	25,4648
-72,5975	-33,3860
-22,8551	48,8618
-43,1712	40,4725
-1,4246	14,1276
-7,9782	39,5556
1,0657	14,5860
-5,2255	9,7367
-0,3101	25,2683
20,2684	8,8842
6,7023	4,8209
-2,6029	-14,9057
13,7149	-57,3729
25,7738	-35,9433
2,7703	-70,8089
57,6240	-103,2490
11,3551	-83,7850
0,6736	-104,3633
4,2776	-68,5803
26,2976	-78,4111
-0,7688	-103,3795
18,8263	-56,7840
-4,0458	-64,5176
-9,6165	-99,4478
-32,1607	-75,3307
-10,2067	-82,0152
-44,7437	-43,2178
-22,0030	-33,5190
-14,2038	-66,3512
-5,8153	15,5030
26,7563	4,0339
7,6853	-14,8395
27,0184	21,9916
24,4627	-8,2861
15,6151	19,2395
11,8148	66,7524
37,6352	0,4960
23,2177	60,9207
17,4500	77,3693
-19,5118	24,6139
-11,3204	69,8991
-15,5142	48,8617
-20,5612	26,5797
-0,5722	60,2647
-17,3497	-13,7257
13,1250	-16,5433
5,7187	5,5412
-20,4296	-38,1710
-21,2165	-22,5079
-14,2044	-39,5478
-34,0620	-67,3999
-28,2291	-48,1328
-21,8066	-69,8254
-6,2746	-63,5995
-28,3593	-58,8813
5,2602	-61,1092
-10,3367	-16,4792
-5,6840	-4,7482
-29,4733	-5,6650
-44,8092	20,5492
-43,1052	-12,6116
-55,2298	0,8890
-38,5835	8,4907
-56,9341	-13,5289
-6,8641	35,1643
-34,7829	38,8994
17,5153	-21,8516
0,4103	27,7590
4,0809	15,3065
1,4597	30,8386
31,1473	29,7242
6,0469	4,3625
-12,3035	39,6211
-26,2625	74,8795
-38,4527	52,4667
-20,3643	96,7039
-27,7705	98,0140
-33,6026	51,8773
-13,4833	76,2565
-1,5557	52,0737
-9,9443	74,6180
32,0642	81,3019
1,9836	17,4046
39,0771	10,8507
8,2096	-11,1049
2,9666	-38,9581
-32,7501	-81,6226
6,3741	-105,0184
-31,7673	-73,8891
2,9013	-63,2731
-3,5867	-116,3557
-1,2271	-16,2822
34,7521	-3,8965
16,0742	-30,0443
31,3447	-23,9495
42,4854	-40,2683
50,1533	-38,9578
36,1939	-35,2227
55,4610	-49,9678
-1,9485	3,1819
8,7335	4,4274
-26,1316	2,2656
-8,1095	55,4809
-2,3421	49,3204
-4,1115	41,9808
11,7491	81,5645
55,3304	20,2229
62,5400	50,9594
88,2303	20,2877
119,6226	-21,1966
106,6466	-3,6332
143,4125	-31,0279
124,5379	-33,9108
113,2001	15,8306
86,9854	-12,3498
67,5207	-4,8127
-1,8168	0,7575
22,2341	-29,3888
-63,2251	20,0911
-36,8141	18,6491
-48,4797	20,0260
-40,4188	47,2889
-26,3935	12,0305
-29,7358	34,6407
17,9746	37,4582
-0,1791	-2,2563
18,1715	13,2102
-14,8587	4,8207
35,2106	-36,2700
-5,8150	-8,1557
28,4605	-54,3590
3,0321	-69,5624
14,3703	-4,2239
11,5520	-26,1782
8,8649	-4,3544
-5,1595	12,7504
-3,0632	-14,4462
-34,5855	28,2832
-46,1861	37,5235
-76,0047	2,6592
-86,7530	59,5440
-78,9540	21,9920
-69,3204	49,0585
-37,3385	28,1521
-34,8483	1,2827
-11,3205	32,2808
-33,7992	-1,6675
23,2823	-23,5556
-34,9791	38,8341
6,8331	4,0345
-28,8187	11,1132
-4,1113	42,9630
-23,1166	12,0304
-22,6581	60,4617
-31,7017	59,3473
-44,8098	69,7026
-70,7617	78,8776
-99,2049	56,0708
-83,5420	30,5778
-97,7636	42,5699
-59,4250	-11,4318
-89,4404	0,6926
-48,9388	-6,7138
-48,1523	-46,4279
-12,9594	-18,1825
-29,5398	-46,7565
-18,0058	-34,1737
-51,6251	-34,8949
-45,7930	-60,8468
-86,3592	-30,6344
-37,6663	-2,8473
-37,1420	-66,4166
-27,3771	39,8833
-22,8543	21,0078
5,0637	-4,4190
5,7194	34,1814
-28,3597	-7,1065
0,8694	14,7831
-39,7633	28,6758
5,7843	-33,3202
-2,5386	40,2110
37,5697	36,2780
2,6396	-10,0550
42,6167	13,3412
33,7690	7,7700
8,2095	-8,1547
-7,1909	5,0827
-24,0345	-44,5934
-41,0082	-30,7000
-44,6131	-36,3365
-41,0739	-78,0827
-21,0860	-33,0594
-50,9700	-25,7197
-41,8601	-42,2341
-2,0148	4,5587
-36,8801	-12,7428
-8,8302	-3,6985
-24,7556	19,2386
0,7388	-17,5921
0,5418	11,3746
14,5665	-30,6346
-9,7471	-38,4326
-27,7697	-3,5028
-12,3684	-46,2322
1,5248	-13,0707
18,8266	-15,9548
-0,7689	-44,0037
37,6359	-25,5883
22,1689	-45,0525
35,1452	-27,7510
13,7804	-11,4328
40,3879	-23,6875
11,8798	9,0811
48,6454	33,3288
13,1248	24,7445
4,7359	70,7506
-43,5641	61,0512
-22,5278	54,1051
-71,4830	93,2300
-68,7303	75,9938
-39,3701	53,3190
-30,2606	61,4445
-24,8861	-2,0597
-14,6629	10,3268
0,6073	27,3652
-33,6027	-3,5673
-0,3756	16,2245
-7,1921	4,1659
5,5219	1,7414
-47,1033	50,4995
-13,9418	-6,7788
-13,2211	15,0451
-10,2066	16,1584
-19,2497	-22,9659
16,0737	7,7044
25,2496	-23,9499
49,1045	-30,3719
41,5029	-9,4666
40,3232	-57,0455
62,4748	-28,2750
37,7011	-3,1096
47,7291	-55,0137
68,0447	-19,9515
82,9215	2,0024
59,4596	-44,1999
76,1713	-8,6141
53,9546	-25,7848
46,0241	-22,7044
-1,8826	-23,3600
10,6342	-42,0376
-34,0611	-24,9327
-10,9926	-29,6519
-4,5043	-59,1426
20,2026	-28,1444
22,6934	-31,9458
-1,9482	-36,4016
13,1911	3,6405
-10,5338	-15,1021
-11,8442	36,4096
-19,6434	58,5603
5,1290	6,2633
-43,6954	20,2878
-9,5512	-4,8784
-57,2616	-28,5368
-32,0958	-21,3941
-62,3735	-53,1795
-67,6821	-60,4536
-68,6647	-35,8127
-85,0495	-60,9123
-84,5903	2,9852
-105,2346	2,8542
-78,8887	2,3963
-84,4597	69,8983
-30,8504	50,5000
-32,8827	57,5129
-13,6142	59,4786
-37,8634	35,8859
-29,6057	61,0516
-67,6170	60,5271
-69,1898	36,0170
-58,7695	81,4989
-59,9493	65,7702
-87,2771	66,5572
-77,6434	102,0115
-65,7811	55,0225
-68,8620	87,4630
-96,7796	64,3941
-61,5874	44,2096
-78,3644	110,7937
-69,5170	78,4186
-34,5863	59,8074
-57,1963	95,9170
-42,5813	74,4213
-50,7736	63,3457
-23,6416	51,0901
-59,3585	30,1840
-4,5049	28,8077
-8,4371	-1,6669
-15,8425	-16,5428
-16,8252	32,0184
1,2625	2,3959
-29,2769	-10,0559
-5,7494	-5,9929
3,2292	-52,7855
-4,3081	9,9983
-0,5718	-6,3207
6,7022	-34,5006
45,1720	7,5735
-17,0875	-7,0415
43,4031	-26,1776
29,9674	-8,9419
22,4312	-42,9550
16,8609	-24,9324
38,4875	7,9005
9,9144	-34,0419
48,1215	24,6132
20,9899	51,8103
18,9578	58,8889
-10,4679	70,2268
-28,8185	53,9739
-41,9910	40,1459
-43,8267	30,8393
-8,2402	6,4595
-14,2044	6,5903
22,9550	-14,5781
0,6076	-12,4808
63,3911	10,7844
27,8053	-12,2839
65,1611	-6,5815
42,8134	37,3269
67,9133	-5,0744
35,9321	34,4435
43,7965	7,5080
67,9139	-6,1234
63,5884	20,8112
66,8658	-28,9962
35,9320	-28,8647
38,7504	-18,1175
1,5250	-41,3168
33,3754	-20,5420
-4,4390	-26,6372
47,7279	-43,8068
27,4115	-15,1679
28,7227	-49,1811
9,6516	-28,0126
12,9938	-25,5231
-1,2275	-73,0365
-3,5215	-63,9269
-0,4410	-48,7893
16,0083	-98,2028
-11,2542	-63,6654
3,8188	-67,7288
4,3432	-73,4955
1,1316	-27,8170
28,6571	-67,3358
8,7993	-56,0627
37,3078	-43,4802
17,1880	-71,4632
13,2559	-4,5511
-22,2647	18,5175
-5,1601	-23,0314
-6,7332	50,5002
-9,8793	41,3248
-34,8480	45,1917
-12,5659	33,9849
-18,6603	24,2857
-10,0094	45,7162
-0,8993	55,3490
3,7538	-3,9599
58,3456	42,2425
32,2618	12,8820
62,0810	30,3806
26,1013	48,7302
37,5046	45,4541
3,2948	99,9801
40,7809	88,7081
-8,3710	71,9310
26,4285	61,1171
-17,9393	11,8990
14,8937	-38,6950
-45,8578	-52,7860
-39,2390	-84,8333
-26,9836	-91,1904
-54,4437	-68,5154
-48,9381	-81,0325
-34,5206	-46,2982
-14,0077	-65,1070
-51,8220	-34,5663
14,6316	23,1704
-43,6959	26,3164
-15,1873	38,0478
-29,9987	37,5239
0,2789	23,8927
-48,0862	68,7847
12,3381	19,6319
-26,5900	-1,2075
-16,8908	27,8238
-20,0360	-23,3595
-6,0119	-0,3561
6,1126	10,3256
2,2455	-43,6107
3,8190	-32,3381
-28,8183	-27,2271
-25,4753	-74,0851
-19,1845	-45,8387
7,8816	-29,6518
-6,4048	-43,6105
45,5651	-5,8613
12,9281	-7,1719
26,4292	54,6943
20,5307	55,5458
23,0864	20,8781
-3,4553	55,8742
-7,1261	44,9947
-45,8577	24,2206
-57,9825	76,5179
-62,3078	35,4268
-68,6652	4,4940
-56,3443	13,6032
-57,1963	-15,6263
-0,6382	4,2967
-24,3625	-17,0032
-15,2522	-45,6419
-23,3790	-20,3453
13,7144	-59,2741
-17,1534	-48,9846
-2,8660	-25,5887
3,4254	-43,6108
14,8943	-0,7499
-0,3096	28,4131
14,1737	-15,1672
2,3774	33,8541
-14,1381	55,4157
-4,3734	78,8123
-52,2805	110,4007
-23,4445	83,4656
-43,9580	96,9664
-32,4232	88,2492
-49,9215	30,8398
-27,3118	61,5758
-63,9465	10,7189
-52,2810	-11,0387
-47,7591	-1,1430
-27,3776	-7,7619
-57,4580	26,9721
-8,7647	-8,8761
-46,2511	9,2123
-19,5779	15,3721
-36,1585	-6,1889
-42,2537	7,7705
-41,7291	29,2659
-42,1883	1,3476
-20,4301	7,8358
-14,5320	-3,2400
0,7382	-18,1163
-27,3108	32,4774
61,4246	29,6590
4,6705	-37,5147
31,9990	30,7082
-15,1209	7,0488
9,2580	-10,4485
3,6877	17,8626
-11,7139	-21,1313
-19,5774	-9,7280
-10,8619	-36,2707
-27,1800	-100,0366
-28,6224	-34,3044
-30,9812	-49,6404
-16,1704	-43,6105
8,2750	1,0192
-0,7036	-32,6006
31,8028	8,0320
23,8071	7,8352
60,9660	-12,5458
3,2946	36,7370
42,5508	10,7844
16,2055	-11,4317
31,0164	8,9498
25,2495	-5,1403
24,8562	-4,0264
36,8494	-7,6965
8,3409	-31,6826
3,4264	4,8207
8,9963	-28,9963
38,2911	-36,3357
29,9678	18,9763
81,6109	-30,8310
78,4650	-27,4227
103,3692	-5,0100
78,7929	-44,3315
93,1455	-17,9205
48,1877	-3,7648
86,2638	-19,4273
60,9669	18,7803
68,2413	53,5144
56,2489	32,7397
65,9475	59,2165
71,9775	28,9384
47,6632	34,0505
59,2634	14,7165
25,5774	-15,7568
39,9300	26,5136
-17,7423	15,3067
35,5387	7,1807
10,5687	14,7828
25,4456	-6,1892
2,8357	9,3429
27,4116	8,1627
-21,7401	-40,0715
30,1639	-2,4537
-25,3449	-13,5953
-23,5759	-49,0495
-76,1358	1,0852
-76,4637	-30,3722
-64,9293	-2,1261
-42,0578	-13,7261
-6,4707	-32,6000
1,3282	-10,0560
59,7871	-28,6688
43,2722	-58,9458
95,3736	-47,6737
49,1702	-37,8439
61,8840	-63,4027
14,4359	-48,5918
44,7786	-58,7497
-4,7662	-12,9396
28,3294	21,5975
24,2010	10,8507
22,1690	78,8772
34,2282	66,9495
7,6202	42,7018
18,4338	74,8799
-6,2738	67,8018
-21,6746	67,3430
-55,7540	65,9668
-48,4799	40,9323
-74,6942	69,0471
-39,8294	23,9581
-57,3928	-0,1591
-11,0589	11,3745
-43,2367	-29,1925
-6,4712	-29,7165
-44,2848	2,3955
-34,3234	-29,6511
-29,1459	22,2537
-15,6460	11,5057
-29,0150	5,1494
-17,0877	43,8154
-15,4493	38,0480
-38,9113	42,5047
-0,7035	31,2325
-45,2028	13,4725
-12,6312	29,1355
-30,8502	42,0455
1,4587	9,8021
-43,1711	26,3172
-0,0488	23,2365
-66,3057	18,7805
-45,0721	46,1087
-75,6117	3,6416
-49,2015	40,6698
-91,9960	38,1134
-85,7044	28,4803
-81,7063	52,9908
-71,0904	58,6266
-74,5633	40,5393
-114,8684	85,1688
-62,3737	53,1217
-68,1412	35,9510
-42,1883	11,1126
-20,4301	-44,0033
29,5739	-12,3497
-3,3903	-50,0339
20,8579	-89,6822
-12,8929	-20,7387
-31,0466	-26,7686
-37,2725	-30,7654
-28,3602	-19,6896
-48,5449	-17,0680
-66,1745	8,7530
-57,6542	-30,4376
-65,4541	-42,4303
-54,5091	7,4423
-65,5195	-36,7949
-18,6608	-33,1241
-16,1050	10,1289
27,2150	4,3620
35,6038	45,9774
71,5177	20,0907
44,6482	33,1984
28,9196	49,1235
35,6044	25,5961
20,5303	8,3606
1,3287	46,5022
-15,0556	2,2651
-1,3582	-1,7323
18,3019	5,2141
18,5642	-44,2661
-14,9249	-14,2497
31,4750	-24,3435
17,1875	-26,1119
37,7666	-5,2068
7,8170	-36,1396
60,6389	-36,8601
25,7083	-14,4471
30,0990	-51,0160
22,0383	-19,6242
1,9178	-21,9840
-15,4486	-60,1914
-14,0076	-52,5240
-16,4976	-76,1829
-26,8526	-96,4331
-31,3741	-84,2437
-13,6798	-99,6446
-22,7235	-66,0242
-51,5597	-58,0950
18,6946	-70,1528
-44,3515	-21,6565
-12,5003	-37,8440
-21,8064	-27,4884
27,2148	-0,9468
37,6352	-33,0594
34,7520	-28,7334
9,0624	-7,1074
54,8060	-77,3616
39,7983	-29,3892
3,6223	-20,4768
33,1138	-24,4086
12,0109	17,6657
31,6069	-2,8469
29,5751	0,2995
79,5791	22,9745
67,8482	-7,1066
73,4841	48,7958
17,5819	20,4838
61,9496	28,8080
4,9328	58,8888
4,6049	33,0020
0,2138	4,4942
-11,3209	16,7489
-12,6967	2,5928
-48,2171	-12,2840
-9,7466	-2,8467
16,2700	-0,1600
-26,5240	19,8290
11,1585	22,2534
-4,8318	20,9435
-14,2040	22,9089
9,2581	-19,9515
-7,8468	-15,5609
35,6036	-28,3410
0,8696	-63,7960
32,6548	-24,4744
22,1034	-70,8084
25,8387	-64,3850
-22,5920	-28,0788
-13,0245	-43,0865
-44,6123	-53,7686
-33,9964	-38,9576
-34,9793	-40,2683
-34,4550	-7,1724
-10,0096	-4,2238
-4,4390	-12,9390
49,4980	14,5854
45,8277	-1,9954
72,3703	-8,4176
37,6359	3,0509
56,9036	-21,7214
27,6741	1,2820
17,6468	10,5878
-29,8665	-37,3184
1,8522	1,7407
-32,2266	-33,7802
-38,2560	-54,9478
-39,0422	-32,7971
-51,1010	-55,8005
-34,8478	-51,4748
-57,0651	-16,4790
-38,7144	-56,3901
-42,7126	-18,3133
-27,3770	-35,6811
-48,4800	-49,6393
-23,3134	-14,1849
-28,6881	-49,7053
14,8940	-20,3451
7,6853	-11,6949
49,9562	-68,9725
22,3660	-14,5124
60,9665	-15,6928
-3,1276	-30,8309
10,8314	-16,6098
10,6348	-6,7138
-18,0050	-13,1361
-9,0260	0,9541
-15,9737	-7,8929
-15,1209	17,4694
-19,7092	-17,9859
4,2776	-25,5223
1,5249	-18,3794
29,7713	-37,0578
22,1035	-84,6359
45,1072	-18,3142
61,8842	-38,1059
50,5462	3,9684
20,7932	-12,0881
14,6323	-50,8850
-5,0939	8,4907
-14,7939	-15,6924
-32,0296	-22,1797
-26,7867	8,2286
-5,6185	-9,5966
-12,1723	25,0064
17,7782	36,4091
-12,6963	-9,0726
15,5498	1,5442
-7,1913	-19,6243
22,2340	-42,6273
-8,7643	-7,8279
3,1632	-42,7591
-17,2837	-33,2554
32,7199	-10,8431
-2,4073	-38,7610
-0,9655	-2,3881
10,2414	-1,5364
-44,0227	-5,9269
-4,3730	22,5814
-32,2266	11,8333
-32,1606	-11,6938
-42,3848	-5,6650
-24,8863	-55,3418
-34,3240	-70,1527
-28,2289	-31,6185
-27,1800	-88,8308
29,6395	-18,3138
-2,2105	-15,1684
58,2796	-15,2986
48,5149	8,5564
55,9860	-36,4011
16,9270	-12,9393
31,7373	-8,0248
-23,7716	-62,6158
-29,0152	-9,4662
-27,9011	-42,9554
-46,6447	-63,2709
-22,2650	-26,8987
-35,2414	-23,1634
24,9213	-19,6900
-1,2934	-2,5196
42,3541	-16,4781
29,1814	36,2129
56,9689	9,9328
17,0573	8,9507
51,2014	50,1067
-4,3733	29,7903
1,1314	16,4866
-19,3152	25,9236
-10,1409	5,2799
-26,9175	28,5453
-44,2190	38,4406
2,1152	-18,3786
-18,5295	21,7294
24,8560	11,5054
-8,1742	-5,2061
40,1262	-10,6456
24,5938	-32,2722
48,3837	-2,7810
23,8074	24,7437
36,7834	5,2803
-13,6797	34,7716
-30,1297	48,2721
-83,3446	52,9909
-51,3639	62,7555
-58,3102	29,9879
-40,6812	49,1897
-7,9123	20,2878
9,5204	-21,3280
60,7046	-23,0974
66,0128	-8,0904
101,2060	-50,8196
38,8156	-29,3894
71,5181	-51,0163
-17,8734	-48,9189
1,0667	-28,3412
-32,7509	-69,4318
-21,8722	-12,0226
-45,9235	-31,8143
-3,3254	-29,9786
2,3768	-1,6016
-8,2400	19,9594
0,3458	3,3138
-6,1433	41,3246
-29,6047	-3,5017
-54,1815	38,3761
-41,7945	44,7321
-25,7385	-7,1062
10,8311	4,8210
2,7702	-21,3936
53,1675	-50,4915
14,2393	-19,9519
63,4569	-32,0110
33,0479	-43,5452
18,2367	-20,9354
-28,7522	-49,9020
-15,4490	-15,2332
-22,8544	-11,3668
-21,4132	-6,7132
-38,3210	37,7853
-30,3260	-15,9543
-13,6142	-38,3016
-41,2050	-24,9983
4,2774	-46,6907
-24,4932	-17,1996
10,2414	-19,2314
-2,4069	-28,4713
53,5608	13,2090
5,6543	-17,5928
48,2525	-35,2870
14,7636	14,9788
29,1811	-2,6502
-3,9140	4,3624
10,1752	12,9476
-25,0168	-10,9726
-10,3373	19,6325
-28,6216	14,1266
-21,6754	-25,9811
-32,2918	-15,8235
-31,9645	-20,4765
-11,8443	-1,6021
-32,2922	13,6682
-22,9856	39,5556
-27,1148	64,6560
-11,3211	106,5339
-63,9466	100,8984
-65,5851	151,5580
-97,6323	141,2033
-106,2179	145,7260
-106,6106	150,0510
-81,7733	111,3849
-70,1070	133,4044
-53,6576	83,1378
-26,0663	29,9225
-12,9590	21,4677
-1,4241	-25,3913
2,6394	-57,8315
70,5347	-22,9016
43,3372	-57,4389
76,4989	-36,9263
54,8066	-25,3918
99,5021	-32,9278
77,7445	18,7145
104,6799	2,3304
99,3064	5,7391
92,2280	29,2002
74,5991	-23,3592
22,6284	-11,4315
15,1570	-7,8932
-38,2556	-24,7353
0,0831	25,6611
-26,1325	-13,2020
-23,3136	-36,8599
-47,8247	-0,6849
-42,1882	-63,6649
-77,6433	-38,3019
-37,1419	-16,0201
-23,9039	-9,4658
-30,7849	52,5966
-36,2236	34,9676
21,3818	19,6984
-8,6985	65,2460
2,0490	56,3330
-3,9140	54,1052
-0,8997	64,6561
12,7974	28,0214
-15,7765	15,9627
6,6368	-1,6018
-25,0176	-59,9943
-19,4468	-34,3046
-40,2221	-48,5260
14,9592	-14,9059
-52,6083	15,4375
11,0275	22,8432
-12,3035	35,4924
16,1392	52,2696
-24,6238	29,3323
13,3867	57,8404
-13,1553	34,3781
-22,3956	35,4927
-2,2761	54,7600
-10,4029	38,6383
-3,1281	74,2248
-14,5972	89,0352
-10,0096	50,1731
-41,9258	83,6616
10,7653	29,5942
-26,5250	34,2477
8,4058	42,7663
-8,6991	2,7237
13,3212	18,3214
29,9024	16,1586
66,0783	8,6225
82,9217	44,9295
71,2567	50,6965
102,5834	17,7321
98,9128	49,8446
112,8068	14,7820
75,5816	0,8889
83,1844	-1,2087
71,4528	-25,5225
63,6541	-15,9539
50,0882	13,9300
69,6177	-41,0538
42,5512	28,7421
52,4466	13,0786
19,1544	-9,5964
20,5957	12,4889
-19,8396	1,3480
15,6148	25,9238
-14,4656	1,6098
18,3020	-2,5837
15,1567	56,8571
8,2751	11,1781
36,3249	2,5279
3,5563	35,5574
12,8633	-13,6603
23,5449	-5,9265
32,5234	-2,1919
-20,8882	-44,0033
15,2875	-9,7940
0,8039	-31,1590
17,2529	-48,0010
-22,7235	32,8701
16,9911	7,3109
-22,9200	12,6201
26,5596	32,4117
7,8822	3,0515
23,2173	28,4798
7,6202	8,4248
-11,5170	-36,5321
-10,9270	-21,0005
-68,1404	-25,9815
-42,1877	-39,8750
-46,1861	-13,9888
-6,6678	-38,4333
-40,8122	-16,5440
-12,4350	11,1121
-50,0522	-19,0998
-17,6121	34,0499
-25,4106	-6,7792
-20,3646	-13,0697
-17,0218	30,9044
-25,2144	41,1934
-19,3811	37,9169
-46,9721	57,1844
-9,4845	19,5676
2,4423	98,9974
38,1602	71,9303
40,1915	37,3937
63,0636	82,6128
10,0452	15,7653
29,4440	18,4533
14,4359	42,5040
42,9439	24,2856
31,6066	18,5185
71,4524	5,0839
43,6002	-4,8119
92,4244	43,7498
70,4703	-20,0825
78,7274	-6,2541
66,6039	25,1369
66,0790	-30,1753
76,4338	4,9519
45,3692	3,9028
50,0223	-17,4614
41,2400	27,8895
19,4167	17,6003
-0,2443	28,6770
20,3987	83,6614
-46,4476	81,0404
-11,5828	88,0529
-41,4019	75,0112
-31,8340	33,1336
-58,8345	22,9099
-58,4418	16,1588
-69,7137	-26,9639
-88,9817	-27,8816
-76,2672	-34,0419
-101,4993	-11,6288
-95,9934	-1,6675
-100,1885	-24,0148
-56,0819	12,6856
-50,1843	33,4600
-5,3569	-16,6746
-1,5558	-11,3662
20,1370	-17,5269
2,7049	-19,8206
33,5721	-18,1173
1,1978	-45,5111
36,4553	-14,6434
-9,2228	-26,9649
-26,9833	-58,1591
-12,5656	-22,0491
-32,0302	-44,3319
-27,3111	-65,8927
-33,2099	-25,4570
-16,5633	-34,5668
-38,0594	-17,5923
-1,2936	-3,8958
-62,4386	-8,0895
-1,0970	7,1145
-39,7633	-4,4854
-27,5082	-9,8585
-39,1078	55,5454
-32,2270	-21,7868
-69,2541	-9,0721
-33,7340	18,6487
-23,1170	-13,8564
-27,1150	29,7909
-14,5968	62,5586
-12,9592	43,7507
-3,2586	87,1351
21,0544	59,6101
49,1048	39,8837
38,7499	39,0968
92,2278	-3,8951
55,6585	16,0277
95,9634	-2,8474
68,5689	-38,5639
46,1555	4,2314
9,8489	-9,1383
50,2839	-2,7806
36,3249	22,9090
28,0015	-9,8588
29,3133	-4,0918
42,5511	-13,7263
69,8141	-64,6477
29,1818	-43,7418
39,9955	-54,7524
17,2541	-75,2647
42,0920	-37,7128
-16,4976	-47,7396
12,2075	-28,6028
-8,2401	-25,9814
20,6613	-37,8430
10,2413	-8,8108
19,8096	-11,8912
7,3578	-25,0632
14,5662	33,1326
-33,6679	34,4434
-28,6226	20,0261
-45,0060	45,5849
-39,8952	-1,3390
-59,0966	23,6958
-60,7355	37,3267
-52,6741	8,2294
-42,5161	75,4035
1,9175	45,5191
-43,3019	61,3144
13,5179	124,0975
-30,5878	74,1595
25,6420	88,9054
-19,5119	107,7792
31,1471	54,8917