-66,3227	-84,3642
-52,6913	-110,7746
-65,9296	-63,7855
-57,9342	-91,9664
-66,2573	-96,7499
-66,9784	-82,9222
-64,2256	-107,9568
-58,1966	-94,1286
-68,6166	-89,6725
-63,3738	-122,8335
-56,1647	-96,5536
-62,5874	-113,2655
-68,0921	-115,4937
-72,5488	-109,4645
-66,1261	-118,1153
-64,8811	-116,9356
-59,6384	-121,5233
-74,5804	-130,3051
-58,9830	-114,2488
-78,9714	-130,2398
-61,6701	-141,7083
-73,2044	-137,5141
-74,5154	-141,3808
-91,4235	-131,7470
-82,9040	-153,2429
-88,2780	-160,6483
-96,8635	-142,5606
-113,5094	-152,5223
-118,9490	-161,9593
-111,4125	-161,4353
-135,1365	-178,0816
-118,8837	-172,4453
-140,5106	-166,1544
-119,3426	-200,6917
-145,5570	-181,6862
-120,9156	-195,5804
-138,2826	-215,7651
-124,7168	-202,8548
-138,0861	-217,3384
-134,8750	-228,5450
-135,5301	-230,6423
-148,4410	-249,3856
-142,1492	-235,3610
-146,4748	-235,5580
-143,9189	-266,0974
-164,3007	-239,9489
-160,0407	-255,4812
-170,9199	-275,8625
-161,2206	-249,9761
-184,8792	-269,7681
-176,4252	-274,8141
-193,3334	-265,7049
-185,4693	-288,8389
-194,0546	-258,5614
-193,5961	-273,1763
-198,9699	-300,8975
-204,3440	-273,5037
-203,9508	-297,4902
-211,2911	-299,5216
-217,3857	-307,9107
-215,9442	-328,8820
-215,4853	-317,3481
-232,8525	-333,5358
-219,2865	-364,4686
-237,4401	-347,2328
-231,7384	-362,3065
-250,1540	-383,1468
-227,0856	-389,5695
-246,8118	-411,7863
-247,8606	-392,5845
-252,8411	-415,7192
-249,7613	-447,0450
-260,7711	-427,9088
-259,5918	-454,1891
-265,6865	-469,5242
-271,8471	-453,5994
-283,1847	-480,9936
-293,2774	-478,1755
-276,1727	-490,8243
-307,5647	-511,0091
-303,3703	-494,2322
-335,7451	-515,3354
-306,7785	-529,9495
-335,4180	-526,2145
-336,2701	-550,5284
-355,0788	-545,9412
-343,7415	-571,7626
-367,7276	-600,5984
-363,3370	-579,1683
-372,5119	-601,2545
-378,3449	-629,6312
-387,5853	-614,2306
-393,3527	-640,7074
-386,0782	-652,7004
-407,7707	-668,4292
-402,9865	-682,7816
-414,9140	-668,7573
-390,2726	-677,3429
-414,9797	-718,1063
-393,9425	-697,6591
-410,1956	-720,4661
-402,9212	-736,4568
-410,5233	-749,1709
-399,9724	-760,6398
-424,8759	-750,3509
-422,1891	-784,4955
-430,0534	-793,9980
-435,2966	-783,1849
-450,1731	-799,5693
-461,6422	-827,0941
-452,3362	-816,8052
-484,8422	-829,1919
-476,1259	-844,5927
-502,9303	-844,3309
-493,2966	-859,7975
-510,2705	-851,9334
-500,2438	-882,2113
-512,7612	-905,6074
-525,6066	-890,7312
-535,8298	-927,8904
-536,1580	-942,1115
-541,6628	-948,3379
-544,0880	-970,6203
-559,7508	-969,3753
-561,1274	-979,0096
-549,2655	-1023,7705
-581,0506	-1005,8139
-583,4752	-1017,7420
-587,4076	-1041,9247
-593,4371	-1052,6072
-611,8526	-1076,2658
-604,3817	-1059,5544
-615,2608	-1083,7376
-604,7754	-1111,1316
-636,6913	-1097,6315
-629,1550	-1130,9243
-644,2938	-1159,0389
-657,0736	-1151,8303
-651,6997	-1175,1615
-675,0309	-1180,4045
-680,2737	-1191,9393
-699,7381	-1229,0326
-708,7165	-1225,2317
-726,0838	-1252,5607
-723,6589	-1275,1705
-739,1912	-1266,4547
-739,4535	-1301,7790
-760,8185	-1308,4636
-761,4083	-1307,5467
-772,3531	-1344,0503
-779,4312	-1344,4436
-801,7135	-1352,5051
-805,3839	-1397,8556
-819,3431	-1359,9107
-826,8144	-1396,5457
-831,2711	-1406,3105
-858,0754	-1409,9808
-857,9444	-1427,6756
-874,1976	-1436,5886
-867,4475	-1450,2205
-901,2642	-1480,7603
-886,3220	-1467,3912
-910,0462	-1501,1427
-899,6916	-1532,1410
-926,6271	-1513,8572
-932,1977	-1553,1789
-936,2611	-1558,4874
-947,8612	-1579,9837
-956,8396	-1603,5111
-960,8377	-1604,1013
-964,1145	-1623,8934
-976,8289	-1656,7924
-989,7393	-1646,6346
-999,7664	-1665,6406
-999,2422	-1678,6822
-1018,9032	-1695,7874
-1015,8230	-1717,6110
-1036,1392	-1708,8950
-1021,7870	-1732,8161
-1034,3045	-1762,7658
-1026,9647	-1748,2172
-1054,4241	-1778,0364
-1047,0844	-1789,3084
-1055,1453	-1788,7846
-1048,0022	-1827,5818
-1063,5996	-1808,6421
-1071,7919	-1818,0142
-1064,9105	-1837,7404
-1084,8337	-1829,7454
-1085,0955	-1846,6538
-1094,0741	-1865,2004
-1068,6463	-1860,7441
-1100,7590	-1873,7205
-1091,1906	-1867,2980
-1109,0163	-1884,5997
-1073,8892	-1905,6364
-1112,6209	-1880,1432
-1088,0448	-1900,7873
-1092,7634	-1903,8016
-1077,6903	-1876,5390
-1087,5860	-1908,1930
-1068,5153	-1895,4133
-1066,4177	-1900,2633
-1063,7965	-1921,4311
-1058,8154	-1908,4550
-1061,6989	-1910,4869
-1033,7147	-1922,6108
-1032,4044	-1900,3941
-1018,9689	-1920,7761
-1025,7192	-1910,6176
-1008,7450	-1895,6758
-1008,9415	-1908,5859
-976,3702	-1884,5998
-984,1688	-1880,2746
-980,4332	-1891,2187
-973,2895	-1856,0912
-972,9619	-1854,3875
-963,1312	-1865,5280
-948,2548	-1831,7770
-946,2883	-1837,2819
-940,1280	-1814,4096
-930,7560	-1814,4097
-916,5349	-1808,3143
-909,0635	-1776,0708
-912,1435	-1783,4761
-890,5165	-1771,0240
-906,7692	-1740,3532
-867,8407	-1742,9088
-879,5715	-1720,4297
-854,4711	-1706,9291
-846,4101	-1708,4362
-840,5117	-1670,5559
-832,0573	-1659,8737
-811,9379	-1662,4946
-819,4743	-1634,3793
-805,3183	-1619,7647
-788,8688	-1603,9047
-796,3399	-1580,7705
-788,0820	-1586,6683
-787,4923	-1551,2132
-769,9941	-1547,2154
-793,2592	-1542,4963
-763,3745	-1504,5511
-755,5104	-1505,5995
-753,2164	-1498,8488
-751,3155	-1484,2998
-718,3511	-1478,1389
-728,3778	-1442,0941
-704,5228	-1431,7393
-703,6704	-1448,7780
-681,7816	-1391,8271
-679,9463	-1384,9460
-684,5993	-1385,0763
-670,1154	-1352,7015
-657,3361	-1359,5824
-648,7506	-1312,9863
-667,3626	-1302,0418
-630,4655	-1329,2385
-636,9538	-1271,8944
-628,4993	-1261,9332
-620,4380	-1268,2239
-590,2918	-1243,0579
-603,2675	-1231,2614
-574,9561	-1214,5494
-589,4394	-1198,0998
-572,0066	-1209,3059
-564,6010	-1156,3529
-567,1569	-1157,2051
-540,0903	-1167,2969
-565,0597	-1129,9413
-541,5317	-1130,4000
-549,9205	-1112,5083
-518,3320	-1111,5908
-536,6821	-1103,9881
-515,5792	-1064,8632
-519,2492	-1069,3197
-496,0493	-1073,9066
-500,4400	-1037,8617
-479,1408	-1027,4414
-485,7597	-1021,6738
-462,7566	-992,5758
-457,4480	-986,7429
-462,3631	-965,5744
-449,0590	-946,2413
-433,6582	-964,2631
-431,6262	-916,6183
-436,7382	-921,0092
-420,5505	-915,6346
-421,5337	-877,8860
-412,0307	-876,2475
-418,7154	-861,5671
-401,3482	-846,0352
-405,7392	-852,9815
-389,1584	-805,6645
-391,2553	-823,9492
-377,5584	-831,4196
-379,9174	-793,6055
-359,5358	-800,1591
-360,8462	-789,1487
-347,0183	-774,3377
-345,1174	-787,3789
-336,9910	-761,4921
-328,7332	-743,3387
-330,7650	-748,0570
-309,5311	-723,2188
-331,9445	-718,6968
-310,5793	-721,2522
-316,9365	-700,7393
-294,8508	-689,4670
-314,3803	-665,0876
-283,7094	-667,9711
-291,2461	-687,3691
-268,7017	-635,2025
-278,2041	-635,1372
-265,8835	-636,1197
-258,4776	-619,3425
-248,6474	-633,6947
-247,7952	-610,8879
-260,4435	-604,4001
-240,7824	-613,7058
-246,8775	-580,1513
-222,9565	-580,3481
-235,9328	-584,1488
-219,0898	-554,7231
-235,0150	-558,0655
-214,8299	-558,7203
-224,0704	-530,6056
-219,3519	-542,5328
-219,9416	-512,6482
-206,3759	-524,1826
-211,2255	-516,3834
-211,7499	-485,1228
-214,9607	-486,6303
-207,6211	-495,7391
-205,5891	-472,0152
-201,7227	-481,3210
-210,8318	-445,8004
-198,3801	-443,5068
-190,8434	-439,9019
-208,0791	-407,6582
-174,5247	-422,4038
-191,2365	-403,2012
-183,7652	-381,5089
-188,6148	-385,5065
-166,7917	-372,7921
-186,2557	-351,2964
-175,4424	-370,6947
-180,8162	-340,6135
-174,3283	-342,9075
-179,2433	-349,1983
-169,7407	-318,9209
-178,4567	-315,9064
-180,2261	-333,4697
-158,9267	-305,5514
-161,2206	-322,9839
-153,8148	-291,5264
-154,2734	-290,4783
-134,4161	-315,7746
-136,4476	-279,6642
-129,5663	-279,7955
-140,1829	-284,1206
-119,3428	-269,1128
-131,0735	-289,9530
-118,2287	-256,3330
-136,1852	-262,7558
-120,4567	-284,1199
-118,6218	-243,5531
-131,8599	-238,3106
-116,2622	-248,8615
-134,0225	-231,3635
-118,8835	-233,2638
-132,4495	-226,0548
-112,8543	-223,1058
-125,6337	-231,6250
-107,8080	-193,0245
-115,7379	-206,8527
-109,1188	-204,1654
-114,8859	-192,0413
-111,6749	-186,3396
-114,0996	-188,5021
-126,3548	-184,3734
-109,9052	-189,6160
-114,0342	-164,6468
-113,6407	-169,4967
-118,2939	-190,0091
-119,0801	-162,0907
-124,2575	-169,5621
-114,3616	-174,6735
-132,2528	-154,8162
-103,3514	-164,7776
-119,6044	-134,8277
-104,3999	-145,9032
-103,6790	-163,7941
-97,7154	-124,8003
-96,1423	-132,5338
-89,5890	-137,7107
-89,4575	-136,0724
-86,1154	-147,4755
-82,6417	-129,7808
-80,3482	-131,6816
-84,0833	-149,9659
-73,6634	-129,5188
-72,0248	-127,8150
-83,1003	-141,0532
-67,8303	-126,8318
-84,0832	-142,2984
-64,6845	-123,3583
-69,5342	-116,2807
-50,0045	-132,7299
-63,5704	-114,5109
-59,8349	-115,7561
-62,5871	-125,8484
-46,6622	-108,5469
-41,5501	-105,4013
-44,4994	-109,3332
-42,2054	-101,9933
-48,0382	-121,1951
-38,9940	-96,8812
-56,6888	-95,2432
-39,7803	-108,2845
-50,5939	-91,2453
-37,9455	-91,8353
-59,2445	-93,5390
-35,1930	-90,3279
-57,9338	-93,8011
-31,2607	-82,4634
-39,1251	-78,0726
-37,4867	-99,8956
-38,4695	-67,3242
-23,7897	-70,0770
-16,3185	-85,8051
-33,6856	-53,9547
-24,0514	-75,5160
-29,9500	-42,2892
-25,1656	-54,0860
-23,4619	-67,5858
-28,2458	-35,0146
-30,7362	-27,8714
-21,6922	-52,6437
-22,4132	-37,4391
-16,3185	-33,7693
-16,9082	-33,5069
-15,2044	-32,5240
-28,1801	-40,3882
-11,6654	-18,3025
-16,4492	-15,1571
-18,2843	-43,4683
-7,5363	-21,9725
-11,0100	-17,5817
1,4421	-37,0457
-22,4131	-12,5353
-10,0265	-37,1768
-32,4399	-17,8434
-3,0798	-5,1954
-16,3183	-16,7951
-6,0291	-0,8043
-33,5541	-8,8655
-6,6844	-34,9484
-14,8110	-19,4820
-14,0246	-20,4652
-23,5272	-16,7295
-2,8180	-25,4459
-7,5365	-39,9290
-15,7286	-11,2243
-16,3836	-7,6203
-20,6436	-28,9846
-9,3712	-10,4380
-19,0708	-23,7420
-10,7475	-16,1397
-17,8255	-27,4775
-14,1554	-26,8876
-16,6457	-9,0620
-1,8349	-17,8439
-16,3182	-30,8852
-11,7308	-12,2732
-19,6605	-30,2955
-11,3377	-12,4695
-20,1193	-9,7173
-16,9738	-18,8921
-23,5927	-8,9306
-28,1150	-1,9184
-18,8086	-18,3676
-35,9792	9,4851
-17,2359	5,6183
-34,5376	-3,5564
-25,4935	18,7256
-45,4819	-4,1464
-28,1149	-2,7044
-40,7633	10,5336
-19,0709	-3,4910
-37,0934	3,5870
-32,5713	3,5213
-17,7601	-0,4763
-14,7458	15,9076
-27,0006	0,9000
-9,5027	18,5948
-13,1726	15,9731
-16,8426	-6,3087
-10,9442	22,1338
-24,3792	18,0048
-7,3396	4,0460
-25,4277	22,5926
-5,8322	17,0220
-23,7237	19,7091
-2,3590	14,1384
-20,3814	12,8279
-8,3228	21,0853
-16,1872	16,1045
-23,0686	2,4732
-6,8811	37,6003
-17,7604	15,2524
-24,5102	19,5780
-18,0880	23,3788
-17,3670	3,8494
-36,1758	24,1000
-24,1825	21,2817
-38,3385	1,8179
-10,2234	30,1293
-32,1782	29,9979
-16,4492	11,9760
-26,0176	36,6174
-5,2427	23,2480
-25,7554	35,4379
3,2114	27,0491
-19,2018	25,4111
-12,3205	56,0816
-12,4514	32,5541
-2,9490	9,6826
-14,1555	31,9648
-13,4346	36,6174
-9,7645	27,4425
-24,3137	22,0685
-9,3713	14,2042
-36,7654	32,0300
-13,5657	27,3109
-26,2798	0,9004
-10,1580	32,8162
-25,1656	22,5269
-11,9273	9,6164
-22,8062	24,0998
0,4589	10,2062
-9,1093	15,0558
-3,0799	10,9926
-3,9317	-0,6726
10,6826	26,9179
5,2433	10,3371
-6,6187	7,5849
10,1588	14,6627
-5,7013	7,9781
-5,7010	35,4376
-17,3009	21,1505
3,3428	1,2937
-15,7282	40,8117
-0,7861	42,5808
-22,0197	13,3522
-10,1578	45,0061
-16,4492	28,9496
-3,4079	31,5058
-11,6653	29,7362
-17,7602	24,2968
-15,6629	35,9621
-26,4110	21,7407
-13,6313	-3,2280
-38,0109	33,0786
-26,0175	16,1045
-49,4142	9,8134
-24,7724	26,2627
-34,5376	15,7768
-34,0788	15,1216
-47,0548	23,6411
-25,7558	8,8956
-42,7952	26,4593
-33,3581	27,0489
-40,8945	17,3498
-33,8825	24,6244
-45,0888	13,3522
-42,4021	40,6808
-40,1737	32,0298
-42,3367	22,1996
-46,1375	28,6878
-54,3296	36,4863
-40,1738	23,0515
-49,3488	37,5349
-36,3072	31,0469
-47,0550	25,2797
-30,5400	31,0469
-51,4458	18,6607
-42,6640	52,5428
-37,0933	37,9278
-26,6734	22,4619
-36,1760	38,3214
-35,9140	21,9375
-36,5691	28,7533
-34,6688	22,7239
-33,6856	20,6269
-48,8901	36,4864
-42,0086	26,5903
-56,2956	4,5706
-43,1228	25,4764
-66,0605	30,6535
-49,0865	8,2403
-58,5893	14,9904
-39,5840	1,2278
-35,3897	9,9442
-42,9265	7,3879
-46,5306	-17,3843
-37,6180	16,8907
-42,4674	0,6375
-35,7175	-8,7338
-35,9796	1,5552
-60,6211	-3,8843
-47,8413	2,0141
-49,8735	6,9290
-49,4800	-5,3260
-72,2867	5,4219
-54,6574	6,6669
-68,0925	-15,3529
-68,8133	10,5337
-78,9713	3,5211
-63,9638	-12,1417
-70,2552	6,4050
-56,2963	-7,2265
-71,5659	14,5314
-70,7140	2,1449
-54,0678	-10,1099
-59,3108	6,7982
-66,3228	17,1526
-69,5996	-10,7000
-48,0382	2,2107
-64,3569	-2,1148
-49,6110	7,5847
-54,1332	2,6691
-52,2982	-8,7993
-67,8301	6,8637
-47,9073	-3,2290
-62,0630	-11,2240
-47,9729	14,5969
-65,8640	1,8174
-56,4271	7,0604
-62,6528	4,9631
-50,5945	-5,1947
-63,0461	8,5678
-67,6992	6,9947
-48,8903	-3,1630
-65,2745	4,6357
-53,4123	5,4875
-70,3861	1,2278
-50,8563	12,2376
-57,2790	-7,4231
-56,0993	18,5947
-72,4175	-2,3116
-51,5116	-9,2580
-53,8710	16,8250
-48,7594	-10,1103
-64,6189	-12,8626
-55,7061	-10,0447
-46,5966	-12,2073
-68,3547	-3,6222
-54,4607	-9,0618
-67,0439	-14,7633
-48,8247	3,9800
-60,4903	2,8656
-55,6404	-17,9745
-71,5000	2,3417
-46,3342	-4,5397
-54,6573	-1,4595
-48,2348	-0,6075
-50,2663	-9,7169
-38,4699	7,5845
-55,3780	-8,6029
-30,0158	-6,9644
-47,5139	2,7348
-30,5401	-7,6853
-49,3487	3,4559
-37,2903	4,8319
-35,1930	-5,7193
-41,5502	-1,2627
-50,7905	5,8150
-48,3003	-11,2896
-44,6957	12,4999
-59,3759	9,2228
-62,7180	5,2911
-53,4774	16,8907
-40,1084	-11,6171
-51,0527	23,5101
-41,8779	14,4658
-55,2470	-8,6679
-34,4068	19,3158
-47,9071	1,2276
-43,3195	6,3398
-31,3265	13,0241
-34,7345	-8,9303
-29,4259	2,4731
-56,0335	12,3031
-25,9521	-17,9740
-40,1083	20,3643
-31,7193	9,5505
-43,5814	-0,1484
-14,4179	17,4806
-30,0810	3,5214
-18,4810	4,9633
-28,1147	11,1236
-14,9422	3,4559
-27,9836	14,1383
-14,9422	18,3979
-23,3963	-11,7482
-30,7363	23,7067
-23,6583	8,7643
-26,8043	15,0561
-24,1171	25,3449
-42,3363	13,9419
-32,4402	39,1732
-44,6955	23,7065
-33,4235	-5,3254
-44,4990	30,4569
-30,2779	13,5485
-53,7396	-3,7527
-39,1250	22,7235
-40,2392	-3,2943
-29,9502	1,0313
-36,7657	7,2568
-29,9501	-19,0885
-27,3284	10,3372
-22,9377	4,5041
-14,4832	-6,0468
-23,2653	11,0579
-14,6142	5,5530
-17,3668	9,8785
-5,9635	13,6140
-24,8379	8,3057
-12,6480	29,9980
-17,7599	9,1574
-8,6506	7,5850
-21,6266	18,2671
-19,9883	6,2085
-25,6898	6,6019
-14,6801	18,3326
-30,9328	7,5847
-26,0178	13,0243
-22,2167	10,7304
-24,7727	0,7036
-31,4572	20,9541
-31,3917	11,1235
-29,8188	2,8009
-26,6076	22,9857
-29,0979	12,3034
-34,9304	35,5031
-12,9760	13,9417
-34,8649	6,0122
-19,6606	34,5858
-14,0244	12,3032
-16,5806	9,6166
-19,2019	14,4661
-23,5930	14,4660
-25,0343	13,2207
-22,8066	14,3347
-22,4785	-13,3213
-34,3407	14,2693
-30,9327	-3,9500
-26,7386	-19,4816
-20,7749	-1,9181
-47,7757	3,3901
-20,7092	-14,1732
-47,9069	-0,9351
-32,9646	-8,8649
-50,4627	-3,8187
-32,3094	5,5528
-36,2414	-11,2242
-31,1956	14,3347
-44,7609	-9,1928
-23,3966	-9,6513
-24,1173	8,6331
-44,9579	1,4897
-33,0299	14,1381
-22,1513	11,2545
-25,6245	-3,3597
-31,7194	15,5801
-20,4471	6,6016
-36,1102	6,6018
-22,8064	20,3643
-33,9474	11,3201
-20,5783	8,8956
-31,2606	17,4805
-25,6246	3,8492
-32,5713	14,5971
-26,5421	11,9754
-14,3523	-16,0736
-21,6927	11,8447
-21,9543	1,2931
-17,8913	0,7689
-15,3350	1,6864
-6,6844	-5,7191
-1,1792	7,0603
-3,0142	1,0308
13,8942	-15,3529
-5,8976	8,5677
16,5814	1,0963
11,9938	-11,6831
20,1857	-6,5714
15,7950	-15,4187
22,6105	-5,5884
18,2197	-21,7104
15,0738	-35,8003
14,6809	-14,1080
13,2387	-20,7274
8,6515	-35,2761
3,2772	-14,7635
0,1317	-24,7905
-13,1722	-14,7634
-0,3926	-12,7975
-16,3180	-37,1765
-1,2446	-3,6220
-8,0605	2,4068
-0,4584	-17,7124
-12,8446	2,4728
-8,9781	5,0940
-19,5949	-0,1487
-6,5534	-0,8696
-15,5975	-6,3090
-20,0539	13,4173
-12,4517	-4,6707
-35,1927	-17,6465
-16,7114	13,1551
-32,7680	-2,3771
-16,1871	-5,3258
-32,6369	4,5044
-19,0708	-5,0639
-27,8527	7,5193
-12,0585	13,2206
-36,9620	-9,5855
-8,1262	18,2672
-18,0220	18,0048
1,5730	13,6141
-12,1237	22,0681
1,0488	2,2762
-3,9972	8,3712
7,9956	14,2692
7,7992	-7,5540
-15,9903	16,8908
6,7508	4,6353
0,1969	-9,9787
1,5734	18,3325
-10,6820	-1,8527
6,9474	-9,5857
-3,4075	10,9268
-5,5700	-14,3700
-13,3031	-5,5224
8,1925	13,2859
-1,1792	-15,2875
-4,5216	0,8344
-9,7643	-4,2777
1,5731	-14,1078
-6,2254	8,0432
-2,6212	-13,4526
-4,9803	0,4412
-9,3713	-7,6856
1,8354	-10,1100
-12,9102	-1,4593
5,4401	-14,3700
-13,8931	-9,0614
17,6298	13,8758
-4,6525	-15,9428
13,8288	0,0481
9,1101	-0,2145
10,9450	-14,6976
6,5544	5,5530
18,2194	6,7324
7,3408	-18,0400
16,1223	3,3247
14,2876	-2,9013
8,4547	-11,0931
14,7464	-8,7995
10,9450	-23,0205
19,5960	6,6016
7,7994	-4,1466
12,3215	-15,8772
1,7046	-4,9329
14,3531	-10,8966
4,7193	-5,3259
13,2389	2,9312
0,0663	-10,9621
11,8625	15,2522
-6,2252	6,2080
13,0420	-25,8386
3,6049	1,8175
-8,9126	1,0963
-4,7835	-11,8795
-6,5534	-2,7702
-3,6696	-18,0400
-12,7137	0,1135
-6,0288	-9,8481
-16,3182	-6,5712
-2,0968	-6,8334
-25,6897	-6,8991
-2,4243	-13,1247
-9,6989	-0,1488
-4,3905	-10,3725
-8,2569	-9,7825
3,9980	-0,4111
0,0661	-33,3755
-4,1284	1,6863
0,3939	4,6349
-1,3105	-17,9090
-13,9585	-6,3746
-3,6697	-13,8458
-4,3905	-16,5325
-29,4909	17,5460
-14,8107	-2,2459
-30,5394	8,1091
-5,7669	19,9052
-22,5442	-4,2116
-9,2403	31,7020
-20,5780	11,7133
-12,9758	4,0461
-3,1453	31,8985
1,4420	1,8832
7,6682	20,7577
10,4204	23,9031
11,0107	-10,6994
8,4546	28,1634
13,1734	12,5653
8,4547	-0,0826
13,5667	21,5439
5,2436	11,5824
18,0232	7,5847
1,7703	13,3517
28,8365	-17,3188
1,3770	12,6966
15,8604	2,0138
1,7702	-17,1222
3,2773	9,7474
-0,3270	8,8296
1,5076	-0,4106
5,1778	12,6964
-6,0946	0,5068
-4,8491	20,7574
1,3765	13,6795
-1,9002	-11,0929
-11,6651	17,2841
-4,9802	6,0772
-10,1577	-1,9834
10,0929	14,9902
-23,3303	9,4195
0,1972	7,1260
-3,1451	8,7642
18,1539	-9,9788
3,3428	12,6966
13,6975	18,0047
12,5181	-14,4353
19,6612	-3,0975
7,7340	-8,8649
17,1710	-0,9349
4,0640	2,7348
17,5642	-17,0569
18,4817	12,7619
-6,0943	8,1085
7,2752	-14,3700
-6,9460	9,0919
15,4671	-2,7701
-1,8342	9,6818
24,3145	10,7958
7,5374	3,4559
26,2149	19,9709
6,6855	14,0069
19,2026	-13,5178
12,4525	11,8447
8,7168	9,4194
19,3337	-6,3745
11,7313	4,5044
4,2605	-16,5326
-13,8930	4,6356
1,5736	8,3707
-3,6039	-16,0740
3,0152	6,4704
-24,2476	-7,5545
1,7701	-9,9135
-5,2425	4,1766
-4,7182	-9,8481
-7,2085	1,3587
9,3062	-4,5398
-13,1724	-23,7414
-11,8619	10,4683
-14,0242	11,9752
0,6554	-8,7994
-17,8255	11,8445
-23,9202	5,4873
4,8501	-2,9665
-26,2796	11,0579
-3,8006	3,3249
-23,1992	1,4898
2,7529	11,5167
-9,8300	-6,5712
9,3066	10,2715
-8,9780	-1,1975
3,7360	-13,3215
9,3722	-3,2290
8,3889	-14,7634
6,0955	-9,9793
9,3067	-15,5500
11,1419	-37,6352
15,7292	6,4046
17,0401	-16,4676
2,4910	-23,3485
11,6008	-0,2145
9,4378	-20,4649
29,4918	-0,0832
3,1463	5,4871
11,9937	-17,6467
-8,1914	11,3203
2,9497	6,5357
-9,6332	-15,2219
-3,0143	6,9293
-10,0921	-9,2583
-5,1770	-6,2435
-7,3395	3,4556
1,9008	-13,4525
4,7845	4,8975
-2,4245	-0,8043
5,5711	-27,4115
-4,7182	3,7179
4,5226	-10,1103
-9,0435	-14,5665
-1,2446	-1,0008
-17,7597	-16,6638
-10,4853	5,3563
-28,3110	-10,7003
-8,9126	-29,4431
-26,7385	4,7665
-16,9082	-3,4258
-25,9521	-23,7414
-28,9014	0,1133
-22,0855	-15,0255
-32,0471	-6,4402
-22,7407	-7,6201
-23,9862	-27,0184
-15,0730	2,2105
-26,4762	-0,3458
-4,3905	-18,5644
-13,0412	-1,5250
-0,7859	-0,2145
-7,7325	-6,3748
11,7972	-10,1103
9,5689	-15,1564
26,2805	6,3392
7,2752	-2,9670
18,8750	-24,6590
9,9622	0,9655
6,2265	-20,5305
9,5035	-9,4547
6,4886	-4,6708
11,9938	-16,3362
-1,1791	-11,3554
13,4357	-1,3941
5,7022	-18,1056
13,4356	-0,8697
-4,1935	-16,2708
17,8921	-15,7463
2,6222	-10,8967
28,2466	-18,8266
13,6320	-16,2050
11,0106	-1,5252
17,7608	-24,3314
12,7798	6,1425
7,2750	-15,9433
1,9009	-35,0137
8,5202	10,4024
-3,0798	-15,3534
2,8186	-20,7927
-0,8515	-16,5329
7,4716	-40,5844
-11,2716	-13,5837
4,1294	-17,9095
0,2627	-36,7179
3,4739	-12,7319
-4,0625	-18,0405
3,3430	-27,3464
10,2898	-17,4505
5,3744	-30,6231
10,4865	-6,6369
15,7946	-15,6156
19,8581	-32,6546
11,6004	0,3754
14,0255	-6,6371
12,7147	-28,6567
25,3631	9,5506
4,9158	-1,3940
6,8165	1,6864
8,2583	6,6672
17,6297	-1,3281
-4,4558	26,5247
6,4888	27,3109
9,3722	7,2572
12,2556	15,9736
14,9428	25,0174
15,2702	12,5656
7,6029	16,9564
17,8918	2,0143
30,7370	17,0220
7,1439	3,7179
16,7126	0,3759
11,6660	14,2692
16,5158	4,8976
5,5712	8,5677
20,1201	16,1042
4,6537	-8,4061
4,7193	16,2354
4,1949	11,9754
7,5371	-11,9449
12,5836	14,0073
15,5978	6,1427
4,7192	-4,6048
10,2896	19,6432
17,4331	-8,6029
13,3698	-8,8648
18,1541	1,6863
14,7460	-15,6151
2,8187	4,2423
2,6222	-3,8189
0,5249	-4,7360
-11,9269	13,3517
9,6344	-7,6853
-9,4366	22,7234
6,2919	8,6984
-6,2252	-20,9233
8,8479	26,2624
-0,8513	6,7978
11,8623	-15,6805
1,5079	5,6841
16,3188	-2,1805
12,7144	-8,5372
2,4253	3,1280
4,8502	-8,7994
-7,4052	8,6332
-0,7860	9,2882
-10,3543	-13,3213
-2,1624	8,2401
-24,2479	12,0409
-10,2888	-4,4085
-16,7770	6,6671
-10,8132	-2,4424
-20,7089	7,5847
-4,5219	-5,0640
-10,5509	-14,6975
7,2745	3,3902
-5,3081	-19,7440
-2,6212	-18,9575
6,9473	-5,3918
-4,2595	-18,3024
15,2049	-8,3408
-6,9464	-4,4089
2,0979	-18,0402
2,7531	-2,9668
17,7609	-2,0494
-3,1451	-8,8649
12,8458	9,6162
0,7217	0,9655
12,5180	9,5508
9,3723	6,2084
13,4353	2,5386
-0,5893	13,1553
5,3088	8,0435
-6,8153	-5,1945
-10,6820	17,0875
-10,5508	5,0942
-18,1532	0,9001
-13,7620	15,1211
-20,3159	-16,7948
-8,2572	-3,3597
-24,5101	0,7030
-4,9148	-26,2974
-16,5803	2,6692
-5,1115	-6,8992
-17,7598	-20,0061
-3,9974	3,2590
-9,3056	-18,9577
-13,0412	-6,9645
6,3575	-8,6031
3,5392	-19,8094
2,3598	6,9947
-9,6988	0,8996
16,1880	-10,5689
-11,1406	7,1259
9,1758	0,9653
0,6559	10,4683
14,2876	16,1041
-4,7180	-4,7360
11,5351	13,0244
3,6052	17,2838
18,9404	0,7035
0,0009	23,1821
25,2320	4,5699
11,2074	10,7960
21,2344	13,0895
18,0887	-9,9789
17,4988	12,2379
24,2492	7,3223
12,1903	-8,6024
17,2370	10,9272
-3,8003	13,4172
12,3217	0,7035
5,1780	13,2208
19,4650	4,0456
14,9428	2,6039
20,3823	4,3733
14,2220	-18,5642
13,6320	5,1598
5,7679	-3,6223
24,1832	-17,7121
6,7509	6,5359
4,7192	-11,2899
24,7732	2,1452
6,8162	15,8419
15,0740	-20,0061
-1,1791	4,8323
13,1080	9,0917
1,3767	-3,1631
11,2073	15,4491
-7,8637	10,7304
6,5542	17,8740
-11,0749	17,0873
4,9812	3,7182
-13,4344	22,9859
-5,6356	20,1675
-5,5046	-2,1799
-1,6382	15,0560
-10,5508	14,7280
-11,2064	7,5193
-12,5824	15,5801
-9,5024	6,1429
-8,0606	6,8639
-20,5124	16,2354
0,1968	-5,3258
-36,0445	21,9371
-8,9781	7,4535
-27,6560	-10,3064
-13,0416	17,6773
-26,4109	8,3054
-12,3863	13,1552
-22,3477	7,5845
-10,9447	-6,1778
-13,5003	7,8468
-16,9083	-1,8527
-15,7938	-9,9134
-12,6483	1,3586
-7,7985	-14,2389
-21,2990	-7,6852
-10,0920	1,7517
-9,4368	-15,2877
-5,5702	-5,7849
-16,7767	-14,4358
6,0298	-26,4941
-10,8131	-4,6054
-5,4391	-13,0596
-7,1429	-18,7610
9,3718	-7,6200
-9,1746	-13,7148
-3,8664	9,8126
4,4568	-2,5738
-3,1456	-18,9573
-14,0242	13,0242
-9,3712	4,0455
9,4376	-6,1777
-16,1871	13,8105
-9,9609	-0,2797
-23,1337	20,6263
8,9789	11,7132
-9,5680	-8,7338
-2,4244	7,0603
-11,1407	-1,0007
-1,8347	-1,0661
-8,9780	12,7619
11,3379	1,8173
-8,9782	2,8006
-4,6528	10,9924
2,8183	-7,6197
-11,8618	8,4368
-5,7667	16,2352
-7,2088	-3,7530
-4,6528	9,7475
-28,3112	11,4510
-5,6357	-2,0491
-14,7455	4,7011
-9,7646	-3,6876
-25,9519	2,2107
-6,9464	3,5212
-15,2696	-19,1540
-6,4223	-2,1803
-22,4128	2,5381
1,9007	-15,6153
-2,6867	-9,5205
0,8520	-15,0910
-11,6651	-21,2513
-3,7353	-5,1297
6,6196	-21,9724
-9,4369	-7,8166
9,7656	-21,9069
-2,0311	-30,7541
11,0763	-7,2267
11,9283	-17,1884
23,9213	-22,3654
7,3408	-5,3264
24,0525	-21,1204
16,1225	-4,0155
23,7248	-12,2731
18,8096	-17,9746
20,3823	6,3391
9,0448	-7,0958
28,3120	-22,1031
13,5666	1,8828
15,0738	-7,6199
9,3724	7,8466
4,1948	-8,0787
16,8433	-24,7899
2,3597	8,6331
10,3553	-0,3455
-1,1792	-3,0323
19,6611	5,2252
-4,5870	-6,5057
4,7189	6,0773
-10,7474	3,2591
3,0150	-13,4522
-5,3079	13,2864
-1,0482	1,9484
12,0590	-5,9810
-2,4900	20,2332
10,3553	-0,0175
-0,4582	1,0313
8,7825	26,6556
-0,0650	-4,6705
21,0378	8,3714
10,9451	4,5046
15,4673	-3,0320
0,7218	27,2454
29,0988	-0,2798
17,6954	-4,7359
35,7178	12,8930
19,3338	-15,4840
21,8897	0,9656
16,7125	-4,6707
19,8579	-8,9960
11,3384	-1,6560
-7,2740	-0,3455
1,9669	-17,3846
-6,0946	0,3102
-3,8660	-3,6221
-15,9249	-2,1802
-1,1792	4,1112
-1,1139	-8,6027
2,3596	16,3664
-13,6311	11,5822
6,6195	-5,3259
-10,1577	12,6966
6,2917	5,4876
-7,7983	5,4222
-5,2425	15,5801
7,6027	2,4075
8,8476	21,9372
5,5712	10,0751
10,8139	2,6698
22,1520	28,7530
17,2366	20,4952
24,7734	10,4030
8,8483	27,3111
30,3441	8,7645
14,2223	38,4523
35,1282	26,6555
12,6494	-9,9132
29,0989	14,8596
18,0888	22,6579
21,2343	5,9463
17,5645	1,6210
27,3289	-15,0907
6,8164	5,8809
12,2558	-9,5860
14,6806	-14,7629
0,7213	4,4390
5,9643	5,2252
-12,4514	-9,6511
4,1293	17,6118
-19,0050	0,8999
-0,3272	14,4661
-12,1238	14,7280
2,4251	-12,6002
-21,8885	10,7306
-5,8324	-1,7870
-7,5362	5,0289
-5,5049	11,4512
-18,2185	-9,1925
-0,3929	-10,1754
11,0102	3,6525
-1,1794	-13,3213
-1,3101	-0,4761
-2,7521	10,4680
8,5202	-9,7168
-8,3227	10,1405
0,5904	-6,5713
-9,6988	-10,6342
2,6874	9,9437
-19,3981	-15,0255
3,7360	-2,4424
-5,3735	-8,6686
6,2917	-26,1009
-4,5215	-18,1056
2,1630	-20,9894
8,2581	-30,2953
12,8453	-11,9454
8,9134	-34,3589
-2,4899	-26,6253
10,8798	-11,6180
6,5541	-34,4900
11,2729	-26,4944
-2,4242	-21,1206
11,6661	-36,2593
-2,2930	-15,6154
18,3507	-21,3828
2,0978	-18,3024
9,3067	-14,4359
7,2096	-25,5768
9,0443	5,0939
-4,9800	-11,2248
7,7992	-34,8828
11,6659	-8,0130
-6,7498	-16,0742
-3,3415	-20,5959
8,0612	-7,4888
-7,2082	-1,9838
-0,2616	-5,0639
11,3383	9,8126
-0,6547	-9,0617
19,8580	10,2715
-0,1304	6,7324
11,7318	-18,9574
12,2560	8,3055
20,7756	-4,0810
25,6909	-1,5250
31,3923	5,5526
16,7781	-25,4457
30,4749	-9,7824
31,7857	-4,9333
10,0277	-28,9845
19,7929	-4,0810
16,7779	-21,1205
11,7975	-17,9746
10,5522	-10,5038
25,4288	-23,8729
9,6347	-17,0571
26,3465	-10,1105
19,0718	-28,4604
27,0671	-11,6175
19,3340	-8,9962
16,2538	-11,1587
21,6933	-0,0833
31,7199	-10,2412
8,6516	12,0412
17,0401	5,0941
17,4333	1,0968
7,4061	14,7281
6,0301	5,4875
-3,1451	-0,7381
2,1633	18,6602
-8,5191	5,4219
-8,5846	7,3881
-13,8275	15,6454
3,0806	-12,9280
-16,7768	9,9440
4,6533	8,0432
-13,5000	-3,8841
-6,7499	1,2275
-7,5362	-5,3260
-10,9442	-7,4231
-0,5893	-2,6391
-3,0144	-24,9213
-1,5725	8,3054
-8,6503	-17,4505
6,0296	-26,7561
-25,0998	2,9969
3,2772	-4,8677
-21,8231	-12,0763
-5,8323	-0,1488
-18,5463	-11,8797
-13,1724	13,5482
-16,3837	-2,9671
0,0000	-27,6080
-25,2311	2,1452
-17,1702	7,6499
-2,7523	-8,2750
-18,8743	11,6479
-5,8324	-5,3260
-24,7725	5,9464
-14,1552	15,8420
-34,8649	-12,7313
-8,7158	15,0559
-19,4640	11,6477
-2,9489	3,3250
-22,3475	16,8252
-11,5995	6,9949
-18,0875	16,3010
0,9177	9,7473
-8,1261	-2,3767
2,4906	17,9394
4,3914	13,6793
5,5053	1,2277
8,0615	6,5361
5,4399	5,4873
1,5081	-7,2920
12,9112	2,9971
13,1080	-19,2197
3,9985	0,1791
11,9285	-7,6202
7,6685	-23,8727
17,8266	3,2589
1,4426	-19,6789
14,5497	-19,6785
-0,4581	-12,4042
6,2264	-12,1421
0,4592	-9,4550
-6,1601	-6,3094
-7,4050	-27,0839
-1,9659	9,3540
-11,3372	-0,3455
-0,3930	-11,9450
0,5246	14,9902
-17,8256	1,4241
-10,6819	2,6697
-14,7452	12,7619
0,1313	-15,6805
-35,5201	16,2353
-8,3227	11,1887
-16,7770	-29,7052
-6,6845	3,0626
-23,9860	-14,0427
-2,1625	-19,8095
-18,1532	-15,7464
-14,1555	-20,5962
-6,6187	-4,2122
-4,3907	-15,6812
-13,1066	-26,7565
1,9664	-1,9840
-10,2230	-21,7105
-4,5214	-22,3654
5,1779	-8,7998
-5,1767	-22,1689
14,1564	3,1279
1,6390	-5,8507
7,9962	-16,8604
13,6978	17,5458
14,0908	8,6982
6,1612	-14,2388
14,2874	2,3417
10,6830	5,6184
-2,4899	11,9754
11,0764	-1,0007
3,1460	0,7035
3,9983	16,1698
-9,1746	-0,0832
4,9814	-15,0906
-6,0289	23,6410
9,5033	3,5867
-11,2061	-9,9133
9,1756	-4,0153
2,1634	-10,9620
16,6466	16,9562
-6,4218	-0,4111
7,2750	-20,7924
-4,4558	7,5191
0,9179	0,6376
-3,7350	-5,7846
9,8962	4,1767
6,1608	0,5066
-6,6188	-1,7870
3,2774	4,5043
-6,4222	-14,6975
1,0491	1,0310
-22,2816	-4,5396
7,2751	-0,6728
-11,1407	14,0069
-1,4412	9,1572
-11,4027	12,5652
17,9573	3,9800
-4,5871	-17,2534
7,5370	15,2524
0,7869	11,2543
-2,4900	-9,5856
-4,3904	8,2400
6,6851	-3,2944
-7,2739	-1,9835
-3,2762	-2,1146
1,9011	1,1622
-7,9949	7,1914
6,7509	2,8658
-4,2594	-12,4695
-11,5991	5,4218
1,7701	-16,5329
16,5811	-24,9868
-7,1430	-11,0278
3,9326	-27,0187
-2,2277	-12,2077
2,3595	-24,2009
-4,9146	-32,3270
4,9153	-15,1567
-5,8978	-26,5601
-7,2086	-22,6277
-0,1306	-2,5738
-18,3498	-19,1544
-0,7860	-8,9306
-25,4277	-4,6054
1,8354	-7,7509
-12,1241	15,6455
-13,9588	6,0770
-20,7090	-10,2410
-0,5897	10,8615
-18,9396	8,6986
-15,6628	13,8762
-8,1262	7,3880
-5,0461	0,7692
-6,7499	28,8840
-2,4247	9,9439
-3,1453	4,3738
-13,1724	31,8331
7,3406	15,4489
-2,6212	12,6312
5,3091	11,9102
-3,2107	6,0775
15,6636	20,2988
-9,7643	13,8759
-3,8004	-13,7798
-5,7667	29,8014
-4,9804	7,2568
-15,8593	-3,4251
-9,4371	13,9417
-19,2673	-4,0807
-12,3864	12,1070
-27,3283	12,6964
-24,9035	-16,1392
-15,1387	18,6605
-36,5035	30,2598
-16,2526	-7,4884
-20,2506	10,7961
-23,7894	8,4366
-21,4301	11,7136
-22,6097	17,0217
-22,9373	-7,1609
-3,8665	22,0026
-25,6242	4,1109
-5,7669	-15,2873
-14,6142	9,8129
-6,4223	0,7030
-8,0604	-10,4378
1,1143	-4,9984
-2,1622	-15,4186
-6,5532	-11,5520
-6,9461	-8,0133
-12,0581	-29,8365
7,6028	-10,9622
-8,7158	-15,1569
-1,3755	-20,4650
-4,9800	-14,8290
17,9574	-39,1427
-11,7303	-8,2098
2,8186	-7,1615
0,3938	-29,7056
-2,4245	1,8829
-8,3881	-4,8678
-12,7794	-25,7733
-15,5971	-15,3530
-19,5953	-13,9769
-25,2965	-8,5373
-26,2143	1,0962
-23,0684	-25,5110
-25,7556	5,7496
-14,4178	-0,8043
-30,2120	-16,1394
-18,1533	7,4535
-33,2264	-5,4572
-21,2335	4,9632
-33,3575	8,4363
-11,9929	-7,6853
-22,4787	10,5337
-22,1511	0,3098
-19,5295	-13,5833
-21,4959	17,8737
-24,5102	7,9121
-23,3963	-13,7800
-12,5827	-9,3891
-27,7217	-9,2581
-17,3012	7,6501
-20,3815	-5,9160
-5,5704	-11,6173
-34,4714	11,9755
-9,5677	0,5720
-9,3057	-12,5348
10,0273	0,5067
-10,9441	-0,9350
-1,5723	7,2568
6,6852	0,9654
9,7652	-7,0299
0,8526	3,9800
12,1902	-4,8019
8,7169	-9,9134
5,2434	-6,1781
5,3745	-19,4163
-5,0458	-1,7215
-9,3054	-5,5229
-16,0557	-21,1203
0,0004	1,4896
-22,5439	-16,6642
-7,8639	-37,9628
-18,6774	1,5550
-3,6697	-17,1230
-22,4129	-23,1519
-7,0776	-15,1568
-12,8447	-23,2831
0,3934	-9,3895
-10,4854	-14,0427
-9,1091	-31,6715
-0,1307	-4,2775
-11,4685	-5,1955
-0,3927	-27,2150
-13,5655	0,9653
-5,5701	-15,8776
-12,4514	-3,0323
0,8524	5,2250
-19,4637	-21,1203
-3,0798	8,8298
-9,7645	8,3705
-7,0120	-14,4355
-19,0705	6,9947
-1,4415	-10,5035
-5,0460	-13,1901
-10,8788	-0,4109
-2,5555	-12,9937
-14,4832	3,0626
-0,6549	-2,7047
-20,5125	-8,9959
-1,8344	-0,8040
-18,0875	-2,7702
0,9180	-10,4377
-3,7351	-1,2627
-0,5893	-16,6635
-12,9098	9,5508
13,5010	9,2884
13,9597	-9,0612
5,3090	24,9518
11,6661	7,2570
20,6443	8,8302
13,4356	28,6217
23,2658	7,1916
19,2028	26,5903
9,9622	23,5752
24,3146	-5,0637
1,4424	19,5780
7,7997	10,6646
6,8819	-20,6611
19,4648	9,6818
0,8525	0,0477
2,4255	-3,4910
4,0640	-3,1635
24,3797	-17,3848
-3,1451	4,3732
16,7777	-18,5647
2,9497	-33,9653
8,1924	-14,3701
11,7970	-21,9070
-2,6211	-30,4264
12,2558	-13,9116
-13,6313	-20,1375
-13,5652	-8,5376
-8,1916	-17,6472
-6,2912	-31,2128
-16,6458	-2,9013
-9,5679	-3,8846
-21,5610	-21,0547
-9,9611	-7,0300
-9,6990	-0,0177
-3,8010	6,4048
-19,3982	-1,9838
-13,9590	-13,9111
-8,9781	2,8660
-12,2552	-10,7656
-19,4638	-13,5179
-17,1703	5,8150
-16,7114	-10,6347
-24,9035	-13,2559
-3,8664	4,8975
-29,5565	-24,9214
-8,0605	-1,2628
-4,4563	8,3706
-12,3859	-17,6468
-11,4027	-4,2774
10,2240	-4,5397
-5,0457	-4,2118
15,3357	11,3855
-13,5652	-3,0324
9,8309	-6,8333
4,7192	-0,8697
8,1924	-12,6005
8,0615	4,3078
-5,3080	-1,0664
-0,9169	-10,0446
-14,4175	7,9123
-3,9973	-10,4378
-18,4807	3,1283
-12,0582	12,4996
-20,9056	-9,6513
0,3281	15,7112
-13,5656	13,6136
1,0488	-2,5733
-22,2817	19,4466
-6,2911	-2,0492
1,3111	15,7768
0,1313	3,8490
7,9959	-7,8816
2,7528	16,8255
0,1973	15,1866
2,8185	-7,2264
3,4741	11,8447
-10,3540	8,7642
9,0447	-1,5903
-1,3102	16,0387
6,6853	6,4704
-10,3539	20,4952
10,4209	14,8588
1,8356	-15,3529
20,1200	7,1260
-5,3733	-6,7679
12,0590	-13,5831
3,9983	4,3735
-1,1792	9,4195
-4,5867	6,9950
8,2581	1,2276
14,4186	-8,7335
-2,4898	22,9202
12,7802	9,9439
0,6561	-1,7211
19,5304	23,8377
10,6830	6,4706
7,6029	6,6675
7,5374	19,1844
18,8749	-12,4036
-3,6694	16,1044
2,6876	12,1719
9,3722	-5,3914
5,2432	3,8490
0,9182	-6,3747
6,8818	-9,5201
2,2288	-4,6053
7,9960	-21,9721
10,1587	-8,7995
0,9180	-27,7395
14,1565	-25,3800
-1,5724	-19,6131
3,6708	-16,5985
8,8479	-18,1058
14,0253	-21,1204
6,0300	-29,7056
16,6468	-9,8483
16,1226	-16,7953
26,4116	-39,0115
12,7804	-8,6030
13,3702	-13,5185
30,5406	-33,3099
19,8580	-5,9159
15,5984	-14,6324
0,0663	-6,3091
16,9091	-1,1975
-0,7858	-18,5643
-0,8513	-1,1973
-9,2399	-5,2606
1,3768	-10,5688
-10,8129	15,5144
6,0299	0,5066
-5,7012	-4,4083
1,5732	20,4295
5,1123	-0,1486
-5,3082	6,5363
-3,4728	21,6093
2,4250	0,1137
-8,1915	32,9472
-2,8833	6,2084
-7,5363	-1,1968
-12,2550	18,1361
-5,4391	5,7499
-22,7406	20,6266
-9,3056	18,3980
-4,7182	-5,7189
-2,2934	34,5201
-22,0195	12,5652
2,6219	-5,5223
-12,6480	21,2818
-4,7183	1,2932
-5,6356	14,9249
-6,0946	8,5675
-1,3102	-9,9132
-2,7523	18,2670
-8,3225	6,0771
2,6218	-14,8941
8,9133	11,5168
-9,9610	-12,0762
-8,1258	7,1260
-8,3224	3,6523
-6,2253	-5,1294
-14,4828	13,2862
2,3599	13,9413
-9,5678	-14,8942
-2,8830	-4,0807
-4,5870	-4,9983
0,0659	-5,1949
-4,0626	-9,6515
12,1245	-17,5156
-2,2278	1,6863
-2,4899	-4,6054
1,7046	-24,5935
5,8987	-4,9328
12,4525	-3,6223
-1,4413	-22,8241
12,2560	-1,9182
0,3283	-12,8628
10,8797	-9,9136
5,5712	-12,2075
1,7045	-26,6906
4,7195	-1,1319
15,8601	-11,8799
0,5905	-16,0739
15,4013	-0,4766
1,8356	-19,2199
6,0952	-15,2875
2,1632	-3,3602
1,0489	-27,4772
-0,0652	2,8003
-26,6072	-14,7636
3,2116	-25,5109
-15,4008	3,8489
-14,5486	-20,1374
-18,9396	-10,2411
0,3935	-4,4742
-25,2309	-19,6129
-2,1623	-9,5203
-12,1892	4,8973
1,7698	-23,8729
10,7483	-8,3407
1,5731	-11,1592
-11,2060	-20,2028
0,1315	-4,7365
-0,9170	-33,3756
-8,5849	-11,3554
-8,9123	1,1616
-24,3789	-8,4719
-16,1211	9,3539
-9,5023	-2,0493
-6,7498	-13,8454
-18,9391	24,4275
-1,2448	9,9440
-18,0217	19,7747
5,6366	32,8161
4,1293	4,5705
8,3234	29,9330
9,1756	35,3064
1,5076	8,8303
13,2389	41,0739
-2,9487	26,5901
2,5567	1,8179
2,4253	27,3767
8,3238	5,6843
-6,0286	26,2626
9,5690	13,5482
-2,8830	-9,4544
9,2413	23,1167
7,2752	0,0478
12,3868	-5,6534
4,6537	13,8760
19,9889	-0,4109
16,4501	-0,6074
6,3575	-6,3747
7,0787	-15,0907
18,1539	5,8150
9,0446	-4,1465
8,7169	-21,0545
15,3361	0,0478
8,1270	-5,7194
10,7487	-15,8773
-6,2907	0,7687
28,1156	-10,2414
-7,5361	6,7980
6,6199	-5,8507
1,7701	-16,1393
8,3236	6,2737
-0,4581	-6,6370
1,4421	-5,5225
-1,1135	-1,3940
3,0805	-15,4839
-1,3102	16,7596
1,1144	4,2421
-1,7689	-9,7166
-19,3983	7,5193
-8,9778	12,4998
-10,7476	4,7668
-7,6675	10,5995
-29,7530	13,4176
-22,0853	27,1145
-37,0274	15,7112
-8,6507	-8,6677
-35,0616	21,6753
-16,1873	24,7551
-29,2944	0,7036
-21,8235	15,2526
-15,1387	-1,9835
-19,7920	11,3860
-23,0028	6,1427
-24,1173	-11,8138
-21,4954	8,8954
-24,9035	2,6691
-15,3350	-13,4524
-25,0343	1,8173
7,5370	1,7516
-15,2694	-4,9986
17,3020	-8,3409
4,2603	-20,5958
18,2196	-1,6561
9,3724	-7,8822
29,1641	-23,0206
18,8751	12,8275
22,8072	-0,0179
20,3171	-18,1053
15,9261	-1,7870
23,1352	-6,8987
9,6999	8,8954
21,8243	8,6330
-0,1304	-13,9765
10,2899	26,3936
-17,6939	15,1209
10,0933	-12,2070
-2,3587	8,5678
5,8988	14,5969
0,8526	8,8299
6,2263	8,1089
0,3284	-12,6658
7,4059	4,1771
-13,6307	9,2885
17,6952	-5,9811
9,0444	13,4174
-9,8954	-0,0176
-1,8997	-5,3257
3,6704	7,4535
-0,8514	-10,5033
-11,4027	9,9439
11,4693	2,9314
-11,5995	-14,6321
-4,3902	3,8489