-12,1161	-24,9639
-17,8834	-11,5947
-20,4392	-10,3496
-21,2256	-29,3548
-1,7616	-28,2407
-18,9319	-22,8012
-13,4924	-27,3232
-25,0265	-12,5121
-22,4707	-20,1144
-14,8029	-10,8083
-20,9634	-16,3133
-9,7566	-24,0464
-18,3420	-12,2500
-14,2131	-17,3620
-5,7591	-26,0123
-15,8516	-9,4975
-10,2153	-24,8985
14,6881	-13,6917
-7,7907	-11,1361
-0,7781	-35,3841
-3,8582	-8,0557
8,3970	-18,8039
12,2636	-33,2215
6,1033	-15,0682
-0,1880	-33,1563
-2,6129	-23,2601
5,9068	-21,3599
-0,2539	-33,7460
1,1881	-34,0736
-13,9509	-29,3551
-6,6108	-27,5857
-4,6450	-29,1585
-2,1546	-25,7509
-18,8663	-38,0057
-18,9318	-30,1417
-13,7545	-41,5448
-17,1625	-32,7629
-26,7961	-33,8772
-25,9442	-38,5302
-20,6357	-29,8795
-30,5319	-33,7462
-25,7475	-42,1347
-26,5342	-34,7292
-29,6142	-47,1810
-31,6459	-37,5471
-27,7792	-38,5302
-25,1578	-44,2974
-7,6598	-28,8965
-12,3783	-40,1689
-9,6914	-58,5186
-17,6209	-43,3798
-9,2979	-38,2029
-9,2322	-52,3584
-2,3513	-53,6692
-9,2323	-58,9119
-22,7983	-34,9259
-8,5115	-40,6933
-27,5171	-49,6059
-30,9247	-30,7316
-41,0175	-42,2005
-35,3814	-37,7438
-39,5760	-33,7463
-36,0372	-40,1686
-52,2245	-28,5035
-49,6687	-47,3122
-51,5692	-58,3219
-42,7876	-43,8388
-51,7659	-46,4603
-54,7808	-64,9414
-58,3850	-50,2614
-55,6982	-55,6356
-68,4120	-53,7349
-60,8098	-65,9904
-59,9580	-84,2089
-76,4729	-45,2155
-55,6980	-70,8403
-64,4145	-87,1584
-55,5016	-65,6626
-69,2642	-79,4909
-50,4553	-77,5903
-65,7909	-91,1564
-58,5818	-100,6588
-54,7809	-77,1972
-38,1349	-95,0888
-73,3276	-109,3098
-58,5163	-83,5543
-81,9781	-94,8922
-64,2833	-97,5790
-64,3491	-93,7781
-72,0823	-99,6762
-75,3588	-90,1081
-63,6936	-90,3702
-60,1548	-104,7224
-76,1454	-87,7486
-58,6473	-87,8799
-58,7131	-97,9721
-60,5480	-94,0401
-70,1162	-91,1563
-61,7277	-88,5351
-66,2496	-96,0060
-65,0046	-83,7507
-76,6043	-71,1026
-76,5388	-96,1372
-66,8395	-94,6952
-81,3231	-77,1973
-80,6675	-95,9408
-83,2235	-102,2975
-70,9683	-95,5476
-81,5197	-112,4558
-79,6190	-105,9022
-88,0076	-116,5848
-68,6746	-132,9031
-93,9716	-124,7112
-73,8518	-134,3451
-80,5368	-133,8863
-84,6655	-126,2189
-85,7140	-147,9767
-81,1268	-140,1125
-91,6122	-142,2099
-91,4814	-149,6153
-92,0054	-133,8214
-81,8476	-159,5114
-94,8236	-141,8166
-97,6416	-137,0329
-89,4496	-159,3804
-95,8068	-146,4696
-87,4180	-136,3775
-85,4522	-159,3803
-92,5301	-141,1613
-97,0518	-151,9094
-86,7629	-163,4434
-95,4135	-147,9117
-88,5981	-160,3636
-98,4936	-165,0165
-94,1029	-168,7523
-99,4112	-177,9272
-92,0714	-179,3691
-111,7974	-175,6994
-108,9795	-188,2167
-101,1151	-174,5198
-109,5693	-188,8069
-101,8361	-200,9309
-104,5887	-192,1492
-89,1222	-210,7614
-98,2974	-206,4360
-97,1832	-210,3028
-103,4090	-216,1354
-96,0038	-201,5210
-114,1571	-211,8103
-121,4970	-220,5920
-118,5479	-216,8564
-116,3856	-224,3934
-127,6578	-236,8451
-137,1605	-237,1072
-137,1605	-239,0078
-152,0373	-232,0614
-135,3257	-247,2656
-160,8848	-257,0304
-144,1076	-240,9086
-163,6375	-253,0985
-159,2465	-257,8169
-159,3777	-250,1494
-159,4434	-270,6621
-174,4511	-262,9943
-163,2444	-259,7834
-166,7179	-275,8395
-172,4196	-261,9461
-164,9483	-280,5583
-183,0365	-270,0725
-174,2542	-266,5993
-168,0287	-286,9154
-173,2713	-271,9075
-175,9584	-275,7089
-169,7979	-282,1967
-175,4995	-271,9734
-157,2150	-291,8963
-170,2567	-294,0589
-149,4164	-291,1756
-171,0431	-304,2828
-155,3144	-306,0522
-159,9677	-319,2907
-162,7858	-316,0793
-174,3855	-312,9995
-172,8128	-334,8883
-182,9052	-336,2644
-176,5484	-324,9926
-189,7211	-337,5754
-183,4297	-327,8105
-172,9440	-341,4422
-196,4715	-340,0003
-183,6918	-331,5464
-176,9418	-347,4718
-172,2887	-352,1900
-179,1044	-339,4763
-177,2693	-346,4233
-172,9439	-338,7556
-164,6210	-347,8650
-181,3326	-347,0785
-163,9655	-338,6244
-181,6604	-335,6097
-188,6725	-349,1100
-180,6115	-334,8231
-176,7451	-342,6219
-180,2184	-336,3303
-183,2985	-340,0660
-184,4781	-349,8962
-175,9585	-344,1946
-164,1621	-333,7091
-178,4490	-343,6049
-165,4072	-318,7668
-172,4852	-328,4664
-173,7303	-338,0997
-188,4102	-317,5870
-163,5068	-322,3057
-178,9732	-320,7326
-170,8467	-323,8784
-171,6986	-325,6476
-174,8443	-312,6716
-177,2689	-315,2931
-163,9652	-311,6886
-158,9189	-313,4580
-165,2104	-307,9530
-153,2170	-308,4118
-145,0252	-308,6083
-145,4839	-314,7031
-146,1391	-303,6275
-124,3811	-309,1327
-134,6702	-304,7416
-121,8251	-297,6638
-110,9461	-305,0038
-110,2251	-293,2729
-121,3006	-290,5860
-119,7276	-308,3459
-108,2588	-291,6996
-117,3684	-283,9667
-106,7516	-288,8816
-129,4925	-269,4175
-127,1985	-281,0173
-115,3368	-281,9346
-117,1718	-265,2230
-117,1064	-279,5097
-111,0770	-263,3221
-119,4655	-257,5553
-103,3437	-264,2396
-115,6644	-240,6468
-95,1516	-264,9605
-112,7152	-255,7198
-96,7899	-248,7731
-100,5254	-248,8385
-102,6882	-237,4353
-105,1783	-249,9526
-103,9987	-240,3842
-87,8113	-227,6048
-101,7706	-224,7869
-87,3525	-231,1435
-92,3989	-222,5585
-88,8600	-225,9662
-98,4282	-218,9537
-90,3672	-218,6262
-89,2532	-229,5049
-88,7290	-214,4315
-98,9525	-209,7132
-88,8600	-221,4440
-87,4836	-213,7105
-84,8623	-209,7785
-93,0541	-204,6010
-88,4011	-202,7661
-85,5828	-206,8946
-83,9445	-188,7412
-74,9003	-189,2000
-82,3060	-194,6392
-69,6574	-165,8690
-69,3954	-171,7673
-61,7275	-172,5533
-61,3344	-168,4900
-53,2079	-149,5503
-71,1646	-148,7638
-44,0328	-161,0844
-51,5040	-157,4796
-61,9896	-132,8385
-60,5476	-153,3511
-49,2102	-151,3193
-58,3195	-145,9455
-61,5963	-155,3826
-53,4698	-145,8144
-70,4436	-155,4482
-49,6031	-147,1251
-61,8585	-143,8484
-45,0157	-144,5693
-59,4337	-148,2392
-41,8700	-138,2120
-53,6666	-133,1005
-47,8337	-141,5544
-61,0065	-131,7895
-42,3943	-141,8165
-50,1276	-134,6075
-51,3073	-134,4111
-45,9331	-140,7680
-55,3050	-132,8381
-55,5667	-146,3386
-47,8337	-143,2583
-33,6778	-140,9648
-40,0348	-145,8799
-44,4910	-133,9524
-32,2357	-138,0813
-7,8565	-147,3218
-25,4857	-135,5906
-22,8639	-132,1830
-3,5966	-145,8797
-13,4271	-131,7894
-20,1115	-128,2505
-27,0584	-118,9443
-23,3881	-116,2573
-15,9831	-122,6140
-35,0536	-103,9363
-19,1286	-93,1884
-30,2697	-96,6618
-24,5026	-100,5937
-29,8765	-98,3000
-33,6776	-93,8434
-29,4177	-91,8774
-40,7556	-93,6468
-34,2019	-82,7022
-34,7917	-80,1465
-25,8791	-89,2557
-35,3817	-80,1464
-17,5562	-87,4207
-48,8820	-89,5833
-31,5150	-81,8500
-32,0393	-84,7993
-41,7387	-68,0220
-42,3936	-74,1171
-31,0563	-84,6683
-22,7330	-77,3282
-34,8573	-77,8526
-27,0582	-80,3428
-23,2575	-67,5633
-28,8934	-81,4569
-33,7429	-60,8785
-25,7478	-67,6289
-33,6776	-82,5705
-29,9420	-60,1574
-31,7772	-66,1213
-15,7865	-55,2422
-43,1805	-47,2469
-33,8744	-62,9755
-43,1148	-60,0916
-44,6877	-39,7102
-38,3306	-57,6669
-42,7872	-43,4456
-37,2820	-46,6571
-37,8720	-54,7832
-40,9520	-36,4333
-31,4494	-58,3224
-20,4394	-57,2080
-26,0100	-52,2928
-25,4857	-44,2976
-34,8572	-43,7077
-14,7378	-64,8103
-29,0901	-50,6543
-30,3352	-38,7271
-22,9950	-45,2808
-22,5364	-64,0894
-19,2594	-41,8727
-17,6866	-56,0287
-11,5260	-52,8827
-12,1816	-46,9849
-13,2954	-57,6015
-11,6572	-50,3926
-11,7883	-62,9755
-4,9070	-57,7980
-5,6280	-47,1159
-18,6041	-55,7666
-2,9410	-61,5990
-16,0483	-50,1302
-21,3566	-45,6083
-20,8324	-30,2729
-17,7523	-45,3462
-25,4855	-42,6587
-28,8279	-21,2944
-19,0629	-26,6682
-25,8789	-26,2749
-20,3736	-34,2701
-41,2796	-19,6556
-12,9024	-11,5294
-21,8810	-14,6096
-20,1769	-34,0735
-18,7351	-16,6410
-8,1182	-29,6171
-10,2810	-30,4689
1,5154	-8,9077
-9,2324	-22,4082
-13,1645	-23,0634
-14,4095	-15,3302
-0,3851	-13,4297
-19,1938	-14,8060
-7,5284	-26,6680
5,6443	-27,3230
-12,8370	-10,6117
-6,4796	-23,3911
-12,7058	-5,4997
-2,8095	-3,5994
6,2996	-22,9977
1,4503	-3,5335
-5,4966	5,3135
12,5913	-13,5606
13,5743	-12,9051
17,6374	-7,2690
0,5326	-14,0848
6,3654	-5,1063
4,3339	-6,0239
8,3314	-8,6453
-1,5643	-7,0725
9,7079	-10,7423
10,4943	0,5953
4,6616	-0,1913
6,4313	-8,1864
13,3123	11,6053
13,0503	0,8573
7,7418	-1,4362
22,2907	1,3817
1,3192	-6,4170
27,9269	10,8190
14,8851	-5,2374
16,6547	-13,3637
11,3464	6,6901
15,7371	-9,8250
12,5914	-16,7718
4,2027	-16,3130
6,6278	-28,0439
5,1857	-13,3641
0,9914	-21,5562
-8,1181	-29,4204
-2,9406	-17,9518
-1,8266	-39,1855
-5,6932	-29,0927
1,8435	-33,8115
10,9529	-28,6342
-5,0378	-12,5124
16,6545	-34,2704
3,4163	-33,3526
6,6931	-22,6704
1,3192	-23,3258
10,1009	-22,4080
0,6640	-18,2139
11,0840	-18,6726
10,9531	-12,7743
9,8390	-2,0919
9,7082	-16,9686
9,9701	-2,2885
19,4729	1,4469
12,0673	-16,7062
22,8807	-16,0510
12,8537	-10,2182
23,4704	-2,8783
12,1328	-21,5559
23,1426	-16,0507
-1,9575	-0,7810
11,8705	-6,4172
6,3655	-8,3174
15,9335	1,6440
-1,4331	6,4936
8,8558	3,8068
6,2345	9,8360
4,0717	1,8408
6,3656	28,5138
1,3848	17,8313
16,1957	5,7731
-3,7272	24,3850
2,8265	21,4358
-1,1058	7,2147
5,5789	27,3342
1,1880	14,7511
10,5595	15,4721
0,4671	4,8552
2,4331	-0,3875
10,5597	-3,0090
-4,2515	7,6732
1,3850	-6,3515
16,1957	-13,1671
9,7078	-15,5921
-2,2851	-2,1573
19,6695	-17,4274
9,5112	-19,9175
19,4730	0,0707
16,3270	-17,8862
11,9363	-22,0803
15,8683	-11,2015
13,5745	-12,7090
9,1180	-18,8692
0,9258	-17,3619
-3,3993	-26,0125
-6,5455	-8,3833
-16,7034	-18,6071
-27,6480	-11,2012
-25,7475	-4,8444
-30,7939	-3,0093
-33,9396	-14,0848
-40,4933	-5,3028
-37,1509	3,8065
-47,1781	0,7919
-27,1897	5,7726
-43,0495	-6,2859
-33,0879	5,9039
-27,3207	8,9840
-22,1435	7,0179
-34,7262	11,6711
-24,4369	5,7074
-20,7014	10,4915
-20,8326	17,6349
-18,9973	8,6567
-5,7593	24,5162
-18,3421	12,9163
-20,0460	14,6204
-19,1939	27,9240
-27,7136	17,0450
-7,9218	13,5717
-21,4879	18,2901
-19,3250	1,5130
-18,2109	12,7852
-14,2134	11,9987
-33,6118	6,9524
-19,2596	11,7366
-25,7476	0,3989
-32,3012	11,9332
-22,8638	9,4428
-16,9659	2,9548
-26,2717	15,7999
-17,8833	14,6200
-19,9147	4,9866
-22,5363	25,8924
-13,2301	12,7195
-19,7182	12,0644
-3,1376	18,0936
-17,6866	7,0182
7,2826	16,4553
-22,5362	13,3096
8,0036	21,5672
-2,8100	18,3558
0,4669	9,7707
-4,9725	14,5550
-11,2640	23,7298
-16,7688	8,3944
-16,2447	21,1742
-9,6911	25,9580
-25,2888	15,9965
-18,1452	23,5987
-20,7669	15,8655
-16,1137	18,0936
-25,7475	15,0789
-18,2108	3,8068
-18,9319	5,8385
-9,2980	14,9477
-15,5239	5,2484
-7,0042	8,7220
-7,8561	14,5544
-4,3826	-0,5187
4,7269	1,1198
-5,5623	0,6610
0,4019	-0,5841
-2,2199	7,5422
-1,6298	-7,3999
-3,9237	17,5038
1,6471	5,4448
0,9259	-15,9194
6,8242	1,5131
-4,7101	6,7557
12,5913	4,1998
-5,7587	5,5760
11,7394	-7,9242
1,5158	3,8724
7,2173	3,5443
1,4503	-18,0823
13,7709	-0,9118
6,9551	2,4302
-6,5452	-12,3152
-3,0061	5,2482
-3,7927	-5,9585
-0,9746	1,4473
-10,6739	11,0152
5,5135	-10,6769
-14,9994	3,2168
0,2051	5,2482
5,9720	-16,7059
9,5765	10,2947
-1,7613	-5,8927
-7,2662	-6,2202
-0,9091	3,0856
-0,0575	-5,8926
-9,1012	0,4643
-17,3588	5,4448
-8,8389	-16,8372
-12,9679	-5,1063
-3,8583	1,9714
-19,1938	-10,4804
-7,5282	0,1364
-7,1354	-5,2375
-13,0989	3,1512
-16,2448	-7,7279
-4,1861	-10,8734
-12,6404	6,9523
-15,0652	0,5952
-4,9070	-8,5141
-4,3828	0,8576
-4,4481	-0,0601
4,3990	-3,3366
-2,6786	5,9693
-3,5306	6,0349
-9,0354	15,5376
5,8411	17,0448
-2,4818	-0,1910
-3,0062	19,7321
-1,6956	14,8821
-13,4920	19,0111
-11,3948	21,1081
-13,0990	12,5230
-11,8539	23,3365
-14,0166	22,0912
-11,7885	6,2974
-32,1044	21,2394
-6,0868	10,8847
-23,3881	18,6835
-7,3319	21,4358
-2,8099	-6,0235
-15,2618	17,1108
-10,0841	18,2899
-9,1667	1,7752
-10,6083	20,7150
-1,6956	4,0033
8,0037	-0,6496
-12,3125	17,3727
-5,4310	5,3795
-1,2370	3,5446
0,2046	0,1368
-20,5046	5,6417
-6,2833	2,6925
-15,3273	-1,5675
-17,7522	-8,6451
-16,9657	7,3455
-16,5725	-16,4442
-13,6232	-13,2983
-11,5918	-9,0387
-3,5961	-22,6046
-11,0018	-16,3788
-8,8389	-21,3596
-7,9214	-29,4859
0,3361	-6,2208
-0,8436	-21,6875
4,9234	-21,0317
0,7293	-4,5825
3,8094	-15,3303
-4,9070	-17,7548
-10,3463	-8,7765
-4,4481	-14,4779
-3,8584	7,5421
-13,1643	6,5588
-3,1374	-3,4679
1,9744	-2,4848
-15,9825	-4,9096
0,9259	-4,3198
-12,7057	6,8212
0,2049	1,2506
-21,5530	7,1489
-5,2346	5,9037
-13,0334	-0,8463
-1,2370	14,4889
-14,6063	3,4135
-7,8562	-1,2394
-9,8878	15,3411
-4,9727	11,0156
-10,8708	15,7999
-9,3636	13,7026
-10,4121	-1,5014
-25,4197	18,2247
-15,6547	1,7752
-11,1329	0,5957
-3,0719	16,2585
-20,0458	9,0494
-14,9337	-3,9266
-11,0016	0,6609
1,5157	-4,1888
2,1709	7,4766
4,1370	2,7580
-4,5136	-5,8271
3,0884	0,3334
-0,9747	-1,1740
-1,1716	9,1808
-21,4873	6,2315
-10,8707	3,7413
-3,7929	16,0619
-17,0967	7,0178
-17,2276	-1,6327
-9,8223	-3,2057
-10,8708	-5,2376
-26,4683	-11,9221
-9,2979	-19,3933
-9,1670	-12,8396
-11,9195	-9,1698
-6,0867	-17,0340
-3,0066	-15,1333
-9,1669	-1,3708
-1,7614	-0,0600
-21,0943	3,8721
-4,8414	0,8575
-7,7250	12,1955
-14,0820	24,4505
-11,5258	14,5546
-13,0334	6,0352
-3,5961	18,6181
-15,1961	16,6518
-1,5645	7,2803
-7,6596	10,1640
-14,8029	18,2247
-9,4290	11,5400
-3,9241	-3,7954
-19,5216	-5,4992
-11,5918	12,1952
-20,1115	-1,3052
-8,0530	-7,8587
-23,5192	8,4597
-18,2109	-4,1234
-15,6550	-5,6961
-31,7113	-8,7764
-16,0480	-8,9074
-22,7984	1,6437
-10,2810	-8,5145
-24,6335	-13,5607
0,2047	-19,3933
-15,9173	-9,3663
-10,4122	-21,5559
-18,4730	-9,1041
-6,8078	-15,1989
-5,8901	8,4596
-8,6427	-9,8905
-14,9340	-11,3320
-11,2641	9,1805
-12,9024	2,8891
-15,3273	-8,7760
-17,1621	17,9625
-16,7035	2,0371
-18,1452	7,6735
-18,6695	18,8799
-17,3587	5,8383
-17,8829	19,0765
5,8410	9,8359
-0,0574	-12,9048
5,9064	9,8362
-10,0186	4,1341
5,4479	-4,3197
-1,4989	0,3332
11,0838	-15,9197
0,7948	-2,2228
-7,1352	-3,7302
-9,6908	-20,5072
-4,0550	-10,0215
2,4986	-4,9755
-7,9217	-12,7085
-13,2955	-8,4487
-24,1090	-3,3369
1,5811	-2,2229
-18,6043	0,9883
-18,2108	-9,7593
-17,6211	1,2506
-5,6936	-5,7618
-13,4925	-19,1308
-12,3127	-3,4022
-23,1260	-2,9436
-10,8054	-0,5843
-15,4583	-1,0430
-17,5555	-1,1085
-11,7228	11,0811
-15,7205	-5,9583
-17,0966	-11,7906
-23,7813	19,4043
-3,9894	6,0348
-13,3611	-0,1909
-8,1182	11,0157
-10,5431	14,7512
-2,2856	20,9115
-19,3248	4,9207
-3,9239	2,7583
2,3020	8,0665
8,3311	-0,3876
-10,4775	-0,2564
3,9406	6,3626
3,4817	7,0180
-8,6423	8,0665
11,7395	7,4111
1,7779	9,3117
2,1059	21,0426
8,2005	23,9261
13,7710	9,3117
-6,8071	8,4599
16,3269	18,8801
3,6128	22,2224
6,5620	10,3603
6,6274	12,3922
9,3799	17,3727
3,2195	14,7514
0,8601	10,4916
-18,4727	23,6642
3,0885	12,7852
-1,4335	17,9627
-14,5407	27,3997
-9,8874	14,0304
-14,4751	24,8438
-8,6422	10,9502
-11,1327	17,0452
-2,4820	27,4651
-8,1182	-6,2202
0,8603	6,0352
-7,2662	18,0279
-6,3486	2,1027
-1,7611	2,8891
0,8603	3,6755
-2,8097	-6,7446
-2,5476	1,5128
-7,2661	-14,6746
0,0738	-11,4632
-12,1812	9,2459
-8,2492	-6,4172
-3,0063	-8,3832
-1,2370	2,9546
3,6127	-5,3030
-20,7011	2,9546
-0,1883	12,4570
-6,4799	-6,5482
-2,2200	0,7919
-9,5600	4,0033
2,1711	7,8699
0,0739	12,1952
4,6614	14,5545
7,0208	19,0111
4,0063	17,1760
13,9023	-2,6156
12,9846	21,3049
10,8877	2,5615
11,6741	9,2465
17,9000	10,5569
8,8560	4,3312
22,8151	17,3072
5,7759	10,0981
30,5483	0,1368
12,0671	12,9163
18,0310	11,9986
12,0672	-3,4677
22,0285	13,9648
8,9214	0,7264
7,5450	5,9039
-14,1472	-1,8296
-1,9575	-14,8710
1,3846	-1,5672
-4,3828	-0,5189
-5,9555	-5,6962
-17,5554	-1,1743
-3,0063	-8,9731
-14,4753	-12,9051
-8,8391	0,7918
-10,8708	-14,1503
1,1878	5,9693
-19,6525	4,7895
4,2024	-1,4361
-13,4922	14,3580
-8,7081	11,3433
-17,3587	13,5718
4,1369	17,7004
-6,8077	16,0622
-18,0142	25,8924
-6,8075	22,9434
-13,4924	15,8000
-21,7497	29,6281
-23,3227	18,9457
-15,4584	15,2104
-30,4006	30,4800
-13,4268	27,0721
-23,2573	16,9796
-8,6428	16,5209
-24,9612	-0,4529
-8,7738	22,0914
-15,9826	10,8845
-7,2009	-1,5015
-7,5285	11,2779
-13,8854	5,3138
-1,7611	-8,3174
-2,1545	-0,3877
-0,7125	-10,2835
-10,6740	9,4427
3,2853	-2,9437
-6,2832	-10,4802
10,6905	6,4282
-21,9463	1,8405
-5,8899	2,0373
-8,7737	6,3624
-4,1208	-5,6305
-19,9803	4,0033
-22,1431	-4,9097
-17,9487	-4,5819
-8,8396	7,8698
-26,0754	-6,5481
-24,1748	-6,4170
-23,3883	13,4405
-25,2891	-4,5821
-28,2380	11,4745
-24,5024	11,0155
-15,9827	5,6419
-19,5217	20,4529
-10,8709	20,6493
-14,9995	3,6758
-8,3149	14,6203
-11,1328	12,1953
7,8727	3,1514
8,3970	4,2657
14,8851	13,3750
8,0040	17,6348
16,7858	15,5375
20,7181	-4,3851
9,3148	13,4407
13,1162	22,8121
21,7666	12,9163
20,0627	31,5286
14,7542	12,8509
8,2006	27,8588
2,0402	27,7930
12,1325	12,5235
-7,3972	36,9682
12,5256	23,9264
-13,2956	8,3290
1,4500	10,2295
-11,9193	5,1176
-1,0404	4,5932
-7,2007	1,9716
-3,2031	-13,1670
-8,2492	7,6079
-10,6086	7,5420
-8,7734	-1,8294
0,2049	-1,3052
-8,4456	1,1197
-10,4117	5,5762
11,8051	8,0665
5,4479	-0,4531
7,2176	26,2200
12,7880	4,3309
14,6884	6,4940
3,8753	21,3049
23,5358	14,7513
8,8558	9,2464
3,8095	20,2564
1,6471	21,6325
-6,3485	19,7974
2,2369	-0,1909
3,6784	-4,5161
2,4990	5,9040
-8,3145	8,1320
5,9069	9,5739
0,6638	0,0056
5,3824	-4,2543
-0,9746	5,7728
8,4624	2,7579
-3,8583	-3,5333
1,8434	-2,0261
-3,0720	-1,0431
-1,9579	1,4475
-4,7757	8,1975
-2,8099	-8,3174
-4,9069	17,5693
-3,6618	-2,5503
-14,0819	-3,8607
-7,5283	17,3726
-10,6085	15,1441
-14,2785	-1,4362
-10,6739	3,6101
1,6466	-5,3684
5,1200	10,6880
-4,3827	11,9984
6,6274	-3,7300
-6,6764	5,5107
8,3313	4,1998
1,7124	5,1175
7,7415	3,9378
1,3191	3,5444
15,5404	-6,7446
0,7949	-1,3051
-6,5451	7,8042
8,2007	-11,3322
10,9528	-7,4001
4,9237	-13,8226
-4,3824	3,2822
8,7903	-10,6771
-4,8414	-8,6454
8,9867	-10,3494
2,7607	-9,1695
-7,9215	-3,4681
-12,1158	-21,2939
6,8240	-24,7013
-1,4991	8,2629
-5,4313	-8,2522
-6,8072	-9,6939
-4,2515	3,2822
-6,8728	-9,3662
-0,8436	0,2022
4,3993	-3,7957
-8,6424	-4,8441
-9,5597	10,3601
-13,0332	-0,5845
12,7878	-11,0045
-16,8345	3,8720
0,4672	-1,1088
-4,8414	-8,7107
12,0669	1,0539
-0,5817	-5,8927
-13,1644	2,6269
-13,1642	-0,2568
3,8747	-18,2788
-8,5770	14,2923
-17,6208	-6,2860
-5,8899	-4,5164
-7,9872	8,6562
-1,5645	6,4278
-22,9294	7,9354
-3,6615	0,8574
-3,7930	-6,0237
0,9912	-0,3876
-14,0819	5,1828
3,1540	-5,9580
-8,5114	13,8992
2,1711	1,0540
13,7708	1,1855
3,4162	5,1830
3,8097	-11,2008
8,0694	21,6325
21,5699	-4,9099
13,6400	-9,0381
18,3587	-2,4847
5,6447	-1,5019
21,3079	-11,5944
20,3902	-4,5820
19,0796	-7,6623
8,4627	0,7917
24,1913	-7,4659
15,2127	-20,3762
12,9189	-9,0386
-9,3630	-9,2354
9,3145	-15,6578
1,3847	-10,9392
7,0861	-20,3107
-3,3339	-17,2304
0,1394	2,4302
-2,2853	-18,7378
-1,6954	-2,2882
7,2830	5,9035
4,2028	-12,9052
9,7734	-6,8757
3,8096	5,2483
7,6763	1,0539
12,1983	-1,5018
22,1595	-11,9875
-1,9576	8,0664
12,6569	-7,9900
1,5158	-7,9899
23,5358	0,9229
1,7123	-18,0170
-4,1857	-13,6915
12,0017	-1,3055
8,9869	-10,6116
8,5937	-11,3325
5,9067	-23,7843
3,4819	-20,9661
-4,9067	-13,9540
5,6445	-19,7212
3,5472	-32,6970
12,9188	-13,9538
-13,0333	-12,6433
-2,2854	-4,3857
-15,6546	-15,4613
-3,2685	-18,1480
-1,4336	-4,7133
-0,6474	-19,3933
-21,6186	-14,6746
-19,6525	-1,3054
-9,2979	-7,5314
-18,8661	-11,2669
-17,6863	-13,4950
-5,8244	-22,3424
-1,8922	-17,4272
-0,1228	-7,5970
4,7270	-24,1121
1,1225	-18,1482
8,3315	-27,3889
-1,6300	-28,9616
11,4116	-33,4837
0,8604	-28,0440
0,2705	-14,0196
4,3994	-19,2624
8,2001	-14,4782
-9,0355	-19,1969
0,4671	-22,5389
0,2706	-4,7133
1,3190	-3,5337
-5,8896	-3,1404
-4,2513	-5,3031
12,3950	-10,0216
10,1010	-4,7131
25,0431	-4,5822
7,2175	-14,6091
11,0841	-11,5943
8,3317	-13,6914
19,8002	-7,9899
-1,6298	-0,2567
18,2929	-14,8056
5,8410	-3,5988
-12,7056	14,6200
-4,6445	12,0640
2,1709	-1,8292
-3,8583	23,7951
-7,7906	2,2338
-3,0063	0,8579
-14,4754	22,4846
-13,9508	9,7051
-15,6550	18,0283
-8,6427	14,1616
-22,2087	15,1447
-20,2425	23,8609
-10,8054	18,0280
-13,4925	4,2656
-25,4198	17,1105
-19,2595	2,0372
-20,1114	6,2969
-18,9973	-15,7232
-17,1622	-19,9173
-18,0797	0,3986
-7,3317	-4,7135
-11,3949	-24,8328
3,1542	-16,7063
1,4502	-1,7643
7,1520	-7,0073
7,8074	-15,0682
28,5166	-27,5198
14,1644	-10,2184
24,3224	-18,5416
14,6232	-32,5661
28,7787	-17,0340
4,2686	-5,3688
12,1983	-14,6094
16,5892	-12,5776
11,6083	-15,5922
0,2707	-5,0409
-4,4479	3,0855
2,7611	-8,5797
2,6297	5,5762
-4,7101	4,9207
-0,0572	5,5761
2,6297	7,5422
-4,7758	1,3820
3,8094	15,7343
-4,7103	8,5908
18,2927	8,5253
3,8092	10,7535
-5,0379	8,5910
6,3654	13,7026
-6,8731	8,5909
-3,0062	11,8678
-0,3194	21,3704
-1,0402	6,4282
-6,5453	8,5910
3,7440	18,8800
-2,2853	-2,0914
15,9993	5,1176
9,4455	11,8677
20,3246	8,5253
8,0040	-0,8463
29,6309	-3,6643
11,8705	-9,4970
13,2470	8,8530
22,4874	-1,3052
13,9675	-10,6766
7,6108	15,4721
2,8919	-0,5844
-7,2660	-0,3875
5,5133	9,5083
2,8918	-6,4824
-15,9825	10,0326
-3,5306	5,3794
-13,1645	1,8407
-6,6763	12,3918
-11,0018	-0,5187
7,2172	-4,1229
-10,5432	18,4213
2,3675	14,9478
-13,7544	14,7513
-4,4483	4,3968
-15,2616	3,0861
-8,9703	29,3004
-15,9170	15,9308
-17,8176	10,4260
-17,2276	16,8484
-16,9002	16,3240
-14,1474	4,7243
-15,3926	5,5762
-0,5160	6,9524
-11,3950	16,1274
3,4817	3,6755
-4,0549	1,7751
14,6228	8,1975
-6,7419	-6,0894
11,5426	-16,6404
-3,7272	-4,2544
-4,1859	-14,4780
7,0863	-1,3054
-4,7104	-7,9901
-5,9553	-22,8666
-6,7419	-3,2714
-2,8752	-8,9076
-16,4412	-11,0702
-6,2174	-10,0871
-4,0550	-7,7278
-6,5453	-2,3537
-5,9555	2,9545
-3,7929	-4,5164
-10,1499	14,2268
-3,1376	-2,6159
-8,8392	-14,2153
-7,2009	27,2032
-10,2154	9,9670
-14,8685	1,5790
-6,3486	26,2857
1,2532	14,7514
-14,0164	22,7469
-6,4143	23,9264
0,8602	7,6082
-21,2253	29,3660
14,4263	12,8508
-12,3126	32,9049
10,1009	17,3072
3,0884	14,0961
8,5280	17,3729
1,1225	18,2247
18,6860	2,8896
6,1686	25,8270
9,0522	6,8869
12,3946	10,4262
0,9258	16,3240
-2,4163	9,0497
-3,3994	9,0496
5,1858	6,3626
-12,1157	-7,5966
4,3995	0,5954
1,5810	1,3161
2,5643	-7,0725
4,2025	-2,8781
0,7947	-6,6138
-3,6618	-0,5189
1,7778	-7,7279
3,1540	-3,1402
7,3483	3,2823
0,8603	7,9353
-3,2030	9,3116
-2,2197	4,6586
0,2704	10,6225
2,6299	3,1514
-6,9385	12,1953
1,2538	6,2317
-8,9046	14,1615
-3,3994	8,0011
-7,9215	5,1176
8,5279	11,5401
-1,4991	14,5547
-5,0379	21,5670
-6,0865	5,1174
5,7099	6,1661
0,9914	11,9331
7,9381	-3,4023
-0,4504	-8,2519
4,9236	2,9546
4,3338	-7,0070
-10,6084	-7,7933
1,7781	1,7747
10,9527	-10,0872
0,0739	-4,9098
-2,9408	-10,2838
4,9890	-23,5218
-10,5430	5,6415
2,3677	-8,7111
-5,8900	-12,3808
-0,9746	-10,4804
-3,7273	-15,7232
2,4985	-17,4926
1,7778	-16,0508
-2,6133	-5,8273
-11,3292	2,1681
0,2049	-2,6816
1,9743	-4,6475
-16,3101	6,7559
-1,1711	12,3918
1,2534	9,1808
0,3360	12,1954
-8,7080	13,5062
-7,7247	25,8269
-16,9653	20,5838
13,1811	-2,7467
11,0183	4,3967
1,5157	2,8892
6,7587	-8,1208
13,8366	10,8845
9,6422	-0,5191
20,5212	-8,6453
11,9361	-19,5898
4,5961	-8,8418
7,2177	-4,4512
5,3826	-21,3593
7,6764	-14,0191
10,7565	9,7044
10,8221	-7,9903
8,5282	-22,4734
12,4604	-11,2669
0,5983	-21,9492
17,8997	-3,9268
-0,1227	-22,0804
5,8411	-18,4100
6,6275	12,1293
5,8409	-15,2648
-5,1033	-12,7739
8,3313	-4,9100
9,3145	-15,5268
-2,2199	-10,1527
0,6640	-12,0534
5,6445	-20,7039
4,1374	-1,6986
-2,5473	-4,7789
24,3224	-13,4949
9,3801	-0,7154
10,1667	-6,6792
6,4312	-4,5819
17,1790	-1,0432
10,7565	-14,9365
18,7518	3,4135
4,5961	5,3792
12,6569	-18,0822
10,6253	2,9546
7,7415	2,3647
-3,8580	-3,7300
0,1395	-1,1742
-0,3191	2,1683
-3,9237	18,2245
-5,4964	17,8312
-15,0647	-0,0599
10,2321	10,2293
-2,8753	19,7318
8,1348	4,2000
-10,6740	-1,1739
5,9720	2,6926
-3,0719	-5,2371
0,2703	2,8236
-14,8027	-5,8270
-3,9239	9,5738
-9,4288	-2,4193
-16,3757	5,9694
-3,7927	7,8043
-23,3882	10,1637
-19,9145	4,8553
-18,8661	3,7413
-10,4121	11,5401
-23,2573	16,4551
-13,7545	12,0642
-21,3567	6,1004
-4,5141	4,5932
-20,8981	5,3796
-6,7422	1,9061
-6,5455	6,1002
-1,3682	-3,9920
-2,2855	17,5036
3,4161	-3,6647
13,8365	-15,5262
-10,8050	10,7535
7,7420	4,1342
-3,7926	8,7220
5,6449	9,9670
5,4479	2,8238
7,9385	13,2440
1,9746	19,1421
14,2298	-0,3221
1,0569	2,9549
7,0209	1,4472
7,3484	-15,9850
6,1687	-1,0431
-5,3655	-8,1865
9,5764	-17,0993
-11,1327	-13,6915
8,2657	-7,0724
-11,6571	-8,1211
-16,7034	-7,3347
-12,3779	-7,7932
-13,5577	9,4425
-5,4967	0,1363
-15,2617	-8,4486
-2,4822	-2,0916
-20,8978	8,5250
-0,7783	3,6099
-18,9974	-3,4680
-1,9579	-8,1863
-7,1354	5,4450
-0,3853	-7,7276
-11,4607	0,4644
-6,5454	11,3433
-2,2854	-7,2689
-2,4166	12,3264
2,0401	-9,5628
12,6567	-1,8948
14,8197	2,4959
9,3801	-7,9244
13,3126	-8,9729
12,9192	1,5783
12,4605	-10,5459
13,3779	-9,6284
17,3100	-9,3007
5,2514	-10,2836
2,0401	4,1342
2,9576	-5,4996
14,4916	-8,0553
-6,4797	8,0009
0,0083	-2,7469
-1,3024	4,3310
-7,8561	1,1197
0,2705	3,0203
-7,2663	6,8869
-6,1521	6,8870
-11,1984	8,7219
1,8433	12,7851
-9,9533	7,9354
1,5156	0,9887
-4,3826	4,8551
-1,8268	4,3964
0,6638	10,7532
9,7732	-3,9924
5,9066	-13,6916
6,5620	-17,8858
11,0187	-7,2035
15,4749	-5,4997
4,0719	-8,4488
11,3463	0,0710
11,6085	16,8480
5,7758	-13,6260
17,0480	-5,8270
16,0648	5,8382
11,2152	-2,6813
5,7102	7,0180
9,9045	10,4257
7,4796	5,6417
10,1664	3,9377
-6,2175	-0,3875
5,5789	-2,6813
-6,0210	1,5130
-1,4336	-2,4193
-8,5113	-11,3319
-14,4096	12,2608
-7,0695	-0,1913
-13,8853	-2,4192
4,2682	-2,0261
-6,8731	-4,1232
-2,1543	11,7364
-9,7565	-8,1209
5,8409	-10,7422
-17,2933	0,2678
-8,7735	-3,2714
-16,2447	-7,8588
0,9256	-17,1648
-19,6527	-9,0385
-10,0189	-4,6477
-15,2617	-14,9368
-11,4607	-11,3324
-19,1938	-6,4172
-8,5770	-11,3981
-1,8923	-20,7695
-15,6548	2,2990
-3,2683	-6,0898
-8,7079	-10,5460
4,4649	-2,2230
8,2660	-14,8057
5,6445	3,0856
-1,1055	-2,8127
29,9584	0,6609
25,6330	3,0201
20,2591	7,4110
17,4413	-6,3513
28,8444	1,1197
13,5747	3,2169
23,2085	2,1028
25,1747	6,0348
28,4513	17,1104
23,9950	12,3261
24,0606	-5,9583
31,9250	3,3480
38,7405	14,0298
31,6627	-13,2984
28,8447	-3,3369
41,0999	-19,9176
36,6433	-25,8812
33,1698	-10,6115
13,2471	-7,3349
22,0943	-17,0996
22,1599	-8,0556
3,0888	-9,8251
8,9218	-0,8466
9,5112	-7,9244
14,6888	-15,9852
11,9359	-1,8951
6,1034	3,0856
-9,5598	-10,9391
-0,1225	-6,6792
7,2173	-9,1696
-6,1520	-3,9924
-1,6954	-13,2329
9,9042	-17,4928
4,0717	0,5951
17,7687	-12,3158
15,1472	-29,0925
13,2466	-9,3664
6,1692	-20,5078
12,3949	-31,2554
15,9339	-21,2284
12,1981	-19,0659
6,9556	-27,7166
-12,2467	-30,7311
-6,6759	-25,4882
-6,0209	-8,2524
-1,8923	-16,5755
-20,8977	-17,7549
-16,1136	-1,4366
-14,4753	-12,4466
-11,2641	1,4472
-8,5772	-5,1066
-7,9873	-11,5288
-12,4436	6,6900
-13,2300	-6,5483
0,1395	-19,0654
4,3991	-0,2566
3,5475	-5,6308
3,6130	-11,8565
23,3393	1,4473
-1,1057	6,7557
2,0405	16,5204
12,8535	-0,3222
14,8197	5,3796
6,4310	13,3748
4,6616	-1,7639
5,5136	-0,1254
13,8365	2,8891
0,4672	-9,3661
1,3846	2,1026
-2,8095	-7,7279
2,0400	-10,9391
-7,2660	-3,8614
-11,9191	-1,5677
-4,6446	-18,3447
-2,7442	-10,1528
-7,0695	-11,9878
-16,8344	-3,5336
-2,9408	-8,2522
-3,3343	-18,0168
-13,6233	6,4280
-13,4267	4,3962
-1,9579	-6,7446
-11,5262	8,4598
-5,0382	6,2313
-24,5677	7,2802
-9,6911	12,0642
-11,4606	-1,2394
-13,1645	27,9240
-15,0648	15,2752
-9,5600	4,7244
-9,0356	14,1614
-11,8536	5,7072
-3,2684	7,6078
-1,4334	2,1683
2,8919	3,8067
-12,9677	5,0517
10,8218	6,8866
1,9742	-8,3831
-5,9554	-12,1841
-0,8436	1,0539
3,4160	-11,8566
-7,1350	-11,6599
6,6928	0,8572
-10,8706	-11,9877
-15,7856	-16,2476
6,2345	-25,1603
1,0570	-5,4997
5,5792	-5,0411
1,0572	-18,7380
3,9409	-1,1745
5,7103	-31,2554
18,8830	-19,1310
17,6377	-4,0581
18,2275	-15,1990
1,3193	-7,2692
13,7054	-5,2376
-7,7904	-11,2012
2,0400	5,4450
-1,8922	2,8234
-5,4312	-6,8756
-0,5158	-1,6328
-17,6864	1,3819
-8,1834	0,1367
1,9746	2,6926
9,1835	-10,7422
-10,5427	7,5423
17,3101	3,2823
-4,5790	6,4936
19,8005	4,7896
12,1981	-1,5673
19,6692	6,0349
7,7417	-4,9098
17,0478	-14,2811
5,3823	-2,0914
5,3168	6,1004
6,4966	0,0055
1,1879	17,4381
-10,0840	8,3941
-6,6762	13,8337
6,7586	-3,0091
-7,7250	5,2488
8,3314	16,7173
-5,3658	6,4282
3,2851	2,6273
-4,7102	18,2904
3,9405	13,1784
-0,5815	17,5694
6,8239	13,7028
-2,5475	6,6250
5,9064	23,8609
-7,2007	15,4066
-5,6935	-5,6958
-21,5529	5,9040
-12,0504	1,8406
-8,9702	7,4765
-13,1645	-5,1719
-14,0163	-6,8103
-12,7712	2,6923
-1,4991	-2,6818
-11,3950	-13,5606
6,5620	-4,3856
0,1394	-14,6093
15,6059	-9,5628
-0,5159	1,3814
15,4094	-25,3570
4,7926	4,1998
19,0794	-8,9077
1,4502	-15,3299
1,2537	-9,2351
7,0209	-3,8613
-3,9894	-19,7208
0,8605	-3,9266
-9,1667	-12,3808
-10,8049	1,3817
-15,7859	0,3329
2,7609	-18,4755
-5,6935	5,7726
-6,0211	-9,3663
-14,1475	-5,6306
5,3821	-3,0092
-2,1546	-15,0677
-9,8221	-5,1062
-5,6933	2,2336
-6,5453	-4,5819
3,8750	-1,1086
-6,2832	-3,4678
8,0038	-12,3806
-8,7080	4,7242
-3,7925	7,2144
11,3462	-2,4193
24,9120	4,0032
-4,9723	-10,0214
9,9702	3,1513
6,8242	1,0539
14,9507	-15,9196
5,9723	-3,3367
13,3122	3,2167
4,7272	-13,2983
15,2127	-7,6621
6,3656	2,7579
10,0354	-5,6306
10,1011	-1,6985
4,7271	-3,0092
11,6086	8,1974
9,7079	2,8233
21,1768	-11,9875
12,7881	11,2121
29,5653	0,1365
11,8707	-2,5503
29,9587	7,4766
21,0457	-6,0238
27,5993	12,3262
19,9318	-10,5459
40,3133	-18,2789
14,2300	4,5929
25,2402	-18,3448
23,3395	-20,1140
11,2156	-15,7233
18,0312	-16,9030
11,6087	-6,6139
11,8053	-20,0487
6,9554	-9,0384
4,5962	15,5371
-0,7780	-1,4367
0,2051	-3,2058
-12,9677	3,3477
3,0884	-4,7787
-11,1329	4,5930
-8,1838	6,2969
-8,3150	-2,8124
-9,4291	14,2268
-26,4028	4,9207
-16,2447	0,2024
-21,2909	12,8507
-22,9294	9,7704
-19,5869	0,1369
-21,3565	9,1152
-15,9824	10,0326
-17,3588	14,4236
-12,6401	10,0980
-6,3488	1,1854
1,9743	18,3557
-15,7203	5,8382
5,9722	-3,7952
-2,8753	9,1807
0,5983	10,2947
1,1881	10,0326
8,0037	5,8382
-11,9190	-10,6766
4,1372	6,7559
-8,5767	-4,5820
-1,7610	-5,2372
-1,7610	0,1366
1,0571	-2,4194
7,2830	0,7264
-1,5644	3,2166
11,2806	2,2992
-2,2197	7,6731
8,7248	4,7240
8,2659	-8,5140
19,3413	10,4258
3,2852	-2,6158
11,4770	2,5617
6,4964	6,4282
7,8069	-4,0574
-12,9021	7,5424
-3,3995	12,1297
-2,8751	-2,6813
5,1856	26,1543
-5,8897	0,3331
4,8581	1,1198
2,4333	7,3454
3,2854	1,8405
19,4726	-3,4680
2,9576	-10,4803
27,5336	-5,4995
2,5644	2,1679
14,8852	-15,1990
17,7686	-18,2790
12,8534	-9,9561
-5,1031	-3,5336
10,5596	-3,5335
-0,6469	3,8719
-8,3147	-2,8782
3,2197	-5,1718
-13,8198	0,5298
-13,3608	-12,1839
-14,2130	10,0325
-13,8853	3,2168
-7,2006	-9,6281
0,1393	2,5614
-10,4775	-3,4024
7,6760	-3,5989
-11,1984	-1,2398
2,5642	-3,9922
-6,7418	5,3139
7,9382	0,9229
-4,3170	-5,7613
2,3024	12,7195
6,5622	-6,8756
16,2614	17,1762
12,0018	18,4865
11,4118	1,2508
24,8468	6,5594
13,1813	4,2654
11,8052	-7,8585
6,7589	1,4475
13,6401	0,0056
11,8705	0,5954
19,6036	5,6416
-1,6300	-1,2395
0,7949	12,9162
7,0207	6,7558
-4,1205	-0,7807
-0,7780	3,6103
-3,5307	13,8994
-11,6570	15,0134
-15,3271	4,2000
-6,8073	-10,1522
-8,5115	20,3221
-11,9848	23,0741
-17,3587	-6,8099
-6,8074	20,3876
-24,1091	15,4065
-14,2785	13,3097
-6,2178	18,8801
-15,2618	6,7560
-17,1622	32,5771
-11,9195	8,0665
-18,6695	-2,0911
-17,3588	24,5163
-16,4412	11,9988
-23,9125	17,5040
-12,1157	19,3388
-11,9194	20,3218
-2,7442	14,8823
-4,7758	6,7559
0,1396	2,9548
8,8557	9,5084
18,2930	7,7388
4,4650	-3,2056
22,6185	11,4744
7,3486	-0,8465
15,0819	-3,4678
7,6762	1,5128
15,5404	-8,3175
-6,1519	-9,4316
-4,5791	-5,7618
-1,4335	-7,9899
-14,6720	-2,1575
-14,2130	-16,9686
-23,3883	-10,8737
-17,4899	-17,6895
-26,6651	-26,1436
-13,7546	-1,6332
-30,3352	-8,7115
-7,9219	-35,0565
-23,9783	-23,6532
-25,2233	-18,2795
-22,0775	-28,8962
-13,1649	-16,9688
-21,1601	-23,1291
-36,7576	-21,4907
-21,6185	-22,6702
-22,3398	-4,2545
-21,8806	-5,1067
-11,1985	5,5102
-8,2492	0,0709
-12,3779	0,3331
10,3631	-0,7152
-0,0573	11,4088
4,9891	3,6101
-5,2999	16,7173
13,1811	20,4528
-2,0887	1,6439
19,9313	5,9041
9,0524	20,0596
18,6862	-5,5649
9,6423	7,0181
14,6231	11,0812
10,4290	7,2802
17,8345	27,0064
9,3150	3,8066
11,2153	4,8556
14,4923	23,2053
-4,4478	14,2268
12,0674	7,8701
10,8874	14,6857
8,6592	12,3263
1,6468	16,2585
20,3243	0,1367
-5,1691	-0,7151
-4,1206	11,9988
-14,4095	9,3773
-12,6402	7,9356
-11,2638	29,3657
-8,9047	14,1612
-17,0309	8,9187
-8,5114	4,6588
-1,5646	-0,1252
-17,1622	31,3973
-8,3147	2,8235
-5,7588	-5,1059
-0,4505	16,7174
-11,5915	7,4766
7,8072	3,4791
-1,8922	-0,5843
6,1034	-12,4462
12,5258	4,3964
10,8874	-3,9924
2,7612	-17,5581
18,3584	-5,3031
4,9238	-10,0218
-1,1710	-32,3694
18,8831	-18,8035
11,4771	-25,0950
7,8730	-11,3981
6,6933	-30,0759
19,6038	-23,5877
10,4288	-14,9372
11,8705	-29,1584
4,7273	-22,2115
18,6207	-26,8647
16,8511	-26,2747
9,2489	-9,9563
2,7609	-22,5393
-2,5476	-23,7842
1,7779	-16,3788
-0,9748	-19,4590
0,7293	-23,5222
-4,5792	-15,9856
-3,5959	-25,6195
-2,1543	-21,5562
-1,1711	-13,2332
-13,2953	-29,9449
1,3193	-12,1846
-0,3192	-30,2071
15,8680	-26,2091
-3,2028	-0,7814
14,2951	-27,7820
-5,4967	-8,9730
12,0014	-3,2715
5,5133	-6,2858
-3,7272	19,7974
4,9892	0,1366
6,1686	4,2002
-0,1226	24,3850
-3,7926	21,0428
13,5090	10,8849
8,0037	22,9433
3,6130	12,7853
-1,0402	19,9944
6,3654	11,9987
-1,8267	-5,0403
9,7075	19,9942
-13,9508	8,9840
2,8919	-6,7443
-8,4458	11,8021
-5,4968	17,8968
0,0084	2,5615
-0,3849	6,4936
-6,0865	4,8553
-6,2830	10,7534
-6,7417	6,6901
-6,8728	-5,1717
2,1713	5,6416
-8,6424	2,1682
-3,9891	2,2339
4,1372	5,9037
3,4161	-0,0600
-2,0232	13,7024
4,7924	6,1656
-4,0550	-8,1209
1,3844	11,0810
-4,2516	-1,4365
-4,6450	-7,0068
-11,6571	10,1636
-21,0289	0,7262
-11,5915	-0,7154
-17,5555	2,5614
-9,8221	-8,0554
-17,6865	9,8358
-10,8051	-8,3178
-15,9168	-22,6698
9,0523	10,0979
-5,8899	-14,5438
5,9065	-26,2089
-7,0039	-17,1650
13,4432	-16,4442
-2,8097	-10,4149
4,7270	-18,4104
6,8897	-15,8542
-3,9238	12,0639
2,8921	-5,1719
0,1395	-9,0383
-3,0061	18,0280
-1,7610	13,8336
-1,6297	7,8044
-4,2513	7,4114
18,1621	14,2927
7,4140	24,2541
26,3540	26,7443
4,4650	10,4916
26,4196	25,3027
3,0890	25,3682
24,9778	21,2394
15,9995	10,6226
21,1111	10,1639
11,8054	15,2755
27,9270	8,2631
19,9318	-2,2881
23,5361	5,3139
17,4415	-1,1088
26,8785	-15,9197
27,0752	-5,3032
20,9803	-37,4811
24,3882	-7,9246
17,6379	-21,0975
36,8399	-34,4664
14,7543	-12,2499
20,3904	-3,2062
10,4289	-18,6069
27,9923	-14,9367
18,6207	-17,2305
10,8219	-5,8927
8,9215	-3,3368
5,7756	1,3162
6,7589	14,5545
14,3608	0,5952
9,3802	5,3797
8,7247	17,1761
11,1497	11,3433
2,1056	7,5423
8,7903	-3,5987
-1,2367	9,4430
11,6737	13,7680
-8,1181	0,8575
7,2829	7,4767
-6,5453	4,3964
-4,1206	4,1998
-17,6863	-3,2714
-6,5454	-12,0532
-12,7714	-5,5650
-13,7544	0,2675
-20,6356	-1,8952
-24,7644	-11,9220
-13,8198	11,0155
-18,8663	3,4132
-6,0212	-5,6306
-29,8107	1,3163
-5,9555	6,6246
-10,6744	-11,7255
-5,9556	-17,0992
-6,4143	-11,9875
-1,3682	3,6754
-2,6785	-12,3153
10,8217	-10,3491
6,1688	-5,6307
3,0231	-0,7809
5,9725	0,7920
10,2320	4,4618
7,2175	-3,2056
-10,4773	14,9478
4,3339	15,7998
-11,1328	9,2463
2,1054	19,0112
-20,3735	14,7514
0,5326	13,7030
-16,4414	29,3659