-59,9619	-71,0016
-54,9156	-73,8850
-58,5201	-67,2002
-63,1077	-72,1811
-71,2339	-74,6059
-57,3408	-74,0160
-80,2126	-78,0795
-84,5381	-83,7154
-72,4794	-85,9438
-89,1914	-82,6670
-79,0330	-89,8762
-85,7835	-92,3011
-86,0454	-96,8887
-88,0772	-102,9836
-68,5475	-118,2536
-87,2252	-115,1734
-57,2755	-127,9531
-104,6578	-123,4311
-83,4896	-131,2301
-85,1937	-135,9486
-78,3782	-136,1453
-96,7280	-139,6188
-90,1745	-151,6774
-98,3666	-151,4808
-111,0805	-148,8595
-96,5312	-153,9059
-96,2695	-163,3432
-88,4707	-179,5961
-112,1293	-172,7804
-90,3056	-177,3026
-109,6390	-188,3783
-106,0999	-200,6335
-112,9813	-196,0461
-103,6754	-200,7648
-122,6806	-206,2045
-107,0834	-218,7873
-121,8290	-214,9207
-125,1714	-220,8192
-134,5429	-227,1105
-139,7205	-231,3049
-139,5237	-231,0428
-156,4978	-229,3390
-147,1259	-227,0454
-153,6799	-248,9344
-143,5218	-248,2134
-169,9986	-247,3616
-152,4348	-252,4080
-183,4335	-260,7967
-167,4427	-266,0396
-196,0821	-261,3211
-185,3343	-273,4455
-201,1284	-288,3220
-181,1404	-291,5333
-212,6630	-288,3224
-207,6824	-311,9808
-213,4494	-301,8884
-211,9425	-325,2851
-222,4277	-335,8363
-219,9376	-340,5551
-209,0587	-353,2693
-225,9670	-357,3982
-207,6169	-366,9010
-230,3580	-382,2365
-219,6101	-383,7438
-229,1131	-374,8312
-225,9017	-376,8630
-242,4824	-393,3125
-227,9991	-398,2932
-254,8032	-393,7715
-236,1912	-399,4732
-266,3376	-421,5588
-254,4102	-428,7678
-260,8327	-432,4381
-264,9617	-440,7613
-249,1020	-454,6551
-282,7878	-458,5873
-298,0571	-463,6340
-290,9798	-483,8847
-291,3732	-501,7759
-305,2669	-497,8440
-302,1214	-505,6432
-333,9719	-529,4326
-327,8115	-534,2170
-332,9236	-556,7614
-329,3849	-542,1470
-352,1259	-547,6524
-353,8300	-577,6024
-370,2139	-577,4057
-367,1997	-585,1394
-382,4694	-605,6521
-390,6617	-605,4556
-380,1758	-607,9464
-404,6866	-636,1270
-402,6547	-643,7292
-406,0629	-652,2492
-394,9874	-670,2063
-411,3058	-686,8526
-397,6745	-698,3872
-423,9543	-724,2084
-416,1554	-723,8155
-415,5658	-740,1342
-423,7580	-751,8652
-441,7145	-757,7639
-431,1638	-765,7592
-451,8073	-781,7504
-458,9512	-790,8598
-450,4970	-801,4114
-471,8623	-813,6012
-495,6513	-832,8032
-490,8677	-827,2328
-490,4745	-839,4228
-514,7885	-846,1075
-508,2350	-853,2512
-525,7986	-867,3415
-509,8735	-871,9291
-527,6339	-883,9225
-529,1413	-893,0976
-524,7504	-905,3530
-523,5712	-917,9361
-559,0258	-936,2864
-539,7584	-952,8016
-549,6545	-966,1712
-572,3956	-975,0843
-568,8565	-985,5049
-572,5925	-1016,4380
-557,1916	-1021,4844
-602,2807	-1027,0554
-599,5280	-1050,5830
-621,5483	-1056,1538
-604,6403	-1083,1548
-642,7824	-1089,6430
-634,3939	-1097,7041
-658,5768	-1117,2341
-662,9679	-1126,3436
-680,7938	-1123,6569
-684,7262	-1145,6771
-696,9814	-1150,0681
-708,3851	-1153,4108
-715,5939	-1170,3846
-727,3251	-1178,6424
-725,2934	-1198,7621
-742,9885	-1203,8741
-757,5372	-1212,7872
-749,8698	-1240,3124
-749,6078	-1238,2810
-766,2542	-1254,5999
-762,8464	-1281,1420
-794,2381	-1293,2008
-771,6286	-1299,4926
-800,2023	-1315,8769
-802,2996	-1343,9921
-818,6836	-1360,3106
-817,1111	-1373,8768
-837,7549	-1385,2150
-843,6534	-1406,3834
-855,9085	-1421,1291
-867,5745	-1433,3847
-871,4410	-1465,5629
-894,1167	-1465,7599
-881,6649	-1485,3555
-909,1904	-1503,9679
-898,7702	-1511,7014
-914,9577	-1553,7757
-907,8145	-1556,9869
-946,6772	-1557,6429
-926,5577	-1579,5977
-938,3544	-1594,9989
-945,6291	-1615,1841
-947,3985	-1618,4611
-958,9331	-1630,7823
-970,9915	-1665,1885
-970,9918	-1658,9630
-976,4314	-1681,7695
-992,2257	-1678,5587
-993,4053	-1700,1857
-1013,7873	-1721,6816
-1002,7117	-1719,3879
-1020,8654	-1731,0539
-1010,7730	-1759,8897
-1031,6790	-1750,1250
-1036,5289	-1775,1602
-1048,1285	-1792,3962
-1041,2477	-1801,0472
-1063,3331	-1814,5476
-1050,6195	-1817,5625
-1067,8553	-1829,6212
-1061,1710	-1839,2552
-1066,6103	-1843,8429
-1080,3730	-1853,1490
-1075,7853	-1854,1976
-1078,0138	-1869,5988
-1065,4964	-1871,0406
-1090,3999	-1865,7324
-1068,8387	-1875,1042
-1079,9143	-1887,5560
-1066,8071	-1888,2770
-1086,9265	-1890,3087
-1064,5789	-1902,4328
-1073,1640	-1900,4013
-1075,5236	-1902,4332
-1077,8169	-1913,1153
-1076,7687	-1907,1517
-1074,8679	-1910,2319
-1089,6791	-1909,0523
-1076,9649	-1914,8196
-1073,8850	-1919,5379
-1063,3989	-1914,3608
-1067,7899	-1907,4796
-1047,0804	-1916,9167
-1053,8962	-1910,2976
-1038,3639	-1918,2273
-1036,0045	-1912,2635
-1028,0091	-1906,1685
-1020,2100	-1899,0250
-1005,0712	-1895,2239
-1003,8914	-1889,4567
-988,4905	-1876,3494
-989,2764	-1869,7302
-975,8418	-1865,9289
-978,1351	-1854,8534
-964,7002	-1843,5156
-946,4153	-1849,0204
-947,9883	-1835,7817
-911,5500	-1819,6599
-922,6256	-1810,4191
-897,2628	-1790,1027
-907,7484	-1775,0293
-873,6039	-1768,9997
-871,1792	-1739,7706
-849,0278	-1737,8697
-852,8943	-1717,4877
-836,9690	-1700,4482
-839,3280	-1703,3315
-824,7135	-1667,6797
-826,0894	-1667,5484
-819,4047	-1651,9507
-804,8554	-1628,6853
-811,9989	-1624,9495
-785,8497	-1612,0386
-790,5031	-1596,2443
-777,5921	-1573,6342
-781,9176	-1565,4420
-769,9899	-1549,3198
-782,4416	-1531,9526
-752,0331	-1517,8622
-772,1524	-1509,0801
-748,0351	-1505,2786
-752,3604	-1486,0764
-741,7437	-1467,9883
-755,4403	-1457,6989
-724,8351	-1434,0402
-729,2913	-1426,5690
-717,2326	-1419,0319
-692,0666	-1393,9314
-706,4845	-1372,3044
-682,6944	-1360,4422
-666,9661	-1353,6261
-653,7930	-1322,3654
-666,1134	-1312,6003
-622,0732	-1298,1820
-644,4865	-1284,7470
-616,4367	-1280,7490
-613,3564	-1266,3305
-596,1861	-1232,7760
-609,2929	-1213,9016
-591,8604	-1198,5004
-584,2579	-1184,6063
-582,4886	-1161,0786
-576,7865	-1134,6676
-573,0512	-1124,0504
-556,0771	-1113,8919
-569,2498	-1088,9226
-544,6082	-1078,7642
-548,1471	-1061,4624
-528,2240	-1055,2362
-531,9594	-1034,1334
-501,4850	-1021,1572
-502,7956	-1009,3605
-474,7461	-1006,3456
-485,4281	-992,7794
-464,3255	-985,0461
-462,8833	-972,5941
-453,6429	-966,7614
-449,9068	-974,8221
-428,7389	-955,2921
-430,0494	-949,9183
-429,1975	-947,9520
-412,7477	-925,4075
-428,2798	-911,5794
-402,7206	-909,5476
-426,2479	-896,0469
-390,9895	-875,5341
-397,1500	-875,4682
-383,5184	-858,0353
-398,0672	-850,8916
-368,4450	-820,6138
-377,8165	-800,0355
-359,1389	-802,5911
-375,4570	-783,4544
-377,6197	-769,8884
-364,3155	-773,2303
-364,7091	-752,2587
-359,2691	-762,5479
-351,3395	-736,0710
-339,1497	-723,2917
-357,3031	-735,4156
-317,9158	-718,0484
-330,7610	-714,7059
-311,3621	-699,3703
-314,5076	-695,8968
-298,7790	-689,3429
-297,8613	-667,4538
-280,8219	-666,9949
-293,0112	-651,5282
-280,1662	-633,2436
-275,5784	-625,9690
-264,0444	-610,1745
-256,5729	-600,0819
-264,4375	-592,3485
-253,7547	-586,2534
-255,9831	-555,9102
-233,6351	-570,8522
-243,7278	-553,7470
-233,3728	-541,8195
-228,9820	-543,0645
-210,5009	-532,5130
-231,1445	-530,3501
-203,1607	-518,2258
-223,8045	-507,6090
-216,7264	-495,5503
-211,3523	-489,9141
-202,3741	-485,5885
-203,9467	-474,1197
-206,3059	-474,3162
-195,2957	-449,9367
-192,8054	-453,1479
-173,8653	-442,9896
-182,3852	-431,4552
-172,4890	-410,7458
-183,4989	-415,1366
-155,8429	-420,9033
-172,3579	-402,4220
-160,7580	-377,9772
-165,3454	-382,3024
-167,3771	-372,6685
-165,0175	-377,7801
-154,8597	-355,6943
-162,1338	-360,4786
-157,0878	-354,3179
-141,8832	-342,2593
-149,6823	-336,7542
-156,4976	-317,9454
-152,5655	-327,8413
-130,9387	-323,1223
-152,4345	-307,0659
-128,5792	-296,9734
-146,6017	-290,5507
-119,4043	-300,9706
-142,8006	-280,3923
-118,4867	-279,4092
-135,1985	-280,6543
-125,4335	-280,6541
-116,7173	-260,7968
-131,3975	-271,2825
-145,1595	-261,0589
-133,4944	-256,5369
-117,5034	-261,9763
-120,4529	-251,2283
-123,6637	-248,7380
-117,2413	-256,2744
-97,9082	-236,2859
-121,5665	-220,6886
-94,4345	-235,8925
-110,4253	-219,4428
-97,3834	-206,0735
-97,7767	-218,9183
-93,0582	-201,4855
-92,7303	-176,1888
-86,0460	-185,7569
-93,3202	-185,8221
-91,4199	-173,6324
-90,6331	-174,7465
-89,7814	-167,2099
-89,3223	-172,5838
-91,8784	-161,3771
-78,0502	-158,2315
-95,8761	-169,6348
-75,8874	-172,4527
-84,5384	-176,6470
-78,5088	-168,3240
-79,4918	-178,0889
-54,1296	-181,8899
-81,3924	-169,1760
-64,0252	-173,8947
-77,7221	-174,8775
-57,7338	-172,3217
-67,8917	-165,1127
-61,3382	-168,4550
-62,1901	-153,1852
-69,7270	-159,2144
-66,7120	-155,4788
-73,5936	-146,8282
-61,4037	-160,8527
-62,2560	-158,4277
-59,9621	-146,0415
-84,4069	-144,6652
-50,6559	-146,3035
-70,1202	-149,9734
-59,3722	-134,7690
-75,8871	-138,1769
-50,3938	-140,8637
-60,6829	-131,4920
-72,4138	-126,1182
-62,0587	-123,1688
-55,8988	-106,4574
-51,0487	-115,8289
-54,7844	-111,7001
-39,6454	-110,9791
-48,4927	-120,0230
-31,3222	-109,2750
-31,8466	-99,4447
-19,2636	-98,6584
-37,7446	-106,7191
-19,3947	-99,3135
-42,8564	-96,9543
-18,2152	-91,9079
-32,5019	-103,3765
-27,9146	-91,5145
-37,1550	-90,8590
-38,4003	-79,8491
-44,5605	-78,8661
-52,9491	-76,3757
-33,2227	-85,6161
-42,5945	-69,4287
-19,3291	-79,2592
-33,0918	-72,7711
-14,1517	-75,5892
-36,8926	-80,7008
-8,1878	-75,5890
-28,7661	-71,7224
2,0357	-68,4456
-21,0984	-72,9021
-16,2487	-76,7684
-19,4599	-57,1732
-11,6614	-58,5495
-28,5695	-69,1662
-22,1471	-46,7528
-21,5570	-49,7677
-30,4702	-57,2386
-21,8192	-42,5586
-28,5696	-49,5710
-15,9867	-55,6001
-33,0259	-47,8668
-6,9428	-36,7914
-27,6520	-28,1406
-9,6296	-36,8569
-28,3730	-56,7139
-4,6489	-39,8711
-24,0476	-24,0116
-23,0645	-31,4825
-23,8507	-31,6136
-16,9042	-24,2736
-25,6203	-17,9821
-16,7076	-12,8048
-15,7244	-23,2904
-21,3606	-17,3922
-14,4136	-5,1370
-14,6759	-10,1832
-0,7823	-8,0205
-20,4430	-5,9890
-11,9889	-4,1537
-27,2585	3,2517
-12,1854	-17,1300
-16,3142	-11,1003
-17,1663	7,9703
-15,5276	-11,4936
-2,4863	-4,2192
-17,2315	-13,1976
-8,2532	2,7933
-10,9400	7,1184
-6,4837	6,2665
-3,9276	2,7931
0,9873	10,7885
-1,6994	4,0384
-5,1730	3,5141
4,1332	2,5310
-13,4304	-2,9084
18,4855	7,2495
-8,7120	-10,7073
6,4270	-0,9424
-9,2360	-1,7945
13,2426	-4,6780
-2,3549	-2,0566
-10,8745	-5,5956
-10,2190	-7,5616
-14,4136	-5,1368
-12,3162	-10,0518
-14,3481	-1,7944
-10,8089	-1,9256
-23,6542	1,0892
5,0506	-2,1875
-9,7607	2,9241
3,9364	-0,2870
-18,0181	2,7933
8,6550	-7,0371
-11,4645	8,2329
-2,0273	-0,0248
-13,3649	1,2207
0,8562	23,8960
-10,5468	23,3716
-8,4500	18,8497
-12,4472	13,0828
-8,8431	24,0926
-9,4982	21,0780
-19,3287	26,3862
0,3976	7,7742
-6,5494	21,6023
-2,8792	27,5003
-13,9548	19,3739
7,0167	15,5729
-5,8938	17,8012
7,4099	15,8351
-5,3039	30,0563
4,5920	18,1288
1,0531	23,5685
-10,7435	23,5684
-2,9444	11,3132
-0,6511	17,4737
-5,7626	24,4203
-6,6803	22,4543
2,4949	21,7988
-14,3481	6,9222
0,8566	10,8545
-15,8554	23,5027
10,6213	1,0239
-18,5422	18,0633
4,4609	7,5774
-7,0080	5,3495
4,3297	9,5436
-9,5638	20,3570
2,7567	17,3424
-14,3479	19,3741
-6,2872	21,9955
-13,3649	25,5345
-25,4892	28,9424
-2,3548	24,8793
-12,8410	33,6611
-7,9910	31,7605
-15,9867	30,5810
-14,7413	43,4916
-28,5039	29,0735
-9,3674	33,1368
-31,5842	37,7242
-5,6321	25,2726
-25,6863	23,1755
-26,8658	30,1220
-31,5188	25,4691
-33,6162	37,2001
-42,5288	21,6680
-41,4149	36,8724
-37,0892	39,8214
-32,4365	20,4231
-33,2226	48,9312
-28,6353	45,1953
-14,5450	34,7099
-27,3246	50,9628
-22,8679	43,2294
-31,7809	41,1324
-19,5911	38,3797
-31,1255	28,9427
-19,3292	34,0545
-38,5966	29,7288
-25,8172	19,0466
-35,2543	39,5594
-28,9631	28,0248
-44,3638	30,3842
-30,2082	35,2993
-28,4387	23,6341
-45,8716	27,7629
-42,2667	44,5400
-48,0997	27,0418
-43,0532	24,6828
-50,1968	36,6758
-34,1405	26,3866
-55,3086	24,4206
-34,2715	26,4521
-51,5730	19,7676
-29,0944	29,4667
-49,2792	26,1898
-44,7574	13,3449
-46,8542	22,0612
-35,9101	21,2090
-45,5436	10,4613
-53,6701	15,0487
-28,9629	5,8082
-33,6162	22,9131
-34,5990	7,9051
-39,7108	13,7379
-22,8025	13,8033
-28,9628	10,1987
-7,1394	-5,9232
-15,9213	-12,2800
-11,8579	1,5480
-22,3435	-9,3965
-10,0885	-7,5615
-10,3504	7,4462
-14,0208	-1,7942
-26,9310	2,4002
-26,6692	13,0169
-34,5988	7,8397
-35,9098	25,5343
-30,0770	16,1627
-44,1675	10,3956
-29,0284	13,6069
-40,1043	24,2237
-24,5066	18,8497
-50,5900	21,2089
-42,6599	17,4078
-41,0215	18,0632
-22,7373	16,9491
-49,8035	8,2983
-38,1381	1,7447
-50,3279	6,0701
-47,1168	12,7547
-55,3084	4,1694
-69,6612	12,1647
-60,2237	-0,7458
-62,7144	-0,4837
-57,1438	-3,3672
-63,1733	3,7761
-50,5902	9,3466
-63,3699	-3,2361
-50,8524	6,8564
-59,9620	-0,6147
-54,6535	9,6746
-48,4931	8,8227
-42,7261	15,7039
-59,4374	11,2474
-43,3812	5,0217
-36,8275	12,4929
-41,0221	14,6556
-45,7401	18,3910
-36,6310	18,1944
-38,5967	10,9199
-39,5800	13,5412
-26,3417	-3,7602
-46,5924	-0,5490
-39,7764	8,3636
-51,3110	-2,1877
-35,3857	-9,1345
-57,0782	-11,8214
-39,4491	-16,5401
-65,4669	-5,9232
-65,6636	-14,9674
-72,3482	-23,0936
-65,7949	-13,8531
-79,3607	-11,2972
-75,4288	-19,2926
-78,0500	-13,1320
-90,3054	8,9534
-71,4308	1,8099
-78,7710	-3,0395
-68,9404	7,9704
-74,9698	0,3683
-67,4986	9,8710
-70,9063	9,2154
-44,4955	-14,6393
-70,0544	-9,3309
-44,4953	-9,0689
-56,7506	-6,5786
-55,5054	-1,2702
-64,0247	-4,6782
-48,9518	-12,8700
-49,6069	-1,5325
-58,4545	-12,3457
-48,1651	8,8223
-53,0805	-3,8917
-41,0873	-8,0857
-57,6024	-2,3841
-31,8467	4,3004
-58,1266	1,3514
-29,2907	-9,6584
-43,0534	8,4294
-32,3054	1,8758
-52,5558	9,0848
-27,0626	13,4101
-37,7448	16,7522
-44,6262	6,9220
-49,9998	-3,6292
-33,2886	5,3492
-39,3176	-0,7458
-36,8275	-2,9740
-41,0215	8,5603
-46,0680	-2,0567
-27,0623	-16,8675
-56,4882	-1,5978
-35,9095	-12,4112
-39,1210	-7,2338
-28,1110	-7,8238
-39,1210	-13,7219
-18,4773	-3,4984
-32,1742	-9,0690
-23,7857	-11,1005
-21,6227	-1,0081
-18,0187	-2,5809
-25,6203	-7,4961
-15,8557	-2,9742
-12,9720	-7,9548
-30,6667	1,6790
-11,9886	-8,5446
-22,2125	-12,5421
0,3974	4,5628
-16,1834	4,4315
-7,3358	-3,0394
-23,3267	14,5242
-4,3212	8,6258
-30,2735	7,7086
-21,8193	12,2960
-28,8317	17,6697
-8,4503	15,9004
-33,7469	-7,8891
-26,6691	-0,6144
-15,9866	0,9581
-24,4411	-7,6925
-26,8655	-6,7751
-27,1935	-7,2995
-21,5571	-5,3990
-25,0308	-14,0498
-18,4115	-13,1321
-37,6793	-6,1200
-18,7392	-14,1153
-31,3224	-12,7390
-19,7225	-14,3117
-46,5264	4,3658
-26,3416	-6,3163
-29,6184	-2,9085
-36,9585	-7,0372
-43,7738	8,6914
-25,7518	7,3805
-32,0430	-3,7604
-40,1695	3,0554
-32,2393	9,0191
-28,0453	-3,8259
-14,3481	11,1818
-21,6883	5,3490
-12,0544	9,0192
-20,7707	6,5943
-3,5348	6,6600
-21,9504	16,2938
-13,7584	22,2575
-29,1592	6,7254
-4,6490	6,7256
-19,8533	12,3617
-18,9358	11,7063
-18,3460	17,2112
-48,0337	12,5580
-34,0743	10,1988
-23,1957	5,4803
-22,9336	11,6407
-39,3177	18,5218
-29,3560	15,3760
-39,3177	7,6430
-19,2636	10,4610
-40,9562	9,3470
-32,0430	19,7670
-33,1571	2,9899
-21,1642	2,5313
-33,3536	3,7108
-17,0354	11,2475
-26,3412	10,7231
-26,0792	6,7911
-13,6927	5,0872
-21,6883	21,4710
-14,4135	14,1966
-15,0035	10,7888
-4,2555	16,2282
-7,5326	7,1187
-0,3235	12,1650
-20,3775	-1,2045
-13,1685	-10,5760
-23,6542	-1,5322
-10,4816	-4,7436
-17,8871	-14,7706
-10,0229	-17,3920
-28,9625	-14,7052
-3,5347	-20,8000
-18,9355	-13,2634
-9,3018	-15,4262
3,8056	-11,9526
3,6087	-8,2828
0,7255	-17,4575
-2,4204	-9,3964
9,1141	10,3952
-4,5830	-1,5978
15,1434	2,7279
-4,9761	9,8055
23,7284	5,6113
-5,8938	3,2522
-0,2577	10,1989
-9,9569	11,1164
2,7569	7,2497
-10,2192	5,5460
-7,4013	15,7696
-16,7727	14,7208
-14,7413	8,8226
-9,3016	18,3254
-9,1053	16,6869
-10,5468	9,7401
-16,1175	17,0146
-2,6170	18,1287
-14,2170	18,2598
-1,9618	14,8519
-20,7050	8,2329
0,8562	13,4758
-18,3458	17,9977
-10,1538	16,8180
-13,2995	1,4171
-9,1053	7,4463
-19,4597	6,8565
-12,7753	-1,7288
-17,1002	-9,6585
-9,9571	-5,2678
3,0847	-3,6948
-4,5832	0,1061
1,9707	-4,1537
-3,7967	0,9581
13,8981	2,2035
-4,7799	7,9706
4,2643	-0,5489
-4,8452	20,2259
-3,4692	20,7502
-14,2823	14,5898
3,2155	18,9808
-13,1682	22,7162
-3,0759	10,8542
-15,6586	3,5798
3,4778	6,7255
2,6258	4,0384
-22,4088	-0,6802
12,1288	-4,8744
-6,2873	-10,6418
-11,7918	-4,3503
-6,9423	-7,2340
18,5509	-5,8578
-15,6587	-10,4454
5,4439	-22,0453
-14,9377	-25,5187
2,0358	-17,1302
-20,9015	-17,4580
-4,5176	-18,8998
-5,2386	-31,2205
-7,3359	-20,4725
-16,2485	-23,7494
-7,2048	-22,7664
3,6743	-31,3514
-26,7345	-18,2441
-11,7264	-18,1131
-19,3288	-12,5425
-0,3887	-1,4014
-10,1538	-0,8770
13,0460	8,0359
-7,1391	3,8417
12,4562	15,7693
-9,4326	6,3321
9,1139	2,0069
0,3324	-1,8598
11,4732	3,7108
6,4928	-2,3840
10,8180	6,3976
5,6410	-6,0543
6,2962	-8,3480
23,9254	1,0237
8,5242	-4,7436
22,2870	-10,3796
9,0485	-13,8531
14,5538	-9,9208
-0,8474	-8,3480
20,6484	-8,4792
-3,3378	-11,1661
14,6845	-11,0351
-4,9108	2,4653
-11,3989	-3,4987
-17,8868	-20,3411
-15,0036	0,2371
-18,2803	-0,0252
-32,8949	-21,7828
-27,9796	-9,8553
-21,2952	1,0235
-29,7492	-9,3313
-31,9775	-6,7097
-10,5472	-19,8825
-34,9268	-13,3289
-5,2388	-13,5256
-27,9799	-19,0305
-7,6636	-10,9040
-14,4139	-4,3507
-5,4354	-6,5131
-13,9547	3,5137
-5,2387	-15,2294
-7,9910	-3,9571
-2,8137	-4,0227
-2,7479	-13,2631
5,1818	-7,6270
17,5682	-7,9548
-0,5198	1,4825
15,7990	-3,8916
15,9298	-0,4837
18,3549	5,4800
10,3595	3,1860
36,1806	-16,0158
5,5753	-11,5593
26,6125	-14,5741
16,0610	-23,3559
20,0586	-24,7976
3,9370	-19,4239
15,4055	-24,6668
2,1018	-28,8611
9,5727	-28,9922
-5,1728	-27,1572
-11,2022	-19,2930
1,5118	-35,6768
-15,4623	-17,9821
-15,9208	-14,0500
-19,0667	-15,0985
-0,3237	-12,8703
-34,9921	-19,0960
-12,1200	-13,0011
-20,6398	-10,7074
-14,6106	-11,4282
-24,0475	0,1061
-19,3291	-2,5810
-23,9162	-9,1344
-12,0545	-2,7120
-11,4645	-4,2848
-16,7074	-10,8383
9,3105	11,3127
-12,9720	-3,5641
-1,3060	-4,0225
-5,6972	6,9218
7,2791	-1,7290
6,9512	-5,6610
8,9173	-5,5954
-9,6948	-3,1705
4,5266	1,8756
2,2983	-3,6293
15,9295	6,3322
-10,9399	2,8587
11,0799	-6,3816
-1,5683	8,2983
-0,7165	8,1671
-5,2382	1,1548
-5,3040	-6,5128
-5,9591	-3,8914
0,5943	-2,6463
-2,3547	4,5626
-7,4009	-9,2001
12,8496	-13,3286
-1,9616	6,6596
17,6993	-15,8192
1,3152	-6,1855
17,5027	-9,7900
-1,7648	-11,2317
19,4687	-8,8724
-1,8304	-16,8679
12,7841	-17,3263
5,8373	7,6426
-10,6124	-4,4817
-1,3059	-14,0496
-9,1051	-0,4838
-4,3209	-5,5301
-26,5377	-4,3503
-8,3185	1,8757
-27,3898	-6,1197
-7,6633	0,0407
-23,1955	5,0870
0,3318	3,6452
-19,1977	11,9026
4,0018	-0,6803
-16,5763	0,3685
5,1816	-6,3163
-10,5469	4,9559
-3,6001	1,6135
-4,9762	-6,9716
-11,3334	11,6405
0,9876	2,2032
-9,0396	5,8734
11,9320	11,9682
-12,1199	0,0407
2,4294	10,0677
-10,0227	6,7253
3,6743	1,5481
-10,2848	7,7084
0,2665	2,2689
-8,3841	0,7616
14,2255	-3,1050
-3,5345	2,2689
7,0823	0,0406
9,3763	2,2688
0,7910	-2,5154
18,2239	-8,6758
14,9468	-10,3140
14,6849	-3,4984
9,0487	-13,3942
26,6124	-1,2701
6,9514	1,0237
26,6778	6,2666
5,8372	14,7207
6,8860	10,5264
-11,3329	1,4170
20,9760	-0,2869
-2,8791	2,2690
6,6892	7,2496
-9,4980	-3,6950
0,7253	-5,0056
-8,6460	-4,9402
-3,9278	-6,1854
0,4634	-7,3651
-22,4089	-9,8554
-9,4979	2,6618
-9,5638	-9,6589
10,6213	-3,0397
-11,7921	1,8099
3,3469	-7,8238
0,1356	-17,5886
29,1677	-15,9503
-0,7165	-26,9601
12,4563	-4,2848
2,1018	-7,8897
10,0970	-34,6937
12,1289	-22,3727
17,5025	-9,3314
1,1846	-20,0137
20,5175	-17,7854
22,6803	-17,6544
14,9469	-26,4362
28,5130	-20,9966
15,7989	-22,8974
30,2170	-27,7468
18,0925	-29,1232
12,7188	-22,0454
14,3572	-30,7618
27,4641	-33,4485
-0,6507	-24,7324
9,2453	-22,7665
12,6531	-42,4926
7,8687	-35,7423
-0,2574	-27,5505
6,0993	-27,0919
5,9030	-43,8034
3,8711	-32,6623
17,6339	-28,9924
4,0022	-27,4851
10,1629	-49,5050
4,1335	-22,9630
22,8112	-22,2422
-2,0269	-36,3322
31,1997	-22,8318
5,3130	-18,5720
19,5998	-18,7685
11,4732	-21,3244
0,9875	-19,6858
-10,9398	-9,0035
3,3468	-9,5933
1,9051	-15,1638
-5,5007	-3,0396
-2,4202	-4,9403
1,0529	3,5139
9,7039	-1,8600
-14,0857	-13,0011
14,7503	-2,1219
5,3128	8,2980
16,5196	10,2643
-0,9783	2,0067
25,8912	10,3953
0,5289	3,4486
10,0317	12,4925
-7,6629	15,4416
12,8497	-2,3187
5,5097	-4,6778
7,3445	-1,0079
-3,9274	8,4293
-6,4179	-5,7924
7,8034	-6,0542
-3,7311	-3,1053
6,5581	-7,2996
-19,1320	-15,2294
15,4709	-5,5957
-12,3820	-10,1832
17,7646	-12,6735
-20,6395	-0,7461
0,0700	-13,6565
-7,4012	-12,6078
7,1477	-5,4645
-9,1706	-7,6272
2,2981	-11,6248
3,0846	-9,4621
-5,8284	2,3998
2,3639	-3,1053
3,0846	-12,4768
4,0679	1,3514
2,7570	-3,8262
18,8135	-16,5399
11,8010	-7,3650
29,8234	-17,5229
13,8326	-6,9062
20,9760	-12,6735
-2,4857	-16,6710
24,2527	-10,8383
-7,9909	-13,8530
-0,0610	-8,0860
-3,9932	-18,5717
-9,7606	-26,1737
-10,7434	-5,7266
-18,5425	-7,4963
-7,3357	-31,1546
-26,8657	-6,7096
-19,5909	-0,3530
-21,0330	-21,7830
-18,2803	-8,0205
-22,8679	-13,1323
-4,8455	-5,4646
-15,7245	-10,9041
-6,0251	-21,1276
-15,3312	-4,2193
0,9216	-13,6566
-28,5037	-15,4259
-5,3041	1,6132
-13,4305	-14,2466
-17,3628	-20,6689
-12,6440	-15,6225
-16,9697	-17,9820
-18,1492	-12,9356
-31,8463	-1,7291
-9,8917	-6,0543
-20,9675	8,5600
-15,2657	-3,1709
-17,2318	-6,3164
-6,0907	2,9242
-16,9040	-1,4013
-0,6510	1,7446
-9,1052	-4,6125
-5,2385	-7,9546
-3,0101	9,8055
1,4461	2,1378
-0,4540	-6,7094
9,0483	9,9368
2,5605	19,2426
-3,3377	2,8588
16,3231	16,2284
2,7569	16,2283
5,3131	21,0779
-2,3547	16,0971
8,4588	16,4248
3,8712	11,2475
17,7648	7,5774
1,6431	5,3492
20,5174	12,6890
4,5267	-12,2802
20,3863	-10,9693
21,6315	-9,2655
9,7038	-11,6904
8,2624	-7,1684
9,3761	0,9578
8,0656	-10,1177
-8,1219	-8,8070
18,1581	-19,4238
1,4462	-17,2608
11,9321	-11,6249
4,7885	-15,9502
27,0707	-8,0858
-2,5514	4,6281
13,7015	-9,9865
3,5435	3,7762
0,1356	2,5964
-4,0584	-15,4257
9,7693	-3,1705
-6,0245	-4,0882
7,2791	-12,9355
5,6408	-4,2847
4,8541	-10,6418
0,0703	-7,1684
-3,0757	-1,0736
1,7085	-5,2024
2,1015	-10,9040
5,1162	-11,5592
-13,7581	-5,2679
3,4122	-2,2533
-20,4428	-4,4815
1,2495	-4,6782
-13,8893	-13,5254
-12,4476	-16,2777
-12,5130	0,1061
-9,6952	-10,3796
-17,2315	6,9220
-12,2510	12,2302
-15,1345	6,3977
-24,1784	12,5582
-5,5006	25,0754
-6,7460	15,1142
2,1670	13,4761
-12,8407	27,0419
17,1094	29,4012
-13,1682	29,4012
13,7672	28,3526
8,9831	16,2286
21,3692	26,3210
7,6724	17,9979
30,6099	8,4297
5,7719	10,1335
12,4565	7,1188
12,9154	2,2690
9,5074	8,7571
27,2022	5,6112
11,9321	6,0043
11,0148	-5,6608
-2,9443	-1,2044
20,7140	1,1549
-4,6484	7,7739
20,4518	0,4339
-5,7626	6,0046
19,4688	4,3662
0,5289	7,9050
20,3206	1,3515
7,1480	8,1017
7,9345	3,0554
5,3133	1,3513
9,7695	3,5141
12,3256	-3,8917
-2,1581	-6,7752
13,1776	-7,3652
7,5411	-15,6226
15,0779	-14,5085
-12,0542	-14,9673
2,7572	-14,8362
0,5944	-20,3411
12,0629	-14,3118
-8,7773	-5,7267
13,4392	-9,8556
-7,2045	-6,1198
-1,3063	-7,4962
-8,8427	-2,1222
2,1671	-3,5640
-6,1558	-14,8362
0,7908	-13,9186
1,1842	-10,5107
-11,0711	-11,1662
3,5435	-18,7028
-10,6125	-4,1538
7,1479	2,5960
-8,1877	-28,9920
10,3589	-10,9039
-13,4304	-9,4623
7,2789	-13,1322
-7,8599	-7,4960
12,6528	-9,7243
-1,6339	0,2373
-4,7141	5,8732
1,5775	-9,4619
-3,6656	6,2013
-3,8619	8,9535
-8,9083	7,2497
-1,0440	16,2937
-8,2530	3,2521
11,0145	17,0802
-5,1073	9,8710
14,8812	-0,1557
-8,4498	9,0195
0,9878	26,9105
18,4201	14,1310
17,1748	15,2452
11,0801	11,3131
14,2257	12,7549
-0,4540	14,5243
0,7910	12,3616
5,5753	12,0995
4,3298	15,3760
8,1966	2,8587
-2,1583	5,4147
-2,4858	-4,6124
-16,3140	-1,1390
3,0849	-1,6634
-8,9742	-14,7705
6,7546	-7,4304
-17,2972	-4,7437
-13,2338	-6,9063
-10,9400	-20,6688
1,5116	-11,1006
-9,3018	-21,9796
7,5408	-17,3919
-10,0882	-19,7514
-7,2047	-16,8021
-9,8259	-16,4090
-13,6927	-16,0813
-4,7795	-14,3772
-9,0397	-1,7945
1,1187	-10,1831
-7,7289	9,9364
8,9174	1,4822
-4,2554	-4,1537
18,3546	3,4486
7,4100	-7,8236
12,5217	13,6722
-4,5173	14,1962
13,4393	-0,7457
4,0677	6,6600
0,9874	16,1625
9,0486	-3,4981
6,0336	7,9052
-7,3353	13,5411
-2,7481	10,6576
-2,0270	5,4146
-12,7096	2,0070
-0,3886	-0,6801
-5,4351	5,8735
7,7377	5,2182
-0,8477	17,8665
7,8031	12,5581
-3,0757	0,8928
16,5193	10,0025
-4,3864	14,3277
1,8395	16,6872
-7,7940	13,8034
6,2304	12,1652
-3,6654	26,6485
-6,2213	19,5704
8,8521	11,6408
-4,7798	10,3955
3,2815	11,2474
-7,0736	17,0799
-5,5660	-3,8918
-13,9547	-16,9987
12,1940	-9,5277
-19,3944	5,0866
-7,5323	-17,9165
-13,3650	-16,0813
-5,9596	-9,3312
-21,6880	-8,8725
-7,0737	-21,7829
-13,0373	-14,2461
-7,4014	-1,1391
-20,9015	2,0067
-17,6248	0,8271
-3,4689	-0,6802
-20,7707	2,9243
-9,1705	-3,3671
-12,1199	-0,8769
1,8394	-7,3649
-9,6295	7,2494
3,8054	-11,4284
-13,6925	-20,5378
9,5071	-3,0398
1,9051	-11,2319
8,4584	-17,8509
2,6916	-15,3605
5,9026	-20,4067
0,6601	-8,8068
-2,9446	-2,0568
17,8960	-8,2826
-6,4180	-4,3504
12,0635	3,9726
14,8156	2,3999
19,2067	-2,1222
8,7209	1,3515
28,3163	11,5748
10,0972	4,0383
31,7897	-10,6417
17,8305	10,1988
42,0131	-8,6758
9,1144	-4,1535
32,0517	1,3512
21,3041	-13,1977
25,9568	-1,2701
12,9155	-7,8894
10,1628	-18,5061
22,0905	-9,7242
-2,9445	-1,7947
16,2578	-16,2780
8,2620	-17,5231
20,5830	-17,5887
-6,6801	-19,0305
10,8182	-14,0497
5,3786	-16,7368
12,2596	-9,7244
-9,1704	-1,2049
7,9998	-27,2879
-4,3208	-2,8430
6,6233	-10,7074
-11,9230	-25,4527
-5,5007	4,9559
-7,3355	6,7906
-13,1028	-1,0735
1,9706	0,8270
-7,0082	-1,5977
-6,2213	1,2203
-10,0881	-1,2046
15,2742	-0,7458
-10,9400	-1,2701
14,1604	-2,9741
-1,8304	-9,1345
20,7794	-12,6734
3,9368	-19,5547
16,5196	-11,7560
2,6262	-5,3992
13,8980	-26,9603
0,0049	-21,9795
8,1310	-9,3314
3,8713	-19,8171
-6,0248	-26,4361
8,3278	-20,8001
0,5286	-22,6351
2,2984	-18,9652
-7,3357	-27,8125
12,8494	-28,3368
-16,5107	-22,2420
3,3467	-33,5141
-8,1878	-25,8465
-12,3164	-24,4702
-18,2801	-27,0261
-4,6489	-19,2274
-19,3943	-20,5380
-8,7122	-16,0159
-14,8068	-17,7854
-19,7221	-13,1979
-9,1707	-15,8847
-9,5642	-10,6417
-9,7606	1,1545
-31,0597	-14,3774
3,2812	-1,9909
-6,2872	-0,5493
6,3613	-17,9818
-4,1899	-9,7898
7,2788	-11,2316
-11,7263	-11,7560
14,2258	-7,4962
4,6576	-12,7392
15,9296	-18,6372
4,4611	-7,4306
-6,1558	-10,7076
4,3303	-20,2757
1,5774	-12,4770
5,0510	-13,0012
-8,6461	-18,7029
16,3886	-13,0012
-10,4811	-18,0475
18,0270	-16,4089
2,2327	1,7442
9,1797	-20,4067
11,3424	4,8247
15,9953	2,0064
11,5390	-11,2316
19,0100	-3,7605
15,0125	-14,5083
23,1388	-5,3989
16,7821	-14,1808
6,6893	-16,9333
19,0103	-16,6712
7,6067	-17,3266
6,9516	-21,4553
-2,5513	-10,7732
7,4102	-18,2443
-2,7480	-15,9505
21,4347	-18,7030
-3,6656	-26,5672
5,1817	-14,9017
-4,7797	-5,7269
2,8223	-19,0305
-14,0202	-15,2293
-3,6658	-3,2363
-7,3356	-8,6103
-13,8240	-3,6950
-21,3603	-3,8916
-9,7606	-2,0567
-5,8940	-2,9742
-18,0837	-6,9063
-3,2725	-9,3967
-19,4599	-12,9356
4,4608	-9,3967
-20,1151	-12,6737
8,6552	-17,9164
-1,6339	-22,8972
17,2405	-16,9335
9,1141	-31,6790
9,0486	-22,2418
14,2262	-8,2829
22,4177	-23,0284
3,2162	-26,1740
19,8619	-18,7029
12,3911	-15,4917
-1,4370	-15,3606
22,7459	-11,3628
2,9535	-10,9695
18,2238	-4,3503
-4,4519	-3,2362
17,1752	-3,1049
-2,9446	15,1138
19,5343	2,2033
0,9876	-1,4010
23,4008	4,3660
9,7039	-0,6801
7,8687	4,2348
2,7573	-17,3264
8,1964	-12,1491
-5,7625	-6,1201
3,6745	-16,0160
-0,8472	-19,0963
-4,8452	-24,6669
3,8713	-21,3246
-2,1583	-35,1527
2,8883	-37,9051
-2,0271	-23,2252
5,7062	-28,4681
-0,9128	-40,8542
23,6629	-34,4316
-6,5490	-13,9844
15,0779	-10,7733
-1,8960	-7,4964
10,0315	-19,2927
-4,3208	-4,7436
-7,5977	-3,6296
10,0972	-10,5763
-2,0274	-6,3819
0,5289	7,1838
-8,6464	-8,0860
-1,6338	-1,8599
-5,5006	-1,8601
4,7231	-6,8407
3,8711	-17,4575
13,5048	-15,6881
-1,4371	-12,6734
24,3184	-8,0861
8,5243	-22,1762
17,6339	-16,8023
28,5785	-18,8996
37,7534	-35,4145
21,3697	-20,0792
27,7922	-22,1110
40,7029	-27,0260
22,5492	-19,3585
21,5011	-27,7471
24,4499	-35,4802
45,1592	-33,1865
21,4350	-25,4533
24,8429	-35,4147
15,3402	-25,3876
28,7095	-22,2420
9,9006	-10,1834
15,3400	-14,4433
5,8374	-14,9673
10,4902	-11,2974
7,8689	0,4992
-9,6949	-7,4961
6,4929	-10,5763
12,0629	-4,4813
-7,2044	-1,7944
-19,5250	-7,3650
6,5582	-10,9694
-16,3139	-5,5956
3,6091	-6,3821
-6,1561	-17,6543
3,4123	-15,0327
-17,4281	-6,5133
5,6405	-4,0884
-5,6317	-14,9672
1,3151	-16,3434
0,7909	-0,8770
-2,9447	-4,6782
8,0001	-12,7388
3,0191	-2,5809
12,0635	-1,4012
12,5219	-1,9911
6,1653	-7,4960
15,2746	-2,8430
25,8914	0,8925
2,1019	-7,2995
23,5977	-10,0519
17,3060	2,3343
19,9932	-10,0521
9,2453	-14,8360
24,1218	-8,2169
9,3109	3,0551
14,6847	-6,7754
13,0465	-29,4506
11,7354	-16,9986
13,3742	-11,3627
11,6044	-7,2997
7,8691	-12,4114
1,5775	-12,3458
13,6362	-3,6953
-8,4495	-19,5548
27,5953	-13,7876
10,8179	-15,0328
13,5705	-14,2463
-3,1410	-14,0496
26,7433	-2,5154
3,8057	-19,8167
22,2213	-0,1559
7,8691	10,0019
20,1896	-0,1560
0,2014	3,9074
3,4780	6,1354
5,1165	-3,2361
9,4416	-0,4836
4,7887	4,5626
-6,0904	-5,1368
5,8372	-5,3333
-15,2000	-14,3119
1,8394	-11,0350
-22,1467	-8,6760
7,2787	-24,4699
-20,3774	-16,9989
-5,4352	-7,3653
-13,3650	-23,4216
-2,8140	-20,1447
-11,5956	-17,6543
-10,4162	-4,4162
-27,6517	-14,5743
-14,2171	-21,8486
-14,3481	-16,7367
-22,2780	-1,2049
-13,6925	-8,6104
-8,6465	-10,7075
0,3320	-12,8045
-13,6927	-10,9694
1,8395	-1,5978
-11,0711	-13,4597
13,3081	3,3175
-9,3672	6,9218
8,8518	-5,7919
-10,0879	-2,2530
10,2936	1,6136
-10,3500	5,3492
1,8396	17,1457
-2,7478	7,8396
-5,2384	6,2670
-1,6991	32,8089
-5,6972	18,4565
0,9222	16,7528
-7,3357	25,5999
2,5604	4,8251
-15,0689	11,3131
8,9171	-5,9231
-19,3287	-10,8381
2,2981	-9,5932
-15,9208	-13,2633
1,9703	-13,8532
-9,1707	-15,2295
-6,5493	-16,4092
-11,5298	-13,9845
-5,5009	-15,7540
-9,7603	-23,6182
-11,4647	-5,0714
-8,7775	-4,8750
-25,6858	-6,9719
-13,2338	0,1060
-16,0522	-8,9377
1,0529	1,0238
-14,6760	8,8881
-7,0081	4,2350
-17,9526	2,8589
-0,9133	7,0531
-15,5277	4,5628
-0,3891	-1,6632
-26,8653	3,3831
-16,3797	7,5772
-10,2191	-11,1658
-21,1639	6,9219
-7,4011	-0,0251
-12,6443	-20,2099
-2,2894	-5,6610
-22,4091	-10,1833
0,5287	-20,6033
-10,3505	-17,7854
3,8710	-15,4916
-16,3140	-4,0886
11,7354	-22,6352
-1,2408	-23,1593
9,3760	-21,1934
-2,5512	-23,5526
15,1431	-26,0429
4,4610	-17,3922
5,7714	-12,6080
-4,5173	-22,6349
-3,5346	-20,5376
1,4464	-12,2802
-14,7411	5,3488
4,0023	-11,0350
-5,3696	-4,2192
1,7739	1,1547
-6,8769	-0,4181
-7,0734	-8,4791
-4,6486	2,2688
8,3273	-8,2169
-15,5275	-10,0519
2,0360	1,8756
-7,7288	-5,0058
-5,7628	-9,0688
-12,0541	-1,4011
2,8224	-4,0881
-9,3016	-2,2530
-14,3479	5,7423
7,8035	0,2373
-2,0928	3,2520
13,3739	-2,3186
-1,8306	2,4656
22,1556	3,1863
-3,7311	3,8418
2,2328	2,1376
-3,7965	-0,0905
18,4199	-1,0736
1,0530	-5,5954
-5,1074	10,4608
-1,8958	-10,5763
12,2597	-10,5104
4,1989	2,2035
5,7717	6,4632
4,0026	12,4269
1,1187	-5,8574
10,7527	-0,6799
2,8224	6,2666
6,5583	13,0824
-12,6439	17,8663
6,3615	1,2204
-12,1197	6,7911
11,8664	7,1185
-2,0275	-0,3525
5,9026	16,2935
-7,8600	-1,9254
-7,7944	-6,2507
-11,5953	-3,1050
-4,7799	-0,0904
-6,8112	-1,5321
1,1839	-2,9740
0,3320	-5,9884
-26,6687	10,9198
2,3638	13,1478
-11,6611	3,3174
6,3615	1,2860
-14,7411	16,2280
13,3738	6,0043
-1,5684	-1,2702
15,2743	-11,3626
0,9875	-8,3480
3,0192	-7,0374
-0,2574	-18,6373
0,5943	-10,3798
-1,8958	-2,9743
-4,2554	-6,3167
-6,2211	-13,2634
-4,9763	-15,2948
0,1355	5,0211
-13,1029	-10,1176
-15,2655	-10,9039
-20,4429	8,6257
-4,7799	-3,4330
-28,7006	-4,8745
-9,1052	3,8417
-16,5110	-3,2362
-16,0522	4,6938
-29,0936	0,5650
-11,5302	-7,6268
-10,2850	15,0485
-9,9574	12,9511
-21,0328	9,3468
-22,0815	-5,0054
-20,6394	16,0315
-24,1131	10,7230
-7,0079	6,2011
-21,1640	-2,9083
-11,3988	2,9243
-15,0692	4,4316
-12,6442	5,0215
-24,9649	4,7592
1,7081	-0,1560
-23,3921	-1,7287
-4,8454	10,1331
-17,3628	-2,5153
-8,7775	1,6791
-8,8429	11,6403
-0,4547	-8,8723
-3,9276	-0,6801
-2,4862	3,1207
-4,3863	-10,3797
-11,5300	-11,5591
9,0484	1,8756
-15,6589	-1,2702
10,0970	0,2370
-12,7753	-8,7413
4,1332	5,0213
-2,6829	-13,9843
0,6595	-11,4937
-24,4405	-5,7266
0,7251	-10,7729
-10,1537	-6,5786
-2,1585	-5,8576
-2,0928	-1,4013
-5,3697	-8,7411
-8,8427	1,7447
-4,7141	17,8664
15,4056	8,8224
-0,3232	9,4125
21,1072	17,3422
4,9853	7,2498
31,3963	16,8181
2,7572	17,8011
33,2969	17,3423
9,4419	17,2767
16,8474	9,4781
22,0905	16,4248
21,3037	16,3593
8,9832	18,9150
12,1288	-0,9423
12,3912	10,0679
9,0484	11,4439
17,3063	-3,7603
-11,0710	19,6360
8,9177	7,7084
-0,5198	6,0701
5,1821	14,7863
-0,4542	9,8056
16,2575	15,2451
0,1356	6,8565
12,5218	2,5967
-10,5467	16,6868
4,8541	2,7276
-12,2506	3,9728
-2,2239	8,4947
-17,2970	-2,8430
-1,7652	1,2203
7,7376	-0,5492
-9,2364	0,1061
0,0701	-9,0034
-1,5031	1,1546
5,5094	-10,0520
-10,6781	-6,1854
-3,6654	-13,5254
-15,1345	1,2856
-0,7164	-9,2658
-11,5957	-22,6350
-3,6657	-19,4236
-14,2169	-12,5426
-5,9597	-11,5594
-13,9549	-18,2440
-29,0283	-2,0568
-10,6778	-7,6272
-13,8241	-5,5299
-22,7365	-2,9741
-15,3967	-3,1050
-6,6803	0,6305
-25,6858	6,0044
-0,1923	3,7109
-20,1808	14,7862
-1,1097	-3,9570
-8,1222	8,4949
4,6572	6,2666
-8,8430	6,2010
-1,2409	-8,4789
-16,5105	4,0386
-10,7436	17,9319
-15,4619	13,1478
-4,0590	4,0384
-6,2871	11,3786
-22,0159	14,9174
-10,2192	2,0068
-28,4385	8,7571
-17,8869	2,9900
-37,8100	10,5266
-5,5662	5,5457
-9,1710	-9,5930
-12,5787	-0,8768
-25,8168	6,1354
-2,2895	-6,7753
-3,5347	-25,8460
-7,7945	-3,5639
3,0847	-11,6250
-4,3867	-8,4137
-2,4856	-12,5426
2,2326	-11,8215
-0,0608	-7,1686
0,5944	-14,5741
2,2331	-14,9017
0,3979	-8,9379
18,3547	-10,7074
-3,2068	-11,0351
9,6385	-4,9402
0,9221	-6,3821
6,4270	-1,9911
-8,1873	-4,8092
19,4685	-11,1660
-7,2045	2,3343
1,9704	10,4607
-4,5175	-2,9085
-5,8940	-16,9329
-3,4689	12,8860
-15,8555	17,5388
-4,7140	-1,4010
-7,5325	8,4951
-1,5684	15,1796
-10,6125	9,8713
11,7353	8,4295
-9,1052	5,2184
-8,3840	20,6192
3,5435	5,1526
15,9295	4,5630
0,2010	3,0555
2,2981	1,8759
-2,5514	2,0724
6,7545	7,4463
-1,3062	3,5139
2,2981	-12,8043
1,3808	5,3491
-4,5831	-0,4839
-2,0925	-6,9717
-8,8429	2,3343
0,6601	7,6427
-0,3889	-5,3988
12,7840	-0,3527
-8,3187	2,7931
11,8664	7,5772
-3,7967	-13,3942
5,3127	-5,9886
-7,9254	-6,8407
2,7568	-7,6271
-2,8792	-1,0080
-0,9789	-10,2486
-9,3016	-5,7265
-13,3652	-4,8746
-15,9863	1,0892
-20,9018	9,1501
-19,3287	5,2834
-31,2565	2,7933
-10,6125	3,3175
-32,9606	0,5651
-19,9843	7,7740
-24,8340	7,2497
-8,9089	0,4341
-23,1301	13,6067
-16,6419	2,7933
-11,6611	4,8250
4,1329	6,3322
-0,5855	8,7571
-3,1414	9,8711
9,6384	14,8519
3,8710	2,6621
6,5584	-1,6631
3,2158	6,9219
20,5175	6,4632
9,8348	1,8757
9,2453	12,2303
2,4950	-7,1683
26,4810	2,7932
-0,7165	11,5094
12,1941	5,0868
-4,4520	8,5602
5,1161	-2,5808
-3,2068	3,9073
1,1839	5,5457
-4,7142	-1,5322
-9,1053	16,2280
-6,8114	13,4099
-17,8871	-1,0078
-5,1074	-1,3355
-17,6906	3,8418
-1,8307	7,9704
-20,6397	-5,0712
-1,9619	-14,8358
-21,2952	7,1840
-8,5156	1,4824
-25,2272	-6,7752
-6,8772	-9,9207
-19,3946	-6,1852
-29,3560	5,8734
-20,0497	2,4655
-12,1859	11,3784
-16,4452	16,0969
-8,1225	7,9705
-5,6319	0,0408
-20,6397	1,9414
-3,5346	9,2812
-10,2849	10,5264
9,5071	6,0699
-7,2046	-5,4644
11,7355	2,7276
-7,5976	0,1717
9,7039	2,5310
0,0703	2,8585
13,9636	-0,3527
13,3085	-7,8237
1,8395	-5,5955
7,5414	-8,8723
8,1309	5,5455
3,2815	-7,6929
12,1286	-13,2632
14,8811	-8,0860
7,6066	-3,0399
7,5412	-8,2826
-2,9446	-8,1516
15,6677	-8,0861
-2,9446	-6,1201
10,0971	-16,9334
-4,6485	-10,7075
4,6576	-9,1346
-9,6292	-3,1710
6,4924	-16,9990
-2,6825	-12,8046
-7,4012	-5,1369
-16,1171	-16,4747
-2,0273	-7,1030
12,9805	-18,8993
-6,1561	5,6111
0,4634	-8,4138
1,3152	-6,9062
14,8813	7,4460
2,3638	-3,6951
22,0904	-4,2848
16,3886	-12,6078
29,2337	-7,9548
19,9278	4,1038
38,6054	1,0234
20,9108	-15,8847
36,3117	4,8903
27,5956	-6,2510
33,8869	-7,9547
20,8455	-7,4305
24,9741	-0,9424
27,2680	1,6134
12,0634	-5,7265
14,0298	-6,8405
14,9470	1,6135
30,1513	1,8100
5,4442	-8,8723
12,4567	4,6281
0,3325	0,4337
26,4156	4,8902
7,5413	-9,6588
14,6847	-20,6030
10,2283	-8,1512
17,8959	-3,8916
11,2113	-2,6464
4,3299	-9,5277
3,9372	-5,2022
12,5219	6,7252
9,8351	-2,5155
0,5289	-12,6734
11,7356	-12,6078
4,8542	-11,6904
18,2890	-15,6881
-4,5831	-11,5594
12,4563	-10,3143