-25,0118	-4,5086
-24,0288	-20,3680
-41,2649	3,4216
-24,2907	2,1106
-31,6311	-8,6370
-13,0843	3,7493
-37,6602	5,8463
-10,2006	9,9096
-26,7157	13,5795
-3,3193	6,7639
-16,8855	7,1572
-18,1305	3,6837
-29,5991	9,7132
-11,6427	6,0429
-40,2816	-5,4912
-23,8978	3,2250
-25,9293	3,6181
-35,0392	-3,7218
-51,0949	0,3414
-38,0536	5,3874
-31,8277	-12,5039
-58,4353	-8,2440
-29,8614	-12,7661
-37,9882	-15,5187
-27,1747	-20,6960
-49,5880	-23,7762
-27,8955	-16,5674
-41,4616	-19,4511
-43,6242	-28,4294
-36,1529	-31,1820
-40,4132	-40,4223
-37,0050	-35,5073
-42,7725	-34,5244
-37,4637	-43,3716
-31,6969	-29,9369
-36,6774	-28,1021
-40,1509	-54,0542
-33,0072	-40,6193
-48,8670	-29,9371
-22,2592	-45,6658
-36,7428	-52,5471
-15,8369	-62,1808
-40,1507	-61,3288
-32,0897	-54,6443
-50,3086	-69,3243
-23,8979	-58,5110
-35,3667	-66,0477
-43,7555	-68,0136
-39,4954	-62,1811
-49,3918	-66,1788
-46,2457	-65,3923
-55,1590	-52,4817
-52,9959	-71,9459
-59,8119	-51,4985
-37,5951	-49,4672
-59,2223	-64,1470
-41,3962	-49,2702
-56,3385	-45,7316
-46,9668	-65,6542
-70,0354	-52,4160
-35,5635	-63,6882
-54,4380	-44,2241
-48,0155	-53,7925
-69,2489	-70,5039
-56,0109	-64,6057
-67,4139	-59,2974
-58,6981	-73,1255
-68,9869	-63,7538
-67,6764	-59,1010
-58,8944	-68,9968
-73,9678	-64,8025
-55,4866	-65,9168
-70,2978	-71,9460
-57,5837	-82,0387
-77,1135	-84,3322
-51,1613	-74,6987
-74,0335	-94,6215
-72,3297	-83,0873
-96,2501	-100,0613
-87,5996	-110,7435
-90,7454	-103,0759
-105,8189	-92,3938
-108,8333	-118,3461
-111,7173	-114,1518
-120,6299	-114,9383
-115,5185	-122,9337
-114,9941	-125,6863
-121,8754	-135,3855
-103,0011	-119,7880
-126,0043	-122,2131
-103,1322	-136,9586
-123,6450	-132,2399
-104,2464	-135,1238
-126,5284	-135,3204
-107,9163	-141,5465
-115,1906	-160,5518
-113,7491	-151,5736
-120,5644	-165,8606
-114,3388	-171,7588
-108,1781	-172,6109
-116,3704	-166,9748
-113,6832	-166,2539
-114,0111	-170,1206
-109,3579	-167,4334
-125,8730	-155,6370
-96,3818	-157,9962
-123,9071	-161,0763
-99,7244	-144,8887
-121,6789	-130,3401
-112,9627	-152,0979
-128,4945	-150,9835
-118,9265	-152,7530
-121,4166	-155,3745
-117,2882	-144,4956
-123,6447	-162,6491
-122,7275	-159,1758
-122,3341	-159,5691
-130,8540	-167,0403
-119,3850	-172,4143
-144,6822	-172,7422
-128,2325	-185,3250
-144,1580	-190,6990
-130,9198	-193,9759
-152,1535	-197,9737
-136,0318	-196,9253
-145,4690	-223,6640
-139,2433	-215,1443
-165,7850	-225,4337
-156,0203	-230,3489
-158,5106	-237,6236
-158,1832	-255,2527
-157,0032	-235,7232
-169,4552	-256,6948
-147,3039	-272,5542
-161,7222	-251,7796
-154,0540	-255,3843
-167,9479	-269,4744
-144,9446	-262,8554
-164,9334	-279,5672
-161,3943	-277,0112
-180,5308	-273,0793
-146,2557	-300,0145
-162,3777	-286,8416
-173,9123	-277,3394
-197,7012	-296,9346
-172,9947	-301,6531
-192,5243	-299,9493
-202,8792	-297,5900
-204,9105	-312,6633
-213,1029	-313,9741
-205,3040	-307,4205
-224,8995	-305,0615
-212,1198	-317,7100
-220,8364	-321,0523
-209,1711	-331,2105
-227,9798	-331,5382
-221,8195	-340,5822
-222,1471	-341,8929
-204,5184	-335,5361
-239,6452	-351,9202
-214,1520	-369,8768
-226,7348	-351,7236
-231,7811	-367,8456
-221,4919	-379,5764
-242,3981	-365,5519
-229,0286	-381,5430
-247,1824	-378,7248
-239,3833	-387,9001
-251,3768	-405,9877
-251,7043	-389,8005
-264,2217	-391,4393
-246,1995	-408,4129
-281,5233	-404,6121
-253,8672	-421,2582
-272,1518	-427,9427
-260,5522	-422,7657
-274,8388	-431,6131
-262,1251	-431,7443
-272,4140	-444,6549
-271,3657	-466,2162
-275,4941	-447,8662
-293,9754	-447,0146
-273,5935	-470,5421
-284,0141	-478,1442
-282,6376	-472,7704
-294,8274	-485,4845
-271,4966	-483,2563
-287,8807	-491,5795
-263,3702	-500,0991
-278,8367	-503,9657
-253,7365	-506,7183
-280,5403	-500,9512
-247,7726	-511,8958
-261,6658	-505,9320
-253,4741	-498,3955
-264,2870	-513,1412
-256,6850	-501,5412
-246,9856	-509,1435
-254,9813	-527,1002
-242,7914	-516,8766
-268,5471	-515,6316
-243,7744	-515,0418
-266,1223	-519,3673
-238,9905	-538,4381
-266,3190	-520,1535
-248,2966	-520,2191
-263,3044	-527,4279
-252,2945	-506,6531
-275,7559	-513,6655
-250,7215	-504,0971
-246,4616	-502,9831
-256,4232	-513,2065
-243,7744	-510,0606
-262,5178	-495,1186
-240,3662	-509,2088
-242,0051	-490,5964
-245,2812	-492,3661
-243,2498	-490,0721
-219,7224	-489,0892
-232,1742	-502,0651
-199,2098	-479,7828
-233,8782	-477,8824
-204,8457	-503,5066
-219,0014	-466,3477
-207,6638	-459,4668
-224,1785	-475,7192
-203,1417	-470,6071
-215,5932	-449,8324
-210,2850	-439,6088
-212,2507	-432,2686
-205,6318	-440,5914
-193,7041	-427,2875
-207,4011	-410,2483
-179,0895	-409,9860
-201,2408	-404,1533
-170,5042	-405,9226
-195,6701	-396,9441
-179,9413	-389,9972
-192,6552	-395,3057
-165,2614	-390,7179
-183,0215	-368,0426
-167,9484	-369,4188
-181,8417	-365,7485
-172,9945	-368,8942
-172,7322	-367,9764
-175,4194	-347,7914
-166,1129	-340,3859
-172,0770	-346,2841
-164,9332	-356,5731
-173,9775	-357,8836
-152,6125	-335,3394
-168,7345	-354,4761
-157,7243	-351,0024
-162,5739	-337,9609
-143,1757	-345,9563
-171,4213	-347,5945
-136,7529	-346,4804
-163,7537	-346,2838
-157,2001	-339,0092
-158,4450	-322,8875
-152,9403	-332,9143
-158,1171	-324,1979
-149,5323	-313,1223
-135,5728	-306,0444
-147,2384	-301,7844
-135,3758	-309,7139
-142,2573	-277,4047
-117,2879	-279,1742
-124,8247	-286,2517
-105,1638	-267,1153
-111,5864	-261,4136
-103,2634	-270,7196
-131,2469	-250,1411
-107,3264	-249,8137
-109,2925	-247,6506
-133,8029	-227,7280
-123,3167	-252,5004
-102,5424	-245,0946
-114,3386	-232,3808
-117,8775	-235,7230
-92,2528	-219,8633
-104,2462	-224,9096
-91,0077	-231,6595
-104,5082	-206,1662
-83,8643	-219,4043
-104,4426	-212,2607
-87,8621	-209,3772
-105,4911	-222,0253
-78,3595	-194,4348
-104,1805	-210,8187
-94,6778	-201,1193
-89,2382	-191,0269
-94,0880	-205,4446
-88,5171	-191,0921
-94,4155	-173,7908
-78,0967	-176,0189
-82,3568	-174,8390
-66,5623	-170,1205
-90,8108	-166,9091
-56,9940	-154,8505
-79,4731	-162,4525
-62,8923	-151,7701
-74,6234	-152,5566
-69,9704	-163,0421
-80,5871	-143,5779
-68,8563	-144,2334
-84,9778	-143,1847
-56,3389	-137,6142
-70,5600	-151,5077
-64,5310	-131,6502
-69,9700	-137,6798
-70,2979	-141,9394
-58,3702	-130,3395
-87,4682	-126,0799
-60,9915	-129,1600
-75,9340	-130,6672
-60,9261	-131,5192
-78,4243	-126,8005
-51,4889	-120,5748
-67,4798	-129,0944
-57,5838	-126,7350
-59,8117	-122,6718
-36,6123	-133,4197
-58,3700	-120,9678
-51,6853	-118,2809
-46,5078	-121,9508
-50,3746	-120,6401
-38,9056	-132,1087
-34,7772	-122,2782
-41,3305	-105,9599
-54,6999	-115,8558
-30,1237	-104,1248
-44,0177	-95,6708
-40,9372	-102,4862
-45,1971	-96,5880
-30,7139	-98,1608
-48,6051	-88,7235
-37,6607	-89,1823
-56,9937	-94,1628
-47,0323	-80,8591
-52,0130	-74,3711
-53,1928	-90,7549
-48,3430	-71,2252
-55,5521	-80,5315
-50,8332	-81,2522
-53,5206	-60,2808
-38,1848	-81,5800
-54,8311	-72,2737
-26,3227	-78,3031
-40,2165	-75,6815
-23,1116	-69,1280
-37,4637	-89,9684
-20,0967	-68,3414
-27,1090	-70,9631
-14,5917	-82,1696
-25,1427	-73,8465
-17,1475	-71,2907
-20,2928	-92,1965
-21,9972	-62,5087
-27,4362	-60,2153
-24,4219	-76,0092
-19,6376	-62,1156
-22,8492	-68,0138
-20,3586	-62,1811
-35,6940	-63,4919
-11,7079	-67,9481
-27,9610	-59,4940
-13,6741	-52,7438
-20,6209	-57,3312
-13,8708	-48,7460
-15,7057	-51,0396
-18,4584	-51,5638
-35,1696	-36,1630
-12,6912	-54,0542
-32,8759	-35,7695
-23,6356	-35,3765
-38,7741	-38,3256
-25,2741	-34,7866
-28,2886	-41,1437
-43,6242	-42,0611
-35,1044	-37,3425
-41,7238	-44,8792
-31,5002	-37,2769
-50,5710	-35,5077
-32,4178	-49,4667
-47,7530	-45,6000
-32,9420	-46,3210
-44,4761	-44,0928
-33,9251	-52,5471
-41,2647	-67,2925
-19,9659	-53,0057
-35,9562	-50,3846
-31,7621	-62,6396
-11,3147	-57,1346
-25,9950	-57,9211
-12,3632	-55,3651
-33,5315	-45,2071
-18,5889	-53,0058
-22,5213	-44,4860
0,4162	-43,3718
-26,6501	-42,5197
-12,6909	-26,0046
-18,9168	-24,6939
-11,3804	-30,2643
-30,9753	-23,2520
-21,1451	-32,8202
-24,4872	-25,6767
-25,0119	-10,2759
-21,9314	-25,2837
-24,5531	-19,7786
-18,9168	-17,0918
-36,0219	-24,6938
-25,2082	-16,3708
-38,3811	-24,6940
-20,2277	-35,5072
-33,9903	-19,4509
-20,4901	-18,5991
-49,2601	-15,0600
-22,3251	-10,0139
-34,3836	-32,5580
-38,1848	-1,9526
-39,2331	-5,4264
-32,4832	-26,7908
-33,5970	-1,8217
-43,4275	-30,0677
-32,4827	-26,3318
-20,0969	-13,8147
-15,9022	-28,2326
-19,1136	-6,2780
-7,4481	0,5375
-30,1233	-25,2836
2,7102	-18,0090
-16,7540	-8,7685
7,8875	-20,4339
-15,3121	-21,4170
6,9043	-38,0630
-16,9504	-17,9436
-1,8774	-25,3493
-6,0715	-37,0145
-12,0355	-28,3639
-18,9821	-31,3786
-24,7494	-29,6090
-8,4308	-27,0531
-18,5237	-23,6452
-12,9528	-19,1232
-26,3222	-13,8803
-2,0085	-16,6327
-22,7179	-5,0983
10,7709	-3,9189
-10,9871	-18,7952
3,6275	-3,0010
-18,1957	-10,6033
7,2974	-0,8383
-11,1834	3,0937
-8,6276	-5,5570
-13,6080	-9,0957
-18,9167	-0,1831
-11,6420	5,6498
-16,2953	-0,0519
-12,8872	3,3561
-17,9993	4,7323
-8,8897	15,4147
-19,4412	-3,7218
-6,4649	11,0241
-24,6184	25,6383
1,3338	18,8882
-21,6692	6,7642
-3,9746	17,1844
-12,8217	8,7958
4,8072	16,5291
-16,4916	12,5314
-4,4331	13,7764
-4,8262	12,4657
0,4820	14,7595
4,1523	20,0023
-10,2002	22,6237
6,4461	8,2058
-8,0374	19,6091
16,2763	14,9560
-8,8895	14,5629
14,9656	21,5752
-5,0885	7,0262
14,1790	20,7234
-10,0037	8,7302
3,1689	9,2545
-13,2149	8,7302
-4,4333	0,4072
-3,7123	9,3857
-5,7441	15,6113
-7,8410	0,4726
-9,8072	16,9875
1,2031	12,2034
-13,0184	4,2080
10,4437	5,6498
-11,1834	0,4069
8,2811	8,7955
0,1544	3,3559
23,1574	-6,4089
11,4920	-6,3433
11,2953	-3,8529
-6,4645	-18,9916
13,4581	3,6838
4,6764	2,1107
11,0333	10,5649
-1,9425	2,7007
-0,3699	7,0917
5,3975	17,5774
-7,6444	24,1309
8,8054	4,0117
-14,0669	19,2159
9,4607	15,2837
-3,7778	11,7449
10,4435	19,8712
-14,1980	6,7641
17,3903	17,7740
-0,9599	0,4070
4,4140	11,3516
-2,4015	5,5188
-6,7926	4,8634
-15,1808	-6,9985
-8,6276	11,9413
-1,0908	3,7492
-13,0843	2,3729
-15,3776	14,1693
-24,0942	0,6689
-9,4794	-4,5082
-16,4920	-1,5592
2,5790	-0,4450
-16,6886	1,7176
15,2273	-5,4912
-27,6330	0,8657
-3,7122	2,8973
-2,2705	-5,4255
5,2659	16,3322
-14,0668	8,9920
9,6568	-1,1002
-7,4479	17,5119
-7,1858	11,8101
-0,6321	4,4703
-6,4648	21,1163
10,3781	15,5457
-8,1032	11,4826
19,0289	13,5797
-4,0398	8,5335
12,0168	13,7109
6,4461	18,8881
34,8886	3,9461
7,7567	16,2013
24,0097	12,8589
5,5286	23,4758
21,4537	16,7254
11,8857	10,9583
6,6425	22,2305
15,2280	15,2180
0,8096	-2,1489
-1,6148	12,4001
-7,4479	5,5842
3,0380	5,3878
-13,0185	0,9967
1,9892	-10,4721
-21,5382	2,3730
-3,7124	1,1931
-21,0140	-15,9771
1,7269	-23,3826
-24,0941	-8,8993
8,0839	-7,1297
-7,9068	-3,7876
-11,1835	-13,4212
-10,0036	-0,4450
-8,1032	1,7177
-1,0907	4,6669
-11,3145	27,8664
7,2324	17,1184
-23,9630	2,6354
-0,2386	10,5653
-14,5258	19,4779
-4,6953	10,7617
-16,4919	27,7355
-3,5158	15,8078
-16,0987	5,9121
-6,0063	10,8928
-19,1132	8,2058
1,2026	1,1281
-10,3971	12,8588
-17,9339	1,9142
-20,4894	8,7955
-14,7881	-6,2777
-16,1641	-3,0009
-14,3950	-2,4112
-13,9359	-5,9502
-31,5655	11,2203
-17,5405	2,6349
-27,5022	-4,7705
-20,1622	10,8925
-46,0488	0,5378
-11,8392	3,0284
-36,2186	2,0451
-23,7668	-3,1321
-38,4466	5,6497
-19,0483	-2,4113
-31,6309	1,9798
-28,8784	1,1275
-28,4193	-9,8167
-24,4876	-2,6076
-6,0060	1,9797
-15,7058	-1,6247
-19,9652	3,4872
-18,8512	7,4193
-5,3507	-3,3284
-23,9630	14,5628
-4,4331	4,9945
-23,1766	18,3641
-1,9430	14,9560
-17,8026	2,3732
-3,3194	22,4273
-23,1109	24,8517
-6,2684	-6,4086
-24,7494	14,4318
-21,1449	12,9242
-14,5256	-0,2483
-13,8052	6,1742
-13,3461	12,7277
-30,4511	7,6814
-19,5064	8,1403
-26,8467	10,7616
-3,9089	6,5674
-19,8345	15,9388
-11,3146	5,3223
-15,1157	20,0023
-9,8073	14,9559
-16,1641	13,0555
8,0840	23,2791
-7,9066	11,5482
-3,0571	18,2984
-8,6928	15,9390
-4,8265	5,4534
7,1669	17,1188
-7,7101	13,4485
-6,2679	13,0554
-2,3361	10,5650
0,0890	11,6790
-14,5911	0,6691
0,4167	13,5795
-4,6297	1,5208
11,9507	15,2836
-20,8826	-6,0157
6,0525	7,4849
-15,2467	8,7298
0,4818	-1,7557
-18,3269	-1,7557
-13,9362	0,5380
-15,4433	-9,1613
-27,1744	3,6839
-15,0500	3,2250
-24,4219	6,0429
-10,5937	8,0746
-32,9415	12,4654
-2,3362	5,9120
-37,9878	7,6814
-4,8265	10,1064
-22,7836	16,1357
-14,1328	15,0215
-27,3054	-0,7071
-19,8345	10,2376
-29,2713	7,3538
-17,2132	-5,2290
-17,9338	0,8004
-30,7791	4,5357
-23,7008	20,5921
-33,5970	19,4122
-12,4286	1,3901
-28,1575	21,7063
-5,2197	24,0654
-21,0139	19,0848
1,2027	12,2038
-28,6160	26,6871
-1,2219	28,1946
-17,6060	35,7968
1,3338	35,2724
-9,3485	40,9742
-10,1350	37,7628
-5,4162	28,5881
-14,3295	36,4523
-9,4794	33,1099
-23,8977	40,5809
-12,8873	34,1583
-27,3714	23,9347
-27,5020	44,4474
-43,6240	39,9905
-25,0772	9,6478
-40,7405	22,2962
-12,7566	10,5651
-40,0852	10,8273
-17,9994	6,4363
-28,8784	-1,9524
-5,5478	-2,4767
-16,4921	-4,1808
-24,3565	-12,5039
-15,6398	-9,7514
-14,3295	-23,8417
-18,5890	-28,0359
-29,6647	-9,3583
-10,7901	-23,2520
-26,4536	-8,3752
-5,4163	-23,9074
-29,5993	-23,2517
-11,2490	-4,7052
-33,3348	-13,2249
-9,4141	-16,6981
-27,3710	-3,1321
-4,1059	-9,9479
-31,7619	-3,7874
-11,5770	-0,7730
-18,6547	-4,1152
-15,3783	-0,4451
-23,1110	-0,1830
-21,4729	-10,2101
-2,2052	-1,4937
-18,6550	-7,0643
-8,6274	-11,5208
-26,1257	-18,0089
0,2854	-6,0814
-22,2591	-5,6228
4,2176	-9,9482
-8,3000	-22,8587
4,6106	-15,5186
-7,7756	-13,0282
0,4162	-15,0599
-15,2465	-6,3435
-6,5306	-4,3774
-12,2320	5,9773
-17,5405	20,8540
-5,8749	2,9628
-13,8706	6,3710
-20,6205	36,0585
-18,7201	13,4487
-9,6760	14,6942
-30,9754	29,9639
-11,5109	25,7695
-21,4071	24,7212
0,8750	12,3350
-32,5483	29,3742
-10,2006	30,8158
-23,8321	11,5485
-9,1521	25,3765
-21,5383	11,8760
-19,1791	22,5584
-17,0817	17,7739
-23,4389	10,4341
-18,9821	20,4608
-25,9290	10,1715
-0,5010	-10,2099
-18,3270	3,9458
-7,0545	1,5207
-15,7053	-10,1446
4,9385	-11,9795
-12,0353	-14,4699
26,1065	-9,5546
-2,2051	-1,8216
15,4897	-11,5862
10,0503	-3,9840
7,5599	7,4846
-2,2701	-4,1807
8,1499	-3,9184
8,2812	-4,8359
10,9023	0,0793
6,9050	3,0284
2,5138	7,8125
17,3907	22,6236
4,2831	13,6450
13,8518	7,2227
3,0380	5,0600
20,6673	11,0237
4,6763	2,1107
16,5383	-12,5038
-2,7292	-14,7318
5,1350	-1,1005
-3,6467	-18,9265
5,5280	-24,4313
-9,8071	-2,7391
-15,7712	-13,4872
-16,2950	-19,6474
-10,0695	-15,1255
-0,9599	-18,5334
-19,0479	-17,4192
-4,3019	-14,9944
-12,8875	-12,7661
-0,8286	-7,7853
-12,1663	-11,6521
19,2908	-19,9092
-7,6444	-0,6418
5,9871	-4,7051
0,4821	6,4362
10,5744	15,9388
-5,9405	2,8318
2,9067	12,7278
-13,8702	13,1209
-8,6275	-2,6729
1,0718	13,7109
-15,8366	10,7616
-12,8215	10,4995
-13,5427	7,0916
12,9339	4,4701
-10,6592	9,0576
21,5191	8,6643
-9,4795	-8,1783
9,5917	6,8950
2,5793	-1,4283
18,7010	-9,8166
4,4144	21,3128
15,3587	6,0427
13,8516	-4,6393
8,4118	7,1570
5,0043	-9,3579
0,4165	16,2012
0,5480	8,6641
-11,3798	-1,8869
21,3228	-2,8043
-1,8118	2,9627
12,6720	1,5864
3,3657	-1,1660
17,8492	-2,4111
6,3803	11,4169
8,8707	13,3828
-5,3503	-8,3093
14,6378	-5,2290
-1,6804	0,3415
4,0208	13,0555
4,5455	19,4777
-19,9652	-1,8213
1,7275	2,5043
-7,1203	12,9898
-4,6296	6,7639
-14,7879	13,2519
5,5285	13,5796
-11,7076	1,2589
13,6549	3,7494
-0,8287	9,8441
9,9848	17,4463
4,6765	7,9436
19,8151	2,7008
-11,5763	22,6894
9,7883	15,6113
4,0868	12,9246
12,4096	13,0555
2,1862	10,2376
-1,9428	29,6361
3,3658	25,2451
-14,3947	5,7157
1,4653	30,8813
-19,5721	21,7062
-10,3312	15,3494
-16,1641	19,1505
12,0162	17,9051
-19,0478	18,9538
7,5598	21,2475
-5,8095	7,7471
-3,8435	16,6601
-19,7029	22,8858
1,5304	6,7641
-10,8557	11,2206
-10,6592	7,0262
-13,2150	21,5753
-21,4727	24,3930
-14,1979	12,7278
-17,2785	14,3007
-13,7393	20,7886
-24,4873	10,6961
-2,5982	12,2035
-20,6208	9,0575
9,6570	-3,8528
-13,2806	7,0262
14,4411	-9,2924
-11,9697	4,2081
14,9000	10,1716
7,1670	-19,0572
13,0652	-3,7216
15,6868	13,4484
13,3929	-3,0011
24,7309	1,4555
9,7883	-5,6880
22,7649	2,1108
1,2687	4,8631
19,0946	-11,7828
1,0065	4,0114
23,7475	8,8607
-8,2341	-16,3047
16,4729	5,4533
0,4166	-0,5107
5,7249	-6,0810
1,2686	2,9628
16,8660	-7,9161
0,9410	3,1594
11,9509	-7,9163
10,3782	-4,6393
8,2808	-0,6419
11,1647	-6,1468
0,2856	5,1908
13,1309	-5,1640
8,3465	-9,0961
28,5972	-15,8462
1,5965	-5,4916
24,5996	-11,7177
12,4098	-22,8586
26,6312	-13,5526
13,7205	-23,1864
20,5361	-23,6452
4,0214	-42,8471
13,9824	-24,0382
-1,6148	-16,7640
8,9361	-21,1550
-5,6125	-13,2905
-8,9551	-12,6352
6,1839	-16,8293
0,4163	-11,7173
-8,8238	-1,4282
-16,4917	0,0136
18,7667	-2,8044
-10,3314	-0,9692
16,1453	9,0578
-1,2873	16,7253
14,0481	-3,0663
-0,4353	10,6308
16,1452	4,8634
-0,5007	7,6162
8,3465	7,2882
0,7445	-3,6561
5,5939	-5,7532
0,2202	15,8079
-13,8701	10,8269
13,0653	1,3900
-1,6152	6,5016
2,6450	-7,3920
-10,4623	-5,5568
12,6717	-3,3944
-13,5426	-6,0157
12,9993	-13,2903
-14,5913	-15,3219
9,9191	-2,9356
-17,4094	2,1760
-9,6761	-12,6350
-12,8873	-9,2270
-13,6084	-11,6517
-9,4794	-3,3286
-15,7712	11,6134
-14,2635	2,6349
-23,9631	7,8781
-3,6467	8,6643
-16,5575	-4,7048
1,7272	9,7130
-15,2467	1,7175
11,0333	1,1934
-8,6274	-1,1660
15,8829	-1,7559
-6,7924	-3,3287
10,9022	-3,0668
-1,0251	-15,5184
3,1033	-2,8700
-15,0497	-11,7174
-4,3678	-11,1275
-13,0838	-1,6905
-23,3078	-8,7028
-18,5889	4,0767
-29,4682	-9,0961
-12,4941	-9,2925
-26,7157	-4,7051
-0,8945	-9,5547
-35,4319	-9,7512
-8,3654	-2,0835
-21,4072	8,0744
-8,6277	-2,9355
-18,1302	-12,7658
-3,4505	-12,8967
-10,3969	6,1742
-17,2129	10,5648
-18,9164	-15,4527
-9,2175	10,3030
-1,4184	-5,3603
-22,9144	8,9267
3,6281	15,7422
-4,3021	-6,4743
13,1308	8,2058
10,5091	10,0408
18,6358	8,9266
12,2788	14,7594
33,9712	9,9752
16,8663	4,9290
33,5124	0,8003
20,6020	11,9413
24,2719	19,4777
17,8496	0,4724
20,7329	4,5358
13,1310	13,9074
7,2325	5,4531
16,9320	-5,5568
-11,5764	6,1086
4,2836	3,8147
-4,6952	0,8002
10,9023	-3,3943
-8,2343	-4,8360
16,2107	-8,3094
-11,1178	4,4044
19,3563	-12,0451
-10,4625	-2,4768
10,7711	-9,8170
-12,2973	-13,5523
7,4288	5,1251
-0,8286	1,7829
-4,9574	-5,8193
-16,2293	-9,1614
-1,0908	-10,2099
7,4945	-6,4088
-13,2804	7,7469
11,2956	0,7344
-21,1448	-6,6710
5,5285	0,2758
-10,0037	-3,1320
9,0017	13,7761
-1,6807	-3,9842
5,7903	-0,2485
1,5963	2,0452
6,2489	4,7977
-6,3991	-3,9841
-7,3167	-10,5377
4,1521	-13,0934
-9,5451	4,9289
-0,4352	2,2418
-6,5959	8,1399
2,4483	7,2226
-6,7269	-13,1589
14,5068	8,2058
-12,6252	8,4022
8,4120	5,2567
-5,4818	13,5141
0,2198	2,3730
-7,1855	5,5190
7,9528	16,2010
-13,3460	5,1912
-3,6469	6,3708
-7,5787	3,0940
-10,8559	13,9072
-10,0035	-3,7218
-19,6378	1,4557
-14,1976	4,0769
-21,9315	11,6134
-1,3528	-0,9694
-11,9699	16,2010
6,1836	15,1523
-10,7902	0,7346
17,3903	1,3246
-6,3338	9,4510
14,1790	13,4486
-2,6636	6,1741
10,7055	2,1111
-5,2849	21,4442
2,5136	18,6259
-0,5663	5,4533
-6,5304	5,7810
-2,7944	-2,9353
3,0378	4,2080
8,5432	-5,3604
-6,2681	-6,4744
17,0628	-6,2779
-7,3166	0,4067
16,9317	-9,3582
-0,5664	3,5525
23,4198	-0,5764
11,4265	-0,9695
16,8660	-11,7174
-9,3481	0,3414
8,7396	0,9967
0,4821	-4,7705
-13,0840	-8,3092
-11,1830	14,7594
-6,0061	7,9435
4,4799	-0,0516
-11,5111	16,8565
13,0653	7,7469
0,6786	11,2861
14,4415	20,1333
4,0867	11,0893
28,8593	12,8589
6,6427	19,9368
22,5679	13,1211
16,7353	4,8636
14,1136	8,6647
2,5141	29,9637
13,7203	9,3200
-5,0227	3,8150
-14,7879	10,5654
-8,5616	24,5243
-6,2684	12,2691
-20,8172	25,7040
-25,8634	13,3176
1,3340	5,0602
-23,3078	17,6430
-3,9089	15,0869
-6,8582	10,6962
3,1033	15,2835
-18,6545	5,4532
6,9045	7,8126
-10,0037	-3,1320
-1,9430	2,5042
-9,3482	11,7447
-3,5814	0,6036
3,2347	-1,6246
-8,6277	8,2711
-7,9719	0,0138
-8,1032	10,7616
9,0019	6,2394
-8,2343	-1,0350
12,0165	2,5039
-13,0184	-4,7050
9,9851	0,8000
-0,1076	-1,6250
29,1212	-12,5694
-1,8772	-2,8701
20,2085	-8,6373
3,6279	-15,6496
2,1205	-9,7513
-2,1390	-10,7998
4,9384	-7,9818
-4,6951	11,0890
-24,6184	-0,0521
-4,4329	2,7662
-4,4992	7,7469
-21,2760	-7,3918
-31,1720	19,2813
-17,8682	8,4677
-21,4074	3,3563
-6,1376	18,0361
-26,1916	9,1887
-14,4606	9,9754
-27,7642	11,4824
-17,2786	-6,4087
-16,1642	17,9707
-7,8414	12,9897
-8,6929	7,0917
0,5472	7,6815
-0,8941	8,1403
2,1858	11,4171
12,2786	25,7038
-5,4163	-2,2144
10,5749	12,9244
-13,8702	3,0284
13,3274	4,9290
-2,0737	15,0869
22,7644	13,5139
4,5454	-2,9354
21,0604	-0,0517
7,9533	4,7323
11,7542	5,1254
10,3783	1,0623
6,7735	-5,2290
12,7375	8,0092
2,3825	5,5842
-0,5006	6,1741
-7,6443	22,0994
1,9896	18,2326
1,7271	12,2035
7,2978	30,4225
-11,5110	21,1820
9,9193	20,5922
-0,9597	18,6262
15,9485	22,3617
2,9069	24,9831
20,8636	16,0703
-8,6273	12,2037
4,5452	20,0023
-7,0544	10,6307
-14,0670	6,1744
-14,0012	7,9437
-23,8319	5,3222
-8,7585	5,0601
-21,8006	7,5504
-11,5111	2,1109
-31,5653	6,1740
3,0378	4,6012
-22,3903	14,0384
-7,9723	4,3389
-23,8974	-2,7388
6,3145	7,2883
-29,0748	10,8925
5,3971	-11,0618
-10,0693	2,3730
-8,1689	-15,5183
-11,2487	7,4848
-6,0717	5,5840
-8,6273	-5,5571
-10,6592	1,3899
-5,6782	6,1083
-19,7686	-3,9185
3,8245	1,0622
-13,6083	12,7276
10,7711	11,8756
-19,2444	4,9945
-1,3530	-7,1950
-20,9482	15,0216
3,2345	11,2204
-14,7878	10,6307
-3,9090	10,0408
-6,3335	10,6307
1,2683	18,0362
3,8901	15,2836
-6,2683	8,7300
-12,8213	7,0916
5,1352	9,9752
12,6064	-3,2630
3,6278	-1,3625
13,4583	-1,1006
-11,1831	-9,4236
20,0119	-10,6033
-0,1732	-24,8901
6,0526	-11,4552
-3,3187	-9,4238
19,2253	-21,5479
11,5577	-16,7638
8,8050	-23,1863
-1,5493	-27,5770
7,2322	-15,2563
-1,0250	-19,5164
-5,1540	-24,9556
1,4655	-0,1177
-6,6613	-21,8757
12,8687	-10,9965
1,5308	-5,6229
26,8276	-15,1909
-1,5494	-4,5741
23,0265	-17,9434
-2,5323	-18,2709
21,9124	8,4676
11,4922	-3,0013
11,4921	-4,8361
-7,1852	-4,1152
4,2832	-7,6540
0,8100	-5,3602
-11,2488	10,1063
-4,8916	13,9727
-18,9822	7,8125
-1,8770	5,7810
-14,4603	18,3638
-3,1879	19,3467
-19,1789	7,4194
-9,8726	17,3153
-17,0161	23,6722
10,0501	4,4047
-18,9823	5,3223
3,9554	14,4973
-9,6761	14,4972
11,2952	3,7493
-9,2174	5,3222
-10,0695	4,5359
-8,1031	12,0068
-16,5578	-3,7217
-11,9042	13,5797
-20,6865	13,0553
-9,6106	4,9289
-23,1768	5,5843
-7,5136	1,9142
-35,3663	10,8272
-0,5667	7,6158
-27,0435	-0,6416
-9,4796	8,1401
-13,6740	-8,3094
-9,1521	-15,2561
-4,6955	-1,8213
-17,0162	-10,2755
-9,6102	-3,7874
8,4773	-8,7028
-1,7460	-8,1128
-10,1345	-2,2147
17,5874	-4,9673
7,6256	-3,3288
20,3398	1,3897
11,8855	-2,6734
17,1285	4,7322
1,8585	13,7105
24,6648	-3,1977
-12,7560	-2,7387
18,1768	12,0067
5,8561	0,9967
17,5867	1,5866
-3,1222	3,6182
0,4167	-9,6200
14,7037	9,1888
13,3273	-1,8869
18,9636	15,4803
7,1014	13,3173
20,1434	4,0768
2,0552	4,8635
20,4053	14,4315
2,5139	1,0622
13,7205	-13,4866
-7,7754	-8,5058
9,3949	12,2688
-2,2050	-4,2463
-4,0402	-20,1713
-12,5596	10,6306
-10,5939	5,7805
-18,1302	-7,6541
-21,1452	-0,5105
-30,3853	-3,8531
-27,0433	3,7492
-25,7979	3,1594
-28,8127	-9,8821
-14,7880	16,0046
-11,1180	4,8633
-1,2875	2,5698
-5,9405	8,4024
20,7325	2,1767
-0,5664	16,8565
20,7329	6,9605
12,7376	0,4727
27,7452	15,2836
11,2305	9,6475
24,9928	-0,3138
14,6383	1,3902
18,8323	6,6329
9,6576	1,4555
0,3513	4,9289
23,9445	-1,6247
7,8878	1,1933
24,5342	5,5185
10,1162	-16,8291
37,5757	-9,7510
18,5703	2,5038
32,1362	-17,9432
13,7862	6,5671
33,9056	-11,2586
16,0798	0,5380
13,8515	7,9434
2,7107	-3,0665
5,5939	5,7154
-1,5492	13,1864
-8,5619	2,3074
-10,0034	18,4294
-11,4455	7,2225
-7,3167	7,3540
-23,1765	3,2905
0,5476	4,2737
-20,4242	14,8248
-7,1201	11,6789
-13,1495	-3,3941
3,3654	-2,0178
-5,3507	4,7978
1,8581	-0,5107
-15,9018	-3,8531
10,4434	-9,0959
-12,7562	5,3220
-5,7439	-0,9040
5,8561	-8,1127
-12,8875	3,1593
-7,5131	5,7807
-15,2467	1,9142
9,6572	7,1570
-12,2977	2,7661
0,0888	5,6498
-16,2297	14,4971
6,1180	-11,7827
-16,6885	4,9946
2,1202	6,5018
-11,7077	-8,8990
-8,0378	2,2420
-5,0229	7,2881
-5,2198	-0,9693
-2,5324	-2,0179
-2,1395	1,9143
-4,1053	15,8734
-13,0839	8,9919
3,7590	0,2105
-17,0817	14,5627
-0,9597	12,5966
-17,0816	18,8883
-1,7462	30,8810
-21,2759	-0,1827
10,3777	7,4196
-8,6277	20,5921
-1,7465	8,8613
-20,1618	20,0024
-2,2052	14,5628
-19,7684	3,2909
-7,1858	19,2160
-15,0499	12,7934
-5,0887	18,6261
3,6278	16,2010
-14,4603	-3,5251
-2,2048	11,6138
-9,8071	11,7445
5,5284	5,3221
-8,3654	4,7978
6,6425	0,4724
-9,4139	20,5920
8,8051	15,4145
-8,0375	-11,9792
8,3462	6,8954
-3,7121	31,9951
4,8729	5,1911
-7,7097	11,0896
-2,0738	12,5313
4,8733	10,7619
4,3487	23,9998
10,5095	14,6283
11,0334	13,5798
10,1161	12,7276
1,8586	-0,5759
29,4491	5,3223
10,1158	2,7663
10,4435	3,3561
2,3171	0,8656
8,7393	-5,6224
-14,1979	3,5525
-3,7780	-1,5593
-10,7247	-11,9139
-8,6934	-7,3919
-21,4071	-4,9017
-32,7450	-16,1738
-25,7979	-13,2901
-23,6358	2,7006
-25,9948	-5,9503
-38,7088	0,0791
-8,2346	-10,3410
-34,0559	-1,4281
-18,5892	3,0937
-24,6840	-8,8337
6,6421	-0,6418
-13,8051	-8,1784
4,0862	3,3559
-9,8071	-9,8824
15,1618	-21,9408
-12,4939	-4,0497
-5,5472	-3,9842
5,8563	-14,2734
-12,8873	-2,9357
0,2859	-15,8462
-1,7463	-4,5740
0,9410	-7,4577
-15,3121	-15,0597
8,2809	9,0574
-19,4409	-7,2610
9,5260	-13,8142
-25,3392	-3,0008
-5,1540	10,3684
-8,1689	8,8611
-1,0258	5,1257
-23,0455	6,8298
-15,5747	14,6284
-32,0895	21,5095
-31,2377	11,6138
-22,3902	26,4904
-33,7283	17,3807
-21,1450	-8,2435
-37,3326	8,8614
-10,9214	0,0794
-21,2762	16,0045
-12,6909	9,4506
-21,6692	-19,9747
2,7101	0,5382
-15,0500	11,4822
22,4365	-9,9478
-1,3529	7,0260
16,4071	2,8971
-10,8554	-3,4598
11,6887	-7,5228
4,0213	2,2420
7,0355	4,1425
-4,8259	18,8225
-1,8116	1,9141
13,6551	6,3053
-9,3482	12,0067
24,3375	13,7762
-0,1078	3,8147
25,8446	10,3028
-0,0421	1,7831
20,3395	1,9798
-1,2217	5,9119
15,9485	6,6983
-6,5956	-3,1977
5,5284	-6,9332
-8,0374	-10,2756
-5,4817	-14,5354
-1,8115	-5,2949
-9,3483	-2,4771
9,8538	-25,5456
-17,2128	-14,2732
-3,1876	7,8776
-13,6738	-9,6860
6,7737	-4,5741
-2,9260	-15,0598
3,0379	-1,8870
-10,9868	-3,3944
-1,7463	-15,5186
-6,5959	-3,9841
-5,1543	0,7997
-4,7607	-9,0304
-1,6155	-5,9503
-13,8047	-7,8509
-10,5936	-12,1761
3,7590	-3,3288
-16,8852	-15,1252
9,7229	-0,6417
-9,1518	7,4845
7,5602	-3,0011
-6,2025	9,1886
17,7181	10,3027
0,6133	-1,7558
20,0118	15,8735
-8,2340	9,9750
11,0989	12,5312
-8,5617	16,9220
3,0379	-2,4764
-6,3335	3,6185
5,8559	5,3224
1,1375	11,4172
0,9406	14,3662
-4,8261	8,8612
-11,5764	11,6792
7,8223	8,9267
1,2029	8,5336
11,3612	18,4950
-3,1223	17,9706
16,0797	16,7910
4,6108	17,1189
15,1621	6,9608
-3,5155	26,2283
18,1111	16,6600
9,1329	8,2059
1,8582	9,3856
-4,8916	15,0216
2,2515	-0,4449
4,7421	17,0531
-15,3777	8,0746
8,3467	2,7663
-7,9722	10,1717
2,5794	4,3389
-17,2126	-0,6416
9,7227	7,0260
-14,5258	7,4846
4,8075	-3,5907
0,2198	5,2566
4,8072	3,4215
-8,1031	2,5696
0,6785	3,2905
0,2200	-5,1636
3,8896	0,1447
-8,5618	-6,1467
-2,0739	2,2418
1,4652	-7,9162
-6,6615	2,0453
1,3342	2,0451
-5,6784	-3,5908
2,6449	1,3244
-6,3336	15,6111
17,7181	-11,2586
-4,2366	1,5868
8,0186	24,4585
-7,9064	10,1717
5,0040	19,0192
-0,9597	24,3275
0,2852	6,8296
-9,6759	24,7865
-9,0862	21,7717
-4,4984	23,2790
5,7903	21,9684
12,2130	-0,5758
-12,8218	24,0002
9,9195	36,6483
0,3510	16,6599
18,0459	6,8954
1,5306	29,8983
9,1329	14,2349
-7,1855	8,9269
13,8514	9,2545
-7,7100	20,3300
-7,1202	21,4440
-0,2387	11,8103
6,9698	13,3176
-19,3751	8,4678
-8,2343	-11,7171
-0,3042	-0,3138
-3,7779	0,5380
0,2201	2,4385
-8,8896	-6,6712
15,3588	-8,4406
-14,9189	-3,3942
7,1014	4,4697
0,0889	-7,0645
21,1258	-2,1494
-5,7438	-13,9457
16,6695	-6,4090
1,1375	-3,6566
9,6570	-12,5693
0,1546	4,0769
-5,4162	0,1446
-2,7945	-2,2144
4,4796	10,4994
-11,2488	14,2349
-20,3583	6,8950
3,5624	6,3706
-17,6060	-10,8652
11,8198	4,3391
-11,1180	7,7466
4,2176	-15,9772
-15,5087	-4,5085
13,1306	-18,3367
-7,7099	-16,0429
8,9362	-17,5502
-0,7630	-22,3344
9,9846	-23,7760
-3,4499	-12,1763
1,9892	-20,4338
-9,0861	-16,8949
-16,1642	-15,7807
-4,4330	-22,5308
-23,5699	-0,2487
-2,7291	-12,7006
-23,5043	-7,1298
-6,9892	-1,1662
-24,6183	-10,4722
-3,8436	2,9628
-35,3662	9,9748
-14,0671	7,1571
-27,3708	8,6643
-12,0357	-2,7389
-26,7156	7,0261
-30,7133	10,6305
-14,8534	7,0260
-27,3713	6,8295
-27,5018	11,0237
-31,5654	4,2737
-19,6375	19,5434
-27,6332	11,5480
-12,4286	16,5945
-23,7008	24,9829
0,4819	-0,0515
-19,0478	17,8397
10,5089	16,9877
-20,5550	13,9077
4,7419	12,9901
-3,9089	14,1697
2,5134	10,3032
-9,5448	11,4172
-9,4139	5,1257
-3,4499	7,6816
-11,9044	14,4315
1,4652	-1,5592
-13,7395	5,2566
-3,5811	15,4144
-16,7539	-0,6418
5,5939	5,8464
-12,7562	10,4337
-0,8285	16,6597
3,1691	2,7005
12,9338	-11,0616
-4,2364	10,7618
8,8705	22,5579
-10,8553	-3,0010
1,0717	9,0578
-6,5302	3,2248
-12,1665	2,3731
1,9895	-1,0349
-15,7057	-8,9646
-8,4307	14,8904
-17,8027	10,1715
-4,1054	-14,4697
-22,7178	12,7932
7,1667	9,4506
-5,2199	0,4069
-2,7948	1,3899
-10,4624	-13,5522
6,7076	6,3053
-20,6860	-0,9040
-2,2052	-13,2245
-9,9383	4,4047
-8,3659	0,6034
-29,3370	-10,9963
-27,2401	0,0139
-27,3710	13,7761
-30,1238	3,4217
-35,3663	17,8395
-33,7937	5,8465
-12,2322	7,8782
-32,4174	6,0431
-1,8120	-1,5588
-23,7012	20,0023
-1,8119	7,1571
-19,8998	17,7086
9,0669	19,0190
-16,2297	0,6037
0,0231	11,7449
-11,1831	27,3422
13,1961	-6,2776
13,2616	8,7959
-2,2702	15,0215
10,6406	-1,8866
1,9240	8,7302
16,0146	17,1187
2,6450	13,5797
13,8518	16,3979
2,7762	10,9585
16,6696	28,0633
-3,7121	13,3831
4,7420	19,3470
-1,0253	16,3979
0,6785	11,7448
-13,2804	7,5505
-18,9168	16,9876
-18,4578	11,4168
-13,0188	-2,1489
-25,6014	0,2102
-26,6503	-9,5546
-19,3755	-4,7051
-22,9803	-14,0112
-13,0186	-6,1469
-26,3224	-15,8464
2,7754	-21,7445
-22,0625	-11,9796
1,9239	-2,5427
-9,6105	-30,9195
14,4410	-16,1739
1,7271	-13,6836
-2,9260	-14,0113
-6,9233	-13,6836
-9,0209	-24,8246
-5,7438	-14,6665
-21,9314	-4,1154
-16,6227	-7,7854
-13,3463	-10,4067
-6,9891	-3,6565
-22,7178	3,6835
5,9870	3,0281
-16,8196	-3,3943
7,3634	3,1594
-16,0986	9,6474
10,6401	-3,5907
-10,0036	11,1549
11,7542	16,7253
-15,8362	6,0432
4,9386	14,3662
5,5285	0,5383
-2,2706	16,9877
-11,1174	12,5966
3,5623	0,8003
10,9025	18,2982
6,4458	5,7806
7,2326	-9,2268
6,0528	-5,5569
24,2062	7,0257
-4,9571	-14,2079
22,0436	-11,9797
9,0019	-30,7885
28,4004	-21,7444
-4,9572	-12,0452
8,6088	-22,1377
18,4391	-15,8463
6,5768	1,5206
-2,8599	-14,8633
-7,0544	-7,1299
10,5093	-14,3388
-5,4163	1,3897
5,0697	7,2223
-16,5573	-8,0475
2,4482	-13,1590
-20,7515	4,3389
13,3926	-5,7535
-0,1079	-10,1445
11,0333	-10,1443
-1,8772	-9,9478
12,9338	1,9141
9,1330	-3,8530
14,7033	-6,3433
-5,0882	12,7277
8,8706	6,9605
4,8731	5,5187
-10,4626	14,2351
-4,0397	19,0847
-16,8196	20,0678
-9,4137	20,0024
-12,0353	21,5096
1,1373	20,9853
-13,8049	10,2376
7,8219	21,9030
-8,4964	18,2327
1,5959	6,1744
0,4819	11,3517
-3,9093	4,2737
-22,7830	13,9075
0,0886	19,1502
-2,8603	6,1741
-18,1958	9,9097
-6,7922	23,6065
-1,4187	-0,5107
2,9725	-2,2144
-11,0523	10,7616
11,9509	9,9095
-9,0208	0,6035
7,3635	-7,9815
-8,8241	10,0407
11,6888	10,2372
-6,0715	0,7346
24,0750	5,1255
-0,3043	-0,3796
14,7032	-9,6201
5,1354	-7,2608
11,8853	-7,9163
9,7229	-4,7049
-0,8287	2,1761
3,7593	-7,3265
3,4967	1,0621
8,4776	0,7343
-12,5596	-6,6056
15,1625	2,4384
-1,2219	-10,6033
7,4290	5,2566
-0,6973	5,7807
23,2231	-3,5908
4,0866	7,6159
14,6378	1,1932
2,5796	-14,2075
16,8005	8,1402
11,4269	0,6690
17,8491	-8,1127
19,0291	10,0406
-0,5663	-6,0813
22,5027	1,7176
15,2277	7,0914
24,7308	-8,8993
13,3928	-1,2315
22,7646	9,6472
13,2618	-1,9525
28,3351	-0,3796
6,7081	-4,9015
31,6772	7,1571
5,2009	11,3513
10,6402	-4,1806
1,9242	9,2543
12,2129	8,2712
-2,4014	12,2689
-9,0863	11,6135
0,2857	0,2104
-12,6253	10,5650
-6,3334	1,7831
-14,1324	2,3731
15,8177	9,7784
-1,1563	3,5524
20,9294	1,9142
-1,2872	0,4722
22,2402	-17,1568
2,9071	-4,8360
21,3881	10,6957
2,8415	-18,9919
13,1306	-3,4597
8,2810	-1,1662
6,7736	-7,2609
11,6235	1,0623
-2,2050	1,4553
9,3298	-1,2971
-10,0691	7,8778
6,8394	-2,2146
4,5453	7,6159
10,3781	14,9556
3,4314	-2,0180
12,5407	0,8656
-6,4646	1,4554
17,8491	-1,4937
-5,0885	0,9310
4,8730	-5,2948
-4,2364	-7,6540
-4,0400	-2,6079
-8,7583	-12,2414
-10,3316	8,9922
-9,6104	11,7446
-14,3948	9,5165
-12,9527	17,6430
-15,6400	12,7278
0,9407	16,4635
-11,3802	9,8444
-0,6977	14,8906
-13,9360	22,2307
1,1375	24,2621
-15,4432	16,8565
10,3780	19,9367
-1,4184	-2,9353
0,1543	9,1234
-5,1537	13,6451
5,4628	-1,6901
3,4315	16,4633
-8,8894	-2,2147
12,4756	4,5358
9,5916	2,8318
10,7061	4,2735
2,9727	4,0114
25,0583	7,8124
6,3804	1,0623
21,1917	10,5649
0,8753	7,1571
19,6843	-2,4109
3,0381	15,3493
11,5576	12,3345
-0,9595	11,3516
14,5722	14,1696
4,7421	6,0431
7,1011	7,8127
8,4123	12,3345
4,3486	1,0624
1,9898	13,3176
-1,1563	3,8147
11,4268	4,2737
-0,1733	9,8441
6,2492	-0,4450
-13,2148	8,7954
12,8684	-3,3943
2,5792	-15,5838
7,9530	-0,7073
-2,5980	-6,7369
-0,1734	-14,7976
-2,5979	-12,5695
-1,4186	-17,4192
3,2347	-17,9435
-0,1080	-10,9966
-11,6420	-13,5525
-8,6276	-1,9526
-4,2365	-13,5525
-15,4433	-18,2708
-5,7438	9,0576
-10,0694	3,0282
-1,6808	-1,3626
-26,7810	7,9436
1,0717	4,7323
-12,1666	10,8272
0,8749	13,3830
-12,2322	-5,4912
-21,6695	3,3562
-25,2082	-2,8699
-28,0922	2,8319
-34,7109	-1,4281
-26,5193	0,2757
-23,5046	3,2903
-50,3088	-6,8022
-30,7789	-20,2371
-35,7599	-14,6009
-21,0141	-8,4408
-40,4128	-20,4994
-14,1984	-20,4994
-36,7427	-22,3344
-10,3973	-21,7445
-27,3710	-14,4045
-13,3465	-20,1062
-37,5945	-0,6420
-18,5891	-7,1957
-20,4897	-27,2493
-30,6479	-2,9354
-17,9336	-0,8386
-21,9972	-11,9793
-19,4408	6,4361
-19,3756	-11,4551
-0,1078	8,9921
-17,4094	-4,7051
11,6887	-13,8798
-4,9576	4,0112
-2,9912	10,1059
5,2662	0,4067
7,4287	-7,1298
-9,6102	2,7661
11,8197	6,5016
0,6132	-2,2146
1,5306	-5,9500
4,9386	2,3731
-11,2490	12,9897
6,7736	-0,5105
-16,7541	0,9969
-4,6297	13,1865
-18,8511	11,0893
7,2322	12,4000
-15,5744	1,9798
4,7418	9,5820
-15,3778	14,5626
10,3777	2,3730
-13,3462	7,2227
-0,2392	11,2203
-25,7323	0,8657
2,1203	7,6815
-0,5011	0,6690
-13,8706	-2,2144
-5,8092	0,5379
-4,3678	-13,2900
-1,0251	6,0430
-17,6713	4,8631
5,9874	-8,8992
-3,6466	-7,2609
15,5555	-18,2052
4,0212	0,8656
12,6064	-3,9843
4,4145	-21,4167
22,5678	-10,2100
5,8562	-9,6858
30,3666	-13,2903
14,1136	-6,0159
8,6742	-2,0181
17,2595	-6,4090
10,4434	-1,8870
7,0360	11,1546
4,0865	5,8462
8,7399	-2,6078
4,2832	-4,5083
18,1115	-0,3140
-1,4840	-6,8677
28,0729	-4,1152
2,9069	-5,4914
11,0335	-11,5863
-2,4013	-14,2732
12,6717	0,1446
1,9895	-19,5817
2,9723	-8,2439
4,4799	-9,9480
-3,4503	-15,0596
-8,0375	-8,7683
-10,1349	-11,9796
2,9725	-3,6565
-9,1520	-1,8216
-4,3675	-12,0451
-10,3970	-11,7173
-3,7121	10,6958
-9,0206	-9,0305
13,9824	-2,5423
0,4165	-11,7174
22,8952	-0,9694
-11,3143	1,1931
16,2108	-10,6032
9,1985	-6,9988
7,9531	3,6180
-0,6318	-7,2610
8,1497	-0,4451
0,2856	-2,0836
-5,4817	-0,3141
-3,3844	-2,8045
-11,5110	-3,0667
3,1691	1,6520
-15,2466	-1,9526
9,6571	-10,0133
-10,9868	-5,2947
12,1474	3,8148
-6,8580	10,5649
12,7371	8,3370
-1,9427	18,4950
2,5136	28,3255
-2,3357	23,2136
7,8874	13,3836
9,1985	28,9155