-26,3069	-1,9824
-23,3583	-4,0138
-17,3941	18,0063
-25,0622	3,9814
-3,6316	10,9940
-27,8147	9,1589
-6,1220	0,9015
-27,4213	18,2685
10,1963	13,2221
-24,9311	3,9818
-5,7290	19,9725
-18,5084	6,6031
-15,4939	18,1376
-24,7997	17,8096
-6,3191	11,1250
-24,1445	12,8945
-26,8318	18,2685
-24,9308	-1,9167
-31,2229	8,7658
-23,1616	8,5035
-44,1990	5,4889
-28,6668	-5,6523
-52,8497	-9,7810
-25,4557	4,5713
-59,9276	-3,6210
-35,0239	-14,8272
-57,0438	0,3114
-45,5096	-10,3054
-46,0993	4,2437
-38,7597	14,3360
-45,2473	4,1780
-41,9054	7,4549
-40,9220	5,7510
-52,1945	4,3093
-30,6984	12,3046
-54,0294	-4,0793
-25,2589	1,7536
-55,7987	21,0863
-22,1786	3,0640
-39,9389	19,5791
-4,6807	4,3746
-39,6111	2,4744
-2,9764	17,3508
-20,1467	-10,1086
4,6912	-7,4214
-5,8596	14,9261
5,4777	16,0401
10,8520	12,0427
5,6088	21,6762
-0,1579	10,0110
-15,3626	13,0913
2,9223	17,1544
-21,1297	-0,6056
0,8249	23,2494
-23,5546	12,1737
-1,9932	26,4605
-20,0811	18,9893
-3,4350	9,1591
-4,7456	6,5376
-5,7288	13,6808
-9,2018	-2,8997
1,2838	6,6685
3,5122	-7,2253
-7,1050	-20,3323
14,0637	-1,2617
3,3808	-27,1483
9,4761	-29,7041
-5,0075	-17,0559
22,2554	-16,7938
-6,5806	-12,4029
13,8667	-32,1948
-10,3161	-37,1753
5,2813	-15,7452
-26,3724	-27,8696
8,4270	-37,6998
-17,7220	-31,0808
-11,7583	-45,7609
-26,8313	-27,4762
-10,3821	-35,7996
-9,1368	-41,8942
-25,3900	-25,5759
-9,1366	-46,8751
-31,8125	-37,3066
-10,0542	-36,1927
-33,7130	-36,7824
-20,9332	-23,0200
-34,6960	-30,2944
-17,3291	-37,3721
-51,6042	-17,8425
-19,7540	-30,9497
-47,1479	-28,1970
-30,9608	-18,3669
-39,4803	-29,6390
-46,6895	-17,9080
-42,6913	-22,8234
-37,8422	-36,4546
-38,8903	-22,7578
-46,1651	-35,6028
-32,8610	-45,3674
-45,3786	-21,7092
-28,4046	-38,7486
-47,8032	-31,8016
-19,6884	-25,7069
-50,2281	-34,4886
-21,1957	-25,0515
-47,9998	-32,9159
-27,0941	-37,7654
-44,8542	-38,5520
-40,5290	-37,8311
-41,5772	-24,3964
-36,9246	-52,2492
-27,8803	-63,0624
-38,9564	-53,7563
-28,1423	-56,7057
-40,0704	-66,5360
-26,2418	-47,9240
-41,0532	-76,5633
-25,9797	-68,3056
-41,1187	-66,2087
-30,9605	-76,4979
-43,6088	-72,2380
-24,8003	-84,4279
-46,3615	-84,7553
-48,9831	-74,8596
-41,8393	-80,2336
-44,5926	-79,7748
-43,3470	-79,0540
-60,1903	-81,3475
-60,3209	-65,7503
-81,6860	-79,7750
-62,7460	-95,3722
-97,0872	-69,6821
-74,3461	-72,6971
-107,7042	-87,9010
-87,1258	-75,4494
-117,9278	-72,2381
-93,7452	-75,9737
-117,4692	-85,0176
-107,4422	-74,8595
-106,1968	-75,7115
-102,0031	-82,6583
-116,2894	-94,2581
-105,3452	-80,7578
-99,6433	-84,8867
-123,8263	-86,5252
-110,4567	-96,2246
-122,9089	-110,3803
-103,4446	-100,0912
-135,1641	-110,3152
-108,9498	-122,5047
-135,8196	-109,6599
-121,7294	-123,0948
-145,4533	-125,3229
-127,6932	-123,8158
-142,5042	-125,4543
-129,3974	-120,5390
-147,9437	-130,5660
-150,5000	-127,1580
-157,1842	-118,3107
-150,3691	-117,0655
-147,4853	-118,5072
-166,0322	-111,6260
-149,5825	-119,8834
-179,3361	-121,1940
-147,1578	-105,0067
-180,8434	-109,5287
-164,9181	-101,8611
-173,6344	-127,1579
-149,1241	-122,2423
-174,4865	-105,2688
-167,9984	-117,4586
-173,5686	-107,8902
-164,9838	-113,9852
-157,2503	-121,5216
-166,2947	-111,9537
-163,3449	-120,8010
-162,3624	-140,9859
-148,0752	-125,2575
-178,2875	-137,1852
-138,1136	-134,8914
-165,3117	-143,2147
-162,0343	-147,7365
-173,1100	-139,0860
-153,3184	-158,3537
-177,8941	-162,6133
-158,4958	-144,5256
-191,3945	-163,4001
-162,1658	-178,4075
-171,8649	-171,3298
-169,4403	-160,9752
-161,1824	-165,8250
-159,0203	-175,3932
-162,6245	-172,7061
-192,1157	-170,8713
-163,9350	-179,7185
-185,5624	-172,5751
-169,6368	-179,5219
-192,8369	-182,8642
-185,4313	-158,5505
-200,4389	-164,8422
-179,2056	-168,9050
-207,3202	-152,1280
-192,9028	-165,1698
-205,4197	-170,3467
-193,2306	-155,9290
-204,9611	-167,3978
-206,5343	-171,9853
-195,5238	-159,2715
-197,7525	-170,5437
-187,2663	-178,1457
-202,5363	-181,4226
-169,7682	-177,7525
-209,4175	-168,2500
-174,6832	-170,2160
-197,1620	-173,8204
-169,1128	-168,4464
-190,6085	-157,8950
-186,1521	-142,1009
-194,0817	-158,2227
-187,3974	-153,3072
-179,5329	-129,2556
-201,8809	-139,8069
-182,4162	-144,3286
-171,9311	-142,8870
-175,7318	-139,6756
-186,2176	-139,4135
-153,9082	-142,8869
-181,5644	-152,9138
-143,2911	-125,3889
-167,9326	-140,9866
-137,0652	-147,3433
-157,7741	-143,9357
-124,4167	-143,4768
-147,2227	-133,5155
-119,5014	-146,3605
-130,9697	-146,2949
-125,7273	-135,8092
-123,2364	-147,1469
-131,7565	-143,8698
-117,2071	-137,0542
-122,7126	-136,7920
-121,7947	-137,9714
-136,8025	-119,0315
-108,9497	-120,6700
-134,1811	-108,0214
-115,2411	-112,8710
-129,0692	-109,2663
-105,8041	-93,2758
-119,3698	-119,7523
-112,7508	-106,0549
-120,9424	-99,4362
-100,7578	-116,1477
-106,1313	-104,1546
-111,7021	-108,6765
-98,6602	-97,2077
-117,1416	-93,5378
-99,5121	-95,9626
-110,4570	-95,5036
-93,9417	-82,7240
-120,2218	-85,1488
-95,0559	-69,4201
-122,8430	-70,5342
-94,5317	-60,2449
-119,5662	-48,1208
-94,0074	-65,1599
-109,4082	-31,0156
-103,7067	-34,2270
-99,5120	-57,6885
-104,9519	-37,3722
-82,6692	-39,3384
-84,2425	-37,5688
-76,7709	-28,4594
-85,8806	-48,5134
-70,6104	-37,2411
-88,7638	-22,5613
-59,6001	-39,6007
-70,0205	-38,8797
-48,4590	-42,2878
-61,8938	-46,6784
-47,5416	-47,0062
-51,6046	-55,5260
-45,5756	-44,1228
-63,0077	-48,2516
-52,7844	-64,3733
-54,2914	-51,9871
-58,4861	-59,9171
-44,1989	-73,5483
-57,8308	-45,7613
-43,9368	-69,4200
-59,8622	-65,4220
-36,4658	-52,7083
-62,4835	-60,5726
-33,3201	-65,1600
-50,1627	-71,6482
-37,2522	-61,4899
-62,3521	-55,5917
-23,7519	-49,4971
-40,4634	-61,8176
-29,9780	-54,3463
-47,8687	-41,3703
-43,1505	-46,7442
-46,6236	-35,3409
-48,3934	-42,9429
-35,0892	-34,9474
-52,1289	-31,9328
-35,8101	-24,0685
-63,9907	-17,9081
-34,8925	-33,7677
-39,7425	-29,8353
-20,9993	-16,9905
-49,9659	-29,2455
-24,6690	-8,2742
-35,5479	-16,7283
-19,4917	-29,3111
-32,1398	-12,6650
-22,8995	-20,1362
-9,4642	-29,1799
-8,2194	-12,2719
-6,3183	-25,9034
1,8734	-27,0829
6,0024	-24,8547
3,4464	-33,9642
19,1751	-21,2504
-12,2819	-35,6683
19,5684	-36,6510
5,0195	-24,3307
10,6553	-40,7145
0,6941	-21,1846
8,8856	-26,8866
-5,9250	-38,7483
7,1161	-27,8038
-12,2823	-21,2503
-11,6927	-20,5948
-11,7580	-3,8177
-26,7659	-26,1654
-2,6486	-5,7180
-29,7152	-15,3519
-10,6439	-21,1844
-32,5331	-17,1213
2,1354	-7,3564
-29,4528	-15,1553
0,3004	-1,7859
-19,6880	-28,5902
-17,4597	-10,3709
-6,0564	-12,3373
-5,6637	-21,8397
-19,7533	4,5055
-25,6519	-7,2912
-1,6657	-17,7765
-38,5627	7,0614
-27,0934	-21,8400
-40,9219	-11,2884
-2,5833	-7,1601
-29,1257	-28,0002
-17,7876	-23,2817
-45,2470	-19,4152
-5,0080	-16,7938
-28,9286	-9,5850
-13,2654	-25,5757
-15,6247	-20,3982
-1,3381	-14,5656
-13,7241	-27,6726
-7,7607	-18,4975
-12,6755	-13,9101
-9,0059	-9,8467
-10,3164	-6,3079
-30,3050	-16,0073
-3,1729	-14,4998
-30,1740	-9,1259
-13,1343	-16,5314
-32,2710	-13,9100
-4,4838	2,2116
-38,1691	-19,0218
-6,9741	-5,9801
-21,7196	-2,5070
1,7420	-9,1915
-17,5908	-3,2277
-5,1392	-11,8128
-8,2190	-9,9122
-21,1300	1,6220
3,1842	-4,5384
-17,5912	-5,7178
-13,6584	-3,6863
-21,5885	-2,9655
3,2496	-5,1282
-26,4383	-6,4388
-9,9231	-5,6524
-24,2099	-5,2593
-6,1222	-4,9316
-29,3217	-2,1789
-1,6658	-5,8491
-21,9162	-3,2275
-10,0544	17,1540
-6,2530	-1,5237
-13,1346	-5,9799
-1,5342	7,1926
-4,8115	-8,0772
6,0679	-2,7029
-10,3164	7,7825
-2,7794	-3,0309
-10,3163	15,9090
3,7085	13,9427
-21,8504	-10,8295
7,5095	6,2752
-15,8869	5,0300
0,9561	5,6199
-6,7117	7,7169
9,5410	-5,0624
-4,4833	6,4062
5,9365	1,4256
12,4249	-1,2612
-5,4666	11,8456
10,7211	-9,2568
-8,8743	-9,1255
14,8499	8,1103
-6,3841	2,9983
8,0342	-3,4897
-1,4688	-6,9631
15,7671	-4,4725
-17,1973	14,6636
5,8057	-8,2083
-11,5612	-8,3392
3,2495	14,4672
-13,1995	-5,2593
4,0359	-7,8149
-1,9930	-0,6062
-11,4961	-4,6037
-2,9760	17,9405
-12,0859	0,3111
6,5267	-6,2421
-17,5909	16,1709
9,9346	-1,6548
-7,0395	1,2289
13,0145	-1,1960
-11,1681	-5,2591
6,9198	4,3747
-17,1973	-12,6647
7,5095	-1,3268
-19,6221	5,7508
0,6936	-5,8489
-12,4132	-3,5552
-17,0010	-14,1066
-8,0878	-9,9121
-15,2318	-4,6694
-9,2020	-18,1698
-23,4892	-11,1574
-7,5638	-11,3542
-27,5526	-15,6138
-20,2123	-6,5045
-36,0722	-24,4614
-10,5133	-18,6285
-44,1988	-5,9147
-32,4023	-10,2403
-40,4629	-17,7767
-28,4701	-12,3373
-20,4090	-19,9393
-31,3536	-9,3881
-13,7896	-10,6990
-17,1979	-7,3564
-5,6631	9,4860
-26,8970	-26,4930
6,4610	-18,8905
-39,0212	-2,4412
-6,5150	-9,5846
-31,4190	-3,2276
-11,3651	-1,7860
-42,2324	-13,3200
-11,2997	-2,3099
-41,7082	1,3599
-16,2150	-5,7178
-40,7251	13,6807
-28,6012	5,4230
-27,9453	-4,0793
-17,9844	6,0131
-13,4619	1,3599
-10,7753	4,7680
-1,4688	-1,3925
-21,0643	-19,1527
5,1505	-13,1888
-14,5762	-5,5214
8,3616	-16,9901
-19,6879	-4,4729
6,6575	-19,4807
-26,6346	-9,3881
-4,2870	-18,4322
-22,0470	-29,3764
-5,2047	-7,7498
-20,6052	-18,6288
-15,5594	-28,0002
-12,0202	-17,5146
-33,0575	-16,0074
-8,8744	-30,4908
-23,8828	-19,0874
-6,1221	-24,7237
-25,3900	-25,1168
-7,1708	-18,9564
-34,1061	-12,4684
-18,1152	-0,1476
-35,9409	-20,8569
-1,0104	-4,0140
-21,6541	0,1147
-9,0713	-11,2885
-15,2969	-9,9121
3,5116	-0,5405
1,2837	2,9985
-5,7943	11,0593
9,8691	-3,2931
7,9680	2,6709
2,0703	17,1542
-7,8914	4,7680
9,8689	-2,5719
-16,6077	6,3410
7,0508	7,3896
-22,1128	19,9725
2,9219	10,2075
-27,2245	8,8971
-3,0420	38,0602
-22,5715	13,1566
-3,0421	15,4507
-20,2778	26,0017
-24,2757	13,3534
-10,5128	12,6982
-20,7368	18,2030
-1,9931	9,5523
-15,2317	17,5477
4,3638	28,1643
-18,7705	-0,9335
16,8156	7,9794
-27,0280	10,7319
8,5583	26,7880
-4,2215	5,2267
3,7084	1,0327
-13,0029	20,9554
13,1456	3,9159
1,2837	1,2293
-7,9569	10,9938
-14,9688	7,7825
-6,7118	4,5058
6,0681	4,5058
-5,2045	-2,1134
8,4272	10,9285
-3,6971	8,8311
13,2113	-2,5719
-16,2799	15,3193
8,8860	6,0787
-19,2289	4,6371
11,8350	5,0302
-9,7917	-3,6205
7,3127	12,7635
-4,5489	2,6053
1,0214	6,2101
13,1457	17,0886
-6,5810	-1,1957
8,8861	17,2200
6,0676	6,8650
12,8182	4,4404
7,1161	14,9259
15,5706	4,1780
-15,1002	-9,5843
23,1727	8,6999
-8,9401	-0,4752
7,2473	-6,1112
-30,8945	-9,3880
-10,1197	-13,7135
-25,3895	-9,0604
-15,3630	-13,5171
-19,1638	-19,2184
-21,1958	-7,5534
-20,9989	-26,6899
-26,7663	-16,4004
-20,0157	-12,4032
-36,1378	-30,2287
-3,5662	-29,9010
-28,2735	-25,9689
1,6766	-19,0876
-32,1399	-15,6798
-0,8792	-28,8525
-20,7365	-17,7112
-1,4691	-6,0459
-16,6076	-19,2187
-3,4351	-6,5701
-13,7894	-5,3252
-10,0543	-13,7135
-11,5612	-6,3734
-6,8431	-21,2501
-8,6121	-15,2862
-11,5618	-3,2933
-6,6463	-17,5801
-34,0405	-15,6794
-4,9423	-0,5408
-25,8487	-4,6040
-14,1175	-0,0163
-30,9603	-5,4559
-8,2850	-6,5042
-29,8460	1,2946
-6,6467	5,6856
-26,9623	19,6447
-17,6566	10,6663
-15,1003	15,3197
-21,6543	37,6672
-10,9715	13,3534
-7,4331	12,8294
-5,9908	31,5070
-29,7806	12,6981
9,4101	16,8270
-17,3944	18,6616
6,5920	3,5230
-19,6223	16,9579
14,8496	7,0617
-9,4643	10,2732
9,7377	15,5813
-13,1996	9,0934
-2,2553	13,2222
-1,3376	12,8943
-10,4475	-0,9334
-8,0877	15,3195
-14,8384	20,6931
-1,7307	14,6639
-10,3820	19,8413
3,1186	10,9940
-24,0789	20,0380
6,8544	17,5473
-10,7097	5,6201
4,1018	16,6302
-12,6099	21,9383
9,0825	20,7587
4,6916	14,0085
12,5557	16,8268
-5,6627	15,8437
19,7647	28,1644
9,0171	24,4944
-1,0755	25,9363
21,5346	16,6958
-2,8452	22,2664
20,8793	23,8390
-7,9568	14,5985
21,4691	12,6981
2,3323	22,8559
20,3548	6,3407
-13,0686	5,0302
21,0101	1,7534
-8,4157	0,0492
-2,9107	-3,4896
-19,0323	-2,8999
2,9874	-15,1549
-12,6753	-2,5067
-6,9086	-12,0094
-13,0685	-10,1742
-4,0249	6,1440
12,4903	-14,4342
-2,5177	-1,7201
0,6940	-5,7835
-10,5129	-3,8829
9,0825	3,7847
-18,0495	4,8985
-1,3378	-11,6162
-10,1195	-3,2932
6,3951	-18,8908
-29,9770	-15,2862
-3,5663	-19,9393
-31,4844	-10,0433
-19,8849	-0,9994
-32,9263	-3,2933
-35,0238	4,5057
-22,9650	11,8457
-53,0463	-5,1280
-15,4284	9,2901
-49,3766	8,7658
-40,2008	0,9015
-43,5436	7,9140
-20,7371	9,8143
-38,2350	12,7636
-11,6276	28,8198
-50,8832	15,5814
-10,6443	16,4991
-21,4575	21,0209
-11,2996	18,8583
-12,2823	16,7613
-15,1006	19,2516
-0,4858	9,6834
-11,6927	26,2639
-6,8425	10,2731
-12,1513	15,5816
16,4225	6,9963
-19,8190	9,1589
2,9878	12,1735
-15,6900	-7,3563
8,6235	-9,6499
-24,6682	5,4231
15,0461	-18,6941
-21,5228	-5,3248
-6,9085	-12,9927
-9,5952	-17,2525
-7,4329	-5,2594
-9,3330	-26,6242
-11,4962	-20,5948
-12,5443	-9,0604
-18,0496	-4,5387
15,5049	-20,9223
-16,5425	-7,8150
5,5435	2,8673
-30,8290	9,4209
24,0902	2,3431
-18,9671	3,4573
6,9853	25,9362
-17,3940	14,1395
3,1839	5,8169
-27,0278	37,4049
-12,8069	21,4140
-19,4913	9,8800
-17,4601	13,4844
-27,4211	14,1397
-32,7299	3,9816
-5,2044	4,2438
-20,6057	-8,6012
-4,3525	3,9160
-23,9478	-1,7203
7,0509	-6,6352
-10,0541	5,0954
14,0631	-12,8614
-11,0369	-5,9801
1,4148	-6,7666
-8,2186	-4,4728
14,3253	-10,3710
-3,2380	-9,2570
6,3299	-12,3371
-4,1554	-9,9124
-12,3478	-12,2717
-0,8787	-14,5655
-16,8699	-15,9418
2,9222	-26,4929
-29,3873	-9,2570
10,5244	-24,7236
-17,0666	-26,2963
2,0044	-1,6548
-31,6808	-22,4954
2,9220	-8,3393
-24,5375	-6,8322
-5,2700	-15,0894
-17,2629	1,8188
0,4314	-4,3417
-13,7240	-4,4725
-2,4521	12,2390
-3,6316	10,8626
-15,1660	10,0108
10,5897	0,2459
-32,7298	-0,4748
7,7062	3,7194
-30,8949	-5,8490
-7,6948	-4,8658
-34,1715	4,1780
-14,5106	-2,1136
-27,3555	-12,0749
-4,0251	-0,3442
-22,8991	-9,6502
-0,0929	-2,2447
-8,9397	-14,3688
-10,0543	-17,5799
12,2284	-8,4049
1,0213	6,0783
8,8206	-13,1890
-15,0348	-0,0162
12,5562	-8,6670
-10,8404	-1,9822
3,7742	3,7192
-12,6754	1,8843
17,4710	5,1610
-20,3431	-5,6524
0,8903	0,4426
-7,8258	-1,7858
1,7422	-9,1257
-13,8549	1,5565
0,5626	-2,3756
-1,7963	1,2944
-5,1390	11,7800
6,6578	-10,4367
-2,0588	-9,7155
8,9516	-8,0118
-6,9083	-16,1382
12,2283	-6,5044
-9,9885	2,3427
15,4395	-9,5848
-14,0516	-17,7766
12,5559	-2,9654
-13,1996	-13,2547
7,1164	-10,2398
-5,4663	-16,5312
-0,6825	9,8143
4,2987	1,8186
-0,0272	-3,3585
13,2116	9,0277
3,1185	-2,5721
4,4952	0,0493
-14,4448	-5,7177
25,1391	-9,1256
-4,0248	5,4889
11,1798	9,2899
-5,3353	4,5713
12,8835	11,7148
-13,5928	9,1588
5,8711	-4,2759
-16,0176	12,1081
-1,4692	-5,7177
-9,1364	9,6179
-22,3753	20,8898
-14,1172	8,4381
-21,4578	12,2392
-5,2045	8,3071
-29,5186	20,3657
1,8733	23,7078
-33,6472	9,8144
7,0507	-4,4722
-20,4744	18,2032
0,6282	15,3193
-17,9183	14,7951
13,6044	1,2948
-2,1242	10,6009
8,5580	20,6932
-3,0414	1,0982
4,7570	13,0913
8,9519	27,0502
5,4780	3,6540
10,5249	9,2903
9,8035	23,2492
24,9428	11,1906
13,1460	10,6010
40,2780	13,8121
7,9687	9,4212
34,3143	25,1498
11,4421	9,0279
23,5006	21,4797
-0,7475	16,1712
22,5828	7,4551
-3,2381	15,9093
1,6113	16,1713
-2,5171	3,6539
-4,4837	15,6471
-8,5464	8,6346
-4,5491	5,7512
18,5197	8,2414
-10,0543	-2,6375
11,5732	16,1057
-14,0518	3,9158
16,4883	-9,8464
-12,6100	10,2073
12,6216	-13,7132
-5,7286	-3,6206
0,6284	5,8162
0,4973	-12,3373
2,1354	-14,6963
-7,2359	-24,5267
-17,6565	-18,1698
-19,4254	1,4254
-14,3799	-12,5339
-4,5490	-14,1720
-23,0962	-0,4095
-9,5299	-9,1257
-32,6643	9,8798
-2,5831	4,8334
-28,3390	-4,0793
-7,5640	25,0186
-36,4652	19,1857
-8,4160	7,5862
-30,6325	23,9700
-7,7608	9,1590
-22,8337	0,5083
-10,3167	14,0087
-27,0281	5,1613
-24,9311	8,5692
-11,8892	16,3023
-20,7370	-2,3098
-6,6464	18,2683
-28,3390	11,1247
-3,1729	-7,4874
-25,3897	-0,9336
-3,7627	-0,6064
-18,8359	-10,0434
5,6745	-3,1623
-4,2869	-18,5631
9,3445	-2,3759
-12,2820	-10,7646
22,2551	-30,3595
10,3279	-5,5214
11,2452	-9,4537
17,0127	-14,8931
12,1627	-8,1428
21,9936	-13,0580
5,8713	-0,9993
28,6127	-9,8468
5,2161	-1,3925
30,0544	9,2897
3,9709	0,0492
24,4836	-2,9653
-1,8617	6,6027
27,3015	-14,1720
-0,0267	-8,2081
15,7017	-4,2762
-0,3543	-18,4318
0,8905	5,7507
20,2895	-23,3472
7,6405	-30,0971
6,0682	-16,8591
-7,3670	-16,4005
22,6487	-14,1722
1,8078	-21,7744
11,5730	-30,2284
-20,8016	-8,2739
29,5299	-22,2985
-4,0903	-1,9823
22,5830	-0,9996
-10,1849	-12,6647
10,5898	-6,6353
3,7088	-6,5043
11,9659	-5,9800
8,3619	12,5010
3,7084	6,6683
13,1460	-14,3030
-1,2723	3,8503
14,5223	-4,7350
-1,4034	-7,6184
22,7796	-8,9292
-9,6608	-14,0411
13,8012	-0,6717
3,2498	-2,4414
16,4225	-10,3055
-13,7239	-0,4753
20,4858	-11,2885
-0,0926	-4,8004
4,4949	-4,8005
-12,4785	-6,6355
15,6359	12,2388
-0,8133	-2,3104
-2,3210	-24,9855
7,6409	-12,9924
-8,0881	-14,3035
9,0828	-21,3811
-11,4303	-18,3665
25,5322	-21,5777
-12,3478	-10,3712
13,9979	-10,2401
-7,8256	-16,4003
20,4858	8,3721
2,2014	-15,2209
3,3809	-8,1428
9,8037	-1,1960
18,7816	-10,0433
7,1823	2,3428
11,3763	-6,4390
14,1946	-15,8105
2,1359	-12,1405
30,8407	-20,6603
7,2476	-13,6478
25,9256	1,1630
-9,5949	-18,9565
34,3797	-15,7450
2,7257	-22,6920
21,0758	-22,8883
-5,8594	-7,6841
15,3085	-21,8400
-2,4516	-20,7913
3,9051	-2,1137
-2,2550	-20,7258
-5,7943	-8,2740
6,5268	-10,8300
-13,2000	-15,2208
0,6285	-18,8250
-17,4597	-4,8006
3,0532	-7,2254
-19,8191	-13,8445
4,3639	-12,7302
-20,0158	-14,3030
-8,4813	-3,3586
-29,5180	0,5080
2,7253	-2,5722
-17,6561	-0,2784
0,1695	0,3114
-7,2357	-2,5065
-1,3378	7,6514
-4,5486	-2,7689
-2,2552	-7,3562
19,6996	-4,3417
7,1162	-2,7687
19,5030	-8,5362
-11,8235	-22,3641
22,5832	-7,6187
-10,9060	-30,1630
18,9786	-22,7573
-7,3669	-17,7115
16,5536	-21,7089
-15,4278	-22,2988
4,9536	-18,6288
-14,1170	-24,7236
-3,9595	-9,1916
-6,0563	-17,3181
-14,3143	-28,3933
-4,9424	-12,4027
-23,9482	-9,9125
-12,2168	-6,2423
-35,4826	-11,2886
-20,2778	-12,3370
-38,0384	-1,3926
-11,8238	-3,5552
-51,5387	-10,5019
-16,8701	6,1441
-34,2372	-6,8975
-19,8849	6,4719
-26,1762	1,8187
-13,6591	-5,9799
-36,1374	9,5519
-12,8724	-2,6378
-2,6488	-10,1743
-31,6813	-1,6546
-4,6800	-0,7375
-12,6759	-17,3178
6,7886	-13,4512
-14,3797	-15,2863
-2,7140	-18,1046
-7,7603	-25,7722
9,1479	-18,7599
-13,0029	-14,8934
15,9638	-34,2266
-3,6967	-30,3597
17,4711	-22,4300
12,8840	-28,9837
20,4856	-31,3429
8,6897	-21,7747
5,8713	-23,0854
16,2263	-30,3599
5,7401	-32,1947
23,1729	-28,5247
-20,3432	-15,4829
22,5176	-4,8007
-10,9717	-13,9756
10,3277	-5,0626
-13,1996	-13,2545
4,4295	-0,4747
-7,0392	8,0447
19,6991	9,4212
-4,2868	23,1181
2,6597	12,5014
-8,0877	21,0212
-2,0590	21,9385
6,1333	14,2055
-16,0837	17,0889
-8,4810	12,1081
-20,1469	4,5716
7,8372	26,6571
-19,9503	-1,5234
6,8540	8,5038
-23,6857	17,5473
-3,5661	2,7364
-21,0642	7,4551
-7,4982	8,8966
-15,8212	-6,2421
9,6063	10,8629
-19,4913	-7,9461
-14,7728	-5,8487
1,3493	7,3237
-10,7097	-8,6669
5,6747	6,4063
-19,8191	5,8163
13,3423	-8,3393
-26,1106	0,1804
-6,9082	-7,0940
-27,6177	-3,2274
2,0044	11,9112
-32,3363	1,0978
-7,4327	-6,0455
-16,6732	-0,6716
-4,6148	-2,6377
-12,0858	3,7192
-10,9063	-1,2615
-13,9862	-0,2784
-20,4746	10,1417
-6,9082	-8,6016
-27,2902	-8,2736
-0,7479	-10,2399
-16,2803	-16,8589
3,7083	4,1125
-29,3873	-12,6649
9,5412	-15,3514
-22,3093	11,1901
4,0361	-19,2183
-10,7749	0,4426
3,1841	3,1948
-7,6945	-10,1089
8,7547	-9,9777
-3,5658	-8,5360
-0,6825	-9,3223
10,1312	-6,5700
-10,7096	-12,7304
1,6772	-21,2499
1,0214	-19,7426
6,5921	-16,8591
-16,4765	-10,2400
14,1288	-15,4828
-13,7241	-6,5043
6,9198	0,0492
-22,3746	6,4716
6,2645	2,4086
-8,6777	12,1078
0,9557	-10,1088
-23,9473	0,8358
3,8393	3,5225
-4,2214	1,6221
-15,8872	-0,8028
-20,5397	-6,6357
-19,5571	-7,0287
-7,4982	1,0976
-43,2809	-6,1770
6,5921	-19,4151
-24,9311	-11,8785
-2,6485	-24,8545
-21,0641	-7,6843
4,9535	-21,9712
-8,3501	-15,9416
-2,5176	-3,3589
-23,8163	-18,6287
5,7400	-13,8444
-0,4857	-5,0626
-10,5785	-4,0140
0,0387	-4,4071
-16,4768	0,0491
-13,0031	2,8674
-22,7027	16,1711
3,8394	-0,9338
-30,6326	6,0787
-10,0542	11,7802
-35,0890	10,6662
-20,2124	15,9746
-43,7395	6,7340
-16,1491	15,5159
-32,9917	24,4943
-10,8409	6,0787
-17,7218	5,9480
-11,0376	18,8583
-14,1828	16,1058
-17,3943	18,0064
6,1989	8,1104
-19,0328	10,9286
3,1843	16,3025
-15,2316	14,0741
16,0291	7,4550
-26,1106	6,3409
8,7548	3,5884
-12,0859	1,7533
-4,9423	3,2604
-11,3647	-8,6016
-6,8429	-0,1475
-3,0415	-13,7137
8,2302	-41,6315
6,4612	-10,4367
-0,8137	-24,6582
10,8522	-30,8839
2,0699	-21,7089
14,3911	-34,8161
-1,1413	-19,6772
23,4349	-9,1916
-6,2529	-23,2817
23,1728	-15,4829
-3,7625	-16,7280
25,9908	-2,3101
-8,2187	3,1292
32,8721	-3,6209
13,2114	-5,5213
17,2089	-4,2105
2,8568	-2,6377
-4,1557	8,6345
3,7088	1,4908
-3,6318	-11,2227
-2,3863	15,9746
-19,8847	-8,5361
8,2302	-7,4217
-33,7129	2,6706
-15,5591	-6,3078
-32,9918	-2,5723
-1,0760	-35,2747
-26,2416	-27,5412
-9,0713	1,0320
-10,1194	-22,2989
4,2981	-20,0050
-12,3476	-18,4977
7,0509	-25,4445
0,1045	-23,7405
3,5777	-20,1362
14,3258	-27,6071
5,2160	-12,6651
22,0590	-21,3814
0,3009	-23,0197
27,5640	-12,4028
-4,4179	-18,8253
12,0973	-14,0410
-11,7578	-4,2108
10,9173	-11,4851
-24,0132	12,4355
-8,6780	-5,5213
-14,2484	11,9114
-22,7028	3,2605
-23,4888	1,0980
-28,4700	7,0618
-20,9984	1,4911
-18,4432	11,1251
-17,0008	16,0401
-36,4654	1,9499
-7,7604	0,5083
-34,7614	16,0401
-3,5661	-10,1087
-27,2247	13,6155
-12,3480	7,3892
-17,2631	-6,7006
5,2154	16,8268
-22,8990	7,7171
-0,2893	12,5014
-6,5805	27,4434
2,7253	-0,4747
5,5438	10,2734
4,2983	23,3802
9,6728	23,0524
13,6701	13,4843
33,3312	2,0812
8,0342	6,8653
37,7878	8,4380
13,3427	2,6053
39,4917	-3,0964
18,3891	-4,4726
40,7367	-7,4219
9,0831	2,0153
39,5571	-4,8662
18,5857	-12,4026
27,3673	-8,1429
27,1055	-19,0874
21,4690	-7,5530
37,0014	-7,2255
21,9933	-13,9756
31,6274	-12,2716
8,5584	-8,7326
28,3505	-5,2592
2,5291	6,9960
26,5153	-1,5237
3,9053	3,3263
9,9345	8,0448
-2,5171	12,8289
9,2789	12,5013
-10,8402	19,2515
12,8177	6,2099
-14,3793	11,6495
-11,6269	12,0425
1,7425	2,6711
-11,2993	4,7025
12,0972	-6,6353
-8,9401	-2,8343
9,3448	-3,4243
-1,7310	-18,4320
16,8159	-18,4320
-0,8134	-31,9325
15,7018	-14,2378
-4,8108	-15,8764
26,7117	-23,3472
-4,8108	-9,5192
16,7502	-10,4368
-0,6166	-17,4488
3,8396	6,6682
9,5414	-6,3079
0,2350	-13,7131
-2,3205	12,5010
3,7084	2,4085
13,2768	6,9961
-16,3456	5,6852
12,0316	-5,1934
-23,4232	6,7339
6,1334	2,8017
-14,9036	-14,6307
20,7477	3,0641
-16,6731	-1,3926
3,3153	0,5080
-9,3984	9,6829
11,7037	10,9936
9,2137	3,3916
15,7015	-2,8998
21,2724	3,6539
15,5705	21,1519
18,5202	0,3115
15,5052	-0,0159
34,9696	19,9725
13,9325	10,7318
34,5109	11,8461
12,4253	11,0595
37,9842	15,1227
15,8988	21,2175
29,3987	6,0789
14,6535	8,2417
9,1482	11,2561
11,7700	14,5985
16,6847	26,6571
13,6048	15,5159
8,6892	3,9819
24,2870	30,2615
-18,1805	12,4358
22,6487	6,4723
-4,8768	25,0186
10,7865	10,2073
-8,3499	8,6349
15,9638	16,3679
2,5946	10,6007
24,6146	15,5814
1,4150	6,9307
27,4982	0,6394
12,4908	8,4380
23,1728	6,5375
27,2365	16,3679
11,5731	8,4379
29,5959	5,4234
19,7650	10,2073
36,9358	-2,9653
9,8692	3,0641
29,9234	6,7339
8,1653	-8,2082
27,4328	2,3432
-7,2356	9,0278
17,7991	7,6515
8,8860	5,0302
2,2011	13,3532
-20,2772	14,7295
0,8903	16,3024
-13,5929	14,1396
-11,3650	9,9456
-7,2359	20,8899
-32,0745	4,3094
-2,8450	18,5306
-22,1786	8,5036
0,7594	5,2924
-25,3242	14,7296
3,7086	-5,3902
-8,4812	-12,9919
12,6868	17,8751
-12,4132	-3,4898
19,7649	-4,6692
-7,6944	3,1293
15,5052	-15,0240
12,2942	-0,8683
19,7649	-5,3249
11,9011	-15,0897
12,6871	-5,4560
25,9256	-18,0388
2,4634	-9,9123
24,6148	-3,8175
-7,6948	-15,6138
16,7504	6,2096
-5,4665	1,9497
14,8497	12,3045
-6,5806	19,9065
7,5096	5,6198
-8,8742	1,6880
22,7793	17,9408
-10,9058	19,5791
13,7356	8,8969
6,4613	8,6349
-0,2236	7,1275
10,0659	25,6741
1,6114	15,7125
23,0420	19,0550
3,2498	14,0085
28,0881	14,2052
-4,2213	4,5714
19,6341	5,0302
9,4103	-8,9290
13,4735	6,1443
4,7576	-0,8683
29,4641	-5,3246
2,7914	0,5080
29,5953	-9,8467
11,0489	-0,7372
18,5198	-9,7813
11,1801	-5,9800
2,1360	-3,6210
20,0930	-21,7742
2,3324	-14,4342
12,8184	-7,2909
1,7426	-11,6818
7,9029	-4,8659
-17,0661	-1,9824
13,2767	1,2943
-19,6222	-6,6354
10,3275	3,9160
-20,3431	2,2775
0,4971	6,4718
1,2838	-15,2862
-3,1731	1,7533
-8,2844	-0,1475
-1,4036	-8,9948
4,8227	-16,2693
-12,3479	-7,2910
1,8738	-17,7768
0,6938	-14,3035
10,0657	-20,3328
-7,3669	-21,3159
15,4396	-29,9012
-10,8402	-37,1755
13,4079	-39,3382
-9,2673	-21,6436
6,3955	-37,1101
-4,0245	-17,5148
3,5772	-28,1972
0,8906	-32,8500
-7,6295	-12,1407
3,1188	-16,0075
-17,9187	-11,6819
3,9708	-8,3396
-22,3750	-17,7768
12,6869	-11,5507
-18,1807	-4,4730
7,7718	-18,8253
-14,2484	-13,2546
12,6212	-6,8978
-26,7656	-6,6357
4,8225	-18,7597
-11,8235	-10,5022
-4,6802	-5,3905
2,2669	-12,2718
9,1476	-11,5507
-2,5828	4,1778
-3,8938	-14,7620
8,2964	-7,2907
7,0506	-7,5529
18,3231	-10,5675
-7,7605	5,6199
6,3956	-7,2908
-21,9817	5,3578
1,5458	18,6614
-14,9693	-11,4850
-0,2895	-7,2250
-32,2708	26,0670
-22,3093	3,5881
-23,2923	5,6855
-8,9403	3,3916
-9,9886	-0,8681
-11,8240	18,5960
-12,7409	8,4378
-17,7875	-9,3222
4,1017	2,6052
-10,3164	-2,6377
7,5751	-1,8511
-19,8846	9,0276
5,1503	-6,2422
-19,2290	3,2603
14,2596	-20,6601
-18,3771	-5,9800
2,7254	2,9981
-19,7531	-15,6139
7,0507	3,1950
-6,9737	0,1146
-2,9764	-2,7689
-3,4347	-7,9462
-5,1390	-12,0747
2,0703	-11,6161
-11,4960	0,3767
14,9808	-10,7643
-13,1345	-1,3926
9,0825	-14,4345
-22,5714	-14,1066
12,0315	6,0127
-20,1466	-10,6990
2,9876	-12,5993
-17,9837	-4,9972
5,9366	-3,4900
-8,9397	-7,9461
-1,3380	-5,9801
-1,2065	-12,5991
4,2982	1,2944
-2,1239	4,3090
1,3492	0,2460
2,5290	-1,9166
-4,1557	10,4041
24,7456	6,3411
-13,0685	25,2153
15,7675	18,3995
1,1529	21,4142
24,4180	14,1398
14,7844	5,0304
22,6485	16,7611
2,5950	0,1804
30,3819	-2,5065
23,8286	-3,0310
20,8792	-20,7256
35,5597	-16,2693
29,5955	-12,0751
45,1279	-17,5802
27,8261	-31,0806
42,5064	-28,3281
13,2773	-23,6095
28,4817	-8,5364
10,3937	-30,0322
40,5400	-36,0612
12,6873	-24,0026
27,3672	-17,0559
3,3814	-15,0898
23,3695	-29,5077
12,8184	-27,0827
4,9538	-3,3590
14,5224	-20,9882
1,4804	-30,0974
10,7213	-17,5145
-3,6314	-20,9880
27,4983	-9,3882
-5,4666	-9,3884
7,7067	-21,9712
1,3493	-20,9225
2,5947	-25,5755
-1,3374	-23,4783
25,2697	-8,0120
-18,3769	-24,4614
13,7355	-11,9440
-3,6971	-17,0559
-2,7142	-15,8762
-1,0099	-18,5630
-12,8723	-3,0312
2,5945	-19,7428
-11,9548	-21,8400
-4,2210	-17,3178
-11,9547	-5,3906
9,8691	-29,4420
-19,0324	-24,8544
9,9344	-6,6354
-22,0469	-1,1961
7,7063	-19,4805
-12,1511	-0,0817
6,5920	7,6512
-7,3015	-4,8003
-1,7967	5,0956
-13,7893	-8,2738
0,1694	7,8482
4,4950	3,9814
-11,6271	5,7510
3,2499	6,2752
-24,2100	-7,4872
3,5122	-4,1447
-19,7536	9,1589
-6,4496	14,2050
-29,1250	8,8967
-4,0904	18,4651
-21,7195	8,7657
0,3659	18,9894
-13,9208	15,3848
-11,1684	13,0257
-14,5759	12,8290
-5,3359	1,4258
-13,3308	19,3827
-17,1977	11,9113
1,3492	2,3433
-24,6690	7,1929
-9,9229	1,1634
-22,1131	1,2945
-7,7604	-0,2784
-34,4336	-13,1235
-1,6001	-13,4512
-32,4676	1,1630
-6,5808	-25,7065
-28,2076	-6,4390
-12,8069	-15,7452
-27,6177	-19,1528
-12,3483	4,5709
-13,5931	-19,1531
-26,1108	-12,9925
-4,5490	-3,4899
-13,0037	-18,4320
-13,0029	-13,1235
-13,9863	-10,8299
22,8450	-23,6748
-9,7266	-2,5724
15,8328	-24,2648
-1,1411	-17,6455
20,2891	-3,1623
-2,9105	-12,5339
8,6238	-10,7643
-4,2210	-13,1893
9,4099	-16,9247
-0,2889	-6,5700
-5,0079	-24,5268
-7,5635	-17,7109
-7,7605	-11,6163
-7,3670	-20,1359
-24,7343	-6,8978
6,7888	-18,7598
-29,0597	-26,3620
0,2351	-13,6481
-31,3533	-35,2095
3,7084	-44,7120
-33,9748	-20,4640
-1,5345	-30,1635
-21,6537	-34,1609
1,8076	-37,5033
-20,0807	-37,9621
-0,3549	-23,4130
4,2986	-33,7023
1,6768	-27,6727
12,2940	-9,0607
2,9220	-28,3282
21,4689	-14,3032
-10,7093	-2,7036
22,7797	-19,4151
-11,5614	0,7702
10,3278	3,5880
-15,6246	-1,6546
7,0507	11,4524
-25,0618	-6,5697
-5,0080	2,2122
-9,9885	17,1542
-8,8094	4,5712
-19,0979	-2,5720
0,1037	1,9499
-1,4688	-0,5404
-19,6879	1,2944
19,0442	-14,6963
-9,9886	5,6854
26,9743	0,3767
2,3978	-19,2184
34,0520	-8,9292
4,1674	-7,8152
17,5369	-19,6116
3,5122	-10,0434
15,6361	-18,6288
-5,4662	-15,3516
0,8902	-2,9656
-18,5079	-17,3834
-7,5640	-5,2592
-11,9546	-4,6039
-19,0985	-9,0601
-13,9863	8,1757
-30,5673	-2,1136
-13,0689	-10,2396
-46,8202	14,5984
-19,2947	-6,4389
-32,0091	-4,6036
-19,9505	12,7632
-41,6427	-2,7688
-14,3144	-10,3054
-40,5285	-7,7496
-25,4555	-6,5045
-36,6619	0,9010
-15,4286	-17,2524
-26,5037	-16,5315
-15,8218	-19,8084
-12,2169	-24,7234
-19,5571	-17,7768
-0,2238	-28,5247
-25,9796	-18,4321
10,8518	-5,8494
-22,3750	-22,2333
-3,0417	-24,1991
-22,9645	-9,2572
-0,4203	-14,5000
-11,3647	-17,5799
4,2326	-5,7837
-15,4932	-4,2107
6,1988	4,3090
4,4952	-12,8615
-1,4689	-7,3563
5,8060	2,5395
3,1187	-15,3517
16,6195	-8,3392
0,4317	-3,7519
14,9810	-11,6161
-7,8911	-5,1280
25,6632	3,1294
-12,2821	-16,1381
13,9323	-0,2128
-5,8594	-4,4728
15,8982	-6,4388
-9,9227	-7,8807
10,1967	-7,5530
-3,5001	-8,3394
8,0339	-8,6671
4,1677	-15,4828
3,3153	-12,9271
6,0682	-16,2038
16,2259	-11,9440
21,6655	-19,0219
-3,1726	-19,0874
24,8768	-6,1114
-6,5150	-12,7305
12,4905	-24,0681
-16,8039	-10,6988
17,0780	-9,1260
-17,3938	-6,6357
6,1335	-8,7983
2,4634	-22,6917
2,0701	7,9790
-0,6166	-7,8151
3,9704	1,0980
5,9369	7,4549
-12,6102	1,0324
3,2500	-0,7368
-13,2655	20,6932
2,2013	-3,7517
-20,0156	2,7366
2,1357	15,1226
-23,5545	-6,6353
3,7741	-6,2420
-17,7217	-2,3755
7,1818	-5,4558
-17,1317	2,8671
0,3661	-22,4297
0,4318	-7,5530
-6,0566	-10,8955
-1,0754	-16,3347
-6,3187	-16,9247
5,5436	-8,7327
-11,9547	-7,9463
8,8860	-3,0312
-14,7071	-18,1700
11,9660	-23,0848
-23,8166	-0,9996
10,1310	-0,7375
-13,5276	-4,0142
-4,3526	-14,4344
-20,6709	-11,4851
-4,7458	5,2920
-14,5760	-1,5895
-8,1537	-12,9926
-5,7286	-0,8683
-8,3503	-5,8493
1,8737	-10,1088
2,0700	-15,0897
14,7189	-7,0287
11,0486	-2,2445
28,9401	-4,2107
3,0533	-7,5529
28,2194	7,5203
2,3981	9,2898
30,7750	-3,8173
1,2840	1,7532
19,1752	-1,1958
9,0827	4,5058
6,5264	4,0470
4,4298	1,4912
7,6406	8,4378
8,6241	-12,0092
7,6405	4,0472
9,3449	-13,7789
8,8203	-21,5119
11,1798	-5,0624
-15,6244	-4,2108
11,7042	-9,1916
-19,0979	-11,2888
15,9639	-20,2671
-11,2336	-12,2061
12,9489	-14,1723
-32,2049	-13,7789
11,3106	-4,7351
-23,1612	-14,9585
-9,3332	-16,4659
-8,1534	4,1122
-13,5278	-11,2232
-6,8428	-5,1937
-15,5595	-0,6718
-3,3694	-8,2083
-23,5547	-2,1790
2,2666	-5,6524
-36,0719	-0,3439
-0,8790	10,9280
-18,8360	-0,4752
-2,1900	-7,5528
-26,3724	-7,4873
-9,6612	-4,5384
-23,0956	3,3260
-10,4477	-7,1598
-26,7656	-6,8975
-21,6543	-7,6186
-13,2654	-15,7450
-16,8047	-25,6407
-15,9524	0,0492
-38,6935	-16,0728
-7,8915	-20,2013
-39,0213	3,3915
-7,6948	-1,2616
-33,9749	2,9327
-7,3017	-6,4390
-32,5984	1,2290
-2,1902	10,0762
-29,0596	-2,2446
-9,7923	-5,7833
-9,9230	12,9599
-7,8263	2,7362
-10,9060	-10,6985
-9,6610	2,4086
3,1188	6,4718
-16,5421	5,6197
10,5246	0,7045
1,6115	-6,5043
27,6293	8,3067
-7,1048	-5,3905
23,5662	0,4426
2,3981	5,4885
24,4180	-12,5991
5,6093	1,7532
21,4032	-6,4388
-1,1408	-2,5721
8,5582	3,6537
11,7041	-3,8172
13,9319	16,1057
7,8373	10,2072
-3,5661	3,2605
17,0779	4,1782
0,3002	0,3771
2,7909	1,6224
-18,2461	2,8674
11,3760	8,5037
-17,9184	10,0764
7,7717	16,8265
-15,1002	2,0810
18,5852	13,3533
1,0217	7,8481
5,8713	9,3555
13,0807	15,3845
6,7888	-5,1280
6,0683	0,6391
1,0217	-10,3053
8,8209	-11,0263
1,8736	1,5566
10,0003	8,5032
-18,4425	-7,4875
18,1267	3,9158
-11,2992	-16,5969
11,3763	-7,1594
-11,4957	-7,2909
10,7864	0,8356
-6,1874	-0,9996
-7,3018	7,7169
-12,2164	-5,8492
-0,4862	2,2117
-10,2505	-19,5460
-9,6613	-5,7833
-6,9737	0,3767
-18,7705	-11,7474
10,0000	-2,1135
-13,3965	-0,8684
11,6384	-14,7620
-8,5467	-5,0626
19,3060	-13,0581
-10,5127	-5,8489
11,5073	20,6273
-13,0685	-8,3395
13,5388	-4,6036
-12,8064	8,7655
5,8055	-1,5890
-0,7478	9,3555
-3,1075	3,5227
2,5289	-1,4578
-6,3188	20,5622
5,4126	3,9158
-8,2191	-3,4239
8,4272	-0,7371
-20,6707	-4,8001
19,7649	8,3724
-13,0031	14,4670
24,5491	6,0132
-11,7578	11,2560
18,8474	-5,2590
-2,9103	6,3410
9,3444	20,9552
3,1846	-6,5041
8,8856	4,7682
0,4320	17,2197
-0,7481	18,0716
1,9393	11,1249
3,8394	-5,1278
1,6771	15,7782
-11,3647	17,7441
17,4711	10,0766
-5,7941	22,2008
20,8790	22,0040
-0,3547	14,1399
16,0293	20,1037
9,1482	18,6617
18,9783	11,9116
4,7575	23,3801
18,7818	9,9454
14,7845	6,6687
8,0995	6,0786
16,4229	-4,9312
-5,6629	18,5959
19,2410	-0,9994
1,4804	-0,1473
20,7482	-1,4581
10,3933	-4,9314
21,9932	-8,7979
4,5607	13,0256
21,1413	7,1271
0,1045	7,5205
27,5639	6,3409
16,6196	1,3602
26,8428	7,1928
20,5518	-8,6014
24,0904	2,2123
24,7461	0,5734
15,9639	-11,8782
25,4014	3,9159
-2,7794	-6,1768
22,7144	-12,0748
-1,5998	-1,7203
18,2578	2,9328
-5,5318	-1,7203
15,6362	-6,9629
4,6915	-6,1766
8,8857	9,0935
-24,2096	16,6300
0,8903	14,9915
-26,7000	4,9646
-8,9403	3,9161
-20,2778	7,5208
-16,8046	22,3316
-9,1367	5,6856
-30,6983	12,0426
-3,8936	8,5036
-20,7369	10,0110
-2,1899	7,9136
-26,1105	0,7702
6,9197	-8,5356
-21,3262	5,2923
9,1480	-11,9439
-18,8356	-2,8999
4,9537	-1,5895
-4,5487	-16,2037
8,6237	-6,1769
11,7699	-22,7577
4,0361	-22,6263
2,2019	-8,5364
12,3593	-17,7114
28,2193	-32,6534
1,1527	-14,7620
22,9765	-16,2695
-5,5319	-2,5069
17,5368	-19,2842
-8,4156	-12,0094
9,5412	-8,9948
-20,1464	-16,2038
12,2280	-8,5359
-23,1611	3,1294
-9,9232	-0,9994
-19,8842	-2,1790
-6,2532	-12,7957
-0,8791	-4,9969
-23,7514	7,9790
-6,9736	-8,0774
-8,2195	-16,4001
-2,7796	11,6491
-24,2754	-16,5315
4,5605	-7,8804
-18,5739	2,7361
-3,9593	-12,6647
-16,8696	13,3531
4,6260	-1,9170
-6,1873	-11,0262
10,0000	3,4572
9,0173	-7,1596
20,2237	7,9792
25,4670	1,9497
34,4450	-11,4193
28,8095	11,2561
25,7289	13,5495
35,4941	0,8359
6,1994	12,0424
35,3631	4,8335
9,2794	4,0472
41,5231	1,9500
7,0511	-0,4094
36,3457	6,8652
8,0341	2,9984
12,9492	-5,9797
7,7066	12,8288
15,2428	5,0955
5,9372	1,0324
19,0438	-6,9629
12,7529	-0,4750
4,4950	10,9284
19,9619	-0,4750
5,2157	-0,1471
17,2092	9,5519
-11,8234	5,4888
18,7163	-4,5381
-22,6369	1,8843
3,5774	-1,3271
-21,3917	0,7046
-4,2871	2,6705
-15,1002	-10,7643
2,4630	-9,7813
-9,3987	-22,3642
-0,2895	-15,8106
-3,8935	-10,6988
-8,7435	-21,3158
12,0316	-14,3689
-16,5423	-14,6966
-2,9761	-11,6163
-23,4891	-5,7838
-1,6654	-20,2017
-20,0158	-13,5167
-2,3211	2,2117
-32,9918	-19,5461
-19,0983	-4,4072
-37,4482	-5,3904
-15,6250	-13,9097
-28,1422	16,6953
-21,5889	2,6704
-15,1004	-7,5526
-24,4724	12,5666
-11,0370	2,2774
-13,0690	0,7047
7,9684	1,7534
-11,1028	4,1782
1,2183	14,5327
-18,6393	6,8648
9,4102	-11,0261
-3,2384	9,0934
4,2982	7,1270
-21,0640	1,7532
5,4776	0,7700
-20,0155	-20,5287
-3,5664	13,4840
-18,9015	-3,2931
-11,4963	-5,3247
-17,3288	-0,9993
-23,7515	7,6514
-18,9015	1,1634
-29,5841	4,8335
4,3638	1,1635
-22,1131	6,9962
1,4802	1,2290
-23,4236	3,7195
-6,9082	9,9453
-13,7241	-9,3223
7,0506	-3,4894
-15,8212	11,7801
-3,3040	4,3089
-7,8256	-9,1258
-5,4013	-13,5166
-2,4518	-5,8491
-15,2972	-3,8175
-9,3985	-18,8907
-11,9549	-15,4173
-6,9083	-3,6866
-22,4404	-22,5608
-1,2723	-8,9947
-17,3942	-5,2594
-2,3209	-14,0410
-30,1734	1,8842
13,4733	-3,7519
-18,0495	8,3724
13,3421	5,2264