-89,2803	-119,0288
-69,4231	-112,7371
-65,6876	-102,7760
-85,4796	-112,1477
-63,2626	-129,2525
-77,1567	-118,3079
-77,3530	-120,2744
-87,8390	-140,6558
-65,8188	-133,7746
-88,1012	-140,7215
-71,7170	-135,0854
-97,6037	-135,1512
-64,7701	-150,4865
-84,5621	-151,0763
-73,2899	-148,5860
-89,8046	-149,4382
-65,8188	-156,8437
-74,9935	-153,7635
-73,1587	-155,9920
-66,8671	-155,9264
-71,7170	-169,8201
-57,4301	-171,9827
-94,1959	-169,2303
-74,4694	-178,7986
-84,7589	-180,7647
-74,3387	-186,2698
-100,1597	-185,0899
-76,8945	-178,8642
-97,7350	-194,5928
-97,9316	-179,2574
-105,2714	-182,7311
-98,9147	-197,6732
-101,0772	-193,6099
-104,2231	-190,9233
-97,1451	-197,4114
-87,0530	-214,7130
-94,9170	-225,0019
-99,5703	-217,1378
-98,4561	-228,7379
-111,3667	-258,3600
-84,3004	-238,6993
-119,9522	-238,6998
-104,1578	-259,3436
-125,6537	-270,1571
-119,6246	-283,1987
-140,5958	-267,2081
-121,0666	-274,8761
-143,0865	-286,1482
-143,4144	-278,5461
-140,2683	-276,0560
-135,4847	-293,5541
-131,6178	-317,2779
-148,4608	-303,5155
-133,0595	-302,4671
-143,3490	-317,3439
-131,2248	-324,2906
-159,4706	-317,1473
-131,2246	-308,1036
-160,5194	-336,3494
-142,1039	-329,0748
-171,0050	-335,6285
-159,9297	-325,2738
-174,4786	-332,7451
-170,1536	-332,5484
-178,6074	-328,5510
-181,4261	-332,6797
-189,0279	-343,8209
-184,9650	-359,6150
-181,5571	-367,6758
-200,3007	-358,3043
-188,2419	-367,5452
-204,6260	-383,9946
-188,8319	-378,8829
-217,2088	-387,5994
-189,2905	-402,4106
-207,3784	-398,0198
-195,8441	-411,8481
-214,9804	-416,5668
-192,2397	-426,0696
-203,8396	-432,7542
-213,2767	-436,6212
-207,0506	-444,3545
-211,7043	-460,8696
-205,6091	-459,9522
-232,2171	-450,6465
-207,9029	-487,4779
-229,6613	-501,5024
-217,6680	-504,3863
-249,4530	-502,8136
-221,7968	-531,1910
-248,1425	-534,4677
-235,6906	-536,9584
-258,3660	-544,8884
-258,1696	-557,4059
-254,7616	-570,6443
-266,4273	-576,8046
-261,3808	-573,0039
-271,4083	-593,8444
-258,6284	-593,8442
-277,3721	-584,6695
-262,3641	-594,8277
-290,6759	-606,9517
-267,6725	-608,3934
-279,8625	-613,0467
-261,1192	-606,8863
-291,7244	-613,6367
-275,2093	-633,8873
-284,9743	-629,4964
-286,0885	-629,5622
-294,6078	-646,5362
-273,2437	-646,9294
-306,1424	-648,3714
-297,4920	-658,7917
-291,9869	-666,3940
-300,9002	-675,7657
-310,9925	-665,9354
-316,4323	-684,6789
-308,1092	-704,3396
-343,3677	-709,8446
-317,8741	-701,7185
-348,6762	-718,4303
-325,9353	-739,7951
-362,7009	-738,2224
-341,0086	-744,3175
-367,2229	-757,3593
-355,0335	-773,4157
-372,9899	-777,6757
-353,5263	-788,7515
-361,7181	-793,5357
-367,8788	-816,6701
-365,3883	-832,9884
-387,9985	-810,9687
-372,4663	-839,4771
-407,5939	-852,0598
-393,1758	-843,9336
-407,5286	-849,9631
-398,4847	-860,3179
-439,9033	-874,1460
-412,3786	-874,8016
-451,6999	-883,0594
-430,2702	-905,8658
-450,9794	-907,8977
-462,8418	-912,1577
-469,5262	-931,1634
-474,2453	-940,2073
-489,3183	-948,7929
-492,1367	-961,0482
-480,1437	-971,4685
-507,6036	-981,6922
-488,2703	-988,3770
-519,4003	-995,3240
-510,4872	-994,1445
-536,4395	-1008,0381
-507,7351	-1019,3760
-552,4304	-1013,9365
-534,4084	-1014,2646
-553,3480	-1040,3479
-536,2438	-1046,7702
-565,6692	-1027,9618
-568,6841	-1047,4262
-567,5699	-1070,3636
-582,3814	-1064,1378
-572,2886	-1063,5484
-590,1151	-1083,9956
-593,3913	-1099,3310
-610,4965	-1100,5109
-587,0346	-1103,7223
-617,8367	-1099,3316
-607,4819	-1125,4805
-621,8999	-1133,6724
-616,7883	-1134,0004
-648,9007	-1139,3089
-624,7183	-1146,3869
-640,6434	-1154,5791
-637,1705	-1158,3804
-650,0152	-1174,8955
-654,1443	-1192,0660
-643,5274	-1206,0907
-657,4869	-1195,2122
-651,1952	-1226,2107
-663,4506	-1227,1938
-653,2926	-1228,8325
-685,4051	-1235,9761
-659,7807	-1245,2167
-697,0049	-1263,8945
-675,4439	-1253,8020
-694,7114	-1252,7539
-685,7988	-1274,0530
-693,7287	-1282,4415
-716,7976	-1274,9051
-718,1734	-1274,5120
-709,8509	-1297,5808
-709,4576	-1309,0493
-730,5603	-1294,0417
-706,2463	-1309,1807
-729,1187	-1314,3580
-704,3459	-1312,1953
-725,7763	-1304,2001
-722,5649	-1304,3967
-729,1183	-1309,3774
-702,1835	-1306,1005
-743,4707	-1296,2701
-721,9749	-1293,7142
-713,8484	-1299,1536
-717,1256	-1283,1627
-719,4188	-1284,9977
-709,2611	-1284,1457
-703,4936	-1285,4564
-703,7561	-1288,0777
-697,3333	-1268,8102
-708,8677	-1275,5606
-687,9615	-1289,1263
-706,1805	-1282,1138
-675,4440	-1276,7401
-693,0731	-1291,8131
-670,7253	-1288,5364
-677,4753	-1285,5872
-667,7105	-1261,8633
-672,2976	-1258,8490
-647,4597	-1280,8031
-650,7364	-1266,8438
-648,9669	-1256,4236
-627,2086	-1252,1637
-625,5706	-1235,1897
-626,0289	-1221,1650
-636,4491	-1209,1061
-602,5670	-1206,7465
-640,5780	-1200,7169
-614,0357	-1171,4222
-637,4321	-1158,7737
-603,8121	-1152,8097
-630,9441	-1148,0253
-614,7567	-1136,6220
-620,2615	-1132,0998
-613,0526	-1123,3177
-616,3947	-1110,6693
-599,6833	-1087,2729
-592,4084	-1077,5080
-601,7804	-1073,1168
-599,0271	-1061,5168
-578,1873	-1057,7811
-583,2332	-1053,5865
-581,9882	-1034,9741
-571,5678	-1017,7380
-587,2964	-1008,6283
-569,7327	-997,8147
-581,8567	-989,0982
-551,0550	-977,2359
-578,1867	-959,6722
-559,1812	-949,5794
-573,2711	-950,3657
-544,0424	-927,5589
-547,9087	-918,8428
-530,0175	-907,9636
-520,1868	-912,1577
-525,9543	-891,8414
-509,4388	-878,9966
-528,2477	-894,3971
-487,8117	-883,2557
-506,6863	-880,9620
-496,2001	-853,2403
-501,3774	-859,4006
-473,1313	-860,8421
-488,1389	-853,7641
-467,2985	-818,9645
-486,6311	-840,9191
-448,8827	-825,8452
-453,9286	-812,8036
-460,8757	-790,0627
-440,7555	-805,0045
-438,9866	-771,8430
-423,0609	-757,2940
-427,4522	-736,9122
-428,3037	-755,2620
-437,1511	-730,4890
-402,2859	-726,7534
-430,5321	-711,9421
-404,1210	-701,8496
-432,2357	-705,5193
-408,5773	-676,6833
-419,1284	-674,3243
-407,3977	-674,6517
-417,4243	-678,5180
-404,5795	-669,9328
-399,1397	-640,5072
-390,4893	-658,1363
-379,8721	-644,5701
-390,0303	-625,4335
-376,4640	-619,7319
-380,7240	-622,9429
-361,2596	-600,4638
-375,8086	-591,4854
-345,4654	-595,4827
-380,4614	-573,9213
-347,9556	-554,5227
-360,6693	-557,6682
-336,8800	-547,7722
-360,6036	-549,1481
-340,8119	-529,7494
-339,9598	-512,3169
-336,0277	-522,9991
-318,0050	-519,1978
-331,4403	-506,8769
-319,3155	-507,6633
-317,4153	-508,9084
-296,9024	-501,5683
-311,9101	-493,8349
-283,4017	-476,0751
-296,8366	-504,7140
-276,1270	-493,0484
-290,8725	-480,6623
-265,7723	-479,4170
-290,6756	-473,0599
-266,6895	-476,4022
-268,1966	-470,5037
-252,2062	-444,5518
-252,8612	-474,3049
-258,3664	-454,3162
-235,9528	-457,2654
-264,8544	-449,0077
-242,0476	-440,1604
-261,1844	-454,7091
-239,7540	-440,0291
-272,9807	-419,0576
-249,3222	-434,3274
-260,9875	-424,7589
-230,3826	-418,0743
-265,1162	-398,6756
-239,0328	-398,6755
-225,3358	-396,0541
-239,4917	-382,0291
-227,2359	-373,6407
-203,1193	-387,2063
-198,2692	-376,1306
-220,3548	-372,7228
-189,7492	-379,1451
-203,9053	-375,1473
-179,1979	-362,9575
-212,0969	-350,3091
-184,0472	-343,4278
-187,3898	-346,0491
-171,6612	-329,1405
-203,6423	-311,6427
-169,7604	-323,4389
-184,1781	-315,9020
-175,3965	-300,8287
-180,3767	-293,9475
-165,6317	-297,8795
-168,5803	-293,3571
-171,3332	-277,1044
-143,9389	-282,5438
-159,1437	-278,8736
-151,0822	-276,0555
-162,0270	-261,9653
-138,4338	-267,1427
-157,4393	-274,1549
-124,4747	-278,0867
-153,3760	-249,2512
-137,9093	-257,6399
-144,7250	-269,0427
-139,8100	-247,0882
-136,4673	-244,7943
-137,7128	-227,1652
-143,2828	-234,7673
-127,0958	-245,3837
-118,9036	-210,5187
-120,7388	-211,1086
-113,8573	-224,0845
-123,5567	-208,9455
-120,4764	-199,7706
-122,7045	-219,0381
-106,0584	-203,1126
-131,2242	-199,3118
-106,8449	-187,4496
-128,6027	-195,7071
-99,0463	-191,1196
-127,8818	-192,1679
-124,6051	-177,0293
-112,6118	-178,0778
-111,6293	-182,6652
-105,8617	-182,0097
-126,1126	-171,9826
-100,2910	-153,2395
-114,7094	-177,6843
-98,4562	-167,4604
-126,9644	-157,1714
-99,8980	-157,1060
-126,8333	-162,2832
-101,3398	-153,0427
-124,0152	-159,5308
-106,0585	-158,7444
-118,3134	-167,0674
-114,4471	-155,1398
-123,4906	-152,7153
-99,6359	-168,7058
-109,3350	-168,3780
-101,0776	-144,7196
-93,0821	-147,6688
-111,3669	-162,2830
-94,8516	-149,7654
-123,6220	-118,7671
-93,8031	-127,6801
-106,7793	-137,4447
-93,1479	-130,1045
-118,5755	-125,0584
-88,7568	-120,0776
-105,3371	-130,0391
-81,3511	-131,0219
-92,2297	-110,9024
-76,9600	-113,9173
-68,8987	-123,7474
-70,0133	-102,1860
-71,7822	-104,1523
-66,6707	-103,3001
-48,0584	-99,6300
-80,9576	-101,3994
-49,6967	-85,4742
-81,5473	-86,8504
-47,8616	-98,9743
-69,1609	-75,5125
-46,1579	-85,7362
-73,4205	-82,1970
-51,1385	-78,9859
-66,0149	-89,4060
-56,0537	-72,1699
-53,6941	-71,2527
-61,2311	-80,4274
-47,9269	-73,1529
-60,7723	-78,0027
-33,9676	-87,3085
-43,7330	-81,6725
-29,2491	-79,7065
-46,4851	-67,9757
-13,7825	-84,0976
-32,8535	-90,1923
-19,6151	-66,7305
-26,7585	-79,6413
-19,9428	-92,8793
-32,9842	-81,9347
-26,6275	-79,3135
-37,5717	-70,0729
-19,6152	-78,5926
-24,7269	-75,9054
-27,6761	-73,9395
-27,0863	-82,6555
-35,8683	-80,5584
-15,5520	-64,6986
-48,9100	-62,4051
-24,6614	-68,7619
-44,7155	-62,0772
-20,9915	-69,0240
-55,6598	-55,5890
-14,4377	-55,7203
-35,4092	-66,8612
-26,2342	-54,2127
-27,8068	-44,5792
-20,9257	-51,2637
-12,0127	-53,4262
-26,6275	-41,1055
-16,6000	-35,4695
-22,1055	-49,8872
-17,2555	-55,7197
-24,7924	-32,3890
-8,9980	-26,9498
-25,7099	-43,9235
-3,2963	-44,1200
-18,0420	-43,5957
2,4708	-41,2365
-19,8768	-42,4818
3,1918	-53,6226
-10,2428	-53,0328
-8,8667	-39,0738
3,7165	-51,5256
7,9758	-49,9528
10,4665	-43,5302
1,9466	-45,7585
17,6099	-49,6906
-5,3935	-48,5764
12,4982	-28,3260
-2,0510	-55,3923
22,4595	-52,3773
-11,1604	-30,0298
12,1051	-31,0130
3,5197	-37,3042
9,5489	-38,6149
-13,1262	-39,5978
8,1726	-35,2068
3,5197	-29,8984
-2,6410	-15,8083
2,7986	-12,9904
-9,4569	-28,7843
-5,0657	-25,2453
-10,8988	-31,3401
-2,7067	-30,8157
-31,8047	-6,3710
-2,5756	-15,3496
-27,8725	-35,4033
-14,1754	-10,3031
-37,6371	-9,5823
-8,6704	-16,7257
-12,4058	-31,8643
-8,2117	-25,1140
-14,6994	4,6390
-3,8864	-14,4977
-15,4858	-22,9515
-7,4252	-16,2013
-8,4080	-12,4004
-13,3236	-15,8081
-3,0341	-17,3810
-20,5981	-11,1551
-9,1289	-9,0579
-24,2024	-23,0826
9,0243	-21,7716
-22,0397	-12,7277
-8,9979	2,6076
-7,8838	-0,8003
0,4390	1,1659
-19,1559	-3,8804
2,4052	-1,9796
-14,3061	2,3456
-2,5100	-7,5502
-0,1504	9,4891
-7,4906	6,7363
12,9567	-11,9411
-11,8160	-8,2056
13,7433	-5,5843
-6,4420	-4,6669
18,0029	-14,2351
-0,0850	-6,0432
4,2403	-5,4534
-14,3716	-9,9754
16,6266	-24,9829
-2,7064	0,1829
-12,9300	8,2434
-7,8178	-29,5705
19,5756	-7,6812
1,0294	1,8865
9,9421	-8,1404
23,1150	-5,7810
7,4518	-21,1819
25,9331	-12,1378
4,4371	-3,1595
18,5929	-14,8904
-15,4203	-13,3175
11,7116	5,0981
-16,9932	-4,2735
-7,8838	-2,3730
-17,2554	-2,8316
-14,6343	8,3095
-27,9378	16,3703
-16,1417	-4,5355
-13,1924	0,4453
-30,8874	8,5062
-18,5007	5,5570
-23,4819	-7,6812
-18,5009	-8,9917
-35,6058	11,4552
-18,3042	0,6415
-31,2148	-15,3490
-8,3430	-13,9072
-45,0428	-4,4048
-6,9010	-22,0994
-33,7708	-24,3276
-19,2220	-26,4247
-44,6496	-7,6160
-27,3482	-4,9948
-21,3844	-20,0678
-28,6592	-14,8903
-35,8021	1,6900
-27,5449	-3,6838
-3,8863	-0,9967
-34,8852	9,4890
-13,5200	9,1614
-28,9213	6,2778
-13,4546	1,4282
-38,9480	2,6079
-2,4446	6,7366
-21,1224	-1,4555
-30,4939	-1,2588
-34,4912	-7,4191
-22,8919	8,5059
-23,0881	1,0348
-24,5304	-3,5528
-23,9400	-9,7786
-23,8095	-5,2566
-25,9063	-3,3561
-32,1326	-2,0454
-16,4694	-8,2711
-35,1472	22,2685
-20,5982	4,0494
-35,6715	-14,1036
-26,4964	15,6498
-50,0891	29,4120
-15,0276	12,3074
-41,5696	15,9120
-30,3630	19,9097
-26,6272	21,6791
-21,9091	14,2080
-28,0691	23,1866
-20,6639	24,4972
-28,8556	22,9244
-39,9314	18,8612
-20,1395	19,7131
-36,6548	10,2759
-24,0717	24,6281
-42,2908	3,2633
-26,2345	-1,2586
-58,8713	3,0666
-29,7734	-16,4631
-52,5143	-10,4994
-35,4094	-1,3900
-55,9876	-0,8004
-37,1790	-5,3878
-41,1764	-12,2034
-44,4535	-2,1765
-29,9697	-12,4000
-32,7229	-0,2757
-38,8173	-4,3390
-58,4782	14,8631
-32,5258	17,2222
-58,0853	4,0497
-41,7665	6,4091
-58,7404	9,7514
-33,9024	13,3558
-65,2284	7,8507
-37,4413	16,9605
-62,3448	14,7976
-37,8346	13,9457
-59,1333	7,1954
-38,4242	11,1277
-38,2274	19,0574
-40,9145	11,6518
-22,3676	3,0668
-40,1936	15,9775
-19,9427	6,2780
-50,6139	15,8463
-31,4770	9,7515
-35,9993	11,5210
-30,6256	21,4824
-58,4125	11,5865
-42,6186	14,1424
-68,4394	16,7639
-45,2402	25,2834
-57,6917	11,6519
-52,6459	14,8635
-73,7479	24,5626
-50,4175	20,2371
-49,8932	10,6035
-72,2410	13,4872
-41,2424	16,3706
-70,0784	18,4021
-43,7981	13,0936
-56,0536	-0,6032
-41,0458	10,9967
-59,5923	2,0835
-34,5575	-4,0111
-53,3663	-6,8292
-37,8344	3,1321
-50,2204	14,8629
-41,9632	5,8187
-50,8758	-13,1208
-48,1236	0,8384
-36,8512	5,9500
-41,1770	-16,3320
-32,1983	5,8192
-53,8909	15,3218
-41,1111	16,9601
-50,0242	1,1661
-36,7860	0,7731
-66,0806	18,7299
-53,1043	16,8946
-61,2308	6,0815
-53,3013	11,5864
-70,7990	7,9164
-54,5465	12,5039
-67,3912	8,7030
-65,5564	11,0622
-67,9808	18,2711
-70,8647	22,5964
-50,1552	11,3899
-56,3159	20,6305
-53,8909	20,6304
-75,2555	23,3175
-38,1622	21,7446
-70,9959	23,6453
-50,5484	32,7546
-68,1121	21,6792
-51,4661	27,8396
-64,6386	22,1380
-62,9351	34,3277
-78,7943	25,1527
-61,7554	31,0509
-69,4229	33,2790
-69,7509	32,8202
-63,5247	25,4148
-65,0980	25,0216
-50,4831	36,5557
-79,3191	23,7762
-58,8716	12,8975
-70,8648	23,5141
-42,2256	8,3098
-71,9134	28,2327
-48,3859	14,9943
-69,8160	1,3632
-51,4006	13,9458
-71,5855	9,6859
-60,1824	10,6690
-69,2916	16,3707
-47,4686	14,0113
-65,4905	21,3513
-52,5148	7,5888
-50,8761	27,4464
-63,5903	22,2033
-39,2107	18,2713
-59,5928	24,8249
-40,3904	28,1673
-73,8138	32,0337
-51,1381	26,4633
-61,2962	27,4464
-26,3003	24,6283
-59,9200	27,3808
-54,6115	32,2959
-43,9289	15,0599
-40,5871	23,7764
-43,5357	16,4361
-27,2832	22,3999
-27,6761	19,7784
-36,1958	8,8996
1,8149	19,9096
-33,3124	20,1060
-11,4230	15,2565
-33,2466	15,1910
-2,1825	21,1546
-39,4069	17,2881
-11,2263	15,2564
-22,8262	14,2734
-29,9697	16,8294
-35,7365	16,3705
-18,6976	8,9651
-17,8455	19,5819
-31,4772	23,2518
-27,6758	17,2225
-32,5913	18,4023
-10,3744	22,8587
-37,8343	20,9582
-17,1902	23,9073
-38,5551	29,7400
-7,0321	33,0169
-36,3925	20,9583
-25,4479	28,0364
-37,1131	35,9005
-25,3169	24,1696
-51,8589	32,5583
-36,8512	22,3345
-44,1256	9,2931
-38,6864	30,1335
-50,0892	41,7330
-40,4557	14,2081
-13,5203	25,0217
-40,3902	28,0361
-16,2071	28,1017
-36,1958	27,2496
-9,5882	24,8249
-47,3368	23,0555
-20,5324	20,9582
-36,0645	9,0963
-12,6028	14,6669
-40,3245	23,5140
-38,4896	10,9966
-47,4022	8,9651
-45,2399	16,2393
-49,2373	21,2855
-36,3927	3,9840
-43,7325	-0,7998
-55,5947	7,7197
-34,2953	3,6566
-37,0481	10,9310
-30,0355	-1,9140
-51,5968	-1,1275
-25,6444	20,6303
-37,3754	1,9524
-18,2389	3,2635
-47,9921	20,1715
-28,2002	5,8847
-30,9527	12,3073
-17,7803	10,3413
-23,2195	23,5139
-27,2830	25,1523
-30,8215	11,1932
-25,3168	13,5526
-19,4185	28,6258
-32,3292	24,5623
-15,0276	11,7176
-36,1303	16,9604
-20,9913	22,9897
-31,7393	21,5478
-22,2366	20,6958
-30,1663	2,4115
-20,9260	14,4046
-36,9819	15,3875
-26,0378	7,5888
-32,3945	19,2542
-30,0354	21,6134
-21,4500	11,4555
-27,0209	17,0916
-27,0861	22,2690
-19,6807	29,3468
-10,8989	18,9921
-32,8534	15,3223
-15,5518	27,1186
-36,9165	20,5649
-11,6850	17,0916
-31,0181	13,3560
-2,3134	10,0137
-28,0688	22,2032
5,4199	13,0281
-5,7211	-1,5207
-13,8476	8,0477
5,2891	24,4312
-12,9957	10,6688
11,5152	5,7537
-0,3473	13,2903
10,7287	18,9264
9,0901	0,9696
24,7531	9,0961
-15,1581	8,5717
22,1320	3,0667
-0,4125	-0,7998
10,9907	7,9819
-5,3931	5,2948
2,2743	10,8654
-17,7794	8,5061
-3,1653	9,4237
-20,2700	15,6496
-13,9133	18,9263
-13,5856	8,8339
-23,2198	13,0938
-16,1415	9,7514
-30,1666	12,9627
-24,5957	11,9140
-33,3121	-5,9116
-6,5733	16,3051
-23,4816	9,4235
-2,1168	7,7198
-21,0566	12,7660
0,9635	21,2857
-20,0078	21,7444
0,9636	19,5817
-7,6870	27,7082
-11,2917	14,6666
-1,3954	17,9434
4,8955	11,7831
7,1895	12,3075
-12,0783	22,0067
1,4224	18,7955
-13,8477	12,7006
4,5024	11,1934
-22,3674	19,1886
-9,9155	14,1423
-21,3188	5,0329
-8,9982	14,1424
-36,1297	25,1523
-17,3212	15,0599
-22,8261	8,5063
-3,9520	19,3853
-21,5809	16,8294
-13,3236	5,6228
-3,2964	11,8490
-15,9452	39,7669
-2,3133	37,0797
-14,5688	11,7178
2,7984	30,5921
-20,5325	34,1965
-1,9200	21,4827
-11,0296	38,5875
7,1237	27,2498
-22,3014	34,7208
10,7938	28,2328
-20,2700	22,0724
-5,6556	30,1988
-12,3401	31,4438
-12,6026	15,5186
-5,7865	16,4362
-15,3552	16,1741
-3,1652	24,5627
-25,6444	22,5310
-10,1775	13,4871
-15,4207	17,6816
6,9271	25,3491
-22,8916	10,3415
5,5510	18,0749
-16,4035	28,0361
-15,3549	33,9344
-14,5682	20,0407
-11,0297	14,0771
-23,4157	15,0601
-15,6827	18,6646
-7,2940	23,3174
-18,1732	22,2034
-1,6579	21,4169
-25,9721	23,7106
-3,3618	-0,2754
-10,2434	9,5551
-5,3281	19,5819
-23,7435	18,7953
5,6821	0,5108
-10,5053	6,1471
3,4540	13,0935
-12,7989	6,0812
-0,0195	-12,2688
-11,4225	3,0666
2,5363	-2,1764
-10,9637	11,9792
-3,4274	-3,5527
13,7433	-3,0939
2,9294	0,0518
14,1364	3,5908
3,4540	2,6734
23,5737	-2,2419
4,8958	6,3434
25,8020	11,3896
12,2359	9,5546
15,1851	1,8870
-2,8371	12,4383
7,9760	5,5570
-15,3544	13,5524
-4,1482	12,7004
-5,8519	6,0814
-2,7721	15,9117
-12,3400	4,6395
-21,7775	12,3728
-3,0339	21,2856
-12,6682	14,0767
-2,2477	0,6420
-26,8238	13,2249
4,8302	17,3536
-26,4962	21,6789
-3,6894	5,6883
-27,0858	11,5210
-1,1991	17,3535
-8,8668	5,2949
-10,5708	14,6666
-7,8834	11,2584
3,7815	17,5501
-2,5750	9,6855
4,8956	-1,3242
10,0732	15,9771
-7,1631	12,8967
2,8642	-6,5671
-13,3890	2,6735
1,4223	12,0450
-8,5393	2,0180
3,1916	7,2609
-22,8261	-0,4722
-6,7041	19,5160
-10,7674	13,2900
-8,6704	-9,3196
-19,8766	3,5911
-8,6046	7,5229
7,7795	-0,4068
-4,6071	0,3141
12,3672	-3,5527
13,3498	-0,6035
14,7919	-5,2568
1,0948	-21,0507
28,8167	-19,3468
6,5342	-18,6916
15,0542	-28,2598
-0,5433	-14,7595
25,2775	-16,5945
-14,8303	-20,4611
5,2236	-13,7764
-3,7547	-3,8805
11,7113	-4,2081
-4,7376	9,4233
7,5827	-1,9799
11,9083	-9,4507
9,2210	-0,0135
18,5930	16,6326
8,3036	-3,7492
8,3040	-7,2222
-1,5265	11,7830
12,6947	22,4652
-8,9321	-3,5525
16,8235	-6,8946
-14,8959	12,3073
5,5512	9,2268
-17,7795	8,0472
-1,8544	-3,8802
-15,6823	11,1273
-0,8715	-2,2420
4,3716	-8,5333
1,2911	-5,6498
8,4350	3,5907
-11,3572	-9,1888
18,7241	-4,4702
6,5340	-4,8635
14,0710	1,9524
-2,1820	-14,8904
24,9500	-6,4362
-1,7233	-10,8271
20,7556	-8,9920
-7,0970	-3,2250
21,1488	-3,4214
8,2383	-4,9944
0,4394	-1,5208
-2,5747	8,8336
14,3986	-10,8270
8,2384	-7,0913
2,0778	11,5861
24,0326	-10,6305
1,7501	-12,3342
32,9454	5,6223
2,6020	-7,6814
26,6541	1,7558
11,3841	-13,3830
29,1444	-2,8972
1,3573	-2,5042
17,5446	-7,2226
15,4476	4,0496
27,7679	2,6076
1,4884	4,7706
7,4520	11,5860
21,6734	-10,4994
15,2506	10,7999
14,6611	11,3894
-0,6746	-8,5986
37,5985	3,0668
10,9249	19,3194
11,9085	16,1737
2,6679	14,3387
22,9184	-1,5862
3,0610	16,5672
16,1025	25,0866
-1,6574	4,0497
17,7408	24,8903
1,7504	20,0404
12,0391	18,7298
11,8428	15,7806
1,3567	4,3776
11,3840	22,9897
-3,2308	22,0064
18,9861	4,7052
3,8469	9,8826
0,0463	19,2540
-12,9300	3,7875
15,0539	8,7028
-2,9031	9,6857
4,5027	7,6540
-6,1795	-5,1910
20,4933	-8,4678
4,9615	1,1005
-1,7232	3,1975
6,2070	-1,3246
12,3014	-6,9604
14,1368	-1,4555
3,4541	8,3750
16,4961	-15,2179
17,1509	-2,0448
18,7897	20,7613
2,6677	23,6448
23,5736	-0,5378
-2,3130	2,8048
24,2944	13,0939
-19,2868	16,1739
-1,4611	9,2927
-3,4928	21,6135
5,5508	25,6765
-17,0588	14,2734
2,2085	10,2103
1,2256	21,4170
-15,0930	31,8369
-2,9029	17,4192
-9,0637	18,4021
4,2404	-0,0132
-9,9155	13,6836
12,6945	18,0745
-12,9302	5,0982
5,9445	3,3291
2,1433	14,1421
6,0097	9,0959
-17,7138	6,3435
0,3084	4,6395
4,6994	14,7977
11,6459	10,1445
0,4396	-1,8484
9,4833	13,7491
13,2845	14,3388
11,5149	2,7390
13,1534	10,6032
-1,8544	-12,5309
15,0540	6,7367
-0,9368	-4,9945
24,4911	-20,0675
0,1118	5,2948
12,5636	5,1634
3,5199	-15,0215
15,7093	3,0011
6,6656	1,2968
14,9229	-1,1934
10,4012	-8,1402
25,9984	-12,8586
13,1537	1,2970
13,9399	9,0956
28,2269	-13,1209
18,0685	-11,2857
25,1466	-3,2904
4,5027	10,6687
27,4404	2,9355
-7,9493	1,8870
20,3624	11,9796
-11,3571	8,7026
7,4516	-1,3897
-17,7797	3,9845
-9,2603	28,3635
-17,5175	16,8946
-7,5564	12,9627
-15,2237	15,9775
-17,5177	32,9511
-1,2647	19,5162
-15,7482	8,1132
2,4711	16,5017
3,9125	25,8733
10,8595	9,6857
-8,9322	7,4579
16,3646	9,0304
-3,7549	10,6689
6,7966	9,9478
-0,3468	-2,5039
13,4155	10,2755
-2,6405	9,3579
4,2406	-3,9458
10,5977	-3,4869
3,5195	8,1784
6,3379	17,8122
2,1433	4,3773
24,6223	-8,8606
-0,0196	18,2057
14,1365	35,2446
-6,4419	14,4043
22,9182	1,0353
5,6166	10,7345
7,3861	17,2879
-16,8619	-6,6327
9,0246	-4,9285
-14,1094	15,0596
2,2743	13,2244
-7,3590	1,7557
8,1726	-2,7006
12,4326	3,6564
10,5974	3,8530
24,0326	7,7197
6,7308	4,4430
18,7898	11,0622
9,0903	-1,9794
32,8143	12,1764
-4,5411	18,5333
38,1885	11,7831
5,8790	7,4577
20,7558	2,0182
10,0734	-5,5839
10,7940	14,0112
-6,2449	2,2799
13,7432	-10,5649
13,5467	1,1004
4,1093	-2,2422
23,9670	-20,2644
14,4639	-10,9582
16,7581	-6,2398
-0,2159	-7,4195
24,4259	-2,5697
0,0464	-9,3200
28,4235	-12,9898
6,6656	-1,8489
18,1342	-24,8520
4,8962	-15,4803
12,0393	-16,9879
-7,8177	-15,2840
7,5828	-32,6510
11,1876	-30,2260
11,6459	-17,5778
6,0758	-19,8060
17,7407	-39,2700
19,1828	-27,5389
4,5027	-10,8930
26,7850	-23,5414
3,2576	-13,7766
28,1613	-22,2961
2,7333	-3,4220
17,1513	-14,3664
-3,2959	-19,5436
10,6633	-15,4148
-3,2959	-5,3879
9,8766	-9,3854
5,8793	-12,9244
15,4470	-1,4555
13,0881	3,9839
9,1556	6,0155
23,3117	-6,0429
10,8595	11,9795
25,5399	17,6154
9,8765	7,8507
33,9939	4,0497
7,3207	14,4044
15,4474	15,6495
-2,6403	3,5253
27,7680	5,5572
13,0880	11,7174
6,1411	18,6641
-0,3465	9,0303
22,1317	-3,3559
4,6995	2,6735
5,1579	3,4597
10,0078	-5,3221
-5,7867	-23,2133
7,1897	-2,8973
-12,7336	-3,2907
15,3159	-25,7692
-22,4330	-3,6836
-4,7381	0,0517
-30,5593	-4,3391
-10,7675	-10,8926
-28,1999	4,5084
-11,8818	7,3920
-27,2824	12,8314
-17,3211	4,1807
-6,8352	9,4237
-10,1779	16,3704
-18,7626	17,1568
-12,3405	5,0327
1,7498	0,4453
-30,8217	13,7490
-14,5029	8,8335
-29,1176	-3,8148
-6,6389	5,8845
-32,9843	-3,4872
-7,4909	-8,7955
-31,9358	0,8381
-23,9404	-16,1355
-38,2269	-1,5209
-18,1078	5,0981
-32,0666	4,5083
-19,0252	-1,9141
-7,9495	17,1568
-15,6173	4,5739
-7,4906	10,2758
-17,9765	28,9533
8,1069	7,6542
-10,4398	16,5017
17,8718	14,9944
-11,5538	18,5988
18,0686	18,7299
-5,5899	8,3752
14,7261	14,5357
-21,5149	21,2201
3,9129	11,9142
-2,7062	11,4554
2,9296	14,7978
12,4981	12,5695
2,7328	5,8848
-4,4102	-3,4867
-0,4127	4,0499
21,8040	2,1491
-7,6874	-0,2756
18,7895	-10,3027
-8,0806	3,1977
11,1218	-4,8634
-19,5490	-0,7346
14,3331	-12,3345
-4,9346	1,4282
-3,2964	-5,6500
-26,5612	-15,8734
3,0606	-7,9436
-9,8499	1,1658
-12,8648	-7,4849
-15,6824	-2,3732
-19,2873	-7,7470
-1,7233	-4,6669
-18,5009	-6,5019
5,4855	-9,0576
-15,4206	-6,8295
5,6166	-18,2326
-22,8915	7,0641
-2,0509	4,5081
-11,6849	-14,6283
-3,8862	2,7388
-18,3040	3,3283
-8,8669	-12,2690
-17,2553	-2,1765
-5,9179	-12,2037
-11,0951	-12,8588
-17,5832	-18,1673
9,8766	-5,9776
-14,9619	-8,2061
8,7626	-12,1382
1,1601	-27,2112
14,5952	-25,7039
-2,3130	-19,3470
18,8551	-3,8806
-4,3444	-14,2353
23,3117	-16,6599
10,7944	6,4085
17,4790	-6,8296
9,4183	-5,6500
21,3454	-4,6012
2,2093	-9,2544
6,3378	-10,5649
10,3356	-0,9969
2,7330	-16,2011
-1,0024	-2,1108
-16,9934	-4,0116
4,6336	-14,8904
-19,2873	-1,1278
-10,7676	1,8865
-29,4452	-16,4632
-7,1630	1,0349
-28,0034	-5,6499
-3,8863	9,3579
-29,5763	9,4233
-15,4205	-8,0092
-24,5954	-3,9457
-20,3358	13,6176
-9,4566	-4,8634
-16,6004	3,3942
-6,0488	8,1784
-33,1154	15,3218
-8,2770	17,7467
-25,9063	6,9334
3,4537	32,0993
-27,3480	30,7884
-8,8012	9,8171
-14,1752	27,7741
9,9418	23,5796
-22,0395	28,8881
-5,0001	15,3876
-6,7695	18,5990
8,0413	33,2132
6,7309	19,3851
3,5194	5,6227
4,8960	16,3052
3,8472	10,2101
10,9908	17,5502
-2,1165	2,2149
20,9521	16,7639
-13,1266	18,5332
3,9130	23,6451
-17,3207	15,7152
13,8086	8,8343
-5,8520	31,1164
1,1602	34,5898
0,5707	32,8203
10,1386	32,6893
-3,6235	45,6000
13,3502	38,7840
25,9988	27,9051
23,3771	32,9513
31,5038	24,4971
23,3117	5,6229
33,7975	25,6766
12,1053	-11,2202
41,9894	6,6059
12,7604	16,5013
31,9623	-7,2879
2,6024	6,6058
19,5104	15,9773
-9,5217	0,1833
4,3062	11,1933
-2,3785	16,5672
2,4710	25,8077
11,6462	18,8608
-2,1167	3,9844
13,5468	10,0136
-7,8838	24,3658
8,5005	3,7220
4,8958	5,5572
19,3792	6,2778
0,1772	-3,5526
-0,7403	1,9525
3,2575	-2,1107
2,7985	-1,3899
-14,6992	14,7974
-2,7066	0,7727
-15,4856	0,4452
5,0923	6,4089
-6,3764	9,4236
-0,7404	6,0157
16,1679	2,3457
-11,0297	2,5425
7,3864	9,0303
-19,8770	-0,9310
4,3716	4,9018
-16,5345	12,9625
-4,2137	8,1784
-19,4180	6,2778
6,2064	-14,8901
-20,6632	9,5548
3,4539	3,3286
-14,6338	7,4574
10,6629	5,6879
9,8110	6,6709
3,3227	-3,0938
10,9254	-4,2078
0,1115	-2,3074
16,3648	9,3581
-0,4784	0,5759
12,7601	-14,6935
-11,4882	5,4259
14,2018	-3,0285
-15,8791	-11,0892
15,1193	-0,1447
-8,9322	-11,1549
-0,4126	-3,0938
-3,4271	3,1318
2,6020	-12,6621
-8,0144	-2,8317
2,8642	-9,3198
16,4960	-9,9750
2,7986	4,5739
17,1513	-8,6644
4,3060	-4,0113
11,3187	5,6223
9,3523	-12,6620
22,4596	7,5230
-7,1626	-8,5991
23,9015	-15,1524
0,7672	1,1660
14,2023	3,2629
3,3890	0,2485
29,4720	-3,0284
13,0882	-2,5038
13,8746	16,8291
20,1007	17,6154
36,6154	10,8654
30,7828	15,1254
5,3548	24,1693
30,5865	18,9264
15,3162	15,6497
24,1638	12,8317
14,7921	7,6545
39,2368	12,0453
12,6948	-2,5693
22,5908	6,6057
3,3888	3,8530
9,7456	-5,5843
0,1777	-11,9412
22,4593	-12,3345
4,8960	-10,5650
4,1750	-3,4219
15,1196	-31,9953
1,9466	-9,2542
13,2846	1,4934
-3,8205	-9,7787
21,1488	-8,1401
-3,9516	3,5252
17,3476	3,5253
-15,2236	4,5084
6,3375	2,0181
-8,9322	2,6079
-0,9369	11,1932
-11,0948	18,8607
-5,1313	17,0258
-11,2914	31,5748
0,4393	21,6133
-6,4416	13,4216
1,4223	23,5141
8,9592	21,2206
-1,3956	39,5705
22,6562	21,3515
12,4979	23,9077
25,7365	36,6870
9,0249	29,2158
26,8506	28,4951
15,7751	17,3539
20,6247	30,7231
-0,8053	21,4826
21,2145	25,0870
10,2046	16,7638
8,3038	15,8462
17,1515	1,6906
12,3013	8,7029
12,7606	11,5863
10,6629	18,9918
16,0371	9,0957
-10,3740	-1,7174
19,9037	14,4043
-10,5706	13,3555
21,7386	-2,7006
-6,9006	-17,1839
17,8720	6,6055
4,9616	-1,3901
17,6753	-14,4316
3,7167	-11,1547
21,6076	-11,4170
16,1685	-5,4533
18,9864	-22,1649
28,0306	-3,2905
21,4766	-4,4047
42,1208	3,3941
1,4882	4,7047
31,2417	-9,3852
12,4325	6,5399
23,4427	-1,1934
-1,3954	-16,3319
21,1488	5,4259
-10,0462	4,1806
8,0417	-5,1909
-8,6699	6,2124
15,2503	8,8336
-7,5559	6,6711
-0,8059	18,9918
-1,4611	-0,0792
-2,2479	10,2103
7,2551	15,9117
-12,7993	-2,5694
-0,2159	9,5549
-11,4230	14,0111
1,3566	4,2464
-19,5493	-0,6688
-0,5439	3,2634
-24,7265	15,8462
-9,4567	8,5715
-1,4612	-5,4530
1,6843	6,3435
-2,0508	-3,0937
12,1047	9,6202
18,3965	3,5252
15,4470	-6,3050
30,5862	5,9503
17,7408	7,1295
22,0665	-6,5016
4,4371	0,4451
28,2267	3,4598
-11,9469	-8,7299
16,8890	-2,1106
-3,0996	9,3581
14,5294	22,3342
-18,3039	6,6056
-4,5414	10,6034
-17,5174	20,3028
-6,2455	30,1330
-4,3447	23,0551
-10,1122	10,9311
-8,1460	14,6668
-11,7507	22,9243
0,9636	26,3321
-17,6489	2,2149
1,8810	16,6331
-21,7775	23,7106
8,6313	13,5527
-20,4666	7,7855
9,8766	8,8996
-4,1480	24,3660
12,4980	8,2440
-11,2258	8,8339
4,1095	11,5863
4,6995	18,9918
5,7477	0,7073
0,1774	0,2487
4,9612	2,4769
1,6846	1,2318
-10,3088	5,9504
-3,6237	3,9842
-5,3280	7,8509
1,4224	9,3581
-3,6895	5,8848
11,6458	5,7537
-22,8258	13,6834
2,0778	9,1613
-14,8960	2,0180
-4,2138	-4,2079
-8,2114	2,8698
-14,8307	-5,5844
-5,2622	-26,3590
-9,5880	-16,6597
-14,9615	-10,3030
-13,0613	-8,1402
-6,0488	-0,2760
-29,1175	-17,3808
-4,5414	-20,0021
-17,9765	-3,8804
1,5533	-17,3807
-30,0351	3,7219
-4,2794	4,1805
-18,5006	-1,5210
-3,2310	4,4429
-25,6440	14,2733
1,2256	28,2323
1,5533	10,7344
-2,8379	9,9482
-0,0847	17,4848
5,5508	24,3004
2,8644	11,2589
-0,1507	11,7834
16,2336	25,4147
1,8155	23,5141
21,6075	20,0406
-14,3061	9,6205
22,7217	30,9197
-12,2088	22,9895
19,1172	8,7029
-0,2158	15,2566
18,4617	24,6279
-7,2935	13,8146
2,0122	15,0599
-0,3469	16,5016
-0,4783	11,5210
0,4394	23,1864
-15,4860	19,3852
-8,7357	11,9798
-27,1514	30,4608
-3,6241	15,2565
-27,6758	17,4192
-19,8771	-6,8290
-43,4043	20,9584
-9,8503	30,2640
-35,3435	7,3920
-29,9042	5,5574
-21,3186	26,9218
-12,4063	23,4483
-21,7773	17,2226
-11,5539	13,9457
8,5658	21,1548
-14,6996	35,5725
8,9593	14,0112
4,4369	28,8880
9,6799	28,4291
-13,9783	22,5310
5,8135	12,9627
7,5827	10,2758
9,3522	34,5895
-13,4540	9,3580
3,4541	9,4238
-3,0994	18,5986
-0,1505	13,3557
-2,5750	4,5739
0,5705	-3,0283
20,2970	5,2293
-0,5438	8,1128
20,1661	0,1172
14,2673	-6,5015
16,0371	-1,1933
4,4372	9,1613
23,1806	-3,2905
9,0248	-0,2102
27,1128	4,8360
6,6657	8,1784
25,0157	13,3557
14,0057	7,8506
19,0518	6,0158
14,3991	12,0451
28,8820	10,9310
7,9109	16,8292
11,7772	16,1738
11,3842	8,3096
8,6969	8,7682
18,0686	-5,1253
-14,5683	5,0984
3,6508	6,1466
0,3083	-0,1447
16,1023	-13,8418
-11,2261	1,6902
5,0269	-10,3031
-4,4102	-20,2644
2,8641	-18,1020
-9,1288	-23,8690
-9,1289	-20,7889
6,5999	-26,7527
1,8152	-21,2477
-0,1504	-15,9393
-3,4930	-18,1019
8,3692	-18,0364
-1,4616	-20,1989
-9,3910	-6,5674
-15,8790	-11,2862
6,4031	-30,8156
-13,7166	-19,6087
0,3083	-6,8296
-24,7264	-20,3954
7,9104	-8,4023
-16,9276	-5,7809
-7,3596	-3,2907
-8,9975	-8,8611
12,1046	-11,8756
1,8157	-3,4215
-3,6895	2,0833
11,7117	-12,1378
0,7011	-1,0622
-3,0340	-2,7663
-19,1560	-8,1402
-11,0296	-13,3831
-13,1267	-16,7253
2,4050	-10,3028
-39,2100	-5,9777
-5,1969	-18,3638
-18,3042	-9,7129
-22,8261	4,1149
-10,0464	-2,3077
-7,2288	-3,9458
-10,9639	-2,8972
-11,4229	3,5254
-10,9638	-1,3243
-8,0150	-7,0258
14,9227	5,0984
-16,1415	17,6156
9,9421	-0,7346
-16,6656	3,0012
9,7454	2,6735
-21,7119	8,3749
7,9759	2,7388
-21,0565	-23,8686
-13,4544	-2,8971
-22,6292	3,7872
-14,7653	-7,8125
-18,7626	-4,9290
-8,7360	-11,8101
-10,6361	9,6856
-9,5879	-11,4826
-2,0511	0,5108
-16,0759	-0,6689
2,4054	9,8822
-8,3427	-8,3366
6,4029	-0,7344
-19,0247	9,1613
-1,3301	2,9353
-3,7549	-16,3321
4,9612	-13,5142
0,3741	-10,1064
12,1702	-10,1066
0,1120	-27,0148
15,0539	-28,7188
10,0734	-27,4738
0,4396	-34,8792
28,5546	-36,7143
0,5049	-34,6171
20,4282	-28,5879
-2,4441	-31,7991
24,7534	-39,2701
-1,2646	-28,9152
20,7556	-16,8568
-9,5877	-9,3202
1,8813	-22,6238
-11,0950	-11,3516
-3,0997	-1,1936
-17,9761	-7,8128
2,8640	-15,3492
-5,2622	-13,5142
-0,3474	-3,3562
2,0123	-2,3732
-17,1244	-6,3707
-3,5581	-5,0599
-3,4273	6,0812
23,1148	4,1151
-3,3617	2,9358
27,1127	21,6790
0,3741	20,9579
33,0111	12,7007
18,3967	8,8996
38,3849	22,2034
20,4940	16,8948
32,2902	22,4654
21,3460	6,9333
28,2269	10,8656
28,2272	17,6155
20,1003	1,0350
24,5571	-4,0766
11,6461	3,2632
22,5251	-7,2880
1,2258	8,2440
12,1704	-1,0620
-6,7694	10,9311
6,3377	7,6541
-0,6747	1,4938
6,0754	-3,8144
-1,3300	15,3874
9,0898	5,8845
-11,7502	11,7171
-1,8546	-12,0722
-1,0023	8,4405
-6,1144	13,9452
14,7917	-7,4192
-15,9448	0,2485
12,1048	6,6709
0,7014	-5,5188
23,3770	-9,5163
-13,3231	2,1491
7,5831	7,2606
7,3865	-0,0137
23,7046	2,5422
-13,8472	7,7197
3,1265	10,0788
-4,6065	10,7343
2,9952	5,6225
-0,1502	15,1907
-5,4589	15,4528
4,6995	1,6249
-6,1799	4,7707
17,3477	2,6080
-7,4252	8,3095
13,5466	-2,7004
-11,6850	13,0281
13,3497	-0,7344
-32,9185	12,1106
2,4052	1,7558
-24,3989	-3,8145
-4,8038	10,9965
-23,0226	11,4551
-12,9303	-6,2395
-16,5343	-11,8099
0,0459	13,0936
7,5171	3,1974
-8,8015	-15,2834
12,5635	-12,1377
-2,1823	-0,4068
9,8110	2,4110
-3,2307	-11,4170
17,6754	-15,1524
-8,0803	-7,9435
7,7796	4,0495
-3,3615	-7,7471
9,9421	-12,4654
-13,9127	-2,0453
-3,2962	9,4235
-2,9028	-13,0553
-8,3427	5,6226
-8,2769	5,0982
-32,9186	3,0012
-13,3886	0,4453
-25,3823	5,2949
-10,7020	10,2755
-36,3924	-11,6788
-8,2772	-14,9556
-27,2174	4,2463
-9,7846	-3,3562
-33,0499	-15,2835
-2,8378	-23,2789
-24,2024	-15,6114
-6,3113	-5,7155
-23,6781	-17,1845
-11,7508	-24,7863
-25,7750	-9,3201
-22,0398	-16,9878
-9,9810	-11,2861
-22,8264	-20,2645
-9,8501	-13,3177
-30,6908	-5,6500
-9,7191	-16,0702
-44,1911	-23,0824
-21,7777	-21,5750
-31,2149	-1,2590
-21,3192	-19,8713
-37,2441	-5,0599
-18,2390	-1,5868
-42,7491	-2,1110
-24,4646	5,8189
-17,8453	-13,5141
-23,2196	5,6881
-15,0927	10,2097
-10,6367	-6,1739
-7,3595	11,9140
-8,0808	9,2922
-3,0342	-1,1277
-17,8455	-0,5379
0,3736	7,1953
-33,9672	9,2268
-7,9493	-2,4386
-12,6679	-0,2757
-5,0659	0,2485
-33,9668	6,6054
-0,4127	-12,2689
-16,2722	1,4938
0,1115	1,4281
-1,3954	3,9840
11,5803	-2,1108
10,7943	6,1467
8,2382	-1,8485
25,5400	13,0935
11,5152	-14,4314
38,1885	2,4115
18,9208	15,8462
43,6935	-0,2758
23,3773	1,4939
28,7514	-1,5208
27,6373	10,8655
37,5331	7,7195
21,8702	-10,1716
27,1128	5,8847
21,7391	0,2484
13,6779	-6,2395
29,2101	-16,3322
4,5027	1,9524
15,7096	8,3092
6,4687	-15,2837
24,8188	-19,0190
-4,8690	-6,0431
22,0663	-6,8295
-11,4225	-10,3028
20,6900	-13,1863
-2,5752	-7,7469
3,6507	-3,0283
-5,4587	3,3286
-4,6724	-12,7276
0,1120	2,3458
3,0606	23,3170
5,8790	7,4574
-10,0466	12,6348
6,4034	-1,3899
-7,2941	15,1254
21,4109	-4,1425
-1,7890	-5,8461
12,1703	8,3095
-11,6191	0,9694
17,2166	-14,3659
-8,1458	6,4744
13,6121	11,9138
-8,4079	-2,4385
-4,8690	1,5594
-7,0315	8,7682
-3,1653	20,2370
2,9955	6,6056
-9,5879	8,8995
9,0246	6,5403
-16,1416	6,9335
-4,2792	20,1061
-8,5394	11,0622
-3,8206	5,8194
-4,4106	10,4069
5,0923	14,7977
-18,7628	-0,0133
4,9613	16,5672
-20,8598	4,5084
-1,5922	14,7321
-10,3085	8,1784
6,0098	2,6078
-6,9005	14,5354
2,1432	6,4743
0,7672	-10,8268
5,6820	11,9796
18,1342	17,4844
-10,3743	5,9502
12,9569	2,5425
4,5023	1,6250
9,6145	11,9797
-5,9176	10,0134
14,2019	6,4747
0,5704	4,8364
6,5996	14,9287
-6,1796	20,3681
2,0122	3,9187
6,4689	3,9844
-7,2284	28,9533
7,2553	6,8020
2,0777	-7,7466
16,2335	11,5209
-6,5732	-0,8657
10,9252	1,9524
-10,7675	-18,5601
4,6335	1,4937
-30,1660	4,4427
4,9612	-4,4046
-22,8262	-9,7128
-15,2895	7,3263
-16,6657	11,5206
-8,4086	0,8383
-39,7341	-6,8293
-13,4544	12,1105
-15,2237	6,2123
-11,0952	1,1660
-4,1481	6,5400
-11,1608	10,9964
-0,0849	15,4528
-12,9956	-2,0451
10,2042	-2,7658
-18,8284	9,0306
1,8811	11,1931
-25,6440	3,9842
11,1871	-2,7003
-26,8237	24,1037
-5,2623	16,0424
-7,3594	-3,0938
10,2693	-1,7831
-11,8813	7,1951
-1,9857	-9,6476
4,1094	-10,1719
-1,6581	-14,7595
6,9929	-16,9876
-1,4614	-11,8760
13,4809	-25,7694
-7,4907	-15,0215
1,3569	-8,0093
-18,4350	-14,5627
6,4032	-9,2542
-11,8158	-8,4023
7,7136	13,9455
-11,8814	0,4450
-5,4591	-1,7830
-15,6168	4,8361
-3,4275	12,8314
-8,2113	-7,0259
-7,8185	4,6397
12,1049	10,9965
-7,4907	20,4336
9,9423	10,7343
4,6991	-1,7173
15,9715	24,6936
7,7796	15,6495
21,2801	11,1933
1,4227	9,7515
29,8653	20,8926
2,8646	13,2903
24,4258	11,8486
26,8508	12,5696
25,9984	6,9989
21,7390	19,5817
22,3942	8,5061
30,4553	2,2803
28,5545	7,2608
33,6009	-3,8802
14,2679	-0,1446
39,6302	-1,6520
10,9909	4,9015
26,7198	-0,0793
9,4182	-9,3853
23,0496	-6,8294
4,8308	-4,9290
20,3624	-2,8973
10,5979	3,3939
19,9690	-0,9970
-0,2155	-3,6185
21,1488	-22,7547
25,1467	-19,6746
1,9468	-18,2329
18,1344	-22,3617
9,2212	-23,2792
30,1273	-27,9977
-1,0679	-16,0703
27,1127	-25,1144
-4,2790	-30,3570
20,6901	-14,7594
-3,8857	-13,9732
22,9838	-15,4147
2,2091	-16,8564
20,7556	2,8701
7,3865	14,6006
16,1026	4,2461
20,1661	-0,0135
12,1703	-3,0281
21,5424	21,6133
14,0052	10,7340