-19,1961	15,3413
-29,9443	-0,9772
-3,5332	0,7271
-31,0585	4,4625
-17,6232	0,5306
-36,9565	20,6499
0,0057	1,1202
-36,6288	6,2976
-11,0698	11,2783
-29,6818	-11,9213
-6,5477	-4,2536
-12,8389	17,2420
-3,9262	3,2171
-3,8603	5,6424
-5,6301	4,4625
1,8416	-1,1734
10,5574	18,4873
14,3588	2,3654
7,4119	2,5622
18,8154	19,2081
2,8901	-10,1520
41,2286	2,1690
7,8706	0,3337
25,6312	-12,4458
8,7884	2,6275
18,9464	-3,2054
-1,7626	-14,9362
26,8763	12,7853
19,0121	-15,7229
6,6912	-5,1058
23,4031	-7,9896
12,0649	-25,0288
27,0074	-10,0210
-2,7464	-9,4970
5,1838	-21,5554
-9,1034	-5,3681
8,1327	-17,8856
-21,0966	-14,4774
-5,1057	-4,1886
-22,3418	-17,2300
-4,9748	-1,8945
-36,1698	18,1593
-15,2640	0,0715
-39,3153	18,4872
-12,9047	6,0354
-24,9631	13,7033
-18,9341	16,8489
-2,2222	3,9383
-29,4201	15,8659
-16,2467	-3,0742
-30,5996	-10,8726
-11,9872	12,5234
-36,0391	-13,8222
-13,7567	-9,3655
-36,6945	4,0690
-25,0945	-20,0482
-37,7428	-16,2469
-17,0992	-14,5432
-36,8908	-14,7398
-19,5239	-3,7954
-25,1598	-25,0947
-17,7546	-32,0412
-26,7979	-2,3537
-16,9025	-31,1896
0,5304	-31,8447
-15,0677	-12,9706
0,0716	-26,7332
-31,2549	-23,3909
-3,3363	-45,8042
-26,7983	-45,9350
6,6250	-26,2089
-36,5633	-42,3310
-21,2277	-50,3260
-36,1043	-20,3108
-22,9974	-47,9015
-41,2161	-40,1680
-30,2064	-38,8575
-27,7158	-44,6900
-29,9445	-28,5683
-35,1868	-48,4912
-43,0516	-41,2821
-40,6265	-38,3985
-47,6390	-40,0370
-15,9195	-30,7309
-49,3431	-39,8406
-23,6526	-50,9159
-48,0321	-32,8936
-22,1453	-45,6077
-31,4515	-34,9907
-20,2449	-35,3843
-32,6309	-47,7047
-13,6913	-28,7649
-22,1452	-42,9864
-22,8662	-44,8212
-19,2615	-27,9131
-21,8833	-48,4258
-9,4968	-49,0811
-25,4223	-47,8360
-12,5114	-49,9331
-21,7523	-57,3387
-17,6233	-54,5861
-28,6989	-46,9186
-14,5431	-50,9163
-24,0459	-60,7466
-30,9926	-51,5059
-34,7280	-22,0152
-21,5557	-52,0961
-39,9055	-56,8144
-30,0098	-43,4452
-31,9757	-52,8824
-42,9207	-51,5717
-44,6243	-56,8801
-48,6880	-55,3070
-43,0516	-37,3506
-72,9363	-63,6959
-53,7996	-49,8020
-70,8392	-42,2657
-50,3264	-61,0088
-80,4730	-42,8552
-66,2515	-43,9039
-76,9995	-54,9139
-55,0451	-36,4328
-84,7982	-42,9211
-63,8269	-68,5453
-83,5530	-40,6926
-64,1547	-57,0113
-69,8562	-59,0426
-77,5897	-41,0861
-61,4675	-69,3976
-75,5583	-58,9117
-64,4822	-60,4850
-74,5098	-71,4947
-70,6429	-61,6646
-97,0538	-81,5875
-69,3322	-76,9998
-98,2990	-80,5390
-80,0802	-82,5704
-108,8503	-62,1236
-84,6677	-100,6586
-97,7094	-100,0684
-94,6948	-76,2792
-97,3816	-91,0904
-105,8361	-84,7989
-93,1218	-82,5708
-95,3505	-94,6293
-93,4497	-97,5129
-112,9141	-100,2654
-95,6125	-109,7025
-134,8685	-94,4329
-96,7921	-109,5718
-119,3368	-117,0427
-121,6305	-98,0375
-145,6164	-100,9213
-122,0239	-100,3315
-144,0438	-111,4727
-131,5922	-117,5672
-152,8912	-93,1226
-143,9787	-125,8250
-138,3424	-121,4993
-149,1563	-97,2514
-154,6609	-109,8999
-160,9527	-128,1841
-148,4353	-124,7763
-183,8903	-123,9243
-151,9742	-115,6015
-182,7763	-137,4249
-173,5357	-132,9029
-199,6189	-125,4319
-174,8466	-138,5392
-195,1626	-132,9687
-184,3495	-148,1077
-192,4100	-150,2701
-190,5099	-132,6412
-191,4270	-151,2535
-189,6580	-164,7537
-182,9075	-158,3968
-209,5810	-167,7029
-185,2012	-152,1711
-206,9598	-160,1666
-202,8963	-173,1427
-225,7030	-174,3222
-200,2095	-162,5260
-240,2521	-178,9099
-207,3530	-170,8489
-234,5505	-164,5576
-216,5282	-172,8149
-224,7200	-152,9577
-221,5745	-174,5845
-228,5865	-155,9067
-230,6839	-158,5939
-206,5665	-173,0772
-226,0967	-167,3100
-212,5302	-183,3665
-218,9533	-186,3155
-201,5859	-186,6434
-227,0795	-193,7214
-200,7340	-193,1316
-233,4363	-208,7293
-194,3113	-225,8996
-219,8704	-200,2753
-214,2342	-200,9964
-226,4235	-219,1496
-190,2481	-191,4280
-214,2341	-205,7149
-195,3601	-199,0299
-205,7799	-187,3647
-205,6494	-205,3868
-210,6295	-185,3327
-218,2976	-186,5780
-193,1972	-190,5754
-226,3586	-169,0799
-207,1561	-195,2943
-218,5597	-192,8690
-192,8695	-172,4877
-228,7176	-194,7044
-197,9811	-174,5193
-218,0350	-191,9521
-187,9542	-194,6388
-204,8623	-181,0731
-191,6242	-205,9767
-190,8373	-192,0174
-181,1386	-180,2212
-178,9097	-202,7656
-175,3712	-198,3744
-172,8149	-202,7655
-183,4975	-206,2385
-160,7562	-163,2472
-178,5166	-192,6730
-153,4162	-190,5098
-182,0553	-179,1067
-145,7484	-175,6988
-169,4722	-169,8005
-141,1607	-169,9316
-151,7117	-171,4387
-126,7427	-150,7950
-143,7162	-156,4311
-123,7934	-169,8001
-127,9218	-154,2681
-125,1042	-154,2681
-115,9287	-147,1245
-123,9900	-140,9642
-101,4453	-151,9086
-138,9321	-147,8452
-107,4089	-136,7041
-132,2472	-138,6702
-98,6927	-126,4151
-116,6495	-138,0804
-109,1785	-135,3276
-117,8288	-117,6333
-88,9934	-123,2692
-113,7000	-110,5553
-100,5931	-117,0433
-86,1749	-121,7617
-98,0374	-101,8387
-96,2018	-101,5112
-100,0688	-119,0744
-84,0777	-93,9086
-95,8090	-90,1733
-85,3231	-88,4691
-104,6562	-98,4306
-68,5459	-96,2021
-95,4813	-73,2649
-83,4880	-90,1077
-102,0345	-95,8745
-65,9244	-87,4206
-98,6920	-93,1878
-65,7931	-104,9186
-70,8393	-97,7750
-70,1185	-99,6101
-60,7466	-89,7797
-72,0846	-84,2092
-46,3942	-95,2846
-67,4315	-77,7210
-54,8483	-76,5414
-71,5602	-75,7548
-48,6880	-76,2790
-70,1185	-72,4121
-66,1206	-42,4625
-83,6841	-60,0916
-59,6982	-57,6009
-82,6356	-42,0034
-64,4823	-51,3095
-76,2129	-53,0788
-62,5163	-36,3018
-61,0741	-61,4674
-61,0089	-38,3985
-38,2676	-34,9256
-68,4799	-50,5882
-33,5488	-31,5829
-57,4043	-42,4618
-28,8956	-28,0437
-46,8527	-17,0339
-26,2086	-16,7716
-35,9078	-24,7669
-7,2033	-19,6551
-40,6918	-23,4559
-20,7034	1,8406
-23,3902	-21,8179
-3,2055	-32,9587
-24,7010	-13,4947
-32,6308	-17,6892
-4,7779	-29,4855
-17,8856	-21,2282
-9,2346	-28,3715
-29,0266	-12,5119
-16,0502	-36,6292
-35,5146	-33,5487
-6,8097	-26,5367
-23,7182	-36,5637
-15,2640	-36,7602
-31,5823	-34,6632
-6,8099	-44,6246
-28,1089	-37,3503
-18,9339	-51,8336
-24,5697	-47,5737
-18,2131	-30,3379
-18,6715	-52,2925
-18,0165	-44,6900
-10,2830	-34,4012
-25,0945	-47,7703
-8,5135	-35,9738
-21,4900	-47,7046
-4,7126	-34,4664
-40,0365	-14,5436
-4,5159	-43,5759
-20,0481	-31,8447
-5,5647	-29,9443
-32,5651	-23,3252
0,0060	-20,7694
-12,1836	-38,2673
-6,8098	-43,7723
-1,6322	-12,8396
-8,3827	-41,2167
1,4481	-41,6750
-18,7373	-20,9661
-3,4016	-38,3330
-15,1329	-18,2790
-12,3800	-25,9469
-27,5191	-37,5465
-13,4288	-13,6914
-44,4928	-14,2816
-6,4822	-37,1532
-38,1360	-10,0869
-25,5532	-25,3570
-24,9632	-26,0775
-15,1988	-22,7354
-26,9292	-28,6991
-21,3590	-13,1672
-12,4456	-36,1704
-21,2278	-22,8663
-5,4332	-19,7210
-6,4821	-41,8064
14,6207	-35,5147
-4,9092	-33,7454
9,1159	-29,2889
-8,1202	-16,1163
20,1259	-30,5341
-7,3336	-22,9972
19,1429	-3,5333
-2,6804	-15,5918
25,9585	-1,8290
2,8901	5,8385
9,9679	-6,8753
7,6087	4,3315
4,1350	10,6229
20,1261	5,9044
2,5618	21,3052
10,1645	0,6616
-3,5985	1,0549
13,6376	19,2082
-17,4920	-1,2391
5,1179	-9,4964
-19,5891	-2,6808
7,1495	-4,7782
-25,3562	2,8894
7,0184	-13,0358
-18,5406	-10,1522
-27,5845	-26,5362
-18,7368	-28,6333
-16,1160	-16,1159
-9,2343	-12,7739
-9,8901	-25,1600
-3,2052	-3,6643
-19,5893	-23,3251
2,8897	-26,7327
-18,3441	4,1999
-10,9383	-18,6721
-20,2445	-16,7715
0,8580	-8,8416
-24,3732	-20,2448
-11,8560	-11,9218
-28,6983	-10,0213
-1,0425	-19,0651
-22,8657	5,6417
-13,1012	-18,9342
-10,2172	-10,9386
-6,8755	-7,0722
-12,3799	-16,8367
-15,6571	1,1199
6,6909	-11,7907
-22,4729	-8,4481
-7,3337	7,0837
-19,7203	-5,1715
7,9359	-7,4651
-25,8807	4,2003
-6,8097	-9,1690
-30,9924	-13,0355
-14,7395	1,1201
-26,5359	7,8704
-15,7227	10,3605
-10,0864	-6,0887
-7,5964	3,2175
-5,3676	9,2465
-0,7806	-0,7804
8,7226	7,8705
2,8242	19,5355
19,6671	-2,6154
-5,1055	8,6567
21,0434	-3,7951
0,5963	-3,7949
34,4783	10,4261
1,9069	-9,1691
13,8345	-3,0086
2,6279	1,7098
15,8660	-13,6911
1,3827	7,8047
9,4434	-9,5626
10,2300	0,8579
-1,1081	1,1199
9,0505	-12,9701
-3,5330	-10,6762
21,8298	5,6421
-12,3146	-1,8946
16,3904	4,0037
1,9722	-6,8755
13,1135	-18,9992
-15,1978	10,6227
12,7858	-21,7522
-10,4137	-20,5722
10,8196	-12,4461
-12,3798	-23,5872
7,8050	-19,5895
2,5623	-17,3615
3,9382	-41,7407
8,1985	-15,1332
6,6252	-23,9152
15,4729	-33,4177
1,9722	-26,9952
25,6965	-29,9443
-2,6809	-18,8032
18,0288	-17,3615
-7,2682	-30,9272
11,5407	-17,5579
-1,1733	-23,2594
19,6670	-12,9701
-15,8531	-7,5964
16,7180	-14,4119
9,7713	-2,2221
9,9022	13,0474
9,9682	-11,2005
15,8004	8,1982
19,3397	-0,2562
12,7859	-1,1079
18,9466	4,7901
8,9193	-9,0380
35,5925	-4,9746
4,7905	-8,6448
34,6094	-17,8852
-4,3845	3,5449
18,9464	-11,7908
-3,7289	-18,9994
19,1429	-3,9263
-2,8113	-4,7129
12,9825	-8,9724
17,7669	6,5593
10,8852	-0,3874
8,2644	-5,2368
15,4073	4,4625
24,6480	-3,3362
2,1690	12,3269
30,0221	11,5404
5,0526	8,4603
17,4391	10,4263
-8,9718	1,7755
23,3372	6,5599
-11,4623	13,3097
9,9677	-5,1056
-8,3821	8,4602
4,1348	0,1371
-16,4432	-6,9405
-8,0549	16,5868
-1,1079	13,1133
-9,6936	11,4096
-15,1326	26,7449
-31,9100	17,2424
1,9068	28,9079
-12,7083	24,3859
-0,0595	27,2040
-22,4074	27,7282
1,7756	17,9635
-39,9708	34,6750
1,1858	27,2694
-21,4241	11,9995
-15,8537	36,4444
-21,1617	25,9584
-0,7151	15,0795
-8,3169	16,8490
-20,4413	-3,9260
1,5136	-1,1733
-16,9026	14,8827
-14,8048	-0,0595
-7,5961	5,7077
12,9820	9,5742
-20,1790	-9,7589
-8,3169	10,1642
-22,2105	0,0060
5,7078	1,8413
-19,0648	16,1279
-8,2514	9,9676
-14,3460	5,8388
-7,5962	14,1619
-10,9382	6,8875
-9,5623	19,7979
-1,1733	-8,4481
-9,8245	-2,7461
2,6278	3,2829
-6,4822	0,5303
9,4434	-12,7734
-21,9484	1,4478
10,5576	-1,1738
-16,3123	-8,9727
2,9555	-10,1524
-16,9019	-14,2155
11,8028	-10,8734
-9,2341	-29,5510
7,2153	-16,3781
0,3999	-12,1841
10,5575	-8,1208
1,3830	-11,9874
14,8174	-16,2473
14,8176	-23,1283
3,7418	-6,4822
20,7158	-4,3853
1,5790	-15,2639
18,1599	7,5425
-14,0185	-17,0334
17,0458	-1,3701
-10,6759	7,0181
11,8028	-14,4117
-1,9596	3,2173
-0,5180	-4,8436
-12,9040	3,7418
10,0332	11,9335
6,7566	-7,3340
5,9698	-2,8117
1,9071	13,3753
-1,3046	-2,3531
12,3927	6,6907
2,9551	-4,5159
17,7666	-2,2220
-3,1397	-4,1882
5,5114	-11,3316
-8,0545	-11,3971
10,6885	3,6104
-14,9358	-11,3318
2,8898	-8,0549
-19,1954	2,4962
5,6423	-18,5406
-13,4284	5,2490
2,6277	1,3166
3,3488	4,1349
4,2004	17,2420
20,2570	7,4117
-3,2707	15,7348
22,9440	9,5089
4,6591	6,7566
19,7982	25,2375
-9,1687	5,5767
7,2810	10,8200
-6,7438	33,4949
12,5893	8,9847
-13,3626	25,6965
22,8784	19,6668
1,5793	13,9000
2,4966	14,3586
-9,2338	10,6887
-2,2219	22,7472
13,7033	21,8952
-19,8513	3,4796
6,0358	16,9802
-7,1375	15,2760
8,4603	12,3270
-22,5384	20,3224
-0,0592	1,1859
-11,3972	4,6594
2,6273	14,2275
-33,9414	5,3145
-15,2638	11,2130
-32,2375	13,7032
-10,7421	10,2954
-27,0602	21,1744
-19,5896	8,9846
-25,8806	15,3420
-22,6044	35,7233
-29,6817	23,0748
-39,3814	22,4853
-12,7080	24,1889
-40,1023	9,9680
-8,0550	17,7666
-38,2018	1,1860
-8,5794	16,1939
-28,5022	16,1281
-13,4946	5,4458
-34,7935	14,1621
-8,5138	23,6645
-22,2761	6,5596
-13,3634	6,7565
-16,5743	6,7563
-8,5794	-4,1881
-4,1881	15,9968
-16,7058	5,6419
-7,5304	-15,4604
-16,9025	-3,5330
-22,9970	-20,6378
-27,1260	-14,6740
-11,9217	-9,4314
-35,3835	-21,1623
-3,3366	-6,4823
-41,4130	-25,0947
-20,2447	-21,4244
-27,7813	-14,5435
-11,5285	-17,5581
-21,0964	-20,1139
-7,3341	-7,0069
-2,6151	-25,0948
1,2511	-12,3807
4,7905	-28,3715
-11,2004	-16,6404
17,0459	-10,6112
5,2491	-28,2402
25,1721	-21,6210
-9,4963	4,3968
17,7012	-6,4823
-1,3043	-1,5013
11,2131	3,2826
-9,4305	-6,4819
17,4388	7,1495
-10,3480	1,0545
14,8830	-3,9915
12,3272	-1,0426
-3,6637	1,9722
8,1987	5,6421
13,3755	-10,8729
14,6211	-16,3777
0,8582	8,5258
29,8253	-18,7373
6,4287	-10,3485
13,9000	5,3798
-17,4917	-9,4313
7,3465	-9,6933
-13,8218	2,3651
-3,3361	-12,2493
-9,5620	-1,0426
-14,8706	-4,4506
-19,5888	-21,0964
-13,2322	6,4941
-3,9913	-6,8754
-7,2030	-4,7125
2,1690	8,9188
-8,7758	1,2511
18,4874	1,1202
-6,8752	-1,0426
9,6400	-2,6152
-8,6445	9,9674
13,4410	-3,0741
-15,7879	3,6107
7,6083	16,9143
-8,8411	8,2636
-4,2538	6,7565
-13,4941	8,6570
-8,3827	13,9654
-15,3291	28,3832
-16,0504	18,7492
2,6275	6,9532
-21,0967	19,4704
7,3462	12,0648
-16,5748	11,7372
7,9360	9,7710
-12,9047	-3,5326
-0,9114	17,3731
-25,4218	-8,5137
1,6444	-8,2511
-30,2059	1,9721
0,7924	-3,2709
-26,4049	-1,6324
-15,6571	5,3798
-14,2807	2,4962
-19,3929	-2,2879
-10,4795	-5,6957
-12,1184	-5,7611
-4,2536	11,0814
-14,6086	-6,7442
7,0187	-8,9067
-1,3046	14,1618
9,5091	-2,5500
-3,9913	-4,0571
22,0919	-5,1057
-7,9234	-9,1033
8,0017	12,1957
-11,1344	-10,6110
7,3462	-11,5937
-6,8093	-4,2537
-4,0571	-8,4480
-7,5958	9,6397
-6,6787	1,5131
-13,1663	-18,1474
-14,3463	9,3121
10,1643	-0,3218
-17,7543	-12,4458
5,5114	9,4432
-10,8075	-13,7565
1,5135	2,3656
-22,4070	7,2148
11,5405	-6,0230
-17,2953	26,0238
-3,2705	4,9212
-4,6466	9,3779
10,6229	20,3878
-1,5007	14,5552
11,3440	8,9191
19,2086	24,5823
19,1428	22,7472
36,5757	18,4219
12,9170	5,9046
42,2775	3,8732
30,6773	27,4003
37,4277	4,7904
13,7038	15,1453
45,2264	3,2830
11,2790	8,3950
37,4276	20,8467
1,2519	2,8242
18,1600	2,7589
9,2473	7,8704
19,4704	-2,6151
6,4291	10,0333
12,6546	16,3901
12,7859	2,4964
-8,9067	7,6085
23,6648	6,4941
-5,1058	-4,8433
12,4581	17,1766
-15,1980	5,9042
10,5576	7,9361
-11,9211	15,9967
16,3248	4,2004
-2,7459	8,5913
9,4437	15,3414
2,4316	-0,3216
12,5894	8,7880
5,6429	9,6398
19,4050	9,3123
11,6064	12,2613
-5,3020	-5,6299
19,8640	1,2516
1,3823	13,1789
7,2155	-5,3677
-2,2219	12,7857
27,4659	4,5935
-4,8434	-3,2050
16,9803	1,9721
-5,5640	-9,8899
19,2085	-7,5306
6,1671	1,3165
14,2933	-17,2955
5,9706	-6,0889
17,1113	-19,2618
18,2912	-10,2832
4,6592	-15,7884
15,3420	-17,2956
-0,1906	-16,7057
10,1644	2,1686
-22,4730	-20,3103
-12,9699	-5,6955
-21,1622	-3,7952
-14,4775	-3,9260
-45,2794	5,3143
-18,4752	-4,8438
-32,9588	-14,4119
-39,2503	-5,4335
-32,4998	-10,4799
-26,0778	-10,0865
-34,2038	0,3988
-24,8981	-15,3951
-16,1816	-1,6326
-38,4640	-16,7714
-20,9656	-15,8538
-33,4833	-8,5794
-17,0334	-10,8732
-21,2934	-30,7959
-11,5942	-14,7398
-34,8592	-16,9024
-11,8561	-13,0359
-22,9971	-18,1478
-7,9239	-21,8176
-26,8633	-3,4677
-7,2029	-9,6936
-4,1879	-7,7929
4,5935	-8,3828
2,1034	-11,8560
-15,1327	8,3946
7,1497	0,4646
0,3990	-17,9506
-0,1250	10,4918
-25,6185	-0,3873
12,7198	-4,1226
-30,3374	3,7416
-10,3487	8,9188
-28,6333	11,8025
-15,3952	-1,1736
-44,7549	4,3314
-29,5508	24,4508
-21,0309	5,9040
-7,3344	-1,8943
-22,7349	1,8410
-21,9485	-1,1737
-13,5596	2,2342
-3,9918	-0,9771
0,3995	-13,4944
-8,8412	2,1031
15,1451	-9,4314
-12,4456	-14,9362
24,8444	-8,3172
-9,6931	-17,3612
18,8807	-11,7904
-3,4671	-2,0914
7,6742	-12,9701
1,2519	3,4793
16,4560	-15,4607
27,2040	-7,7926
10,8198	9,3119
24,2552	-9,3659
26,6139	-8,3172
26,0899	-14,8708
14,6208	-18,0165
24,7790	-22,9316
6,1010	-18,4097
8,3294	-27,7813
-10,0863	-8,4483
5,4456	-22,8009
-18,6060	-25,7499
-2,8120	-13,0361
-14,4771	-16,1162
5,0523	-19,5898
-9,8241	-24,1771
-7,9893	-26,2085
-3,6635	-8,1865
11,6058	-35,5148
2,3656	-22,8662
-10,7416	-12,9706
19,1430	-32,6968
-2,2221	-31,0584
14,4898	-16,3785
-5,6297	-35,1872
16,1939	-27,0607
-2,2218	-43,1827
31,9878	-41,5440
-12,6419	-17,9514
13,9001	-36,3014
7,2809	-20,5726
1,4480	-18,6069
-6,5471	-28,8957
4,2003	-10,3491
2,6275	-27,5850
-18,0165	-20,2449
-8,7101	-3,4023
-22,9318	-17,6891
-1,9600	-20,7035
-21,0968	-13,3637
-9,1035	-20,6379
-21,3587	-11,2008
-1,0426	-9,8245
-30,2058	-13,2978
-0,5182	8,3944
-5,6298	-9,1692
12,7855	-8,3170
-14,5424	-0,4529
8,1984	-12,5770
28,0559	-8,8413
16,3902	-0,7152
15,8663	-22,8005
9,5091	-7,5307
38,4760	-3,9265
5,5112	-15,7228
24,5824	-15,7884
-19,3267	-12,3150
19,8638	-12,1184
-16,8365	-22,6697
-1,5667	-18,2133
-11,7246	-12,9050
-6,4165	-22,4076
-11,6590	-14,7398
-2,4189	-13,9535
-18,6713	-22,7352
-12,3801	0,7269
8,3950	0,4645
0,3336	-15,1983
11,9996	6,4942
6,1665	12,6544
14,6209	-3,7293
-1,5666	17,0456
22,5507	10,1640
-2,5496	6,6254
24,2545	1,9723
-7,0715	5,6422
11,2783	10,7538
-14,6080	-4,3195
7,6738	-14,0186
-6,0885	0,2681
-6,6785	-13,2981
2,7590	-13,7565
6,8218	-5,1061
14,8175	-23,7837
5,5766	-19,7204
12,5893	-17,1647
4,9214	-23,1283
13,1791	-10,0213
-6,4817	-32,4346
26,0895	-27,3225
-14,0839	-7,3344
9,9022	-22,6044
-13,8216	-40,8887
1,9723	-26,6675
-8,5132	-28,4370
-8,3169	-13,2329
-5,1707	-40,8235
4,3313	-45,3452
-1,0424	-16,3784
-21,0965	-21,6215
-4,9745	-32,5003
-21,2277	-22,4732
9,8364	-32,1069
-17,4268	-19,3927
-4,7781	-14,2812
-32,1066	-10,0211
-14,9360	-9,6280
-22,8003	-7,2686
-6,6788	-8,1862
-28,6330	2,2996
-21,2931	1,8409
-13,8875	-3,4675
-14,2811	2,3651
-14,2152	-12,1837
-22,2109	3,0862
-9,7588	1,1855
-25,4878	-11,2007
-11,2661	-3,0743
-26,0121	-16,6402
-15,3293	0,3337
-25,2255	-12,1839
-9,6934	-14,8707
-38,7911	7,6734
-10,1520	-19,6551
-28,3052	-29,4197
2,4963	-4,0576
-26,9944	-29,8132
6,1664	-18,1476
-3,3361	-15,5266
-14,4118	-32,8279
-4,7776	-11,7255
2,2341	-49,0154
-8,9722	-37,9397
-16,7056	-31,7141
1,2513	-44,2970
-21,2278	-46,2628
-14,4775	-42,8551
-46,9177	-45,9354
-25,7499	-45,0178
-57,1415	-47,5738
-30,0098	-57,6661
-51,3089	-37,6779
-48,0324	-54,2585
-58,0589	-45,2143
-44,5590	-40,6927
-30,8618	-51,9647
-50,3918	-38,2678
-34,9905	-42,7243
-50,1295	-51,4403
-33,4177	-30,1414
-51,7024	-44,7558
-27,1919	-39,1194
-54,1273	-21,7527
-45,4765	-33,7457
-64,5471	-33,0902
-40,4959	-33,7456
-63,8918	-44,4933
-44,6246	-35,6461
-50,7191	-38,3987
-48,0982	-34,8596
-41,6095	-23,4567
-46,6564	-47,4428
-39,9056	-42,1341
-37,3503	-39,1198
-29,9443	-50,1953
-54,1273	-46,0010
-20,9002	-59,1084
-43,5105	-58,2561
-37,1533	-43,9697
-54,3892	-71,6914
-34,5320	-62,7128
-64,7439	-53,6693
-39,7092	-69,9221
-56,1587	-71,6260
-38,7263	-72,2160
-33,4177	-87,3545
-36,2361	-73,2646
-33,0242	-92,7288
-29,2892	-89,4518
-21,4244	-78,6388
-36,4980	-104,6564
-24,9634	-87,4204
-43,8379	-97,9720
-31,9104	-99,1513
-57,4693	-75,4275
-23,7185	-95,6781
-61,4671	-94,8913
-43,8381	-75,4274
-61,9259	-90,8280
-54,4550	-82,9637
-56,2898	-84,7332
-47,0497	-88,9275
-66,2514	-72,9367
-67,9556	-83,2260
-61,6641	-90,0415
-80,3420	-65,7280
-56,3558	-87,2892
-91,2867	-78,0486
-63,3027	-88,0758
-102,8211	-97,9058
-73,4609	-71,8227
-109,3747	-80,7359
-89,3207	-87,8789
-113,0446	-72,9369
-80,8666	-82,8984
-93,5806	-75,1650
-89,3866	-67,1042
-84,8641	-74,9030
-79,8183	-59,1088
-71,9536	-85,0610
-97,3163	-88,7307
-68,6111	-70,3154
-77,0001	-86,6338
-66,9073	-80,7354
-97,5126	-68,7426
-65,0721	-85,1920
-84,6021	-69,5944
-73,9852	-70,2500
-102,7553	-80,4733
-70,5118	-69,7254
-91,7453	-77,3276
-76,2789	-66,9726
-79,8177	-61,7301
-74,7718	-70,0529
-72,8708	-58,7152
-73,6576	-56,4216
-60,7466	-68,2178
-75,8202	-56,2904
-50,2610	-67,1038
-77,3275	-79,0310
-56,0936	-58,3873
-81,0629	-58,5842
-58,7806	-52,6857
-80,2108	-61,8608
-67,8902	-59,8290
-81,2593	-62,6472
-53,2103	-42,3965
-77,7860	-46,4598
-67,1693	-38,2678
-65,2686	-45,5423
-68,3491	-38,3987
-54,2584	-37,2848
-63,8269	-57,8628
-41,0201	-40,8234
-59,8291	-46,6564
-34,1386	-55,4380
-66,5134	-36,9570
-26,9951	-47,4429
-34,3352	-48,2947
-18,9998	-33,8769
-50,1290	-42,1344
-16,9025	-41,3479
-37,0873	-49,1466
-13,8878	-42,8550
-29,0264	-24,8329
-22,5386	-41,0857
-17,8196	-34,8596
-23,3251	-39,3163
-4,7781	-52,6853
-26,4710	-37,4810
-20,1790	-39,0542
-27,3229	-48,3601
-20,9002	-26,9299
-39,3814	-48,0982
-21,3590	-52,7510
-46,0004	-32,1072
-21,3591	-47,7049
-42,1993	-39,5782
-21,5558	-47,5737
-40,6263	-37,6777
-15,6576	-23,5875
-36,3010	-30,4033
-24,7013	-30,0754
-14,9364	-19,5898
-33,4833	-34,4007
-21,8175	-36,3665
-43,2480	-12,5772
-10,5455	-15,1331
-43,8379	-26,2741
-14,9364	-17,7544
-42,6580	-14,2811
-8,7104	-4,8441
-36,1043	-32,5002
-14,6085	-13,5602
-12,3147	-7,2036
-7,2029	-32,0416
-4,7121	-20,7038
3,8070	-25,2915
1,5138	-35,3840
12,3923	-20,6384
14,6208	-34,2699
2,7586	-26,9297
21,3054	-33,2213
-10,6108	-34,4008
5,3803	-26,6021
-19,0648	-36,4325
1,5135	-27,1264
-23,6522	-31,9762
-6,5474	-40,1025
-13,1009	-32,0416
1,7754	-29,0271
-9,4964	-35,4495
-0,7150	-34,6630
-13,4286	-30,9931
-22,9315	-32,9589
-7,6613	-19,1309
-27,1261	-16,7717
1,1202	-26,5362
-34,0074	-4,9750
-14,4774	-13,6257
-34,4660	-5,2370
-3,0745	-11,2663
-46,1970	-15,8537
-21,4898	3,8070
-37,0874	2,9548
-24,1114	-10,0210
-35,1211	8,0014
-10,0212	2,8238
-25,8151	-2,8120
-22,5385	1,3823
-14,4773	1,6445
-16,7714	8,9191
-14,3462	9,9020
-27,5192	11,8683
0,7925	17,3077
-20,9002	10,2953
-11,2007	4,0040
-26,7326	20,1259
-2,8776	10,6886
-29,9439	6,1667
-17,2955	20,3223
-17,4917	0,7272
-6,2202	14,7519
-29,2883	3,1518
-18,6717	2,0378
-4,1227	-2,8775
-25,1600	-2,8120
-8,2512	-4,1882
-24,3081	0,9233
-2,4842	-11,4628
-16,4437	4,0037
5,7732	-4,3196
-22,6696	-19,9822
-0,7148	14,0963
-18,3441	-3,5984
6,2319	9,1813
-18,9993	14,8172
-2,8120	-3,4016
-17,1640	23,7957
-2,0912	6,6907
-11,1348	0,9893
-6,0889	10,0987
0,9237	-1,2391
-7,1375	-3,1396
7,0840	2,8895
-17,6888	-22,7350
0,9238	-8,4481
-2,2878	-17,8855
8,3290	-15,8539
-28,3052	-17,3612
2,3655	-22,4075
-25,6837	-26,0120
-1,4355	-8,9728
-10,2827	-25,4222
3,0207	-15,3296
-8,7754	-15,9852
-1,5014	-17,0991
-3,9258	-7,3345
-14,8707	-17,9512
-6,0229	-18,6719
-12,2494	-8,7762
3,0863	-13,7569
-12,3805	-11,5284
-0,9114	-4,2542
-18,4097	-23,5872
1,6444	-8,5138
-15,0671	-11,0700
-3,5985	-27,7157
-26,7322	2,7583
8,0671	-9,9557
-2,6150	-8,3827
2,3000	0,9888
3,0212	-11,0042
-1,1734	-1,5015
16,4562	-4,8439
7,8049	-17,4922
23,5339	-16,0504
6,6254	-20,9002
25,5655	-18,2131
2,5624	-14,7399
26,2209	-26,0120
13,7035	-21,2277
18,3565	-8,3173
1,3174	-9,3002
23,3372	4,3312
5,3151	-12,5770
26,4827	-8,4479
-1,3697	18,4871
5,3802	0,3336
2,7591	4,7902
-2,5496	2,2998
22,0265	-0,7149
2,6930	11,5402
17,5045	-11,0042
-5,6298	-8,6447
17,3735	4,8554
-4,3189	-23,7181
22,6165	-5,5645
7,1500	-2,7468
34,3474	-12,3803
12,2619	-1,0428
31,3328	-13,2324
20,7818	-13,0355
17,2425	4,5279
21,1095	4,5932
30,4151	-6,0234
28,9735	15,3412
1,1206	-14,6088
31,2018	-14,0188
4,6594	-13,1670
27,5973	-33,3520
0,2684	-13,1014
7,7397	-27,6506
-0,5179	-39,2502
1,0548	-13,4949
-21,4893	-32,9590
14,0309	-31,3860
-10,6760	-21,1624
1,7756	-21,8834
-5,4330	-8,3829
12,0647	-18,2787
7,0188	-8,5792
-0,7148	0,4647
13,1793	-2,7464
-2,2221	7,6738
26,8762	6,4287
-14,0184	4,9870
21,7644	17,3733
-7,9235	15,6038
21,3056	8,7228
-10,4137	27,7281
17,5045	24,6477
-0,0590	24,5824
15,1452	31,3979
5,3807	7,2154
23,6648	24,7135
23,2064	26,9414
17,1112	15,0796
28,3836	27,7935
13,1136	7,1497
37,0998	14,0968
-2,3530	22,7470
28,7114	2,3656
13,1792	5,9046
32,4467	4,7902
-0,1900	-4,4503
29,5633	10,2951
2,6937	-9,3659
17,3737	-6,9409
14,2281	-9,1039
19,0776	-23,6527
27,4009	-19,0652
17,0458	-21,8179
26,2212	-18,1478
19,3394	-16,3129
23,5996	-24,8980
12,8513	-22,5386
20,6503	-8,4484
-2,6151	-15,5263
30,9394	-13,8221
-7,7270	-13,9534
14,9486	-14,4775
2,8900	-0,0598
16,5213	-16,4437
-5,4329	-15,9848
13,7032	0,0059
-2,4837	-18,4752
8,7880	3,8727
5,1184	13,8339
8,1982	-3,7951
14,6866	6,0356
8,7225	15,7348
22,2231	11,7373
4,0039	27,7934
25,6310	11,9337
1,7102	18,4875
22,2232	15,2761
-4,2534	-3,2705
9,3782	11,9339
4,7907	8,1325
13,2446	0,7926
3,8077	14,2273
14,6863	-10,6108
-3,0079	0,2683
14,0310	13,9651
23,7960	-6,3511
4,6592	0,5303
20,5193	1,7753
4,5282	-11,8560
29,4977	5,1177
16,1937	-10,2178
29,2353	-3,4017
2,3003	8,1978
35,0026	-15,1982
-1,3041	8,7223
32,6434	-2,2223
8,7885	-4,5159
22,6164	-0,3217
15,3422	-6,0889
18,3565	-7,4651
26,8109	0,9234
12,8512	0,4647
13,1139	-0,5839
8,0016	2,4307
27,5315	-7,0063
-4,6471	-1,1080
14,4898	3,4795
-11,5283	3,0864
7,4117	23,4679
-25,0285	4,7903
-3,9915	6,2978
-14,8048	30,2183
-5,8267	24,9754
-9,4308	28,7109
-2,7465	27,2691
-6,0884	6,6910
-5,4334	15,4729
14,6863	16,3246
-6,6786	15,6693
4,7252	18,4216
-0,0594	-5,0401
15,5386	-1,0423
-0,1902	-1,1082
29,1045	-17,2954
-3,9911	7,2804
26,3520	-10,6766
9,1817	-4,5815
28,7112	0,5955
-1,7626	-9,0380
23,9271	-5,6301
16,9803	6,2974
2,1033	-11,1351
2,7590	12,1302
0,9891	0,3336
-2,6807	-0,8458
-12,5770	12,4578
3,6106	-0,1906
-10,6110	-7,7270
-4,3849	3,3482
-23,4557	-12,0528
-1,5669	-6,3510
-30,2057	-16,8369
2,8241	-14,1498
-17,2296	-4,5818
4,1348	-6,6135
5,4457	-16,1814
2,1687	-2,5500
-10,6756	-5,4991
1,1859	7,9358
26,4829	-6,6786
5,7078	4,5937
22,2231	19,6012
6,5598	-1,3703
28,5146	8,0017
1,1861	3,4139
28,6457	4,4625
-2,0907	14,9482
18,5532	8,0013
-3,0079	-0,0593
17,8323	27,7933
3,2835	13,4409
20,2571	4,6595
14,6868	35,3301
25,7620	12,3923
13,6381	16,6525
18,0945	24,1235
33,4955	16,3903
20,5191	31,7255
28,1871	4,2660
6,6912	1,7760
28,3182	16,1935
8,0674	3,4141
19,8640	13,5066
-1,5008	4,1349
22,5508	-5,8919
-7,1368	26,2861
5,3148	10,2296
-4,9742	11,8685
-1,6977	35,0679
7,4776	14,0310
-3,4675	14,8832
9,6402	36,3788
-11,5284	19,8639
0,8583	31,0706
-15,3294	22,6818
4,2006	21,6990
-16,3124	35,5268
-1,6977	4,4627
-22,6692	2,7590
1,9722	9,5743
-21,0308	-2,4188
2,6276	2,6931
-11,6591	-2,8123
-7,1373	-15,1984
-3,6635	-10,2833
-1,1736	-16,1160
10,8198	-14,6087
-12,5113	-6,0892
4,9217	-22,4731
-13,9531	-10,6764
11,2786	-10,2834
-15,5259	-9,8901
14,0311	-3,8607
-12,4456	-1,9602
13,1791	-8,2515
-10,2173	9,3121
3,7419	-0,1906
-4,1223	-0,0594
17,4387	3,4795
-6,1538	6,2976
8,1983	15,4069
3,8731	-2,9431
4,7249	-12,9698
10,7544	7,4772
4,4628	15,0136
25,1722	-8,0548
-7,7269	-2,8775
28,9078	-2,0256
-1,1078	3,2829
15,4074	3,4794
-1,1731	-1,6322
8,2637	4,8557
-15,9187	1,3169
5,9044	9,5745
-10,2828	8,7225
-4,6470	7,2152
-7,1371	20,2569
-10,6110	15,0139
-1,8289	-1,8287
-16,1816	15,0795
-5,9576	6,4285
-17,7545	-3,7949
4,7246	8,8533
-20,9656	-12,9047
2,3653	-7,0719
-26,4704	-8,3829
-0,7801	-32,1723
-0,0594	-21,9487
8,8535	-21,3591
-7,6612	-21,8178
13,3756	-14,0847
1,5139	-33,3523
4,1350	-18,9341
15,4077	-11,2667
14,0965	-25,2913
15,8008	-17,1647
12,9825	-24,7670
43,0636	-22,4729
15,4728	-11,0698
28,1870	-11,3974
8,9851	-16,0503
29,1701	-1,4358
19,1432	-3,5330
30,0874	7,0839
3,8735	-0,9116
30,0875	1,1858
20,3230	14,6860
22,8130	-4,5815
14,2282	-6,9407
31,3327	6,2320
24,5828	5,1833
11,8029	-4,4503
29,2358	5,3798
8,1983	-9,8899
20,5848	-8,8413
-4,5156	-14,4120
26,5483	-19,8514
-8,4480	5,7073
2,1033	-17,0991
-14,2805	-8,9069
11,7369	-6,5478
-20,9653	-5,1058
-5,8265	11,5402
0,7271	-3,3365
-4,9749	-1,0425
-4,9089	5,9697
-9,1691	-11,7904
12,0647	-6,8750
-20,5069	13,0475
2,4311	-7,0063
-16,7712	6,2976
11,6714	1,7099
-28,0432	-1,1737
2,8898	11,4747
-14,2807	-9,4312
-0,9114	-7,7925
-14,3460	-2,8120
-5,5645	-10,1520
-12,1831	12,9822
7,3461	-7,2030
-2,2217	-12,6423
-0,2562	4,7246
4,3320	3,4139
0,0061	2,6275
12,0649	3,6758
-2,0256	-12,9701
6,7566	-0,3872
-11,7247	-13,4290
8,1327	-32,3686
-7,3993	0,8578
6,8873	-15,4608
-20,2442	-18,0164
3,2173	-10,3490
-14,2149	-28,0436
4,5280	-9,9556
-11,9213	-9,5626
-11,9215	-26,4052
6,5599	-8,7760
-7,9896	-18,9342
-4,5811	-16,4436
2,8896	-6,2202
13,1132	-19,9171
-20,3754	-17,3610
7,9362	-5,4992
-16,1157	-19,1306
17,7665	-7,2030
-20,3755	-7,9897
9,8365	-18,8684
-12,3145	-9,6280
-13,7564	-19,1307
-9,0376	-23,7180
-0,3218	-12,3805
-20,2442	-22,1453
-10,0864	-3,8609
6,5599	-16,2473
-7,9238	-19,3927
0,3996	-5,4992
-0,9768	-28,6990
13,3755	-13,4944
-17,9505	1,4474
20,0603	-18,2133
-17,6229	-11,3319
3,7419	-11,3321
-18,5404	-18,6064
-6,2198	-8,4483
-18,0160	-9,9559
-3,2709	-9,6281
-17,1643	-17,5578
-6,1545	-4,3195
1,1857	-1,5016
-19,3275	-8,3173
-2,3531	-9,6932
-19,4584	5,3800
3,5450	-8,1205
-21,2278	-5,3022
-1,8289	11,4094
-17,6887	-4,5813
4,3314	13,6378
-16,3123	21,8950
-2,6808	7,1496
-4,5811	16,5868
4,3314	4,0039
-4,2533	3,0865
5,7079	15,7346
9,9680	4,9868
8,0015	-5,8922
12,4584	0,9889
2,3654	-13,7566
21,7643	3,8725
-7,5959	-14,7399
15,2108	-10,8075
-8,3821	-7,3998
31,3326	-19,7203
0,0064	-8,2514
8,3951	11,0158
-5,9570	-9,9556
20,3881	-4,7124
-5,4983	13,3096
11,0165	-9,2345
9,7714	17,0453
4,1349	1,9064
3,2179	-10,8728
-0,1904	0,6613
14,4242	-0,9773
1,7101	2,1685
7,6085	-7,8586
-13,8873	-24,8322
21,1745	-5,9579
-8,1202	-7,9897
19,1427	-15,8538
-18,7369	-10,2177
3,2832	-5,4992
-7,0714	-1,5013
8,7879	10,3606
-4,5155	-8,8413
-3,3362	22,7470
2,1037	7,6736
-0,0595	4,8560
12,1961	19,7324
-15,7225	4,4625
15,6040	-1,8287
-6,0889	9,4434
4,8561	3,0207
-26,7979	13,6375
2,2346	-5,8922
-13,6251	0,3339
4,2660	21,1085
-11,1346	-10,8731
15,6037	-7,7924
5,9046	23,0745
4,6592	-14,6740
3,8078	10,7541
3,5452	18,3559
32,7089	-3,6638
-0,5838	18,2253
11,8686	17,8319
7,7393	12,1304
10,4920	15,7349
-7,9892	4,2007
5,6422	12,4582
-12,7732	19,0771
0,6614	7,0186
-20,3753	5,5769
-0,1905	21,3053
-19,3266	6,0355
6,1010	28,7110
-17,7539	12,5889
-0,1249	9,3124
11,8684	24,9753
-6,0887	1,7757
19,4051	6,3634
-3,2706	0,5961
27,0728	8,8539
-3,1393	25,4996
25,8277	13,2445
4,3319	8,0016
41,8187	18,4873
19,2743	1,3169
50,0761	10,7541
23,0756	0,0060
42,5396	-5,0400
24,5177	6,4942
40,5080	10,1640
51,9116	12,4578
39,7215	4,2657
48,6347	1,9721
21,5682	-5,8266
42,9986	-12,3802
23,9273	-10,8728
36,2483	6,1007
21,3059	-16,0504
32,3157	-9,2999
-13,2970	8,1978
30,6118	-8,3827
-7,7266	-7,1373
12,9170	4,5935
-8,3821	6,3629
-0,2558	10,4260
-11,0691	-1,6980
-6,6784	-2,6155
-10,6103	7,5423
-2,8775	-16,6404
12,4580	-23,3902
-12,0525	2,1684
8,7882	-19,5896
-7,8581	-12,9048
5,0527	-17,4269
-10,2827	-17,6234
20,5846	-9,6936
-4,3845	-12,6426
15,4073	-12,4459
-2,2872	4,0692
19,5358	-10,8730
-0,2555	0,2029
11,8681	11,6714
2,8245	2,4966
2,3655	19,8636
11,8028	11,1473
-4,1882	6,1666
13,1790	17,7665
-9,3656	11,0162
9,9023	9,6402
-7,9236	24,6477
17,0455	9,1814
-5,0400	20,3879
20,5189	14,6207
-11,3313	3,8729
12,1303	17,3077
-5,7607	0,8581
3,2831	8,9191
-1,1733	11,9992
-8,9066	-2,1566
15,9972	12,6546
-0,7148	-1,8945
24,9755	7,5429
-7,5305	13,1787
26,8763	-5,4990
13,1134	-0,7147
20,0604	1,5134
1,9726	3,2828
23,2062	1,7100
-1,1074	0,5302
16,6526	-9,6932
0,0068	14,8171
18,9462	-5,8923
3,8078	-0,2560
5,3147	1,0545
18,4878	2,0376
0,3993	9,5741
17,1114	-6,4167
3,5451	-14,4119
28,9076	2,8238
-7,2028	-18,3444
15,2764	-28,1746
-10,7415	-5,4993
22,1575	-27,0608
-3,2706	-25,6187
9,8368	-21,2936
-3,3360	-26,2743
6,2977	-18,2133
-12,4452	-14,2157
0,4650	-28,3712
-4,5810	-11,3975
-3,8605	-10,7421
3,7420	-4,2539
-8,8413	-7,0721
10,8853	-10,8730
-14,3465	3,0862
4,3317	-9,1691
-12,9045	4,0695
11,6058	13,9650
-23,3247	0,3994
1,0547	5,7080
-18,4095	17,8319
1,6444	6,5599
-18,7370	22,2229
0,7924	10,0987
-13,1009	7,0188
3,2827	26,2861
-4,3192	2,2998
-9,8899	5,3804
-3,5980	5,9043
-3,5984	-10,3485
31,7257	1,7102
-20,3755	11,9989
15,9973	-10,2175
3,3488	6,3630
35,5268	-14,6740
-2,6805	-4,2536
26,3519	8,1325
2,6280	-0,9114
7,9364	9,0502
4,2665	7,8705
2,4966	14,2930
8,2641	23,4024
-2,0255	11,9335
10,6889	-2,8118
-0,7805	14,6862
1,7758	4,3314
-12,3802	4,7902
11,9339	3,0207
-19,3270	-2,6809
3,1521	8,5257
-7,9891	-3,3363
7,0185	-2,3530
-9,9550	8,2636
14,0309	7,9360
-5,6951	5,7733
5,9702	13,2444
13,7692	7,0185
19,6670	14,3586
18,0292	2,2343
14,7520	7,7396
26,4834	25,6306
17,0458	2,4308
22,3545	1,1859
11,4099	12,5889
29,4323	-11,5938
6,4291	-7,2028
37,0998	1,3821
-0,6488	-10,9385
6,5600	-5,3025
-1,9593	-1,1082
13,1790	0,5958
-6,3504	12,5231
10,2299	2,2996
10,7543	-0,0595
6,8219	-1,0426
6,8222	-2,4842
-4,7779	10,4262
24,1893	-14,2153
9,1156	-12,5766
27,2039	1,7098
0,1373	-12,1838
14,4245	-10,5453
-1,1077	-6,1546
18,1598	-24,8978
-9,5617	-21,1620
0,5306	-8,6449
-5,4329	-5,6958
-1,9601	14,8169
-15,7221	2,3650
-0,5838	-6,0232
0,4650	14,5552
-16,0503	2,1689
9,1158	26,3518
-13,1667	15,2105
14,5553	14,1624
-10,0863	43,7843
13,3757	4,7905
0,9895	12,3276
27,0726	36,3787
-13,6248	21,3711
28,1214	18,8154
-0,6487	24,0580
21,3711	15,8007
11,4755	37,6895
19,7980	20,7812
6,1671	16,3250
6,1010	36,9685
6,6258	14,3586
0,2028	12,6548
23,5994	18,0942
0,4648	16,7178
16,9146	13,8997
-0,6492	15,2104
9,6400	-5,8266
-18,3436	9,6399
2,5622	2,2997
2,0381	-2,6808
22,2227	-3,0086
-5,4329	-8,9068
5,3802	10,4918
3,8734	-0,1908
7,4774	-12,3145
22,5508	6,0353
-4,1225	-6,5477
19,2086	-0,2561
0,2028	7,2803
14,6209	-10,2178
-11,7245	-1,4357
30,1529	-9,7591
-4,1226	-29,0919
12,7859	-5,4992
-8,7753	-17,2303
7,6085	-15,8538
5,4461	-2,8126
12,4579	-24,2426
-8,9062	-10,2835
15,1451	-17,3615
9,7057	-23,3906
5,3803	-15,6574
15,5385	-18,8687
-2,7464	-18,6064
19,1428	-11,2009
-12,0525	-28,6991
14,4243	-26,2738
-11,7249	-12,2495
-1,8942	-21,5554
-20,5065	-0,8462
-9,0378	-15,3952
-23,6521	-12,1838
-2,2221	-3,5331
-18,0161	-5,6303
-2,0255	-6,1545
-11,6589	7,8701
2,5621	-20,7690
1,9726	10,2950
-3,0085	-19,3930
22,4854	-14,6739
4,3971	-8,3826
18,4876	-21,3588
-5,8264	-13,1011
17,1114	1,3821
-12,1833	1,5132
9,7056	0,9891
-4,4499	2,5619
7,2806	3,6107
-18,1468	13,1133
12,3925	14,2930
8,5262	5,2492
12,9168	21,6333
16,9804	7,0842
13,5068	17,2424
19,3397	19,4705
9,7057	22,4851
30,6119	16,7835
-4,2536	4,9214
21,3057	9,0504
-3,6637	20,6499
18,6840	4,6594
-10,2829	22,4850
10,8851	13,8997
-10,2172	8,4603
-0,9114	14,7517
-7,6613	-6,6786
-7,9238	3,1520
-1,3043	9,5086
3,7415	-1,3704
-5,8919	0,2025
-16,3779	-7,2031
20,4534	-18,0819
-19,9171	-7,0720
3,8075	-18,6720
-13,5598	-21,6863
8,7224	-10,1523
-19,7201	-13,9534
10,2298	-17,4921
-19,5233	-7,0064
-0,9768	-0,9773
-15,7221	2,4307
9,7055	-2,8778
-6,2195	-14,2153
-4,0571	10,0329
0,9896	-7,8586
-0,6494	-13,4944
0,0063	-9,1692
-12,3801	-13,8222
6,6909	-9,2346
-19,3269	-7,7275
14,0310	-6,2201
-16,5089	-11,7250
2,3655	-4,7781
-15,1325	-0,5839
0,3339	4,3312
-18,7369	-2,6810
9,3122	4,9868
-14,3460	7,8703
-9,9552	0,7925
-4,3189	12,3267
-2,6154	-1,3703
5,1182	-5,0399
-3,5329	11,8024
8,4605	1,7755
-4,7780	-16,9021
21,1744	-12,0523
-13,8217	-7,1373
29,5631	6,1664
1,0549	-4,5160
11,7375	-2,3531
10,6234	0,3992
20,3225	-4,5160
4,3321	-2,4187
21,6989	6,2974
19,5364	-16,3779
21,1090	6,9530
35,5272	9,1809
25,8928	-1,6978
29,0391	15,9312
13,5068	-2,5500
30,4807	-12,9043
-4,5811	5,7078
15,4732	-7,7927
0,9239	9,7709
5,4458	2,6929
-12,9696	0,6615
6,9530	-4,3849
-16,7709	-11,0696
6,0354	-6,8096
-13,1008	-0,1907
-7,9238	-1,4359
-0,5179	-8,4481
-15,1328	-1,9602
4,3974	-15,8536
-7,3340	2,8897
8,5916	-7,2686
-6,2198	-18,1471
19,5360	8,2636
1,1203	-0,4526
25,7618	3,0863
-13,8217	-0,7803
7,7396	-11,6591
-15,8532	14,8174
9,5745	-2,8121
-7,1371	0,4651
-6,4819	16,8487
-11,9210	2,5619
-10,8074	2,1033
-12,7730	8,7223
-14,3463	3,0206
-5,9576	-1,3701
-32,0410	0,6614
-6,3509	0,6614
-28,8299	1,8409
-15,7882	-9,5622
-44,5583	-14,6084
-17,8198	-6,6787
-37,7427	-20,5068
-21,0313	-17,6232
-43,8375	-13,6911
-23,3906	-14,2811
-31,4513	-6,8756
-30,0099	-15,4608
-25,8152	-16,6402
-28,7647	0,6611
-18,1475	-13,2324
-30,1409	6,5597
-4,1885	-2,3534
-36,5634	1,1858
-23,2593	17,6352
-34,4659	6,8873
-4,9095	5,9046
-37,8083	12,5891
-21,4900	10,0986
-37,2184	6,8221
-19,3275	18,0940
-42,6579	6,0355
-43,6411	21,1087
-33,2207	12,1300