3,9984	-7,6637
-9,2398	-14,2172
-0,9825	3,8052
-6,7493	-4,2559
-3,0140	-14,1516
-6,9458	5,7714
1,8358	10,3587
11,1422	-6,8115
10,0933	1,7082
16,7783	-6,0251
2,3602	1,4460
20,5138	-2,2896
-1,1133	-1,9618
10,2899	10,4244
-11,4681	13,3080
4,6536	6,8857
-21,0364	21,5003
-6,4220	18,8132
-15,0726	14,5535
-8,6503	16,6505
-16,0554	4,2643
-6,7497	13,6359
-11,3370	11,8663
-23,1337	4,3298
-13,4996	9,4416
-15,7282	16,5194
-1,3755	10,0314
-20,8399	12,1941
2,0323	7,9998
-15,4005	2,2980
1,1801	2,4945
-13,5654	-13,8895
1,8355	-7,2704
-14,3515	-7,0740
6,8819	-10,2852
-0,9821	-4,9766
2,7532	-6,0252
3,2779	-13,5618
1,6390	-9,9575
0,1977	-19,3291
-3,0796	-14,7416
-0,8510	-16,2491
-11,5993	-23,3923
6,5544	-9,9575
-9,0434	-7,9915
10,0278	-11,5303
-11,2060	-5,8287
3,7362	-11,6613
-7,7326	-11,3991
-1,9656	-6,1564
-13,4997	-17,2975
-6,0289	-18,5426
-19,3979	-1,8966
-15,1384	-14,2174
-22,0194	-12,4478
-17,3666	-6,9427
-11,8613	-3,4693
-16,0558	-0,5203
-2,6207	-16,9042
-17,8908	-11,0714
2,9498	-9,3678
-17,6287	-25,1618
-12,3858	-19,0015
-32,3742	-8,5812
-15,1386	-4,3869
-41,7461	1,5114
-17,2358	-6,4184
-36,8963	3,5432
-18,2187	11,1452
-25,6894	-1,5686
-19,3327	11,8663
-16,5798	7,6064
-17,9564	10,7523
-8,1913	24,3838
-18,2840	18,7478
2,6222	28,4472
-14,4828	28,3163
11,6006	32,1829
-9,9608	36,7703
13,1734	32,9038
-1,1789	32,1174
20,7100	35,9840
-1,3752	36,7049
21,7589	37,2292
18,6790	43,0618
28,6403	28,2508
31,1966	37,6881
33,5557	42,7342
49,0882	40,1786
55,9038	54,2033
82,3806	56,8902
74,9750	63,8373
100,6655	75,3061
84,5436	75,5028
115,5423	86,0543
97,5199	92,0835
117,6395	95,9503
102,1077	94,1808
116,7875	94,1809
103,3529	102,8972
105,6462	106,1086
89,2625	111,2205
88,6724	117,5776
93,0635	122,0994
79,3006	117,7743
82,6431	119,4126
59,4431	119,4781
76,8757	120,0024
49,2847	118,7571
50,0711	103,2252
15,0745	105,2567
9,2416	103,5524
-29,3594	73,8647
-34,2752	75,9618
-67,7643	60,2328
-95,1588	44,5696
-119,4727	31,1343
-141,6902	7,2135
-168,8220	-11,5957
-190,7118	-25,7519
-199,3625	-60,2896
-227,7402	-77,3292
-235,4734	-88,6674
-259,5256	-128,8414
-248,5812	-149,9441
-279,5145	-178,3217
-266,6040	-195,4927
-284,6919	-228,1300
-263,9171	-258,9322
-276,4342	-270,0737
-241,7656	-291,3734
-240,5856	-320,7992
-211,6185	-331,5474
-198,7728	-343,9996
-174,9832	-362,0877
-148,1129	-369,4280
-138,1514	-386,5329
-106,0382	-377,0302
-104,2686	-371,7874
-53,2811	-375,5229
-41,0913	-367,4618
5,3744	-354,0923
27,1328	-342,6233
74,2537	-315,7533
85,5265	-303,1702
139,7907	-276,6932
144,3133	-247,1361
186,0600	-230,1619
196,9395	-196,4103
221,9089	-160,7586
241,5703	-139,6553
250,8763	-101,0543
271,9795	-82,7038
269,1612	-62,1906
282,7931	-33,9443
265,6879	-34,5994
278,7953	-11,7271
255,5951	-5,3700
257,8887	-5,0421
212,0133	-2,6172
220,3361	-10,3506
179,1137	-17,1008
170,5935	-21,6887
126,6187	-51,5076
114,0351	-60,9450
72,8784	-81,9169
45,3525	-112,4570
4,9166	-146,4052
-34,4714	-185,5963
-64,2252	-238,5501
-127,5995	-283,3775
-156,1080	-353,6328
-210,9627	-402,7858
-254,2171	-471,5997
-325,9797	-547,2948
-349,1147	-619,6475
-427,1690	-683,5464
-457,9717	-762,2561
-525,6054	-832,8395
-556,2116	-911,2872
-601,8250	-992,3565
-628,4335	-1082,0767
-663,1022	-1176,7118
-691,8076	-1248,8682
-694,1014	-1321,7456
-712,9107	-1394,8846
-702,0971	-1450,1325
-715,2701	-1517,4391
-690,8905	-1576,6190
-705,5052	-1636,5199
-676,0792	-1689,2115
-678,8971	-1724,9949
-632,4975	-1761,1714
-636,4947	-1802,2631
-603,0055	-1819,6305
-585,8999	-1843,3549
-543,3669	-1859,9357
-519,6421	-1861,5744
-480,5170	-1872,3223
-447,6170	-1855,3483
-421,0091	-1838,1778
-378,3443	-1821,5969
-347,8700	-1782,1437
-300,2901	-1738,4963
-290,6560	-1697,9286
-239,6684	-1631,9331
-228,7892	-1568,2968
-189,0739	-1484,6718
-189,2045	-1408,4524
-142,9359	-1339,9658
-139,3965	-1246,0515
-106,4974	-1145,3868
-109,1182	-1043,0180
-83,7558	-949,7587
-83,8864	-855,3854
-70,5172	-765,5341
-79,0365	-670,3091
-76,8741	-601,0363
-75,6945	-512,9545
-105,2515	-433,5893
-93,1929	-360,2532
-122,4223	-285,8687
-108,8564	-214,0402
-143,6561	-143,6535
-124,5853	-84,0150
-155,9116	-44,0370
-145,8848	7,8682
-168,8879	42,7994
-158,9922	59,9050
-176,9489	91,5593
-188,0905	108,1401
-195,8890	125,9662
-204,6058	133,5029
-209,5208	127,2772
-225,8397	129,8330
-219,8757	117,5776
-239,4059	101,1935
-230,9517	85,0714
-260,6398	65,1482
-249,4331	57,9391
-268,9629	39,9818
-250,2198	4,8543
-261,0986	-14,9380
-243,8627	-44,4298
-243,9278	-90,7642
-221,8422	-126,2852
-207,4893	-167,1150
-199,9529	-205,9784
-185,6654	-244,5141
-183,5030	-283,1809
-158,5987	-305,2015
-148,3753	-332,2684
-112,5921	-368,3790
-112,4609	-375,5882
-65,2746	-391,6449
-65,3399	-406,2596
-27,0665	-416,8764
-24,6412	-419,2359
7,6681	-416,6802
3,2777	-415,8282
24,7080	-413,7309
26,4778	-394,6597
38,0776	-370,5424
49,2192	-355,4688
58,7218	-329,1229
82,3153	-315,2289
85,9197	-283,7712
111,9378	-256,7701
90,5075	-235,9292
116,4600	-200,1461
95,4882	-176,2908
108,3987	-156,0395
68,8805	-115,7343
94,3739	-75,0361
71,6327	-57,2754
75,4337	-24,6379
56,9528	-3,4038
65,5377	21,6968
54,7245	46,5352
51,0541	53,0235
44,7627	72,1605
24,8394	101,5862
28,1164	104,6667
16,1228	118,1018
14,1568	114,8252
-10,4195	136,1245
2,3601	135,5346
-23,8546	142,6783
-9,6333	145,5619
-34,1439	155,6545
-24,1825	146,3484
-36,3721	148,5766
-25,9521	145,4309
-34,7336	146,1518
-25,4277	140,6466
-27,0659	129,8986
-25,5587	130,7506
-22,4127	125,7696
-28,1801	105,9122
-14,2862	107,4850
-25,4275	98,5719
-0,7859	100,6036
-24,3789	94,3119
5,2436	76,2240
-13,8930	86,4476
13,6322	84,3501
-0,8512	63,6408
16,9747	63,5753
13,8947	59,1841
25,4290	52,5648
35,3253	38,3434
33,8833	27,5300
31,5900	33,8867
28,7060	20,1896
34,0146	9,3761
15,1399	6,9512
26,6744	7,9995
15,9262	-4,7144
32,3759	-5,7630
15,8608	-5,8286
39,1261	-6,7461
22,3490	-3,7972
39,0606	-23,3923
18,6134	-14,8071
27,3296	-15,0040
4,9820	-23,8512
14,4844	-19,1982
2,7536	-20,4434
5,1126	-16,2491
12,5840	-17,4287
4,5229	-31,1257
18,8101	-29,4874
8,2585	-28,7011
21,0381	-42,9224
5,4403	-41,1529
10,9453	-40,2356
-15,5311	-38,7283
7,1440	-34,1407
-21,8228	-36,6310
-3,8661	-23,7203
-18,6115	-15,6593
-14,2208	-10,0886
-13,9584	-4,5834
-16,9734	2,2323
-9,6985	-3,4038
-20,0536	-5,6320
-8,1255	-7,0081
-15,0726	1,9701
11,2075	1,4458
-6,2907	-6,0906
19,3341	4,1332
3,4086	11,3419
20,0549	0,1353
-0,0647	-1,4375
11,4041	-0,9134
-6,9460	1,8391
5,8989	-4,8457
-13,5651	-5,0421
-5,3733	-0,0613
-4,0623	4,3952
-6,4874	8,4584
3,4088	7,2134
-3,9314	19,0100
11,4697	21,9591
-3,9315	22,5488
12,8459	6,5581
-5,3077	12,3253
8,9792	15,4052
-4,6523	-7,3358
19,4649	4,9195
-3,4726	11,2763
11,4696	5,1160
3,1467	4,4607
11,7972	8,1308
-0,2611	7,8686
1,3771	11,4075
-6,4215	-3,3380
-12,1235	9,1139
-4,5867	15,6018
-10,0920	7,5409
1,2459	10,2935
-13,5653	8,5239
13,6323	8,5896
-1,1790	16,7159
11,6006	-2,2239
-5,3076	7,6066
16,4501	7,1476
-8,9120	-13,2996
11,9283	-14,1516
-3,9312	-14,4796
8,9136	-21,1642
1,9671	-14,5452
4,8504	-21,8196
8,7830	-4,8457
10,2244	7,7372
18,7444	-2,8794
4,1297	6,0337
26,7398	6,8200
9,0448	4,8540
27,5917	8,9171
8,5861	-4,1901
24,5115	3,6742
14,5502	9,7690
36,3080	-0,7166
27,0677	7,9997
42,0097	5,3781
20,9074	5,6402
27,2641	5,3127
17,5650	-0,8477
1,7050	4,4607
16,3197	2,2324
4,4573	-7,9256
23,0044	-3,2726
12,3218	-5,6321
38,2087	-13,1030
19,3342	-5,6974
38,0120	-4,7799
12,7805	2,5602
28,0503	10,2934
5,1783	9,1139
19,0719	14,0946
11,2732	11,2109
15,7951	-6,4182
14,0915	-2,4205
20,7104	-3,7970
15,7299	-17,2318
13,2392	-11,2026
17,2372	-14,7416
4,3263	-10,6783
23,5941	-13,0377
7,4064	-9,4331
23,4629	-3,9936
7,1444	0,5940
28,7057	-0,1269
16,2539	-2,0930
23,8560	-6,0251
6,5547	-1,6998
17,3678	-6,8772
-2,2927	-12,9065
8,1927	-0,5200
-2,4893	6,5577
2,4255	2,2325
0,7875	11,2766
-3,8003	16,4539
12,0596	19,7964
2,4911	21,3036
10,6832	9,6383
-9,2398	12,2597
17,3023	9,9656
-7,0115	-9,4986
17,6957	-8,5811
6,4890	-5,8942
20,7757	-9,1054
-4,2589	-5,3043
6,9476	-5,1076
-1,4409	13,4391
-3,4072	17,3058
-3,1448	17,1094
-5,1111	18,0270
6,2268	19,6653
-13,3686	15,4054
4,3263	11,5386
-15,3348	-5,8284
5,6368	2,6258
-15,8591	10,8177
1,5735	3,0189
-10,3539	12,1940
7,1441	8,7205
-11,8612	3,7400
-1,1135	20,5172
-8,0601	3,6743
-3,4073	5,8372
-7,1424	12,4561
-0,5236	-1,1753
4,1954	0,2664
2,5567	0,9217
13,4359	2,2980
4,8507	6,7545
23,5941	8,7205
11,2077	6,5578
38,4707	5,0505
16,2540	-1,8963
41,7475	-2,5517
13,6983	1,7080
40,2402	-6,1562
16,8440	-3,9934
21,7590	-0,8478
5,1130	4,9194
3,0155	15,7327
5,8337	2,1670
-7,4048	19,8619
3,8677	23,6627
-9,6331	15,4054
10,4212	17,5027
-9,8299	21,8279
-1,1789	17,0438
-14,8761	17,6991
-0,3271	5,4439
-9,3711	10,5557
6,3575	10,6866
-5,6354	-2,2239
6,4888	7,1478
0,7218	11,8661
5,3091	-2,3551
4,2609	4,7229
-1,1134	5,7058
1,1152	2,6912
-1,0479	0,9217
1,3116	-10,6782
-15,0726	-5,1731
7,9963	-0,2581
-4,3904	-10,0229
6,8165	-7,0083
-1,5066	-6,2875
15,0085	-10,8094
-0,3267	-9,9575
22,7417	-10,0885
8,1931	-4,6490
19,6617	1,4458
17,3028	-9,0398
31,1306	-6,2872
26,4125	2,8878
24,3150	3,1500
26,8055	5,7059
10,6834	1,7738
19,3343	16,4539
-4,2590	10,0967
14,0257	-2,9447
-6,4873	0,9873
9,3069	3,0188
-9,6331	-3,8625
4,5881	-6,0907
-15,4003	1,3805
-6,5531	7,3444
-18,0218	12,7838
-14,9418	-6,6147
-14,5482	0,8563
-11,4683	4,7881
-3,0138	-16,3798
-9,1089	-4,9766
5,9647	-3,2073
-14,8760	-3,6003
5,0471	3,8052
-12,8444	-3,8624
12,3870	5,8370
-11,0094	10,5554
16,2536	-1,5686
-2,2274	2,3636
21,4966	-5,5009
4,7196	-6,6806
20,3171	-5,0422
11,3389	-6,6150
11,2731	4,9849
-0,5230	12,9147
2,3601	-2,6172
2,0981	4,9851
-9,7642	12,3904
-2,8173	-1,9619
-23,5925	1,6426
-1,2445	-4,5178
-21,4954	-4,5834
-2,4243	-1,2411
-23,5270	-10,3505
-2,4900	1,3804
-24,7065	-0,3237
0,6558	-7,0083
-11,6647	-2,0276
-7,7982	-17,9528
-7,4047	-5,5009
-9,5676	-6,4840
-5,6351	-11,1370
-7,6670	-3,0761
4,9162	-6,6806
-2,4241	-5,3042
13,6980	3,8708
-0,5891	0,9872
16,3850	3,2810
1,5082	6,4267
22,6108	-5,8285
-0,2612	2,2324
13,6979	5,6402
-2,6205	-6,8772
4,0639	-2,7483
-6,4217	-4,3212
-3,8660	-4,0590
-2,5550	-3,8625
-11,5994	-9,4986
-2,4239	-2,4863
-13,4344	-7,2705
-2,4240	-15,9211
-11,2717	-0,8478
8,3894	7,4752
-7,5360	3,1499
17,8267	8,1963
3,6052	9,2449
19,2028	20,7793
-2,1616	25,4323
20,0549	10,9490
5,8338	14,2259
21,1690	18,4855
6,8169	7,4099
12,4527	8,2619
4,0643	3,6088
-5,3730	6,2958
7,6689	5,1815
-2,2929	-6,1561
17,1714	5,7715
-3,2760	10,0310
18,3510	-9,8261
-4,4557	8,7861
19,7270	4,1985
-8,7811	4,0021
9,8965	12,2595
-12,1233	3,4123
0,9181	15,7987
-2,3584	19,0753
0,1972	10,4248
-6,0938	20,7139
-7,4049	20,3860
0,1320	10,2280
-12,1236	15,0777
-3,2104	14,4222
-10,1576	17,3714
3,9985	21,8278
-13,6308	5,7714
15,7293	-0,2577
-8,7155	9,5069
10,9453	3,3466
-11,5335	5,5748
11,4040	0,6596
-5,6353	1,7081
1,2459	-1,8309
-4,1277	0,2007
11,4695	-3,2727
3,8677	-3,0761
8,7826	-7,5980
6,0960	0,9217
1,1149	-4,7800
13,8291	3,4120
-2,5552	5,9678
15,1396	-9,4329
-8,6499	1,7083
12,0593	9,9656
-9,5020	2,6257
11,8627	5,7060
-9,5674	4,9849
14,4841	5,1161
3,8019	-0,3891
-2,0309	-1,2409
-5,8972	2,2980
-0,5893	-0,9790
-7,1426	-3,2070
-20,1846	9,3103
-5,5698	15,8638
-25,2310	5,1817
-3,0140	15,7330
-23,0682	14,8811
1,4424	22,3522
-8,3224	24,1871
19,0061	9,2450
-0,1957	13,2429
21,9554	24,1870
6,8168	7,9341
14,7465	14,8809
11,2733	5,5092
8,6516	12,0629
1,9673	7,8030
8,3239	-0,9788
7,3412	5,2471
5,0471	4,6572
16,3850	-2,2240
-0,0647	5,7059
16,2538	8,3274
-5,8976	20,5171
5,3091	18,0267
-13,3688	14,6190
-0,4582	21,1070
-18,5461	13,0461
-3,8661	9,1796
-10,8127	17,7647
-2,6864	20,3861
-4,9142	16,9783
4,7848	12,1286
-1,1131	11,0145
-7,4047	18,2233
10,4868	13,0459
-7,0773	-5,0419
1,5083	9,5071
-4,3902	13,9633
14,3531	0,2665
-4,1280	11,9320
22,0209	15,6675
3,0810	14,9466
14,4188	16,8471
2,4259	3,7399
5,7024	6,8855
-7,4045	9,7035
-6,1598	-11,2681
-9,0430	-9,8262
-7,3396	-6,2875
-4,9142	-9,8920
-9,7642	-3,5349
9,6348	-8,1223
-8,1258	7,4753
13,0425	11,5386
-6,6184	12,1285
13,7632	11,8009
-10,7473	10,2280
7,6027	10,6869
-16,3178	22,8764
0,1971	12,3251
-10,0918	16,2574
-1,9656	13,7013
-10,8781	1,3806
0,3282	2,7568
-5,2420	-2,0931
-2,2276	-22,1471
-0,6545	-8,7778
-3,6038	-22,8026
4,7850	-11,3992
-11,1405	-7,8605
2,6221	-12,6443
-14,0897	0,3974
0,1316	6,4922
-16,9733	8,9827
2,2943	14,4223
-5,8975	15,3400
7,8649	23,5319
-6,6182	12,6529
-3,4072	7,7377
-9,6984	14,8156
-3,2761	13,4391
3,9986	6,1649
-3,9314	17,8303
14,2224	19,9274
7,0787	16,8472
23,7906	15,7331
0,1976	11,5388
30,8029	13,8325
5,6370	19,0752
13,3703	0,1355
-3,3413	19,7963
10,0277	15,6018
-14,0238	4,3953
1,1802	19,3375
-10,7471	-2,4861
-10,7474	5,8371
-7,0115	9,3759
-12,8445	1,0528
-9,6329	4,3296
-10,8785	0,6595
-2,2275	1,1839
-20,3157	6,1646
-0,3271	4,9195
-9,3711	6,3613
11,6004	9,0482
-11,0092	-2,3550
18,5474	7,9998
-1,3753	14,8809
9,8967	0,0698
-3,7345	2,9535
4,2605	3,8708
-6,4217	8,7861
-16,5144	13,2425
-8,1256	9,5071
-16,5145	31,4618
0,2631	27,9882
0,1972	18,4858
15,7296	27,2021
6,0302	29,4956
24,3803	18,8134
0,9185	16,4539
20,8413	2,6258
-2,1618	11,5387
2,8842	8,6549
-10,4195	2,2981
-9,1091	6,0336
-19,3324	7,9341
-15,5971	4,9850
-20,5774	5,8370
-18,7427	5,0505
-7,8634	4,8539
-10,4852	8,2618
2,1635	8,3930
-12,0579	15,4709
17,1057	23,6629
5,8334	17,4370
24,4458	14,5535
6,2924	9,4417
18,8753	22,9421
8,7829	24,8425
17,1056	7,9344
0,8531	21,3038
8,5861	25,9567
7,5379	10,4247
5,7025	12,9151
1,3119	6,4924
0,6561	-2,1584
4,8506	-1,5686
-17,3664	-8,0568
4,7850	-5,1077
-8,0604	0,7905
-1,0479	-6,4839
-13,9584	-1,8963
12,0593	0,3320
-9,9608	8,1306
11,1418	1,9047
-4,4556	-4,2556
0,5250	3,7398
-6,0939	2,2323
0,6560	1,1838
-6,6837	4,7228
-7,0772	8,3927
-4,3245	1,0528
-9,6987	6,6891
2,4912	9,2449
-7,4050	19,6652
6,0956	17,3714
-3,9970	16,1263
12,9768	20,1240
-4,9145	19,7963
6,4886	16,9782
-15,5312	8,7207
2,6876	6,6236
-11,2714	13,1116
-3,8661	23,3352
-15,7933	24,3838
-10,6162	27,9884
-6,0940	20,1896
-11,2061	18,5512
-1,2443	21,5003
-10,0919	19,9272
9,8969	12,3252
3,3430	11,4075
21,1035	-3,0103
-1,3100	2,2982
14,7464	7,2131
-7,7325	-10,2850
9,6344	0,3319
-4,0624	-3,7315
7,3407	-5,4352
-1,7684	2,4947
3,0155	8,5240
6,8169	19,9929
2,6223	19,9929
9,1106	18,0269
-2,4896	27,2676
14,1568	23,4009
0,9838	17,6993
16,5160	16,0610
2,3601	11,9976
13,1081	5,2472
-1,1132	-3,6002
28,9675	-4,7144
-3,4069	-2,2240
24,6425	-2,2897
11,1423	-11,8579
13,9601	-2,4862
3,6713	0,2006
8,8482	-9,1710
1,2463	-11,7268
5,2437	-21,5574
15,5987	-22,0817
13,8289	-22,7373
30,6065	-38,7280
15,4675	-32,3710
31,1307	-27,7835
7,7342	-27,1281
14,8776	-11,9236
-4,3245	-8,7122
10,1588	1,3150
-10,8781	9,3759
5,7022	10,2280
-10,2883	15,4708
-6,9462	15,0776
-4,9799	11,5387
-12,0581	14,1601
-5,2420	6,0337
-7,4706	6,1648
6,2268	4,1330
-3,9315	-4,1900
18,1544	-0,7166
0,7217	5,5090
27,3950	-11,3991
4,5229	-9,9573
25,4287	-15,0692
-9,3706	-11,0060
4,8503	-14,1519
-9,4363	-19,7224
-0,9169	-14,0207
-5,6352	-1,3068
-2,8828	-12,2513
2,5570	-11,2024
-3,0138	0,1352
8,0621	-1,8309
8,3894	1,9048
18,4822	-4,7799
13,8291	2,4947
42,4684	6,1646
14,5501	-5,6974
38,7984	-1,3720
13,8947	-0,9134
27,4605	-2,1585
12,3874	-6,2873
23,7904	-8,4499
7,4723	3,4120
22,2832	-7,9260
9,8971	-17,4940
2,9500	-8,6467
10,1592	-10,3507
-7,0773	-18,4770
-0,2612	-6,2873
-9,5021	-6,0253
3,1466	-15,3313
-3,9970	-3,6660
15,8605	-15,2659
0,6561	-7,9913
23,0694	-0,9792
4,7194	-13,3652
18,2198	-1,6998
4,5885	-2,2241
14,6153	0,9872
5,2440	-4,9110
12,2560	-8,3188
3,4745	-1,6997
0,7217	-3,6659
10,2902	-9,4329
3,2121	1,3805
16,1228	8,3272
4,6539	3,4777
20,1205	7,0822
7,9962	7,1478
25,7565	9,9659
3,4089	9,4413
29,7543	-14,0858
1,7050	2,6913
21,8244	8,1962
-6,5525	4,1331
6,0957	7,9343
-2,6860	12,3907
-8,1257	14,6845
-0,3923	22,8108
-5,7664	0,3976
3,8677	7,6066
-4,3246	2,8877
11,3386	-6,2873
-14,0896	-6,4839
-2,8829	-2,2897
-26,4105	-1,7654
-3,9973	1,5770
-23,5270	-4,4522
-10,6820	12,9149
-19,2014	10,1622
-9,0434	2,9534
-9,7640	2,4947
-10,2231	7,2132
-14,0238	4,8540
-17,1699	6,2301
-14,6794	5,2472
-23,8546	6,4923
-7,1428	8,1307
-30,8670	1,0528
-1,8344	-1,8307
-16,3836	3,2154
10,6175	-4,1901
-2,6207	-3,8624
18,8752	-8,3844
0,0010	2,4290
16,9748	-2,2242
-1,0475	-5,0421
7,8651	-1,0443
-0,6543	12,8492
-1,7687	-0,7167
3,1467	1,4461
-1,8343	5,5747
7,5377	1,9048
2,4911	3,7397
17,3024	2,4291
-5,0455	9,0482
23,0039	16,6503
-7,2738	4,1985
14,6809	11,3421
-1,3755	13,2426
10,7487	7,8032
-0,1301	11,8664
10,4209	2,3637
-3,3413	4,9850
3,7363	1,5114
-3,8001	-2,2239
-8,1258	12,9804
-3,9313	16,9127
-18,8738	18,3546
-15,2036	21,1072
-21,4954	25,0394
-3,9971	22,0246
-16,9733	12,2597
8,1271	7,7377
-14,7450	9,2448
4,9158	4,3296
-15,3348	1,1183
-0,5893	3,8709
-22,5436	8,0652
-9,8299	6,1647
-16,5143	18,2233
-12,7134	6,2958
-13,1718	15,7988
-3,6038	25,8911
5,4404	7,9343
-6,8804	11,9976
13,9601	15,2742
2,4912	11,9318
16,7781	10,3589
2,1636	-1,3064
19,2684	10,2279
1,3772	7,0164
9,7001	-7,0737
-14,2204	-3,0761
-1,3101	-4,1246
-22,4781	5,5090
-19,4637	4,1985
-17,1697	8,7206
-22,6096	21,7622
-20,7087	14,1601
-24,3789	12,1941
-8,9121	9,0484
-7,4051	11,7353
4,6539	9,2449
-6,3561	4,0676
20,7757	-3,7313
-1,9652	2,7568
17,6300	1,3804
-3,4071	-12,4476
11,9938	1,6426
-9,8950	0,0039
-2,0309	-8,8432
-5,9629	-5,1732
-6,8807	-3,5348
-11,2713	-5,6975
-9,3711	-4,2558
-4,5868	-14,6103
-18,0218	-2,5518
-1,0478	-0,3893
-9,7643	-10,1540
8,8481	0,0697
-5,7664	-8,3846
24,5768	-14,2827
8,3240	-17,7562
28,1815	-15,0037
22,2835	-20,8365
28,0504	-24,7687
11,7977	-14,5450
10,6176	-12,7755
-8,6497	0,7249
-15,2692	-1,6999
-9,7640	2,8223
-19,7915	3,8054
-14,6138	16,9781
-21,7574	16,3227
-2,5552	8,0654
-13,8930	20,5828
8,1272	22,1556
-8,7156	13,7670
6,5542	10,7524
-15,8589	6,8201
8,1270	3,0846
-16,4488	9,2448
-4,9802	-6,4838
-15,9901	-1,1753
-20,5123	14,6844
-18,6770	6,1646
-16,4491	13,3082
-19,3980	15,6675
-23,9203	20,4517
-16,5800	22,9420
-20,4469	20,5172
-6,0943	24,8427
-16,1213	25,3012
12,7801	6,4924
-7,2082	5,8371
19,2027	2,0358
-3,0794	-0,1924
4,5227	-0,5201
-8,2566	-11,3336
-1,3101	-3,6003
-5,5696	-0,8479
-0,0649	-12,5788
3,7366	0,6595
4,9160	0,0040
19,0065	-2,9451
12,5839	-6,0908
26,0845	-7,2703
7,0133	1,9047
28,4437	2,4288
10,8798	-15,5933
21,1690	4,3294
4,3919	-11,7270
21,1033	-14,4139
-5,7007	-14,0207
4,6536	-5,8288
-26,9345	-4,1903
-24,4445	12,0628
-29,8184	12,8494
-34,2095	25,3669
-23,0681	27,7917
-28,9011	19,2722
-10,5507	25,3015
-21,9541	15,4054
0,0661	14,7503
-13,1723	22,7454
-1,7689	14,5536
-13,0410	19,5997
8,5858	16,1917
-1,8343	-2,3549
8,3237	3,6744
-2,9482	7,8684
6,8820	-1,3066
-3,9311	-6,2217
2,6222	-9,1708
3,9332	-4,7145
-4,5867	-7,0739
9,3727	-12,1200
-3,9969	-7,9257
14,1566	4,3294
-13,3686	-6,7461
4,9161	0,8562
-6,3563	2,4946
8,7170	13,6356
-6,4873	8,6549
11,5351	1,9050
-0,9166	12,9150
5,2436	15,9295
0,1977	6,1648
8,5860	16,2574
8,3243	12,1285
11,2075	15,4054
16,8439	13,7670
-1,3099	11,0800
13,4360	11,7355
-0,7201	9,7691
20,4482	-0,5855
4,7194	1,0528
24,5113	-0,3892
6,2924	-15,9211
23,8560	-4,2557
6,4235	-5,7631
13,8945	-5,9598
7,0789	-11,5304
20,4480	-14,3483
10,0282	-12,5135
17,4335	-20,9676
20,9072	-23,1302
8,1929	-15,0038
16,9751	-24,0477
10,4211	-14,0207
19,5964	-9,3678
5,8990	-15,5935
17,8922	1,1182
-9,9607	-0,3892
6,4232	-1,1099
-22,8714	10,0311
-4,9802	-5,6320
-22,3472	-1,3064
-13,1068	14,3565
-24,7719	2,1014
-14,0897	11,8665
-10,6815	17,0437
-9,2400	8,5242
-7,9290	15,0123
-9,4365	14,6845
-5,2421	5,5750
-19,9880	7,8685
-2,8174	-10,6780
-23,3304	-5,6318
0,1972	4,1983
-17,8908	-9,4986
5,9643	-1,8308
-12,9099	6,2957
6,6199	13,3736
4,4573	17,0436
15,5327	12,9150
0,7220	20,5828
1,1805	19,2720
9,7660	7,2135
-2,2929	9,9004
2,6225	12,9804
-10,6161	6,9511
4,9816	4,9195
-17,6941	0,3320
5,5713	8,9827
-12,8445	16,1260
11,1417	3,5433
-9,5676	10,2280
9,2413	14,1600
-2,6206	10,0969
12,9769	12,1284
2,2948	4,5918
10,4866	5,1160
9,3727	5,4437
9,1759	-8,9742
13,2394	-6,8770
0,7873	0,9215
9,3728	-13,3653
-1,5065	-13,6275
16,9747	-9,8265
-10,9438	-16,2490
16,9091	-13,6931
-3,5382	-12,0547
19,9893	-4,4525
0,3942	-2,8141
16,5160	-14,7415
6,6857	-3,7968
15,0740	4,3950
-6,6181	2,3635
-1,3100	8,6549
-4,3900	-1,1099
-7,8637	0,0698
0,3286	3,8052
-9,9608	-10,0228
3,2777	2,6257
-7,0772	6,4921
9,2415	-1,1755
2,9498	-2,8793
17,8920	3,4776
-1,6376	2,4945
15,9259	5,3125
-5,3076	-2,3551
10,6831	-0,0613
-4,7832	2,0358
1,7701	-5,3042
-4,7833	-0,0613
-7,9948	9,5724
-2,8828	13,0459
-13,7619	10,6212
7,8652	12,4564
-5,0456	16,5850
14,4844	16,5850
-2,0309	4,3952
8,9138	7,0823
-9,3054	11,1453
5,9644	9,4414
-22,7403	4,9850
-1,9001	2,3636
-20,7742	3,6088
-0,0651	9,1793
-8,8466	-0,3235
-1,1790	1,7737
4,5230	3,2809
7,9961	-4,0590
15,7953	5,5748
8,7827	3,4120
14,3535	5,4437
9,7658	7,5408
29,4266	2,2326
5,0471	9,7037
27,0674	14,2256
16,5816	7,0822
32,8345	8,2619
16,8438	5,9681
25,6910	5,5749
5,6372	9,5726
9,7656	3,8056
-7,5356	9,7693
-4,9801	16,0606
-9,4363	8,2619
-13,7618	13,5703
7,9308	8,5239
3,2119	4,5917
20,3173	1,8392
10,7488	-5,8285
20,5794	5,1815
3,7365	2,5599
7,6031	-10,4816
-10,6815	1,6426
-0,4581	-2,3553
-18,3494	-10,0229
-8,5846	-4,9765
-15,0725	-3,2727
-8,4536	3,2810
-7,6012	-5,2388
-11,9924	-14,2170
-3,9967	2,1669
-7,7981	-0,1926
7,2754	-9,1709
-9,9608	-3,6003
10,5522	-2,0930
-4,6523	-2,0930
13,1735	0,9871
-4,3902	-0,4545
6,8165	-0,9132
-5,7664	10,4245
6,4888	2,2980
-6,6838	10,0969
6,5543	3,2811
-6,3562	14,6843
-7,9292	10,0968
-8,3221	5,5094
-5,3078	16,1918
1,2461	25,6944
-5,8975	22,6798
11,2076	24,1218
-0,5889	22,8112
27,6572	27,4642
9,8969	23,9251
31,5893	11,8010
10,7490	15,6020
16,6471	14,4222
2,0983	-2,5516
13,5011	3,2157
-6,4872	10,0968
-8,9777	1,0529
-8,4532	0,7252
-8,1259	7,6719
-8,9119	6,2301
-6,4874	-1,2410
4,9816	-11,5300
-12,4511	4,5261
12,7803	-5,1733
-13,3032	-12,9063
9,8312	0,8562
-4,0625	1,3147
14,4186	-0,3891
-3,5381	-5,1077
12,6492	-10,3506
-3,9968	-1,6343
4,3916	0,0041
-5,5697	-12,4477
-4,0626	-4,4522
-4,3244	2,1013
-1,8343	0,7251
7,6032	7,2788
-4,5211	7,1477
17,5647	11,8664
-0,9167	18,8131
15,0087	4,1331
-5,6354	5,7060
4,7848	8,7204
-19,7256	2,7567
-0,5893	-0,7822
-14,8105	-4,9765
-0,4583	1,7737
-12,3199	14,2255
0,2627	3,2155
-5,4386	22,7454
-10,9438	18,9441
-1,9651	9,3762
-9,8954	8,7208
0,9840	7,5410
0,6560	2,8878
23,4628	-1,5032
5,3748	-11,5958
28,5747	-10,1539
10,8144	3,2152
26,6741	-9,5642
-1,1130	-5,4353
17,0402	0,5939
1,1807	-4,8456
18,8096	-6,6805
4,1299	-0,9788
10,4211	9,1137
13,1084	7,2131
9,5035	0,2665
9,5038	13,0461
2,7534	15,2087
19,3341	14,1601
3,6052	9,9659
23,0697	0,7908
5,5714	12,3907
20,0549	10,0967
-1,7686	-0,9788
13,0424	13,3082
-7,4702	9,4412
6,9476	-9,3674
-2,1618	0,0042
-0,4580	-3,6004
-2,7516	-6,2218
-8,3880	-1,1755
-8,6498	0,7251
-15,3349	13,5702
-10,3538	14,2910
-22,2163	6,0336
-12,7132	14,9467
-28,3111	21,9589
-7,7983	25,1047
-27,2625	20,3206
-6,6186	25,1704
-8,5191	24,7117
13,8286	24,8426
-0,9166	12,7840
16,9747	6,3614
10,2247	1,3150
6,9477	-5,5664
10,2904	-8,1224
5,6369	-8,5156
5,5061	-4,9767
-1,9653	-0,3891
11,2077	-8,1223
-3,3416	-4,1245
12,1906	1,2494
-3,1450	-3,2070
19,0718	0,4629
-1,8996	-7,4015
24,8390	-8,5156
3,6710	-5,2389
19,8582	-13,2998
0,0665	-8,7122
3,8018	4,3294
-2,9481	-1,6999
-5,5044	-0,7823
-3,3414	-6,6806
-5,2423	-5,5009
9,5692	2,0358
-5,3733	-7,0080
14,5500	19,0753
-1,1133	20,4514
26,7396	11,0146
0,0663	15,1434
15,4018	15,4055
-11,2057	20,8449
8,8480	15,1432
-12,0578	12,7185
2,2288	14,1602
-8,3878	11,0144
3,4085	1,9705
1,3117	7,4099
2,4256	14,0944
8,1275	3,7398
-4,8488	10,4246
14,7466	7,4101
5,0470	18,8133
16,8436	20,1893
1,2459	2,2981
12,4526	6,6892
-9,6330	10,3589
5,5055	-5,0420
-16,9076	-4,4521
-3,4730	0,4630
-11,9269	-0,7823
-7,8638	-0,5202
-14,2205	-10,4160
-13,9586	3,8052
-7,2736	0,6595
-12,2547	1,7738
-4,7177	10,7523
-9,1743	17,3059
18,8097	19,5343
-1,1789	26,0224
23,9872	20,9106
5,5059	30,0856
25,2324	21,8934
14,4189	2,6260
30,8028	7,8688
5,7028	9,9002
22,0866	2,0361
4,8507	16,1918
0,7873	17,3060
0,9842	27,5297
1,0493	30,7408
9,3072	10,6871
-1,8997	21,1727
14,8777	22,2867
-0,4578	8,3930
22,2834	6,5580
4,0641	2,5602
21,6278	2,9534
-7,0116	-0,3891
5,5057	-8,9087
-19,3981	-2,4861
-10,9441	4,4606
-28,3766	0,6596
-18,2188	6,4924
-26,8035	14,5534
-18,2841	12,7184
-5,7664	16,6507
-10,0265	12,3908
-1,0476	19,9930
-9,1089	21,7622
9,4380	10,2936
-5,4388	13,3082
12,8459	6,0336
1,1804	5,7059
16,7780	4,0674
-1,4408	-2,2241
21,1689	5,9679
3,6054	5,5746
20,4481	-9,8262
4,3265	-0,8476
16,4505	11,4074
10,6180	0,0042
4,1952	9,9002
7,6689	5,1161
-0,2613	14,6843
15,9917	7,0821
-7,7325	-0,3233
9,4381	2,8879
-5,5042	11,8662
12,3872	0,7907
-5,5043	7,6065
10,5520	4,2642
-7,7980	9,6382
8,0617	12,6528
2,4912	6,6235
8,1927	8,4586
1,2463	14,0945
3,7363	0,2009
-4,5209	2,8224
-6,2908	4,5262
-5,3075	-3,2071
-8,9779	-3,0761
-10,2230	-14,1516
-25,5586	-5,2387
-0,3928	-6,8773
-14,4175	-16,7731
4,8502	-12,9721
-11,3371	-12,3169
15,4672	-16,9044
-0,5890	-16,9043
11,2729	-18,0183
-3,5380	-1,9619
1,7702	7,0818
-6,2905	-3,2070
-7,7982	8,9828
-9,4363	8,7206
-21,1021	7,6720
-5,9630	10,5555
-21,1677	3,8053
2,2290	-0,9788
-11,2060	1,7081
18,8096	-4,4523
-0,7200	6,2957
20,0549	12,2593
9,1104	4,3296
21,6278	1,9704
11,7320	7,2788
26,0841	4,9194
3,6057	0,5941
17,9578	-6,3527
11,9287	3,0845
1,2461	11,7351
8,5864	-0,9789
-1,8997	4,4606
9,7658	1,6425
-8,8467	0,0698
3,4087	3,0187
-11,0750	-4,7801
6,6853	-1,1755
-14,0240	-4,1903
9,2413	-19,2634
-6,4871	-6,5494
16,5815	-5,9599
10,6179	-19,9844
9,3725	-12,3167
3,4747	-13,7585
12,5182	-2,9451
6,2925	-4,1903
-10,4850	-11,0714
0,1321	-6,6806
-14,4827	-8,7779
9,7001	-14,6760
-16,2522	-10,7440
14,0255	-13,4964
-8,9122	-5,3043
8,7826	-2,4862
-11,8613	-1,0444
6,6853	10,6211
-11,9269	5,1816
-3,5384	3,4778
-11,9923	13,1116
-6,1597	9,7037
3,6710	12,3251
5,7024	6,2959
7,2101	4,6575
0,0664	10,5555
8,5207	5,1815
-0,1959	-4,1900
12,3871	5,3127
-4,3902	11,0798
13,1081	7,8686
3,9986	6,0337
14,5499	5,3128
-0,9164	7,0166
17,8922	-2,1586
-4,9143	-6,9425
1,5736	4,6573
-4,4555	4,1984
-3,9971	-1,7651
-1,2443	15,6675
-6,1598	13,7013
-3,6036	15,2087
-13,4997	5,4439
5,7680	6,2959
-3,4072	4,0677
13,9599	10,1624
-6,3562	-3,6002
16,3847	-0,6511
-9,3054	-3,3383
4,3261	-2,8795
-6,4872	-7,7948
4,8503	-9,1709
-5,9628	-0,1269
1,8357	10,0310
-9,7639	-5,0422
-4,3247	-3,0759
-1,6376	0,6595
-13,5654	2,4944
-4,9799	-4,1246
-19,8568	-0,9133
-3,5383	4,5918
-25,6896	11,2110
-8,1915	8,2619
-29,4908	22,4178
-3,1453	19,2064
-20,7744	13,5704
0,9835	9,8348
-8,0602	1,1839
-8,1915	1,8392
-8,5188	-8,7778
-4,0626	-17,1665
-4,2589	-13,2343
-7,3394	-15,4627
3,5400	-21,3608
-6,0286	-16,1179
6,6857	-17,6907
-9,0433	-8,7122
11,0764	-8,3191
-7,4705	-17,6251
5,6367	-9,0399
-13,1720	-8,5157
2,0977	-14,5450
-13,0409	-10,3506
-4,0627	1,1836
-11,0094	-6,4841
-13,8932	-5,5665
-16,3177	-9,0399
-20,5778	-6,0251
-11,7302	2,6255
-16,7768	-9,8917
-2,1619	-1,8962
-11,3372	4,5262
8,9136	1,2494
-13,7619	2,2980
12,1905	1,3150
-8,3224	7,4099
11,3384	13,4391
-11,4681	7,0822
6,1610	4,8541
-13,1720	13,5703
-1,5067	4,3297
-10,9436	5,3127
-6,9463	1,1839
-9,0430	10,4900
-5,6356	9,9656
-5,5041	2,0359
-8,5191	6,8857
2,8844	15,9950
-5,5699	9,5070
14,8774	13,3081
-7,3394	5,2473
16,8436	9,8349
-0,3269	5,3783
18,4163	-5,9595
1,1804	-1,9619
3,9329	-5,5666
-4,4556	-18,4115
-6,3564	-10,2850
-5,3730	-1,7655
-1,3101	-0,1925
-1,7029	3,2153
-0,9167	-3,6658
9,7004	2,4290
-2,3585	-4,6490
18,8098	-9,8262
-10,0264	-6,2873
8,2583	-5,3044
-17,4975	-11,1370
12,5181	-6,7461
-9,3054	-9,4986
11,9282	-6,6805
-2,4895	-7,4670
11,8626	-10,6127
-3,3414	-5,3044
-0,1304	-5,5665
0,1320	-6,4840
-8,6500	0,3319
0,6564	-5,3697
-1,3100	0,0699
2,2947	11,2763
-10,2885	-1,6998
0,9183	8,3274
-18,0873	16,9125
7,5371	10,2935
-17,0387	11,4077
10,0276	8,7206
-14,0895	5,7060
4,8503	6,0335
-10,3538	-3,7968
-0,5893	3,1500
-19,8566	8,7860
-14,2209	-3,7312
-20,3810	9,4416
-19,6603	14,9465
-2,9485	6,4269
-21,2332	7,3445
6,9476	11,3421
-10,3540	10,8833
19,6617	12,3250
4,1296	-0,9787
21,0380	10,6211
5,0473	8,8515
23,7249	8,4584
5,5061	8,5240
24,0526	12,9149
8,7830	11,9319
20,2516	16,5848
20,7107	-4,7799
22,1522	0,3320
20,3175	6,2299
16,7783	-10,4816
30,5411	-1,0444
7,1444	1,5114
21,3659	-0,3890
2,8190	-2,5518
17,6957	-5,3697
0,1976	6,1644
23,4627	-3,3384
4,0642	-15,4623
16,6469	-5,8941
6,5547	-5,8286
19,0718	0,0696
6,4892	-10,8094
4,3263	-12,7099
3,1469	-9,5642
-0,7202	-6,2875
0,9185	-14,6104
-5,9630	-0,7822
12,6494	4,9194
3,5398	10,4901
27,0019	3,8054
8,7829	2,8879
36,8978	9,9658
9,5037	5,9679
24,9702	-5,6974
5,9648	0,0042
14,8774	10,9486
-0,6543	-5,2386
3,6052	11,0144
-2,2273	9,3104
-3,0795	8,4585
-8,5843	7,5409
-10,6816	0,5942
0,8529	8,1307
-4,3246	6,0989
14,4843	-9,0398
-0,7857	-2,2240
16,1883	-2,6828
2,0980	8,9170
26,8706	5,5092
1,6393	3,8710
13,6978	9,9658
-6,1594	13,8979
1,6391	10,0314
-5,9628	11,9320
-2,2931	20,1894
-0,9166	13,3738
-2,6207	22,2866
13,9602	18,0924
1,7702	24,1872
17,1059	22,0901
4,3917	21,8280
19,8584	21,8280
0,6562	19,0100
18,2199	12,3253
-3,9969	17,3714
15,5327	12,4562
-6,1596	14,2256
9,1758	16,1260
1,1806	3,6088
1,7702	10,9488
-3,7345	-0,5857
-4,5213	-12,1198
-2,5549	-4,6490
-16,5145	-10,1541
-5,4385	-10,4162
-13,3033	-10,7441
2,2946	-18,3461
-8,2569	-15,3314
14,3532	-2,3554
0,1974	-16,3144
24,7735	-8,3190
4,4573	-4,0592
17,5646	-0,1270
0,7219	-3,0106
6,9476	-8,5810
-5,5040	7,6720
1,5081	17,3712
0,7874	3,3466
-1,5720	7,1478
6,6203	13,2424
9,0447	-7,4669
10,5523	-2,6829
0,4596	-5,3044
19,7927	-2,9450
-11,0093	-1,5034
11,7971	-21,1640
-11,0750	-9,4331
7,6682	-10,2853
-9,5020	-25,8171
4,7848	-21,4917
-5,7008	-5,9598
10,4864	-9,2366
-6,7493	-3,7316
0,7873	-7,5324
4,6541	2,1014
-5,1766	9,2448
10,6179	3,9365
2,5567	11,6043
20,6448	7,1477
0,9840	0,0043
25,8878	-3,6658
8,6516	-9,3675
21,6278	-4,3868
-0,1301	-5,1734
12,5835	-15,2657
-19,4634	-5,2388
-13,4344	-0,8480
-26,3447	-7,4671
-14,2865	-0,3235
-18,2183	-1,9619
-10,4197	3,7400
1,7049	11,2110
0,9838	5,1818
21,5624	9,3106
5,1127	14,2255
27,8539	0,7253
11,2731	9,6381
25,6255	5,7715
6,9478	7,0823
29,0333	10,9488
14,8122	-3,4035
25,7566	7,2134
13,4362	4,6572
22,2832	-2,6172
10,3559	-4,5178
7,2754	-10,9405
5,0475	-18,4116
0,0664	-12,5791
14,0258	-20,7710
-6,9460	-14,6106
11,3387	-5,7632
-9,1744	-11,4647
9,0448	-5,3042
-10,4195	8,9826
19,7271	1,4460
2,2946	-3,2070
21,4966	-2,5516
2,4914	6,6233
15,2707	8,1305
4,5231	-7,3359
5,5713	1,4461
2,6881	-1,5033
-0,9167	1,3148
4,9163	-1,3066
0,1974	-5,6974
16,7782	9,3104
3,4743	8,7205
22,9386	-8,5154
11,0766	-3,4036
32,5724	-3,4693
7,2100	-13,3652
24,7081	-5,6975
7,0790	-4,2558
29,1644	1,9703
8,6518	5,1815
11,1419	-0,3234
-4,1278	12,5872
-8,6501	10,1622
-10,6815	3,6088
-20,5124	8,9828
-16,4487	8,3273
-18,3495	6,6890
3,4742	-0,4545
-5,7009	-9,1708
19,9238	-6,3528
2,2946	-7,2703
21,5621	-7,7947
-6,3561	-8,7776
13,6978	9,0482
-8,3878	9,5725
1,8357	6,1647
-15,1380	5,6405
-10,0264	12,3251
-11,7301	7,9996
-8,3225	-5,3040
2,4258	7,7376
1,9668	7,9995
18,6133	3,4776
5,3748	7,9340
24,7081	-0,5200
5,3747	7,0822
20,1204	6,4923
-0,8512	-2,2239
16,2537	6,0336
-7,9290	1,1837
6,3577	-4,9765
-5,3077	1,1182
-4,1282	-4,3213
-8,3221	6,2955
0,7870	1,7080
-10,3538	-5,1075
-5,4389	7,9343
-9,5674	14,8809
-15,4004	1,3807
-2,4897	7,6066
-23,5269	7,2132
1,9668	8,5239
-19,8569	10,3589
4,5226	8,0652
-7,6015	9,5726
14,0254	13,7668
-10,2882	-0,5855
11,0764	1,5118
-0,3268	10,6211
1,7703	3,2810
8,8484	4,1986
3,2776	3,8053
6,9480	8,6549
-4,6522	3,1498
2,4259	1,3150
-6,2252	10,2279
6,0957	8,1306
-12,1891	5,2472
-0,5235	11,9318
-19,5948	2,8878
-2,6209	5,7060
-25,4275	15,7984
-9,6989	-5,1731
-34,9957	3,2811
-23,5271	8,7203
-33,8160	-9,7607
-24,1825	-7,6636
-16,2522	-2,0276
-15,9904	-4,9767
-2,8172	2,6255
-9,6332	-6,8772
8,5861	5,8370
-4,1936	7,4752
18,2854	-7,1392
-4,1935	-1,3064
14,8776	0,0041
-8,7154	-5,5664
8,5204	-12,1201
-18,4147	-13,1686
0,5248	-6,4841
-26,3447	-8,9090
-8,1915	-16,1179
-16,5143	-7,2705
-7,8636	-6,5496
2,4913	-8,0568
4,0640	2,3634
11,2077	-2,6828
5,4404	3,3466
24,0528	7,6718
6,7510	1,3805
27,9193	8,1963
0,0663	17,4368
24,9045	11,1454
-1,2444	7,9998
13,9598	6,6235
-7,7324	14,2258
3,1464	17,0437
-10,0261	9,1139
-4,0626	11,0145
-4,4555	20,5170
-1,0479	0,7253
3,4744	9,7692
-1,2444	2,8223
10,2247	5,0505
-3,4726	-0,7821
17,3680	6,6890
-0,8512	14,2910
21,8244	2,7566
1,4426	-3,1414
12,4527	0,5286
-8,5188	6,9509
3,2119	-6,1562
-15,6623	-4,9764
-11,4028	1,2494
-17,7595	-0,1269
-9,8300	-0,4546
-14,3515	-7,5324
-11,9926	-2,3551
-12,6477	-0,1269
-17,4321	-6,0251
-2,8829	4,7228
-15,2038	-1,5031
8,1271	6,6233
-14,5485	0,2007
0,9837	-7,6635
-15,7280	-11,0058
6,1609	-0,9135
-7,9946	-17,7562
8,9136	-13,4308
4,7850	-14,0863
2,4911	-16,3145
-2,2271	-11,9236
-3,0138	-13,4310
5,3095	-10,6784
-4,1281	-14,8073
2,8846	-21,1640
-7,0773	-16,4455
1,7703	-5,8942
-14,2862	-4,3869
9,5690	-3,3382
-8,7812	5,2471
9,5690	5,8369
-7,5359	3,4121
4,3261	-0,7821
-12,4511	6,6890
-0,0650	7,4097
-13,1720	-5,1730
-5,5701	2,6258
-11,7301	1,3149
-16,5800	0,0697
-4,3245	-4,1901
-11,2716	-11,4646
-3,5381	-2,8794
-10,6818	-1,4379
10,6176	-18,5426
-11,9924	-8,5156
12,3216	-16,3800
-6,5528	-7,4015
10,4865	-6,9428
-15,2691	-11,3991
3,4741	-4,9766
-9,1088	-4,3868
-4,0627	-5,9596
-6,1595	6,3612
-10,0920	-0,1269
-8,9120	11,4732
-23,2647	14,5532
-9,4365	0,7253
-30,0806	18,2890
-8,2568	18,4199
-16,1214	5,3784
7,5373	9,8349
-9,8952	10,4246
18,3508	4,3297
-3,9968	1,2494
20,8414	-9,3674