-15,6889	-1,0986
-13,0675	6,3071
-3,6304	9,1905
-7,3658	0,6709
-5,8585	-6,0138
-15,9509	-3,7856
-10,7737	-2,5405
-11,8879	-11,2567
-20,8664	1,9816
-8,7421	8,3385
-8,7422	9,1905
2,0058	-1,0985
-2,7127	1,3263
10,9188	0,4087
-4,2855	-5,2276
6,7246	-17,8761
-11,4945	-25,0195
-2,1228	-11,2571
-9,9218	-13,7475
3,0544	-18,2693
-9,0698	-10,4704
-6,5794	-0,9678
-3,8268	0,4741
-4,7445	-1,4264
-3,6301	-5,2275
7,0521	1,4573
4,4963	1,3262
1,2850	2,7681
-0,2223	2,5715
-6,5795	11,4188
-11,1014	11,2878
-22,1116	12,4674
-13,0020	14,3025
-16,4754	11,3533
-11,8879	5,0619
-16,5407	-3,7855
-5,2032	-1,7540
-16,6063	-6,2762
-5,3999	-20,2353
-11,0358	-16,1721
-4,8100	-21,7427
-11,7567	-15,5824
-7,1694	-22,3980
-11,2324	-17,3517
-13,7884	-4,9000
-11,4945	-9,6841
-12,1501	-15,3201
-8,2178	-7,4558
-23,3568	-5,6865
-14,0506	-12,1089
-22,5047	-14,2060
-11,3636	-11,5846
-16,3443	-10,9293
-9,6597	-8,7666
-8,9386	-13,1575
-2,5818	-14,6648
-6,5793	-8,4389
-5,0065	-8,7666
-4,1545	-18,7279
-0,0259	-12,6986
-9,2010	-4,2445
-21,9805	-9,2253
-13,9851	-13,2885
-25,9128	-7,7178
-17,5896	4,6684
-24,7986	-5,7517
-17,7862	2,3749
-20,3422	11,5499
-20,0801	12,0741
-25,4540	7,2901
-21,7185	3,3580
-24,7331	4,2099
-22,8325	2,5713
-18,1794	-13,3539
-17,3931	-7,3246
-13,9195	1,9159
-10,8395	5,7170
-6,7761	-1,8194
-8,1524	14,1717
-12,0844	22,6257
-15,1646	27,9997
-11,0359	21,9049
-12,0189	26,9512
-5,0066	30,4901
-11,8878	22,6913
0,3019	16,1377
0,6953	9,6496
12,2952	15,6788
21,2082	16,4651
31,8906	5,7829
42,1144	13,8439
40,5416	19,2832
44,6051	22,2980
47,0298	27,4753
55,4841	28,4586
52,1417	40,7139
56,7949	47,7919
49,5859	49,4304
57,2536	55,3942
42,5080	55,4597
55,2220	51,0034
51,7486	45,5640
58,0399	55,1322
48,0131	61,4235
48,8648	59,5885
44,2119	49,8237
41,3935	57,2948
36,4130	51,7896
26,5169	48,3164
31,8907	45,6293
3,3823	46,8744
-2,8436	42,5490
-19,3590	42,0247
-28,4686	33,8327
-38,3647	31,8010
-41,3140	32,7839
-53,2416	20,2009
-58,2881	18,4971
-74,9998	11,6810
-77,7526	0,5399
-96,4960	-10,7324
-108,2927	-17,1552
-114,5843	-26,2649
-121,4004	-48,3506
-131,5584	-52,1518
-133,5900	-59,1645
-127,8229	-76,2041
-134,3110	-95,2096
-125,8567	-106,6786
-129,2647	-108,0551
-124,5461	-123,6529
-131,6239	-141,2820
-115,7641	-144,4278
-109,1448	-144,3625
-91,9743	-141,7413
-84,1753	-158,0597
-66,2838	-157,1422
-54,4869	-154,3243
-33,7120	-157,7978
-21,7185	-171,4292
-14,3128	-160,2225
9,1493	-157,1424
15,7030	-149,4746
36,8715	-153,1444
43,0320	-129,3546
64,5938	-115,7886
81,3712	-104,8439
103,1949	-97,3725
102,5398	-85,3137
123,9046	-60,6064
119,5138	-43,5015
124,7567	-37,8650
118,6620	-25,6750
131,5069	5,4547
121,8077	3,9475
122,9873	5,6519
125,8054	26,2957
120,4969	38,1577
116,8924	34,6845
108,7659	39,4687
105,2268	38,1581
94,6099	37,5027
94,3475	33,6361
67,0189	27,5411
55,2221	23,0190
37,3961	5,7174
15,5067	-3,4578
-9,1350	-12,8951
-18,9004	-19,6455
-39,6101	-25,9373
-71,4610	-54,4456
-92,0394	-71,2886
-113,2735	-91,9984
-122,8420	-122,7352
-154,6930	-158,3216
-169,3732	-192,8596
-196,5710	-229,4948
-212,4311	-256,2997
-241,2672	-306,1076
-259,1589	-342,4805
-290,5510	-375,6427
-308,4427	-434,2979
-338,3929	-478,8630
-350,0588	-520,0203
-362,6418	-558,1629
-375,0285	-600,8931
-376,2081	-644,6061
-387,1528	-678,0301
-378,8296	-709,6191
-380,1405	-750,9073
-374,7009	-785,1830
-366,4432	-805,3686
-344,7506	-836,8264
-329,1528	-860,5508
-302,0859	-887,2243
-280,1967	-897,8413
-249,9840	-905,2471
-230,5850	-912,2594
-193,8189	-896,4653
-171,5362	-890,3049
-145,4526	-876,7387
-124,0218	-861,6653
-100,2319	-843,7080
-69,2986	-810,6775
-55,4703	-778,8920
-35,7435	-738,5869
-24,0124	-692,1867
-8,3489	-646,9007
-0,5500	-596,6339
14,4579	-561,7679
14,2613	-516,2853
29,0071	-461,1688
28,8105	-414,3757
34,5122	-384,8181
32,1531	-337,4349
34,8400	-290,0517
37,1994	-259,3147
34,3812	-212,7835
29,1384	-172,4128
19,3078	-138,0057
15,5067	-101,6982
4,2344	-69,9781
9,0841	-36,4233
-4,8098	-8,7012
-3,8923	-1,3608
-17,3273	22,8878
-24,6020	37,5681
-47,2776	55,7217
-51,7998	65,3558
-62,7445	74,7932
-74,1481	88,3593
-89,7456	96,9446
-92,4985	91,2432
-101,5425	102,4499
-104,8851	106,9062
-113,7979	97,1413
-109,2105	81,3470
-112,4873	66,5357
-125,7911	56,7051
-123,5629	46,4157
-133,7211	26,8202
-135,4250	19,3491
-138,2431	10,7635
-129,4614	-1,9506
-129,7889	-18,7936
-118,9755	-41,3381
-108,0964	-46,1882
-96,6931	-80,4640
-91,6465	-112,5767
-85,5516	-127,2572
-74,0826	-141,9377
-65,1041	-162,3851
-56,3221	-166,2519
-44,2633	-173,1332
-37,9061	-176,6723
-28,1411	-182,4395
-11,4293	-187,6169
-5,0721	-181,0632
16,3583	-172,2160
14,7857	-172,3468
31,2355	-158,5188
40,4107	-151,0475
49,1925	-140,1684
50,6345	-133,4180
63,6762	-125,8156
61,0549	-116,3784
70,9507	-115,8540
65,3803	-110,4143
58,3023	-101,6324
58,6300	-82,0371
46,7678	-73,3862
48,0785	-67,8153
38,7067	-48,8097
36,8718	-30,3939
30,4491	-14,5340
34,2501	-5,1620
16,8176	8,4698
26,5822	28,2618
11,9677	40,2551
16,0308	52,0517
13,0818	53,6903
12,7540	66,0768
9,6083	58,6058
4,4965	65,2249
7,6423	61,2926
8,4940	56,3118
-0,8121	57,4259
-4,7443	50,4791
-5,0719	55,5909
-3,4992	64,2416
-0,4190	57,5570
-13,3296	63,7830
-7,8246	60,0475
-24,2741	59,3920
-10,5772	55,9186
-19,6868	53,2971
-17,4586	59,5230
-17,5241	51,5274
-19,1626	43,6633
-15,2302	48,8407
-18,1140	63,7172
-11,3637	55,1975
-18,3106	44,1220
-8,4799	39,6654
-8,8077	36,0608
3,7097	25,6404
-9,4630	16,5309
7,5109	12,9919
-5,0721	19,2832
7,2488	10,8946
-1,4019	0,4089
4,4308	12,4020
-0,8121	14,9578
5,8071	15,1545
4,8896	17,7105
12,6883	18,4315
16,1619	19,4143
11,2466	1,4575
14,3925	4,6032
5,3483	11,4842
2,0060	-1,2954
-6,2517	-7,1279
7,5765	-0,1157
-0,6156	-2,8683
8,6252	-5,0310
7,3800	-21,2183
11,0501	-18,2692
7,7078	-19,4490
5,2827	-18,8593
-4,4165	-24,4953
-2,0574	-27,9688
-3,0404	-27,3788
-5,9897	-17,1553
-7,4313	-21,4152
-7,8902	-22,5291
-4,0235	-6,4073
-3,4337	-7,2592
-0,2880	-5,1618
-10,4460	2,1782
-2,7128	9,9769
-11,6911	-2,1471
-0,0258	4,2099
-4,9409	16,5306
2,1370	8,5353
4,6930	13,9093
10,5911	5,3897
2,2683	12,9918
15,7031	12,9916
16,7517	1,5228
9,2806	-3,2613
14,1959	-8,1765
9,3461	-2,6716
11,1156	-2,5405
2,6615	-7,3245
13,4093	9,3872
-8,3487	9,1248
4,2342	-2,9335
-6,2517	-6,6691
-10,5116	2,8991
-23,0945	-6,6694
-18,1139	-5,7517
-25,8471	7,0277
-18,8349	7,3554
-18,4415	-0,7053
-11,8225	8,1421
-7,5624	5,7828
-1,5987	15,8753
2,8579	8,2731
-2,5161	2,4405
2,8579	12,5986
-5,6618	19,1520
-6,8415	12,2053
-10,8393	10,1083
-9,6597	10,8291
-14,3783	1,9162
-8,6766	5,0618
-9,2664	-1,8851
-1,4677	-2,0816
-13,5262	1,3261
-8,0868	-5,1619
-3,1715	-2,6715
-0,9434	-1,4919
4,4308	4,4719
2,8579	2,3092
10,9189	-1,8194
0,5642	-0,1811
5,6104	0,5397
-11,2323	0,2776
-0,6811	-0,0500
-10,1183	13,4504
-7,8245	18,1689
-4,1546	5,9795
-4,6133	15,6788
-7,3002	10,3704
-6,9726	8,7976
-11,0358	4,2755
-13,4608	10,1082
-15,3612	8,2075
-9,9219	2,7027
-11,1669	12,2709
-4,1546	15,0235
5,6105	19,5453
6,8556	9,3218
13,6714	11,2224
4,9551	14,6956
13,9992	7,8799
2,9891	1,3263
14,9822	2,1127
3,2513	2,8335
2,0715	-0,2468
-6,1859	-9,4218
-2,1229	-10,2083
-6,7760	-6,1451
-12,2811	-5,6863
-10,3805	-5,4242
-15,6890	-4,3099
-11,8879	11,2876
-16,9342	4,6684
-6,7106	-3,5889
-13,1331	8,7975
-2,5818	16,8583
-4,2856	13,0574
3,6444	21,3805
14,2614	18,0382
16,8827	26,3612
12,2955	14,6302
17,8659	4,9966
16,9484	20,8561
6,3315	14,8267
12,8851	16,0064
7,1834	8,8630
12,1642	9,9773
5,3483	26,5577
8,3630	11,6155
-5,3996	12,8608
6,8555	9,6495
-7,3659	7,6834
-10,7082	2,4405
-12,3465	-0,1810
-7,8902	0,2776
-8,9387	1,5883
-8,0868	-3,9823
-11,5600	-10,7325
-4,6788	-0,9020
-3,5645	3,3576
2,0058	-10,2738
-4,6132	-4,5065
-4,9410	-5,8173
-11,9534	-4,7034
-12,9364	-9,5529
-11,3636	-6,9314
-15,2304	-1,7541
-18,4415	-4,6377
-21,5218	-4,3754
-16,3445	-2,9993
-28,4684	1,3261
-9,3976	3,7509
-14,9680	1,1296
-1,0089	8,6664
-4,3511	9,7149
-2,0574	3,8167
-2,3849	4,0134
0,6951	13,4505
-4,6788	8,9939
-9,3975	8,5352
-6,5795	5,9794
-16,2788	12,0743
-12,2811	22,1012
-16,6720	14,4991
0,1053	12,3366
-6,3829	17,6449
-3,1059	17,3826
-9,7251	-1,0985
-9,6596	4,2754
-17,3928	-0,1812
-15,7546	-1,0986
-17,9828	-1,4265
-23,6845	-5,2929
-16,0822	15,0232
-12,6744	11,3532
-8,0868	7,5523
-12,4777	12,1398
1,3505	12,3364
-8,8732	12,4018
-0,7466	-0,4432
-4,8098	4,0132
6,1347	11,4186
0,7608	4,4062
9,8048	-5,8172
3,5133	6,9623
1,6128	8,8628
-2,1228	1,8504
-5,3997	-1,8196
-0,8121	-9,9460
-8,3490	1,7848
-6,3172	-9,5530
-13,7228	-10,0771
-8,8076	-1,2954
-12,7399	0,4741
-3,1716	2,2436
-14,2472	-1,9506
-2,8439	-0,6399
-14,7058	-3,6545
0,1709	-2,5404
-2,9093	-6,7347
-0,6811	-8,6353
-6,3827	-1,5574
-8,4799	-6,7348
-13,3951	-7,5212
-7,3004	-2,9336
-10,8393	9,9114
-14,6405	5,5204
-14,4437	-3,4578
-20,5388	12,2052
-12,5433	7,3554
-19,2936	0,1466
-20,7353	1,7850
-25,0607	7,8143
-13,1333	8,8629
-29,4517	8,9286
-29,5172	16,9241
-26,8958	22,8878
-18,3107	20,5940
-18,5726	15,1547
-13,1331	18,2349
0,6952	19,2832
3,6442	11,4188
3,5789	3,0303
3,3168	4,9308
10,3292	11,0910
9,6737	6,0448
12,5573	3,7511
2,3337	6,5692
16,0963	2,7025
6,6591	-6,2104
12,7539	2,4403
1,2196	2,1125
11,7709	4,4063
5,1518	2,7679
9,1495	-0,7708
16,2930	8,0110
11,0499	16,8584
3,6445	8,9940
-4,8753	9,3874
0,9573	19,0866
-8,4144	7,9455
-7,3658	12,2708
-16,8686	10,2390
-3,1060	4,5375
-15,4924	8,8628
-14,2472	-2,4748
-24,0121	3,5545
-13,9197	7,8142
-26,4371	5,3895
-18,5073	-4,1787
-20,0145	-2,2781
-20,7355	12,4673
-15,9512	3,3577
-16,1478	-4,1788
-4,8755	-4,7031
-16,2133	4,7995
-2,4507	-2,6715
-15,5580	5,9794
-7,4969	7,9454
-10,5773	12,2053
-13,0676	6,1105
-17,4585	4,2100
-18,7037	11,5499
-23,1602	6,3069
-12,2812	4,9964
-10,1840	13,2539
-9,4631	12,5986
-7,8244	21,5116
-1,0743	22,1668
2,3338	15,3512
3,5788	17,2516
12,8195	13,1228
4,8896	8,5353
14,5890	3,4890
5,4793	2,2437
6,6590	-9,2252
-9,4629	-12,3710
-4,0234	-20,4320
-14,1160	-14,5994
-11,7568	-16,4999
-15,4923	-12,0434
-8,8078	-7,1281
-11,4946	-5,6863
-8,5456	-5,5551
0,5641	-4,3099
-7,1692	-0,9675
7,1178	7,8142
3,7099	-0,1156
15,5065	-2,0160
5,6105	7,3556
13,8027	-0,1812
8,2976	-2,7371
8,8873	-7,1935
-3,8921	-7,5869
4,4963	-8,1112
-2,5160	-11,7813
-3,6302	-17,8105
-4,0234	-8,8321
0,8917	-18,5315
-0,4190	-20,1698
0,5641	-18,9247
6,3314	-18,1383
5,7414	-18,9902
10,3946	-18,6626
-7,3002	-14,5993
4,5619	-12,8953
0,3019	-7,7179
9,0183	-4,5065
4,5618	2,2437
5,4795	10,7633
10,2637	3,6200
15,1789	0,2778
12,4919	5,6517
16,3584	12,4018
8,2322	8,8628
17,0139	-4,0477
14,8512	-3,7200
11,3777	2,3746
14,8512	-14,4682
3,0546	-18,1383
11,0500	-23,3811
-3,6957	-16,1067
-3,2369	-13,6820
-7,6280	-17,0897
-16,2787	-8,8977
-13,2641	-7,7179
-9,7253	-7,1936
-16,2132	0,4086
-2,4506	-4,8343
-0,8121	0,4742
5,8070	-2,1472
8,8218	4,4065
4,2998	11,4843
0,4988	9,1251
5,6759	4,4721
0,6953	15,6132
1,0885	10,8289
6,4624	5,1274
-2,1883	6,7658
7,1178	1,1297
-6,3826	14,6955
6,8557	1,3261
3,5133	-6,0793
6,0691	0,4743
4,1032	9,2559
9,0838	0,4087
10,5913	4,2099
9,9358	3,0303
9,6083	8,7318
10,9843	-5,3585
6,5280	-5,2930
-4,5477	-8,3733
0,1054	-5,8830
-12,8709	-10,9948
-8,2833	-14,9924
-17,3274	-5,6206
-10,3151	-2,1474
-25,0607	-9,1596
-14,1817	-7,6523
-22,1116	-4,8342
-12,8054	-3,5892
-12,2811	-7,1280
-8,5457	-2,9336
-20,6696	4,4719
-19,5558	6,8313
-18,1139	9,1906
-24,2089	4,1445
-10,2495	17,3172
-20,4732	11,9431
-4,9409	6,0450
-8,0213	7,2247
-0,6811	14,6956
0,9572	4,7997
1,2194	7,3556
-4,5475	1,9817
4,3653	0,9330
1,4817	0,6709
1,0230	-3,7857
-0,4188	-4,3755
-0,2222	5,6514
3,3167	-5,8828
3,6443	2,1783
9,2806	10,3703
12,3606	14,7612
11,3122	12,0086
12,2952	3,1614
11,1156	15,8753
1,8094	6,4380
7,3144	-4,8340
-4,4166	2,6370
5,5448	0,3431
-6,9725	3,0957
6,9867	-5,2930
2,7923	-6,9967
-5,5963	0,0812
-8,9385	4,4719
-0,3535	-1,9504
-2,9093	5,1274
-6,0550	7,8143
0,8919	5,8482
-6,2517	1,7850
-7,5624	2,5715
-16,9997	12,2708
-18,9658	11,5498
-14,8370	3,8823
-16,6065	15,4821
-11,8878	8,7973
-4,0891	-1,9505
-8,0866	-6,1449
-2,3196	-7,4557
-8,9386	-11,9779
-3,8269	-15,3856
-1,0743	-10,9292
-1,9918	-1,3609
6,9213	4,2752
13,4748	3,3579
19,8974	7,2901
9,8704	7,1589
15,9653	11,7465
7,9043	2,3748
5,0206	0,8675
-8,6109	5,6516
-6,9071	6,1759
-14,5093	1,5884
-13,3953	1,0641
-16,9341	-7,5212
-13,1987	0,8674
-13,3297	-7,1936
-12,8054	-5,4240
-7,6935	4,2098
-9,9219	8,0108
-4,6133	6,3726
-13,9195	17,3827
-3,2370	12,7296
-8,4800	16,4652
2,7923	15,3511
-0,5500	12,0089
-1,4675	18,3002
-6,3171	12,9262
-1,6642	-0,8363
-12,6086	8,8631
-5,9241	12,0085
-5,7274	-5,1619
-6,3174	-3,8510
-5,5307	2,7023
-2,7784	0,6051
-6,9069	-9,3564
-2,4506	-11,2567
4,1687	-5,4896
-1,3364	-1,6886
4,2998	-1,4920
1,2851	-2,9992
6,0692	5,2583
-4,6132	2,6368
5,4139	-9,6838
2,0060	-8,3730
8,8218	5,2582
9,5427	0,9329
7,5765	-3,2613
1,0886	1,7851
0,6952	8,4041
-4,2855	2,8335
-15,6234	-2,8027
-11,0359	-12,6330
-21,1942	1,9815
-18,6383	-2,6062
-32,7942	-4,9654
-26,3060	2,8990
-32,5320	4,7996
-17,7208	10,5014
-26,0439	9,6493
-8,4801	3,5547
-7,1693	11,9431
-0,6812	-3,4579
1,8094	-13,5505
4,2342	-12,2399
6,7901	-16,7620
-2,1229	-16,8931
0,2366	-22,7258
5,2827	-13,1576
-1,8607	-12,7645
-6,3171	-11,4537
-0,7466	-12,5676
-16,6065	-8,5700
-14,5748	-6,7350
-23,6843	-13,0264
-5,6620	-7,8489
-11,3636	-5,7518
-8,0867	-4,1134
-8,8075	-9,4217
-0,9433	-11,9776
-6,3827	-8,5044
-6,8416	-10,4050
-10,7737	-24,1020
-11,2980	-22,3325
-8,6110	-24,1677
-15,4924	-23,1847
-3,9580	-29,2140
-11,0360	-20,6943
-5,9241	-19,9078
-12,9364	-15,9756
-0,7467	-11,3225
-11,8223	-3,2614
-1,3365	0,5397
-6,2517	-2,8680
-2,2540	8,0766
-9,5284	6,1760
-4,2856	15,2199
-10,1838	8,0109
-7,1037	-1,4260
-0,5501	13,3851
-6,6449	16,6617
1,3506	5,8483
3,5131	3,6202
0,0398	3,9477
-7,3658	0,6707
1,4160	-6,8004
-6,8416	-6,6693
2,7923	-3,1960
4,1686	-5,6207
7,9698	-10,1426
11,9677	-1,5574
17,7348	5,0616
14,7858	-6,1450
20,4218	-11,2568
18,3246	-4,8343
11,2466	-8,1769
13,7372	-26,6579
12,4919	-27,7721
15,6377	-26,0683
14,0648	-27,3791
14,1958	-34,3914
5,0862	-27,5756
12,4263	-20,3667
-1,3363	-11,4537
10,6567	-11,9123
1,1541	-2,9335
10,9845	14,4989
5,7416	10,4358
6,2004	12,8607
6,3314	2,3093
-3,3680	1,2607
2,5959	1,1950
1,6127	-10,7981
2,5302	-4,3755
-3,2370	-6,0140
-3,1058	0,5397
-1,7297	0,1465
1,1539	-1,0331
-6,9725	1,1296
2,1370	6,4379
-11,0357	-11,1913
-0,6155	-12,6330
-12,6742	-7,3902
-3,1060	-10,6016
-7,6279	-13,2229
-2,1886	-4,4411
-5,0064	-0,5746
3,4477	-5,6207
1,1540	1,8505
2,0060	-2,6060
6,2658	-0,7054
-3,4335	-4,0479
4,2998	-13,8126
-3,0404	-7,5211
-2,8438	4,6029
-6,5794	-9,4873
-2,1885	-7,5211
-9,1353	-7,9144
4,0373	-4,8999
-9,2009	-18,9901
-3,1060	-21,9392
-1,9263	-22,9225
5,2826	-31,2456
2,4647	-25,6095
-2,1228	-22,3982
5,2173	-20,4976
-3,9580	-7,5869
-6,6449	0,2119
-19,6212	5,3895
-11,2981	11,8776
-20,8663	15,2198
-1,6644	2,1784
-13,6573	9,1252
3,7754	11,5499
2,2681	0,6710
9,1494	1,3920
7,1179	8,2732
7,9699	18,1691
8,7565	13,6471
21,1427	6,1105
21,4049	9,3217
21,9947	4,4064
25,8614	-0,5744
16,6207	-9,3562
18,2591	-4,1788
5,4139	-1,3610
12,9505	-10,7325
-5,5307	-9,0941
6,5936	-1,8852
5,7415	-6,5383
12,1640	-12,6331
-3,4334	-12,1742
-1,3363	1,7849
-5,4651	0,0809
-0,6156	-4,9653
-9,2662	2,0471
-1,0088	-0,9019
-2,9093	7,6831
2,1370	-0,9021
3,7754	-4,8998
2,2025	-2,1473
12,8850	-4,8344
9,3460	-13,1573
15,3099	-4,3100
13,6715	-5,4242
22,5188	-7,9801
3,9067	-7,4558
11,1157	-6,0795
8,7563	-3,7202
1,2196	-4,0479
1,3508	-5,3585
0,2364	-2,8026
-4,6787	3,4888
-10,3805	6,9622
-13,7228	0,7365
-24,2087	9,3872
-20,4731	10,1736
-28,4686	0,8020
-14,1161	-0,5743
-18,5071	1,8505
-8,0213	2,5058
-16,2787	2,3748
1,8092	-0,1811
-4,3511	8,1421
7,7075	14,5646
5,1517	8,3388
1,6128	18,9557
11,1156	12,3365
3,3167	20,0696
8,8217	5,1275
-1,3364	3,4891
4,4963	7,4212
-6,3827	4,7340
3,9065	-0,4432
-11,8878	-0,0500
-2,8438	5,1272
-9,2664	3,7509
-6,3828	1,7195
-9,2663	2,3093
6,9865	9,1905
-9,7250	-2,4094
7,3799	1,5229
5,0862	-0,5743
8,8873	0,8675
8,2975	1,4573
1,6128	-1,2952
3,5134	-4,3755
-4,5478	1,9159
-1,9918	-5,7518
-8,7421	-11,7810
-4,3512	5,4549
-16,4098	3,3577
-1,8608	-3,1957
-14,4437	3,4891
-3,1716	14,3679
-8,0867	17,0550
-6,3173	15,6132
-5,0064	8,5355
0,8263	23,4776
10,3945	13,9093
-0,3533	9,6494
9,2806	6,1761
1,9404	13,3195
4,1033	14,8923
2,4647	7,4212
7,1177	15,4822
-1,7296	17,7758
9,5426	11,4188
-0,5499	-4,1131
10,4602	2,1784
9,6738	3,2268
16,0963	3,6200
10,9846	-6,6037
10,9846	-10,6014
7,3146	-2,0818
0,6951	-9,8152
-9,0041	-12,1744
-13,5919	-6,2761
-14,1162	-2,4095
-18,1140	1,9159
-8,5457	1,1297
-15,4269	5,1273
-3,9579	9,1906
-8,1522	4,2098
-4,3511	-2,8681
-10,0527	0,4742
-5,3342	-0,9677
-10,3149	-13,4849
0,6295	-3,3267
-6,9726	5,7171
2,9233	4,6030
4,6929	-1,4263
1,9404	1,2607
3,7100	2,7679
3,0546	-7,5213
5,0861	-8,5042
-16,9995	-3,3924
-4,4822	-0,1812
-14,6405	1,9159
-6,3829	-8,8974
-21,0629	1,9161
-6,5794	0,3431
-13,0020	0,8020
-8,6766	2,7681
-12,2811	10,0427
-10,1841	16,2030
-20,8663	7,2246
-14,7061	6,7004
-23,2912	13,3194
-14,8371	12,6640
-11,8879	7,8143
-20,3421	6,6347
-2,6472	10,4358
-8,7423	8,0109
-2,7128	2,9647
-10,3805	6,8968
-4,2200	-4,1133
-9,3318	-7,9145
-0,5501	-11,3224
-4,1545	-20,3664
-4,6134	-10,3394
-6,9070	-10,0773
-4,4168	-13,7472
-8,3487	-12,8951
-6,6450	-10,9948
-6,9071	-13,2230
-7,4971	-12,0433
-6,8417	-8,7010
-14,8370	-0,3779
-6,3827	-2,0162
-8,5454	-1,8852
0,0399	-3,4580
-4,2855	-2,9993
10,0013	-8,4388
-5,9894	-20,6941
-1,0742	-13,2230
-10,7735	-11,5191
-5,7930	-13,1575
-16,5409	-6,9315
-13,3298	-7,6524
-12,2157	-2,4750
-22,1117	-1,8196
-12,6744	-7,1935
-14,7717	5,3894
-8,8078	4,6684
-9,1355	-0,5088
-2,8439	-4,7687
-11,1670	-9,4218
-4,0891	-7,5869
-13,4608	-12,6987
-7,6935	-12,7642
-11,4946	-1,8196
0,8261	-1,6886
-9,7251	5,3896
0,3019	5,1273
-1,1398	13,3194
3,1855	11,1567
2,6614	9,2563
3,7754	16,0719
-1,1397	13,0572
-3,3680	10,7635
3,0545	8,4698
-6,1862	14,1713
-11,4946	9,0596
-17,4584	4,0788
-7,6281	-1,1640
-6,7761	5,7172
1,0229	3,6198
2,4648	-1,5576
13,9992	-14,4680
8,8874	-0,5089
3,2513	-1,8853
13,7371	-4,8998
2,3992	-1,1642
3,7755	5,9138
-3,1714	15,0887
-6,1860	5,1274
-7,3659	-0,8363
-8,4144	-1,9505
-13,5263	-7,2591
-15,8201	-11,3879
-20,9319	-15,9098
-14,9026	-7,1282
-20,2109	-15,5824
-3,3682	-26,2647
-6,9725	-20,9563
1,5471	-21,1529
0,6297	-17,5485
7,7731	-19,9077
7,2489	-12,8298
9,9359	-11,5846
12,6229	-11,6501
9,4772	-15,9098
8,8874	-6,4072
8,6252	-15,0580
3,9066	-11,3880
-3,6301	-17,8761
-4,5477	-15,1235
-13,5919	-5,8831
-18,9658	-15,8445
-16,2788	-14,0749
-11,8880	-8,1112
-6,7761	-14,2715
-5,3343	-13,2229
-3,9579	-7,5868
-8,6111	-5,6207
-15,1646	0,6709
-16,8687	5,9792
-19,2935	3,8166
-21,1286	3,4233
-15,9513	-2,2128
-20,9320	-1,5573
-11,2325	-0,8366
-9,1353	-4,9653
1,2194	-1,2298
-3,2369	-14,5337
7,9042	-10,8635
0,4331	0,1464
4,8896	3,7507
1,8750	-8,3732
9,0184	1,0642
15,1133	10,5668
13,4093	2,3093
15,9654	6,9625
13,6061	14,1714
23,2398	14,6302
7,0523	7,6179
6,4626	1,2609
0,8263	2,4404
0,9573	7,4209
-9,0697	-1,7541
-1,4020	0,6053
-9,0041	7,7488
-3,1059	19,2176
-2,9093	13,5160
1,6128	9,1254
3,3823	23,2155
4,8240	20,7906
3,5133	14,8923
-1,4020	11,2880
-2,1228	19,9388
-5,2687	21,5115
-11,8878	16,8584
-16,8030	6,1105
-3,6303	7,4867
-11,2981	-0,1155
-5,8586	-1,2952
-8,0212	0,1466
-4,5478	0,9329
-8,4799	-4,7687
-4,6789	-10,8637
-8,1523	-19,2522
-8,5457	-9,7495
-6,3172	-2,6062
0,8917	-13,7472
8,0353	-2,3438
2,7924	5,4548
10,3947	1,1951
0,1710	-0,9675
12,7539	-1,4917
2,7268	6,1760
8,3630	9,1250
7,0522	-0,4432
6,5279	5,0619
2,5303	1,9160
0,2365	-4,5721
-1,7295	-8,7009
0,3018	-13,0263
-10,5115	3,4232
-3,5648	-0,6400
-0,4189	-0,0500
-1,8608	6,7658
-0,9431	18,6277
-4,6133	9,1250
-2,1884	11,7468
-16,6064	15,2855
-6,3173	10,0427
-20,9974	9,2562
-11,1670	2,4405
-19,1625	9,2562
-11,6259	10,3703
-12,2811	4,5376
-4,7445	11,8777
-7,2347	12,2051
0,3019	-5,9482
0,3677	-9,3563
7,0522	-10,2083
5,0862	-14,2061
5,5449	-19,0558
1,8750	-23,7743
2,5303	-14,0094
12,2951	-12,8954
-0,8120	-11,3879
8,2976	-2,3441
4,8241	-8,7009
8,8873	-2,4095
1,2197	-10,5361
5,5449	-14,2715
-1,5329	-8,3733
2,3336	-12,7643
1,7438	-16,1721
-0,2225	-19,0557
-5,3340	-14,5992
-7,3001	-8,3079
5,0862	-12,9608
-0,1568	-10,2737
6,7901	3,9476
-0,8121	9,3871
10,8534	4,6686
4,3653	9,8460
16,1618	7,2245
11,0500	-4,5720
8,7562	-10,7324
0,5643	-18,0070
5,6759	-12,2400
-0,6156	-9,4876
-0,8778	-15,9754
-2,1229	-5,5552
2,3334	-0,9676
1,0229	6,1103
-2,1229	-4,5719
2,0714	4,6031
-5,5963	5,7826
3,5788	-10,8635
-10,4460	-10,8634
-5,6618	-3,7201
-15,3612	-0,2468
-13,6574	-3,4580
-23,7499	-3,3268
-7,3660	1,5884
-14,8371	11,2877
-11,4291	3,5545
-7,0381	5,7173
-8,3489	4,9307
-4,6788	4,0133
-11,4291	4,5374
-5,2032	-7,9800
-15,3615	-10,1428
-14,5750	-11,6502
-22,7669	-17,4174
-14,8371	-21,8082
-23,2912	-11,1260
-16,4100	-17,9417
-21,4561	-29,1483
-7,8903	-18,6625
-14,1160	-13,2887
1,4815	-13,9440
-9,5940	-7,0626
-7,2346	-11,7812
2,2681	-4,8343
0,7606	-6,7350
2,6614	-15,7134
6,0691	-6,4728
9,5428	-11,5847
8,3630	-13,5506
10,9845	-8,7665
5,3485	-10,8637
14,9822	-2,8682
2,9892	-8,4388
17,5381	-11,1912
8,4942	-2,6060
9,7394	-0,7056
6,4626	-10,9947
12,2297	-10,7325
2,8581	-5,6862
-0,2223	-2,3440
-4,6131	-8,5043
-7,5625	-1,5574
-7,4313	-3,6546
-9,2010	-4,8343
-6,3173	-11,4534
-11,4945	-9,9460
10,0668	3,8819
-4,1545	-3,6547
6,6592	-1,6229
9,2806	-0,9676
14,1957	2,4403
4,2999	2,2436
4,2342	-3,9822
-0,0256	0,0811
3,7097	7,4211
-12,5431	3,5545
-8,0213	6,7003
-10,9048	10,4358
-14,3784	12,9262
-9,0043	18,9556
-16,4099	17,8414
-0,3535	21,9048
-0,8122	22,8222
4,2341	15,2200
-4,2199	13,8439
11,2465	6,6348
-0,4844	15,9408
-0,5499	6,5691
-1,4674	3,2924
-4,2202	8,9284
-16,0166	4,0787
-16,5411	-3,0646
-18,9658	0,1466
-7,1038	0,3431
-6,2518	1,1950
-7,1692	-5,3585
-0,8777	-3,9166
-6,4484	4,2753
-3,8924	5,1272
-11,8878	-6,2104
-7,4970	0,4742
-19,2934	-2,7372
-20,8008	-9,5529
-24,3398	-12,5675
-22,0462	-9,4218
-27,0268	-10,8637
-17,2620	-9,4219
-15,3613	-8,3077
-8,6766	-6,2106
0,1709	-3,5892
1,6782	-10,7980
10,7224	-1,4264
5,9382	-2,9992
9,5428	7,7486
6,7902	6,9623
9,8049	4,4720
-4,0233	5,0619
2,7269	16,3995
-9,2007	6,3726
-4,0235	11,4844
-3,8923	9,9771
7,8385	16,0064
-1,1397	8,2732
6,0036	5,5207
-0,6809	8,7974
-3,6958	6,2414
0,0399	-2,2127
-7,4970	6,0449
3,8409	4,9962
0,4330	0,2777
5,6105	-0,7054
2,6613	-0,6398
2,9890	-0,1812
1,7438	-0,9675
5,3482	-2,1472
-8,3487	-1,7540
3,4476	5,7827
-12,6741	4,1443
-3,9580	4,3409
-15,3612	0,9331
-8,5456	2,4404
-3,7614	1,1296
-7,8902	-8,8319
-1,9262	-0,2467
-1,7952	0,2774
5,5449	0,0154
-0,0912	-10,4048
8,8873	-1,0986
3,5134	3,7509
15,3099	-6,9314
6,7247	-7,5211
16,8173	3,6855
9,3463	5,8481
16,8173	-2,0816
14,4581	3,6201
21,5358	0,3432
6,6593	3,1612
9,0184	-3,4578
5,8072	-2,0161
9,5426	7,7487
8,5596	7,8142
4,2342	5,8482
10,7879	2,9647
8,1663	8,7974
9,6082	3,8166
-0,0911	0,4744
8,0353	7,0935
-3,8268	3,3578
-0,9433	5,9138
-6,7759	-1,0331
-6,1863	-0,3121
-7,1037	4,4063
-11,7567	-1,4919
0,1054	-4,5065
-6,1207	-2,8680
-7,2347	8,1419
-6,3173	3,4233
0,9573	-3,6544
1,2194	1,7195
2,8579	-0,3123
-4,7443	-8,3077
-4,2201	-7,7833
-20,0798	-4,8343
-10,8393	1,8505
-15,2303	0,7363
-10,6427	2,0471
-14,3127	3,8822
-9,2664	4,2098
-7,9556	-0,8364
-9,6596	6,8969
3,9720	5,3239
-3,2370	3,6200
8,8218	-0,9020
5,1516	3,0958
4,6931	9,6493
-1,5986	8,5351
-0,8121	-3,7200
-10,6425	6,3725
-4,6133	9,7147
-10,5116	5,4549
-11,7567	-2,1471
-3,8269	6,7004
-4,0891	19,2176
-3,5647	11,3533
-10,2493	7,0280
-0,5499	11,0912
2,3991	9,9770
9,0839	5,4551
7,5765	7,9454
10,8535	11,8775
14,5889	3,7511
17,4071	8,5353
5,2829	7,0935
10,7880	14,5646
7,6422	12,1397
9,3461	4,4722
3,3823	11,4188
8,8873	-1,8852
7,0524	-8,1111
9,9358	-12,2399
8,4286	-14,0094
10,1324	-10,3393
9,7393	-7,9145
6,8556	-12,4364
6,9212	4,1442
0,8263	5,1271
2,4647	0,9985
-5,3998	4,2097
-3,1060	-2,2128
-12,0844	-7,5212
-8,2834	-4,6378
-13,3296	-18,2037
-7,8902	-14,3371
-9,9217	-10,5360
-5,4653	-6,4728
-3,8924	-6,9968
-10,7082	6,7657
-8,5455	10,9601
-11,4948	8,9940
-15,9511	7,6833
-24,4055	11,8120
-19,0970	10,5011
-27,4857	0,9986
-16,0168	0,8676
-12,4778	9,6494
-3,6303	5,0619
-0,5499	5,6517
12,0330	3,1613
8,8873	10,6324
9,4771	5,9137
5,7417	0,5399
1,5473	5,5207
2,4648	9,5837
6,0035	9,1251
-4,8098	7,6177
3,3823	7,6834
7,3800	14,6301
3,0546	13,3193
13,6061	-2,0161
12,4263	-5,3583
12,8194	-1,7541
-0,8774	-9,8808
12,2953	-32,0975
5,6105	-26,8545
10,9844	-21,7430
4,8242	-24,1022
13,8025	-11,9123
12,2954	-3,9824
12,6230	8,9938
14,1960	8,7318
13,3437	10,5668
7,4456	0,8676
-0,1567	7,5521
-0,6810	-5,4896
-7,9556	-9,4217
1,3506	-2,8027
-1,9264	-8,3078
1,8094	-14,0749
2,8579	-7,5213
5,0206	-10,1429
-9,9872	-9,7496
-3,3680	-15,9101
-8,9388	-18,2037
-17,5895	-19,1868
-22,9635	-5,8830
-21,1286	-8,2422
-21,0631	-2,4749
-24,7988	6,5035
-23,7501	6,0448
-27,0924	5,2585
-12,3468	12,6641
-20,8665	14,7612
-15,2302	16,6619
-14,0506	9,8462
-8,6111	24,3296
-21,5871	17,2516
-10,2494	9,2562
-11,9533	2,5061
-3,2371	7,5522
-11,4946	3,9476
-8,8731	-6,7347
-6,1206	2,5059
-1,2055	4,7997
-5,6619	6,5692
-6,5794	9,9115
-2,8438	8,1421
-2,9094	16,2030
-0,4190	11,2878
-0,6812	3,8167
-2,1885	-1,0330
-9,9872	5,5205
6,7244	-0,1157
-7,6934	-5,2275
9,6082	-2,4094
6,3969	-2,5405
1,1540	-3,9168
-1,7296	-6,3416
-3,1715	0,2120
-2,0574	2,2436
-4,7444	-1,0332
-1,6641	-10,4047
-2,4506	-6,8003
-5,5963	-4,0480
-5,3342	-15,3202
1,0884	-12,5676
-10,3149	-11,9777
-0,7466	0,4086
-9,9217	0,3430
-4,4167	-5,6205
-11,8224	9,3871
-10,1840	4,9306
-16,6719	-4,2444
-5,9897	-8,5697
0,3019	-7,3902
-4,8099	-15,6478
13,9991	-18,7936
5,7415	-19,9733
7,5112	-16,9586
2,6613	-7,7181
7,1833	-11,7812
-7,4315	-3,6546
-11,1014	-6,0140
-15,8856	-8,1111
-10,0529	-16,6309
-17,7206	-12,3711
-12,0190	-17,1553
-19,0313	-19,7767
-5,9897	-14,7959
-11,2324	-7,9145
-0,4191	-0,8365
-3,1714	2,5058
-7,9556	1,8506
-3,9579	5,6517
-15,5579	5,7827
-10,9703	5,4550
-20,0145	-3,3268
-11,9536	1,4573
-29,3862	2,7679
-17,3275	-5,3585
-23,2913	1,3262
-12,0846	-1,2953
-20,1454	6,8312
-8,1523	-0,2467
-7,8246	4,0132
-2,1886	5,2584
-7,4968	8,3385
-1,1400	2,1782
-0,7467	6,5036
-2,5162	7,5521
-4,7442	5,2584
-9,7250	-0,3777
0,8263	-5,8828
-6,9725	-5,0309
4,1030	-8,8977
-12,0844	-21,1528
-9,4630	-17,7448
-17,9172	-8,9632
-20,2110	-4,5067
-24,9952	-9,6185
-15,7547	-8,0455
-20,3420	2,4401
-5,6621	-3,3926
-13,1329	-11,9122
1,0883	-12,6985
-2,7783	-1,0987
-14,0505	-2,6716
-4,6788	3,6856
-6,2518	7,5522
4,8239	12,2053
-4,3511	12,0741
13,9336	8,9940
-1,4673	11,9431
8,8217	7,6832
-4,2854	-0,9675
2,0059	-4,8341
-2,5160	1,1952
-0,1568	3,7509
-2,7782	-6,2105
-2,9093	-4,3754
0,8262	-6,5382
-7,5624	-10,1427
2,9888	-14,2716
-15,9512	-21,2184
-11,6913	-13,0920
-19,8180	-15,1237
-18,1139	-20,3009
-24,3399	-11,5846
-21,1940	-7,1280
-17,1963	1,3261
-8,4801	1,9160
-20,2763	3,6856
-2,3196	4,0788
-10,2494	4,0787
-7,9558	-2,5403
-10,5115	7,1591
-13,0021	15,4165
-16,5409	6,2414
-14,5094	0,4744
-8,2834	5,3240
-8,8077	6,6346
-1,2054	-2,1473
-0,3534	-4,5720
6,8557	-5,2274
12,1640	1,6538
13,4093	-5,0964
9,2151	-4,1132
7,4456	2,6369
10,2637	2,7680
8,1008	2,2436
-1,4018	-0,1156
-1,8607	3,4889
-14,1159	3,4889
-13,5918	7,1589
-13,4607	6,3726
-19,2935	10,5669
-11,4947	19,6109
-16,2134	11,6811
-10,9704	20,0698
-9,2664	29,6380
-2,1229	26,0991
1,5473	19,3490
16,3584	19,0213
3,7101	16,0721
7,5112	18,3002
2,5305	2,3094
3,8410	2,7681
-1,4019	0,0155
-9,2008	-0,2467
-4,2200	-5,8173
-6,6449	-3,1958
-2,6471	2,5057
-4,0889	-5,4897
2,5302	-6,6037
-6,6448	-7,7833
1,4817	-6,6038
-1,0088	-15,9100
-0,0913	-20,3664
-9,8562	-11,8468
-1,8608	-13,8785
-16,0165	-16,8274
-6,9726	-2,2129
-10,2494	-0,1812
-12,5433	10,3046
-15,3613	9,5839
-17,3930	7,6179
-15,7545	11,2879
-13,9197	9,9116
-5,1376	4,2099
-11,6913	6,6347
-5,4653	12,6639
-9,3319	8,7318
0,1053	0,6053
-3,1714	0,9986
8,0353	0,6707
3,2514	-8,4388
11,3777	-12,3709
2,8582	-5,8175
3,4478	-5,8174
0,6297	-5,2930
-5,0720	1,0640
-0,8122	-2,2127
0,3018	-2,8680
-4,2856	-3,5235
-2,3195	-9,9460
5,7414	-3,5235
-1,5331	-1,7541
5,4793	-9,3562
-1,0088	-2,8681
2,5302	-1,9507
-11,5600	1,3917
-3,3682	-5,2273
-14,7714	0,0155
-8,2834	0,3431
-2,7128	3,0955
-3,4337	-7,7835
-1,6641	-12,6331
-4,8098	-7,9147
1,4817	-9,6841
-10,5771	-7,9801
0,2365	-11,3879
-4,4822	0,2121
1,7438	11,4187
-1,8606	-0,9675
10,9844	3,0303
1,1541	11,4187
16,2274	-2,6060
7,4456	-3,9165
17,7347	3,6200
0,3677	10,5012
7,8387	14,9577
1,0885	11,0912
2,6613	15,0890
3,8410	18,7589
1,3505	11,0257
2,8579	2,7682
-5,2686	6,3726
-0,3534	7,2899
-7,2347	-7,6522
-1,6642	-1,4263
-11,8878	-10,9947
-3,1060	-12,3053
-5,3342	-10,3395
-4,2857	-18,4659
-7,8245	-11,9122
0,5641	-9,4220
0,1709	-8,4387
5,0205	-3,0646
5,2173	6,8968
8,0353	7,2244
16,0307	-5,6206
7,2489	-11,0601
12,6228	-11,5845
0,4330	-17,3518
-0,0256	-19,2523
0,2364	-13,7473
3,9064	-9,5530
-7,3657	-9,5529
0,8262	-9,2253
-13,9194	-10,9946
-8,2178	-4,1134
-11,6913	-8,8976
-12,4778	-12,8296
-9,8563	1,0641
-7,0382	13,9089
2,9233	-1,9506
0,6295	-8,4386
0,6953	-2,4093
1,6783	-4,1790
3,9721	-8,4388
-4,5477	-14,2715
2,9235	-4,7688
-6,3827	-10,2082
-4,8098	-2,8027
-11,1668	-7,2591
3,5786	-7,7179
-9,1354	-4,6377
-4,7445	-4,5066
-7,9555	-4,4410
9,0181	-0,6399
2,0060	5,8481
8,2974	-1,9506
9,4117	3,0302
11,2466	0,8019
12,8851	-0,9021
3,9721	-10,2737
3,1201	-10,1427
-9,3318	-7,4559
-4,6788	-9,2253
-17,1307	-6,5383
-6,5139	-6,5383
-10,9048	2,3091
-10,7737	-2,6061
-2,7781	-6,5381
0,6951	2,7680
-0,7465	8,4039
-1,0088	1,6538
1,6783	-1,9506
-1,0089	3,4234
-4,5477	-1,4264
-5,4652	-1,8851
-0,2224	-1,7540
-9,7250	-6,8003
2,6611	0,0810
-13,3296	-1,8851
-4,2201	-0,1156
-5,0065	6,9623
0,0398	12,7949
-5,0063	2,3747
1,6126	-5,5550
-5,7928	3,6855
0,1053	6,7656
-0,5500	-4,8998
-3,4992	-4,8341
-1,2053	4,3408
1,7438	-3,5892
5,4794	-16,5652
-5,0719	-12,5676
9,4116	-14,2716
2,7268	-15,8445
11,1810	-17,7451
-0,4843	-15,4512
17,8002	-11,2571
7,3801	-14,6649
11,1156	-10,9948
7,5767	-8,4388
8,5597	7,4209
12,8851	6,4380
14,0646	6,3071
9,8705	10,5671
7,5112	16,1373
12,9507	2,6369
2,2682	-10,6014
13,6059	-5,0309
0,3020	-8,7666
3,5134	-10,5360
1,2195	-12,3710
5,9382	-11,7156
-2,7125	-8,8322
8,6251	-14,8615
0,6298	-18,6625
5,2173	-6,6696
3,4480	-15,8445
16,0308	-19,5800
8,6253	-11,7155
7,3800	-4,6378
11,2466	-8,5045
-2,9749	-11,2568
1,2194	-15,5166
-19,9488	-4,1790
-9,3975	-5,2276
-15,7546	-12,1087
-13,1986	-6,0138
-18,6381	-1,8197
-12,4777	-2,2129
-18,5070	-11,5190
-8,8733	-10,1426
-8,9387	-0,8367
-1,5332	-13,7472
-5,6618	-15,7132
-2,9094	-4,3101
-7,7590	-8,7011
-5,7274	-15,1890
-6,7104	-10,8636
-8,6111	-5,7519
-5,9895	-6,9970
-16,8031	-5,5552
-15,9510	-3,0648
-18,7693	-2,5404
-16,4099	-0,2467
-15,4925	-7,8488
-7,4315	-2,7370
-5,5964	-1,3608
3,3820	-1,6885
-0,2223	-0,7710
7,8386	-6,5380
10,1980	8,6007
8,1007	5,9792
-0,6153	-2,0816
-1,8606	4,2754
-0,8777	8,6007
-11,4946	2,4404
-9,5940	5,4551
-9,0042	7,2900
-3,4992	2,8334
-7,0381	-2,2784
8,4284	-15,5166
1,8749	-4,0478
16,7516	3,5543
12,4263	7,9453
21,8636	4,0787
22,0603	2,7681
30,3833	13,1229
28,5486	11,2878
38,9687	6,5037
37,9858	8,1421
32,4151	7,4866
30,9734	-0,9020
18,5214	-4,7686
19,3734	3,4888
12,0987	-2,4750
15,1789	3,6200
3,6444	2,8991
4,0376	7,0280
-0,4189	19,2831
3,3165	7,3556
-3,1059	6,3727
-1,4675	4,0134
2,0714	5,7171
-5,0064	-5,6861
3,5788	-7,0623
2,3990	-0,5089
4,2342	-3,1303
5,3483	1,5883
6,9212	4,3409
0,8263	12,9261
1,1540	5,4551
-6,5793	4,3411
5,2172	10,5671
3,3168	11,9431
17,8658	-1,7539
14,8513	-6,7347
24,0919	-4,5066
20,4218	-6,4727
13,5404	-4,5721
7,5111	-1,1643
0,7606	4,4720
-3,7612	10,8944
-7,6281	-2,4092
-14,5748	3,9477
-15,0991	0,4743
-10,5116	-1,4263
-15,3613	-6,8004
-14,2472	-9,9462
-15,2957	-13,6817
-8,3489	-7,6524
-13,2641	-8,3734
3,9063	-14,5992
-4,6789	-6,2105
-0,4190	-2,9338
-1,1398	-9,0940
-1,4675	0,7363
11,9675	-2,2128
12,0329	1,7195
8,8873	4,6030
-1,4673	-0,1811
12,9505	8,4697
-7,6934	11,6155
4,1687	4,3410
-10,1838	13,0574
1,4161	16,9894
-9,3974	11,5500
-4,6134	10,3705
-17,7860	19,2178
-4,9410	12,4674
-6,3172	6,0450
0,2363	-3,0646
-0,2222	-0,9675
5,0860	0,1464
5,8727	-7,5869
4,6274	-12,5674
6,3970	0,0154
8,1008	6,3068
9,2150	1,5228
-0,5499	-4,3098
4,2998	2,3748
3,9722	5,1271
14,5233	-6,8659
3,3823	-12,1087
7,2489	-3,8513
4,2998	-10,9293
1,2194	-12,5676
-3,4991	-10,4049
-5,7930	-5,8829
-1,2053	-1,8199
-2,9094	-8,1767
-5,3996	2,3747
-2,1884	3,2922
2,5302	3,6200
0,4986	11,1567
3,3822	7,9454
-0,9431	5,9793
-0,0257	-0,2466
-3,4990	-2,1472
-2,3195	6,8968
-2,9093	6,3069
0,5640	-0,6398
-0,9432	9,1907
6,3313	13,7782
-4,5476	22,2978
-1,4675	8,6009
-4,4822	12,9920
-14,2472	22,7568
-5,9241	19,9387
-15,8858	14,6958
-14,5748	10,8292
-16,4754	17,2517
-3,5648	19,6110
-8,4801	12,7951
-5,0721	10,5670
-9,3973	13,5816
-0,6156	11,0257
-3,6957	4,9963
5,2826	0,6709
-0,9431	11,0910
1,0229	-0,3123
2,7269	-0,7054
7,5109	-4,1788
11,5087	5,3238
1,2851	2,1125
6,9869	-13,5505
2,9890	-6,1449
6,7246	6,4378
-7,7591	-3,9823
-2,6472	0,8675
-16,6720	-2,0161
-8,7421	8,2075
-13,0019	4,0786
-1,5987	-6,8002
-5,6618	6,1759
0,6952	11,1565
-0,4188	0,5398
3,4477	2,7026
-0,4188	11,0911
5,0862	9,0595
6,9867	10,2392
-1,7951	6,7004
14,5890	15,6787
0,9573	4,2753
4,0378	-7,4556
-1,2708	-5,1618
0,3020	-7,7833
-15,2300	1,1295
-5,0065	-1,4263
-18,1137	3,5545
-15,6890	7,8797
-11,2325	3,0301
-10,1185	-5,0308
-14,8370	-5,0962
-12,8054	2,9646
-11,4292	2,3747
-22,1772	1,7195
-11,8223	1,5884
-16,9343	4,7342
-10,3151	-3,1958
-16,6720	-10,0770
-6,3174	-4,0479