-21,0302	2,9836
-25,8800	-0,4897
-12,4450	9,4718
-18,0811	0,6246
5,5120	6,7195
-10,2166	7,8989
10,9516	-1,0139
5,2499	6,1294
8,2646	-1,9315
1,7112	-0,4242
17,7673	1,2797
3,7428	-7,6331
11,4105	-6,1257
12,2626	-0,6863
10,2965	-10,2546
15,3428	0,4278
8,0683	-0,3587
10,4276	-8,0264
3,2842	-3,5699
15,6703	-7,3054
3,0875	-7,7643
10,0343	-11,8275
3,4807	-13,2037
15,9978	0,2310
4,8569	-3,3735
16,6532	-1,8660
13,8353	1,8695
4,3325	-0,6864
10,3620	-6,2569
-1,7624	-2,7179
-5,3667	0,5588
-7,6606	5,7362
-1,3037	6,7193
-7,7262	0,6901
8,8545	-3,3732
-1,8935	-4,2253
4,0050	-13,0071
-0,1895	-12,4829
-1,1071	-7,6989
-8,1850	-8,8129
-15,7218	-1,0141
-22,4719	-2,9800
-15,0010	4,6877
-16,3771	-0,4896
-11,1344	2,9184
-13,4278	10,2582
-14,5421	7,5057
-5,6290	-2,0624
-13,4280	14,7804
-3,6629	15,5012
-8,9059	10,7172
10,6894	8,8821
-0,8449	13,8628
19,0126	15,6978
5,7743	1,0177
3,0873	-3,7664
-3,9250	3,1803
-9,3648	-7,2401
-17,6878	-10,2546
-23,4553	-6,3881
-24,5036	-7,8299
-26,1422	-1,3418
-19,6539	-7,1745
-21,8167	-8,1574
-15,1974	3,0492
-22,2754	1,3453
-18,5398	3,3770
-28,4357	-0,0309
-12,3140	3,1148
-20,7026	-0,9485
-7,3334	-5,4050
-16,9014	-11,3032
-8,4475	-4,7496
-13,2969	-9,0095
-9,6926	-5,7980
-15,1319	6,6538
-9,4959	13,5351
-7,0710	15,8945
-13,4280	11,7003
-3,4008	15,7637
-5,7601	21,8583
4,7914	13,6009
6,4953	7,3750
18,7505	20,6789
11,8039	30,7714
28,5155	33,9828
25,0423	38,7670
30,4162	41,3884
34,0863	41,4539
42,1471	39,8811
41,6230	35,2281
45,8829	43,4856
50,9949	46,3036
58,5972	46,3693
64,6922	54,1025
59,2527	48,7287
77,7340	52,2676
64,0368	46,5660
73,8674	51,3501
66,5273	54,5615
82,1904	56,7897
68,3623	68,0620
85,5327	67,4723
71,0492	76,3853
76,8818	79,9242
62,8572	85,0361
57,8107	86,3469
49,0945	90,8034
34,6106	91,7863
20,1928	88,3786
12,3282	86,3469
2,8253	79,0723
-18,9328	71,7322
-22,3408	63,6056
-49,9974	56,6586
-55,3060	49,6461
-86,8292	26,3151
-94,8905	16,9434
-120,9086	2,2630
-130,6084	-8,5507
-164,0320	-38,0422
-181,0061	-59,9970
-194,3756	-75,7260
-207,3521	-92,8313
-216,2649	-118,4561
-219,9351	-143,0979
-214,4299	-157,4507
-222,5565	-181,6339
-207,4175	-208,3072
-209,6457	-222,5289
-188,0188	-239,9618
-194,0479	-256,3461
-164,6222	-281,5121
-172,1586	-287,0172
-139,4559	-291,7362
-126,1519	-302,4841
-95,8741	-307,9237
-78,8342	-309,9553
-51,8987	-307,7272
-30,3367	-301,3703
-11,7897	-301,0424
23,7969	-278,9566
39,1325	-254,9702
66,4615	-241,2073
79,3723	-220,8251
109,0606	-199,3290
121,1195	-176,8499
157,4268	-162,8906
172,4349	-148,9310
204,4822	-129,8598
204,5481	-105,6767
230,5659	-86,8677
226,2407	-71,0076
230,3694	-46,2347
225,3890	-29,2607
226,8305	-18,3813
218,1144	-3,0457
207,2352	9,6029
199,3708	22,3825
182,1345	23,0380
172,6317	21,9240
148,5797	18,0574
136,7829	14,7806
96,9368	3,7047
87,2369	-15,8251
50,0776	-25,8523
28,9090	-40,4673
-11,3305	-72,3181
-35,6449	-106,2006
-70,7727	-138,9036
-104,3278	-182,6168
-147,1232	-234,7185
-187,5596	-278,5629
-235,6635	-328,7643
-276,1001	-385,3882
-319,2233	-446,9928
-369,8834	-507,9422
-406,8461	-567,3188
-439,6149	-628,5960
-474,3495	-703,3079
-512,2953	-762,5533
-535,2335	-821,4058
-564,3318	-889,3021
-573,1795	-967,9463
-590,0881	-1028,4369
-595,0035	-1093,3187
-609,8801	-1158,7247
-610,3391	-1225,8344
-608,2418	-1271,5794
-604,3098	-1324,5334
-591,0712	-1372,2443
-584,8452	-1415,8920
-561,6451	-1455,7386
-543,2948	-1501,4177
-511,1818	-1525,5355
-494,6008	-1547,0317
-455,6719	-1562,5640
-431,0955	-1561,5811
-389,4798	-1560,8602
-364,7067	-1550,7020
-330,2344	-1525,6671
-298,3832	-1499,7145
-262,9277	-1468,1911
-218,1660	-1422,5773
-187,1016	-1371,5241
-149,8108	-1316,5387
-126,1520	-1266,5339
-104,1968	-1192,9359
-86,7639	-1126,2849
-58,1900	-1048,1648
-57,8621	-974,0425
-40,6913	-905,6871
-35,0551	-813,0837
-19,2609	-747,8744
-23,3241	-685,0895
-13,8214	-595,1731
-16,3772	-526,4249
-11,7899	-462,0673
-26,9285	-385,0615
-23,1930	-327,3232
-36,0381	-255,8224
-39,7083	-189,5646
-50,5873	-149,5865
-65,9885	-79,0690
-71,3625	-32,2102
-92,5964	-12,3519
-90,3683	28,9363
-109,9639	56,7895
-107,2114	80,9071
-128,2487	97,6191
-124,4477	110,6612
-144,8951	137,0724
-154,9224	145,1989
-169,3404	145,4614
-180,0887	149,9177
-192,9993	133,0749
-203,5510	129,1426
-209,9734	111,4476
-220,7870	88,9030
-216,3959	71,4701
-218,4279	40,7989
-212,3328	23,3660
-228,1928	1,4765
-211,2186	-25,4591
-205,3205	-54,8196
-200,6017	-83,5248
-192,6062	-114,4583
-167,9647	-144,7364
-167,7024	-177,8326
-154,6605	-210,2077
-139,1281	-223,9707
-121,6299	-244,3528
-105,8353	-274,9584
-85,4534	-289,5076
-71,8871	-304,5813
-65,5297	-315,2639
-28,7637	-324,5702
-25,3558	-330,2718
-1,3691	-323,8493
4,8568	-317,2302
31,3992	-313,3633
33,5619	-293,4402
57,0240	-280,3328
56,8276	-263,8830
75,4398	-247,9575
71,7701	-229,9348
80,9451	-209,4218
80,9453	-191,2025
84,8773	-172,1967
88,2199	-136,0860
85,9916	-113,0170
80,8145	-87,3265
78,0618	-67,2065
78,2584	-43,6132
57,6143	-22,0516
58,8595	-13,2039
47,0627	8,9475
44,5068	25,5284
32,3170	38,9634
29,3677	49,8427
18,4231	60,1976
17,4398	70,0282
5,4468	87,3954
3,2839	100,6993
2,1043	104,9593
-6,4156	122,2610
-9,1024	121,9988
-21,7512	116,3629
-29,0255	116,3629
-39,0528	119,9672
-38,4629	111,7097
-42,7885	111,6442
-38,3320	104,5661
-37,3490	95,1945
-29,7469	96,0464
-35,3828	90,1481
-18,2781	86,2158
-29,6811	81,7593
-15,1322	75,7954
-20,6371	64,6542
-12,2486	60,8530
-18,0155	60,1321
-18,1467	60,8528
-6,2844	46,2383
-8,7749	44,5344
-1,6968	41,1264
-7,5950	38,1115
10,6240	23,8901
3,0874	19,9579
18,8817	22,7102
17,1121	5,2122
25,2386	10,3897
16,9813	19,8922
26,2872	17,7950
19,7337	16,0257
22,7482	19,1059
19,2749	13,3387
17,0467	12,6179
21,8309	17,4673
12,0004	-1,5382
20,2581	-4,1597
9,1824	-4,8808
16,9813	-14,9079
8,5270	-24,3451
9,6411	-18,3813
-2,9419	-17,9228
8,5268	-30,3745
-7,7262	-26,7044
-1,5659	-22,0514
-11,3308	-17,5949
-9,8891	-12,1554
-13,8212	-13,5316
-10,0203	-9,6649
-13,1658	-5,5361
-14,0179	-14,3834
-14,6731	-5,9293
-21,0302	-10,2548
-6,8088	-12,5485
-22,9963	-19,4953
-8,2505	-8,3542
-11,6584	-8,3542
2,0386	-2,3249
0,2691	-12,3518
7,5437	-4,8807
1,5145	-14,6457
15,8012	-12,5485
5,7743	-15,8909
13,8352	-18,1846
7,9371	-11,8276
8,1336	-11,6966
10,6240	-10,8446
-7,4641	-9,3372
-8,1848	-8,1575
-13,7557	-4,2254
-12,1827	-7,8297
-19,4572	5,1464
-1,8279	8,2265
-14,5419	4,2290
5,5121	7,5714
-4,3839	6,4573
1,0556	6,6538
-5,3014	-3,1766
-3,0733	-0,6863
-11,7895	-0,4898
-13,6246	-1,1452
-11,7895	-4,8806
-5,8915	1,4109
-10,3477	11,1757
-11,2652	6,5883
-2,9421	8,4889
-10,7409	7,1782
-6,8087	15,8289
-12,1827	10,5860
-5,2359	3,4426
-14,4109	10,1273
-4,8428	9,6685
-14,2143	12,0278
-3,0078	3,5736
-5,6948	2,9183
-2,8114	7,2436
-13,1002	3,8358
-5,1049	8,9477
-1,5002	19,6956
3,0873	16,0912
10,2309	15,1737
-0,2550	8,0302
8,7236	8,7511
-8,2504	15,6322
-0,1895	3,1150
-12,9036	13,4042
-4,0563	11,3069
-11,3964	10,9792
-10,8722	9,6031
-17,5568	13,1420
-17,6225	19,9578
-23,9793	21,5961
-17,4915	16,9432
-13,4280	16,0912
-8,9717	12,0935
-3,5319	7,4405
-4,4493	8,0302
8,5925	11,4380
-5,2357	1,6732
2,1700	5,9331
-9,3646	11,8969
-11,1997	18,5815
-26,9284	16,7466
-14,1490	13,2732
-18,4744	16,9432
-6,1537	17,0087
-14,1488	17,7950
-1,5659	7,1781
2,3663	-0,5550
3,6770	3,0493
5,2500	-4,2253
-3,0731	-1,8660
-0,5170	-13,7935
-5,9567	-0,4897
-4,7770	-6,3225
-10,4788	-8,8127
-9,5614	-2,9145
-26,4041	-6,5845
-10,6101	-4,4874
-24,6348	-4,8152
-16,3774	-8,0920
-16,7705	-6,1258
-12,2486	-2,6525
-8,2506	-3,9631
-0,4520	3,9012
2,1699	7,1124
5,0533	3,6391
14,0976	7,6369
7,9371	8,6855
17,8333	12,4865
16,7190	-0,4240
19,3406	1,0833
16,8501	1,3453
22,8794	0,1003
8,9858	3,9013
14,6218	2,9839
4,5293	8,0958
17,1776	15,4357
8,4613	16,2878
10,6240	18,0573
13,3111	22,0550
17,6363	23,6934
15,1462	16,4844
15,4738	16,5500
13,5734	13,4697
9,3134	6,3917
10,6242	0,2312
1,7112	2,1972
13,3766	-2,1937
8,9856	-11,6964
9,0512	-2,9801
8,8547	-0,8174
13,9007	-1,9316
6,2986	-3,4389
11,8690	-3,3733
-0,9760	-2,9801
2,7595	-5,3394
-1,1727	-5,3394
-9,2992	-7,8298
-10,7409	-8,6818
-21,6855	-3,0458
-14,4109	-5,7983
-20,3093	-12,8106
-16,4425	-10,5823
-9,4303	0,6898
0,4002	-10,3859
-6,0878	-11,7620
6,8883	-19,1021
-0,5172	-19,9541
8,3301	-17,3327
-5,1702	-15,5633
9,9685	-12,2209
-6,0878	-11,8277
-0,6484	-10,0581
0,4657	-8,6163
-11,1343	0,2311
-11,5928	-3,2423
-9,1682	1,6730
-14,3453	-0,8830
-10,9375	-7,1089
4,7256	-9,1405
-7,2673	-9,7304
4,5946	-17,6602
-4,0561	-9,0751
6,2329	-10,3203
-9,3646	-11,9586
-2,4179	-11,1066
-13,8212	-4,1598
-9,2338	-1,3418
-17,3602	-6,9778
-15,0665	-7,1088
-16,4427	0,2311
-26,7973	-0,4898
-13,7555	-7,6987
-15,3941	0,9522
-3,1388	9,9306
-13,2968	9,7339
-1,2380	6,5884
-5,5635	13,6007
3,8082	14,7147
-7,5296	9,4065
-1,7626	10,5862
-12,9692	14,2562
-5,4981	12,6834
-9,5613	15,5013
-5,4982	9,6686
-5,6291	10,7826
-7,9229	5,4086
-3,2042	-5,8636
-7,9884	-3,9632
-4,3183	-7,8299
-12,5103	-11,8276
-1,1725	-16,5461
-10,8719	-10,7790
1,1212	-9,0095
-9,6267	-5,6015
-2,0246	-6,2569
-2,8111	-3,8320
-1,3694	6,8502
-6,6121	2,6559
-3,7941	-3,7664
0,5314	7,2437
3,4148	14,1904
4,8569	2,3940
2,6940	15,3046
5,8399	1,8041
-8,5781	2,9838
-1,5001	4,1634
-10,4132	-9,9268
-0,0585	-7,9608
-11,6583	-3,8321
1,2522	-4,0942
-6,9397	-11,1065
7,0193	-3,7664
1,3834	0,4933
11,8690	-1,5383
2,2355	-6,0602
15,0803	-4,2908
-6,7430	-0,8175
-4,1217	-3,4389
-10,8065	-2,6524
-17,2946	2,3939
-7,6608	2,5248
-10,8721	-0,2930
7,2816	-2,4558
2,2354	4,0323
8,7236	4,4909
10,6241	-6,8467
13,3765	2,1319
5,3812	2,3939
6,8228	6,0640
-2,9420	6,8504
-3,7942	4,0978
-10,5443	1,7386
-15,7874	-3,0456
-16,9014	-8,2884
-18,6054	-3,7011
-12,5105	-7,7643
-14,8698	-4,7496
-9,6924	-0,0310
-14,6730	-3,5044
-0,9760	2,7215
-7,0708	-6,7812
5,6432	-1,5382
-1,6969	4,0322
4,3980	2,4594
-3,7285	2,6560
-2,4179	0,6245
-9,6923	2,5905
-11,3964	2,6561
-14,6732	-2,0625
-19,0642	1,1488
-8,3162	2,3939
-20,4404	1,3454
-5,8257	3,0493
-18,4743	1,9351
-9,6268	1,6731
-14,0833	3,9668
-4,6460	4,8843
-7,0708	-3,7009
5,5120	4,6222
-5,6946	-1,6693
4,1357	-1,5381
0,0070	0,3623
1,6453	-4,0286
1,9076	-8,6818
4,0701	-14,2524
-2,8110	-15,9563
-9,8235	-9,4029
-14,5420	-17,0706
-20,0472	-11,7620
-21,9477	-11,5655
-35,1205	-8,0265
-14,0178	-10,2547
-16,9015	-13,7281
-3,0078	-13,2038
-4,1218	-6,7813
15,4735	-9,3373
0,7935	-13,9902
5,6432	-10,5168
-2,0899	-4,2255
5,7086	-6,3226
-5,1702	-7,3056
-11,8550	-3,7665
-8,9059	2,6560
-19,0642	5,4085
-17,1635	5,1465
-20,0472	8,6855
-9,1681	4,0980
-9,2992	6,9817
-4,0562	10,5860
-4,3838	7,4404
6,7572	15,6322
-5,8255	6,2608
4,9222	17,1397
1,1211	15,4357
4,9877	16,8120
4,7256	-1,8657
0,5314	3,4427
9,8376	-0,2275
13,5074	-6,7157
10,0999	-12,7451
4,7258	-17,3981
9,5756	-9,7304
-0,1893	-6,6503
6,1676	-8,3541
-10,6753	3,1802
-3,6629	4,7531
-8,7748	5,9984
3,0871	8,1611
-5,1703	11,8967
2,6939	13,7316
-2,9421	-2,8490
-4,7118	-8,5506
-8,9060	-1,7350
-17,0326	-6,9780
-16,1806	-15,6286
-19,5230	-11,9586
-23,3239	-7,2400
-21,1612	0,8210
-4,7772	-1,7349
-2,9421	6,1295
4,7256	5,7363
-2,1555	-0,8173
11,9347	2,6562
1,3834	7,0468
16,5876	5,9328
3,1527	2,3939
10,9515	8,6856
1,3834	20,8097
7,6748	24,1522
12,8523	25,9872
9,1165	22,1862
6,6264	23,9557
-0,6482	28,2153
5,5778	17,5329
-4,1872	2,9185
7,0851	0,6902
-3,0077	3,1804
0,9901	3,6390
-6,7430	-9,6648
16,2600	-5,6016
7,2816	-4,4220
15,9323	-8,1575
8,2648	-1,7349
12,8521	8,6199
7,2818	8,8164
9,0510	13,7974
10,3620	15,2391
4,4636	13,9285
9,7722	9,5376
4,3326	8,2269
11,1483	1,1490
-3,6628	5,4087
6,6919	1,6731
-4,5804	-2,0625
5,3811	-6,7811
-9,4956	-8,0919
-2,0902	-11,5653
-11,1996	-9,1406
-0,6484	-9,7960
-0,7794	-16,0219
-7,0054	-6,2569
-0,0584	-12,6795
-5,1705	-6,1259
-5,8257	-4,8807
-11,5930	-8,3541
-5,4324	-8,7473
-15,9838	-1,1454
-3,1386	-23,4276
-12,0516	-16,2186
-5,8257	-9,3374
-6,2844	-9,4028
3,3493	-1,6039
2,1043	5,9329
10,6894	4,3602
1,1213	13,2730
3,2838	7,9646
-8,4471	3,4426
-6,3500	-0,6862
-1,4347	3,1148
2,1696	3,3768
4,2015	-9,7958
-4,2526	0,4934
3,2184	3,7045
-9,5611	-8,9439
-2,0245	-7,8951
-5,3669	-2,9146
4,2669	-9,9925
-8,5782	-1,5383
-1,5658	-0,0967
-11,0030	-1,1451
2,1696	6,7194
-8,7748	5,7362
-1,8937	7,8335
-6,1534	5,3431
-7,0055	1,2799
-9,6267	5,9329
-15,2629	-2,8491
-11,4618	-5,2738
-17,8844	-2,9145
-9,6924	-3,8320
-20,8336	6,4572
-3,2699	12,0278
-18,4088	16,4187
-9,6268	12,0280
-9,8236	19,3025
-9,3649	24,2176
-17,2291	18,4504
-9,6270	13,3385
-0,3862	1,5422
0,9244	4,4912
10,4930	3,2459
12,2624	-0,9484
18,2264	-1,0795
7,2818	3,5735
20,7168	-0,5552
5,6434	1,9352
11,2796	2,1973
8,8547	5,4741
15,4737	-2,0625
5,6435	1,1488
18,8814	6,8504
-4,4492	5,6052
9,6408	8,2923
-3,0732	6,9161
-2,4833	17,0741
2,6285	14,1250
-5,6947	12,0934
-5,0391	9,6030
-8,6438	-0,0963
-3,2041	-1,2104
-15,3284	-6,5845
-0,9758	-8,9439
-5,3013	-4,9462
-1,1726	-0,4898
-7,1363	-0,2276
3,8736	4,1634
-9,6269	1,7386
-1,4349	2,6561
-13,0348	0,5588
-7,2022	-3,0457
-12,2484	-5,1428
-15,7874	4,6875
-13,5590	-3,5700
-3,9909	-8,4851
-10,0856	4,9499
-10,7408	-2,9146
7,7404	-3,9631
-2,6143	1,2143
10,8863	-2,5214
2,4977	-6,9123
19,0783	-2,8491
6,6264	-13,5970
15,4083	-7,8298
14,1630	-13,1382
15,6702	-11,9584
6,4954	2,5905
12,0656	0,8208
2,9563	-5,0118
0,5968	-6,6501
0,9246	-5,9292
-7,0709	0,1655
-3,4008	-7,5021
-15,5906	-5,6670
-8,7093	4,8186
-17,0980	4,0322
-7,8574	0,4277
-17,0325	-8,8783
-10,2822	-2,1281
-16,9669	-4,8807
-7,0055	-8,2230
-13,8212	-5,6671
-9,9547	-2,5214
-12,8382	2,5249
-12,5105	1,0831
-6,1534	6,5882
-7,4643	5,2774
-3,5318	5,0809
-4,3839	5,5397
4,7258	-0,8828
3,0873	5,6053
15,9326	1,9351
8,4614	-11,0410
12,9180	-7,3055
7,4129	-10,2547
17,3742	-6,0605
-0,4516	-13,4005
6,6917	-9,2716
0,7280	-0,6863
5,0532	5,5396
4,2014	-0,4240
2,1041	7,1782
1,9078	7,8334
-1,6313	2,3939
-4,2527	-0,9484
-3,3353	-3,7665
-2,0902	-4,8806
-14,4109	-1,4072
0,9902	-0,2275
-4,9079	10,6514
21,1098	3,3114
6,2986	-3,7009
17,6363	-3,0455
-2,9420	3,7046
6,1674	0,2967
-3,4664	-2,9145
-0,7795	-0,8829
2,1043	-7,6333
1,6454	-12,2208
6,8230	-15,7598
3,0219	-10,8446
11,8694	-16,0874
5,1190	-0,3587
7,1508	-0,4898
-0,7791	-8,0918
14,0320	-2,9800
8,0681	-2,0626
8,1336	-1,6693
1,1869	-0,5553
4,6601	4,0978
-2,6799	-1,6037
1,1210	18,7780
-9,2992	15,6978
-7,1366	21,0720
-2,4179	20,9409
-15,3286	15,5670
0,5969	25,2664
-18,8020	14,1906
-18,5397	12,0280
-25,0279	13,7319
-12,6416	9,7340
-13,4281	4,0324
-3,4009	-3,3078
-1,5659	-6,5191
8,0679	-3,9632
-3,6629	-6,9125
7,9367	-15,7596
-7,9883	-11,3033
3,1526	-12,7451
-1,2382	-14,5145
0,9900	-20,3473
-1,6313	-16,8738
-2,0901	-4,1599
3,1530	-4,0944
-2,3522	-6,5845
2,9565	8,4887
-1,2380	4,2944
4,0705	2,8527
-1,1069	-0,8829
9,1821	-4,0941
2,8907	5,4084
1,9076	-5,2739
-0,7794	-7,6986
2,1040	3,9012
-6,6121	2,9836
1,6453	-9,2715
-5,8911	-4,3562
-0,7139	-2,0626
-0,3205	-3,3080
-5,3668	-16,8083
-1,6311	-22,0511
-7,8572	-3,2423
2,8252	-7,1091
-6,0224	0,1001
6,0363	5,8018
-7,0053	10,7826
7,2815	15,5013
-0,7794	19,3024
5,6431	17,1397
5,1189	20,3510
0,4002	6,6539
2,0386	-0,6205
-11,1342	8,0957
-5,3669	6,8504
-12,0517	4,6222
-0,0584	-2,2590
-4,0562	-0,1619
-3,0074	8,6854
-3,2040	6,9158
10,1652	0,6246
-2,4833	8,2923
5,0534	11,6346
0,7280	13,0109
0,7279	15,5668
5,5777	19,7611
7,2814	16,1567
4,4635	20,8097
-7,2020	9,6032
4,2014	22,9725
-0,7140	18,2539
-1,8933	15,4359
-3,5318	20,0234
4,7259	11,3726
-7,2673	11,5036
9,8376	1,4110
0,5314	5,3431
6,6919	2,3938
0,4660	5,7361
19,6024	-3,7665
9,8376	5,3431
14,4250	7,6369
11,8693	12,4211
11,4759	3,7703
6,9541	7,8337
8,5925	6,6538
8,0682	2,8527
-6,6775	-1,6693
-3,7283	3,8357
-17,9499	5,6051
-5,3014	-0,7519
-22,3409	-7,0434
-8,4472	-15,5630
-21,4234	-5,9293
-10,4790	-7,1091
-20,4404	-10,9099
-1,8939	10,5203
-8,7749	5,8017
7,2157	3,8359
0,7279	15,7634
4,6600	5,6053
1,4489	16,5498
-3,1387	2,2629
0,2693	5,2122
-12,5104	14,2561
-6,0877	12,0933
-10,2820	3,7048
4,9224	12,0280
-1,6313	13,8629
-3,9906	14,9114
-7,3984	1,2800
2,9560	7,5714
-4,7772	8,9475
-0,1242	8,4888
2,9562	-0,4896
7,2816	5,9984
13,1144	1,4765
9,5099	11,9621
8,5270	-4,1597
7,2816	1,5420
1,3835	4,6220
-1,8279	-8,4196
1,7767	-7,5021
-4,1217	-1,4729
1,8422	-3,1112
-4,7770	2,9181
11,6070	2,2628
1,5144	-5,0115
3,8737	3,8357
-1,8933	0,2312
2,6940	-1,8003
-2,8110	5,6052
-0,7795	0,6899
-2,4178	-9,0093
-8,0540	-1,6692
-6,3499	-0,0310
-9,9545	-4,4876
-6,4154	-13,6625
-8,9715	-15,1043
-7,4641	-10,7791
-14,1488	-11,6310
-8,6437	-14,1214
-13,3624	-10,5169
-10,4788	-12,2864
-20,3092	-7,4367
-2,0248	-10,3202
-10,2823	-6,2569
-1,1072	-2,1937
0,9245	-1,6038
-2,2212	1,8041
3,7428	0,6244
4,3979	1,6729
5,1846	-7,9610
4,5291	-16,5461
8,4614	-12,2862
3,0874	-2,6525
6,6264	3,3769
-5,9565	4,0978
6,2987	3,5736
1,9733	4,6877
9,2477	-4,2908
1,9733	-2,9145
8,0025	-4,5530
-5,0392	2,4593
-4,8428	-1,7350
-14,4766	-7,3054
-22,5377	2,5251
-18,6709	9,1441
-25,0936	1,4764
-13,3624	-1,1450
-17,8845	2,1318
-3,3353	3,6390
-8,2506	-2,9802
-1,8279	-4,0287
-0,3861	1,3452
10,2307	1,0176
2,6286	-0,2930
4,4635	12,6175
3,9392	3,3770
-0,7796	0,5590
-13,8866	3,0492
-8,2508	-11,4997
-9,8235	2,7215
-13,4937	-2,7836
-9,6923	-10,4511
-11,8552	-4,3563
-7,1363	3,5735
-6,2845	4,2944
2,5631	1,2143
1,8421	-0,8173
4,4635	4,1634
-9,1024	5,8674
4,4634	3,8358
-5,3015	11,9622
0,4001	-0,2930
-6,3500	4,1636
-1,9591	4,2290
0,2037	3,5081
-4,7116	-2,7834
-0,7136	-5,8637
-7,0708	-8,2885
1,5145	-11,4998
-11,8549	-2,8491
-0,8449	-12,4828
-17,4911	-1,0140
1,4489	-6,5191
-10,4133	-7,8298
-5,1703	-11,6309
-9,7580	-8,2886
-9,3647	-2,4559
-6,8744	-4,1599
-3,5322	-8,0919
-10,5443	-2,4557
-3,2044	-4,8807
-3,4665	-7,5021
-16,7047	-13,3348
-8,5782	-16,9393
-19,1297	-9,9270
-17,8844	-12,4174
-20,7026	-13,7935
-13,5591	0,6244
-22,2098	2,1317
-7,7263	0,6245
-13,6901	5,4741
-1,8937	11,1103
-9,1679	7,8335
5,9707	7,5714
-0,9104	7,0471
5,4464	9,9307
-2,4834	1,8697
-9,0370	4,7532
-10,6098	-2,7835
-13,8867	-5,4705
-6,2189	-7,8954
-14,7387	-13,0072
-2,2212	-10,5169
-10,3477	-6,1259
3,6772	-3,1768
5,6432	-7,1089
11,1482	3,7046
5,2502	2,3940
21,6340	2,7872
14,8184	10,1273
22,3551	4,4257
21,9620	9,9963
29,3019	13,2730
23,6660	0,8867
24,6488	6,9816
17,7678	16,2220
14,6874	4,8187
13,1802	-2,4557
7,0196	3,9013
8,6582	8,2921
0,4005	-1,2106
14,7529	-1,3415
4,9881	0,7556
24,3210	-1,2105
6,9540	-1,4071
12,5901	0,2968
-2,4177	1,2798
-2,0247	2,4595
-19,5228	8,6199
-16,4428	4,3601
-28,5669	5,9330
-21,6202	7,5058
-15,9840	6,7849
-17,9500	0,2314
-8,7747	10,3238
-12,3792	1,0176
-3,0731	0,8211
-13,0346	-0,0309
-4,9737	2,3939
-11,9206	0,8210
-1,6971	-3,0455
-6,5467	2,9182
-3,7941	2,0007
0,2037	-8,3541
-3,8597	-11,4997
-4,4494	-6,2569
-13,4935	-0,1621
-10,8720	-2,0627
-8,2507	-2,9144
-4,7771	11,4379
-5,1048	8,8164
4,2015	6,2607
-2,5488	4,3602
9,6409	9,4064
3,9393	7,5058
13,7042	9,1442
7,6750	-0,6861
18,1607	6,6538
16,0635	3,7701
8,0679	-1,1450
-1,1725	-3,1112
-3,7942	-1,6693
-8,9060	0,4934
-16,3116	2,9837
-9,4957	6,3262
-18,7364	6,1950
-9,4301	5,7364
-17,0324	2,6562
0,7279	12,0934
-12,4448	9,7340
8,7889	2,2629
-0,8449	-7,8952
8,4612	-8,2229
-1,8279	-1,9316
6,4295	-7,4366
-1,7626	-3,3078
-6,8089	-0,4897
-10,0855	-0,4897
-4,5152	2,9182
-15,2630	-2,0624
-22,1443	9,9307
-15,9839	13,6662
-30,0741	8,8166
-10,2822	12,1591
-10,6099	17,4018
-4,7772	12,0279
-12,7724	11,6347
-2,9422	5,8674
-15,0663	-4,3561
-6,2191	-3,3732
-16,7704	-4,1597
-6,8746	-12,6139
-15,3285	-10,7790
-1,8937	-12,6796
-0,9105	-16,5461
-1,5658	-3,2423
4,7259	4,2288
-0,2550	2,0008
4,0706	8,8821
-6,7430	8,2923
2,7598	4,0979
1,3179	1,2798
6,0364	-8,4851
-1,1069	-8,6818
13,0487	-11,8931
0,2694	-8,8130
13,2454	-15,4975
1,3835	-9,1405
13,5075	-1,4727
4,4635	-1,6038
-7,0053	-0,2930
-0,9759	10,5859
-14,5421	8,8819
-14,4109	-2,5868
-26,2075	-5,0114
-17,2946	6,1296
-22,9307	14,4526
-13,8867	4,8188
-11,5928	7,4404
5,1189	10,9137
1,0556	6,9159
10,5584	-3,1766
11,3449	-1,2105
10,2307	-1,6039
13,5077	-4,2909
11,8035	-4,6841
3,3496	-2,1280
2,3010	3,9668
13,6387	10,1927
-1,6313	2,4594
13,9009	8,2923
0,1382	10,5860
10,6241	14,5837
2,4320	14,0595
12,6558	23,8900
11,4104	24,1521
14,3597	24,0211
8,5925	16,8122
13,5075	23,2348
1,6455	28,5431
-4,7117	14,9117
-3,4009	10,9795
-5,6948	17,1397
-6,6777	4,4256
-11,0031	1,5421
-4,5804	6,5227
0,4658	14,7804
7,2817	14,1906
4,2671	16,4844
23,9935	11,5691
9,1168	12,2245
25,9596	4,8844
10,9518	2,3940
16,2602	-2,7836
13,5078	-9,2061
14,5561	-8,2886
13,7698	-8,6817
10,7550	0,1001
7,0851	2,9837
-1,5658	6,1295
-0,4516	3,5736
-10,6753	-7,0432
-9,2990	-0,6863
-15,1318	-9,1406
-11,5274	-16,4150
-23,1927	-10,7136
-8,7748	-13,0073
-14,4110	-16,0875
-4,4496	-7,2400
-7,9229	-4,7496
2,3662	7,1780
7,8057	8,6854
4,9876	2,5252
0,4003	7,7025
0,0725	4,0324
-3,7940	1,2144
-8,4472	-1,0139
-2,9420	-3,7664
-9,1025	5,9328
-0,9105	-5,5361
-12,3792	-2,5213
11,0827	-4,2908
-6,0878	-6,6502
7,8060	-8,3541
2,6941	-4,9463
13,5729	-7,3713
-4,4494	-14,6457
0,4657	-13,0729
2,6284	-11,1723
5,7086	-12,6797
-0,0585	-7,5023
-2,0245	-9,9270
-2,4176	0,6899
-8,7748	-1,2106
-5,6289	10,5860
-13,0347	8,4888
-5,3668	17,8607
-18,8018	16,1567
-5,3668	17,3363
-9,8890	15,3703
-5,4981	13,0765
-13,8212	16,4187
-4,4495	4,4912
-6,6777	4,2289
0,5966	-3,1766
-10,8721	5,4740
-12,3139	3,3113
-11,1341	3,3114
-2,2869	10,5860
-2,2212	10,6516
-8,4471	8,1612
2,3009	5,2777
-8,1850	9,0787
-0,4517	10,4549
-13,4279	-0,5552
-5,2359	0,5590
-12,7070	3,8356
-0,3864	1,3453
-10,8065	-2,4557
0,2034	-0,6862
-3,4664	5,9329
-2,0903	0,8212
0,4658	9,8651
-5,1704	3,9012
-3,2041	5,9985
-6,2188	0,2312
1,7111	-5,7325
-6,6121	4,4910
-1,1726	3,4424
-12,3137	0,6245
-5,6291	4,2289
-16,9013	-2,1280
-12,8383	9,9961
-17,1636	1,8695
-19,6542	-2,9144
-26,0111	1,8697
-28,6326	1,2142
-25,0280	-6,9776
-22,9966	1,2143
-20,9647	-0,1620
-16,9670	-1,4728
-7,4641	-2,9146
-6,7432	-12,4172
2,7597	3,8356
-8,6436	0,3621
6,6264	-6,6499
-3,0730	9,4064
13,1799	7,8990
1,0557	10,9138
9,3787	14,6493
1,2524	11,6347
9,3130	20,9408
-4,1873	22,4481
-5,7602	18,3195
5,0533	18,6472
2,4318	9,1443
5,7744	1,6077
2,4976	-4,9461
8,9202	-10,9099
0,4004	-7,0435
7,6749	-19,3642
-4,2527	-11,6308
4,7914	-1,5383
2,6286	-0,9484
10,6241	4,6222
10,2964	7,8336
18,8817	14,8459
22,5517	19,1058
20,1923	8,6856
18,8818	7,9648
20,5856	11,5691
20,9790	0,0346
20,3890	-11,3030
18,1610	-10,2547
9,5756	-14,3179
10,6898	-15,1044
3,4152	-22,5101
1,3180	-25,5902
-5,1046	-19,0366
6,8228	-11,0413
-10,0199	-15,4321
2,6285	-3,3079
-6,8087	-2,5870
3,4804	-1,4728
-1,5659	-6,3881
-7,4641	-8,3541
-4,1217	-2,8492
-4,7116	-9,5338
-5,6290	-11,8930
-7,6608	-5,9948
-4,8425	-3,7010
-10,1511	-2,7179
-3,0732	-5,6670
-16,5081	0,1002
-12,7070	9,9306
-19,9160	11,5690
-6,8744	15,1081
-16,6392	14,7148
-4,0563	21,0063
-11,5929	15,0426
-7,7264	25,1351
-15,9839	13,7974
-12,5106	23,9555
-16,8359	18,1228
-8,0542	10,3896
-14,1488	20,3510
-17,2291	18,9091
-10,7409	19,6300
-16,3115	10,9138
1,4488	11,1760
-5,8912	11,0448
9,2477	9,0131
6,6918	0,6901
9,3789	6,1950
6,6263	1,4108
7,5436	-1,4727
-10,1511	-2,8490
-7,6609	-0,6863
-23,7828	8,7509
-28,3704	6,5882
-29,8122	7,5713
-31,5163	10,3894
-22,8653	8,7510
-24,6348	8,7511
-10,6754	16,6153
-5,8257	8,1610
4,5946	-6,3223
-3,4662	-4,0286
9,0511	-9,7958
-13,8865	-5,3396
-3,5976	-14,0558
-20,7681	-9,0750
-13,2316	-8,4853
-13,6247	-12,0897
-3,7944	-7,9609
0,5968	-1,4073
-0,3862	0,7555
7,4128	6,4572
2,8907	8,0301
2,8253	23,1690
-5,9566	22,7758
-0,9758	19,4991
-11,5272	12,2246
-0,8449	23,4968
-11,8550	25,7249
-9,8889	8,8822
-7,8573	7,0472
-2,1559	4,3601
-12,6416	1,3453
-10,2168	-10,6478
-12,3137	-11,7619
-3,7942	-5,7982
0,5314	-2,2594
-4,4494	-9,7959
1,1869	-5,2084
-2,9419	-5,9948
6,2332	2,5249
3,7427	0,1657
3,6773	4,3601
2,6287	9,4063
12,2624	12,0278
2,4975	10,4550
1,9731	8,7510
-3,8596	9,6031
-0,5174	25,0695
-6,5466	10,5862
0,4001	20,0235
-0,9104	26,1838
3,7426	21,5308
-0,1894	24,7421
1,7765	23,3658
0,0072	19,2371
-1,6313	20,8753
3,4150	13,1421
-6,5465	1,8044
2,4319	7,7680
-5,3013	7,1781
9,7064	0,8867
7,9369	4,1635
8,4612	0,1002
11,0827	4,6222
11,7379	-4,9462
2,9564	-8,3540
15,2114	-3,0456
8,9202	-5,1429
8,6579	-8,7472
13,0490	-2,4558
5,3156	-0,9486
12,4591	-6,3881
5,9055	-10,7789
16,9156	-6,0603
0,2694	-4,0289
8,8547	-6,1914
6,7574	-3,6353
14,0318	5,1465
12,7867	8,4233
24,5176	4,2291
15,9981	9,8652
34,3482	-4,9461
35,3313	-7,6986
21,7653	-8,4197
22,6830	-13,3349
13,7044	-9,4027
14,9496	-7,9609
-0,9758	-3,7010
3,2840	4,7532
-11,7240	6,0639
-8,9715	2,7217
-16,0494	9,4064
-5,6948	7,3093
-13,8212	6,9161
-0,3864	9,4720
-10,7410	6,3918
-6,8745	10,2585
-12,7726	15,0426
-9,4959	9,1444
-8,2505	11,3725
-6,0223	6,5228
2,6287	0,9521
0,7280	-3,7009
10,6241	-1,9971
0,7937	-1,2106
17,5054	0,8865
5,0535	-7,2399
16,6535	-4,0286
12,8524	-0,5552
23,6657	3,1147
10,8863	-1,8660
26,4182	-2,6523
16,1947	5,2119
26,0906	-4,1597
26,6806	-10,1890
27,2048	-19,4298
23,5349	-27,0321
13,0490	-33,9135
13,5079	-40,0741
3,4807	-43,6786
5,8399	-41,3192
-2,8109	-29,9815
0,1382	-22,9690
-2,7455	-16,9395
1,0555	-6,1915
-10,6098	-10,5167
-5,4327	-6,0602
-16,5082	-5,9948
-15,2633	-1,0140
-16,8360	2,3939
-15,6564	-1,7348
-7,2676	1,4765
0,3346	4,2944
8,8545	-4,1596
5,9054	-4,0286
14,7530	-6,4536
6,1021	-12,2207
9,0514	-5,2084
5,5123	-10,4512
12,7213	-3,2423
9,9687	-3,7665
8,9856	-2,3247
4,5948	-2,3248
14,2282	-4,7495
-7,8572	-1,1451
-5,1048	-6,9121
5,0532	4,8844
-3,2044	0,8866
6,3641	3,7703
3,0872	9,9961
9,6410	-4,4218
4,5291	0,4279
12,7213	5,0807
9,5755	-6,2570
17,4399	-7,6987
3,5463	-4,8152
14,8839	0,4932
-3,0075	-6,1259
-3,9251	6,9814
-11,3962	-0,2276
4,0700	1,1488
-10,4788	-0,2931
3,2182	1,4110
2,4975	3,4425
8,4613	-1,5381
8,9202	6,9816
4,3327	14,2560
13,9010	15,2392
2,3665	13,9939
1,7768	3,9671
-8,1193	13,7974
-0,4516	2,1318
-4,7771	0,6900
3,2182	-4,2253
4,5946	-9,0750
7,6091	-12,2209
2,2354	-14,1214
6,7572	-10,2548
-2,4176	-11,5000
5,5776	-10,5169
-4,8426	-16,9393
-6,2844	-6,2570
-4,5149	-7,0435
-24,0448	-14,5801
-11,3307	-13,1382
-21,1613	-3,0457
-12,1829	-0,0310
-16,7049	-3,1767
-16,3772	-0,4896
-17,2290	2,9183
-0,3209	6,2606
-14,8698	3,2460
-1,5660	-0,2930
-4,5806	2,2629
-1,6970	-0,9484
8,4613	-1,0795
2,0386	0,4278
11,9349	-0,4897
3,7427	-4,6185
7,3474	-6,0602
4,5948	-6,5846
6,5609	-1,4729
2,1045	-9,9271
18,8161	-14,3179
2,1698	-15,8908
10,4274	-13,9247
2,7596	-10,7791
6,6917	-11,6966
2,8251	-14,3834
1,7109	0,1000
5,7087	-2,0627
-1,5660	0,9521
1,6455	8,7509
-5,8258	4,4256
2,4975	2,9839
-9,7579	4,4256
-4,3839	-0,4241
-9,9544	-6,2569
-1,8280	-7,2399
-5,6290	-7,0433
7,5438	1,1487
0,7936	3,7047
14,0974	10,3238
6,4297	5,7364
5,9708	9,8653
-1,1069	11,7000
5,6431	-0,8829
-2,0246	-10,0579
0,7934	-4,4220
-2,8765	-11,5000
-10,5443	-8,8129
-3,2041	-8,4196
-10,5442	-4,6840
2,1699	3,6389
-7,0052	-4,4220
1,3179	-5,4049
-7,0707	1,2797
4,4635	-0,1620
-6,6777	-1,1449
-0,9105	6,9160
-2,2211	6,5228
5,3809	8,0301
-2,2866	11,3724
5,7087	10,3896
7,1505	21,3341
2,1698	27,1013
1,2524	28,6742
-6,6776	23,3003
-5,4979	24,7422
-15,6562	31,5579
-13,2313	25,9217
-14,4109	24,0868
-2,4834	29,1985
-8,1851	19,4336
2,7594	14,7806
-2,6801	15,0427
-2,2869	20,8752
-9,9544	15,3046
3,2182	7,7025
-7,7918	11,0449
-2,9421	14,9115
3,2839	5,1465
-2,4178	-1,1449
4,5292	1,5420
-6,4810	-6,1914
-0,5171	-13,0725
-11,0686	-6,4535
-3,1387	-3,5044
-16,1149	-0,0309
-3,7941	0,9521
-10,2822	5,9329
-5,3671	7,7680
-10,9375	13,2730
-4,0565	13,7973
-15,3940	7,5715
-10,8722	12,2902
-9,8235	14,5838
-12,1829	11,1104
-11,0686	13,9940
-8,3162	18,1228
-8,3816	16,4843
-14,2143	10,4550
-6,0223	1,8697
-12,9692	-2,7179
-4,8427	-9,9270
-15,4596	-19,3642
-2,9422	-11,7621
-12,3138	-5,1431
-0,5830	-20,4784
-17,8844	-11,4343
-13,3625	-10,3203
-7,2021	-12,4174
-19,7195	-13,1383
-10,1510	-20,4128
-6,2846	-14,4491
-2,9420	-11,8932
-1,5003	-14,1869
3,5462	-16,1530
2,7598	-13,9904
14,2286	-22,0513
0,5971	-19,7575
17,7019	-21,9857
-3,4007	-10,6480
12,5244	-2,5214
-4,5148	-2,9800
8,4612	11,8311
6,7573	11,1102
6,6918	7,3092
5,3811	11,3069
-3,0075	6,5228
-0,0583	4,6222
-8,5782	0,7557
1,1212	5,8018
-14,4765	3,8358
-8,1194	9,4719
-22,9306	2,3285
-12,3794	15,2392
-15,3286	14,7148
1,1209	5,9986
-11,6584	7,3092
2,6284	3,3770
4,9222	1,6075
4,5288	2,8525
-2,6144	-5,0774
2,9560	-8,3541
-2,9421	-12,8106
-11,9861	-15,4320
-7,4640	-14,7113
-14,2144	-27,0975
-8,3815	-15,4976
-17,8844	-13,5317
-5,4325	-20,1507
-19,3917	-13,8592
-1,2381	-5,2085
2,5629	-11,6965
4,7256	-16,6771
5,5122	-7,7643
9,7065	-13,5315
15,1461	-10,1237
10,9516	-16,9395
12,3281	-10,3858
3,5461	-6,1260
3,4807	-6,0603
0,6624	-6,3223
0,0071	9,0131
-11,9205	10,5858
2,8907	0,7556
-4,9082	1,2143
5,1844	1,8695
-4,9736	-4,2253
7,5438	-2,9145
-5,2357	-6,9123
5,9053	-3,6355
-6,4810	-9,8614
1,0555	-5,8636
-7,2019	-6,7812
-2,8111	-4,2909
-2,8764	-11,0412
-1,3037	-5,7982
3,7427	-9,0095
-3,8595	-9,4682
4,5947	-6,6502
-4,5149	-10,9756
-1,7623	-9,1405
-14,2143	-13,3349
-7,0709	-2,7836
-15,1318	-1,5384
-0,3208	-10,5822
-4,7115	-1,9971
8,3956	-9,5993
7,7404	-10,7134
10,5584	-8,2887
5,7743	-19,8887
-0,2551	-23,6241
0,3348	-22,4444
-7,2020	-19,8231
-4,5804	-12,8762
-17,5566	-10,4515
-2,8766	-8,8129
-11,7240	1,0176
-6,3500	3,9668
-5,4980	10,3893
-1,5660	11,2415
-7,3984	15,8290
7,0193	8,3577
-1,3692	-1,4070
3,8081	-5,2082
0,0727	1,3452
-2,8767	-13,9247
-5,4979	-13,0071
-8,0540	-1,5384
-6,8742	-5,4051
-9,3647	-1,4728
-4,4494	-0,6863
-6,0877	0,6244
4,3980	4,6222
-6,7430	-0,9486
4,3325	-4,3563
-15,2628	-6,3225
-2,6800	-6,0602
-13,8868	-1,8003
-12,7727	0,7555
-13,6901	-3,2422
-7,2678	5,6052
-8,2506	-2,0625
-2,0248	3,9013
1,6454	5,0154
3,0217	3,7703
7,3473	6,9159
-0,1894	-4,3563
10,4931	-6,3879
4,0049	-6,9779
2,4976	-8,6164
-11,8548	-12,2208
3,3493	-5,7328
-13,5589	-2,1283
-2,0248	4,3599
-11,9861	-0,4897
-1,0416	1,0178
2,1042	11,2413
4,7910	4,8188
1,8420	4,6878
1,1866	10,2582
-1,3691	0,6244
-5,0391	4,8188
3,3496	3,2459
5,7744	-4,0942
14,8840	-2,5868
10,8207	3,2460
19,0784	7,1781
16,1947	12,7487
23,2725	9,6685
12,1315	5,1467
18,2917	10,6515
6,8230	2,1318
8,3302	2,1974
5,4467	2,8527
2,1696	3,5735
0,0072	0,2967
1,7109	1,9351
3,0218	-0,6207
-2,5488	2,2628
-1,9589	-1,4728
-8,3159	-2,9145
3,8082	-1,9316
-1,1726	-3,8320
1,2523	5,7361
-3,6629	7,9643
-1,1727	1,0179
-5,3015	15,3702
-4,3841	15,8289
-5,1049	1,7387
-0,7797	6,1297
-6,7432	6,7849
-2,4835	5,6707
-3,5973	-0,1620
-11,7239	5,0154
-5,2357	7,7678
-7,3985	1,6076
-5,2358	3,5080
-9,4301	5,7363
9,7720	1,2798
6,4297	5,4087
21,3720	0,1002
19,6026	1,0833
24,5833	4,6222
20,6513	-1,8004
19,7992	1,7386
21,3067	1,6730
22,9449	4,6877
19,7338	4,2944
14,8184	2,7872
9,5101	1,7386
2,6942	7,4402
4,6603	6,1296
-5,7600	-3,5042
6,6263	-0,6862
-3,0075	2,0007
15,9980	-5,9292
5,7745	-7,5021
18,9473	-14,6456
21,2411	-13,4005
21,3719	-13,4660
15,4739	-10,6479
13,1144	3,2457
8,1994	-2,7181
15,6048	-1,8003
10,4931	0,6244
9,0511	0,4278
9,3135	-4,6840
4,3326	-3,5699
7,6751	-4,6841
3,0220	-5,1429
12,9833	-10,1236
-2,9418	-5,4050
9,0510	5,9984
-9,6267	9,1441
-1,8936	9,0131
-6,5466	5,0811
-0,5175	7,5715
-10,0856	10,9137
-6,3501	6,7849
-3,2698	-3,4387
-7,8574	7,6368
-1,3691	5,4086
-10,6754	-6,1258
-9,1679	6,3262
-16,9013	5,4084
-1,2382	-0,4898
-18,0155	-2,9147
-10,8720	-9,9269
-17,3601	-3,3733
-2,3524	-7,8298
-9,6925	-7,6331
-5,6294	-3,0456
-15,0664	0,0345
-24,6348	5,1463
-22,2098	-3,0456
-28,5670	1,3454
-18,8675	14,8457
-21,0958	6,3261
-12,1172	11,7658
-22,7996	12,1589
-12,9691	12,9454
-22,8652	11,3069
-17,6222	4,2290
-20,2438	-2,5867
-8,5784	3,4425
-12,5760	-1,1450
-2,8767	-1,0138
-2,4835	6,1951
-10,6755	4,8188
-12,7726	7,0471
-10,0203	-2,8489
-22,6031	4,5567
-25,3557	4,0322
-16,7048	0,1000
-25,5523	-1,3417
-14,8696	-2,7835
-11,1342	3,3114
4,3980	-2,6524
-0,9104	0,6245
11,0827	-5,3394
5,3811	0,1001
12,7867	-0,8829
8,8546	3,3770
12,5900	5,9328
9,7065	7,0470
1,9076	2,4594
-2,9420	-2,0625
-2,5491	-4,6840
-21,5543	4,3599
-11,3309	-0,9486
-15,8528	-1,5383
-26,6662	2,7216
-0,6483	-0,1620
-14,0179	-2,4557
-2,8766	0,5589
-8,3161	-8,4851
-1,1071	-12,2863
-7,7918	-18,7089
-0,6485	-13,9247
-11,3963	-8,8130
-2,6147	-8,8129
-7,5297	-7,1744
-5,9569	2,9183
1,7765	9,8650
-3,4009	-4,0941
4,5291	3,1804
-5,8912	2,9838
-1,9589	4,0323
-9,2991	-1,4727
-1,2381	-3,3733
-12,4448	-2,7836
-1,3691	-10,8445
-5,0392	-16,9393
3,0217	-12,4174
-1,0414	-12,7450
5,1188	-3,7011
6,2331	-4,8151
1,2521	0,7555
0,4004	4,2945
-1,1727	6,1295
-5,4324	2,1973
-11,7895	8,6854
-1,5002	-3,4388
-14,3454	2,9182
-2,6144	2,9182
-7,2020	1,0831
0,1381	-3,1112
-2,0245	-11,3687
10,4273	-12,6138
6,0364	-3,6356
10,8861	-6,3880
8,7891	-4,3564
15,9323	-4,4875
9,5098	-12,2207
2,8251	-11,7620
2,4976	-8,0265
-4,7116	-10,3858
-4,2527	-6,4535
-6,0879	-0,8830
0,6624	-2,5213
-3,5974	2,2628
3,4805	-3,2421
-0,9760	4,2288
8,7889	-7,8953
-8,7747	-4,6185
7,4126	-7,2399
-10,3476	-2,3248
0,9900	-10,3857
-2,8765	-9,5338
-2,8112	-10,4512
-3,5974	-13,7937
-1,3038	-4,6186
-2,8764	-8,2886
-0,6484	-4,2909
-1,7623	-1,2107
-6,4810	-13,4003
-1,8278	1,3453
-8,0540	-4,0287
-4,9737	-0,0310
-14,4765	-4,1598
-1,1728	-8,7472
-6,5467	-9,3370
-4,2530	-8,6161
-4,8426	-13,2692
1,0555	-5,9947
6,2986	2,4592
17,1775	-7,7643
15,9981	-2,9800
12,2624	0,7554
12,1972	-1,2762
6,9540	-2,9800
8,0683	-2,2592
-1,8278	0,6244
8,1993	-2,2592
0,1382	-5,2738
8,0026	-5,0116
1,6455	3,8357
17,4397	7,7678
10,0997	2,6561
20,1922	4,2946
12,2625	5,1465
19,5369	15,8945
16,7190	10,5861
17,3087	14,3873
16,0637	14,7149
7,9371	15,5669
10,4276	12,0279
1,0557	12,1590
5,9055	10,8482
-6,1532	11,6346
12,5246	1,9353