-0,7939	5,0791
-4,5294	4,0302
1,2378	-9,3388
-0,9250	11,3049
0,2547	-11,8293
-8,1339	-4,7512
-4,7260	13,9918
-4,9881	-5,4066
-13,0491	14,2543
-14,0976	7,3728
-9,8380	4,3584
-14,6220	19,8247
-11,8696	0,2950
-7,1509	4,0963
-5,3159	14,4506
1,8931	-10,9773
-9,8378	-8,6835
1,8931	-11,3052
-7,2819	-28,1479
-1,5148	-13,0748
-5,4469	-30,1142
0,7791	-29,9829
5,3011	-4,5552
9,4299	-26,9686
10,7408	-25,4608
15,9181	-3,6377
10,2820	-28,4757
9,9542	-11,7639
4,1870	-17,4001
-6,8231	-18,9072
-4,4639	1,0811
-12,7214	-17,0724
-3,4808	-13,5988
-7,4785	-3,5065
-2,6944	-19,8249
-3,1530	-7,1764
8,7089	-6,5867
1,2379	-11,1084
1,2378	6,3240
-6,1676	-4,4237
-4,6606	-3,7025
-11,2141	17,2032
-13,4425	-5,6688
-14,5566	-0,2947
-23,0108	0,2948
-17,7023	-9,4699
-21,2414	10,1908
-12,0662	-7,2419
-11,8041	-17,8584
-12,0660	10,6494
-0,9249	-18,2520
2,0241	-12,0258
-8,0027	-1,4748
4,9078	-21,5286
-12,7868	5,6032
-11,4107	-7,5040
-14,7531	-6,3896
-18,5544	20,8731
-21,8311	-8,2249
-24,7148	-6,2585
-19,2098	12,0912
-26,0255	-11,8293
-20,8480	-1,1468
-15,4087	-10,1909
-13,7046	-11,1083
-11,1487	3,3094
-0,2042	-19,3661
-10,8865	-12,9433
3,6625	5,4065
-1,9736	-14,7129
-2,9566	0,4917
-6,1022	7,1761
-1,6459	-0,0327
0,3203	20,2835
3,2039	11,4361
10,2164	14,9754
10,2164	32,1456
16,6391	5,0793
17,2943	16,3518
15,4594	24,0191
8,7746	6,7178
11,6581	28,3447
-4,2016	13,9921
4,8423	8,8150
-5,3812	30,8349
10,0852	10,7153
-2,6942	8,0286
6,6119	24,7400
3,0731	1,9336
4,0559	14,9753
0,1894	3,4407
2,9419	-0,1635
1,6312	16,7444
6,2842	-11,5015
11,0030	-4,6201
8,5780	9,2075
16,5079	-17,2689
10,1509	-6,4554
14,0175	-10,9119
11,0029	-12,2880
23,1925	7,1760
15,5249	-5,0791
21,4231	4,8172
18,2120	25,9851
17,2944	14,6476
18,8674	19,1043
16,6390	33,9152
14,9353	12,4850
15,3939	31,9491
19,8503	11,6327
10,0854	8,2908
14,7385	21,2009
3,6627	0,5572
1,6967	11,6985
-10,2310	18,6450
-14,6221	14,0577
-29,3678	27,4270
-37,6910	15,4995
-32,6448	16,2862
-34,6766	34,1773
-42,5407	9,9289
-42,9340	14,1234
-42,4753	19,2348
-45,4246	-8,6179
-47,2595	-3,1784
-46,3422	-4,7517
-52,5680	-25,1331
-56,8934	-0,7540
-45,6213	-24,3470
-57,6799	-25,0676
-47,3252	-7,7009
-54,4686	-28,0171
-46,3421	-24,9366
-51,0606	-28,4759
-36,7083	-39,9445
-45,6866	-27,4930
-29,7613	-59,1470
-30,0234	-59,6711
-17,7025	-47,2854
-5,2505	-76,6453
-0,9905	-66,7493
10,2821	-54,2321
22,8650	-57,1155
29,3532	-31,4909
33,8752	-43,4838
39,6425	-32,6045
49,8007	-9,4705
52,1600	-20,1527
50,9806	-11,3705
69,8549	8,3556
59,0416	1,7367
66,7748	21,4632
69,7240	16,5479
64,2189	16,2207
68,2822	47,6776
61,2697	9,4703
65,7918	21,0705
58,7138	32,1456
59,7625	10,3878
47,1794	24,9369
48,2279	25,0678
33,5477	23,4297
29,8120	45,5808
16,2460	38,4374
18,2776	40,9281
15,5250	55,6079
18,3429	33,9155
16,1148	28,6727
6,7430	27,8859
2,0900	5,7348
-4,7916	20,5457
-12,9180	-10,5842
-23,2730	-13,4020
-32,5792	-10,3878
-53,5509	-36,9301
-52,3713	-41,5175
-61,0224	-47,2851
-67,5761	-69,5018
-87,8924	-73,6309
-89,7275	-98,2727
-98,1162	-117,4091
-101,1309	-121,0142
-110,6337	-162,8264
-114,6317	-174,6884
-129,8361	-181,2428
-138,4214	-225,7419
-144,0576	-228,3635
-154,2159	-249,0077
-158,6067	-262,0495
-155,6578	-260,9358
-151,1358	-294,5560
-154,0193	-304,6484
-133,5064	-300,1270
-131,6712	-329,2904
-112,6656	-315,7901
-98,1820	-324,7033
-80,4215	-338,4656
-70,9841	-313,8243
-52,7648	-338,9901
-47,9148	-327,5210
-24,5839	-305,8945
-14,0324	-317,7562
-6,2335	-302,2894
-2,0390	-289,6411
2,5485	-287,4123
11,4616	-249,7291
14,6073	-247,8284
23,6515	-234,7862
29,4842	-193,2363
39,1182	-206,0155
37,8076	-179,9971
47,5069	-141,9864
41,0189	-142,2480
41,4120	-100,1736
35,7104	-93,6854
31,9748	-75,2692
25,4867	-36,8651
28,5012	-52,0036
7,8574	-24,1502
12,8379	2,9159
8,3814	-3,1786
-1,7113	15,6960
5,1701	21,8564
-3,9395	19,4318
8,9055	38,6338
-0,3351	24,9369
3,0728	26,7067
-10,4931	59,6709
1,4999	35,8815
-15,3429	47,0229
-7,0199	47,6126
-23,1417	45,3846
-21,8311	64,1278
-22,1587	43,0906
-22,2245	39,7486
-36,2491	56,1976
-27,7951	28,8692
-37,2323	39,4863
-42,6063	47,8089
-37,2325	21,4636
-58,8595	40,9933
-52,6991	24,4125
-61,7432	17,9248
-57,6799	40,5998
-57,8766	13,2713
-51,5850	9,6015
-50,4053	10,1909
-36,0530	-14,3852
-47,0629	-9,8633
-32,5794	-19,8906
-33,4312	-28,5412
-21,8968	-19,6287
-21,4379	-56,7221
-14,6875	-54,1004
-0,4662	-48,5304
-5,7747	-72,3198
-1,2525	-66,5527
-7,7406	-64,7835
4,2524	-79,8567
-11,2795	-70,0264
5,6288	-89,4907
6,1531	-73,5651
11,1995	-51,2832
16,0493	-59,6715
28,6323	-45,7120
23,1274	-28,8038
32,2369	-34,6363
27,5184	-19,1697
34,3995	-35,1606
35,6449	-24,4779
36,6278	-6,9800
41,1499	-21,2668
34,9895	-11,7637
39,8391	3,1782
27,4527	-11,9603
25,5520	10,0599
11,4617	0,5570
16,1147	5,8003
7,0051	29,6551
3,8594	9,1425
-0,0728	16,8105
5,2355	36,4709
-7,4784	12,3538
1,7621	16,0894
1,8931	12,6159
-7,7407	-5,9963
-4,3327	12,4847
-7,6751	-12,2880
-5,3814	-5,1444
-8,3305	1,5399
-8,7894	-11,3705
-20,1926	9,0769
-17,8334	13,3366
-16,7192	9,1427
-6,2990	32,9976
-2,7600	9,4701
0,6480	3,6377
-0,5972	22,3150
0,5824	-8,8146
-2,0390	-4,3578
-0,5972	14,3851
3,2038	-6,5863
-5,9712	9,6667
-0,0073	2,7197
-3,8086	-1,2122
-6,5611	14,3196
-11,9350	-4,9480
0,6480	-0,4913
-3,0876	14,2539
8,2503	-8,4869
2,4831	-2,2609
7,8571	-4,3583
5,8255	-17,3999
10,4129	-0,6885
5,5634	-35,6848
8,2503	-32,4076
9,4300	-12,4197
7,5950	-37,9785
14,6729	-17,3344
0,9758	-11,1088
8,1192	-15,6958
1,8277	12,8122
7,9225	-4,9481
-0,9904	-4,6857
5,2356	11,9602
-2,4322	-12,4847
1,3035	-1,2123
1,7622	6,3240
11,5925	-10,7807
3,2695	9,4701
9,6266	-1,9989
11,8549	2,4579
10,2820	24,4121
11,8549	-2,9164
5,1702	0,9504
5,8256	8,2900
-2,0389	-17,5309
-1,3180	5,7999
-10,2966	-10,9120
-7,8719	-21,1352
-19,7339	5,1445
-6,4957	-17,9898
-15,5396	-15,3025
-8,1341	10,1906
-9,3136	-10,9774
0,1236	-1,1469
3,5971	1,4744
10,6749	-6,2586
3,4006	13,4020
-1,1870	-8,4870
1,5656	8,2251
-3,2186	21,2662
6,3497	-6,4552
4,6458	10,4532
12,6412	13,7952
11,5271	-3,7682
11,1340	15,4994
9,2334	-4,9480
12,1823	-6,1929
1,8932	12,8777
1,3033	-13,1400
-8,0682	-5,9964
0,2548	6,5207
4,8423	-8,2248
6,5462	5,7999
0,7792	-9,9288
-0,7281	-2,1297
4,9079	10,9115
-8,3960	-16,0892
-5,9711	-9,3388
-4,8572	3,1783
-4,7261	-13,7954
-4,2017	-3,1129
-2,5634	-6,9798
-4,2672	-12,4846
-4,8570	-6,1935
-2,0388	-30,9661
4,6456	-29,0654
-5,0535	-4,8830
4,4490	-25,1335
-2,9564	-8,4216
-1,5801	-5,9313
8,4469	-10,3219
1,8276	14,9750
-0,4660	-7,4384
-2,0391	-5,4063
1,6965	13,5986
-11,0831	-5,8654
-1,6458	1,1471
-4,0051	5,5376
1,6966	-8,0937
1,6310	1,6056
2,3519	-14,9751
-2,1044	-16,4167
6,4152	12,1567
1,1069	-15,6961
7,6603	-8,4867
3,5972	14,6471
-4,4637	-4,7513
-1,3179	9,6666
-7,6096	-0,0328
-8,4616	-5,9308
-22,8796	19,1037
-11,3453	-3,9650
-20,7171	-5,0132
-12,8526	10,2563
-6,2990	-11,3705
4,4489	6,8486
-3,1531	-7,8972
2,5486	-16,0890
-0,4660	4,6202
1,9588	-9,2081
-1,0560	-14,7782
-7,4130	6,5206
-7,8061	-20,0869
-5,4470	-7,0451
1,2378	-5,0138
-0,8593	-16,8101
14,0829	-2,1956
5,2356	-18,1210
15,7215	-18,9070
0,3860	10,2561
18,2774	-21,7909
3,5317	-11,5670
8,5123	-5,5380
7,1363	-13,7954
15,2627	0,9501
10,9375	-16,4825
11,7239	-17,3342
14,8041	4,4890
8,4469	-19,0384
6,3498	-7,1760
-1,6456	8,7487
12,8379	-15,8270
9,4299	3,1130
13,6242	-4,4239
6,7430	-14,8438
9,9542	9,8630
0,5170	-14,4509
8,3157	-15,3025
3,6627	12,2877
7,9224	-9,9944
4,1870	2,1300
3,3350	-0,8849
6,4153	-6,9139
4,0559	12,7465
7,0052	-14,1232
3,4661	-8,2903
5,2356	2,8505
4,8422	-18,5795
3,0728	-9,5354
-0,2695	-1,2126
6,2186	-13,5332
5,4978	-2,5233
19,9811	-23,6915
1,3690	-19,5625
9,5611	4,1611
1,6311	-26,7063
-1,2526	-10,1908
-2,8909	-2,9167
-3,5464	-19,2350
-1,9734	-5,8001
-4,4639	-12,0917
0,5171	-21,8562
3,7281	5,9962
-0,2694	-25,7887
-2,5632	-19,8246
3,4661	-2,1304
-0,9904	-21,9876
0,8446	-9,1424
-7,4784	-3,8341
-1,4491	-10,6497
-6,8230	9,7974
-0,6627	-18,6452
-7,4784	-5,6688
-3,0875	6,9138
1,3033	-18,4484
-5,5125	1,6713
-1,0559	2,6539
-7,4784	-11,6981
4,7113	5,5378
-1,5802	-5,4724
1,1724	-4,4891
1,5655	20,7421
8,8401	-6,3898
2,2210	3,3755
11,2649	19,7591
-3,6117	4,0962
6,0876	15,3682
-2,0388	-4,1616
8,3158	-6,0619
1,5000	14,1228
-3,8083	-13,7299
-0,2694	-7,0450
0,1893	7,7003
1,6310	-8,6180
-6,2988	5,6689
2,9419	-1,1470
-1,0558	-13,4020
12,9690	10,7805
11,7893	-21,2011
10,8718	-16,4823
5,6945	-7,1766
16,3112	-30,5729
4,4493	-21,2011
8,7747	-17,0725
6,6119	-15,3684
7,3983	5,9308
9,0368	-4,6204
16,1802	-8,3556
15,3939	21,3976
12,8380	2,1955
16,9012	11,0431
13,4277	16,3512
8,9713	-3,5716
-0,8591	6,5864
13,8209	-9,7321
1,5000	-7,9624
7,3984	13,0742
4,5804	-16,2204
14,0175	-10,5184
9,8233	-0,4263
16,7701	-19,6280
11,6584	3,2440
14,4763	-3,0476
11,0684	-7,8313
0,4514	18,3829
-0,1383	2,6543
-0,9248	-3,5713
2,6141	17,1377
0,9102	-3,0474
4,7113	0,6883
2,3521	0,1638
11,0028	-14,9748
7,0052	14,7783
19,8501	-5,9312
7,9227	-6,9793
17,6875	23,2324
11,0029	-12,8778
11,3961	1,4748
4,5149	1,8676
4,5803	-14,2541
6,8740	7,3071
4,7111	-13,2713
-2,3666	-10,4530
4,5802	8,0935
2,6142	-13,6644
7,5948	-10,3218
6,6774	4,2923
3,4661	-13,9921
15,0005	0,7536
11,7237	-7,3075
20,5056	-6,5207
16,7702	11,1081
23,8480	-12,7469
14,4109	-17,4652
9,1678	-2,6544
1,8933	-21,5288
-8,1995	-4,4239
-6,8886	-19,1696
-4,3985	-19,6281
-10,6243	0,4257
-6,8887	-22,9706
-1,4493	-8,0936
-2,9566	6,1929
-2,9564	-9,1424
4,3180	0,1639
0,8446	7,5693
2,5486	-5,2101
4,2524	3,7027
-2,3666	-17,2033
-3,4809	-10,3874
-3,0874	-0,7541
3,1383	-22,8396
6,8085	-15,0406
5,3012	-2,2614
15,5250	-23,6915
19,9158	-6,3245
23,1272	-27,2306
20,0470	-25,1987
21,4888	-7,9631
15,8527	-33,9809
10,8063	-28,3445
6,1532	-18,5145
14,6727	-38,8305
0,5170	-25,9199
8,7089	-27,2307
2,3520	-29,6553
3,5971	0,1634
-0,0072	-22,6430
11,3959	-17,0721
9,5610	12,0256
2,0900	-8,2249
8,5125	5,6035
4,0560	8,0282
11,6582	9,2080
8,1847	16,8756
13,6242	-0,2948
5,2356	-1,7364
8,6435	19,0381
3,0729	-11,6982
4,5801	-3,7682
-2,8254	1,6709
3,6626	-13,0745
4,3836	6,0620
9,8886	-6,0621
14,4764	-3,6370
23,1926	21,2008
22,2752	-7,3073
17,0978	-12,6810
21,5543	1,6054
8,6435	-18,0553
9,6921	-8,6181
4,0560	-8,5526
8,6434	-7,2415
0,5170	19,6934
4,1870	-4,9480
0,3859	-0,4256
1,6965	17,5963
-13,0490	-0,2948
-9,6412	10,2566
-9,1170	8,5525
-10,5589	3,3099
-14,7530	23,1670
-7,2820	-1,0813
-7,0198	11,6984
-8,0027	19,1692
3,0073	-1,4746
-2,0389	3,2442
1,3034	7,7658
-0,7282	-9,4699
2,0242	12,1569
2,3520	0,6225
5,6943	5,8002
4,2527	23,8879
14,2796	5,5379
7,9882	15,6307
5,0391	24,6088
6,4154	7,8973
1,6311	20,5457
10,3476	1,2124
13,0999	-8,0279
9,2335	17,1375
11,0029	-11,4361
15,3283	5,9312
10,8718	16,1546
17,1632	0,3607
-2,7597	12,0262
4,4492	9,1424
-2,3011	0,7540
-6,6920	19,0384
-4,2016	-2,5231
-6,5610	0,1641
-0,6627	12,0257
-0,6629	-8,6179
-12,1315	10,5186
-3,5464	6,5863
-4,4638	-3,2439
-12,1316	18,6450
0,7135	-3,6373
-4,5294	-1,2776
2,4830	20,2834
1,8278	5,0792
14,5417	20,5459
4,1216	21,0044
14,0175	6,1280
7,8572	21,2011
14,2141	-0,7536
5,4323	1,2783
1,6312	21,3974
5,2358	-1,8022
3,9247	3,3099
-3,1529	14,7784
4,6458	-7,7659
7,0051	8,4871
2,5486	-8,4214
11,5271	-9,0765
4,9734	10,8461
10,3474	-12,0260
5,7598	-11,2392
9,4953	4,1614
3,7938	-10,8463
8,7090	-4,5548
3,6627	-8,7492
6,3497	-17,6620
-3,0875	-1,8681
-3,4808	-28,2136
0,5170	-27,7545
-1,8425	-5,4726
1,5655	-16,9413
-1,4491	3,9649
5,6288	6,0619
7,1360	-1,0156
2,0243	25,0021
-6,2331	7,8971
5,1699	7,8320
-3,8740	26,1816
10,2818	-4,3580
0,0582	10,9776
11,9859	11,4360
8,1193	-1,5399
11,7894	13,3367
18,8017	-0,7537
12,3136	-0,8189
14,9350	20,7421
6,3498	-9,0768
14,0175	-3,1127
7,2017	7,9625
5,9565	-7,1106
-4,0050	7,6350
3,7937	-3,3753
-8,9859	-6,5863
-2,5634	5,7342
-11,4763	-10,7808
-8,7238	-5,4721
-12,0661	6,1274
-7,4787	-10,5840
-5,5124	3,7684
-3,6776	1,3434
-5,3157	-10,8462
4,1870	1,6711
1,8277	-16,3515
-1,5801	-21,3320
0,9102	-3,6377
-4,3982	-29,8520
-0,0073	-11,5673
3,7938	-10,4535
4,2525	-29,5896
-4,9881	-9,9289
-2,0390	-20,4804
-8,4617	-26,7060
-12,7216	-3,6377
-22,7485	-22,8397
-14,0980	-18,7106
-23,2730	-3,5064
-27,8606	-11,1085
-19,3407	8,2903
-14,4256	0,7537
-1,1216	3,1133
0,7790	26,7059
15,7869	0,0329
7,4639	12,3539
17,2944	17,9241
14,2798	1,9335
24,6999	9,9944
8,2505	4,9479
13,4932	-2,9818
2,0900	13,0743
8,3813	-12,8780
0,5825	-7,1106
2,2864	7,3725
4,1215	-15,3028
-0,5972	-5,6033
2,4176	2,0641
4,5146	-12,8123
7,2016	3,5716
-4,5293	-16,6136
9,3644	-19,1693
-0,9248	-1,2783
10,7407	-20,1526
9,2335	-11,6327
25,8140	4,0303
19,5226	-0,0328
20,3092	10,2563
25,2899	-12,0259
23,4549	-0,4258
24,3725	13,0087
26,4695	-7,8972
24,0447	-10,5839
9,5612	3,0472
12,1170	-11,5017
0,0583	-9,8632
7,0706	-13,4022
-3,2186	-13,1401
8,7744	6,9138
-0,4662	-15,1063
7,6604	-13,2709
1,8276	8,0280
8,2503	-6,3899
6,0221	-5,2100
10,4131	-0,6882
11,4617	-7,3728
12,8378	9,2732
5,5634	-2,5888
1,4345	-0,8191
2,4176	13,7297
-1,1215	-1,4090
5,0390	13,2058
9,4297	18,5795
18,0152	9,9945
21,4887	26,6405
25,5521	11,8293
24,8969	1,1472
34,0062	21,8562
21,0957	-9,4700
16,0493	-4,1615
7,4640	2,7849
7,8570	-21,5942
-1,4491	-4,6205
3,7937	-11,7640
7,7260	-17,7931
7,1362	2,6539
20,4402	-19,4317
20,5712	-14,1885
27,3871	1,0155
22,9305	-14,7130
22,2097	0,8846
14,9352	-10,6499
29,2219	-13,1399
8,3815	-1,9991
18,4740	-29,1965
1,1724	-24,7399
-2,2356	-2,7202
-10,5586	-24,5437
-14,4910	-18,6451
-19,7338	-12,6816
-15,6709	-21,4632
-25,9599	-2,7855
-25,6978	-16,8758
-14,8843	-12,7468
-18,5543	3,5715
-7,0854	-13,2710
-5,7746	5,6035
5,6943	11,8292
4,7768	6,7832
10,2164	20,4803
11,0029	14,1233
18,6050	13,1405
15,7215	30,8348
11,9204	7,2420
11,9205	7,8974
13,0345	15,8269
18,5395	-4,9480
6,8741	2,3921
16,0492	-14,5820
13,2311	-21,5286
17,8841	4,0957
10,3474	-21,5944
11,0684	-14,7782
7,7915	7,7003
13,0343	-7,9627
0,9758	-3,9647
7,4639	6,8485
5,0389	-0,3603
0,5169	18,3174
-6,2332	3,5063
1,1066	6,5869
-5,5123	27,6890
0,6479	1,3436
-3,8740	5,8658
-4,2673	3,1785
1,9587	-8,5524
-10,7554	5,7344
-1,1215	-9,6012
-11,0831	-12,0913
-8,3960	8,1591
-9,2481	-13,7299
-8,7238	-7,5692
-12,1972	5,2755
-2,9567	-14,0575
-11,4107	0,2293
-6,5610	-10,5843
-4,8570	-14,7128
-2,1702	8,1591
-8,1338	-14,0575
4,4491	-1,0810
1,5655	16,3511
-0,7282	-10,1253
9,7576	-4,4235
10,8061	-3,8340
13,1655	-11,5670
6,2842	12,3534
7,6605	-13,2056
3,4006	-14,2539
9,4299	3,8992
-1,1869	-20,8733
6,1531	-8,9456
-1,5801	-1,7371
2,8106	-20,5457
-2,5632	0,8190
1,9587	-19,6283
0,1238	-14,1885
3,1384	4,3579
5,9565	-12,6814
0,4515	-7,1106
4,7113	-3,1131
-4,4638	-2,7198
2,2208	6,5207
-13,0492	-15,3684
-7,1509	-14,4506
-9,1171	3,7024
-1,4493	-21,0046
-3,5463	-18,6451
7,9225	-7,5698
11,0684	-25,7232
20,6367	-19,5628
18,3431	-27,6238
25,3554	-30,6382
20,2436	-0,6886
13,4933	-30,7040
12,1170	-26,3127
3,9904	-11,6331
5,1045	-32,5390
-2,0390	-21,9876
-2,9566	-14,7789
-6,1678	-30,2452
-7,3475	-6,6523
-9,0514	-23,3639
-6,6921	-13,6642
-6,6265	11,3046
3,9247	-11,6327
0,9102	5,4069
8,5124	11,5015
3,0075	0,2294
3,9905	8,6181
0,5826	2,8508
-3,3498	8,4216
-7,4785	19,6936
-11,2142	3,3097
-7,0855	11,0431
-14,4255	14,8439
-10,6243	-4,9478
-6,1679	11,5672
-8,0684	-5,3413
-10,6242	-16,0890
-4,9882	3,0472
-9,7067	-21,7909
-3,4809	-16,0891
-4,3328	1,0156
-12,7214	-13,9920
-4,2016	2,1954
-4,5949	-4,4894
2,5486	-7,1106
5,0390	10,7805
18,4084	-18,7763
6,7429	-6,9795
18,3429	6,6516
3,3351	-10,5842
8,2503	4,1615
9,5611	-1,4747
16,7699	-11,4359
8,7093	9,4699
16,9011	-3,3753
17,2289	-13,5986
7,4640	11,6325
9,4301	-13,7299
-2,6943	-3,4405
-5,0535	2,5884
-8,8548	-15,6959
-5,9056	14,4507
-3,5464	-5,4723
-0,5972	1,8681
-3,1530	24,4777
10,5439	-2,3920
0,1893	-0,8844
3,2040	7,7660
-0,8593	-5,3412
-5,7091	6,0622
-8,9857	1,6712
-4,3328	1,0160
4,9079	21,9218
4,7113	-9,6665
10,6752	-5,0132
7,6605	4,4236
13,2966	-18,5140
0,9758	-9,0768
4,7114	-12,0917
-4,9882	-15,7615
-8,6581	0,2947
-8,7892	-15,2373
-2,4324	-4,2923
-12,3937	25,0675
-1,7769	1,2780
-6,1677	6,9800
1,1067	17,8585
0,0582	0,5572
5,1045	11,6982
4,1216	3,9648
8,0537	-4,8822
5,5634	19,6935
7,3327	-2,4577
2,9419	-5,0789
2,2864	2,5230
10,8717	-5,7344
8,8400	-2,2610
11,8548	-6,5866
4,9080	-19,3659
15,6559	-1,4748
-0,8593	-29,2621
0,1893	-27,8200
-8,4615	-1,8681
-6,8888	-22,0530
-10,7554	0,0983
-10,1655	2,3263
-4,5293	-6,5208
4,5802	13,1400
12,9690	-3,4406
15,3938	6,0623
22,9306	10,8461
19,3917	-11,6326
20,9645	1,8023
12,6414	-1,2126
19,1293	-11,6982
6,3499	4,6856
10,9373	-16,2204
5,1046	-12,8123
10,3474	0,9500
12,8379	-12,0261
9,7576	-10,5841
14,7385	3,0471
11,6582	-15,9581
10,9374	-0,6226
2,1554	-6,5210
4,2526	-7,6348
-2,7599	17,5963
4,4491	-6,1932
-1,9080	2,3269
2,0898	20,0867
6,6118	-2,1298
9,3643	10,6498
3,4663	5,2101
15,1316	1,6714
17,7531	21,2009
7,7260	-2,0644
0,7793	9,9946
3,7938	28,4099
-1,3181	3,8341
-6,5610	18,5143
0,3204	17,0723
1,2378	8,4871
14,4107	17,5310
7,3983	-6,1932
7,9227	-0,7534
1,3690	18,7104
9,1677	-6,1277
3,0072	-0,5568
3,2694	15,4336
1,3034	-4,7513
7,4637	14,1887
2,8763	3,5061
1,8932	-1,8676
9,1023	17,6619
8,5123	-17,1377
9,5611	-7,3071
5,6945	4,3579
17,8186	-12,1570
0,2549	-1,0158
14,6729	-4,2272
5,0389	-10,2562
7,9881	14,1885
0,1238	-4,4892
-0,0729	2,5889
-6,3644	9,5355
-1,3182	-9,2733
-13,1146	2,2611
-3,5464	-2,9820
0,6479	-13,7953
-0,7282	9,0766
8,8402	-11,7639
11,7893	-8,9456
17,4255	12,4844
12,9690	-19,0383
16,5735	1,4091
8,4469	1,6710
8,3814	-10,4529
-0,4006	12,8778
-4,5294	-4,4238
-13,8355	-8,4212
-12,5904	9,4697
-13,6390	-22,7739
-7,4131	-17,6619
-8,1339	-10,8466
2,1553	-25,7231
-0,4005	-4,6206
7,2016	-21,2667
6,5464	-13,2711
6,4153	1,8674
13,9520	-21,5943
5,6944	-15,3027
8,0538	2,3263
1,1068	-16,0237
2,6141	3,8993
-6,2988	-5,8657
2,6794	-14,9749
-12,9835	11,6980
2,0242	-16,2204
-3,0221	-11,0426
-0,0073	11,7634
2,8764	-16,6791
5,6288	-16,2858
1,4345	-9,0769
-9,3135	-10,5842
-9,0513	9,0110
-12,9836	-11,5017
-11,4763	2,4578
-14,4254	14,8437
-3,6120	-14,4506
-12,0006	-4,7512
-14,6220	-0,0329
-13,1147	-8,0937
-8,0030	-1,0159
-15,7361	-10,2566
-8,5927	-7,8970
-9,7722	9,7318
-7,2820	-17,9243
-14,5564	-7,3727
-19,1441	6,3240
-21,2413	-3,5717
-27,6639	11,0429
-19,4718	1,9989
-12,0663	-2,4573
-3,2188	19,7591
0,4514	-8,8802
6,7429	-8,8144
1,4346	8,3556
7,6605	-17,5310
6,4809	-10,7151
6,1531	-11,3707
8,6436	-19,4971
9,2333	1,1465
3,0730	-27,4927
3,3351	-21,7252
0,7792	-1,2127
2,8107	-12,7470
-2,4976	-2,2611
6,3496	-0,8194
6,4152	-8,2903
1,0413	9,9942
8,5779	-1,0158
-1,8422	2,7200
9,6920	17,7275
6,0876	-6,5207
11,2649	7,3077
3,0074	13,9262
14,9349	-15,3025
13,3621	7,3073
12,8378	-3,8995
5,7601	-8,2902
4,1871	11,5670
3,0075	-6,1277
0,5169	-1,6709
4,5147	16,7444
4,5801	-4,8824
2,8108	7,1108
-0,2039	-1,8679
9,3643	-4,2925
-3,3497	9,6664
2,5486	-17,9241
-4,7260	-2,6541
-1,4491	10,1906
1,8277	-18,3174
3,2695	-5,6033
4,5148	0,6878
6,2186	-11,8948
7,1363	4,0303
5,4321	-6,7831
0,3860	-3,7027
-6,4300	17,8585
-2,8910	-3,8339
-5,9057	5,6037
1,4999	17,5964
-8,4615	1,8679
-2,6943	10,9119
-4,7916	-3,3095
-8,9204	-2,5885
-24,1903	14,3850
-10,0346	-12,7468
-21,5034	-3,6370
-17,1780	8,0280
-15,1465	-6,5208
-21,0447	12,0914
-15,4085	5,8654
-16,5227	0,5573
-10,2967	28,7375
-11,0176	-4,4893
-3,7430	4,3584
-9,4447	12,1568
4,5146	-8,6180
-0,9905	8,5526
3,6627	9,2732
3,9904	2,4579
14,0829	29,2618
5,6944	3,5062
13,6242	-2,5883
7,5295	16,7443
9,6266	-12,0260
14,1486	-7,1761
11,0684	-1,5403
9,6267	-12,0914
8,1193	8,0937
9,7577	0,7536
7,2674	2,9822
11,1340	19,9557
14,9350	-3,3751
15,1315	-7,7002
4,2526	6,6517
5,5633	-22,1841
-5,0537	-8,9458
-7,2820	-18,8420
-15,5394	-21,2009
-12,0662	6,3238
-10,7555	-15,8927
-17,4402	-3,1785
-15,1463	9,6663
-10,4279	-11,5670
-15,7362	10,6497
-22,0276	5,0135
-12,4594	-0,7534
-24,1904	14,1885
-15,0810	-0,6882
-18,6854	-1,8019
-4,2674	21,0697
-6,2333	-4,6203
11,1338	7,5696
10,4130	3,0473
11,1339	-8,1590
9,6922	15,1715
3,0729	-15,3683
5,5634	-6,8483
-0,5316	14,7126
5,9565	-11,1739
1,8932	2,9165
7,5293	14,2539
-1,5802	-0,2948
7,5294	19,0384
0,9102	10,3875
3,9904	4,2274
4,5146	23,1670
-4,3328	-0,1638
-4,0050	3,3098
-1,5148	9,4044
-10,8863	-4,8169
-4,6604	0,4915
-1,1870	-9,9944
-1,3836	-11,5670
3,9904	9,8629
-2,8255	-14,5819
-8,3959	-6,1929
-5,3813	17,7929
0,0582	0,3605
-0,5973	9,0769
3,8593	8,2247
-4,9225	-9,0112
6,0220	0,2948
-4,1363	-13,9267
-1,7769	-22,5772
-9,0514	0,2946
-7,2819	-20,2836
2,2865	-9,7977
4,1869	-7,5042
8,1848	-20,1523
1,4344	-3,2443
1,2380	-17,5311
1,1723	-19,4315
-1,4490	3,3093
2,9418	-18,9729
2,4830	-7,1105
-2,4977	3,1128
7,4637	-10,1908
-3,3497	2,6543
7,9225	4,4237
5,7598	-3,7027
12,7723	13,2709
11,7238	-10,7153
17,2943	-10,9117
11,6584	1,0155
16,5735	-13,7299
12,2481	-0,4916
11,8548	-0,1640
-0,6626	-9,0111
-6,7576	19,3003
-1,1216	-2,3265
-11,0832	11,5674
-6,4955	27,7545
-8,4615	5,0793
3,9904	14,9097
2,4176	13,5987
9,7576	-5,4721
-0,9247	10,6495
5,2356	-19,2349
-11,4762	-8,6178
-8,9203	10,6494
-10,1000	-19,7592
-7,5442	-5,0789
-11,6073	2,0641
-8,5928	-13,1400
2,2208	1,3434
-5,1194	-5,6035
-1,9734	-7,6349
-1,0560	12,3535
5,4976	-5,0791
-8,4615	2,7199
-1,3836	11,6981
-4,3983	-10,8461
5,7598	5,8656
-2,0389	-9,7978
8,9711	-18,5793
6,8086	6,5861
3,4006	-20,2837
7,9883	-24,3466
11,3304	-5,9968
13,8864	-17,7277
-4,9224	-3,8995
10,7407	-5,6036
5,5632	-15,5647
0,7791	13,4676
-6,2988	1,2123
-4,1362	5,3415
-5,4469	25,7885
-5,8402	3,6375
-7,5440	21,2013
-6,4300	16,4169
-8,6581	21,3324
-10,1000	31,1625
-7,6751	12,6815
-8,7893	14,9100
-2,4321	35,0947
0,3859	5,3414
2,4176	13,7957
4,1870	16,8755
13,6243	-5,8653
5,8255	2,9165
15,1972	-3,8994
5,8909	0,1639
6,4153	13,4675
2,0899	-12,3536
9,2332	-6,7828
4,9734	-1,0160
2,0242	-17,0722
-2,8908	-10,7806
-0,4662	-7,0453
-4,3983	-14,3851
-5,7745	3,7681
-4,0050	-13,5989
-4,1361	-18,5139
2,4175	2,1296
2,6141	-24,4124
14,2140	-21,6597
11,5270	-14,5821
15,7870	-21,1355
12,3136	-1,4748
15,3283	-11,9605
5,8256	-11,9602
3,3351	12,5500
-11,4105	-11,6327
-8,5270	2,3267
-7,3474	6,2585
-8,3305	-11,6326
-6,1677	1,5401
-0,6626	-8,6182
3,9905	-15,1715
6,9396	7,7002
10,6752	-20,0870
-1,1213	-8,6834
8,3814	0,8190
0,3859	-17,6620
9,2988	-7,5040
-3,0876	-23,2983
-2,0389	-22,9704
-3,7429	-6,5213
-6,6267	-30,2452
-16,4570	-24,0190
-7,2820	-6,2590
-14,0321	-16,4825
0,4513	4,0960
-1,9079	4,6857
3,1385	-5,6686
13,1000	17,4654
5,8255	-4,5546
9,9544	3,7687
5,5633	19,1693
6,3498	6,8486
-3,2185	11,0431
3,3350	12,8778
-2,3012	2,3923
2,3517	9,7977
-8,9858	-1,9989
2,3519	-6,9794
0,0582	13,5985
2,3519	-17,4000
3,3351	-12,1568
1,4343	-1,9337
-6,6920	-25,8540
-9,5757	-7,2419
-6,3645	-20,4149
-13,7046	-23,3638
-10,3622	-6,0624
-10,4933	-24,8713
-1,9736	-16,4823
-7,0854	-1,8682
-0,6629	-16,1549
-10,8209	-10,1910
-2,0391	-12,2228
-6,1677	-16,8101
5,2355	-1,8680
-0,9248	-16,8757
-0,8592	-12,2224
6,6775	1,8675
4,7769	-18,1209
10,7408	-12,8779
5,2356	-13,4024
9,2989	-18,7762
-4,6603	-7,1109
2,8763	-17,1378
-6,0367	-11,1083
-5,4470	16,2201
-7,6753	9,3389
-15,0808	16,1550
-9,4446	28,4101
-6,8889	18,7765
-3,9395	31,2283
-3,7430	15,8273
-2,6287	15,5654
-4,5949	32,9321
-0,2039	9,2082
-9,6412	18,0557
-2,6944	32,6043
-10,8865	0,4918
-8,2650	18,3176
-13,5735	5,6033
-12,2628	2,5234
-22,2242	15,8268
-7,1510	-3,8339
-7,0199	-2,3263
2,1552	17,0066
2,8763	-4,4237
9,6265	8,4215
9,2990	6,1275
6,1532	-4,8169
5,2357	5,1445
-4,1361	-11,3706
-0,9903	-5,0134
-5,6435	9,2075
2,2864	-19,7592
-8,8547	-9,0766
8,9711	3,7024
-5,2504	-16,2858
1,4999	2,1954
-2,9565	-13,8609
2,8762	-7,4382
2,2865	7,7658
7,0050	-18,5795
10,0198	-8,0936
11,5272	1,4743
19,0640	-17,8586
24,9621	-5,4068
21,2922	-16,2859
20,4403	-16,5479
25,7487	-1,8681
25,2899	-24,6091
18,1464	-14,1230
14,9352	-1,8681
15,2627	-24,4779
1,0413	-7,5693
1,5655	-11,7640
-1,9079	-13,3366
4,6457	-2,7199
0,2549	-20,0870
8,7746	-15,1060
2,5487	3,2437
4,2525	-17,7277
-4,0049	-0,2948
-3,2186	8,4212
1,5655	-8,6833
-13,7699	23,6913
-5,0536	2,7198
-9,5102	7,2421
-3,0877	23,7568
-9,1826	0,8848
-5,3158	9,2081
-10,9518	5,6032
6,2186	-5,5377
1,9588	6,3242
11,8547	-9,5357
7,9227	-18,9070
12,5757	2,6539
6,3499	-25,7230
11,6582	-9,7975
9,1679	4,5546
8,2502	-5,6032
7,3984	13,1400
10,8717	9,6665
8,1847	-4,2924
0,7136	10,6497
5,8254	-1,1470
-6,4298	-2,7850
2,6140	19,4313
-6,1679	-9,7320
-5,1848	5,9311
-7,7406	0,6881
-4,9882	4,6859
-6,3644	16,9410
-10,1656	-0,2294
-13,8356	-0,8189
-11,4109	23,5601
-12,4594	-5,6690
-17,3091	2,7200
-9,1825	13,0089
-10,7554	5,2758
0,9756	21,7909
-5,9712	10,1910
2,2208	10,7810
-11,0830	28,9342
-0,9250	2,1301
-16,2604	8,6183
-10,4277	19,6936
-9,0515	1,6058
-13,5079	12,4192
-6,9543	-3,1129
-10,3622	1,5403
-3,2186	16,0890
-6,7577	-8,6835
-0,9248	-0,8189
-2,9565	11,1083
5,4977	0,1640
-0,0729	13,2712
4,5802	6,1930
-0,2038	-11,1737
-0,0074	12,4845
-5,0536	-11,3708
-4,3328	-19,8246
-8,7237	-0,8851
-11,5418	-19,5629
-8,5926	-15,1061
-11,3453	2,0642
-6,4955	-7,3073
-5,3815	8,3558
4,7767	-9,1424
1,9586	-5,6687
8,6435	9,4697
7,0706	-12,8780
5,4978	-14,8438
4,1870	-5,4725
5,6944	-24,0846
5,8254	-4,6204
7,2672	-21,7255
8,4470	-26,1816
8,5124	1,4743
4,6459	-18,5798
6,8085	-11,8292
5,2357	-1,6714
0,3203	-16,2858
6,6120	-8,2905
6,8083	-21,9875
4,9735	-15,5649
-0,0073	-6,7834
-2,3011	-22,9706
-1,3837	-13,9265
-5,7746	-4,4895
-10,8863	-17,2033
7,3326	-7,7659
2,6798	3,7027
16,1802	-4,5547
15,8527	7,9625
20,3091	-13,9265
8,1194	-11,6981
11,3961	5,2098
12,6413	-11,1086
3,1384	-7,0451
6,5464	-0,5572
2,0898	-7,7660
-0,4661	9,0111
-6,8232	-15,1062
-0,0074	-12,4845
-3,0222	5,9963
7,5293	-19,0384
3,4662	-5,3411
23,7170	-0,2297
18,9984	-16,8755
32,1057	-2,4577
22,4720	-12,8125
27,7803	-19,1693
16,5082	0,4912
9,8232	-23,4293
5,8911	-6,8484
-6,6920	5,3409
1,1723	-19,0382
-4,3328	1,6057
2,1554	-1,9335
0,0582	-7,3073
12,7067	7,1104
0,7792	-19,6937
11,1339	-13,5330
-8,0026	13,7296
-0,4005	-14,5163
-3,6118	5,4069
3,8592	9,4042
-0,2693	-12,4845
8,9711	14,3851
5,6944	-1,9334
2,2209	-0,4912
0,5825	27,1648
-11,0175	4,9482
-9,3790	12,7473
-12,0661	29,9829
2,5485	7,9629
3,4660	23,1018
9,3644	14,3852
4,9736	8,4872
18,2774	23,4947
12,4447	-4,4237
14,8696	-1,9986
14,3453	9,0766
10,2821	-11,3705
14,6731	-4,9480
20,5055	-9,8633
13,9521	-7,7005
4,1217	9,0764
18,6707	-11,1086
16,6389	-8,6835
17,0322	7,2415
14,2798	-12,7469
20,7023	-3,3752
4,9081	-4,2929
15,4594	-13,3365
8,1192	13,5986
4,3181	-7,5695
1,3035	-2,9816
7,2672	20,0867
8,1849	-1,9988
14,3452	6,9142
13,2312	1,9334
14,7385	1,3435
19,5883	0,9502
17,0978	-16,4824
20,2436	-18,3171
13,8211	5,0787
19,1949	-19,8248
10,1510	-7,9626
14,0175	4,8167
5,8911	-10,1254
15,3937	6,0622
5,6944	3,1128
10,0198	-4,1614
10,3476	19,3657
21,8819	-7,7005
16,7047	-0,4912
24,7000	18,0551
20,1782	0,7537
19,9160	5,0792
24,7656	9,0111
17,1634	-4,4235
15,6561	18,3173
9,7578	-4,7514
18,6052	4,3584
13,8866	18,5794
28,0424	-3,1130
21,8165	1,8679
25,6176	7,8314
17,2945	-7,2417
23,9135	9,4699
5,7601	-10,7152
9,1679	-3,8992
7,8572	13,3364
11,3961	-12,3535
13,8865	4,7515
9,1679	6,7829
12,3137	-5,2755
7,1362	12,3537
4,3183	0,1639
13,5587	-3,4404
8,5779	17,1376
-3,2185	-7,3729
7,3328	-10,8460
3,0728	2,3264
-4,1361	-9,0113
1,7622	-0,1639
9,8885	-10,2565
-1,2523	-12,5499
15,3937	12,4845
12,5757	-8,0282
8,7091	-0,0980
11,6583	13,6641
10,5440	-5,0134
9,9542	1,2126
0,4514	-6,0621
11,0027	-11,0426
2,2864	12,3535
1,6311	-11,6327
2,8107	-1,4087
-0,0730	19,6279
-0,7939	-5,1446
1,6965	-4,3580
-6,8231	-0,9505
-6,9542	-21,7254
-5,7089	-7,9629
-7,2165	-27,1651
-11,8694	-26,1818
-8,9860	0,2290
-11,0831	-20,5460
-13,3769	-15,9580
-3,0877	5,0788
-3,2188	-6,9141
7,7259	13,9264
0,4515	5,7344
14,6073	-5,4719
-0,5317	23,1015
-2,9564	-3,3751
-7,4785	-4,8166
-7,8719	7,3727
-8,5927	-8,3558
-11,4763	5,3413
-1,1214	-5,8000
-0,1385	-6,0619
5,6944	4,0958
-0,6626	-13,5333
5,7600	-16,8755
1,1723	-2,2613
4,1215	-16,4170
-3,0220	-3,8340
6,2842	-7,7663
9,3644	-17,7931
16,1146	-7,8317
9,6922	-19,6284
11,7238	-21,0700
10,0854	-2,9167
6,0875	-17,2690
-3,8738	-4,6858
-5,3158	8,2246
-2,3666	-8,2902
-5,9712	12,4847
0,3203	-0,6226
-4,2673	-6,7826
-1,9079	20,9387
2,1554	-5,9967
16,8353	-4,8166
5,2357	9,0110
18,2117	-6,3242
6,2186	6,6519
6,0220	0,1638
6,1532	2,4579
4,7112	25,0676
4,8424	10,1255
3,5971	12,2229
-0,7283	34,3738
-5,4470	15,3685
-8,2650	25,9853
-16,5227	21,7254
-12,3283	13,1404
-15,1464	23,6260
-6,2334	9,4702
-9,3136	12,1573
3,2694	22,3150
-7,4130	-10,7151
-0,3351	-9,7319
-19,2750	-3,8996
-6,2334	-16,4825
-17,4402	-1,0816
-16,3261	-17,2036
-16,2604	-23,6913
-16,3261	0,9500
-9,0514	-14,9753
-13,8357	-14,7783
-9,4446	4,4890
-21,6999	-8,9458
-5,1193	-0,5571
-13,4425	-7,7007
-13,9667	-16,2202
-12,9181	-1,9991
-4,8572	-18,7763
-14,3599	-13,4676
-0,7940	0,6223
-8,7238	-13,7299
-8,1995	5,6033
-6,5610	0,1637
-4,2018	-0,2947
1,6311	23,7569
-0,3350	7,1107
3,1385	5,2104
2,7453	20,6111
3,0730	-5,2756
3,7938	5,3414
11,8547	6,4552
-5,1192	-6,5207
0,5824	9,4045
-18,0954	-3,7685
-16,9159	-13,7951
-14,6222	2,1953
-10,0347	-22,1185
-12,2628	-14,5816
-4,9882	-2,1302
-2,6287	-20,4146
-2,8253	0,9501
10,2820	-11,3708
2,2865	-18,9071
11,0029	9,7319
5,1045	-12,6814
3,2041	1,2126
-4,2016	12,0913
5,4978	6,3899
1,1066	16,3515
-2,3668	16,4825
-9,0514	5,5383
-4,8572	26,2474
-3,4153	0,1640
-1,4493	8,5529
-1,2525	24,7398
3,0072	1,3435
-5,1191	1,7369
-1,9079	4,0305
-7,9373	-1,4089
-17,4400	9,2077
-7,6097	-13,9265
-16,9815	-15,8268
-8,7238	3,3093
-15,6707	-19,0384
-9,4446	-7,6350
-3,5464	-5,6691
1,7620	-6,9795
-3,4153	6,3242
-4,7259	0,4914
-11,0174	0,7539
-7,5441	21,6596
-11,6072	0,3605
-5,7746	9,9945
-0,2696	12,5501
-3,8739	-4,6201
5,4978	13,0747
5,1045	6,8485
7,5294	7,3075
-1,1870	22,7082
2,5486	-1,4089
-0,2695	3,3754
5,8910	7,8314
6,0221	-17,9896
22,7337	-1,0813
6,5464	-8,5527
11,5272	-12,9433
5,3013	6,7172
3,5973	-19,4971
1,4346	-11,0426
2,8762	5,2753
-1,9734	-18,9073
-8,3305	-9,7321
-7,9372	-2,7855
-11,2798	-18,3829
-9,2480	4,6201
-13,5735	-12,3538
-0,2040	-10,2562
-5,3159	9,3388
3,0729	-9,7977
4,2526	6,5865
6,8740	11,8945
0,5171	-7,9627
1,2380	4,7512
0,3860	-15,0408
3,5316	-15,5648
1,3689	3,7679
-4,2672	-26,0508
-0,7937	-16,8100
-9,7723	4,6200
-0,1385	-16,1548
-18,7508	6,6519
-7,9373	1,4089
-19,8650	0,6883
-11,5419	19,3657
-12,0007	-10,1908
-13,1149	-9,5352
-11,2797	11,1738
-6,6923	-9,4045
-14,2943	-4,4892
-1,9735	0,0327
2,3520	-4,5547
9,8886	16,1546
13,8210	-2,1299
12,5757	7,8318
18,6707	22,3805
8,1193	-9,1422
17,0977	0,3607
0,0582	-2,7199
5,9564	-18,9726
-11,7384	-1,4091
-3,2842	-20,9391
-3,8087	-21,1354
-5,5126	-7,2421
-10,2966	-27,2961
-6,1680	-23,2982
-16,3259	-8,4219
-17,0470	-25,8542
-15,7361	-11,2396
-16,3261	-15,3030
-15,6051	-17,3343
-14,6220	1,5398
-10,6898	-17,7932
-11,8695	-14,6473
-7,1509	-1,4749
-7,2166	-21,8564
-14,2943	-6,0621
-8,0684	-7,7006
-3,6120	-2,0643
-3,4152	18,9071
6,5463	0,9503
1,3690	6,9145
9,1677	34,5703
6,2187	4,2272
3,9904	11,5675
0,9759	18,5139
0,1237	1,9334
-6,5609	16,8756
-10,4932	0,1638
-6,0368	1,1472
-7,6753	19,0381
-7,2820	-10,0598
1,0412	4,6205
5,2355	2,9817
0,9758	-9,4044
9,1678	6,3242
1,2379	-8,3560
2,3521	-8,4212
-4,3982	5,6688
-6,5610	-15,2372
-17,3089	-2,1297
-12,7214	11,0427
-10,9521	-7,1762
-19,0785	9,7977
-1,9080	-0,0984
-8,2651	-3,2438
-3,2841	14,5162
-3,1530	-2,4577
5,3012	-1,2122
9,5610	15,1716
20,8333	3,2441
11,4617	16,2859
21,8165	12,0259
18,5396	3,7686
15,7871	22,6427
7,3330	-7,6349
14,3451	-6,8484
2,0244	1,9987
3,3350	-23,1672
1,7621	-23,5602
-6,9542	-9,4048
-0,7938	-14,9096
-5,8401	2,4575
4,5801	-4,2272
-0,2695	-0,0325
7,7915	31,4900
9,2334	4,3583
16,3113	15,3031
13,1001	31,2280
8,9713	9,7324
0,0584	22,9708
5,3011	9,2736
0,3859	6,1936
5,8253	30,7694
-3,2186	7,0453
-0,5316	9,9293
1,6311	36,6019
1,6966	7,7663
5,4978	18,7109
6,0220	15,1716
16,8355	-3,6370
9,1023	10,3219
15,8525	-16,6790
11,9204	-10,9116
17,2289	7,5690
18,8673	-22,7083
21,5543	-10,8462
17,2945	-7,2420
15,0662	-20,7422
14,1488	0,9500
18,1462	-18,6452
7,5950	-18,4484
3,3351	0,8844
4,6459	-22,0531
-5,1846	-16,5478
5,5633	-4,7517
-3,1531	-13,0090
4,9078	6,0620
-9,5756	-2,1956
3,9248	-2,2608
4,2527	8,8145
17,0321	-7,3728
11,2652	-3,9647
20,7678	11,8947
11,6583	-5,5377
12,8379	10,8464
12,2481	0,5571
9,2334	2,1302
7,7262	20,4799
7,3327	-1,8022
3,0074	5,5382
-3,0875	26,2471
9,2987	6,1933
-4,2672	11,4363
4,0559	5,4722
0,0581	-1,1465
5,9564	16,6134
0,8446	0,0983
-0,2040	1,8026
-3,1529	26,4438
2,0242	4,9481
-3,8739	8,2907
-3,9395	17,7931
7,3327	3,2442
7,0051	15,4993
18,0808	-3,5063
21,3575	-13,2710
22,9306	6,7827
17,5566	-20,7425
17,4255	-16,3513
9,9544	-1,2127
12,1168	-18,1863
-0,2694	3,9650
-5,3158	-5,4724
-5,1846	-13,7297
-3,4153	3,1783
-4,0051	-21,9219
-10,8865	-12,8778
-15,3428	2,9160
-15,2774	-14,0576
-16,5882	-2,2609
-25,1079	5,0788
-15,1464	-12,3535
-15,0809	4,6858
-0,4009	-15,0407
-9,0515	-7,5038
4,7768	3,7680
6,0220	-12,8124
10,6750	-0,8192
6,9396	3,8992
10,3474	-10,2564
-3,2840	10,3875
4,2525	-5,6690
-1,7769	0,9505
-6,5610	14,1884
-2,6944	-5,0791
-10,3621	-3,7027
-2,8254	0,1637
-13,9667	-8,7490
-8,5271	9,0112
-15,6707	-4,8825
-15,9328	-3,2437
-13,7047	17,0066
-12,6561	2,1300
-18,6853	14,3855
-4,7915	31,4902
0,8446	10,5844
4,3836	18,1212
11,9860	20,0870
9,7576	7,3731
1,6313	24,6743
-1,3181	-4,6858
-4,7259	5,2759
-16,1948	17,1375
-1,5147	-5,7344
-4,2673	-3,4405
1,3689	-2,7198