11,4959	-0,0262
-3,6428	-4,4826
4,1560	-3,3684
-3,8393	4,2991
1,1414	2,4642
1,6657	0,9568
3,7628	1,6777
-0,4969	-6,9075
5,4013	-2,7787
7,4329	-7,1697
4,0250	-4,7447
2,2556	3,9714
0,2239	-0,7471
-0,1038	0,4327
-4,1016	13,9986
-5,4779	12,4256
-11,6383	9,2145
-8,0994	7,3795
-11,8350	2,6611
-3,9053	14,5885
-15,6362	14,5884
-16,9468	7,2486
-13,0146	18,5206
-14,3909	10,8529
-10,6550	8,6902
-4,6914	5,9376
-3,5116	2,8575
-5,6744	10,1974
-1,8733	3,4472
-9,2135	3,1853
-6,5264	17,7342
-8,3615	6,0688
3,5005	7,0519
-5,5434	10,1320
1,8623	6,6585
2,7797	2,9228
5,0079	-13,5922
-5,0845	-10,3810
-5,0191	-8,2839
-9,0822	-11,1676
-5,4778	-18,9662
-14,8494	-5,5968
-15,6359	-0,2229
-14,8495	8,5590
-15,1773	-0,8126
-9,7378	5,3480
-9,9345	18,1274
-2,3322	4,6269
0,0926	-0,1570
7,2361	3,5783
4,5493	3,9060
10,7751	-2,4511
6,7120	-1,0748
6,4497	-0,8126
-7,9024	3,3816
5,4013	-6,0555
-3,0528	-4,1550
-5,1500	-3,2376
-3,6427	-3,2376
-10,8517	-8,4150
-5,8054	-13,3301
-7,9027	-8,4805
-2,5943	-2,5824
-7,2474	-17,0657
0,2237	-14,9685
-10,3276	-9,6602
-0,4973	-20,2115
-13,4080	-12,6748
-18,9785	-13,4613
-26,1219	-13,9200
-27,6949	2,2675
-30,1197	0,1703
-31,6926	-0,2226
-28,3501	16,3580
-24,0903	10,0665
-19,7648	9,0836
-17,2090	14,6541
-8,8202	11,1806
-9,4102	10,4596
-2,7253	-2,3854
-4,8880	-5,0068
8,2192	2,2019
-0,5626	-10,9053
11,8892	-7,3662
2,1901	6,9860
14,9040	-2,5167
11,2997	-4,7448
9,2680	-6,1867
8,6128	-11,7573
9,7923	-7,4320
2,3212	-10,0534
-0,8902	-9,1357
4,0251	5,1512
7,3019	13,2776
20,6057	5,4134
20,6714	3,0541
39,2182	10,2631
34,5652	4,1682
44,5923	2,5298
37,8421	-1,2055
33,2546	19,8314
31,3541	16,9477
34,1064	18,6518
25,1936	29,5308
32,3369	32,0212
24,8659	32,6767
19,4919	34,3151
22,9655	33,8565
22,6376	47,5535
24,4726	42,5727
10,5133	35,1018
16,1494	43,3593
5,7944	41,1309
2,9108	42,6383
-14,6530	25,9266
-16,3571	29,4000
-34,4451	30,2517
-36,3458	16,0960
-46,2418	21,7322
-56,2034	20,7490
-65,7061	20,0281
-71,1458	13,6055
-74,0949	1,2192
-84,6465	-9,2667
-84,4498	-13,2647
-92,0522	-29,3867
-92,6420	-36,9234
-89,6930	-38,7587
-78,4209	-53,4388
-88,3822	-60,1235
-69,0490	-67,6604
-72,6534	-78,2117
-53,5823	-80,8334
-59,9391	-101,6083
-46,8318	-99,9045
-39,4260	-99,6426
-30,1855	-114,5849
-31,0371	-125,0050
-21,2723	-117,0753
-10,7863	-117,2064
-9,9344	-112,0946
4,2217	-109,5387
8,6781	-109,0797
26,1108	-90,8608
27,8148	-93,8752
38,3008	-86,4039
45,7064	-66,0876
60,1244	-61,6967
56,9789	-49,9000
68,7099	-42,9530
69,9552	-30,9596
71,3971	-6,9734
77,9509	-8,2839
81,6208	2,0711
79,9171	24,2222
84,6356	17,0788
85,2910	18,3898
78,8028	33,3320
79,5238	30,9072
80,1790	40,4756
71,9214	44,7354
69,6278	38,1820
81,0308	40,9344
67,4649	39,6236
68,3822	20,4216
51,9982	25,2712
43,8716	16,0305
28,4049	12,5569
10,3169	-1,9267
2,4524	-12,7402
-10,8518	-17,9179
-28,4811	-44,9189
-48,6664	-58,9438
-58,8248	-72,2479
-90,4135	-88,8288
-100,9651	-110,0627
-131,6365	-136,2774
-145,5960	-156,9215
-174,1045	-179,8596
-181,7725	-211,3829
-208,6425	-242,9061
-218,2110	-273,5776
-240,6899	-311,7857
-246,7851	-357,2680
-269,7228	-383,6140
-278,1771	-415,5961
-287,3523	-438,5342
-294,2992	-477,2664
-288,6631	-500,0077
-285,5830	-522,5526
-271,5581	-549,3572
-261,1379	-570,9188
-243,3118	-592,2839
-225,6169	-605,0637
-204,1209	-618,0401
-193,3071	-631,9338
-161,5874	-631,5407
-152,1499	-630,4267
-128,2945	-630,1645
-118,0704	-622,7589
-92,7077	-615,3533
-84,7120	-602,2458
-63,4125	-581,8639
-40,2125	-565,2830
-20,3550	-533,6942
-2,7911	-508,2659
2,6487	-488,5391
20,9990	-454,5255
19,8194	-424,0510
41,7085	-396,6566
39,6769	-367,4925
39,4149	-330,0710
44,0026	-297,8267
50,0973	-253,9169
43,4784	-224,2286
44,9857	-199,1932
41,0537	-162,4926
42,1676	-139,7513
33,7135	-119,2382
21,0649	-94,3341
23,2274	-76,9669
7,6952	-52,1938
1,9280	-39,8072
-10,4587	-20,2116
-14,7840	7,9690
-22,9763	18,7826
-28,7436	22,5841
-37,5910	42,8349
-38,2465	50,3062
-42,2442	60,9231
-42,4408	63,8068
-48,4701	66,4284
-49,7153	74,6203
-58,0384	65,9695
-66,3616	59,4816
-75,2090	71,9989
-80,5831	70,1637
-85,4330	57,2532
-94,6736	46,4398
-88,3823	43,3594
-90,8071	40,5411
-84,8433	20,8146
-91,7245	0,6294
-85,8262	1,8744
-89,7585	-19,6873
-84,5156	-30,1076
-96,1155	-40,6590
-92,0522	-48,3268
-81,6319	-51,4728
-74,8818	-68,3812
-69,4420	-78,9326
-57,5143	-88,3700
-49,6497	-95,9070
-23,5007	-112,8154
-9,3447	-123,8911
-8,8858	-127,4957
9,9232	-128,1512
8,6779	-138,9646
11,0373	-131,8866
3,0420	-117,3377
14,9040	-121,2041
17,1323	-112,6187
23,2928	-95,3827
21,8511	-89,0911
26,3732	-77,1634
31,0264	-74,6730
37,8421	-62,4175
38,3665	-44,0674
42,2331	-52,9146
42,6265	-40,7902
41,5778	-32,9258
59,0760	-22,5710
49,8354	-16,2795
62,5495	-18,9008
63,7291	-12,5437
62,9425	4,9543
44,5926	-4,0241
48,6556	9,6733
29,7813	24,1567
27,7495	29,7931
23,1619	35,5604
10,3822	42,8351
-4,4288	55,2869
1,0105	51,4202
-7,1816	43,8837
-17,0122	41,1312
-16,4224	47,3569
-21,5999	35,2983
-24,6147	34,1842
-23,5662	27,0406
-25,4012	23,1739
-24,4836	24,4846
-12,5561	12,0328
-15,3085	20,2248
-1,0871	21,7321
-5,8055	20,5525
-6,0020	26,5163
2,6488	20,9457
-2,0043	27,9581
-2,5941	20,2903
-8,4269	20,6836
-10,1964	14,5232
-19,7649	25,9918
-14,9152	8,7558
-23,8938	5,0203
-14,1289	5,3479
-17,9300	-2,7132
-2,3324	-6,1211
-6,7887	-12,2817
-0,1695	-22,3086
1,7313	-15,9518
9,9888	-25,0613
6,1223	-26,8306
14,9697	-12,6750
14,1834	-16,4761
16,0184	-17,0003
13,5281	-10,6432
9,3993	-4,1552
14,9698	-3,0408
9,5957	1,6779
24,2103	12,3604
11,1685	23,1081
23,8171	6,4621
18,2463	8,4283
17,2634	14,8506
16,0838	12,8190
10,7752	10,5909
1,4693	11,4427
7,7606	8,8214
-4,1014	16,7511
-7,4438	5,1512
-2,8563	-2,4509
-3,2495	-0,1573
5,0081	-5,0725
5,2701	-6,1868
1,6003	-15,6895
3,7628	-19,0973
1,5346	0,1701
-1,1525	-14,0513
1,6001	-9,6601
0,4204	-2,2547
4,6148	-6,7111
8,2848	-10,7741
10,3819	-3,1066
9,0059	-16,4759
2,4523	-4,6140
5,2704	-22,8987
-1,0213	-20,3426
-2,0698	-20,4082
-10,4586	-10,7090
-4,1671	-18,7042
-12,6870	-6,3833
-11,9005	-6,1212
-17,1434	11,0492
-8,1650	-2,1235
-7,8373	-0,7470
-6,3955	10,6561
-6,3299	3,6437
-1,0871	1,2191
-10,5895	-2,7786
-1,6768	3,1850
-7,5094	2,2019
-6,8541	-9,1358
-7,0506	-10,7742
-6,7886	-7,3664
-3,9049	-15,9516
-10,9173	-11,1019
-5,5434	-0,1574
-6,5265	0,6290
-2,2667	-2,1234
-3,1187	-0,8126
6,4497	5,0201
-5,2156	3,7092
16,6079	-6,3178
1,4692	-4,0239
20,8680	6,3962
19,0985	-4,4828
15,5596	-8,0871
15,0355	2,2675
12,6105	0,6946
19,4262	6,0031
2,5178	-4,8105
7,1709	-11,7571
-0,0383	1,8742
7,1052	-7,2354
-2,7909	-20,2769
7,6295	-10,7742
5,7944	-4,1552
9,8577	-9,3980
12,6758	-9,4633
14,8385	1,9399
10,0544	5,6753
12,5448	-7,8250
6,5811	-9,4634
6,9087	-8,3494
-1,9386	-11,5607
0,1585	-5,0727
6,1222	-10,9054
-2,7907	-9,5945
4,6804	-1,0094
-3,0529	-6,6454
0,8793	-2,3854
-7,5095	3,3161
0,6168	5,7410
-18,8474	9,0178
-5,7401	2,5298
-14,7841	7,5761
-5,1502	8,6246
-6,0021	3,9716
-5,2812	4,2338
-5,9365	9,3454
-2,0699	-3,8929
-3,9049	-11,6917
-10,8517	-10,2499
-1,4145	-17,3279
-9,4756	-5,5970
-0,6936	-19,2940
4,4836	-15,7549
13,5932	-1,5993
2,7143	-10,7088
11,0374	-11,3640
1,7969	2,7263
9,9232	-1,8614
-1,6111	-2,0579
0,6826	-6,7109
-3,7082	-15,6893
5,7946	-3,0410
9,9890	-18,5076
15,8871	-19,0974
9,5302	-12,4128
5,5980	-17,2625
3,8285	-9,2670
2,0589	-11,1019
4,8114	-2,9753
-2,9874	-2,3200
5,2701	-2,5822
-2,4632	-13,8544
4,6146	-9,9223
-5,0190	-12,2161
2,1899	-16,4104
-4,1015	-17,7866
-8,4270	-17,3934
-9,9996	-5,4659
-1,6112	-10,0534
-5,0845	-9,3324
-5,2811	0,4324
-4,9533	-4,0896
1,4690	-15,4928
0,0928	-7,1698
1,3380	-10,5122
2,9109	-12,0194
8,0227	-8,9394
10,7751	-18,2454
-3,3150	-9,6602
4,6148	-13,1992
-2,1355	-20,2771
-8,4270	-12,0196
-16,6845	-11,4954
-13,5388	-18,9663
-17,0122	-15,6894
-2,9875	-2,6477
-13,1456	4,0369
-6,8540	-3,5651
-4,1671	3,5129
-3,1185	6,6584
7,6293	5,8065
-3,6429	0,3015
5,4011	-1,2058
-7,9683	-3,5651
4,4837	7,2483
0,2893	-0,6816
-4,3636	-1,7300
-1,9387	4,4957
0,3550	-3,6962
-0,4314	-0,2228
-9,7375	4,0370
-1,2178	1,4156
-7,8371	3,4472
0,6172	-0,6816
-1,6112	-2,6476
-5,4778	1,9397
-9,8687	-7,2353
-1,7423	-5,6623
-5,0193	0,6946
-8,0340	2,3329
-19,6992	-12,4780
-6,1990	-11,5605
-18,1265	-9,9877
-12,9492	0,1702
-23,1072	-11,6263
-26,9739	-13,6577
-16,8158	-5,2037
-23,0418	-5,7280
-24,4178	-12,2815
-14,9807	-12,4125
-20,8133	-3,4342
-14,3908	-1,8614
-2,0047	-12,7404
-7,3785	-9,5944
-0,3006	3,5127
-5,8054	3,7092
7,1707	-5,9899
2,9108	-7,1695
6,3186	2,2676
-5,8054	-2,3856
-0,2349	-7,1041
-4,1670	-15,7549
-5,8709	-10,0535
-4,3636	-20,7358
-3,3806	-20,2114
-6,7229	-12,2162
-1,0870	-1,8615
-8,1648	-3,1722
-6,6576	-10,7086
-4,8226	0,8914
-7,3785	15,8990
8,8744	5,2167
2,1898	3,9718
7,1052	11,7049
11,1686	9,8699
16,0182	9,8699
13,3969	6,7897
9,7268	11,1151
12,4794	16,3579
5,3359	10,2631
11,0377	13,6712
9,5301	28,9409
4,6150	20,2246
3,5662	14,5886
3,7629	11,9016
0,0271	9,2801
9,5300	13,6054
12,6102	-3,6962
14,8385	-2,4510
11,4308	5,6098
19,7538	-6,5800
14,8386	-16,4103
3,4352	-6,1866
3,3697	-9,4636
-2,2011	-4,6794
-13,0144	-4,0239
-16,4880	-1,4024
-7,5094	12,6878
-10,7864	12,3602
-2,7908	15,1783
-3,8395	17,6687
4,6803	20,2247
-3,9050	17,8654
7,1706	11,7706
-9,0169	13,4090
-3,0530	22,1906
-9,0169	9,4111
-5,2814	8,0349
-15,1116	9,8697
-6,3298	5,4788
-9,8031	-2,7132
2,7797	-6,1210
-6,2642	1,2845
-8,6235	9,3454
0,2238	-2,3200
-10,9174	-1,9266
-3,7083	16,7511
-3,2497	6,5274
9,7265	6,5276
7,3016	14,0642
-4,1015	8,3626
-3,3807	12,6224
2,3864	10,7218
-10,7863	11,3116
-2,5942	9,4766
-10,7862	15,2437
-10,5896	2,8575
-10,4584	-0,4192
-13,2111	7,6416
-7,4438	1,8088
-6,6576	-4,8103
-7,0507	-1,8612
-9,3446	4,8889
0,0926	-5,2690
-7,5752	-2,0577
5,0734	1,7433
-3,9051	3,6439
6,1875	8,4937
-5,8711	12,4914
-1,4802	17,8000
-12,1625	28,8098
-6,5265	5,4136
-14,8495	5,2171
-12,6868	14,3918
-11,7693	6,7895
-9,9343	1,2189
-5,4122	-11,4295
-7,6406	-5,8590
-6,0676	-6,1869
-18,1264	-23,8160
-8,0339	-23,7502
-18,4543	-5,1383
-15,9639	-16,2794
-22,5830	-14,5098
-9,0170	-17,1968
-8,8203	-9,9222
2,8453	-7,6941
1,7313	-8,0218
9,5301	-20,9323
12,4793	-6,1868
8,1540	-21,0636
16,1494	-28,2724
3,3043	-17,3279
15,1663	-9,1359
11,4961	-6,1867
13,8555	1,4156
5,4668	8,0348
18,3776	20,7488
18,9673	15,2438
22,9650	9,8701
13,9867	27,6303
16,6736	19,1106
10,5133	16,6202
8,8091	9,7389
-2,9873	8,6247
-8,4269	9,8042
-9,0822	-3,1065
-13,0800	-11,1672
-6,6574	0,3669
-13,8009	-7,2354
-0,6281	-9,8566
-7,7061	-9,4636
0,1582	-6,7765
-7,7716	-6,2523
-2,0045	-9,0702
-5,4778	-4,3517
1,7311	-4,1552
-2,2665	-16,4104
0,6825	-15,4273
-14,3905	-8,2185
3,7628	-8,2839
-5,7399	-4,8105
-9,2789	-4,5482
-14,7839	0,4981
-9,4101	8,8211
-6,5920	5,4788
-11,1141	1,7434
0,0927	11,6393
-9,4101	8,4935
-0,8248	10,5253
-13,4734	7,0519
-9,4101	3,5786
-19,1750	18,0619
-10,5899	5,9377
-18,3886	7,3141
-12,2937	7,1829
-7,6406	9,2145
-10,3276	3,3162
-8,2958	7,4449
-15,8326	-2,1235
-11,8348	-3,1065
-14,0633	-1,5991
-12,8835	2,5953
-13,3423	9,0179
0,0271	10,5907
-2,9219	6,5276
14,5108	8,2315
15,2973	8,2314
17,0668	1,1533
8,8094	-11,9538
11,1686	-7,8250
0,3552	3,6436
2,3866	-12,0195
-4,2325	-18,1797
-6,0020	-3,0410
-3,0529	-4,6794
-14,9150	-3,7618
-3,1186	-6,6453
-20,0926	-1,4679
-17,5366	4,7578
-17,7334	-8,6769
-16,4882	-0,6159
-12,6216	11,7703
-4,8882	14,3263
-9,7378	13,8678
-0,7594	20,4213
-8,8202	17,9965
-4,7570	20,2901
-10,2620	3,7749
-11,7037	-8,4802
-8,6890	4,0370
-10,9828	-8,7425
-6,5918	1,7433
-9,8032	0,0392
-5,2810	-2,2545
-7,7060	-3,4996
5,7943	-3,7618
-10,2620	-5,2691
-1,8734	1,0878
-7,8373	-1,2715
-4,8226	-4,2205
-8,4270	0,0393
-5,1502	-1,1404
-8,5580	0,4980
-4,6259	-8,6770
-9,2788	-4,0894
-14,1286	2,4641
-9,7375	-2,8443
-10,7208	-1,5336
-11,2450	-1,6647
-11,6383	-7,1041
-4,9536	-3,3031
-6,8542	-7,7595
5,4011	-3,4341
5,4666	4,4957
7,3673	-4,2861
9,2679	-0,7470
13,3312	2,7263
9,9888	6,0686
11,2995	7,3139
6,5810	4,1682
4,0906	7,0519
1,4037	12,0325
-1,4798	3,0541
3,5664	0,0394
-2,2665	6,1342
1,4037	-1,1404
-0,6281	-2,3854
4,9425	3,3817
1,2725	2,7919
13,8554	7,7727
6,0566	-0,5504
13,5277	10,1320
2,5177	10,2630
7,8262	8,2969
2,3867	0,0394
3,3043	-1,5335
3,2387	-4,4172
-0,3004	-1,4681
-1,4144	-9,4635
-3,2496	-8,6114
-7,8370	11,1804
-8,1648	4,6923
-10,3276	0,8915
-16,1603	12,2290
-8,0993	-3,1720
-3,5119	-11,2984
2,7796	-14,5754
-1,6768	-12,7404
8,3504	-10,6433
7,4330	-16,2137
19,5571	-12,2158
4,0907	6,9859
4,0252	-2,9755
2,1900	-11,7572
-8,1648	-7,0387
-14,0629	-2,8445
-10,3275	-1,4682
-6,9851	-11,2984
-8,2303	2,3330
-0,1039	1,1534
0,3549	-1,4680
5,1389	-4,6792
1,2068	-3,7618
-4,3638	-4,1550
-9,4100	-6,8420
1,8621	-1,7958
-4,6914	-8,5459
2,1244	0,0392
3,3043	-6,1213
8,6782	-11,6917
10,1857	-4,2862
10,3823	-1,7304
15,6252	-13,3303
12,2828	-13,1990
15,8873	-9,2669
8,7437	-3,3688
11,3651	-12,7403
4,6803	-2,9098
4,6146	-2,5166
-12,4247	0,7603
-5,8712	0,3015
-16,8157	3,9060
-5,9367	-1,7301
-12,6869	7,1173
-11,9660	-4,6792
-13,3422	-3,9582
-14,0632	10,2630
-15,8326	-1,2715
-17,6677	-9,2667
-9,4756	-4,8760
-13,8666	-13,2645
-1,5457	-4,1551
-5,1503	-7,8251
10,5130	-14,9684
8,9401	2,3330
10,8408	-9,2669
17,6566	-14,7718
15,6248	-9,9222
8,9403	-9,5945
3,5008	3,9713
5,3359	-12,2160
1,1415	-3,2374
0,8795	3,1195
2,1901	-3,8274
1,9936	-6,7109
7,1053	-1,3370
9,0059	-1,2059
2,9765	-0,4195
15,1006	-8,0216
2,5175	-0,2883
4,2870	-6,3178
-8,8202	-8,6115
-0,3662	-9,0703
-13,2767	-1,2060
1,5344	-2,4512
-2,0044	-8,0216
-0,0383	-2,9098
-2,3974	-0,4850
0,7483	-3,3031
2,2556	-5,0070
1,9279	-4,6137
5,5324	3,6437
1,7968	-0,8782
8,0227	-8,0872
9,1367	-2,7787
11,9548	-5,9901
9,0057	-1,9924
14,3797	-3,8275
8,1538	-4,4172
9,8578	0,5634
4,2218	-12,4126
13,7243	-7,6939
-1,6110	-0,5506
4,8115	-3,8929
-2,7906	-0,0918
2,8454	-2,5821
3,6319	1,8744
9,4645	2,4642
14,5764	6,2653
11,5618	0,3016
16,4114	8,8869
0,3551	9,1489
-2,4631	2,5954
-1,0214	-0,2227
-2,3323	4,1680
-2,0700	-5,4003
-2,3321	-14,5753
0,8138	-23,1605
0,4206	-19,8185
-1,6110	-29,0591
-4,6259	-32,9912
-16,4878	-23,2263
-15,8327	-21,8500
-23,0416	-4,0242
-25,7287	-13,1337
-15,8983	-15,2307
-19,2407	-4,6140
-14,0633	-15,2964
-4,3639	-22,6364
6,7772	-19,5561
-1,0214	-12,3473
6,8430	-13,4613
1,6001	-9,5946
0,8137	-11,3640
-3,5116	6,5928
-2,3975	-3,6964
3,5008	-15,2305
2,0590	0,7602
6,3189	-0,9438
2,9109	4,3647
9,3335	3,3163
1,5345	11,7049
11,6271	9,3456
2,5175	7,4450
8,5469	8,0349
8,2192	5,0201
14,3141	2,5953
7,6951	-0,6160
11,4306	-4,7447
3,7630	-0,0917
3,5007	2,7919
-4,0358	6,6584
-7,3782	-4,1550
1,3381	5,8720
-9,5410	-4,5483
-2,3975	-6,9075
-12,0314	-1,7956
3,1729	2,1365
-12,3592	9,4766
0,7481	9,2800
-2,3976	2,9886
12,0203	15,3749
4,0905	1,8743
4,2215	-2,0576
-7,2471	0,6947
-2,1355	-0,6161
-11,8348	-9,3980
-10,5897	-4,2862
-9,6722	-4,5483
-13,4733	3,6437
-13,4077	2,1365
-16,4880	4,5614
-14,1941	10,9185
-12,2282	15,0472
-5,0847	11,3773
-7,7717	9,6733
-0,9560	10,9840
-9,0824	9,8044
-2,7909	5,4790
-6,4610	3,2507
1,3378	2,3330
-7,4438	-7,4319
1,4035	-14,9029
0,2895	-11,1674
0,0272	-6,5799
-11,5070	-7,9561
-13,7354	-7,3663
-19,6991	-3,3685
-14,0631	-0,2885
-10,3277	-3,4342
-17,2089	-7,4319
-7,2474	-6,9075
-9,8688	-7,0387
8,6123	-10,0534
1,0102	-11,4952
7,2362	-12,2161
-2,0699	2,5950
1,6656	-3,4997
-9,5410	-4,2205
-14,0631	6,0686
-8,6891	-0,0262
-8,3614	-5,6623
-2,3320	-5,7934
-3,7083	-5,4659
-2,3319	-10,3156
5,1390	-22,0465
-1,0868	-20,2770
-0,3659	-14,5755
11,1683	-21,5879
-2,8564	-14,3788
6,2531	-11,4297
-9,7377	-6,1212
0,5513	1,4812
-17,2745	4,8236
-13,9977	12,8191
-24,8765	24,6155
-14,2598	11,1151
-13,8010	12,8846
-18,3886	15,7681
-19,8302	11,9014
-13,8666	10,6563
-5,7401	0,8259
-5,8056	3,0542
6,9084	13,5397
5,5322	-1,2059
8,6779	-0,3538
-3,9706	4,4303
1,0757	11,3771
-14,7840	7,6416
-11,5728	5,2168
-11,2450	0,4326
-10,7208	11,0493
-12,6867	-3,6308
-2,2665	-7,5629
-7,2471	0,7602
5,1391	-6,3832
4,6149	-1,6646
5,2701	-2,5167
8,2849	-6,3832
-0,0381	-3,5653
16,7391	-16,9347
0,6826	-23,6848
3,4352	-9,5293
3,2385	-15,3620
-0,2350	-18,3765
-6,9852	-11,4296
-4,1016	-8,4804
-13,2766	-3,1721
-13,6044	-12,6747
-22,4517	-6,1865
-23,1072	6,5928
-23,9590	-1,0748
-18,1265	-2,3198
-12,4248	7,8382
-1,6769	4,2992
6,1876	-1,3369
5,4668	-4,2861
18,6396	-9,9223
16,0837	-12,6748
20,8678	-21,1945
7,3019	-17,5900
10,8408	-7,4320
-9,0167	5,0199
-9,9997	7,9692
-13,6042	14,7195
-9,5412	26,3195
-18,5195	33,0696
-17,9953	12,4915
-12,9490	10,5910
-11,2452	7,7727
-9,1480	-8,5458
-13,8010	-8,4803
-4,5605	-10,1188
-16,9468	-10,1189
-5,1503	-10,7742
-14,9807	-11,5607
-9,1479	-7,4973
-8,6237	3,6436
-2,2012	-9,7257
-13,8665	-20,3423
-16,6845	-8,0218
-12,1625	-18,3111
-16,2258	-20,5392
-13,0800	-17,5900
-13,4735	-10,5121
-17,9298	4,3646
-27,3671	-0,2229
-22,7795	-0,2881
-22,6486	16,2268
-18,5198	13,2778
-20,6169	11,2462
-7,5097	8,7558
-11,5728	5,9377
-2,9876	4,7580
-10,1965	-3,8929
-7,7061	-12,0194
-9,7377	-9,7258
-10,5897	-19,6872
-9,1477	-10,2500
-6,0676	-7,6941
1,6657	-8,4805
4,6803	0,3014
-0,6935	-8,2184
6,5808	-7,7594
5,5322	5,6752
-6,4609	-6,3178
1,2724	-2,8443
-7,6406	2,8573
3,3039	0,2360
-3,1841	6,4618
7,1706	-2,3198
-7,0505	4,4304
3,2386	14,1296
2,4522	7,7727
3,8939	3,3818
4,2217	10,5252
0,3551	10,7216
8,7437	4,2992
-0,7592	-7,2351
-3,8393	0,1050
-6,5919	13,4086
-1,6112	4,0370
1,4034	-6,1865
5,6632	8,0348
2,5176	7,0516
8,1538	-7,0385
4,0905	-0,9437
0,0273	-11,3641
-1,4143	-5,6624
-2,3320	-8,8082
5,5980	-9,0047
2,4522	6,6584
6,5156	10,7215
6,1878	-0,2227
11,7584	5,5445
9,2024	6,0032
13,4622	1,6121
4,6148	-14,5098
10,3820	-19,1628
4,5491	-20,4738
-3,3807	-27,4206
-7,5094	-21,1947
-2,4633	-21,5878
-17,6021	-13,7234
-16,0948	-2,0580
-21,4032	-2,7788
-21,0756	3,5130
-12,9490	22,8459
-14,5876	8,9524
-7,2473	8,6249
-3,3152	14,8506
8,5470	7,5105
5,4667	-1,0747
0,2894	-2,9753
-6,8541	-1,2057
-9,5411	17,4063
-13,8010	4,7579
-7,8373	8,4937
-14,9152	12,6879
-15,2429	0,9570
-15,1773	-2,4509
-18,6508	0,4325
-17,6675	1,6777
-9,8033	2,0709
-5,1501	2,0709
-2,6597	-3,8927
-0,8902	7,7726
-8,1648	2,0709
-1,6112	-1,2713
-7,3784	12,2947
3,9592	15,3093
-3,1186	14,7851
4,4836	6,7898
-0,6936	12,6881
-2,3320	20,2245
2,2557	8,4935
6,0565	3,8405
-4,6912	3,9059
-2,7908	-2,4510
-3,0528	1,0878
-2,7252	-1,1403
1,8623	3,9060
-1,8078	14,0641
7,0396	15,0472
7,0395	15,4407
11,1028	31,6280
9,8576	24,6155
12,0859	15,7028
-1,4800	11,0497
2,7142	11,9016
-3,7740	14,5883
-13,9977	-0,9436
-18,5195	-2,5819
-17,9953	7,7726
-14,7185	6,9862
-18,3886	4,1682
-18,8471	6,1998
-11,4418	-1,6644
-12,4248	5,7411
-12,7525	1,3501
-3,7085	-2,9096
-8,1649	8,5589
5,0733	-4,8760
-8,2960	-9,9877
-0,2350	-5,0069
-6,9197	3,1194
-3,3808	5,4787
-14,5218	-2,9098
-11,9661	3,4473
-19,6992	11,6392
-16,5537	2,9228
-23,8281	-2,6475
-24,4180	7,1828
-24,8111	1,6122
-22,7796	-1,7302
-19,6338	-5,5313
-15,8328	-8,6770
-9,8689	-1,0095
-9,9344	-9,5948
2,2553	-12,9369
1,0103	-6,9075
8,8090	-5,1382
5,8601	-8,6116
16,9356	-11,2330
7,2364	-5,7935
1,1415	1,8742
3,5664	-9,7913
-0,8247	-12,9368
-3,1184	-3,8930
-3,1840	-5,7936
1,2724	-9,1358
-7,3784	-2,3201
-6,5920	0,4980
-14,2597	-1,4681
1,9931	-5,1381
-8,6238	-2,9098
-3,3807	4,9546
-8,7547	-1,1403
-4,4948	5,0857
-12,0970	13,6708
-10,4587	3,5128
-10,9828	6,7242
-5,8711	9,3455
-3,6426	6,3965
6,5154	17,4064
7,7607	10,3284
1,0760	2,0711
10,0544	7,3794
3,1074	7,4450
3,2384	0,9569
-7,2473	0,5638
-1,2835	3,6439
2,0587	3,3816
8,6124	-3,1065
0,6826	-12,4782
1,0758	-10,0535
-2,3975	-23,2918
-7,9683	-22,8985
-17,7330	-17,1314
-17,4710	-14,1821
-18,5852	1,4155
-25,2043	5,9376
-9,0168	9,2146
-14,0632	24,0912
1,0757	19,3071
-5,1502	18,7173
3,8938	14,3919
-3,3152	13,9331
-1,3491	6,0687
-10,6554	3,1195
-10,5244	-6,9074
-19,2406	8,8211
-16,6848	-6,9077
-19,9614	-11,2327
-14,7185	3,5127
-9,4754	-3,4341
-6,4608	1,4811
-2,6596	-5,3348
-7,9026	-4,9414
-5,8709	0,3668
-1,1524	-10,7742
2,2554	-0,5505
-3,8393	2,0052
8,1537	1,1534
-0,2348	-2,5167
8,2848	-2,2544
3,3697	0,7601
6,0566	2,5953
8,3504	-0,2883
8,4159	-1,5989
3,6319	12,0325
2,9765	2,9885
6,7122	-7,6283
9,9887	0,9569
4,0906	-1,7301
1,5346	-4,4171
4,4837	-0,6817
0,6825	-8,0216
5,0734	-5,2036
-3,5119	-2,3856
1,4688	-8,8735
-11,3106	-2,9753
-1,2180	1,4155
-6,0677	6,0685
-5,0847	1,6122
-3,2496	2,3332
-3,6429	18,1929
-9,9997	7,5105
-7,8370	8,7560
-4,0359	21,1420
-5,4123	15,7026
1,3379	15,5061
0,5515	18,3242
8,6125	13,2779
11,4960	20,0281
18,4430	7,0518
9,0058	1,1538
7,7606	15,9646
6,1222	1,7432
-2,5286	-3,5650
-6,3952	5,3477
-4,5603	3,9059
-10,0654	1,6122
-6,8541	-0,0262
-10,3275	0,0395
-6,0677	16,4234
-10,9829	16,7510
-7,9682	10,7876
-2,2666	17,5378
-2,9220	17,2101
2,3210	22,7806
1,4034	16,1614
7,8260	6,0690
-1,0869	12,6879
9,2023	-6,3831
-1,4801	-3,4339
-10,3930	-3,3030
-19,6990	-0,0263
-20,7479	-7,3662
-22,1241	2,7263
-28,9399	5,1511
-16,4224	10,1975
-0,1696	2,0055
3,3040	7,7072
4,6149	8,6247
17,0668	10,5251
8,8748	4,4959
19,6883	6,7896
10,3820	15,9646
4,6804	8,6246
3,1075	4,6270
1,8622	8,1004
-4,0359	17,7997
3,4352	12,9500
4,0252	10,4598
6,0568	16,1614
11,8896	12,0981
15,4284	15,8991
19,8195	4,8891
7,3675	-0,4848
11,8895	10,3285
3,8939	-0,4850
3,8283	-13,1333
-7,4440	0,7602
-3,5774	-11,0366
-11,7039	-12,6093
-13,0147	-17,2624
-15,0463	-14,1166
-15,7672	3,8402
-12,6868	-1,6648
-17,1434	4,5615
-12,0969	16,8166
-14,9151	12,5568
-10,3929	12,4258
-11,3106	6,1998
-0,8903	-0,5504
-1,8078	8,7556
1,9277	4,8234
-4,5603	-3,3684
8,6125	7,8381
3,4350	0,8913
6,4498	1,2847
-5,9365	-2,4508
5,5977	5,6757
-6,6576	18,1928
-8,6236	3,2507
-13,4732	4,8893
-5,2813	19,9624
-4,6914	13,3432
-2,5942	0,4983
1,2071	14,8506
7,4984	-0,0262
12,6757	5,0202
1,0103	0,5635
10,7751	-5,4002
-1,4147	3,3816
5,2700	-12,5437
-6,8541	-9,4633
3,8283	3,4471
-2,9220	-2,1891
-1,8077	-5,0070
-0,0382	-11,4951
7,6295	-7,5629
2,7799	-3,7618
-1,8076	-5,0726
-3,4460	-6,5144
-10,7863	2,8573
-11,8348	1,5466
-9,7379	0,4981
-3,5775	-4,8759
-11,6384	-2,3200
-5,4124	4,0370
-6,7885	-4,0240
1,7310	-12,8056
-10,5898	2,0709
-7,0508	-4,3517
-18,8473	-7,1041
-10,1965	-8,8080
-13,3422	6,2652
-13,4733	4,4301
-12,5558	-10,0531
-10,3931	5,3479
-5,6744	1,4810
-0,4317	-3,1064
-5,3468	-2,7787
-3,5118	4,6268
-3,2497	1,7432
-3,7085	-3,1718
-11,9661	0,3671
-20,5513	1,4157
-20,6825	6,7241
-24,3526	5,4790
-29,2678	10,7875
-27,2360	16,0303
-18,5198	10,9840
-16,8156	8,2315
-6,1987	-2,2544
2,1244	-5,5312
-1,4801	0,1047
-7,4437	-6,8423
-1,1524	-10,5776
5,3356	-4,2207
2,5174	-5,8591
1,7967	-11,5605
4,4837	1,1535
13,1999	2,3331
8,2847	3,0539
2,1900	-1,6646
3,0420	-7,9560
4,1559	9,8697
-7,7060	-1,6647
-13,4732	0,8914
-11,3759	1,2190
-9,0168	3,5785
-10,1963	8,0348
-7,9026	6,6586
-2,4631	2,2678
-8,6236	14,9817
-5,8711	-1,9267
-10,1310	-4,4825
-5,0193	3,0540
-14,3254	2,9228
-7,5751	3,7750
-5,6745	-2,9752
2,7796	14,4575
1,0105	16,2268
14,1831	5,8067
7,1710	4,3649
9,7268	7,5106
2,4524	11,1150
2,7799	10,7873
-2,7251	5,7412
-6,0020	12,0325
-0,1693	9,1489
-5,1501	-1,2712
-0,7592	1,9401
-6,7886	12,2291
-3,9705	1,8743
-8,8202	1,6779
-10,5243	3,7095
-20,4202	14,2608
-18,1920	13,0811
-19,4372	10,3942
-19,0441	9,3456
-17,2744	15,1782
-10,8520	0,6947
-7,0506	-6,1865
-4,1671	-3,4996
4,0249	-7,6939
-5,8711	-9,7912
-6,4609	-14,7064
-10,2621	-20,3426
-8,4271	-20,7360
-13,8665	-28,7314
0,5513	-30,0421
-12,2936	-24,1440
0,8791	-27,9450
-8,5580	-24,8647
-6,9196	-17,1969
-10,9828	-8,1529
-2,7909	-7,5630
-8,8857	-2,5167
-9,0167	-4,2860
-0,1693	4,6269
-3,7739	2,7918
2,7798	0,8913
-2,7253	2,7918
9,5955	5,1512
0,1582	3,0540
6,7774	2,7264
-5,9366	8,2970
-0,4971	11,9014
-7,2473	7,7727
-3,1185	2,7265
-6,9850	6,5930
0,4861	0,3670
-1,8731	-2,4511
-1,8076	-9,5946
3,8283	-11,1674
-10,3929	-0,9439
-1,2179	-9,4636
-2,9219	-9,3979
5,2046	-0,4849
-0,1039	13,9985
6,2532	9,2799
5,4012	8,1005
8,2848	7,7073
5,4669	9,4112
13,2000	4,8235
-0,6935	-1,9921
1,0103	6,4619
-9,5409	1,5466
-4,8880	-0,4849
-8,0336	5,9376
-0,1694	2,2675
1,3380	4,8233
-7,9026	-6,3833
4,0906	-15,2305
-3,4463	-0,5507
6,3187	-4,9417
0,8792	-13,7889
7,1706	-2,3856
-2,8563	-3,1721
7,4984	1,4156
-1,6766	2,9885
1,5345	10,5253
-8,0991	20,7488
-0,7592	16,0958
-12,6211	11,4429
-5,6744	16,9479
-3,2495	12,8845
-3,7739	4,3648
-0,4970	3,3817
-7,1817	-7,0385
4,3527	3,8404
-5,9365	-12,5438
10,9718	-12,2159
-0,7593	-6,7110
7,1051	-18,5077
-6,7230	-18,3108
0,2238	-10,2500
-10,3931	-10,8398
-10,4586	0,6946
-14,2597	2,5297
-14,3253	8,2314
-21,4686	20,4212
-21,4688	15,3093
-17,7987	9,5423
-14,9807	11,1807
-2,3978	4,2993
-4,6258	3,1196
16,0835	-6,7765
10,7752	-7,4318
16,8701	1,2844
12,0860	-0,7472
18,2464	-0,4850
2,8454	7,5105
13,4623	14,7851
2,1245	15,9648
1,3381	14,6541
-7,4437	15,3751
2,1245	13,6054
5,3358	6,3966
5,2047	4,2338
9,2026	5,7409
12,4138	0,0393
26,7007	-5,7279
20,5402	-13,4611
24,3413	-5,5313
6,9087	3,5781
8,8090	-6,7109
-7,0506	0,0395
0,2237	13,5397
-11,9659	0,4981
-6,9197	7,7727
-15,8980	4,4303
-13,9320	4,1683
-18,9782	18,5860
-11,6384	7,3139
-18,9128	11,1151
-19,6339	18,8482
-22,4519	9,3454
-22,3210	0,6294
-17,0125	6,5931
-18,7820	8,1659
-8,4271	7,7071
-2,5944	3,6439
1,3378	1,8746
-1,9389	12,8844
-0,8248	5,8720
-5,4122	-0,6815
-8,2959	0,6292
-8,6889	0,1049
-7,9682	3,1849
-4,4947	-11,8882
-10,1309	-1,3369
0,3549	1,2188
-6,1333	-7,3008
-2,2010	-7,3663
-6,7230	-1,9268
3,5661	4,1681
-5,1501	3,4473
13,0688	10,5253
4,2870	19,0451
10,1855	26,0573
15,3629	13,6055
24,6689	9,1492
12,7416	14,0641
15,7562	7,3793
14,1178	-1,7956
8,6127	-4,4170
5,7292	5,0201
2,7799	11,5735
5,6635	0,3014
2,3865	-2,5165
6,3186	9,2799
-13,8665	4,6922
0,7480	-0,8782
-7,8373	-0,2884
-0,6938	2,5296
-6,0021	2,3329
4,8114	-13,3956
6,1878	-5,4658
7,0398	0,6945
11,3653	-8,2839
12,8726	-14,1820
14,9698	3,0538
12,0862	-3,2376
12,4794	-3,6307
8,2194	4,3646
16,1492	2,5952
10,8407	4,4958
15,9525	-1,2059
6,7120	-11,9536
10,0543	-1,2714
-2,9218	-11,4296
-0,4316	-13,1991
-7,7061	-15,8206
-13,9321	-21,3912
-16,0292	-20,8670
-22,2553	-16,8037
-18,8473	-12,1505
-13,5390	-3,6308
-7,1818	0,2358
-7,8371	-4,7448
5,8602	-0,5505
10,0543	-1,4681
14,7074	-5,4658
6,0567	-5,9245
13,3311	-5,1380
4,9425	13,2120
12,5446	5,7409
-0,8247	2,2677
0,7482	17,5377
5,2703	16,5546
5,6634	17,9965
1,5347	21,0767
-4,4946	18,1276
7,8261	21,7319
-8,2303	13,4088
3,1076	8,8869
-1,2834	13,3432
4,5494	14,1952
5,5323	7,9038
11,1029	10,7220
4,2872	20,4868
11,7583	16,4890
8,3505	2,9887
17,5254	7,3796
7,5641	11,1149
6,7120	-1,6646
1,6659	-6,5798
12,5447	-7,3664
2,9110	-10,4466
4,3528	-3,1066
11,8895	-13,1991
3,1731	-2,5821
7,3675	9,7385
5,2702	-3,1065
6,7775	-1,9266
4,1560	6,6584
6,8430	4,6268
3,5006	-1,2058
12,6756	2,0710
0,4861	1,8088
12,7413	0,4325
6,6466	-3,1720
10,9718	-3,2375
-2,4630	-2,6478
-2,3320	-1,8613
-9,4754	2,3986
-7,6405	6,0031
-10,7862	9,6077
-5,6089	12,9500
-3,9705	6,3309
-9,9998	5,7413
-4,0361	15,3094
-2,4634	16,9477
-12,1626	6,3965
-7,0508	10,4598
-6,2644	12,3602
-11,4416	8,6901
0,4203	-0,8781
-2,7908	2,6609
-2,5942	7,6415
-5,1501	-0,6817
-12,1625	-10,7741
-15,1771	-4,2205
-8,2304	0,6947
-9,4101	10,3284
-8,0994	-7,5627
-3,5773	5,6757
-11,0484	11,5737
-1,2836	-5,4656
-10,0655	-1,1402
-3,1842	-4,1551
-10,5242	-5,1380
-1,8734	-1,4681
3,1074	-3,0409
3,1074	-2,4509
4,9426	10,3940
13,2000	1,5467
6,8433	-2,3199
7,6297	-2,5821
9,2681	-8,9392
11,7584	-14,0510
12,8070	-18,7697
7,6296	-10,8399
12,4139	-3,8277
9,0713	-24,2749
16,6735	-20,5390
1,6001	-12,4128
2,1244	-23,4884
-4,6913	-26,3063
-1,5457	-16,8037
-4,0360	-13,7890
3,1074	-12,1506
-1,2178	-18,6385
2,5833	-7,1041
2,4523	-6,3178
-1,6110	1,4810
9,9233	-4,8759
5,7943	1,0224
9,0058	4,5614
0,8792	17,0132
10,4475	6,0032
4,2215	7,5107
8,8090	15,0473
-7,5095	13,4744
3,4350	5,4135
-6,9853	16,1614
-6,5920	9,6076
-10,3931	-1,9923
-6,2644	-6,9730
-17,4053	-4,9414
2,8454	-4,2863
7,1052	-14,2477
10,0544	-13,0023
6,8432	4,1024
5,8601	-5,9902
8,4159	-4,8759
-6,7229	-1,8613
6,1221	-1,5336
4,8768	1,1534
4,2871	-6,9731
0,4861	-13,1334
12,2170	-4,4172
1,1415	-11,2987
10,5131	-23,6849
4,3529	-19,6217
13,7245	-12,9372
12,2173	-10,4468
15,4284	-19,5561
6,4500	-4,9415
0,6173	5,5442
-1,5455	-0,2229
4,8769	-7,2351
-2,6598	1,8088
5,6633	-4,4826
5,4667	3,9060
4,1562	-5,5968
11,4305	-8,0870
3,5008	6,3961
6,8430	-12,9369
-6,5263	-11,8227
-2,8563	-1,9269
-3,5772	-6,7765
-3,7739	3,5783
-1,4800	-0,2883
-0,8247	6,2654
3,8285	15,6369
1,9278	2,5298
1,7967	8,0349
-3,3151	15,1127
7,7604	9,2801
2,3864	17,2100
3,5661	16,4891
-2,1355	17,8654
0,7481	18,9795
0,0928	13,2779
-1,8733	16,2270
-1,1523	23,3703
-8,0337	14,5229
-14,6527	9,6733
-17,1433	7,9038
-14,7840	6,7241
-16,8157	7,5760
-8,9513	1,6778
-4,8881	-2,9097
3,7627	3,2506
0,6171	-4,6137
11,6272	1,1536
16,3457	10,3285
13,2656	9,5420
10,9719	-0,0260
13,9210	1,9400
-3,1182	3,2506
-2,0698	2,4642
-3,8393	2,9229
-12,6213	5,2823
-17,3397	12,7533
-20,5513	6,9206
-19,2406	6,7895
-27,6948	-0,4850
-18,5853	1,2846
-16,2261	11,1148
-4,1674	-3,4341
-11,2452	5,9377
2,6485	10,3285
-5,0848	6,0031
-12,5559	-1,4024
-18,5851	2,3987
-8,2306	-3,4341
-19,8304	-5,2692
-17,8643	-12,2160
-12,3591	-14,8374
-11,2451	-5,6624
-9,8032	-9,2014
-9,3445	-9,7912
5,0080	-5,0726
-6,9197	-2,0580
3,3041	0,3669
-5,8711	-0,2884
8,5469	-2,5821
-7,9029	6,1997
-9,9999	3,3816
-13,8665	-4,9413
-14,9808	12,3601
-21,0100	9,8697
-19,5028	0,8260
-13,7355	12,6225
-9,8032	17,2754
2,6488	17,4719
8,8092	9,0834
11,8239	1,7433
10,9064	6,1997
11,5617	-1,5991
3,7629	1,7434
10,6440	4,8236
-2,0700	18,7828
-2,9875	13,6709
-5,0191	8,6903
-4,9536	8,4283
-9,0823	17,4065
-4,9537	10,1974
-6,5920	3,7751
-8,9513	14,6539
-3,6427	10,1319
-0,9557	10,4596
8,2194	-4,5481
-5,8054	0,8914
-6,6573	5,6753
-5,6090	-3,0409
-10,3931	-1,8612
-15,3084	11,8358
-10,2622	-0,4850
-13,4079	-2,8441
-3,5120	-7,3007
-18,4541	-4,6137
-13,2768	-2,3856
-18,2575	-9,7258
-18,5851	-16,1483
-16,4880	-10,7744
-17,2089	-18,0488
-19,8957	-10,3154
-12,2282	-4,0896
-14,3252	6,3308
-14,1287	14,3917
-2,9220	6,3964
-15,4395	3,7751
0,2893	14,1952
-14,4564	9,8043
-4,6914	9,2800
-6,9197	8,0348
-3,6429	4,7581
-10,1310	14,5229
-5,8056	2,3332
-13,5387	3,7095
-4,3637	14,5228
-6,8540	2,1364
-4,3637	-0,4194
-1,4800	9,2799
-6,4608	3,7748
0,0930	6,8551
1,1414	-1,0747
1,2069	1,8744
-7,0507	14,0640
-2,9875	1,4155
-6,2643	-0,5504
-0,8904	5,3477
-5,7400	2,7263
-5,7400	0,4981
-8,0337	3,4472
-1,3491	5,4132
-1,3488	3,7093
12,2826	-9,0702
16,4770	-3,5651
14,5765	-6,2523
20,1472	-11,8228
16,5426	-1,5337
22,1132	-7,2353
16,2804	-0,4850
18,7708	2,4641
13,0034	0,6947
13,0035	-0,7471
5,6634	-2,6477
14,9041	-11,4951
10,3821	-9,0047
16,1493	-11,2330
5,0739	-0,2885
27,8148	0,4979
23,0963	-8,9390
23,4895	1,6779
27,1597	12,0325
21,7856	6,3962
17,6570	0,8258
8,4817	6,6584
18,4431	-0,0263
4,4182	-3,4996
7,1708	3,9059
3,4351	4,4303
10,3820	6,0032
-1,0867	4,1681
10,5787	-2,9096
7,9573	12,8189
4,8115	5,9377
1,4037	2,1367
2,1900	7,6417
2,1900	10,7218
0,3549	12,6224
-2,2009	2,9230
-6,2642	2,4643
8,5470	10,5908
-4,1015	10,7217
14,1832	9,8699
9,2678	15,2438
12,5447	16,8822
11,8893	10,9841
14,1831	7,0519
4,1561	5,1514
1,4691	10,0008
3,4352	-0,2882
-2,3321	5,0856
2,5833	0,8913
-1,7422	-0,9437
6,9742	7,8382
-4,2327	6,8552
-0,5625	10,2632
-1,6767	18,7172
6,6463	7,2485
-4,8225	9,1492
6,3842	19,1760
1,6655	10,0009
7,3672	6,9864
-2,9874	10,0666
0,6827	10,0665
6,5810	8,5591
8,1537	9,8043
1,6004	6,9208
3,8285	12,4913
-4,1013	2,6608
-7,9681	-3,3029
-12,3591	-2,1889
-21,3377	-4,6793
-12,7526	-0,8127
-21,6656	-9,2669
-12,3593	-8,7425
-13,8667	1,7432
-9,3446	1,4810
-8,6236	-5,7279
10,0540	-4,0237
-4,1670	2,3987
14,9041	-5,1380
14,3143	-12,2815
18,2466	-10,5120
14,1180	-4,6139
17,1325	-14,2478
11,5619	-16,1483
0,5517	-15,4275
2,8454	-18,2455
-10,9173	-15,8207
-2,0042	-21,5878
5,4011	-12,8058
7,1051	5,7408
1,6657	6,7239
10,2509	2,2677
0,0273	13,0811
9,6611	10,9184
2,9110	2,1366
8,8747	-2,2544
0,4207	-7,0386
1,6002	-4,7449
0,6828	-15,2963
-2,8563	-17,5901
2,7799	-8,7428
1,4035	-11,7574
5,4668	-13,3302
5,3356	-12,9370
11,2339	-16,7380
3,6972	-9,5946
7,8260	-15,6895
0,7481	-14,6408
3,7627	-4,8104
-4,4948	-14,5753
-6,2644	-9,3979
-17,7330	-11,2986
-8,4926	-13,0025
-12,7524	-14,9686
-19,8958	-15,2963
-21,5996	-12,8060
-10,6553	-7,7598
-17,2745	-22,9641
-21,0100	-24,0780
-12,8835	-9,6603
-15,8327	-16,7382
-10,5897	-7,1698
-12,9491	-9,4635
-9,8689	-5,1380
-13,3424	4,3646
-11,7041	-4,7449
-14,3909	-6,3176
-18,8474	2,5297
-21,0099	-1,5992
-15,6360	0,2360
-18,9127	0,6948
-11,1796	4,6924
-3,7083	10,8527
-4,4948	-2,0578
6,9087	1,2192
7,1053	12,8844
14,1832	3,1195
16,6081	-3,9583
14,7074	-0,9437
13,8555	-1,5335
15,2316	1,2846
-4,2325	2,2676
-1,0213	3,1196
-9,0823	2,9884
-16,5534	-3,5652
-22,0584	-10,8397
-16,4881	-9,3325
-27,3670	-5,8591
-29,4643	-9,4635
-23,1728	-9,9221
-25,9254	0,4981
-22,5174	2,4641
-18,1920	0,1048
-9,4101	-5,1381
-7,5751	-5,6624
3,3695	-4,4173
-0,4971	-11,2986
-1,2180	-12,5438
-0,4315	-9,5292
-3,7739	-10,5777
-4,5602	-8,1528
6,0566	-6,1866
8,6782	12,9498
6,9743	0,4325
14,5111	2,7919
16,1494	9,2144
17,5257	3,3816
9,4647	7,6415
11,5618	-1,3369
12,0204	2,3332
9,2023	14,6539
7,9571	5,4789
21,0643	11,5738
2,9764	3,8405
14,1832	6,1343
9,3335	2,7263
11,8894	-1,5336
5,8602	-9,8566
10,3165	-1,0749
5,4015	-14,7065
9,0058	-13,9855
8,2849	-7,0387
5,7289	-11,4951
-4,1014	3,4471
5,9255	3,6438
9,4644	6,1999
2,5831	12,7534
12,8723	7,9694