90,7174	-100,3201
97,9264	-95,6672
92,6178	-112,5099
103,4969	-106,7425
87,3094	-95,6018
85,9332	-109,3642
83,8361	-120,9638
95,8945	-103,2693
87,8337	-114,4106
82,1976	-128,1074
81,8045	-110,9370
75,7751	-115,3937
84,2950	-119,1948
89,5375	-125,8139
78,4621	-115,5249
73,6780	-119,6538
80,4939	-121,1610
80,4281	-133,1541
89,2755	-123,4548
86,1953	-136,8242
99,8923	-147,8996
90,7829	-148,8171
99,2370	-142,0014
96,8123	-135,3827
103,3003	-158,4513
93,4700	-155,7643
87,3097	-161,4005
90,2590	-162,5148
88,8171	-168,0200
102,8419	-178,4401
91,6351	-183,4209
100,6792	-182,6347
95,6328	-189,5816
105,9876	-195,4143
93,0114	-201,4437
121,8472	-202,7545
105,4632	-212,7816
118,7670	-221,8255
88,2274	-217,7623
111,6238	-216,4519
106,1188	-224,9716
111,9511	-234,4743
96,1574	-232,5083
106,8396	-235,5887
118,0462	-250,5964
103,2350	-250,7274
102,9730	-249,2203
93,7980	-251,7106
114,9005	-257,8056
104,4800	-265,5388
108,3468	-259,6405
100,9412	-255,9707
118,0459	-278,7771
95,9604	-280,4154
104,1524	-276,6799
95,6983	-265,1458
102,2519	-274,1900
105,2011	-295,2268
102,8417	-276,7457
106,0532	-276,4184
106,1842	-298,7006
124,5999	-288,8702
113,9828	-289,0669
116,6046	-292,9338
115,0971	-323,7354
139,0177	-305,9096
108,8711	-308,8591
118,5051	-314,9539
115,2282	-328,2577
130,7602	-333,1073
108,8056	-326,8160
111,0339	-325,1123
104,4804	-343,2659
106,8395	-345,5596
109,5267	-351,8513
104,9390	-368,8906
100,0896	-379,1798
104,1526	-377,6725
115,5559	-380,3598
108,4779	-382,9157
121,3885	-397,7270
98,6474	-407,6226
111,4926	-390,0594
103,3661	-402,9045
107,2982	-422,4341
99,1718	-409,5893
103,1038	-426,6942
87,3753	-423,4177
94,0597	-447,2729
85,4747	-445,8312
79,7728	-440,7197
88,0307	-478,4030
97,0085	-477,8130
93,8630	-465,6237
76,1682	-483,9740
90,9795	-504,6177
78,2653	-524,9994
98,3848	-511,5646
67,7140	-512,6136
84,5569	-538,7625
68,1073	-543,4808
82,3284	-523,4928
58,5389	-539,2217
49,1672	-553,0495
60,3738	-550,4281
51,3295	-541,2534
33,5695	-558,6860
38,2879	-569,8269
42,0890	-559,5380
33,2414	-569,8930
31,4065	-574,7426
26,9498	-592,5029
40,7779	-603,4475
19,7407	-601,7438
14,0394	-605,6762
23,6075	-633,8566
13,6459	-641,3932
1,9806	-630,0557
6,5679	-645,1949
4,5364	-660,7268
8,5338	-657,1224
-2,9348	-657,5159
-0,3135	-664,7904
-1,7553	-671,8684
-14,4037	-679,3395
1,1282	-682,8131
-13,8141	-701,0321
3,7494	-706,8647
-33,4095	-710,6004
-17,0254	-705,4888
-28,1667	-722,0695
-23,9071	-735,1112
-44,4199	-734,0627
-55,6920	-737,5364
-50,5802	-741,5999
-50,5805	-760,8675
-57,0684	-762,7025
-73,3214	-769,2564
-51,4324	-778,8248
-61,7874	-799,0098
-60,6733	-785,3131
-85,9701	-808,0544
-70,5693	-817,0982
-92,5895	-826,1423
-86,0361	-826,1426
-115,9861	-837,8737
-100,5852	-850,6533
-121,1637	-862,3842
-126,7345	-855,6996
-147,1815	-864,6784
-139,5142	-875,4262
-161,2066	-873,2637
-164,2215	-882,0457
-161,6656	-895,0873
-172,8071	-901,9686
-182,3752	-900,6580
-189,7155	-915,0104
-182,2444	-911,7993
-202,6919	-918,0909
-192,0096	-925,8241
-228,3165	-925,3000
-205,9690	-945,6819
-245,7495	-943,8468
-252,4995	-946,9926
-265,2138	-941,0946
-263,0513	-949,8767
-277,2073	-970,7170
-291,4289	-979,5641
-295,4264	-958,7240
-304,4052	-981,0720
-312,6627	-999,2907
-322,5589	-985,4627
-316,3332	-979,6303
-338,3534	-1003,4200
-325,9017	-1017,7720
-352,1162	-996,9319
-347,1356	-1017,7725
-371,9737	-1020,4593
-350,0850	-1020,7218
-389,0133	-1023,2121
-383,2462	-1021,0496
-381,2147	-1055,1937
-392,3561	-1038,6786
-396,4848	-1025,7028
-416,4079	-1036,2542
-413,8517	-1044,8394
-414,6387	-1043,9872
-429,6462	-1034,5503
-443,1468	-1039,2033
-416,0152	-1049,9511
-444,7202	-1043,5288
-440,5913	-1056,8325
-464,4465	-1054,7353
-453,6987	-1052,4416
-483,2555	-1053,4902
-475,1292	-1040,0553
-500,5572	-1052,6383
-494,3971	-1048,9026
-501,3440	-1047,1986
-522,7090	-1033,9603
-530,5730	-1031,0112
-523,9543	-1033,9601
-521,0052	-1012,5954
-543,8775	-1002,1097
-536,0130	-1010,9568
-538,6348	-1000,9951
-547,1544	-988,9365
-558,8852	-973,0766
-537,7829	-964,8845
-550,9557	-967,5712
-562,4244	-957,0853
-556,1329	-947,8446
-559,7377	-937,1620
-575,8593	-927,0039
-579,9227	-915,0108
-576,3836	-899,2166
-593,6853	-897,9057
-570,8787	-902,4931
-593,5545	-892,0072
-581,8890	-882,8976
-610,3317	-875,8197
-580,8405	-879,0963
-599,8463	-864,8748
-599,5186	-852,0298
-621,8007	-845,6071
-598,2735	-845,9346
-625,2744	-831,9752
-629,0100	-815,5911
-625,7331	-811,7899
-633,9254	-793,9639
-625,2089	-779,7426
-630,1245	-779,6768
-631,2382	-765,2587
-637,1367	-753,1344
-631,6315	-751,6268
-636,6779	-722,1356
-623,9638	-725,3467
-626,2577	-721,7418
-622,8496	-701,2945
-626,2574	-690,2187
-603,3854	-681,4369
-617,5411	-670,8853
-612,4292	-661,8413
-612,8878	-643,9497
-600,8293	-640,8037
-607,7104	-626,9754
-610,2007	-606,9870
-599,3216	-596,0423
-591,1954	-598,6635
-584,3796	-580,7719
-606,4651	-570,2863
-582,1511	-563,9291
-585,8870	-562,8148
-575,2700	-558,4892
-587,7873	-539,3526
-572,1242	-538,3696
-565,7017	-532,6020
-575,8598	-510,8441
-584,0513	-507,8949
-565,7670	-496,6880
-574,0898	-500,6855
-567,7985	-468,5728
-569,0433	-451,7302
-554,1013	-476,1749
-550,1036	-462,3463
-552,9872	-442,0958
-547,7442	-439,0812
-552,2006	-440,1295
-528,2145	-439,9982
-544,9917	-406,4437
-528,5421	-407,5581
-538,1758	-422,3687
-534,8991	-403,4286
-541,7801	-382,1295
-532,2776	-386,5203
-533,1292	-372,3644
-533,1950	-369,7428
-523,8231	-356,8975
-537,9790	-339,5305
-527,9514	-339,3339
-510,7160	-337,1707
-502,4584	-314,8885
-517,1382	-306,7620
-496,6254	-317,9029
-505,4728	-317,7715
-486,5329	-290,9018
-502,9167	-292,0816
-484,4356	-301,1251
-492,4309	-282,0540
-489,2851	-278,2532
-481,8139	-281,8574
-479,1926	-276,3523
-473,9495	-270,0608
-472,2458	-262,2620
-475,9809	-255,0530
-473,4908	-251,3832
-461,1043	-246,6642
-476,8331	-241,0283
-466,2160	-237,3581
-464,4467	-233,7537
-445,7035	-219,4011
-465,2985	-211,8646
-435,6764	-224,7093
-450,6840	-222,8086
-441,1814	-209,4391
-451,8634	-187,8124
-456,1889	-196,2009
-451,2077	-199,6741
-431,5473	-178,1127
-435,2826	-176,4089
-439,4113	-188,3363
-427,6803	-180,8649
-439,0835	-161,9252
-410,3787	-165,0054
-418,1778	-174,9011
-402,2524	-165,3983
-419,3572	-158,4515
-403,3664	-147,5724
-409,7887	-151,9634
-393,6014	-149,4072
-399,8272	-147,3101
-394,3221	-137,2175
-396,6157	-144,6886
-375,0546	-138,6591
-399,4992	-128,5012
-382,2632	-132,3022
-371,3187	-150,0622
-390,2587	-123,2579
-374,8575	-111,3307
-388,8167	-114,0830
-370,3354	-126,8623
-359,3257	-114,6068
-364,3717	-84,1984
-367,9105	-99,4027
-347,6599	-96,8465
-359,6529	-83,4773
-335,8634	-89,1132
-355,3929	-85,3120
-344,7760	-73,3845
-330,7514	-72,4014
-348,1183	-60,9326
-316,1366	-70,6973
-335,6666	-54,9031
-314,1048	-60,5392
-326,2293	-42,6478
-304,9954	-46,1868
-326,2946	-44,8759
-302,3083	-44,5481
-323,5419	-32,4895
-301,5217	-39,5020
-301,3907	-45,9896
-288,6768	-37,7977
-311,0241	-31,1788
-282,3195	-42,9096
-278,7150	-41,6643
-287,1036	-44,8101
-283,5640	-26,7878
-282,6468	-30,9821
-258,2671	-36,7493
-256,1047	-45,1378
-246,0777	-39,2396
-258,2016	-36,8147
-235,5918	-36,8803
-258,2016	-37,2735
-242,6040	-18,5303
-248,3055	-40,0915
-241,2278	-26,1977
-251,7132	-8,6343
-243,2591	-19,7753
-237,0986	-23,1173
-235,5914	-4,5707
-234,6080	-5,2915
-234,4770	10,0439
-211,9326	-3,2599
-223,5981	-12,6967
-200,2671	18,4327
-215,4060	5,9152
-199,6116	0,4760
-197,4490	5,2601
-191,2886	14,7627
-197,6454	14,2383
-188,3393	-1,2935
-194,2373	6,3089
-176,6739	21,6440
-186,4385	16,4012
-179,2298	10,9619
-182,8995	25,1177
-186,1110	36,5863
-179,2294	24,5277
-175,5596	12,9936
-173,4623	30,0985
-184,3413	30,6882
-162,5832	18,2365
-162,8455	28,2635
-154,5881	36,5208
-170,0542	23,6103
-144,3642	20,9890
-158,3234	12,9937
-152,3597	30,6230
-166,2530	46,6789
-159,1097	25,9696
-152,2939	21,7758
-157,6024	39,1425
-148,2960	41,6984
-153,4080	30,8195
-141,4146	26,8876
-129,7496	40,6500
-134,0092	41,8295
-143,8396	30,7539
-121,0329	32,6548
-124,1132	33,6376
-120,7053	27,1496
-134,4021	25,4457
-129,2247	24,2660
-135,1884	38,4217
-119,9842	36,6521
-129,3556	30,8195
-125,0304	33,3754
-117,9524	44,4510
-125,0304	40,9774
-111,7263	30,8197
-109,3018	43,0749
-112,9717	54,5436
-123,4573	53,6259
-106,7456	33,0479
-106,3525	47,0728
-92,5899	62,4734
-103,2722	42,7471
-95,8012	33,9002
-110,4809	52,3157
-92,4588	53,4952
-99,5363	57,1653
-105,5658	47,9901
-90,4267	57,1653
-105,2381	56,1166
-88,4606	41,7642
-82,0385	39,2085
-92,7861	61,8838
-97,0461	58,4757
-81,0553	41,0433
-84,2011	34,4900
-81,9728	51,1360
-88,1987	52,8398
-70,0453	39,4049
-89,7060	38,6187
-87,4777	55,9199
-92,8516	49,8250
-83,6767	53,3639
-86,1669	34,9483
-91,2789	36,3902
-89,8368	43,3369
-99,3397	31,0817
-85,4460	36,7834
-87,4122	51,9220
-78,6305	49,1039
-85,0531	36,7178
-72,7323	36,9801
-92,0653	40,2568
-88,7229	37,5044
-89,1815	39,1428
-78,6960	44,8442
-94,2279	38,4217
-83,5456	31,6716
-90,4922	28,7224
-88,9195	35,4724
-89,2470	28,0670
-90,1646	38,9458
-77,9093	28,8533
-88,0019	29,9675
-68,5378	37,8317
-86,1014	30,9505
-65,7852	28,3291
-73,9117	24,0692
-65,7197	27,2150
-82,3001	26,8873
-58,9040	25,9698
-77,6471	28,1324
-72,6665	22,2341
-75,3533	23,7415
-72,3388	13,9110
-65,3917	20,5302
-87,0186	26,5593
-49,9251	24,5278
-52,4815	10,0443
-62,5081	13,8455
-64,4741	22,6928
-37,3422	10,2409
-50,7117	20,8578
-49,6629	17,0566
-42,1916	28,5910
-29,4779	23,1514
-40,6842	13,5178
-28,9534	35,2757
-32,9509	28,2632
-28,1669	19,0884
-38,6524	24,6590
-36,4897	25,9040
-26,7904	28,1979
-32,0990	29,1808
-18,2054	21,4478
-43,1747	20,5958
-32,6886	33,3098
-35,6380	27,8046
-20,3026	9,7825
-36,3589	31,4093
-24,9556	28,1323
-33,4752	17,7779
-30,4606	30,0987
-42,6500	31,9335
-20,5647	27,0840
-28,6911	29,5088
-38,5870	28,1981
-34,1304	38,2250
-32,8198	37,8972
-20,1058	19,4818
-38,3906	31,9337
-35,8998	36,9141
-22,9896	18,5640
-16,1083	16,7947
-34,9170	4,6706
-18,0742	24,7900
-34,0649	9,9132
-14,6008	0,2797
-10,8653	25,1832
-16,6326	15,6802
-30,1982	11,6171
-21,3509	0,7381
-26,7903	6,4398
-30,9192	8,0123
-21,5475	-7,8472
-31,1814	3,6216
-31,1812	9,9128
-31,0503	3,1626
-15,6494	-8,5027
-23,1206	-9,0924
-14,1423	0,1481
-38,5868	0,1482
-23,2515	-5,6845
-24,6278	3,6872
-32,4921	18,6293
-27,5110	5,1944
-21,2854	4,3428
-7,7193	18,3017
-22,5962	23,1514
-13,2896	22,0372
-7,1952	-3,3906
-5,6877	10,1101
-9,0301	31,4743
-2,4109	4,3425
-17,6809	10,6997
1,0625	7,5539
-16,2389	15,9424
3,3562	23,2169
-12,1757	-1,9488
-8,1781	13,1902
-17,2874	11,5515
-13,7486	3,0976
-10,1440	8,1439
-11,4550	22,1028
-12,6344	15,2871
-19,1226	25,0520
0,4729	12,9279
-10,9307	28,5254
1,6524	24,6588
-2,6729	21,3165
13,7110	13,5833
-2,6728	24,4622
11,4830	10,8307
2,3735	6,2434
2,3081	3,7530
6,9613	21,7096
6,6988	14,2383
-1,4274	3,2284
7,2887	7,6194
-8,7019	9,3232
-1,9518	13,9764
11,4175	13,1244
-6,6706	21,3820
4,9951	20,9231
-9,3576	20,0714
10,9587	20,0057
0,4729	18,4986
-1,3621	37,3728
-1,7551	23,6758
5,0603	19,4817
0,0143	23,2173
1,4559	26,9527
-15,1245	22,2343
-3,3938	33,1132
-5,8840	39,7321
-5,2944	32,8510
-6,0806	33,9650
-10,6684	32,5890
1,6524	43,0746
-13,1588	45,8926
-0,9033	37,6351
-13,8796	39,5357
8,5337	35,3415
-11,9135	35,0795
-1,0345	34,0308
-7,1293	31,8684
-4,9668	38,4873
-8,1123	39,4703
-11,9136	36,1936
-9,7508	45,5653
-7,8503	46,2859
-8,6367	36,5213
-18,6637	37,1767
-13,2896	36,7833
-7,5881	44,8442
3,8151	40,1256
-5,8186	26,5598
16,5947	37,4388
9,2546	38,0284
9,3859	34,4239
8,9928	24,2005
20,7892	25,6423
4,9297	39,9290
12,2698	26,6250
23,8697	24,3972
27,7361	37,0454
16,8575	36,3244
16,1366	27,6082
32,7827	28,9846
30,6198	28,0015
29,5059	32,4579
27,9984	34,9482
42,4164	20,9890
31,6684	19,4820
39,5327	31,4093
26,8843	38,5526
38,8118	25,3144
19,6754	28,6570
24,4596	34,4895
20,7896	44,5820
26,4255	31,9336
31,0133	47,5313
24,3283	52,9704
19,8069	27,8704
39,0741	32,3269
44,9723	31,0162
23,7388	45,1062
36,7150	31,9991
39,6641	27,7394
50,5429	34,3585
38,4189	38,0939
46,3487	31,6058
41,6301	20,3994
39,7951	31,4749
33,1761	32,2613
49,2322	33,5063
40,2538	21,3168
31,2098	31,7370
32,5862	23,8070
29,5714	33,4409
37,5669	17,4500
17,1194	32,1958
38,1568	31,2779
36,0593	15,9427
37,3046	19,0887
26,2947	33,5063
52,8367	21,3822
26,3602	33,5065
41,9579	33,4408
26,0327	42,4193
32,1275	39,0771
30,2270	38,9460
32,1928	44,8443
37,8945	54,4780
17,5128	49,8904
33,3072	37,5042
29,5713	44,7133
41,5646	53,6260
28,7194	47,7932
50,1498	31,9336
34,4212	31,4750
50,5431	39,8633
36,8463	11,6828
52,0505	23,3485
51,3297	17,5810
44,4483	32,7853
42,7447	7,3572
46,4144	1,3283
47,0044	12,2071
34,2903	25,7073
49,4948	10,9616
50,8052	-3,3905
46,0213	17,7120
33,1762	15,0247
59,4560	12,9934
61,7496	13,0588
53,4920	10,6341
33,1763	22,5615
60,2424	3,2284
37,8946	16,5324
48,8391	18,2360
28,3921	15,9424
45,1036	5,5222
44,0551	-7,8469
33,9625	9,1924
47,0699	14,2383
39,8608	-3,4563
46,7421	6,2430
45,3658	-3,1288
55,1961	4,7355
35,5355	-2,3425
58,7352	-27,3771
43,3342	-10,9276
61,4220	-7,5856
40,3852	-33,5376
49,8879	-23,6416
42,0893	-22,7898
63,3882	-27,4428
47,2010	-29,4089
50,1500	-8,2409
47,3320	-15,5810
38,6158	-30,0641
54,8685	-13,7456
33,0448	-4,4398
34,4867	-15,1875
30,5545	-8,4371
33,2414	2,5728
24,4595	-0,9660
29,0469	6,9638
28,4572	1,5898
31,8648	-5,1603
19,1510	2,5075
19,7407	3,4248
28,0639	-3,9807
16,0051	-12,1727
12,9908	-1,2282
11,2868	-7,3888
35,6006	-20,2993
15,7430	-20,2993
22,1659	-15,5152
14,1704	-12,3697
33,5690	-28,6226
23,9351	-24,4938
42,6784	-26,1323
21,6413	-27,2463
28,0639	-25,5425
24,2630	-30,6542
28,3916	-24,6906
26,4912	-28,2951
25,6391	-30,6544
24,5252	-28,7537
21,7070	-27,1811
30,6856	-37,0113
20,9860	-34,3244
29,1783	-38,4531
20,3307	-23,6419
38,2221	-21,3484
21,9692	-41,5987
35,6663	-25,9355
40,2537	-19,9718
39,8604	-20,0373
28,9162	-26,7874
32,3239	-22,3309
29,7682	-15,1875
31,9306	-17,8746
30,6201	-29,3432
29,5058	-5,8814
35,7973	-14,4670
27,5397	-26,7220
44,5790	-30,2608
13,3839	-23,3142
42,6130	-17,4160
28,8503	-40,0915
42,5472	-36,0280
9,9105	-27,4429
25,5737	-34,2586
18,5613	-23,1175
35,8627	-20,2339
29,4402	-21,0857
22,7555	-3,6532
26,1638	-4,9639
32,7825	-19,2505
34,7489	-2,4733
27,6054	10,8303
41,3681	-10,3377
27,9985	-1,1625
38,2223	0,3446
37,0423	-5,4881
45,9552	-14,0077
21,9035	-21,8065
31,0131	-12,4350
17,5781	-1,5562
17,4470	-27,6396
11,8765	-25,5422
4,5363	-18,7922
1,8495	-18,3990
3,0289	-20,4961
9,1238	-29,1468
-6,6705	-13,2216
7,4855	-22,2656
2,3735	-26,2632
12,2695	-20,6272
-2,6072	-22,3311
19,8716	-10,9935
2,3080	-25,6735
27,4083	-35,5693
11,7451	-30,0642
10,3034	-23,5108
5,5194	-30,2608
16,0050	-18,9887
-0,2478	-10,2069
2,3081	-28,8192
5,8471	-20,9547
2,7667	-13,7458
13,4492	-12,8939
-3,1316	-15,7118
-0,6411	-16,8259
-3,5249	-11,4518
8,9269	-3,3256
-8,0470	-5,0294
4,9292	-4,0463
-14,2729	-4,4395
-0,1170	-10,7964
-3,7870	-0,9660
-0,9036	-9,3547
-8,0467	-8,3714
-1,3621	9,0610
-1,8862	-4,7016
0,8007	-6,0776
14,8911	-9,5511
1,1285	1,3935
20,6585	-2,0146
22,2967	-10,0753
33,1102	-0,0485
14,5636	-6,7333
44,6445	-11,3863
24,0008	-15,8428
33,8967	-14,3355
23,1490	-17,4158
32,2582	-20,2994
22,2314	-7,0612
29,7022	-15,1876
12,5977	-6,2747
27,8017	-20,3649
8,8620	-10,7309
19,0199	-3,8498
17,7092	-10,8621
8,2064	-2,9977
21,3134	-1,8182
-0,4447	-8,6338
11,7452	-2,3423
-11,2582	-4,3739
8,8614	-7,0607
-3,5904	6,7017
-2,9351	-0,5074
-14,7969	-2,2109
-3,4593	8,7333
-6,7359	4,6703
-3,5248	5,2600
-8,5053	0,5415
-2,3450	9,5198
13,3182	7,0949
4,3395	-1,6869
8,6652	-8,1749
14,5632	7,7501
14,2357	-4,2431
8,3374	-7,3887
31,7335	-15,9084
4,8638	-4,7673
8,0097	-11,5831
5,5848	-14,7288
9,7787	-24,1002
-27,9040	-5,8158
-7,1294	-4,7018
-13,2241	-10,0756
-17,5497	-5,0949
-10,4062	-5,8812
-25,8071	4,4733
-5,2944	-6,4055
-9,3579	4,0147
-14,7317	5,7185
-16,1080	-11,3208
0,8656	-19,5781
-23,8414	-3,2599
-16,0425	-26,3284
-25,1521	-5,4224
-20,3680	-6,9300
-31,3779	-10,0756
-25,8074	-2,8668
-34,5891	-10,7311
-11,7827	-23,3793
-19,6470	-5,5536
-28,2320	-1,4252
6,8952	-11,5831
-9,2269	-14,2044
-9,6852	-14,5976
-12,5688	-12,1072
6,5022	-4,8328
-2,3453	-8,8305
12,9902	-6,4712
-6,5394	-4,5706
13,5143	-6,6021
-8,8987	-6,8643
9,7788	-4,5704
-13,8796	9,1920
-9,6197	-4,3084
-9,5540	-3,4564
-7,3916	4,3424
-9,0298	15,2867
-14,2728	-0,2453
5,3225	-5,3568
-8,6368	-0,9659
3,9460	2,4417
-12,1102	-1,7524
8,3370	6,2429
-5,7534	-2,2113
-7,5228	-10,4032
-19,5813	-6,8643
-7,4574	-12,8281
-27,2490	-8,2407
-23,2515	-11,7141
-20,8920	-17,2846
-21,4822	-16,8256
-31,3778	2,8347
-32,2297	-1,5561
-18,5984	-4,7017
-21,2854	-5,1604
-14,9939	-0,5074
-32,0333	-3,0633
-7,8505	-13,8766
-24,1690	-2,9321
-20,7610	3,9490
-19,3192	-3,2600
-12,1759	-14,8596
-26,6592	-1,2283
-20,1057	-3,8498
-23,2513	-8,1753
-12,5690	-3,4564
-14,6660	-8,3063
-18,8603	-3,0635
1,5214	-17,0882
5,2567	-27,3116
5,2570	-15,5153
4,4049	-29,7366
10,0411	-29,8676
-1,4932	-28,5570
5,7813	-25,0836
-8,5055	-17,7437
7,9439	-25,9357
-5,1632	-30,6542
0,4072	-21,5446
-3,2627	-20,2341
-3,3940	-30,6542
-8,1778	-25,9354
-10,8651	-15,9086
-1,5588	-20,0373
-11,9793	-14,0735
-18,3361	-11,5176
-16,0424	-5,8816
-8,1126	-22,3310
-12,5036	-18,5954
5,6498	-17,9399
-16,5667	-7,9131
1,8490	-2,9326
-3,9837	-23,3140
0,4072	-18,9885
-2,2140	-8,6341
8,7303	-33,0133
-1,7552	-20,6270
0,0797	-16,5638
9,7137	-8,5685
-2,2797	-6,4713
14,1046	-14,0079
-3,5905	-19,7093
-1,8207	4,1457
-1,2965	-0,6386
21,5097	-15,8427
-1,8865	-9,3546
6,1091	-11,5174
0,9972	-16,1704
4,0118	-6,6022
13,3180	-10,0101
-5,8840	-1,4251
1,2597	-27,4427
4,6018	-19,6438
13,2527	-3,3255
-9,9472	-10,4691
14,2359	-13,0905
12,9246	-30,7850
8,7962	-15,1219
6,7644	-8,5030
17,3813	-19,7751
12,1384	-23,6415
22,8207	-10,6001
8,0096	-15,1876
15,4152	-9,6826
6,7645	-13,1560
-2,8694	-14,2045
-5,3594	-15,0565
8,5992	-11,1242
-6,0806	-0,3108
-13,6829	2,5071
-9,0952	-5,2261
-18,1394	-12,5659
-0,3136	-10,5343
-21,4164	4,4077
-15,9767	-0,7697
-14,1420	-23,6416
-13,4210	-14,2698
-14,9938	-2,6048
-2,6732	-28,0982
-16,6978	-26,7219
-7,1296	-21,1516
-3,7216	-19,7098
-13,0934	-34,7176
-15,9111	-33,1446
-7,5227	-31,4408
-6,2774	-20,2998
-14,4695	-31,7030
-4,1803	-19,0544
-22,7926	-22,0693
0,6693	-15,9742
-17,9430	-21,1516
6,6330	-37,8631
-20,1058	-18,7920
-12,3724	-12,5664
-17,5498	-33,6688
-14,4042	-24,1002
-32,3609	0,0166
-13,3555	-29,5399
-19,4503	-10,1412
-24,0380	-15,6465
-18,0084	-16,3670
-20,4334	-10,5346
-14,8627	-5,8815
-13,4866	-9,4861
-15,8459	-8,7650
-18,6639	-3,1289
-5,8190	-10,5345
-25,2830	-6,8643
-6,2776	-10,6653
-14,2729	7,9468
-10,6031	-3,5875
-25,6760	4,6703
-15,2559	17,1873
-5,6877	0,0171
-12,9622	3,4906
-13,8140	7,6848
-25,5450	19,4812
2,2424	12,1411
-6,0155	3,9493
-0,1172	10,3063
-21,3507	9,1265
-9,3576	1,1311
-16,8286	-2,6699
-4,6392	-6,1433
-18,2049	-4,3082
-8,1125	-0,6385
-17,5495	-11,7139
-3,4596	-7,8473
-15,2558	-4,8326
-25,7416	4,8011
-5,0320	-10,9931
-7,1296	2,6384
-10,1438	-6,6679
-3,0662	-8,1751
0,5384	-19,8404
-10,6684	-11,1896
-1,0343	-1,8183
-10,4062	-10,7966
14,0389	-9,5514
-10,4717	-3,7188
-4,5079	-5,7504
-11,3890	-10,6655
-1,2310	-21,7410
-3,9835	2,7039
-7,9157	-3,5878
-4,2456	-23,6415
-18,9258	-7,8472
-1,4274	7,2913
-9,8163	0,5411
1,1938	-7,6508
-3,8527	-0,8350
-0,2482	1,4588
-17,4841	4,2112
-1,6244	2,3762
-9,2266	-6,3399
-5,0324	7,9469
-17,8773	-4,1774
-4,3770	-13,2212
-10,0786	-5,4224
-13,2244	-1,2937
-18,7291	-0,0487
-12,7001	-17,4155
-9,8817	-1,8836
-9,8164	11,6821
-1,6899	-8,5684
-7,5881	-21,8720
-3,2628	0,3447
-8,8989	0,8033
5,2569	4,9321
-11,1271	-8,5682
-1,6899	-14,3350
-2,3452	12,6654
-5,0978	8,0779
-4,4423	-0,3106
-5,6221	-3,1286
-14,4692	-5,0291
-12,1757	-2,0799
-4,6388	6,7673
-12,3067	2,2452
-1,3621	12,2067
-14,9281	1,1311
8,9271	2,8351
-15,9767	5,2600
-5,3597	14,0417
-7,5880	2,0486
-3,1972	0,8691
-13,4863	-0,3760
-1,8866	19,2845
-16,9599	2,6385
-5,6223	-2,8663
-22,0717	9,0610
-24,4311	5,1944
-33,4747	-7,6506
-29,2807	-0,3760
-19,3846	5,5876
-18,9917	6,8982
-18,9261	-8,1094
-26,5937	0,0827
-16,7634	6,8981
-26,7904	-12,5004
-6,4742	-14,9251
-17,4843	-10,9274
-11,4550	-6,0778
-25,0862	-4,9637
-14,8627	-4,2428
-18,5327	0,8690
-16,2388	3,4249
-5,4910	0,7379
-6,2120	-3,9806
-8,5711	2,8352
-7,3915	5,2599
2,5043	6,0463
-22,9234	2,3108
5,5848	4,6704
-12,7655	21,8404
0,2764	3,2939
-5,1632	-3,9147
10,2376	12,4691
-4,7044	7,6849
4,7326	2,3111
-6,1463	2,9008
-14,9937	5,7189
-24,3652	4,6701
-8,1125	-14,1386
-25,6106	3,9493
-25,9384	4,0145
-11,3238	-10,9275
-19,4505	-12,3037
-7,6539	1,7864
-26,2662	-7,3232
-7,1295	-8,3061
-10,0788	-6,4712
-4,7704	-11,4518
-20,2366	10,1749
-8,0471	-3,7843
-16,5665	-18,5297
2,3075	-6,4054
-12,6344	8,0778
-11,3892	2,5072
-0,9688	-5,4226
-1,7555	1,1312
-2,0828	9,7819
-6,8015	1,7863
10,0414	-2,9320
15,6771	-2,9320
11,8106	-5,3569
1,9146	3,2283
18,9540	-4,7015
6,0432	-1,7523
0,0795	6,3084
-11,1925	-8,5026
8,2715	-10,9273
-14,2728	7,6848
-10,7994	10,6338
-20,6952	-5,6846
-2,4108	-2,4077
-2,9352	10,3717
-13,7485	13,9105
0,6694	-1,9491
-15,5180	-11,6482
-5,1633	-0,9003
-20,2366	11,6823
0,2761	-5,4881
-10,7996	-19,1848
-17,3531	3,9494
-31,9674	14,8280
-3,0007	-2,8011
-14,0108	-5,4223
-11,1929	-3,1285
-21,6783	1,7210
-14,1419	-10,5996
-9,4232	2,7041
-18,2052	1,5245
-5,8186	13,4519
-12,8312	6,0463
-2,2142	-4,9635
-7,5229	13,4521
-11,8480	9,6508
-8,1780	-13,4176
4,4702	-2,4730
-8,7024	4,8014
-4,7047	10,7651
-9,3578	7,4227
-11,0618	7,7506
-29,6737	25,8382
-18,5326	12,6001
-13,6174	17,8430
-12,3724	8,8647
-11,9134	18,3674
-22,7925	15,0249
8,7959	0,6727
-12,3723	8,9957
4,5361	7,0949
0,4072	-4,5704
18,9538	-3,3251
-6,5393	-0,2451
13,9079	-0,9004
8,0752	12,3378
16,9879	4,0146
11,9420	0,2137
10,8277	5,3910
2,2429	6,6361
13,7114	-6,6019
20,1340	7,6192
4,9950	8,4056
15,4810	-1,8180
11,6141	-6,4054
12,4661	-7,9784
-1,2310	-7,8474
12,9904	-13,2869
-2,0830	-19,0540
6,3056	-8,8961
-5,6874	-13,3526
-2,3452	-26,6563
-9,0298	-29,1466
-4,8356	-13,2213
-5,0323	-5,1607
-20,1711	-16,3671
-16,1077	1,1309
-9,8166	0,6068
-24,4965	-0,1142
-30,0015	0,2792
-2,0178	-4,1117
-31,0505	9,3888
-26,9212	4,2114
-17,4188	6,1777
-10,0789	9,9132
-11,7172	22,4305
-9,4890	6,7020
-14,4696	12,3381
-5,8845	14,3697
-19,9745	19,8090
-8,6369	8,0780
-16,4355	1,6557
-31,9019	16,0080
-10,4715	15,6800
-4,6392	-9,3546
-5,0323	-0,8346
-14,8627	13,2554
7,2229	6,5706
-14,4695	2,4420
-2,5419	-7,9126
-9,7508	3,2285
7,4195	4,2113
-13,8796	-5,4879
-0,3136	0,1482
-4,7045	2,9660
-9,8819	-4,4395
-5,3597	-14,6631
-5,7531	-10,7308
0,7352	0,8689
-15,3212	3,9488
12,6627	-21,6755
-3,1971	-13,0901
18,0366	-6,0126
1,7180	-17,8090
9,2548	-27,7702
-1,8863	-16,1050
20,5268	-14,5321
-4,7699	-8,9617
-1,1655	-13,5492
5,2570	-20,1027
-1,4279	-4,2430
-8,7677	-8,3719
-13,5519	-20,8890
-11,6511	-10,0100
-15,0593	8,1432
-7,6535	-8,4374
-12,9621	-11,2552
2,8976	-7,1265
-13,8797	2,0486
-1,7554	-3,5220
-9,8818	-11,1240
13,6455	5,1289
4,2738	5,2598
-0,1171	-5,3569
-1,6897	-12,6968
6,8298	2,5730
-3,5247	6,4393
-2,6728	-9,6168
-0,5098	-6,6022
-2,8694	-8,1752
1,4562	-10,9933
-3,8523	-14,7288
3,5533	-18,3332
1,7836	-23,4450
1,7182	-10,8623
-4,9664	-26,2632
21,5099	-30,5884
5,9780	-12,1730
17,6433	-11,2555
3,0289	-20,2995
8,5340	-27,8359
16,3983	-10,4689
-0,7067	-3,1945
-4,6386	-13,6147
18,1021	-14,7941
-0,3135	0,5412
-6,4082	2,4417
-0,1168	0,6068
-7,7845	-5,3570
9,3857	7,6192
-7,2603	-1,6214
12,8591	-5,0291
-1,6243	-6,2743
6,6987	1,3933
-0,5757	-4,6359
-4,5737	-2,1457
-13,4205	-4,6360
-10,0785	-6,6676
-10,2093	2,0486
-6,2775	-4,3740
-6,9326	-8,8958
-17,0252	4,4079
9,6480	-1,0318
-0,5759	-4,3739
12,2693	-0,1142
-5,6221	-12,0418
4,2741	-10,5999
10,7620	-23,3139
5,7812	-10,4034
-3,9179	-18,7920
5,3224	-11,7796
-6,4740	-13,5492
-6,2773	-18,9884
-10,9304	-0,4418
-7,3916	3,6214
-6,2118	-2,5390
-16,8288	1,3934
-4,6389	9,6509
-13,8797	7,0295
-9,1610	10,8961
-21,7440	11,0271
-7,1950	4,2115
-14,5352	9,6511
-5,1635	1,1969
-15,9113	9,8477
-3,1321	23,1513
-16,9597	9,3232
-2,3455	8,9302
-11,3237	25,8382
-15,4525	12,5343
-8,4400	0,9346
-11,6513	-4,7670
2,9634	-2,0801
-19,3190	3,3594
6,0437	-2,2112
-4,8356	1,8520
1,0629	7,2258
-4,0490	0,1480
19,6750	-19,0539
7,8785	6,1774
10,0412	13,8448
-4,5074	0,9999
11,7454	-8,2405
17,0537	-3,5218
6,8300	5,3253
5,9128	2,2452
-0,4444	3,9492
20,0685	-1,6213
8,7305	0,8035
10,3036	6,8327
-2,0172	-1,7525
25,1145	-6,4054
3,1599	0,3447
17,4469	-7,3231
10,1067	-9,0924
8,7305	-3,1287
7,6166	-12,1073
23,8036	-9,2236
-2,8693	-11,5174
5,7159	-5,8812
6,0436	1,8518
1,3248	-13,4180
1,9804	-1,9491
-25,2827	8,9952
-5,4252	-9,9446
-10,9305	-2,8666
1,4558	0,5412
-14,9938	-2,4077
7,1575	0,4758
-2,4766	3,4249
10,3031	-2,8008
0,3417	1,8522
-1,4933	4,3426
-2,4106	10,3717
9,4512	0,4758
-0,9033	10,4374
-5,4254	15,8765
9,3860	1,0655
5,1912	-5,7501
-11,0614	12,2723
-17,4839	6,0462
-1,0345	2,5074
-21,4163	-1,3592
-9,0299	11,8135
-19,5812	21,7092
6,6329	-7,3886
-19,3193	-2,3420
-10,7340	7,6192
-14,0107	2,7697
-11,6516	1,7209
-2,9352	5,6533
-17,5500	15,8111
-18,7291	1,4588
-2,7386	-10,7307
1,1281	-4,1770
-27,8387	14,5003
-7,0635	3,1626
-2,0830	-8,5026
2,5046	3,3594
-2,6072	-15,7771
17,8400	-8,2404
8,3371	-12,6314
14,4320	-7,6507
5,2571	-7,5196
1,0627	-11,2552
5,7815	-10,0755
-2,4108	6,7017
-8,8985	10,4370
-13,8139	1,3932
-8,5052	-10,5341
8,4027	16,2045
4,6672	4,2112
-4,1146	-15,0559
7,5510	13,5176
4,0118	8,9297
2,3736	7,1605
-2,5416	2,9006
12,4660	-5,5536
6,8955	-4,8980
2,6355	8,0123
-4,2455	1,9830
8,6648	0,0170
-9,2263	-6,7987
-0,4446	-2,5386
-1,8862	0,8691
-11,2581	-1,2936
3,6188	8,7333
1,9146	7,4881
-4,8355	-4,3083
-10,7992	-2,4733
3,2254	1,9830
-5,5566	-3,2599
5,8467	-15,4494
-7,3260	1,1965
-12,8309	-15,2531
-17,7459	-18,5952
-0,3793	-16,2359
-11,7168	-15,3840
-10,6028	0,0823
0,1451	-15,5808
-8,0471	-21,1511
-4,8355	-6,5368
1,1935	-1,2284
5,1914	-10,1414
-7,1295	-17,2190
13,8422	-7,3887
-10,3407	-2,4081
5,9124	-19,8405
-9,5541	-8,8303
11,8761	3,8834
-2,6075	-0,1797
-8,1122	3,3592
2,1769	-6,0778
-3,0662	2,5730
-7,1292	8,6024
-2,6728	4,0803
12,0073	16,2702
-6,8671	18,5637
14,0392	-4,8324
12,6626	4,8015
20,7893	3,5562
19,2163	11,2893
27,3427	-5,4881
0,0143	-12,9589
22,6897	-5,1603
7,0921	-5,8159
3,6186	-13,2869
-5,7528	-15,5150
-1,8865	-6,4057
-13,1585	-14,1390
-8,3090	-13,3525
3,0288	-27,7047
-18,7950	-9,1581
2,8978	2,4416
-9,4888	-17,3502
6,2399	-11,9104
-13,4865	-1,9490
2,7011	-7,2575
-3,3940	16,7288
9,8443	3,5559
-7,1293	2,1146
-4,3768	21,9061
-5,4907	8,4714
17,4465	9,9132
-6,4739	21,5787
5,8468	17,7118
-1,8208	7,0951
2,5699	3,8840
-1,1654	14,6317
-1,2967	4,3425
-1,8864	10,1752
-8,9645	5,9807
-9,0955	7,4226
-14,9283	8,1434
-4,0493	-4,3739
-11,0618	-4,9635
-2,6732	-5,3569
-20,4332	10,6994
-7,2605	0,6068
-14,8626	1,9832
-10,4062	7,4227
-16,2386	1,3278
-8,0468	3,4248
-3,2625	4,8012
-10,9303	0,4102
17,2502	3,2937
-1,6243	1,0000
7,8132	7,1602
9,2547	-14,0078
20,7237	-16,4325
24,1314	-2,0803
19,4782	-17,0225
1,7840	-14,1387
18,9542	-14,2046
10,0413	-23,5760
11,3519	-13,2213
-2,0828	-2,6047
0,8007	-17,4158
6,9611	-21,1511
-9,3575	-4,5707
1,5216	1,8517
-12,0446	-6,7989
-5,6876	-5,3571
-10,9306	-16,6291
-3,2630	-2,4078
-27,5112	-13,2213
-3,8528	-12,5660
-18,5985	-13,3524
-18,4018	-1,0317
-23,3824	-15,1876
-24,8899	-20,1682
-33,8681	-15,7773
-19,9747	-6,9956
-33,4093	-17,2848
-29,6739	-18,0055
-27,7077	-9,6171
-30,0015	-16,9570
-18,9913	-18,5298
-16,0424	-16,8914
-7,5883	-2,6045
-15,5837	6,8979
-2,0176	-12,0417
-7,5882	-12,0416
14,0386	-3,1288
-3,5904	-14,3353
-4,7045	-10,4032
-5,0975	-12,5658
5,5191	-6,9954
-7,9810	-11,0587
-3,0005	-7,0609
7,8786	-9,1582
-11,5201	-5,8159
4,3397	-16,1049
-0,3791	-1,2283
5,1260	-5,6193
-8,2434	-2,4080
4,7982	-7,1920
-1,2966	-6,3400
16,0702	-6,1433
-3,5249	-0,1140
7,7473	-4,5703
-7,9156	-4,3081
-6,1462	15,6802
-3,9834	9,7164
-0,6413	15,9423
-6,3426	4,8669
-3,9180	5,2602
8,4684	21,9060
-13,5519	6,1775
4,7330	20,9886
4,0117	4,9977
5,6502	14,6316
-5,1632	-4,7671
4,5363	-9,0923
-2,2141	-2,6043
-5,2288	-5,2914
-3,7212	-3,7185
3,2908	-1,7525
-4,0490	-3,5875
-1,7555	2,3107
-4,6388	-7,3231
-7,5227	-11,3205
-8,9642	2,5729
-9,9474	-0,5073
-15,9767	-6,3400
-10,9306	4,8667
-7,7850	10,6992
-26,0694	-4,1118
-5,8845	-7,5850
-20,1057	-2,0144
-9,2268	6,1775
-31,8366	3,2284
-11,6515	-4,5703
-13,3555	0,7382
-16,0426	12,8622
-27,1833	10,7649
-12,5690	-3,6528
-7,1950	4,5392
-8,9645	1,7865
-12,3722	6,7672
-9,5542	-8,3062
10,1720	-12,3692
-15,7801	0,1478
1,7836	-14,9255
-12,6343	-26,3941
10,2375	-19,4473
-18,2049	-12,5006
-11,7824	-19,3820
-10,8649	-25,0834
-17,7464	-14,2700
-23,3166	-4,5708
-17,9429	-20,2994
-13,6173	-13,3524
-21,1543	-7,7819
-11,7824	-11,3208
-18,2052	-18,5297
-6,6051	-11,3862
-19,4503	-15,0563
3,4875	-6,0780
-10,2097	-26,8528
5,9123	-26,5905
-6,8018	1,9173
0,2107	-12,5006
-6,8017	-3,3255
-3,7870	-7,7820
-10,7337	-9,1581
-1,3623	-6,0123
1,0627	-12,6970
-4,3114	-4,8325
1,4561	9,7817
-10,9305	-10,1410
9,2549	3,5561
1,5213	12,9275
2,9633	5,7184
0,2763	-5,2914
8,0749	-1,8836
-8,8987	-0,5073
1,5214	6,2428
-9,4231	-8,0440
1,1936	-7,4540
-13,1587	-0,5073
-18,4671	3,0972
-19,4499	12,4687
-15,1904	-4,8327
-1,5589	8,0781
-16,6321	12,7310
-15,1901	10,1750
1,3902	0,8690
6,1087	-1,5557
-10,4062	-1,5557
9,6478	-7,1918
-7,7193	2,6387
-7,5226	-3,3907
-9,6197	-1,3591
-5,8188	3,3593
-16,9596	-5,8155
-2,9353	4,1459
-20,6297	14,2382
-10,0785	-7,9784
-8,4400	-7,3228
-18,2705	4,9977
4,2085	0,9999
0,9313	-8,8303
-0,9035	-7,3885
-12,4378	-3,8497
5,9121	-4,1773
-11,8480	-14,2043
7,3539	3,5558
-14,2073	-8,3062
-7,3916	-2,2769
-5,2288	-8,8306
-5,7534	-25,8042
-22,3336	-8,3063
-15,4525	-21,8069
-4,3768	-27,5738
-8,7680	-17,5470
-12,7653	-19,5787
-5,1634	-22,6588
1,5213	-33,1445
-9,5543	-17,8090
-0,5758	-7,0614
-5,5566	-32,2270
5,2567	-19,0540
-3,5251	-12,8282
-1,7557	-6,3402
-16,0423	-17,1536
-8,2437	-6,6021
-15,6490	5,1286
-9,8165	0,7377
-18,5327	-6,5366
-29,2149	4,9976
3,2254	-5,2914
-25,8072	18,3014
0,9318	3,9489
-13,0278	-10,5342
-3,9834	2,0487
-2,1487	12,7965
13,6456	-0,1796
-3,5903	2,9008
7,6819	21,3817
2,5703	1,6555
12,0728	-1,4900
-1,7551	7,2261
1,2594	8,4714
2,7669	9,7165
7,2232	1,9177
17,6435	9,0612
-2,6727	15,0248
12,3352	16,7286
5,3227	4,0147
14,8254	10,7650
3,3565	2,5073
10,0413	4,4080
5,5193	-2,9977
13,3834	-6,1433
-1,5586	5,6530
13,8421	-12,3039
6,6333	-11,3206
13,3832	-13,8112
-18,2703	-1,0316
-2,6728	-6,3402
8,0750	-10,2065
-4,7046	1,0655
-11,4545	12,5343
-12,7653	3,6214
13,7111	-2,8665
-17,9428	6,7673
-3,4592	6,1774
-4,4422	-6,9952
17,9710	-5,1602
-2,6729	3,7527
4,1430	-5,0293
-10,9957	-11,0584
11,0898	-2,5388
3,8152	-0,8351
-1,1655	-4,9637
-4,0489	-3,9807
-1,1656	-3,2599
-2,0829	-8,7649
-8,8989	5,1942
-2,0175	-20,1682
-9,2922	-20,0368
0,7348	8,2090
-24,1032	3,8179
-0,8380	-3,0631
-2,1488	2,9661
-12,2414	6,8984
-18,7946	2,5729
-4,1148	-2,4732
-2,9350	14,5661
-8,7679	13,1897
-9,4229	3,2283
-8,2433	-13,8109
7,9441	2,3110
0,2107	22,4301
6,9612	4,3422
6,6334	-9,8134
21,6411	-4,1118
0,0798	2,9660
31,7993	-15,3185
11,0898	-14,7941
27,6051	-7,0609
24,1316	-7,9130
28,5225	-4,8328
14,7603	-24,8213
32,2581	-4,5050
19,9375	-1,3596
20,3306	-19,4473
11,7457	-17,7432
24,3284	-7,1265
31,7339	-8,6993
17,7746	-1,0317
24,6563	-8,6338
21,5101	0,4102
28,5882	1,0655
9,1896	-11,8449
31,4062	-13,2211
23,6729	-6,6676
24,7214	12,9274
13,4494	-17,8090
17,4469	-16,5633
9,8448	-5,0949
1,1939	1,9175
9,3206	-19,3818
2,0458	-6,7987
9,7136	2,5728
-1,4275	-4,4397
5,0605	-4,7018
-3,3937	-7,9130
-2,1485	-11,9108
-10,5372	-14,4012
4,1428	-23,6417
-14,5349	-22,5931
-7,1294	-15,8429
-19,2534	-22,2654
-14,6005	-12,8937
-19,1223	-5,0295
-23,1857	-4,8983
-11,7167	-0,7040
-15,7802	0,0826
-8,4400	4,2113
-28,1665	15,0903
2,1768	12,2723
1,5866	5,9155
7,9438	12,9279
-0,9692	17,1222
-0,5758	24,9210
-4,0491	21,5130
12,8590	12,6657
-4,2457	16,7290
-0,1169	4,0805
-11,3891	14,1732
5,9779	18,8915
-8,0468	19,4815
-0,5757	18,4328
5,2571	5,7845
1,7180	12,4038
7,8784	21,7098
-7,9811	20,6612
19,4784	21,2511
3,6841	27,6081
6,8955	29,7051
-4,1800	23,3482
20,3304	7,8819
0,0796	26,6252
10,9586	37,0450
-14,9935	12,9281
-6,9983	16,5981
-15,6490	18,4986
-13,1587	27,7391
-17,0252	19,8746
-17,4842	16,0081
-8,3090	17,9086
-10,9962	7,8815
0,0795	-2,8007
-15,4527	4,6049
3,2907	14,8282
-20,1056	13,2553
-4,3769	-11,9104
-6,1463	3,0320
1,7834	4,6046
-1,4277	2,7696
-0,9690	-2,3421
-7,1290	5,9154
0,3418	11,2893
-4,8352	15,9422
-2,9348	8,0125
17,0537	11,3549
-6,6705	14,8938
5,0608	13,6486
12,7280	1,7868
12,5970	14,3697
8,9269	22,2992
5,3225	13,9108
3,1600	0,5415
4,7982	14,1075
-6,3426	11,0925
5,1913	10,0440
-10,9958	5,7187
-9,6197	7,8159
-10,7337	12,4689
-9,6197	2,3107
-9,2264	-0,9659
-12,7655	2,1798
-7,2604	7,7503
-19,4501	8,9953
9,6479	-8,6337
-1,1003	-4,3738
4,7982	12,7308
-10,4060	3,2281
9,9756	-6,9954
-10,9304	2,3106
8,0094	2,7037
-20,8262	-8,1097
-3,8526	-19,4472
-14,9281	-16,4325
-25,3484	-2,3424
-9,0298	-13,0247
-14,6662	-8,0440
-14,6004	3,4903
-20,5643	-12,3694
-2,0830	-6,0123
-11,3893	-8,2406
5,9123	-0,2453
-7,7192	-10,0102
0,5384	-18,9231
-5,0977	-20,8889
11,6794	-7,5198
-2,4763	-11,0589
6,1088	-30,9162
-13,1587	-28,5567
-16,0423	-10,4690
-23,3166	6,5700
-13,8796	-33,4067
-6,0153	-14,9908
-26,4626	-7,6512
-0,5758	-26,1976
-13,0278	-25,6731
-2,7386	-17,1536
-16,5667	-21,2169
-11,1270	-14,2700
-2,7385	-20,7580
-0,7727	-7,5199
-16,3043	-6,6679
-9,9474	-10,6002
-5,9496	-19,5783
3,9461	-6,8644
-9,8163	-14,5321
-12,7653	-7,1918
1,1284	7,1603
-4,0492	-1,7524
3,9463	8,3402
-15,9767	-0,7038
3,8153	4,6048
-8,3747	12,7968
5,6501	4,9325
-8,7678	3,6874
6,8952	12,9935
-17,2218	29,7706
14,4976	17,9085
-13,2896	16,5980
-6,4736	21,3167
2,9637	28,6564
11,0242	15,8771
4,8643	22,8894
8,2720	16,7946
16,0708	19,5471
10,3034	16,2047
13,8424	15,4838
1,3249	6,7021
21,7722	17,8430
3,8806	4,4080
12,3348	-1,8177
-8,9645	14,8282
3,4874	10,5027
-10,3406	-3,7841
-11,1273	-9,5511
-29,2149	-12,8935
-12,6345	5,3911
-20,4988	2,5728
-23,3824	-7,9781
-9,9474	5,0635
-24,7589	13,5176
-17,3528	13,6487
-11,2582	1,7868
3,3563	11,3551
-9,9475	21,8408
14,8254	6,8329
13,7111	-3,9803
9,5825	13,3866
11,0900	7,4226
21,6412	2,9661
6,5681	-1,5559
27,0153	-7,8474
14,3012	-5,1605
8,5342	-5,4228
29,1124	-13,1560
-0,9033	-2,8015
4,0122	-16,6950
12,7936	-14,4012
4,4049	-16,7604
-8,7677	-8,9617
6,8297	-12,8282
-14,6661	-9,9446
1,7835	-4,2429
-12,8965	-7,3231
-6,0153	-6,6022
-10,8647	-7,3230
5,5191	-8,9615
-7,9157	-2,7356
-13,0930	-3,1289
-5,2285	-26,4595
-2,1486	-2,9976
11,4172	-14,8599
-16,5666	-8,9615
2,1113	-14,4666
-17,6808	-13,7457
4,0772	-2,1459
-9,9476	-12,3039
0,9970	-22,5928
-13,2244	-6,9296
-6,2120	19,0222
-10,9959	-5,4881
5,7157	-2,8008
-1,8209	-1,2280
3,3564	6,1120
-1,3617	7,2260
12,1383	5,5221
10,8933	-3,1288
2,8979	0,6724
15,4808	-1,2283
5,7814	-3,7841
18,6265	-2,1458
5,2571	-8,1750
13,3835	-2,3423
7,6820	-4,8982
12,6625	3,8180
-2,1483	-0,1796
7,7475	-2,5390
10,0413	-6,0122
-0,9688	2,3761
15,2843	-4,8328
-6,6049	-15,5806
4,2088	-21,8064
-1,3620	-6,8644
10,6967	4,9317
6,8297	-25,0836
-0,5100	-19,9715
-4,2458	-6,0782