72,4152	-72,1831
94,8286	-70,3482
74,9056	-69,2340
94,1077	-56,1926
86,5056	-76,1810
105,1176	-77,5571
78,4446	-67,4646
96,8603	-73,3630
92,7970	-70,9382
97,5155	-87,9777
87,4231	-94,6622
89,2580	-89,4851
97,8435	-111,3086
96,3357	-117,2067
91,0933	-99,9711
89,3237	-108,9497
112,0647	-118,7800
104,9211	-117,2727
104,0694	-134,5088
98,3679	-121,5325
115,7348	-126,8412
108,0016	-140,4725
109,1157	-122,1881
109,0503	-144,6671
120,6498	-136,0817
111,2128	-133,4606
106,2974	-158,7573
105,5768	-152,5970
105,4455	-162,2309
104,8557	-160,5270
94,3700	-150,3035
92,3386	-160,5274
90,8968	-174,6173
107,8706	-171,0130
90,5036	-177,0423
123,8613	-165,3115
105,9045	-180,1882
137,8205	-180,7124
112,5894	-177,6324
136,5101	-172,3897
133,4955	-216,2329
135,1995	-178,7465
138,8696	-195,7206
136,8380	-183,7275
141,0982	-202,2090
145,9474	-219,4444
153,2221	-198,6698
138,3454	-218,5930
156,4333	-226,4569
139,9837	-218,9861
150,1417	-219,8381
135,5273	-213,6779
147,5858	-231,3727
146,4718	-241,9890
140,5733	-213,1536
133,6269	-230,7831
136,2480	-237,6641
135,0030	-237,2711
117,7013	-252,0823
126,7455	-258,5704
133,8230	-268,4009
126,8108	-265,9105
112,3274	-272,9231
131,3327	-281,3773
110,2957	-280,1977
129,8909	-297,0407
114,8175	-307,9196
122,9440	-308,4440
109,5747	-314,9324
121,1089	-336,1004
109,4437	-324,1075
122,6161	-338,6568
112,3271	-361,9219
116,6523	-351,3707
108,2639	-353,6647
119,1426	-354,5823
115,0795	-354,7790
101,6446	-374,2430
108,7228	-352,8130
107,8051	-366,9034
115,6041	-383,8114
109,7714	-374,5710
138,2796	-370,5735
124,5171	-391,8727
134,6098	-397,5087
150,7315	-402,1621
139,5903	-407,9294
154,0084	-417,9566
137,6897	-441,0251
131,2020	-436,1758
134,6096	-451,5770
146,1439	-463,1768
123,5996	-465,0121
136,7069	-474,5150
130,6118	-484,4110
142,0151	-488,6710
114,4245	-513,1159
133,6266	-511,5432
123,1407	-512,9852
132,9710	-526,8790
126,0242	-542,2798
124,5824	-543,7218
115,5385	-551,1930
124,9099	-553,8147
112,8514	-573,6720
99,4820	-562,4000
99,8098	-568,8229
98,3678	-593,0710
99,8095	-584,2894
81,2627	-599,4284
81,3284	-599,1662
74,2503	-597,9870
84,6048	-611,3563
68,6794	-595,6277
64,2231	-630,7552
69,3347	-639,6021
71,0385	-618,9587
58,0626	-636,0636
54,7856	-632,5249
57,0140	-653,9551
62,5842	-661,4917
51,1812	-651,1373
26,5396	-671,7158
47,4457	-687,9030
27,8500	-675,9757
30,2094	-679,7772
18,1506	-711,0376
27,5221	-708,4164
9,9585	-724,4073
30,1433	-709,1376
5,7642	-731,0926
10,4826	-757,6343
25,0316	-738,1705
12,4485	-768,3174
21,4926	-776,8369
9,3681	-782,3423
6,2883	-803,1172
-4,7875	-796,8917
-1,4450	-821,2057
-7,4091	-844,1431
-7,9334	-838,3108
-20,3199	-861,5107
-25,2351	-866,1637
-32,4443	-862,0352
-37,8184	-871,8659
-50,9256	-886,1528
-48,8288	-898,8667
-72,4872	-902,1434
-66,1305	-894,7382
-80,0241	-900,0467
-94,9666	-910,8600
-97,4568	-913,2850
-102,1758	-909,6151
-112,6616	-919,3145
-130,7496	-916,1035
-128,6524	-938,4513
-140,3836	-931,9633
-133,6337	-951,2968
-161,8795	-972,5957
-147,0031	-970,6298
-174,3316	-980,0672
-159,1274	-982,1645
-170,5964	-987,9973
-172,5626	-1001,1702
-186,5217	-996,4516
-193,8619	-1011,5252
-202,6436	-1025,8117
-204,2823	-1006,7411
-206,5761	-1021,1591
-214,9650	-1018,7999
-228,0065	-1022,5355
-237,3783	-1040,4925
-249,5680	-1038,7230
-255,9906	-1052,1580
-238,1652	-1058,1872
-280,6981	-1042,2623
-268,5084	-1061,5301
-280,7641	-1079,4212
-294,5924	-1069,3942
-306,0612	-1078,7660
-316,2197	-1073,4576
-330,7031	-1090,3658
-345,7112	-1087,4166
-355,3449	-1066,7075
-359,6051	-1080,3391
-368,0594	-1088,1376
-391,2591	-1079,1592
-372,1884	-1080,0768
-417,7361	-1080,1422
-408,1679	-1077,7831
-426,1906	-1076,6034
-426,3218	-1068,9358
-455,7475	-1078,8973
-444,1479	-1092,9873
-477,3746	-1069,5256
-467,3478	-1083,8780
-469,1830	-1078,7005
-484,8464	-1079,5526
-488,6472	-1096,1329
-501,8858	-1066,5108
-502,3444	-1075,3582
-516,0417	-1078,6349
-503,9831	-1066,2485
-526,5276	-1066,4452
-516,8282	-1049,9957
-541,7319	-1059,5639
-510,9958	-1058,7116
-543,3051	-1035,2499
-527,9697	-1042,3933
-539,6354	-1046,8493
-541,2083	-1021,0936
-551,5630	-1009,8216
-571,8138	-1015,0641
-564,0804	-1009,8865
-585,4456	-989,5047
-587,4114	-978,8879
-601,5019	-975,0866
-594,0964	-968,5983
-615,4613	-960,3407
-605,0411	-957,2604
-626,7991	-946,4468
-614,0198	-930,5871
-639,1202	-926,5236
-634,7948	-895,8528
-636,5644	-903,2583
-630,6665	-911,2532
-646,1983	-882,2205
-641,6110	-866,8851
-648,4266	-866,3605
-649,0165	-837,9834
-642,1351	-833,9856
-643,3804	-820,4193
-652,3584	-802,0037
-643,3147	-805,6734
-632,3702	-776,0509
-650,5234	-757,8975
-631,3869	-756,9142
-625,1612	-752,7197
-624,8990	-749,2460
-633,1563	-725,8495
-612,5782	-723,9490
-624,7677	-727,1598
-614,2166	-701,3386
-627,9134	-689,7387
-620,8356	-678,4007
-615,8547	-670,8640
-639,9066	-670,8637
-625,7505	-643,3382
-624,5712	-627,1509
-611,2019	-625,6432
-648,5573	-594,3825
-628,3721	-604,9336
-632,3045	-596,6755
-628,1757	-573,4103
-640,7585	-559,6475
-625,0957	-543,8534
-637,2196	-546,9988
-625,9475	-540,8382
-614,4786	-510,8881
-631,2559	-514,7547
-608,9733	-513,7714
-610,6121	-504,2029
-606,5484	-482,9692
-616,4444	-470,5829
-600,4534	-474,0561
-611,1357	-455,6403
-595,7347	-439,2562
-598,3561	-432,3094
-579,6783	-436,1756
-588,4600	-409,9612
-561,7214	-411,5995
-557,2648	-403,6694
-554,1192	-390,7587
-562,7040	-388,2025
-549,6622	-364,2164
-536,0963	-368,8693
-543,0432	-354,2545
-536,7513	-332,8899
-537,4724	-344,2275
-524,0374	-337,1492
-528,3630	-332,6273
-521,4160	-320,8306
-553,3319	-299,7281
-513,7482	-297,4999
-526,8555	-307,6576
-504,1146	-299,4653
-525,0205	-282,3606
-514,0758	-285,8993
-513,4860	-275,4134
-514,0757	-258,8329
-493,1697	-272,3330
-492,3179	-239,9582
-489,4995	-248,6745
-504,1794	-237,6643
-486,6154	-228,9480
-482,5525	-231,1105
-473,6394	-221,4111
-484,7148	-221,0834
-462,1050	-215,1195
-473,1805	-208,6969
-454,1095	-210,6628
-465,7093	-182,1547
-461,8426	-205,6165
-445,9829	-195,9822
-453,7163	-170,3578
-447,6211	-167,6708
-437,9221	-162,1000
-433,3999	-153,3838
-444,2134	-162,1654
-440,4775	-141,8491
-438,7081	-150,5656
-417,5399	-152,2692
-439,7566	-128,6108
-418,4572	-148,7304
-419,3748	-141,9799
-411,5105	-124,4820
-416,8187	-123,5644
-407,0539	-122,2536
-401,4178	-130,5766
-398,4686	-112,8161
-400,6967	-101,0854
-393,4222	-108,8186
-390,4729	-107,3766
-398,0097	-93,4174
-386,6715	-93,8761
-381,0356	-90,4026
-378,0209	-88,0432
-388,7686	-80,1788
-364,1271	-67,7269
-365,5034	-73,0353
-364,0615	-70,9380
-362,2918	-53,5054
-338,5681	-58,4206
-352,9202	-56,8476
-343,4176	-54,2917
-343,9417	-57,0439
-349,8400	-31,4851
-337,1259	-43,9370
-346,8909	-54,5535
-331,8829	-28,0769
-345,6455	-40,5290
-327,0986	-38,1039
-332,8658	-29,6499
-317,9891	-43,1502
-327,8847	-15,1008
-288,3668	-31,2229
-320,4793	-41,0529
-290,6601	-28,6010
-283,9756	-26,9628
-282,7304	-32,5333
-289,8735	-25,6520
-278,7981	-30,6327
-262,4140	-28,0111
-292,6917	-23,2271
-264,7729	-29,5839
-268,7710	-10,1855
-274,0789	-20,8677
-270,0160	-6,5808
-262,9378	-3,8939
-255,7945	-3,4352
-251,2071	-5,2700
-256,9085	-3,8282
-252,3210	2,7910
-250,4203	-3,7626
-226,2377	-0,9446
-237,6408	-0,2890
-229,5144	0,8905
-224,7300	-5,9905
-217,9800	13,3425
-224,2711	8,0339
-224,7955	1,0220
-215,4236	22,9763
-233,5117	21,4032
-217,3239	12,2939
-226,7614	11,4422
-216,6686	12,6218
-213,7195	23,5663
-197,9255	21,5346
-206,6418	26,7121
-194,1243	34,3797
-205,5275	33,9210
-197,2044	24,9427
-195,5658	28,2852
-202,1196	34,5765
-192,7475	32,3483
-185,6701	31,1688
-178,4608	26,5158
-185,9976	57,0555
-175,5771	50,5671
-184,4244	27,1056
-162,2077	42,3756
-169,6132	39,4262
-162,9284	44,7348
-152,8357	53,6476
-144,6439	41,5234
-140,8427	44,3416
-146,8064	48,4048
-134,2233	40,0819
-140,5150	61,6430
-128,5871	47,6183
-142,6120	41,1305
-130,5531	41,3925
-137,5001	34,0525
-137,6965	56,8589
-132,1915	40,3437
-124,7206	31,6932
-144,5779	40,5405
-121,5749	39,8196
-143,6604	49,4532
-136,6481	46,8975
-135,3373	38,9677
-116,0699	51,5506
-123,8686	50,4363
-122,1648	40,9340
-123,4097	52,0750
-130,7498	50,5020
-124,5892	35,7566
-124,5893	42,1136
-120,3292	45,5868
-134,3538	47,2251
-94,6390	31,4966
-112,0062	33,8558
-98,0468	48,0770
-92,0831	38,0500
-91,9521	41,5891
-98,7020	48,5359
-75,1091	47,4873
-81,5972	47,1597
-76,4200	46,5044
-76,3541	38,1816
-80,4176	63,6749
-85,8566	57,7764
-68,6867	32,4801
-90,1822	61,7745
-101,3888	57,6455
-85,9223	58,1699
-100,0782	60,1358
-87,6263	49,5847
-96,4738	62,2331
-83,1043	53,1235
-86,9711	55,4174
-73,8640	60,1359
-85,7258	49,5845
-83,1700	58,6942
-81,6624	48,4047
-70,9804	37,4606
-79,3686	47,3565
-71,3079	56,0723
-70,6524	36,9361
-82,3178	50,1743
-74,7156	53,3854
-89,4611	44,0138
-63,5091	38,2467
-83,3010	41,9168
-85,7912	51,2227
-81,1382	36,4771
-69,8007	25,7950
-85,5291	38,3123
-77,0751	43,4238
-76,4851	35,3630
-68,0967	28,2197
-69,0797	37,7879
-74,3226	42,1786
-70,0625	28,4162
-73,7326	17,5375
-69,0793	43,8172
-74,7154	39,8848
-50,4671	23,6322
-65,6716	40,8026
-54,7268	44,7344
-63,7053	39,0330
-58,2002	39,3605
-55,1199	33,8557
-40,7024	56,3998
-68,0961	30,3165
-48,7631	13,8018
-49,2219	33,8557
-71,9629	28,5470
-57,1515	27,2365
-58,9212	25,2047
-54,2026	23,0421
-57,1517	22,2556
-58,6590	23,3697
-70,3241	18,4544
-41,0952	19,6341
-48,5666	14,7846
-59,5107	11,2455
-43,4545	16,5539
-45,0931	6,5924
-53,4158	17,5369
-45,5517	7,9030
-52,1052	21,4035
-45,9449	18,2576
-43,2578	5,0851
-47,1900	4,7575
-40,8329	21,7968
-54,7264	14,7187
-29,0364	19,2409
-46,6655	11,7698
-28,6432	18,9134
-42,4712	21,9934
-21,5653	23,1077
-36,7040	33,7899
-20,2546	26,3189
-24,7110	25,9913
-24,7109	30,9720
-26,3491	27,6952
-7,4095	14,5226
-22,8103	31,3653
-24,7107	36,6735
-12,5866	22,3212
-23,4655	20,7485
-18,7468	26,5155
-22,8101	26,2534
-20,1231	23,6976
-23,9897	21,2071
2,3555	35,8216
-19,7300	14,5222
-14,7493	6,7895
-5,9019	30,2510
-5,1157	22,1899
-11,6691	12,2942
-10,6208	23,1730
-4,0014	6,5271
-26,5459	31,1685
-17,0429	20,4860
-25,9560	19,1101
-14,2906	35,2973
-35,2621	36,6734
-19,2712	27,1055
-45,7478	39,2295
-18,9436	29,4647
-34,0170	44,4725
-16,4533	30,9719
-13,7010	21,2730
-14,9462	34,7078
-29,3638	37,0669
-17,3054	35,9529
-9,3101	35,6252
-21,2376	32,2830
-14,4873	48,2081
-19,9269	39,4917
-12,7178	35,0355
-29,2983	38,9675
-6,6883	40,6713
-15,7325	19,4378
-13,2419	24,8773
-18,2880	33,6589
-0,5279	27,6295
-6,7536	18,0612
-1,5765	7,6411
1,7004	19,5684
-0,3968	4,1674
-2,8870	-5,0075
1,6348	-1,1410
-3,0181	10,2621
-16,5186	3,7739
-3,9355	1,0215
-15,9944	-4,6145
-9,3751	16,4881
-28,3806	13,5388
-6,4917	1,8736
-27,8564	7,8376
-7,0815	8,5585
-12,1935	21,7312
-16,5844	22,5176
-17,8950	16,7507
-18,4194	32,2171
-16,5186	28,6126
1,8310	29,2025
-28,8395	32,6103
-12,7177	27,7607
-12,0622	33,9866
-24,8417	30,1198
-3,4770	27,9571
-23,7932	35,7560
-3,8701	25,7943
-17,4361	14,7846
-0,1346	24,6805
-5,8362	27,3673
-0,1346	25,2702
-4,1321	17,2094
16,1182	19,7655
-0,9865	45,9795
10,7445	24,9425
29,4877	24,7462
2,3557	33,6590
2,4218	35,0351
19,9852	22,1247
27,3252	27,7609
6,1573	29,9233
23,1966	25,5325
5,9607	26,5811
25,3593	6,5270
11,5311	29,8580
7,7301	32,5444
8,5820	21,7312
9,1717	22,1245
-3,2801	15,1776
6,3533	18,6510
-9,7028	15,9641
-9,7029	11,6388
-12,9142	21,8624
-15,9288	17,9957
-5,9674	14,5880
-22,3514	32,8068
-16,3875	18,3889
-25,6281	24,5494
-8,6543	12,8185
-15,7323	16,3576
-5,3120	37,5255
1,8969	35,4282
-4,6568	18,6512
-10,4890	39,5573
4,0597	38,0497
5,3706	27,8918
4,4530	15,7022
6,4849	20,6175
7,1400	40,0814
13,2351	20,3549
8,5819	7,2481
8,6475	23,3042
-5,5081	27,1051
15,0700	7,5754
6,0916	14,4569
18,9366	17,0782
4,1911	29,9887
18,2813	16,6849
13,2352	18,1925
30,6674	29,3335
13,0385	26,7120
13,2350	21,3384
16,7086	31,8895
9,3029	27,7609
13,1698	48,0769
14,5458	34,7730
23,6554	21,0764
6,0261	44,8658
14,9393	34,8387
13,8905	37,0672
29,8155	47,8149
5,3708	41,2614
17,4294	49,9776
11,0724	36,4772
21,4925	35,2323
14,8079	55,9415
12,7106	52,6645
7,2715	47,8805
12,0555	55,5480
25,0971	32,2173
18,1502	47,3560
30,0124	16,3575
16,9706	12,0324
19,0680	36,4114
12,0556	17,8644
30,4056	5,0197
20,1164	15,3743
20,3131	17,9300
13,1698	10,9832
35,6484	11,8352
22,3447	9,9346
15,1357	24,5491
27,5878	8,8859
32,9613	-8,2186
26,3425	27,2362
13,0386	17,0124
30,4058	4,6920
15,5944	23,0419
26,9979	10,7868
11,7279	36,8045
29,3572	17,5369
24,6386	13,9983
29,8814	41,0644
23,5246	36,9354
40,9571	17,0783
35,7143	10,1316
48,6903	8,5588
30,0783	28,4814
41,0882	9,8036
37,8116	-1,4028
36,8283	11,5732
43,8407	8,2309
27,0633	22,3210
28,9639	22,3864
3,4050	11,8353
27,8497	17,0783
-0,1998	27,3673
16,0532	17,4060
-1,7072	38,2464
7,6645	27,4329
6,6814	18,5204
16,9048	51,8779
8,9097	39,0983
22,1477	31,6929
14,4802	21,4038
23,1310	17,4063
30,0124	30,5788
26,0147	27,7606
29,4882	22,3211
23,2624	29,2023
41,8091	27,2362
36,9593	20,8137
42,4644	26,8430
31,1267	14,1290
27,5877	29,1368
35,3866	14,5222
39,0563	14,3258
27,9154	31,4961
21,4928	27,6293
24,7043	25,7945
23,5245	18,7167
36,3041	35,8215
29,8814	35,8212
34,2070	-1,4029
29,8816	15,8334
43,5131	30,1196
20,8377	11,0488
40,7607	10,3935
32,3721	9,5415
49,9355	9,2137
39,5153	9,2137
43,8406	10,3933
31,3889	-6,1217
36,7628	6,3957
34,5347	5,8057
42,3989	-0,3547
49,6079	2,0700
35,3866	-5,2699
46,6591	-2,8452
31,6513	-10,5784
53,6061	-12,9376
49,6736	-7,9570
52,2296	-18,1805
47,1179	-11,0371
62,2565	-6,4497
38,1395	-15,6247
57,0135	-0,9447
48,6905	-17,5908
46,8553	-17,1319
31,9788	4,4291
31,7821	-15,2317
35,7798	-26,8312
21,8205	-11,8236
18,7404	-14,7073
15,0703	-12,5446
23,1312	-17,6564
10,0894	-12,7411
26,6046	-12,5447
4,7811	-20,4090
32,5026	-22,7680
8,6477	-8,1537
37,2212	-16,1492
21,2960	-8,4159
33,4200	-29,7805
15,3979	-16,3455
21,4927	-9,5955
15,3323	-18,0497
16,4465	-32,4018
30,8643	-12,7409
10,2860	-14,2485
28,1776	-10,2508
25,3592	-19,8190
24,7041	-13,3311
20,0511	-9,0713
31,3888	-18,0498
27,3912	-33,7127
36,1729	-13,4623
36,8939	-31,5502
36,5660	-26,0450
20,6410	-19,8193
36,8936	-29,7150
24,1798	-13,4621
16,9707	-6,6465
31,7165	-18,1151
26,6698	-13,8552
20,3789	-6,0565
21,2962	-16,9353
26,0149	-11,7580
26,0805	-10,5784
30,0125	-5,2701
25,6874	-14,5107
39,2532	-18,4428
26,0150	-17,3943
43,1852	-21,7854
34,3379	-24,0790
33,4857	-22,3097
29,4883	-31,4846
26,5388	-18,4430
22,4758	-21,8510
16,3808	-33,6471
18,1504	-13,0689
10,3516	-18,6395
15,5290	-29,1906
8,9098	-3,5006
22,4758	-5,4014
15,8566	-14,5763
30,8642	-15,2318
16,6430	-24,0135
26,0145	-20,6712
18,5436	-27,8148
22,5410	-55,9949
16,7740	-17,6565
17,4947	-30,3051
16,6430	-27,2904
11,0067	-20,5402
20,7717	-23,8826
3,0114	-24,4067
15,3979	-28,3388
8,5821	-25,6518
23,3276	-6,1222
8,0578	-11,8895
19,9853	-17,6566
16,0532	-15,0351
23,0654	-26,8315
17,9537	-6,6464
27,3906	-17,0013
8,9752	-25,5862
10,4169	-15,9526
5,1085	-20,6056
1,8971	-26,3071
-0,2000	-3,8283
-5,5740	-25,1275
3,3388	-1,1413
-13,5696	-16,6080
-4,1979	-22,0470
-23,7932	6,4609
-12,7832	-9,1368
-27,3976	-5,8597
-2,2977	7,5094
-18,8126	-0,9447
-13,8974	-12,6755
-15,0115	-13,9862
-17,0431	-10,0541
-12,0622	-1,5345
-18,7470	-6,8432
-4,9842	-31,0255
-12,8487	-13,4620
-5,1153	-10,9718
-21,4992	-23,6201
1,0451	-12,8067
-12,1931	-17,3287
2,8801	-11,1028
-11,4067	-17,1978
7,4677	-28,6006
-3,4113	-5,7289
8,6473	-10,3820
5,3706	-7,3672
5,7637	-4,2872
12,1865	-19,3602
6,4192	4,1672
13,4317	-7,8916
-0,2654	-17,9839
7,0750	-9,0711
4,3876	-9,3333
4,8467	-10,1852
-3,4766	-16,1491
5,2396	-13,9208
-6,6225	-3,0420
2,9457	-17,0012
-3,4114	-25,1274
2,5523	-6,8430
-8,7854	-10,9063
-6,5573	-15,2315
-6,9504	-14,3141
-9,1132	-22,8336
-2,1007	-10,1853
-11,2103	-24,6033
-7,6710	-30,4359
-12,4553	-9,7922
-2,3625	-32,2712
-9,9648	-28,1422
13,4315	-24,2759
-5,3118	-25,5211
11,4655	-27,2249
6,1570	-27,0285
21,8854	-42,9533
-9,4406	-16,9357
2,1592	-16,4116
-4,4597	-35,1544
5,1737	-5,4012
-7,9334	-20,2124
-23,5308	-11,1683
-11,2756	-12,2169
-11,6689	-12,4789
-6,8849	-9,1367
-20,9095	-4,6148
2,1590	-24,0132
-25,0385	-8,9400
-23,3999	-17,6563
-27,0045	-12,3477
-12,7834	-1,2068
-24,3177	-15,2970
-23,7280	-3,1727
-26,3494	-6,2531
-31,7892	-3,0416
-33,8205	4,2983
-47,3210	-11,3647
-34,4758	-3,8935
-37,8839	10,7865
-30,4783	11,3107
-51,0565	20,3546
-26,0218	11,5073
-41,1607	10,5244
-31,9855	8,8860
-50,5321	9,4758
-23,2691	6,8545
-26,9392	16,4227
-26,0872	6,8544
-30,4779	12,1629
-12,5868	-3,9590
-10,5552	-7,2355
-21,3031	13,6046
-19,9922	8,1648
-30,9367	0,4318
-21,6960	-3,0417
-18,6161	-0,1581
-23,8589	1,0215
-39,7840	-0,0272
-21,9584	-8,8087
-38,4078	11,3106
-17,5675	6,0677
-35,7866	-7,4980
-21,4995	2,6602
-25,1697	4,6263
-24,8419	7,6407
-26,0214	10,0656
-5,4432	2,3980
-3,2806	10,0656
-14,6837	-4,7455
-7,6055	-6,3837
-7,7367	3,3155
5,5673	-6,3840
-4,5253	-3,3036
17,2328	-7,1705
-0,3310	-4,9420
15,2667	-1,4691
6,5505	-5,8599
13,9560	-9,3989
11,2690	-10,1197
12,6451	-8,7436
8,1887	-8,1538
0,5209	-8,9403
1,6350	-21,1296
-9,5063	-6,9739
-15,7976	-6,3187
-21,6960	-10,3817
-12,5866	1,7423
-35,7864	2,9876
-30,9366	15,0462
-31,9199	7,9682
-24,2522	8,4928
-29,6917	32,8065
-27,1358	13,2112
-25,7595	7,7722
-22,2207	21,6657
-34,5413	13,0804
-24,9077	7,5756
-32,8372	21,4035
-20,3857	7,3133
-25,8905	-1,8616
-31,1990	8,8861
-19,5334	1,9394
-34,9345	21,7966
-18,4848	8,1650
-20,9753	6,6579
-10,0307	17,9954
-20,0576	13,4078
5,8291	13,3424
-2,9526	17,2088
16,1182	-4,7455
7,5333	13,0803
15,8563	7,5750
24,3107	-13,0684
9,3683	17,5367
9,8276	11,8348
14,8735	8,4927
13,7596	12,2939
10,1549	17,0780
14,1528	15,4396
5,0431	12,6873
14,6767	17,0781
-9,5058	19,5029
4,9119	15,8983
-4,1321	8,8862
1,7004	6,8544
-6,9502	5,0194
-5,2466	9,4758
-3,9358	8,5582
-11,2759	-3,7625
-12,1276	1,8736
-23,4656	4,6914
-19,4020	0,5629
-11,4725	6,6576
-6,0329	0,8905
-26,6767	5,2813
5,3049	-0,2236
-16,2566	-5,9907
-1,9696	-0,2236
-14,5525	3,3153
4,7806	0,3663
-2,2318	13,8011
-3,4114	-3,6315
-7,2780	13,8667
-5,3119	-6,5806
-3,8701	2,5947
-12,3898	17,0778
-1,6418	5,0846
-7,6713	-16,1487
-3,2147	7,2475
-16,3874	-1,9279
-15,6010	-4,4837
-18,7467	-25,9139
3,7973	-18,0495
-27,2666	-8,6781
-8,3267	-19,8192
-20,1888	-35,8097
-23,0068	-6,9084
-11,2759	-8,5471
-12,7179	-17,1321
-20,1231	-18,7704
-18,7470	-11,9547
-9,5718	-10,0542
-8,6547	-3,6974
-19,9265	-30,5669
-12,8487	-19,5568
-13,1108	-10,1199
-31,9851	-25,0621
-9,6374	-28,4043
-23,0067	-31,0912
-9,2443	-21,5230
-22,0237	-23,3582
-1,1834	-29,9116
-7,6059	-14,8384
-6,6885	-22,8993
-17,4360	-11,8236
-4,2635	-18,1808
-12,7175	-18,1805
-14,6836	-5,4012
-3,0836	-16,8700
-10,8824	-28,2730
0,1932	0,6939
-24,5139	-0,0929
-9,8336	-12,2823
-7,9332	-5,4009
9,1058	-1,2722
-18,3535	-6,5149
2,0935	-10,1849
-14,2902	-0,0922
2,0934	17,3400
-7,4091	6,7887
1,1102	-1,6652
-4,7878	6,7889
-10,4241	13,4080
-19,5987	18,6508
-20,9094	4,1018
7,4675	-11,8231
-12,9142	25,4011
2,8801	19,7647
-13,3072	-11,2990
4,9773	7,7720
-3,4768	-2,1241
7,7298	7,0510
-10,2926	12,1626
-1,4452	-9,4641
-4,8531	11,3108
-10,1617	-5,1389
-11,6688	-10,8401
-11,4071	10,7863
-22,2858	-4,9423
-27,8564	-11,6923
-20,1229	-1,7965
-25,3006	-8,6122
-11,8656	5,2159
-20,5164	-8,2847
-11,6036	-6,5804
-22,4823	14,3909
-9,9650	-0,4204
-11,9311	1,9392
2,1590	8,4272
-4,2634	8,7548
-2,8872	10,1312
4,4529	2,0046
-0,7901	-13,5926
3,8632	2,5946
-19,1400	13,7356
-4,9183	2,9221
-2,0352	4,6916
-6,2293	2,7255
-15,4699	5,5436
0,7175	9,4755
-8,4575	-6,1874
11,5306	7,8372
-15,2077	-9,7265
5,9603	-4,8767
7,7953	-5,9909
0,2585	-4,3525
0,9142	13,8664
2,2902	-4,5493
7,4679	-26,1757
11,5962	11,5729
3,5356	2,7252
6,0915	-12,0855
12,5795	4,6918
-7,0156	12,6215
11,8587	20,6824
12,2519	8,5583
11,1377	8,3620
3,4046	31,1028
11,7931	24,0903
3,9289	-1,9271
12,3172	28,8091
-2,1006	17,3401
-7,1469	19,3063
-6,0326	9,0171
-5,0498	0,4321
-3,2802	23,3041
-6,7537	17,5366
10,4823	1,5462
-11,9967	17,9957
-4,9185	17,9956
-11,2757	19,3720
-1,3798	23,8284
-17,6326	20,2240
-13,5694	32,3482
-7,1469	28,2194
-3,8704	19,1101
-8,2611	39,8850
-4,1326	29,9889
-9,2442	27,9575
-23,3344	36,4771
-3,6079	29,0715
-5,5089	30,9722
-13,2417	29,1371
-24,4484	24,6152
0,1277	49,0600
-23,2687	44,7345
0,1277	30,3824
2,0936	45,9144
-0,5933	46,9629
-3,0833	52,2713
30,8638	27,3677
4,9773	34,6423
-0,1345	48,9288
9,6960	24,4184
-0,0037	22,6492
-1,4451	34,3798
-1,9042	15,9641
-10,8170	22,1245
-18,2882	14,1946
-16,4532	13,8014
-31,6575	29,1365
-13,3075	20,3546
-19,6645	15,3086
0,2583	18,5198
-19,7955	19,1751
10,9408	17,7989
5,1736	4,1021
-4,6566	8,4277
1,5041	21,0759
9,4336	11,9009
1,1765	2,6605
8,7785	29,1369
8,5821	18,1265
6,9436	11,3765
11,9244	3,5777
4,6499	5,2161
17,9536	11,3762
7,8610	2,1355
12,5141	-9,0054
-7,2122	2,2012
5,3052	9,3445
1,5696	-3,8283
14,5454	-3,5658
-8,9817	3,5774
-11,1444	5,4779
18,2157	-4,1557
-1,9041	4,4952
7,4679	8,8860
-6,6880	7,8374
12,1866	11,9007
1,4385	9,0172
8,0578	21,1414
5,1741	24,9423
22,6721	14,5222
-4,0664	22,5833
20,1820	26,8431
16,1841	26,4498
25,6212	17,5371
10,0892	28,5471
6,7469	18,5856
5,2397	22,1246
5,0428	28,4814
5,6985	12,0320
-4,3943	23,5663
-2,1002	19,4372
-1,5107	4,9541
7,7300	20,3549
-6,6224	13,4080
14,1524	0,7596
-11,9309	-3,6312
10,4825	7,3134
5,1085	16,5538
7,9264	14,1290
3,8634	6,0026
5,5016	13,1461
15,8565	26,1221
12,8415	1,8083
-1,3793	20,8137
0,1279	4,1021
15,3978	33,1344
-0,9208	5,8713
19,7231	3,9710
-2,7558	19,6995
1,8974	13,4734
10,8759	6,9200
24,3105	3,5775
7,2058	-4,8764
18,0848	5,6747
17,8883	-6,7773
25,2936	-15,3622
17,1673	9,6723
18,5434	-8,9401
24,7039	-10,5126
8,9095	-3,5004
14,0216	-4,3522
2,6183	10,5243
20,4441	-1,0100
11,5310	9,5414
19,0679	18,6508
8,6476	3,4465
27,9152	6,1993
17,5606	13,0149
29,1605	25,3355
32,3717	6,0024
35,7139	10,0002
16,1845	1,0874
29,3571	10,7866
31,5198	11,3762
13,1041	-9,9884
24,9008	2,3323
18,3469	0,0385
18,5436	7,8372
10,2860	-15,5591
13,4972	-3,6313
-9,4404	19,8959
6,6159	-0,0926
-6,6226	1,6119
11,5308	23,4350
-14,0284	15,4396
-13,7004	14,5222
-9,1132	4,2330
-22,1549	5,0853
-15,4699	23,4350
-16,6500	9,0170
-19,5333	3,7742
-33,3614	8,0996
-9,8994	6,3301
-22,4826	7,8374
-11,7346	5,8712
-22,0893	-1,5341
-17,7638	16,2260
-14,4871	7,9685
-5,4433	10,8523
-20,4507	24,6803
-10,0961	24,2215
-4,5255	12,5564
-2,4286	28,5471
0,1276	16,8817
-3,0182	20,4207
10,6789	15,8331
2,1590	1,0876
-4,3940	16,2918
1,7006	21,3377
11,5967	-7,2357
-4,4597	8,6894
12,1210	-1,7965
8,9752	13,3423
24,1794	-8,0881
-0,3964	-18,6390
9,3029	5,4125
11,5967	3,0529
5,8292	-14,1171
-4,7218	-0,4858
1,9626	5,8056
-3,6734	4,3639
-17,5671	4,1017
1,4383	-1,1410
-21,7616	20,0271
-16,2564	14,1287
-10,6205	6,6581
-17,6329	31,2994
-34,0167	11,3765
-17,5017	29,7923
-24,2519	23,0418
-13,1109	17,2095
-3,9359	21,7968
-7,5406	19,5686
-10,6860	20,6172
-16,1912	19,6996
-12,4554	10,3935
-18,6815	8,6896
-4,5254	5,4782
-5,7053	4,8229
2,3559	17,6022
1,4383	-4,7456
21,1646	1,4152
-10,1616	14,5220
6,7470	-1,2066
7,8609	0,2353
28,7668	-0,5512
3,1422	-6,7115
13,9557	4,3640
-8,3919	-10,9716
3,6010	-19,6876
4,1255	3,9708
-1,0520	-2,9109
1,8972	-19,4911
4,1910	-11,8234
11,7276	-5,8598
-8,6540	-11,1682
14,8079	-7,4326
-13,1760	-10,4472
14,1525	1,4148
-2,5593	-4,8114
16,1185	-25,3236
7,4021	-1,2721
9,4994	-15,2970
22,2133	-9,4641
16,5114	-15,6247
5,6984	-16,0177
8,5819	-3,9593
14,8078	-8,8746
-3,9356	-21,1952
12,1209	-0,4203
-0,1345	-2,3210
-2,0349	-6,0564
-3,8701	-3,1728
-4,7220	-5,5320
-8,5886	18,8473
1,7659	9,4100
-16,9772	0,5630
5,4359	16,7502
-16,3874	9,8689
4,5184	8,0342
-4,9187	3,5120
-1,7731	-9,5950
-3,4113	14,2600
-12,5864	9,7376
-3,2802	-8,5467
-11,7345	-0,5514
0,2587	-8,5469
-21,6304	-14,7072
-10,6858	-19,6224
-19,9265	-16,8044
-18,9434	4,8224
-16,4530	-11,4962
-7,8681	-21,3918
-7,9990	-14,8382
-8,3925	-6,1220
-23,9241	-1,1411
4,7148	-6,5807
-5,1810	0,3662
-16,1909	6,6576
0,1276	5,8711
-10,8826	-15,3624
-6,9502	6,5267
-15,7321	3,9705
3,7976	-20,9329
-9,9651	-4,6799
-0,3968	9,0822
-15,3388	-10,7751
10,4165	-16,2145
-9,0475	-17,0010
-3,9358	-11,6925
-7,4090	-16,4113
8,1882	-25,9792
-7,4746	-3,5007
-6,9506	-8,4159
-9,9649	-4,8113
-15,8633	-10,7753
-4,2633	-13,7896
-22,4823	-3,5005
0,5208	3,1840
-17,5672	-16,2800
-7,7368	-13,0685
-19,2709	3,3807
-1,7730	2,8565
-10,9478	-1,6000
13,1693	-0,6824
4,9117	-1,9933
7,5333	-9,1366
14,0870	-14,3138
16,5771	-2,6486
7,0747	-7,0395
6,6815	-9,7920
16,2496	-13,3310
-4,3285	-25,7827
10,4172	-9,3987
7,6643	-20,8022
8,6474	-18,8360
-17,6978	-9,2679
1,1764	-14,8385
0,1933	-24,6688
7,5330	-13,3967
-7,3435	-22,0474
-4,5913	-5,8601
-3,8703	-21,5886
-26,5461	-10,7094
-26,0868	-0,9448
-29,1018	-1,2724
-22,0239	-18,6392
-33,3618	2,3979
-35,1966	-7,3671
-46,2067	0,0387
-30,4780	-11,4303
-33,6241	-0,8788
-33,9516	8,9514
-31,4614	15,8981
-35,7867	-6,1218
-36,9662	0,8907
-24,9078	5,8712
-21,6308	-1,3376
-27,4636	-5,1388
-25,1041	1,2838
-20,2544	4,2328
-15,6012	-5,9909
-22,8756	-4,3523
-17,3049	-6,4495
-8,6543	1,3491
-5,4428	4,1016
2,1592	-7,0394
3,6011	-4,6146
-1,7072	15,3738
20,1161	0,0382
1,2420	-13,9861
10,0237	15,3085
4,6498	8,0337
3,7979	-0,0270
20,4440	-1,1410
11,0065	-13,3306
-3,6732	8,2307
-1,1830	-0,4202
6,3537	-2,5827
-8,5231	17,7989
11,0067	-2,7140
-14,2248	-5,5318
-0,3311	-2,3861
-8,1954	-1,8617
-3,2803	13,0802
-7,2123	-4,9422
-0,0036	-5,1387
-12,9140	19,7648
-2,9527	-7,9570
-13,6349	-22,4401
-2,5594	-0,6822
6,0913	-0,8791
-3,4770	-5,2044
-0,3965	-13,0032
-0,9208	-0,9446
14,2182	1,1523
7,7954	-6,4499
15,6599	-22,1127
6,0916	-10,2506
9,3685	-6,7774
19,5922	0,1038
34,5340	-16,9354
6,6160	-13,6583
29,0293	6,3955
28,1117	-0,0270
26,6697	-12,7408
21,6238	3,5777
12,8417	-0,1580
17,2329	-1,4685
6,4849	12,6217
14,3491	3,3812
-6,7535	24,4837
4,7808	28,1534
-9,3750	-2,8447
14,6108	24,8770
-15,9289	23,2383
-11,2758	6,7234
-17,6328	9,3449
-5,1155	2,0048
-17,2396	6,2646
-9,7030	-2,6485
-10,3582	-5,5319
-9,8996	6,3954
0,0621	-5,2700
-10,8826	-4,1559
11,2688	-8,0225
-6,5571	-4,1558
4,2566	3,3808
-8,4575	-5,2700
9,7616	-5,6631
3,7322	12,7524
3,4701	-7,9570
15,6598	-6,2526
7,6641	8,9513
13,6282	-13,0030
7,7953	-0,2890
11,0068	-4,8767
7,2710	-9,9227
7,2058	19,6337
11,0068	-1,5345
16,4463	-15,8211
9,6962	-5,8595
31,5195	5,4125
-1,7071	-1,7966
16,1189	-6,6461
10,2205	3,0533
18,6090	-0,0269
1,3077	6,0679
36,2381	-8,7430
16,4462	12,1630
19,6575	7,9029
17,2328	7,0512
21,1646	3,8398
4,6498	0,3665
0,9142	2,7256
19,7885	-4,2867
-12,1276	-2,5827
-8,1297	1,0214
-4,3943	-6,8429
5,2394	-14,8382
-11,9966	-11,1027
-3,1492	-12,2825
-12,3242	-9,5299
4,5839	-21,2609
-5,1153	-27,6177
-3,4114	-5,4011
-10,5548	-5,5979
-12,7831	-6,7773
-10,0961	2,2666
-14,0285	-8,7433
-20,0575	6,9855
-19,6644	-1,2065
-12,2588	15,1121
-31,3299	24,6146
-20,5163	15,1776
-24,3830	27,9572
-4,5258	16,1607
-30,4124	19,1100
-12,1277	31,6271
-11,9968	24,7459
0,3238	10,9180
-25,3005	29,2024
-11,1448	12,0318
-18,7470	3,0538
-16,4533	21,6657
-11,0792	1,2183
-18,7470	9,4105
1,1760	8,1651
-20,8442	4,2986
-15,1421	21,4033
-16,9773	9,0168
3,1424	-6,8425
-1,0520	7,1166
8,6474	4,1018
10,1547	1,4149
8,1885	8,0995
1,4387	-1,0100
14,5455	15,6363
-4,8530	8,5580
0,9141	-5,8594
-2,4937	10,3280
-15,8632	8,4927
6,3535	6,5268
-15,7322	3,9709
-2,5593	16,6848
-25,8901	11,4419
-1,1175	17,3400
-5,2465	-6,0561
4,4529	5,7404
-10,8824	7,5752
6,6155	9,5412
-8,4576	-2,9106
-4,9187	-4,3523
8,1231	13,1457
-1,9042	-5,0081
6,3536	-21,6537
-9,3096	-4,2213
-2,1659	-12,6756
-0,2000	-18,3771
9,8925	-0,0271
-20,7783	-14,6419
6,8780	-11,4303
-4,1978	-18,9670
-1,1176	-7,6293
-7,8676	-8,6779
-0,9211	-6,3187
-4,3943	-22,8990
2,1590	-1,8621
-8,1955	1,2181
-4,9844	-2,5830
4,5185	-14,4449
-10,5550	-3,8933
0,7831	27,6947
-3,0838	12,2937
-7,6054	5,4126
-4,1976	18,4544
15,3976	21,7965
-7,3433	0,6286
8,2543	16,1606
10,3514	-1,0753
10,9412	30,4474
8,3200	15,3739
21,5580	-2,8447
15,2667	20,9448
19,7886	8,2962
13,5629	9,6727
12,7107	12,8838
16,4466	9,6727
2,0941	30,1853
29,4882	4,2984
7,4024	2,9225
22,7380	19,4373
8,3854	10,5244
10,3516	18,9784
4,2567	13,3422
19,9196	6,0024
1,1763	12,2283
4,0599	5,9368
5,6327	-5,2696
4,8461	21,1412
1,3073	21,7309
0,2585	10,2622
3,7322	12,2285
-6,4262	15,2431
-10,4236	12,6217
-28,7737	13,2115
5,1082	4,8230
-30,6745	19,8307
-15,3390	14,7188
-23,2690	5,9372
-15,6669	17,9956
-29,1016	8,3619
-11,4071	17,3402
-19,9921	8,7549
-8,5892	0,8908
-8,8510	21,6656
-22,8103	13,5389
-12,3898	-1,5996
-21,1716	12,7527
-5,9672	16,0949
-15,0767	13,9979
-2,3627	24,6801
-4,6565	-4,4177
1,3729	28,2191
-13,7003	18,6507
5,7639	1,2185
4,5842	18,6509
11,3343	22,5828
9,6305	7,7064
9,5648	8,2962
7,8611	9,5415
14,3489	27,3671
18,8055	27,0392
-3,5424	-5,3353
8,5820	13,0804
0,3898	22,1897
4,3877	2,7911
-4,7219	1,8084
4,7808	5,2160
1,2418	16,4226
6,7470	4,4949
10,0238	-6,3183
24,1139	10,3276
22,2789	6,1332
6,2227	-4,5491
11,7936	-4,3524
25,7523	-4,0902
20,4441	8,4270
25,2280	-6,3184
20,4441	-7,4323
4,3222	12,7526
22,3447	-0,8134
8,8442	3,1191
31,5197	19,3063
6,4847	22,2553
19,4612	20,0271
8,5820	16,8159
20,3130	6,9859
7,1402	28,4814
18,0846	23,1074
7,9922	12,5564
18,6742	29,9889
-4,9185	28,4814
-7,6710	29,7923
8,1887	38,8361
3,4042	18,1923
-11,1444	22,2557
-10,2271	28,6126
-9,3097	14,7846
-33,0335	22,1900
-2,8216	23,0420
-24,3831	16,8160
-11,0793	12,3597
-23,9244	22,8455
-11,4726	29,7919
-22,2204	6,7235
-17,5019	19,8964
-15,8635	22,9108
-18,4850	14,9155
-21,4994	18,3235
-19,2712	32,9376
-6,1640	4,5608
-13,6350	19,3065
-5,9017	20,6824
-8,5230	4,4297
2,2904	11,0490
-4,2631	16,2915
5,8949	6,5924
0,9799	10,6556
11,5965	12,2939
7,6645	16,7503
11,4655	12,7525
9,1717	-5,2041
6,6158	24,7458
10,6136	0,3660
2,4869	-2,5826
3,8632	13,3423
-5,3120	-5,6631
-18,4845	8,6893
-17,8947	2,5287
-2,9527	-15,1001
-16,8466	14,3910
-12,5865	2,9219
-18,3538	-2,0585
-10,0308	9,8036
-19,4677	7,4441
-5,9020	11,5730
-10,8170	7,7719
-4,2637	15,3743
-13,6351	35,6248
-20,8441	14,7187
2,2247	13,3428
-23,5968	25,8601
-19,5986	27,3019
-12,7178	25,0081
-15,9289	15,7019
-28,8395	17,0784
-18,5502	29,7265
-16,5842	14,5221
-9,6374	6,0027
-8,5233	14,1946
-19,2713	14,7188
-12,2585	12,6872
2,4211	3,4465
-8,3265	1,6117
2,6177	10,5245
-12,2586	5,0848
-8,8507	-7,5634
-1,7727	14,1945
-4,6566	14,4563
-3,3456	2,8566
-8,1955	7,0510
3,7977	13,1456
-12,5209	4,8227
-6,6883	2,5945
-8,8509	-1,0754
-6,6885	21,7964
-15,6012	15,6361
-17,5673	3,5120
-17,1084	7,5753
-10,2273	6,9856
4,8460	14,7842
-12,0623	-3,2382
-3,4767	2,3982
-9,7027	25,5976
9,3684	8,9512
-5,0495	-9,8572
7,2057	4,4951
-2,2970	8,0336
12,7761	-6,6460
4,5842	4,0361
13,0382	-8,9399
-6,3603	-3,0416
5,9604	0,6937
-4,3287	-13,0686
4,5840	14,1287
0,5208	9,8031
-9,7029	-8,8743
7,3365	5,0193
-11,2103	-2,7794
-3,5423	18,3887
-5,5741	17,9953
-7,2125	4,0364
-6,5571	11,9664
-5,4431	23,6316
-12,2588	9,6727
-8,5232	19,1753
-1,7730	28,2194
4,4525	36,8699
-5,0498	21,0757
-9,8997	9,5417
-2,4939	27,0397
-12,6521	19,3717
-1,7074	3,9711
-16,9773	8,8862
-5,8360	13,4081
-5,7049	23,0417
5,4361	7,7062
-1,2484	-4,2210
14,4802	9,8690
3,2736	9,0823
23,0655	3,3808
16,4463	-1,0101
20,6406	-13,6584
19,1990	8,1649
18,0192	-8,6779
18,9368	-11,6922
16,3151	5,8711
9,8273	-4,8768
11,0723	-11,1681
2,6838	-7,5635
-8,9160	-8,9399
14,8079	11,3108
0,0621	-7,6293
5,5015	-16,9349
-6,2294	16,4882
-2,6904	11,1140
-4,1321	-5,9905
12,4481	16,2261
-6,1639	12,2937
1,4382	5,3471
-1,3797	17,2745
1,1103	3,4465
-13,8316	11,3107
-19,3367	-2,5830
-1,7076	-16,5418
-30,6746	0,7594
-19,7296	-11,8237
-13,4385	-29,8457
-4,0670	-17,0664
-22,9410	-18,3773
6,5500	6,3297
-5,5085	-11,5620
5,8291	-29,6494
-0,9864	-7,2362
9,6959	-22,7684
10,8101	-25,4551
11,5309	-4,8769
6,9436	-21,4575
10,1548	-6,9739
15,6599	-5,1392
5,9605	-14,4450
15,0045	-0,2239
-3,0834	-8,6781
21,4270	-17,6564
-2,9525	-2,8452
4,7154	-6,7121
-5,7705	-11,1029
4,1254	-9,5300
-5,1808	-12,8722
-0,4623	-10,5129
-7,9333	1,4146
-5,1155	-9,7920
-8,5232	-4,5489
-17,3708	-1,9276
-11,2101	-3,5658
-20,2543	6,9198
-8,4576	-1,2721
-23,0068	6,5266
-15,7977	-1,5343
-12,7176	-10,0537
-8,3268	13,9978
-31,5263	2,8564
0,5207	1,2838
-10,6861	-0,2236
-7,1470	-9,7262
-5,9017	14,4564
0,7828	-4,0904
3,4700	-11,1025
-3,8047	2,2010
5,5672	-12,5445
1,5695	2,2666
8,1232	-12,7414
-3,5423	-16,7388
7,2713	-4,2217
-2,2315	-19,0984
8,9097	-24,7343
2,2250	-14,1176
19,0676	-11,9548
3,7322	-13,5933
15,1356	-16,0836
17,8880	-19,3601
11,2033	5,4778
8,7131	-6,3843
15,7907	-14,6415
4,3877	-1,0756
-3,6734	1,0214
-6,8189	-17,3941
-10,2924	-13,5928
3,8632	-3,7627
-18,0914	-8,2191
-13,4382	-13,5274
-21,8268	-10,7094
1,6347	-1,0102
-17,8295	-8,6124
-0,9868	-8,4812
-22,7446	-4,6801
-12,4555	-6,1219
-6,3606	7,6406
-6,6884	1,5456
-11,8000	-17,3284
-2,2318	6,7889
-6,0982	9,3445
5,8948	-3,8282
8,1230	-3,3038
-12,1274	0,4317
-0,3308	-4,3525
1,4385	1,2181
19,1330	-9,3333
-0,0690	-4,1558
14,4143	-5,6633
-9,2440	-16,8698
8,1228	-11,1026
-13,8318	-11,6269
-4,5257	-21,4571
-7,4093	-10,7093
-26,3492	-3,3038
-13,8316	9,5411
-10,4240	1,4147
-10,4238	-13,1341
-21,1061	2,9225
-10,6202	21,4688
-14,9456	17,2746
2,4870	17,9300
-5,1808	16,0296
4,5185	36,2801
-5,1806	17,6678
6,5502	9,6072
-1,9040	29,9888
-1,7074	23,5006
2,1593	19,5031
-2,5595	13,4739
4,1908	30,2510
-4,8534	30,0543
-18,3533	24,2217
-7,0159	16,2919
-5,4430	38,7706
-20,8439	28,2191
-5,6396	20,8138
-14,5526	29,2023
-5,3776	23,5006
-25,7591	21,7967
-9,9650	20,2238
-8,8510	-4,8761
-9,4409	24,5494
-19,7298	16,2916
-5,3120	8,8864
2,6834	25,4012
-8,5888	10,9178
7,4677	10,1315
-5,2463	13,8668
14,1524	-0,6820
-0,8553	27,3017
4,5187	12,2281
-1,6416	-5,5317
18,4123	15,9640
-0,9208	12,0971
18,2813	4,1019
9,7616	4,8882
19,2641	8,8859
10,4826	1,1526
14,8077	2,4634
8,9753	-3,8935
3,7322	3,2497
17,7571	-6,6462
6,1570	1,1528
12,7109	0,8248
7,9266	-8,0878
15,8565	10,0656
-4,4597	7,1818
9,6307	-9,0051
-1,1173	13,3425
8,6476	18,8473
4,1256	-1,0755
14,2178	-2,9102
6,7469	16,0950
-1,3798	16,8813
-8,1953	10,3932
-5,7707	4,5607
-7,4746	21,6654
-16,6497	2,1356
-4,6566	5,4782
-16,5842	2,9876
-6,4916	-7,3669
-20,1887	-6,7770
-3,6079	5,8057
-11,5379	-0,6823
3,6665	10,7209
4,7150	6,5265
-3,4769	-10,8404
5,1085	1,7427
4,6494	4,1673
-8,1953	2,5944
4,8461	-7,1048
4,8463	4,4296
7,0088	12,2283
-10,1614	9,0823
-0,3964	-2,9103
16,3151	10,5899
-10,0302	6,2645
10,9415	-1,4032
2,8804	0,0385
13,6937	0,8905
9,9583	1,2180
21,2958	-8,6125
9,0406	-30,3701
10,4167	0,6284
-8,1297	-7,4330
-5,0497	-16,4766
-1,5762	-8,3502
-3,9358	-5,6632
-7,3433	3,1841
7,0744	-9,7920
0,7174	-6,5149
-6,4914	4,6258
5,3706	-7,9569
-5,8360	7,4439
11,0066	5,2810
11,7932	-17,1321
13,4969	-4,6802
10,2204	-18,3119
18,4777	-28,0109
19,4610	-11,3648
8,5818	-4,4837
5,0433	-20,0811
14,2181	-16,0178
16,1842	-15,4280
11,9243	-0,1581
20,1164	-19,4912
5,8949	-11,6267
5,1742	9,4756
-8,5228	0,3005
15,3977	-6,3841
-2,2316	-2,3865
1,2419	-8,3502
2,1593	-5,3355
-0,9864	-17,5252
-0,0688	-20,6706
-4,6566	7,5753
6,2881	8,0338
-20,4507	2,8568
4,1254	4,4297
-2,8872	18,2578
2,8146	25,0735