15,4478	-22,0508
41,0724	-26,5727
-0,6085	-15,0385
32,4874	-13,8589
17,3485	-20,2814
22,3292	-16,9391
12,3680	-26,6384
26,1957	-24,0168
26,6547	-15,6283
16,0378	-16,6114
26,9170	-23,9514
18,8557	-19,0361
37,4682	-24,4757
24,6884	-22,0509
40,2863	-17,8567
28,0308	-42,4982
51,4928	-29,3253
17,2831	-36,6002
50,0511	-35,3549
36,4196	-37,4521
46,3153	-62,7489
27,3103	-43,8088
29,5382	-32,3404
28,4246	-46,0372
31,3731	-31,7504
11,5818	-35,0274
26,9823	-43,6780
41,7936	-35,2238
25,6714	-44,7266
40,0241	-35,2238
13,4162	-27,8840
34,7158	-41,6464
31,8319	-40,7942
33,5358	-29,3258
11,0573	-41,4497
44,2838	-45,5785
23,8366	-59,2754
30,4556	-42,8260
5,0281	-35,6829
31,1110	-54,7539
25,0818	-57,4406
19,3145	-50,7562
17,9384	-63,4703
9,6151	-58,0308
25,9994	-71,2036
1,0954	-54,2953
25,3439	-64,1259
2,3408	-78,6092
34,8466	-76,5774
22,9844	-63,7327
22,0015	-87,2600
19,5768	-83,6553
31,5040	-72,7110
12,3680	-69,9585
26,1302	-73,1042
20,7565	-69,2375
11,9089	-63,5359
12,8269	-68,3856
16,1687	-53,8365
22,6570	-55,4750
8,4354	-54,4919
23,1813	-59,7348
23,1154	-62,2907
27,1133	-60,1936
4,0446	-67,7302
17,3485	-77,8226
5,2900	-74,8735
27,6375	-71,2691
12,8265	-68,2547
19,9043	-82,0169
13,9408	-69,8930
14,7270	-81,2307
29,3419	-69,5652
29,6035	-67,2717
35,8299	-90,9300
24,0986	-70,6139
37,2063	-78,2162
32,7495	-81,4274
53,9177	-89,5540
23,6401	-88,5052
46,3156	-93,5517
20,8876	-99,3188
45,5289	-106,7901
11,7781	-105,4793
26,7202	-104,8898
16,4312	-120,9460
21,8703	-122,7810
10,7950	-110,0673
8,6322	-124,8784
21,6085	-125,7304
13,4161	-132,2840
16,6277	-113,8030
9,3530	-129,8594
29,6692	-138,9030
7,8457	-123,8955
40,2859	-133,4638
7,7801	-123,5678
30,1934	-128,2209
12,5642	-131,9564
21,2805	-127,5656
11,6469	-140,6072
22,1323	-132,5462
16,1689	-140,6072
5,3551	-143,9495
18,3971	-130,9735
2,8647	-137,6583
8,5010	-143,8187
-1,5918	-143,3599
19,6419	-150,5034
-15,4855	-167,8048
-4,5407	-142,7047
-15,6164	-152,7319
7,4521	-149,9793
-14,8301	-161,0549
11,1876	-158,3023
-13,6503	-160,5962
6,3378	-165,4458
-1,3951	-163,4139
-2,4439	-154,4358
-6,1135	-153,0595
-3,7545	-166,4287
6,4695	-155,2220
6,3380	-156,1396
16,0377	-158,4988
-5,8513	-157,3193
23,9676	-173,9652
4,0445	-167,7393
27,6376	-162,3001
8,4354	-160,5961
15,5133	-171,4097
-8,4726	-176,7180
14,8579	-177,6356
-4,0164	-170,4269
3,1923	-189,4323
-3,1646	-195,3303
-19,1557	-174,2282
-20,3350	-193,9546
-24,7264	-205,0954
-21,1872	-196,6414
-41,1759	-194,5445
-28,0031	-200,9013
-48,9091	-191,7265
-22,4327	-212,8945
-54,8731	-206,7341
-32,1320	-213,6810
-52,9726	-222,0695
-36,5232	-214,0087
-48,7784	-204,7028
-66,0144	-209,1594
-48,9747	-222,1353
-58,9368	-211,0599
-55,9872	-214,1401
-56,1187	-225,6090
-48,5819	-233,0798
-66,6699	-228,6892
-41,3075	-234,4562
-68,7671	-238,3885
-47,4023	-238,7817
-74,3376	-237,0779
-48,9098	-240,4203
-78,5974	-243,8281
-62,0825	-245,0734
-81,6777	-244,2870
-70,0781	-264,3409
-81,0223	-245,7942
-86,9865	-244,0250
-84,2336	-259,9501
-86,4623	-247,4328
-81,9400	-253,2001
-80,4331	-258,3117
-75,5177	-251,4306
-97,9967	-262,9649
-82,1368	-263,2270
-94,5888	-256,6734
-89,8702	-259,6882
-101,1425	-265,6518
-92,6229	-256,8701
-122,5726	-263,3580
-101,2082	-268,7975
-115,2327	-264,2755
-100,8151	-253,5278
-111,1696	-266,1762
-115,4296	-264,2102
-114,5118	-273,9750
-130,3061	-270,7639
-110,6452	-272,7300
-124,3425	-284,0677
-109,9246	-295,7987
-121,5901	-295,9953
-112,9395	-290,8181
-135,1560	-287,2137
-114,4468	-282,5609
-132,9934	-300,9107
-120,4106	-274,3033
-136,5978	-282,5609
-127,4229	-292,1289
-121,5244	-289,8351
-131,9449	-282,1017
-126,2427	-286,4927
-129,8476	-284,7887
-108,4169	-286,5580
-120,0827	-272,5990
-93,0162	-271,7471
-121,3933	-286,2304
-101,9946	-277,1865
-120,4757	-273,5165
-97,9970	-285,4440
-125,1287	-282,3637
-96,4898	-284,5920
-125,0634	-283,0190
-108,3519	-274,1063
-121,4590	-291,0798
-132,2071	-267,5525
-134,5661	-269,4532
-145,5110	-283,7398
-128,9302	-271,3534
-149,1813	-254,9040
-136,6636	-258,4428
-169,4320	-245,9256
-140,4648	-250,1854
-168,2524	-247,6948
-151,6718	-241,3379
-172,9054	-244,1558
-147,4778	-225,6092
-184,3087	-225,8059
-168,3181	-239,0440
-176,6410	-231,3761
-165,4347	-230,3275
-177,8862	-222,3321
-180,1147	-213,4193
-179,1313	-225,1500
-178,1486	-217,7441
-172,1190	-196,3141
-179,9835	-207,7827
-153,3757	-196,3794
-167,7939	-190,5466
-157,8977	-187,7941
-167,7281	-175,9976
-163,7960	-187,1386
-168,3833	-180,6504
-157,3081	-183,2063
-179,0656	-176,8491
-176,6411	-167,5432
-173,0363	-169,5746
-179,0006	-156,7951
-174,2160	-157,7782
-180,3112	-166,1011
-164,0581	-154,1079
-194,5326	-151,0935
-167,9902	-168,3948
-195,2534	-161,9721
-157,1771	-149,2581
-190,4693	-139,1658
-164,8446	-145,6537
-177,6896	-150,4375
-153,7036	-131,4978
-169,9562	-129,9249
-157,2424	-125,9272
-168,6452	-122,2571
-150,6230	-122,6504
-139,6784	-130,6457
-154,8174	-125,0751
-145,2487	-127,5654
-158,7496	-121,9293
-137,1880	-121,7327
-154,8829	-126,8444
-141,5790	-115,3100
-167,2691	-119,8975
-129,7169	-115,5720
-155,6693	-112,0332
-145,3146	-100,3677
-160,1255	-102,1373
-135,2220	-106,6591
-145,0523	-103,7100
-147,5428	-107,9042
-144,3311	-92,9619
-147,9359	-92,0447
-133,3866	-95,1902
-148,0014	-101,5471
-123,0975	-86,8669
-142,2342	-79,3304
-111,3664	-98,5977
-127,9472	-83,9830
-109,5312	-65,6331
-108,9415	-76,3154
-88,3633	-78,1502
-115,6260	-68,9751
-97,4070	-65,7641
-109,4000	-67,0747
-109,0726	-70,5481
-119,8201	-63,6669
-121,1311	-61,1767
-103,6984	-75,1357
-109,2038	-79,3300
-116,5435	-70,8105
-121,5243	-80,9030
-86,8558	-75,5290
-126,8329	-72,9078
-98,9143	-79,9201
-113,3323	-72,8423
-104,2884	-84,0488
-108,9414	-81,4928
-103,2400	-82,0171
-118,1164	-75,2667
-114,0535	-57,5723
-130,8302	-72,2521
-114,5778	-63,0769
-122,2451	-60,7176
-120,8692	-52,5911
-113,4632	-42,4985
-124,2115	-30,1778
-108,5481	-33,5201
-117,5267	-30,9640
-98,1280	-31,2918
-116,4126	-26,8353
-100,2251	-29,6533
-110,1866	-48,3309
-98,6524	-31,4225
-106,5164	-21,0681
-83,7758	-32,4712
-112,2836	-35,6168
-106,0577	-26,6384
-103,6326	-19,9538
-104,9437	-19,4296
-91,1152	-33,3231
-105,6647	-28,8010
-82,7266	-16,1527
-114,3153	-22,5097
-80,1706	-16,8735
-90,6568	-19,8227
-82,0058	-8,4195
-97,2101	-20,2159
-76,1075	-26,1140
-94,9163	-24,7377
-81,0229	-13,1379
-90,7875	-17,5289
-72,7654	-15,6283
-91,9016	-9,0092
-88,2319	-23,2960
-84,2994	-26,0485
-95,3098	-14,8419
-84,8891	-21,7233
-99,7007	-20,4125
-82,6610	-23,6893
-91,1154	-19,3638
-70,6682	-15,5630
-101,3389	-29,0631
-73,8793	-8,3537
-89,5423	-24,6723
-69,6196	-20,8711
-93,7364	-17,1356
-70,3405	-33,7160
-78,3356	-19,4947
-85,0204	-14,7108
-82,6607	-12,4172
-74,0104	-14,0555
-60,3788	-14,4487
-85,3482	-6,9121
-55,4635	-9,7302
-77,2216	-23,2304
-53,6940	-10,5163
-75,6485	-12,8102
-55,3322	-2,7177
-66,7353	-8,2227
-42,2251	-5,6667
-49,7614	-1,6034
-44,7810	4,1636
-49,5646	-21,0020
-49,4341	-4,0936
-58,3464	5,8021
-59,9853	-7,5017
-59,6573	-7,1082
-65,4249	6,7852
-49,1063	4,9502
-74,6000	5,2124
-54,3491	-2,0620
-70,7334	1,0183
-48,7132	7,1131
-67,2599	8,3582
-42,2908	3,5087
-85,5442	7,9651
-53,8904	3,0498
-54,8734	12,9458
-52,9077	9,1447
-69,1601	-0,0302
-58,0848	9,6691
-60,5749	7,9651
-59,3955	17,3367
-46,2226	22,2518
-54,8735	9,9312
-30,6252	17,2712
-58,0848	8,8827
-41,2417	14,7809
-51,4000	16,7468
-33,1155	-13,9892
-62,8687	17,7302
-50,3513	15,5016
-55,9218	10,4554
-42,7494	2,2637
-57,4947	4,4919
-51,5312	10,3245
-54,4143	13,9945
-51,8589	5,2783
-44,0596	18,1890
-53,5627	25,7252
-47,9262	9,6035
-45,3705	0,0354
-14,5032	3,1812
-56,9048	18,3853
-18,1730	-1,9964
-51,0065	-1,0132
-21,7119	2,7878
-51,0062	12,2249
-25,1196	-0,4236
-21,7773	7,9651
-36,5231	2,2635
-22,9566	8,8826
-37,7026	8,8825
-19,5486	6,1955
-20,5322	4,0329
-11,0947	7,8994
-27,2168	2,7875
-5,9829	-1,9310
-19,2869	-1,0791
-1,6577	-1,3412
-15,7478	-0,1616
-7,2281	-5,0769
-12,2743	-16,0867
-15,1580	3,8362
-15,0920	2,0011
-2,4442	-4,0281
-8,4075	7,0476
-14,2405	10,8486
-12,1430	12,2904
-10,8326	6,7199
-4,4755	12,7493
-29,5102	15,6983
0,7674	10,1278
-27,4133	18,3854
-15,1579	6,3267
-33,5081	-1,4062
-14,3718	11,5041
-42,4866	2,8534
-35,5398	13,8634
-42,3555	10,7176
-35,7368	0,7562
-41,8313	6,7855
-44,2565	8,7515
-49,3679	0,2974
-44,9119	7,3753
-40,7828	8,2925
-41,5040	3,1154
-29,8385	10,3898
-63,3930	9,8655
-34,2948	5,6057
-46,3536	-2,9794
-28,7244	1,8048
-60,3125	5,7368
-22,4984	8,5549
-38,4237	11,2419
-31,2148	5,3437
-44,0594	-3,7657
-36,3920	11,7663
-22,1049	12,4215
-34,2293	5,9991
-21,1872	8,2929
-40,5207	16,5503
-11,0290	8,5549
-21,6462	11,5696
1,2916	6,1958
-21,5803	15,3708
17,6757	7,0477
-13,0606	10,3901
12,1708	26,9706
-2,8369	9,4069
16,1683	10,6524
-0,0188	19,7617
11,5808	10,7834
-12,2085	23,4318
-9,2595	21,7277
-6,1136	7,5722
-10,2428	29,0024
-8,8008	24,5457
-24,0054	18,9098
-6,9659	19,9584
-30,0347	29,3955
-4,2790	27,9535
-29,9035	26,4463
-4,9343	14,3877
-17,5172	18,7133
-4,2134	25,2667
-17,9101	22,3831
10,1389	13,6014
-18,1723	25,2012
-9,7838	25,3322
-3,6232	18,8442
-13,9782	14,6500
-1,2639	10,3903
-14,5027	19,8273
1,5541	13,3394
-16,3375	25,0703
4,8307	30,3785
-15,4200	17,2714
17,6756	24,2183
-18,8934	25,5289
17,2825	21,3347
0,8330	28,1503
13,4157	13,0114
-1,4606	9,1450
-2,9682	12,0283
-1,7227	3,2466
-9,7840	15,7638
-2,6401	-0,9480
-22,8913	4,3606
-11,3566	8,4892
-25,6438	7,2440
-12,9953	5,1468
-38,6854	3,9673
-9,6531	6,1299
-32,7218	1,1493
-15,9447	17,4021
-37,4404	2,3287
-30,1660	-15,7589
-32,3939	3,4432
-20,6634	7,5717
-35,9982	6,3266
-26,1026	0,9526
-11,3568	7,0476
-13,3232	5,3437
-5,0654	26,3806
-31,4764	4,8848
-1,5918	1,6738
-24,6607	20,0892
0,1121	19,6960
-22,1702	6,1300
9,6803	8,0308
-12,2743	7,6374
5,2239	5,0817
-2,8369	5,1471
1,3573	8,8172
2,7339	12,3560
7,9110	20,0892
8,3045	7,1131
9,2874	13,5356
25,8026	12,0283
5,3552	6,7200
27,8998	7,2443
12,0399	14,7153
38,8441	14,8464
4,3722	17,5990
29,9969	7,1133
-5,1960	13,9291
14,7925	29,2642
-5,8512	12,1595
18,2655	9,0139
-8,9316	12,6839
-7,6868	32,6721
-14,0433	13,7322
-14,7649	10,8488
-16,7960	8,0307
-18,7626	1,4771
-10,8979	8,4894
-34,2290	0,5594
-3,7546	8,0306
-27,3478	3,9673
-4,1479	6,8508
-21,7772	1,2149
-3,8203	11,2417
-28,9204	7,7683
-5,5243	-1,7998
-37,0466	5,9991
-12,0122	4,4260
-20,1384	8,3581
-21,5149	13,2078
-22,1043	6,5887
-12,3399	12,4213
-4,5409	3,7050
-23,9397	-16,0211
10,2702	-6,5837
-13,5198	6,5887
1,4883	14,4530
-13,0608	10,9141
-0,3467	3,8363
-13,9126	4,4919
-3,1648	11,7662
-6,5069	13,9289
7,3208	5,1473
-11,7496	17,9922
-2,0506	19,5650
10,1394	17,9266
-4,9997	12,6182
23,0500	14,2566
0,5709	15,9605
20,0353	13,0771
0,9643	13,9945
23,7054	11,7008
-5,1305	17,4680
19,9044	17,2059
4,3067	32,8690
23,7052	29,0023
2,6029	15,9607
10,2704	18,7790
12,7611	23,7596
17,8724	21,5313
6,0108	22,3177
2,8649	18,9099
17,2175	22,9730
1,0952	31,2959
14,2028	6,1957
-1,8539	7,2444
22,0013	16,1571
-4,2788	18,1230
6,1416	4,4916
-18,3033	-0,1614
10,3357	4,0330
-24,2670	18,2542
5,8137	12,9458
-8,4729	5,2783
-3,0992	14,9776
7,4525	10,5867
6,1414	14,7155
12,8265	23,1695
10,0737	15,5672
22,3294	10,1280
10,8603	26,2495
33,2083	5,6712
14,0717	-0,0303
40,0239	2,3289
8,5012	0,8214
35,0432	-8,6811
6,2075	0,7558
32,4871	-13,2032
8,3701	-14,4484
17,8725	-12,0235
14,9893	-6,1251
11,1877	7,1784
2,2754	-4,7491
11,1223	5,9336
19,3144	8,2927
-4,0821	5,9990
24,0986	23,8904
-0,6743	16,3537
18,3313	17,7302
-5,5236	10,4556
24,0984	12,2253
2,9960	18,8443
27,1132	24,2838
11,5158	15,3053
32,5527	18,9099
18,9215	22,3830
25,1471	11,1764
18,7250	14,7155
20,5597	6,3923
23,4437	12,5527
17,2829	14,8464
37,7304	10,9142
9,0907	11,3075
39,0410	14,9120
12,2366	18,0576
41,7933	9,2759
10,6637	22,4487
41,0067	15,5673
9,9428	24,9390
33,0113	8,3585
6,6661	22,5144
11,2535	19,9582
30,5868	6,9169
11,2533	21,0070
14,6618	22,6453
13,0228	22,8419
23,1813	15,3709
9,5495	10,9144
27,1133	16,8783
-5,3926	25,9219
23,5744	16,4194
9,2219	22,1865
30,7831	5,5403
10,5980	18,6476
12,6953	16,3537
5,4210	-1,3409
14,8579	7,4410
12,0402	14,8462
18,2002	-2,9139
9,3532	13,0769
11,5157	3,7706
25,9993	1,9357
6,3383	6,1955
28,3586	-3,0451
2,6683	-6,9116
29,8658	15,2394
7,7801	-5,9942
29,2102	9,8001
-1,5260	-0,0959
6,6660	13,2080
9,7463	0,8216
6,4691	-3,8967
-0,7394	14,9776
6,0760	14,4531
4,6345	8,4239
1,8817	16,6160
18,0039	11,6351
11,0566	19,0407
6,6661	17,4679
2,7337	8,2930
21,7392	24,5458
-3,8199	27,4292
24,1640	9,0138
14,9888	10,4558
15,1199	17,5991
-9,1280	25,5288
22,9842	10,1279
8,1077	6,5235
1,8162	22,5797
2,7996	13,8633
9,3527	7,9651
2,5373	5,0159
-3,8199	3,8363
10,7948	-1,3412
3,7165	-6,6495
18,2656	-9,0745
-1,7229	-5,6010
6,6003	-7,0431
-4,9995	-13,5308
21,6735	-1,9312
-8,2762	-9,7299
20,4938	-5,2734
0,8988	-2,3243
15,9064	-1,0790
15,0547	7,5061
-1,2639	-2,7175
19,5113	3,1154
16,9550	1,1492
20,6907	-6,0596
14,4647	-3,4380
29,9313	-0,2924
9,8772	1,2148
35,4363	11,7662
12,8264	2,0666
34,4532	0,5596
14,5304	-0,7513
28,7515	-0,8824
2,7342	-9,5331
28,0962	-2,9794
16,6276	3,0496
14,7268	-8,2225
7,8459	1,9355
-1,5917	-16,0869
15,6446	-4,3558
-6,2449	-4,2249
12,9576	-16,2835
-10,4392	-11,3027
22,5256	-19,0359
-9,7183	-10,0576
6,6660	-7,1085
-1,0018	-17,7908
26,1299	-7,8948
1,8817	5,3432
19,1832	-14,1209
10,4017	-10,3851
31,7006	5,1467
19,7734	-2,5866
27,5064	-16,7421
32,0287	-7,3705
26,9822	4,6879
32,0942	-7,3708
9,9429	-20,0190
33,6671	-22,5748
9,8117	-2,5866
29,9968	-13,9900
14,9235	-23,7545
27,8338	-7,3706
-3,2954	-10,2544
18,0692	-16,8735
5,8140	-24,6720
13,2193	-13,7931
-0,5428	-5,6667
7,0590	-0,7516
12,3022	-12,9412
7,1244	-5,2733
0,5057	5,9332
1,2918	-16,6765
11,2534	10,9142
-9,7182	11,7003
18,3967	-5,0766
-10,5700	4,4262
21,8701	14,4530
-2,9681	14,6495
2,8647	-4,5523
-12,4705	1,8047
2,6024	-3,5037
-10,3078	23,7591
-4,4755	-5,0113
-6,5723	-2,7827
-5,7207	7,8340
-5,3272	4,6881
-11,4878	-2,7828
1,0953	-3,7659
-8,2112	-4,0936
8,5007	4,3604
-21,6459	-12,2857
6,6657	-17,2664
-16,7963	-6,3875
8,8938	-13,5310
-23,3498	-21,4608
-4,3444	-19,6257
-7,1623	-13,8586
-9,0632	0,3626
-10,6355	-0,0963
-5,6552	-14,1207
0,4402	-8,0257
-2,2472	6,1953
14,3994	-5,9288
12,4984	-4,6179
22,3291	0,9526
9,1563	-1,5378
27,9652	-8,2879
6,6005	-5,8630
33,0769	1,2147
1,4232	-0,0960
20,5596	-12,0236
2,8650	-1,9964
7,5834	0,8870
1,2268	-7,7636
11,3188	5,5401
-1,2637	-2,9139
6,2070	13,5356
15,1856	13,3388
-8,9974	-0,0303
18,5279	17,0092
-0,0190	15,9604
28,5548	13,9288
-3,5578	4,6884
29,2757	16,8781
-1,9848	11,7006
22,6566	16,9436
2,0129	11,1108
5,5518	3,8364
2,6028	14,5187
3,3233	-2,5207
-6,2445	9,5379
4,9616	-7,1081
1,6852	5,5402
-12,0776	4,2293
6,4038	-4,7490
-7,4900	-11,5647
18,4623	-6,2563
-1,2641	-6,7151
24,3605	-1,4068
1,2263	-7,9605
14,3335	-8,8779
1,1608	-5,0767
4,1099	-4,1593
-11,8152	6,3919
-6,6381	9,8652
-9,3248	2,9185
-10,6359	-5,0767
-4,6064	7,8339
-23,4809	14,5184
-3,2955	1,4768
-15,5511	10,4554
10,7946	10,5864
-3,7547	2,8532
13,7435	-5,0767
-16,0753	-10,7125
0,7021	6,5888
-13,6503	9,6033
14,6610	1,4113
-11,4221	-4,6834
-1,5919	7,5063
-6,6379	6,6542
-10,5047	-3,0450
6,9935	3,7053
-10,4394	13,4699
8,6976	-1,1445
-7,4903	-3,7004
2,6682	1,9358
-8,5386	13,8631
14,9887	-1,6690
-4,1477	-10,7128
21,2802	-6,9771
-5,5895	4,6881
11,9086	-1,3412
2,6683	-2,1276
17,0202	2,7221
-1,5916	14,5841
-7,2934	13,9285
7,4524	-0,8823
-6,7038	6,1301
-4,2130	10,9141
-13,4540	6,1301
3,9788	0,4942
-16,3376	20,1549
-1,4608	26,2496
-14,3714	12,5527
-0,1503	6,7856
-5,1310	22,2521
-6,9004	25,3320
-22,2355	3,4432
1,6194	14,1256
-4,5408	20,9410
8,3695	4,3606
3,9135	-0,7511
0,5709	-1,0789
15,7100	-0,3580
-11,5531	4,2950
12,3023	6,4576
-1,7228	-1,1446
27,1132	5,3435
-4,2132	-4,4870
11,3189	-4,5524
-4,0165	-3,2417
11,1222	1,7389
-5,2617	0,5592
18,9862	-16,2179
-10,3080	-13,9241
-1,2642	-7,3706
-10,8321	-7,2397
-0,4778	-15,4972
5,2241	-23,9513
-5,1965	-11,1063
4,7653	-9,4681
-7,5557	-22,1820
17,4792	-26,8349
-15,6823	-20,8712
10,9912	-28,7353
-1,9852	-6,1911
4,5030	-16,8079
-9,3249	-9,7300
4,4374	-6,2565
-9,7181	-10,1230
2,0125	1,9357
-15,8129	14,3217
-7,2280	-9,0088
-6,0480	5,3438
-13,3229	10,3242
4,6998	1,1494
-14,1749	2,1980
2,5371	8,8826
-15,2890	14,8462
6,6657	7,7682
-20,2696	-4,2901
12,1707	5,0159
-18,8934	-5,4045
4,3719	-10,2539
-17,1894	-2,7829
-1,0676	-9,2709
-16,1407	2,3288
-10,0460	0,4937
-5,5237	-7,3049
-0,6745	-5,4698
-7,8176	12,3558
-9,5872	7,5060
7,3212	-6,6496
-17,4515	-6,5840
12,8917	1,9357
-15,8132	-0,3582
10,9912	-0,5547
-12,2087	9,0135
12,3018	7,0474
-11,8155	5,6713
10,7288	0,4285
-12,7984	2,9190
-4,6067	20,6791
-15,5507	23,4970
-9,3907	11,7007
3,3235	2,5914
-8,1457	15,7639
-9,4559	16,3537
-0,5432	8,5549
18,1346	-0,8821
-4,9997	17,1400
10,3360	-3,1107
6,0760	-7,8946
25,1471	2,4600
4,3723	1,2146
28,9481	-8,4191
9,7463	-0,8825
28,0305	-11,6960
9,9429	-3,7006
7,6489	-10,1232
7,0595	-9,2710
-1,2641	-0,6859
3,0618	-4,5525
-7,4901	-13,5964
15,7755	-6,7805
3,6509	-1,5376
4,6342	8,7513
-9,3904	12,8147
14,2679	4,4916
-11,1600	3,9674
10,2703	8,4892
-4,7374	0,8215
10,9256	-0,4236
0,5056	-4,2248
14,2678	1,8044
2,0130	-17,4631
-1,7229	-8,7468
5,6831	-1,8657
1,9472	-15,8250
11,5810	-17,7252
-4,4755	-22,2472
8,5007	-0,8172
-16,7307	-4,2250
16,6270	-19,5603
-20,0733	-4,4869
-11,1601	9,9963
-15,2232	-14,7762
0,7672	-19,1667
-20,5317	1,6081
-17,2550	12,1591
-9,1283	-4,1591
-12,6021	10,8486
-13,3881	9,7343
-18,5002	2,7877
-5,7859	2,8534
-16,2066	2,2636
-1,3951	13,8634
-12,7332	16,6814
-1,2642	10,8489
-17,1894	21,1380
7,4519	18,7787
-13,7816	25,9221
4,3717	12,2252
-9,1940	14,6500
0,3739	12,6185
-18,8931	19,1065
-12,1431	16,6816
-3,7543	22,3832
-8,5387	13,6669
8,9596	13,3392
-8,2111	17,1402
8,3043	4,6227
-5,7863	4,7540
6,0760	14,9772
-16,9273	-1,4066
15,5130	1,0182
-9,8495	7,4406
0,2430	-1,7344
-19,1555	-2,4553
-1,1334	-6,8463
-22,1702	-8,4846
-12,6023	0,7559
-27,4131	-16,9388
-23,6122	-5,4043
-15,0269	-0,3583
-32,7874	-17,6597
-17,0584	-6,5840
-27,3478	-2,5865
-2,9028	-2,1933
-24,2675	-7,8292
3,0610	-9,6642
-13,5852	-5,9940
1,4227	12,4869
-17,9102	5,1470
-2,5749	2,1324
-14,2401	17,2712
1,6849	21,9242
-10,5045	9,9313
-7,6212	12,2907
-3,4265	24,1526
-9,9150	24,2836
-2,9677	17,7301
-5,5895	19,6309
16,6273	27,1017
-12,3397	26,0532
10,2049	18,4510
-5,0651	11,6355
7,9765	21,7279
-10,5044	34,9003
14,1369	15,3707
1,1609	16,0263
7,6487	17,6646
-0,4774	14,7154
8,3040	20,4826
-2,9677	16,7470
4,1755	13,4047
24,3607	24,4801
12,4984	-7,4358
22,4602	10,6524
3,3236	21,6620
38,8443	1,1493
7,4524	4,4916
41,1380	-1,5375
14,2682	3,4431
38,7131	2,0667
17,9383	-5,5353
36,8125	1,3459
27,8997	-3,1762
18,2657	-10,6472
1,8822	1,2147
11,3189	-1,9311
16,2998	-2,7175
-11,6843	-1,2757
-1,9190	1,3458
-4,8687	2,7876
6,4038	8,8823
-17,7793	-4,7490
7,2557	0,4940
-10,8324	11,8316
6,0759	10,1276
-5,8516	6,7197
1,7504	-6,3874
-16,4025	4,4262
5,0928	9,9309
2,1441	-8,3534
-1,8539	6,9165
-3,2953	9,3412
2,9957	-2,3896
-2,9677	16,6813
-11,2254	-1,9309
13,7437	4,6883
-14,5024	12,8801
20,1662	-1,9311
-15,8787	-4,9457
-1,5262	-1,1446
-8,8007	-4,6836
-0,6744	-15,4315
-7,8830	-21,5917
11,7773	-5,2733
-11,6841	2,8528
-10,7668	-15,3003
-1,0672	4,8848
-11,2256	5,5400
10,3361	1,8046
-10,2427	5,3436
9,4186	-3,0451
-3,6889	-0,9477
18,3313	6,6543
5,9449	2,4600
17,2170	2,0011
-11,9461	3,5085
26,4578	-9,3364
2,9959	-9,0088
15,4478	7,0474
13,2198	-2,0622
20,8872	-15,9557
27,3100	-21,3295
26,2611	-3,7660
12,8922	-7,6328
19,3145	-14,1864
31,5043	-18,3150
7,5835	-23,9512
29,9969	-15,8247
8,6976	-2,5211
29,2759	-17,9220
5,2240	-6,5841
6,7971	-0,2273
3,9790	-7,0429
16,6271	-12,4167
6,9937	-10,3194
18,2000	-3,5038
8,2389	6,0643
14,2023	-15,2348
9,8118	-3,3727
4,7653	5,2122
14,9890	-17,3975
-5,0653	-10,9749
10,5326	-5,6666
-6,9660	-4,0283
5,4205	-17,4631
-15,0923	-12,3513
10,6631	-9,4677
-20,4008	-12,1548
3,3232	-16,8077
-27,3474	-24,2132
-2,3784	-20,0188
-8,9973	-7,6328
0,1118	-11,1716
-6,7034	-4,4870
-8,8664	-1,4069
1,8816	-12,9410
-21,6459	-5,4698
-0,0188	4,4915
-21,9081	7,5061
2,1438	1,8047
-16,9275	6,8511
-3,2303	6,4578
-15,5512	14,3221
-3,4926	15,1085
-18,3036	0,4942
0,4394	14,4534
-19,9419	16,6158
-6,6385	8,5551
-10,8979	9,9313
-8,9977	13,7323
-10,2426	22,3174
-25,5126	14,6496
6,3380	-4,8798
-30,7556	6,2612
-5,5895	10,0621
-22,9568	11,9628
-6,3105	19,3683
-29,5757	14,9774
-3,8857	7,1788
-16,4029	17,6647
5,4203	18,7132
-14,4367	20,0239
-5,7863	22,5143
-3,6232	14,6500
0,4396	20,9416
-5,0649	18,5822
-0,8054	27,3639
-4,4096	27,7571
-4,5409	17,2058
5,1585	16,0262
-12,9950	19,2373
6,0758	13,0114
-12,7986	7,7030
3,5854	5,6714
-17,8449	-4,4212
-5,7865	-5,9284
-32,7214	9,9967
-8,9977	3,7706
-18,3037	-6,1253
-22,1705	-9,8608
-27,0854	2,4600
-31,4765	8,7513
-19,8109	2,7876
-30,8868	3,8362
-14,8302	12,6836
-34,5567	5,1470
-7,8179	6,7853
-24,8575	-0,0959
-23,4811	16,6813
-32,5248	2,7219
-9,1944	-9,9261
-31,3453	-3,4382
-17,7794	7,3752
-21,9081	-1,7345
-14,5028	-2,8483
-21,9079	1,7391
-17,3207	6,3922
-17,7135	11,8970
-11,1603	2,9844
-9,3250	-3,1760
-16,7308	-3,5691
6,5347	4,6228
-17,7794	4,3604
1,5539	-9,5985
-16,7307	7,0474
5,8135	-8,0259
-25,7746	-5,6666
5,4857	-15,1038
-15,8788	-14,1863
-20,4665	-20,0191
-22,3666	-7,3707
-12,6677	-24,4101
-16,8618	-16,6111
-31,4109	-12,4170
-3,6888	-16,8733
-7,4249	-14,3830
17,0203	-10,9094
-18,3690	-12,9412
10,5980	-11,9581
5,4862	-11,7615
30,1276	-9,0091
0,3088	-11,6307
27,3752	-34,3715
0,3090	-20,2157
9,0907	-16,7424
13,2197	-13,5312
9,9425	-22,7061
-0,0184	-20,0191
16,6272	-1,4724
19,5110	-4,4217
-2,5093	1,8043
13,7439	5,2122
-16,0095	5,6055
24,0985	-8,2224
-5,1965	7,7030
13,2193	7,5063
-12,9951	20,6790
4,5030	2,4601
-11,6843	0,1012
-3,6236	26,5118
-18,5655	19,1717
-7,7524	11,6353
-11,0944	10,4556
-9,3908	14,3221
-10,4391	24,2835
-25,2504	4,1639
-7,2934	4,4918
-21,2527	18,7129
7,3866	1,2146
-15,8790	-0,0303
8,9593	6,9164
-21,1873	0,1005
-2,4439	-9,9264
-11,8811	-10,5162
5,4201	-5,4045
-22,6944	3,8359
-9,7840	-9,6645
-7,8176	-12,7445
-5,3275	-2,2588
-9,1936	2,3285
4,0442	-7,6982
4,3723	-4,7490
3,1268	5,2123
8,0423	2,5909
-1,3295	-2,6519
18,7246	-0,3580
4,8307	0,6249
24,2294	17,0743
-1,0675	-3,8317
16,2995	-6,2562
-5,8515	3,3774
0,1777	5,4090
-0,2152	2,6566
7,7797	-2,0620
-1,8536	9,4723
6,0105	4,3604
9,9428	-2,1275
-13,6503	13,0112
6,2729	7,4406
-11,5532	0,0351
13,8092	2,3289
-14,5027	6,9164
-7,6211	3,9017
-27,4788	-3,8314
-3,5584	-2,6517
-34,5568	5,1469
-33,4429	3,1810
-43,2729	12,3558
-32,1323	2,5255
-43,2075	11,5039
-38,7514	13,3389
-35,9985	5,8023
-28,9210	-16,2176
-19,0247	3,6398
-38,9478	6,3265
-0,6745	-4,4868
-17,6486	6,7197
-7,0314	-5,4044
-20,3352	10,3243
5,7481	8,0959
-3,4268	-7,9603
19,5105	5,2782
-13,5847	1,3457
13,4815	-5,2732
5,3553	-7,6982
5,6826	-3,3073
6,4040	-7,4362
-2,4437	-19,4948
-0,6739	-30,9635
-11,4875	-17,2010
15,9721	-13,4002
-1,1987	-20,4781
5,0274	-22,0508
-9,2595	-16,6770
9,5491	-19,1018
-12,9296	-17,1356
-1,2644	-25,0656
-23,6120	-32,2743
-16,9275	-15,0383
-20,2040	-13,9245
-28,4619	-18,9706
-17,4514	-19,5603
-16,7967	-15,8248
-19,6142	-10,9752
-17,6486	-19,2982
-21,2527	-9,0746
-28,0687	-3,1764
-4,6722	-12,6136
-38,6199	-9,9265
-13,8470	-10,1232
-19,0247	-10,1887
-6,1796	-13,2688
-34,8841	-15,5625
-10,5705	-10,5818
-13,9127	-1,8657
-14,6994	-23,0337
-26,6264	-14,0552
-24,2675	-6,7808
-0,0846	-13,2689
-18,6971	-9,8609
-18,1068	-8,9436
-33,4424	-13,7931
-5,5240	-4,1594
-23,0879	-11,7616
-2,7716	-2,7176
-24,7263	-1,9969
1,2260	-14,1209
-20,5320	-18,9049
-1,6577	-13,6621
-10,6358	-4,9459
-9,9153	-17,7909
-24,1359	-20,0190
-12,4055	-11,6960
-8,6695	-2,2591
-9,5874	-20,7401
5,2897	-15,1694
-1,7230	-15,6283
10,8603	-11,8272
-1,3952	-22,5751
22,1978	-12,5479
-9,4561	-11,4996
9,8770	-11,2373
-12,7983	-15,5626
8,5661	-6,9774
-18,9588	-12,6791
-10,5704	-12,6132
-11,1598	-2,4553
-14,3060	-7,2395
-5,0649	-18,0528
-1,6576	-16,0867
6,3382	-7,0428
-9,3252	-5,3391
7,0592	-20,5433
-3,7545	-13,0065
19,1178	-1,4723
-14,8956	-6,0600
12,4986	-10,3196
-8,2108	-3,5039
10,1392	-1,2103
-6,7034	-19,1014
5,4206	-2,9141
-7,1622	-4,9458
-2,3782	-9,7298
2,8649	-10,6474
3,9130	-0,0304
5,0931	-0,8826
-4,7377	-15,3002
2,1439	13,0112
-7,2278	3,9016
10,2048	-4,2246
-0,7399	7,6373
12,6951	6,2609
-6,5724	-9,7952
16,1028	0,5595
-12,7328	-2,7173
3,8476	11,4383
-19,0241	1,8045
-3,2958	-0,0306
-6,7690	-9,3364
-9,7184	7,1129
-2,9025	-6,5841
-16,8619	-1,7999
-8,5384	-4,7491
-8,8010	-3,5038
-2,8371	6,3919
-14,2404	-10,2541
1,2916	8,8170
-24,9226	-0,2273
3,0610	-8,0258
-12,2742	-10,6473
13,9399	-2,0620
-24,0050	3,0495
-6,4415	-7,0429
-6,3758	2,3287
-10,8980	-7,1086
8,6321	-0,6203
-8,8009	3,3117
10,2050	-6,6497
10,0734	-10,2540
20,6251	-3,3071
-2,3126	-1,0136
16,9550	-4,4868
-1,9848	-0,3581
23,5740	7,7026
9,9426	-2,0621
14,9231	-3,8971
-14,1744	-8,8124
13,8091	-15,8245
-11,1598	-13,1377
11,9085	-15,4969
-5,9826	-9,3368
-21,2526	-9,3368
-3,4264	-20,1502
-3,1649	-14,0554
-2,6403	-21,9853
-19,8108	-12,2203
3,7821	-15,6283
-14,7647	-24,3444
-9,9804	-6,2565
-17,9103	4,4256
7,2552	-24,8031
-15,5512	-2,0619
-7,1626	-2,9142
-13,5195	-6,8459
-11,8812	-0,2926
-5,9827	0,7561
-7,1627	10,5864
-7,0968	8,8823
-15,0269	-9,7952
-9,2593	1,9357
-11,1601	7,7027
1,6853	-2,2586
0,3088	7,4407
17,0206	1,8701
-0,4121	6,8508
17,0861	4,4260
-0,3464	-0,2269
7,4523	2,2634
1,6198	7,9651
11,9086	12,6837
2,5373	1,1494
12,1051	10,0623
0,3090	7,7685
-5,3273	13,8635
9,8118	0,7562
-4,9341	15,8295
22,5911	8,2272
-10,5701	17,9267
26,8511	13,9944
5,0274	13,1425
17,9381	33,2619
-2,0503	14,2565
18,9866	7,9653
4,6997	11,2421
2,5369	16,7470
-5,0650	15,3707
-3,4269	12,1596
-1,3295	7,6375
-3,8858	6,9822
-0,4120	4,5574
-8,6042	6,9822
6,7314	22,7762
-7,5555	-0,4891
23,2464	5,9337
-8,6696	20,8756
21,4771	12,6837
11,0567	15,6985
20,7561	20,4169
-4,8681	12,9460
21,5426	17,5991
8,3046	11,8974
17,8069	19,3031
10,7951	25,5287
14,3990	7,2443
5,8143	4,0987
-0,6741	13,2734
4,1758	-2,9139
9,1562	-0,8166
12,0399	5,9989
-8,1453	4,0983
19,2487	-9,9918
-12,7329	6,2611
17,6758	2,3944
-16,2062	6,6542
13,8746	4,0985
-9,8492	15,1740
-0,9364	14,8462
5,9451	4,5573
2,4057	14,5842
-1,4603	19,4993
3,1269	1,1493
13,3509	4,8195
-1,5916	10,3242
30,6524	3,6397
-1,2640	8,1616
31,1110	1,9357
0,8988	12,5526
27,8340	4,6225
0,5055	-7,2392
18,6590	7,3097
-1,0673	8,8825
3,6511	-2,3240
-3,5574	-1,6032
7,2556	-1,6686
0,3093	12,0283
13,5472	8,4892
15,2514	8,7515
15,1858	6,5232
29,9315	12,7491
14,5303	1,6079
41,0726	-4,3557
18,8556	10,2587
33,9947	-6,6496
18,6593	-6,5840
38,9752	-10,0574
11,9091	1,5423
34,9119	-23,2301
10,5984	-10,2539
27,3754	-7,8294
13,6130	-3,8972
7,8455	-3,8972
6,5352	0,2314
-1,3950	-12,3514
9,8118	-18,5117
-16,7306	-4,0283
4,7656	-11,8927
2,2747	-8,0914
8,8939	-8,8124
-10,1769	-3,7006
11,9086	-6,6497
-3,4267	-11,0404
12,3018	0,8870
0,5711	-3,7005
7,9764	-10,3851
-4,5405	0,6905
-4,6063	-0,8824
1,1612	-5,7976
8,4352	-0,8823
2,6028	0,2972
-6,9002	8,3582
9,9429	3,0497
-10,3736	-0,3580
10,4671	4,8847
-7,4245	0,4938
6,2726	-7,1737
-7,4243	4,3604
20,9525	-8,0259
-10,7667	-2,3898
5,4862	-3,3730
6,3383	-16,0213
6,6656	-11,0405
-10,1111	-8,5504
6,8624	-15,3660
10,7292	-12,8101
5,8137	-4,5528
18,4624	-16,8078
-7,8832	-4,2248
27,2442	-8,9434
-1,1986	-3,2417
16,0376	-7,2393
10,4667	8,3581
7,9764	3,1808
-6,1791	-0,5546
5,1583	-1,0789
-11,6841	-7,0426
4,5029	5,0159
-3,6888	-4,4215
-7,4903	-10,7782
-1,5916	-7,5671
-17,4517	-10,1886
4,3721	-8,2227
-9,8496	-10,4508
9,7459	-5,7324
-19,4178	-21,7886
-4,1477	-21,0020
-21,0560	-11,6305
4,5684	-6,1255
-15,5511	-5,3391
5,2237	-0,2928
-6,7038	1,1491
-5,5241	-3,3728
-10,0459	-5,1421
-13,8471	8,6204
-8,8007	12,9457
-17,6483	5,4748
4,3066	16,2883
-6,6384	19,4338
10,2701	6,3268
-11,2257	9,4725
23,3773	3,7054
-9,3252	12,5527
8,3698	-0,7511
-5,2617	2,1326
12,3673	11,8972
-1,4604	2,7222
20,1660	-1,5375
-6,7032	-0,7512
16,5618	3,5087
-0,0842	13,5354
10,5981	-5,5354
13,2852	3,5740
1,3576	8,6203
16,6277	6,3264
4,1099	2,0668
31,5697	10,1275
-5,0651	0,6250
20,1664	3,2464
-1,0674	14,5840
19,3141	5,4745
-21,0558	5,2780
8,3696	0,6249
-18,3034	-1,3411
-8,0146	7,8338
-16,5338	4,0982
-10,4395	-2,7830
-19,1554	-3,4382
-20,5320	-12,8099
-11,9465	1,2803
-22,6292	6,2608
-1,6574	-12,7445
-18,6971	-7,4360
4,8961	-1,0135
-24,5951	-6,1255
7,2553	-8,4191
-13,3883	-11,3026
5,4203	3,1808
-11,2254	3,8361
14,6608	1,4114
-1,1330	7,5063
-6,0482	0,1662
7,9112	-0,3579
2,4058	16,2881
13,4163	2,3289
-4,0167	13,2079
14,3338	3,5742
-9,5871	3,9019
15,9721	9,8000
-3,8855	1,2148
11,1877	1,6081
-9,3906	0,2973
9,8113	-12,3510
-13,5850	6,5232
-6,7694	10,9141
-18,7622	-0,2272
-14,2407	-1,6686
-33,8354	13,0113
-27,4788	16,7468
-10,2426	18,1887
-30,4281	12,8802
-15,2232	6,8511
-24,2676	21,5310
-0,8711	-6,5839
-17,4518	7,8997
-2,1164	0,2972
-28,0684	-11,8924
1,9469	-23,9509
-26,4301	1,4114
-12,7330	-6,3877
-17,7137	-0,2927
-10,1118	-11,6960
-17,4513	-23,8200
1,9468	-18,3805
2,0783	-14,2519
-9,2596	-19,2326
7,7801	-19,0361
-1,1333	-23,0337
8,6320	-3,8318
2,0127	-27,8179
23,6396	-21,0020
-10,8323	-9,0746
18,2659	-13,7933
-0,2811	-7,3707
16,8238	-19,1016
-1,0017	-19,8879
4,8962	-7,1084
1,7509	-26,8348
11,5152	-10,2540
-1,3294	-0,6861
-3,8856	-10,1231
0,8334	-6,3220
-2,0507	-6,9119
11,3191	-6,9119
-8,4075	-12,6791
8,5010	-14,7105
2,3405	-16,3489
16,1685	-8,0915
-7,8174	-14,5795
16,2996	-6,4531
-0,8052	1,5421
8,6319	-9,9921
-5,7202	-6,1910
11,1877	-0,8171
6,4038	-11,1063
-3,5579	-16,6112
7,7145	-15,7592
-2,6405	-9,7300
4,6342	-7,0431
-7,8833	-27,1625
13,7437	-10,5819
-14,9612	-14,1209
13,4160	-15,7593
-10,0460	-20,8710
11,3842	-7,9604
-19,1554	-3,4386
3,5199	-5,4046
-6,2448	-22,1161
4,0441	-14,7104
1,2919	-8,9434
-5,6552	-12,0891
-6,3101	-8,0258
-5,1308	-8,4191
3,6514	3,9016
-3,7545	0,2314
13,4162	-12,0891
5,3550	-5,6010
21,2805	2,9186
6,0106	-6,8462
26,7854	6,9820
0,6367	-1,9310
21,9358	-1,2099
3,3237	5,3435
11,1223	2,0668
2,2097	-1,4720
7,9109	18,7785
10,5982	14,7807
1,3573	8,2272
4,7001	11,3074
6,7313	11,6350
22,0669	14,5186
-4,3442	-14,5137
24,8194	20,0891
-3,8199	-10,1887
16,3652	-24,8028
-2,8369	-10,0573
13,4815	5,5400
-4,9341	0,4281
0,8329	1,8700
-14,6333	-6,3874
-2,5095	-4,1593
-7,3589	-8,0258
-9,1941	-11,8268
-8,0797	2,9187
-15,9442	-8,6812
2,6683	3,2464
-14,9611	1,2145
19,0522	-14,6450
-15,3543	-6,9772
14,0060	4,4914
-3,3612	-7,5672
20,1662	-12,5477
-10,3734	9,4068
13,1538	2,1976
-5,7203	-12,8098
1,6195	1,1494
-7,8174	-2,1274
1,8162	10,0622
-6,1135	-1,0788
-4,2132	8,0963
14,9234	19,6306
-12,9296	16,8778
14,1371	2,7224
-9,5217	18,5165
11,9087	7,5063
-9,9148	12,9458
21,7389	-5,1421
-2,2473	4,4918
6,1414	5,0813
-17,2548	-3,8970
1,1605	-6,8461
-23,8739	0,2973
-9,3907	5,9333
-9,3906	-1,8000
-22,0393	0,6250
-12,0121	10,5209
-23,6778	11,5038
-4,1478	4,9503
-29,9036	-3,7002
-11,8155	8,2271
-24,5949	5,0815
9,7456	-3,5037
-20,3351	-2,2585
-0,4778	-2,9795
-16,0096	9,8656
10,5321	-6,9772
-14,3712	-4,6178
-8,0143	-1,0135
4,9620	-8,7467
-2,4441	-0,2270
-6,7034	-6,3875
-9,5217	-1,5377
1,2919	-1,9311
-5,5896	-9,2055
18,1345	-11,4992
-27,3475	-2,7829
7,3867	8,6857
-11,1602	-7,7637
-5,5242	-3,0450
-11,4879	2,5911
-16,0757	14,3874
-32,5902	-0,5546
-13,7163	8,0306
-13,9782	17,3366
-26,6925	4,2295
-13,9126	-1,1442
-18,5662	17,0091
-22,1045	20,1548
-26,3647	3,3120
-5,1966	18,0578
-25,3815	9,4068
-2,7061	5,2784
-31,3452	8,0307
3,4543	6,9166
-20,5318	14,2565
-2,0506	9,0136
-15,4199	1,8703
-5,0654	-1,7341
-16,0750	6,7199
-1,8541	5,6712
-5,3273	5,6713
-16,2066	-8,5500
-5,8515	2,3290
-22,5636	0,0351
-4,4754	-15,6934
-21,0563	-10,2539
-2,0508	4,6225
-28,2651	-3,9627
-0,6744	-16,1522
-19,4178	-6,1253
-0,0192	1,2802
-21,9734	-4,4213
1,2917	0,0351
-6,5067	2,2634
10,0735	3,5085
3,5859	-0,8823
0,4400	7,1131
25,2128	3,5086
6,1415	9,3413
25,3440	-4,2901
2,5373	2,0014
40,6138	0,0353
12,5642	9,7346
31,0456	9,7999
15,7100	-0,2922
43,3006	6,1302
11,8435	20,8101
30,4555	11,4385
17,8729	6,9822
30,2588	8,8826
13,0889	2,7878
12,9574	4,4916
16,9554	-4,9455
11,5812	-1,1445
24,0987	-4,8803
0,6366	-14,1863
24,5574	-12,2203
1,4230	-10,7785
23,1811	-18,3152
6,5348	-24,3444
21,3459	-14,5796
0,2434	-2,1279
16,4962	-12,0894
-1,3950	-10,2543
17,1516	-14,1209
11,4501	-21,5918
7,4521	-7,0429
8,1080	-6,3878
11,9086	-21,5920
7,5836	-13,4000
8,9597	-18,8395
28,2274	-17,8565
9,1561	-18,0530
19,4456	-16,7424
7,5179	-13,8588
22,2635	-10,7787
6,9282	-23,2305
15,9721	-11,6961
0,1126	-16,0871
18,8556	-19,6259
3,7172	-8,8781
17,5448	-15,1695
9,2877	-9,7299
7,1248	-1,5379
21,7396	-14,7105
22,0668	6,4577
20,3632	11,3726
9,6807	-10,5161
33,9291	9,4069
15,9721	13,8632
37,2713	5,6058
4,7657	2,0013
34,3222	0,0353
-0,6083	-3,4382
28,1617	4,8193
-5,2613	-1,2101
12,4330	-2,5209
5,4208	2,5908
-4,2787	-5,2736
11,5813	-16,9389
-11,6844	-2,1278
12,3677	-10,8442
-9,1940	-14,0553
17,0862	-9,2712
-10,5048	-0,0308
22,7878	-26,0483
-1,9195	-13,2686
15,3820	5,2123
-5,7860	3,8360
15,7097	-2,9795
-2,1159	-3,5694
13,1537	-1,6032
-10,5699	6,1301
5,1583	12,2248
-11,0288	3,0499
-12,7984	8,4239
1,5540	8,4239
-22,4980	12,3560
-13,9779	14,2565
-9,9151	0,2974
1,0294	6,1957
-18,7623	10,4555
1,7503	11,9628
-13,5194	10,1933
-0,6090	7,5063
-10,1115	6,1301
1,5538	5,3437
-7,1622	6,6543
3,1267	12,8801
5,2897	8,0305
-3,3612	-3,5693
7,3869	7,8995
-12,1431	-0,3582
7,7148	-9,7951
-2,7058	6,5888
19,0523	4,7536
-8,0141	-1,6689
18,6591	-3,7004
-0,8051	-14,0551
12,9575	5,4745
0,7022	7,0473
24,1639	-1,4724
-4,1475	-5,4698
10,4668	6,1299
6,9935	-0,9479
-5,5896	0,8217
-1,6572	13,6667
-15,6823	10,1933
-4,1475	9,4068
-26,6269	0,2974
-3,0991	-1,9306
-21,7772	12,0939
-1,1987	-1,9964
-23,2843	5,1471
10,9254	-10,5161
-9,6529	3,6398
2,8646	5,7367
-15,6163	-8,5501
10,8600	-4,3557
-5,1961	10,7173
1,9472	-4,6180
1,9475	-3,7658
1,4230	5,4746
12,2367	-5,2076
-4,6718	16,5502
21,8704	8,1616
5,8793	11,8972
12,5642	1,5425
-8,0798	3,8363
3,3235	1,9357
-13,5193	3,0497
8,6315	-3,8315
-30,3622	-5,0768
-10,3739	-5,7321
-30,4277	-5,9288
-27,2824	13,0765
-25,1192	-11,1062
-33,3772	-0,8168
-15,8788	-0,8825
-28,6586	-2,3242
-9,7184	-2,1275
-35,6053	-3,2415
1,9470	14,3220
-16,2721	-1,6032
5,3548	-1,0133
-16,3375	4,0330
8,5007	4,5572
-9,9148	-3,7658
10,1390	1,7392
1,8162	6,5233
11,1220	4,8192
-3,9506	-3,8315
9,2872	-5,8630
8,4356	7,1784
10,5980	-1,1447