-15,4111	-2,2725
-14,6248	4,4123
-11,7413	7,4271
-22,2270	20,2066
-11,3479	20,4687
-14,4282	14,3084
-7,4157	13,5875
-3,0903	17,3885
3,3979	13,3908
-1,8450	12,5388
-0,4687	3,8225
-3,3523	3,1016
1,5629	1,9872
-2,3692	-10,2024
3,5291	-9,8093
0,1212	-10,9234
5,6262	-10,7923
0,5143	1,4629
-10,5613	-8,9572
-4,4009	-0,0442
-7,1536	6,3782
-12,0686	1,2664
-4,9253	5,5919
-3,2212	8,9996
-1,0586	0,7422
2,5459	10,6382
-5,1218	-0,1098
1,3663	-3,5831
1,8251	2,5770
3,6600	-9,6127
-0,8618	-9,6127
-4,5974	-6,2049
2,2184	-8,3020
-1,9760	-6,0082
-0,4687	-6,0081
-4,7942	-2,9279
-2,9591	0,1523
-3,1559	-0,4374
-4,6631	4,4123
-8,6608	8,0166
-3,0246	3,6913
-4,7941	3,1670
3,5291	-3,8454
3,2015	-3,7799
8,3787	-2,8624
4,1845	-12,9550
11,1312	-12,4306
0,1212	-3,9112
10,0171	-16,8872
6,8059	-16,4285
8,5753	-17,2805
8,1822	-11,5789
3,2669	-11,5790
0,7111	-19,9675
-0,4032	-11,5132
-7,6121	-5,1564
-10,5614	-13,8726
-11,2822	-12,4962
-10,1682	-3,0591
-0,0101	-10,2680
-6,9568	-3,2556
3,3324	-9,4815
2,6114	-3,0589
-5,7116	5,5917
-3,3524	-5,6805
-7,0880	-9,1537
-13,5760	-0,5032
-5,7117	-2,7969
-6,1705	-0,0443
-9,8405	5,0674
-9,5128	5,1330
-12,9207	2,7737
-7,4811	-8,4985
-11,7410	-5,8115
-3,6801	0,5453
-5,2529	-15,0523
3,3978	-17,4113
-3,3522	-8,8919
7,1991	-9,0885
2,6115	-5,0252
4,2500	-13,4138
5,6262	-4,6318
0,7765	5,3295
2,8081	-1,0929
-3,9423	-1,6826
-5,7116	1,9217
-1,9106	1,6596
-1,3207	-0,5686
3,3979	-6,5978
9,1651	4,9366
0,1868	9,1963
7,8546	5,7230
5,2985	11,2281
8,0511	16,9951
10,1482	12,5387
12,5075	10,8348
18,6680	-1,0928
23,0589	6,4440
22,8624	9,6551
32,0376	4,0846
33,8725	9,9175
30,5957	18,7647
31,8410	14,7671
17,7506	13,5874
15,1292	19,0270
10,3450	20,7963
11,7866	20,6652
-0,4032	15,4225
-2,5003	22,5660
-8,7918	29,9715
-2,6314	26,1705
-7,8088	25,7118
2,4803	28,5954
-1,6485	22,1073
-0,9931	19,4858
-7,4812	14,1118
-11,2823	10,4417
-19,9987	14,5704
-22,6202	1,9219
-29,3050	3,8880
-38,4147	4,2811
-44,1163	-3,9109
-52,5706	-0,3720
-56,7650	-3,0589
-60,6316	0,9388
-52,0465	4,8053
-58,4034	-9,1538
-54,6022	-7,6464
-48,8350	-10,0059
-41,4295	-24,0962
-45,5581	-25,2105
-36,3175	-35,4998
-31,9920	-48,0827
-25,9627	-44,3474
-21,8994	-59,2897
-16,2632	-61,0591
-13,7727	-50,8358
-15,3455	-64,1396
-3,5490	-59,2241
-8,2675	-48,7385
2,0217	-47,2311
5,4296	-41,5294
8,3133	-42,3812
13,1630	-33,3372
18,2748	-29,0773
15,2603	-25,8659
25,1562	-12,1688
32,2997	-4,0424
35,5766	-5,8117
42,3269	2,8392
44,2276	0,4144
48,6840	5,0021
42,7858	10,5726
45,9315	11,1625
35,7078	14,5049
42,7202	24,1388
32,9552	28,9230
32,1688	33,4451
27,8434	33,3141
33,6760	36,8531
20,3722	40,9818
24,4354	21,5176
21,0273	23,4181
10,2794	24,3354
9,2308	15,1603
4,5121	12,3423
8,2476	16,1433
-2,8281	11,7524
-1,5173	8,0824
-11,7411	7,1648
-12,5275	1,5287
-23,5376	2,6427
-21,3095	-10,9234
-35,2032	-15,5765
-39,7908	-22,3268
-52,2428	-38,1211
-51,8498	-38,2523
-67,5785	-50,1801
-77,2124	-56,2093
-82,5865	-56,8650
-87,3053	-78,2954
-99,6917	-91,5993
-107,6217	-106,2798
-119,8770	-127,8413
-123,6126	-148,3543
-118,1733	-161,9206
-128,7901	-181,2541
-121,1880	-199,2111
-119,0253	-224,9015
-115,8796	-239,3196
-118,2386	-243,9731
-102,1823	-264,6827
-94,5800	-269,7945
-91,6964	-279,6251
-84,4217	-288,4071
-77,8025	-295,5506
-74,4600	-297,9756
-63,0566	-306,1019
-47,9832	-291,1598
-39,5289	-292,8637
-19,9334	-286,8342
-16,0011	-271,5643
1,8905	-271,6296
8,9684	-252,9517
14,3426	-245,8081
25,4183	-224,3776
28,6951	-203,0128
21,2896	-197,6384
27,0568	-171,6202
21,8139	-146,1921
28,4986	-138,2620
27,5811	-120,1738
23,7800	-111,9815
24,0421	-94,4176
18,2093	-77,9679
11,7212	-62,6979
7,7890	-55,5541
4,7743	-26,8492
1,6940	-21,9338
3,5945	-10,2682
-2,3037	-5,3528
3,7912	11,3591
4,2499	22,0415
6,8715	23,8112
10,1483	35,7388
9,0341	40,1298
2,4150	40,3265
1,8251	48,0597
-4,9907	40,5887
-7,0224	46,4215
-3,9423	45,5694
-10,3648	37,2465
-5,9738	49,9605
-5,8428	58,7421
-8,0055	51,2056
-14,6902	56,9729
-14,9524	57,6937
-26,2903	54,3514
-32,3851	54,2203
-42,0846	40,8509
-40,9705	37,5085
-43,5265	37,1806
-45,2305	18,9616
-45,9513	16,9300
-41,0362	15,3569
-35,6621	5,2643
-28,5187	0,5455
-23,6689	-17,0838
-27,6666	-20,3607
-26,6835	-25,9315
-31,9919	-36,7449
-23,1445	-42,1190
-23,6033	-38,5802
-11,0860	-49,8525
-16,7874	-52,5393
-6,0394	-53,7846
-4,0077	-45,8547
-0,4031	-46,9689
-0,0753	-54,7676
7,8545	-51,2942
7,6580	-48,3452
14,7358	-48,6728
15,7844	-48,6726
15,9811	-33,2717
27,5155	-35,5654
24,3042	-20,8197
31,3823	-26,2591
26,4015	-20,0985
30,5958	-14,9213
24,1733	-15,3144
27,1879	-12,4963
18,5371	-3,5834
19,2579	-4,1731
15,7190	6,1161
18,8647	2,7083
17,6850	7,0338
15,1291	18,9612
12,3766	8,1479
13,5561	22,3694
11,0003	26,8257
6,6093	20,0101
13,8839	20,8620
8,0511	17,7163
10,8692	15,0948
2,4805	17,0608
-2,6314	6,3784
-6,3014	9,2620
-2,1073	9,1309
-11,2823	11,5557
-7,6778	4,4779
-7,3502	17,6507
-7,8089	24,6630
-11,4789	24,4009
-10,7581	11,5559
-10,0371	15,3570
-6,2361	14,3082
-5,2529	3,6915
1,1041	9,5240
4,3809	3,7568
-0,8619	4,2812
5,1019	6,5094
5,4951	5,5263
6,9369	4,0191
-2,1071	5,1986
2,8736	-4,1075
0,9730	0,4801
-7,1535	1,1353
-13,4449	-1,6171
-9,5784	2,7738
-11,0202	-4,5008
-17,5738	-4,8284
-9,7750	1,3973
-5,3841	-8,5642
-7,0880	-6,9256
-4,0732	-4,2388
-4,4664	-7,9741
-3,2213	-0,5686
0,5799	-2,9935
-1,7139	-3,2556
-2,4347	-1,6172
-2,8935	-10,3991
-3,2868	-11,0544
-7,9398	-5,0252
-4,1388	-13,7416
-0,7964	-15,1833
-0,2066	-16,7562
2,8737	-16,3630
5,6262	-14,5281
7,8544	-22,3267
8,3132	-11,2511
7,6579	-8,6298
0,0557	-20,0329
1,6941	-8,6295
-0,9931	-4,3698
-4,2044	-2,7969
-15,0178	-0,5687
-4,0078	-5,0250
-6,9570	6,1161
-10,2336	7,8199
-4,5976	-0,2409
-3,0902	-2,8623
-2,3038	-3,0590
-1,7140	-7,1222
0,0555	-6,7291
-2,6315	-15,7730
-1,1897	-6,1392
-4,7941	-6,9258
-1,9105	-15,0522
-2,3037	-15,0522
-0,0100	-10,7271
-1,7139	-24,5551
1,6284	-25,8658
-3,2212	-24,2931
1,3007	-27,0455
-5,6461	-21,0162
-2,5004	-21,4750
-6,3015	-21,2126
-5,3841	-7,1225
-11,9376	-12,8240
-13,8383	-0,5687
-8,7919	2,4459
-8,0711	0,0213
-6,9569	9,6550
-6,8258	-0,8962
-7,8743	4,2156
-11,1512	8,4098
-8,2677	-5,0906
-17,5083	-6,0080
-11,8722	-3,5177
-16,6563	-4,4352
-12,2654	-1,4861
-2,6970	-2,5347
0,1866	-0,8962
7,7889	9,7860
11,9833	-3,9765
17,0296	-2,9278
17,0296	-5,2872
4,7743	-6,6635
0,9732	-3,1246
-4,7941	-4,1076
-10,6269	0,2179
-15,3456	9,9171
-21,5060	-3,3866
-22,2925	6,1818
-24,0619	15,8810
-15,8700	4,3468
-14,1004	10,9660
-6,4982	9,9173
1,4318	3,2326
3,8566	2,7738
3,3979	-2,9934
-5,3839	-1,0274
3,3325	-3,0591
1,3662	-6,5324
-0,6653	-2,8623
-5,5805	-3,5177
0,1210	-3,2555
-9,5783	1,3320
-4,3353	-6,2702
-4,4665	2,9049
-0,0755	4,4120
-6,2359	-10,5956
-1,1242	-5,2871
-2,5004	0,8731
-2,4350	-0,6997
-5,3184	4,4122
-3,0903	4,4778
-3,2868	11,4901
-1,6484	9,9173
1,3663	2,8394
-2,9591	2,1185
-0,3377	4,9364
-2,6969	0,6111
-3,5489	2,5116
-6,3670	-2,3380
-10,7580	0,1524
-10,8235	9,8516
-7,1536	-0,5030
-11,2823	3,8880
-4,4010	10,5726
-3,5490	0,0212
-3,4834	-0,8962
-1,7794	2,7737
1,7595	-1,8793
-0,8619	5,5917
-1,5829	-6,1391
-2,5004	5,3296
-6,9568	0,4798
-0,6655	-12,0374
-14,4279	-8,1708
-10,8235	-1,0930
-10,2337	-12,0375
-10,9548	-12,9549
-18,1636	-6,6635
-11,4135	-5,0251
-11,4789	0,5454
-6,4326	-8,1709
-4,1388	-4,8284
0,8419	-1,8139
-6,4325	-9,4160
-0,2066	-3,4522
-1,7795	-4,3698
-6,0393	-7,3189
-0,7308	-5,3529
-4,6632	-15,8386
-4,8596	-10,4646
-1,5174	-3,3213
-0,5343	-12,0376
-0,9275	-5,4184
2,0872	-5,6806
-1,9760	-3,1245
-1,6484	-3,5179
0,3833	-7,3189
1,8906	-2,8624
5,8229	-1,2897
8,4441	-4,8285
7,5923	-5,6804
5,6917	5,1331
-1,5827	5,3296
2,0218	6,3783
5,4297	0,6766
4,1844	4,8710
5,8228	6,7715
-2,8279	-1,3550
6,6091	2,0529
-3,8766	-1,2239
-6,6947	-7,7775
-8,3331	-5,0906
-6,4326	-3,9110
-5,8428	-2,2725
-7,6778	4,7398
0,1866	-3,1245
-3,7456	5,7885
-0,7308	11,0313
-1,7139	3,6257
4,9053	5,0021
3,9223	14,6359
8,5098	18,2404
3,2014	15,8156
5,6263	12,7355
4,1190	16,4711
6,9370	15,6844
4,3811	3,0361
3,3325	5,3954
1,2353	5,6574
3,5289	4,9365
3,2013	10,5726
2,4803	9,4585
0,1867	13,5873
2,5460	18,1747
5,6917	4,3468
5,6918	8,2790
13,2940	9,3930
7,5268	14,6358
7,8545	12,2111
0,5146	9,3275
10,1483	8,3445
1,7596	7,8856
-1,2551	-1,6172
-3,0246	-7,3187
-3,8767	-1,6173
-6,8258	-13,4793
-1,1241	-11,7753
-0,3377	-3,5834
-3,0901	-6,7947
2,0873	-12,2341
-0,4686	-19,1153
5,1019	-11,9064
-5,1218	-8,8919
-2,6970	-15,9042
-11,0202	-14,3313
-14,4935	-11,7753
-12,7241	-0,5688
-11,4791	-0,4377
-15,6733	-11,6443
-20,3919	-6,6635
-19,7365	0,2177
-14,6903	-0,4376
-11,0202	-0,2408
-11,8067	6,5748
-11,7410	-0,8307
-7,1535	-1,0927
-7,8089	-0,5030
-12,0687	-0,6996
-9,0540	4,2155
-16,0009	-4,6974
-20,1297	1,2009
-24,3240	5,8539
-10,4305	3,6257
-19,6055	3,4292
-8,4643	-1,3550
-6,9570	-11,3165
-6,4327	-5,3528
-4,2699	-14,2003
-5,2530	-11,2511
-7,7433	-4,5010
-7,1535	-0,3066
-5,0563	-4,0420
-5,5806	2,7083
-5,1219	6,3127
-8,0710	4,6743
-6,8258	-1,8138
-6,5636	-6,8601
0,5798	2,9702
-2,9591	-5,8772
3,2014	-6,2047
3,5291	-0,6997
6,2160	-2,6658
-0,4687	-5,1561
2,4804	-9,4816
-2,8281	-4,9595
-10,8234	4,0842
-2,5005	-12,1686
-10,0372	-6,3358
-13,3795	-2,0760
-16,0009	2,5116
-10,8236	-0,1754
-14,9525	2,5773
-11,6100	10,9003
-15,4767	9,1308
-8,0711	4,9365
-14,7556	5,0676
-4,6631	11,4900
-1,1242	3,7568
-4,4010	4,1501
-4,5319	2,1840
3,1357	5,0677
5,2329	9,4585
2,7425	-3,1899
-2,2382	5,5920
-4,6630	5,0675
5,4951	-3,2556
-1,5174	-7,6465
-0,3376	-12,6273
-3,9421	-11,5788
-1,1242	-12,0376
-8,7265	-15,2488
-7,8745	-8,6951
-15,5422	1,5285
-14,4281	-3,4522
-14,6903	3,4292
-17,7050	10,9658
-20,9162	3,9535
-23,0133	6,7716
-16,5908	8,7377
-15,1491	7,4925
-5,9740	11,3590
-5,5807	3,2980
-5,2528	-4,4352
0,5142	-0,3720
-1,0586	-11,3166
-6,1048	-9,2850
-1,7794	-11,1856
-0,8619	-8,1709
9,9515	-3,1246
-1,3206	-2,7312
2,7427	9,3275
8,9686	17,3884
9,0996	11,4248
7,9855	12,3423
5,7573	10,9005
3,1358	12,7354
-2,7625	10,4416
-10,1681	7,3615
-13,9037	12,8010
-7,8090	15,4224
-16,0009	7,0338
-8,1365	1,7910
-4,0733	6,5093
-1,7794	-7,1222
6,0195	-9,0884
14,0803	-16,5596
9,6240	-16,5596
11,4589	-8,9575
3,9223	-19,1155
-0,2065	-7,1878
-2,2381	-0,6998
-7,6121	-0,3065
-2,9591	-2,7313
-11,5444	-0,1754
-2,1073	2,8393
-13,1829	1,9873
-3,2213	-0,8306
-3,2214	5,8540
-0,0099	10,9002
6,2816	-0,5030
8,5098	-4,3041
4,7742	-7,5809
1,4319	-3,8454
0,5799	-4,0422
-3,5490	-14,6589
-6,5637	0,9388
-3,8112	3,8221
-4,9253	-4,6318
-8,0054	1,6597
1,3662	-3,2555
-3,8112	2,1184
-3,9421	1,5285
-7,2844	-6,9911
-4,2042	-3,1244
-2,0416	-1,4206
-6,2359	-8,9573
0,7765	-5,7460
-3,9422	-4,2388
1,0387	-12,4963
-1,4518	-2,9936
1,3008	-10,0059
-7,2190	-6,1391
-3,9421	0,9387
-8,0055	-4,3041
-9,9060	0,8077
-8,2021	2,4460
-7,6122	-2,1415
-2,5659	-3,5832
5,1674	-3,3867
1,5628	-0,5031
-0,0099	1,5939
0,3178	-10,9234
0,6453	-7,8431
-5,3183	-2,7315
-2,7625	-11,2511
-7,1535	-4,8940
-6,8913	-4,0421
-0,9931	-3,5176
-3,3524	1,3975
-0,4032	-6,2702
0,2521	-1,0928
0,5143	1,0696
-6,1048	-13,2827
-0,1410	-8,9573
-4,7285	-7,0568
-1,5173	-5,9426
-5,5805	-1,7482
-4,7286	1,2009
-5,4494	11,0313
5,8227	12,0143
0,7765	-1,6171
4,2499	1,5943
3,0703	6,7059
-0,0099	8,0167
-3,8765	7,4924
-0,7310	1,3975
-4,2044	-2,6656
-9,3162	4,2155
-4,9907	-7,7120
0,3831	-6,8600
-4,5975	-6,3360
-7,2189	-14,3313
-1,6484	-17,8704
-12,9205	-20,2952
-4,3354	-22,7201
-9,9060	-17,6739
-2,9592	-28,6839
-3,6802	-20,6228
-9,7094	-14,5936
-12,5929	-19,7708
-4,3355	-9,5471
-6,7603	-3,6488
-12,1999	1,5940
-9,6438	5,4607
-5,3185	-1,6826
-0,3378	2,1185
-5,5806	9,7861
6,2815	-0,8306
-6,8913	5,8541
3,1358	2,5772
-3,4834	1,4631
-0,7308	-3,9109
-3,1556	-5,6149
2,1527	-2,3381
-1,8449	0,4799
1,7596	-1,2895
9,2307	0,0214
-1,3207	11,0969
-0,2064	3,5602
-0,4688	1,2010
-4,4664	-0,1753
-7,9400	4,8054
-11,6099	7,5579
-11,4789	1,3321
-9,3161	16,8642
-10,0371	16,2743
-8,0710	12,5389
-13,2483	13,8496
-11,6755	6,4440
-3,4835	3,1673
-11,8722	13,1941
-8,7263	8,0167
2,4802	12,9321
-0,4033	30,3645
1,2352	17,4540
5,2329	21,1241
4,2499	16,4710
4,7087	9,2620
2,4804	12,9320
-1,5173	3,5602
-9,5783	-2,4035
-6,1705	1,4629
-12,9207	-14,3312
-11,8066	-6,2703
-14,7557	-4,1733
-11,6100	-3,7145
-6,2361	0,1521
-11,8067	-6,0737
-12,3963	1,7908
-6,6293	9,5894
-11,7410	0,6111
-10,0372	5,0021
-14,1658	11,3590
-12,6586	9,5896
-8,2020	9,3929
-7,2191	2,1839
-4,5321	0,6767
-7,3500	9,0652
0,6454	1,4632
-2,0415	17,6506
13,2284	17,3228
7,8546	11,2938
17,0295	23,4179
4,7088	16,7987
2,6116	16,2089
3,3980	16,9297
-2,8936	12,4733
-3,1558	15,2914
-6,8913	20,7307
-1,9106	7,8857
-3,6145	8,6721
-0,5998	3,4291
-4,6630	-6,5980
-2,5658	-7,1878
-2,2381	-7,5810
7,0023	-3,3212
1,2352	3,6912
2,3494	-3,8454
5,5607	0,8733
0,4488	2,1839
-6,8913	-4,9596
-17,7048	-5,1561
-11,6101	-2,3381
-23,9309	-3,4521
-19,6055	5,5262
-17,4428	-2,8623
-16,3941	8,1479
-13,5105	15,0290
-4,5321	7,0994
-6,6292	16,6021
-4,9253	11,2936
-9,9060	8,9344
-6,6293	16,9952
-6,4982	2,1840
-11,6100	5,6576
-11,2168	15,7499
-8,7264	-3,2554
-9,7749	4,0847
-7,7433	10,1139
0,1210	3,8225
-4,2699	11,2280
-0,7964	1,5942
1,8906	0,9389
5,6262	5,7884
2,2184	-2,2069
5,4952	7,2303
7,7235	12,9318
9,1651	0,9388
3,6601	5,9852
4,5775	0,7422
5,2329	1,3976
0,5143	3,8222
-0,4687	-10,0714
-6,4326	-12,9550
-6,6291	-4,8287
-9,7095	-11,6445
-10,6925	-12,8895
-10,8891	-12,0375
-11,8066	-3,5833
-9,1851	-2,0760
-4,9909	-5,6148
-14,2969	-0,3065
-6,0394	1,3319
-16,9184	1,3319
-12,3964	-5,7459
-16,4597	-0,3063
-14,9524	2,1185
-13,2485	7,4268
-14,7558	2,3805
-8,2677	-2,0759
-6,1707	1,2009
-11,9377	-4,3041
-9,7096	-0,6340
-12,0687	6,8369
-6,6292	2,6426
-7,8743	-2,6002
-9,7749	-1,2895
-12,0685	0,8731
-10,2337	-7,3844
-9,6439	-16,7560
-14,4936	-3,9110
-22,2270	1,2007
-21,3094	-0,1100
-22,0961	8,8686
-28,3219	14,7669
-23,6034	14,6359
-19,8677	23,8766
-16,5254	14,7017
-11,7411	18,1752
-10,1682	26,8257
2,5459	6,1163
-0,9276	6,9683
-3,2212	6,6404
-5,0563	-0,0443
-0,9931	3,2980
-6,1704	-3,3211
4,7086	-2,0758
7,5267	5,9850
-4,9906	-2,4035
-1,1240	8,9998
-3,1558	12,6042
-10,6269	2,6428
-10,3648	8,3445
-8,9885	3,4292
-9,9060	8,0167
-9,3162	5,9194
-11,4134	-0,6340
-4,9252	6,7060
-3,4835	9,5896
-4,7941	10,1794
-4,9251	7,2303
1,0385	2,7083
-2,3694	-4,0419
-12,5276	-0,8962
-18,6224	-10,8578
-19,1468	-11,7752
-24,1932	-3,7800
-26,7491	-14,4623
-27,0767	-9,7438
-24,3898	-16,4284
-22,7514	-7,3844
-21,5062	-1,4863
-23,9309	-2,2071
-16,3942	3,2981
-11,5446	16,5363
-12,7897	5,9196
-9,8406	15,2258
-12,3964	5,5264
-9,3818	4,9367
-10,4958	12,0799
-3,3525	-6,5323
-6,1704	-3,9108
-4,5976	3,6256
-3,2212	-6,5325
7,5265	-11,4476
4,9707	-2,7969
-0,4032	-5,6806
1,5630	-9,9403
-0,9930	-13,0859
-0,2721	-0,1099
-11,2166	-0,2410
-5,7772	-7,2533
-8,8574	-6,0080
-2,6315	-2,0104
-8,2020	0,6765
-4,6631	-5,4838
-5,7772	-2,9933
-1,9106	5,7229
1,3663	7,5579
1,3662	-1,8792
-1,4517	5,7230
4,5775	3,0359
-0,0755	-0,3719
-3,6799	4,2812
-1,6483	5,0020
4,1189	-2,3381
4,0533	1,5286
3,9223	-0,3064
6,8714	0,5456
8,3132	14,7669
9,9516	4,4122
5,5608	8,4101
10,4759	6,9682
6,6748	10,9005
-3,7455	13,5218
1,3664	15,0293
-3,5490	20,0100
-4,7285	23,0246
1,3007	9,5898
0,8420	20,5998
-3,4833	13,8494
2,6770	6,4439
-0,6653	9,3274
0,4488	0,0213
-0,6653	2,1840
3,0048	7,7545
0,3177	-2,4692
-1,9104	3,4292
3,5291	10,3759
2,2838	9,0653
-2,5002	13,3908
-0,8619	17,7161
-0,2721	16,6021
-1,6484	31,4787
0,7764	15,3569
-1,8450	10,3108
-2,4348	20,0754
-8,1364	2,7739
2,2182	4,9367
-8,5953	11,6213
-9,3160	11,9489
-4,0733	10,1140
0,3177	6,2474
-4,6630	10,2451
4,4465	15,5533
3,0703	5,0021
6,6092	8,2134
9,1652	12,8009
11,1968	8,9343
6,3472	13,6529
7,5268	9,7862
5,1675	4,3467
2,6771	1,0698
-1,4517	-9,4814
-2,3693	-3,9765
-8,0054	-4,2388
-8,9885	-13,0860
-10,1682	-5,1562
-17,4427	-4,5008
-14,2315	-1,8793
-19,0812	-1,2896
-19,2779	-7,1223
-24,3240	-0,2410
-15,8045	-0,6998
-21,9648	-8,0398
-18,6880	-2,2070
-17,3117	-7,5810
-13,6417	-6,9910
-10,2338	-0,2409
-9,9716	-4,2386
-5,6462	-2,1414
-7,2846	-3,1901
-0,7309	-13,2826
-6,3670	-14,1346
-2,3692	-13,8071
-4,9251	-17,6738
2,8081	-22,1303
4,7086	-25,9314
4,3154	-28,8805
1,1697	-14,2660
-0,9275	-22,5891
5,8883	-9,6127
-1,5829	-0,5033
-2,8935	-1,0930
-7,2190	-3,6489
-3,6801	-9,8091
-11,8721	-0,6997
-13,6415	-0,5688
-16,7218	-8,0398
-12,9861	-5,2871
-12,4620	9,8516
-13,9693	3,4292
-12,5274	9,9173
-5,6462	5,7885
-4,9908	-1,0927
1,3662	5,7229
4,4464	-13,4792
-8,9229	-7,5153
-2,5658	3,6256
-10,5615	-10,5302
-15,8698	-4,1074
-18,4258	-1,1585
-16,3287	-4,0420
-15,1490	-1,9449
-7,1535	-9,4160
-4,5976	-10,3335
2,4148	-5,2874
-4,2042	-12,8241
4,1188	-16,2318
-4,5975	-3,6489
-3,9421	-6,5981
-2,1072	-5,6805
-2,3694	-1,2895
-6,0394	5,7885
-4,5321	13,2595
-7,5466	8,0168
-5,1218	17,3229
-2,3038	17,7816
-4,7286	9,1964
-0,2065	5,1332
-4,7285	4,2812
5,5606	-0,5030
-0,1410	2,4460
-2,1725	-6,8601
2,0873	-2,9934
3,5290	14,5701
3,7912	0,5456
2,6770	16,3399
3,8567	8,9998
-0,5343	17,4541
-1,7794	21,2551
4,3809	4,2158
3,1358	16,8643
6,6748	13,7839
7,3957	2,9050
1,6941	-1,7482
5,4297	-2,3381
1,8907	-9,9404
4,3155	-8,4331
3,3981	-16,4286
8,8374	-15,5109
5,8228	0,1520
3,3980	-11,7098
2,0872	-3,1899
0,4487	8,5410
2,8081	10,7037
-0,7310	10,9004
0,0557	9,4586
4,0532	13,0630
1,3008	13,9149
3,3980	2,9705
11,4589	9,1964
4,4466	9,2618
9,2307	2,5117
0,2523	6,5749
0,2522	-3,5177
-7,2845	-2,2069
-8,3331	4,6742
-9,5128	-5,6149
-7,1535	-1,3550
-4,2043	3,4290
2,4804	-1,2240
7,3301	5,7229
6,7403	8,3444
9,0341	8,4755
4,3810	12,8664
2,6771	2,9049
2,0217	5,3954
8,2477	14,1770
2,8082	-1,0929
14,4736	0,8078
13,8182	4,2155
5,8883	-0,0443
0,2523	-1,8794
-0,7308	-2,7313
-0,3376	-6,4669
-4,9908	-4,2387
-11,1511	-9,0884
-10,2992	-3,6488
-8,6609	-1,3552
-10,6925	-10,3335
-10,6270	-6,7290
-9,3162	-9,9403
-3,2214	-1,8138
-12,1998	-0,7653
-13,5105	-11,0544
-16,0664	-4,7629
-9,4474	-4,7630
-14,4936	-7,7776
-6,5637	-2,6657
-11,6099	-5,2217
-3,7456	-6,7290
-4,9253	-4,7630
-6,8914	-12,8895
-8,0056	-17,9357
-6,4983	-12,6930
-7,4157	-16,6907
-6,2360	-19,5087
-0,6654	-14,3970
-5,7772	-13,6760
-8,1365	-6,7946
-9,3817	-6,2048
-4,1389	-3,3210
-15,2145	7,1647
-11,4789	-2,3380
-8,7920	-3,1900
-13,5762	-7,9088
-17,6393	-19,1154
-19,8676	-9,3506
-11,4134	-16,1009
-14,1661	-11,7098
-9,4472	3,8877
-2,5660	-0,1099
-1,5172	4,1501
3,2014	8,5410
8,1167	4,2156
3,8567	6,9682
0,0557	-2,7969
-3,2867	-6,0080
-5,9738	-1,2241
-12,4619	-12,4306
-15,8044	-1,9448
-14,1660	5,0019
-14,6248	-2,4691
-8,3332	0,8078
-5,9739	5,1331
1,7595	-1,2239
3,0047	3,8880
10,2137	2,1840
1,3663	-2,6655
-2,4347	3,2326
-4,0077	-4,8283
-5,0563	2,9049
-12,7240	2,7737
-7,0224	-3,5178
-1,9761	-7,8432
-6,2360	-15,7731
1,8251	-12,0375
1,2351	-10,5959
-7,6777	-21,4093
-4,8597	-17,1494
-14,4936	-14,2004
-16,5253	-16,5596
-13,1174	-17,4771
-15,1491	-8,0398
-12,5276	-9,2194
-16,2630	6,1160
-5,4496	-4,5664
-11,1512	-1,6826
-6,2360	14,2425
-14,2314	3,4947
-7,9399	3,4949
-13,2483	16,3398
-4,7288	9,6552
-17,5738	12,8665
-14,6902	9,6552
-18,4257	14,6361
-10,6925	22,3691
-7,6777	7,1648
-1,5830	2,5773
-3,9422	3,2326
-4,8596	-0,1099
-1,3208	-4,9596
-8,2676	-16,9526
-5,7117	-8,8917
-7,6778	-4,8287
-0,5998	-11,9720
-1,9105	-8,6951
-0,5997	-2,2071
-1,3861	-6,7946
8,4443	0,4145
2,1528	-1,0273
2,0873	5,5263
3,3980	15,8809
5,4951	0,0213
5,2986	3,0361
7,9199	8,1477
3,0703	3,2981
2,0217	5,7886
-1,2551	5,8540
-10,9545	8,2133
-4,4664	10,5725
-11,8721	-1,2894
-9,0541	8,9343
-8,6608	5,8539
-1,5829	3,6914
-1,5828	10,9004
-1,5828	13,2597
-0,0100	9,4587
-3,0902	20,4032
-6,0393	8,6068
-8,9230	23,0248
-9,3817	23,4833
-9,5783	9,4587
-5,6461	12,3423
-11,4134	12,6042
-11,8720	-0,3063
-16,8528	8,6720
-9,0541	1,2009
-13,5762	2,7738
-13,3795	3,6912
-15,0835	-8,8918
-10,1027	-6,0081
-6,8258	1,0041
-2,0417	-7,2533
3,5946	-9,5470
5,4951	-6,0081
10,3448	-8,6297
8,9686	-17,4115
8,3789	-22,3923
11,1969	-18,1981
12,6388	-14,8559
21,4205	-27,1111
18,7335	-24,8827
7,6581	-20,9506
12,5076	-13,8727
1,9563	-3,7146
0,4489	-10,7925
-4,6630	-14,2001
-2,5659	1,6596
-4,2699	1,1352
-5,5806	0,3489
-3,6144	-0,5031
-0,0100	1,5286
1,8906	0,4800
-1,8450	-10,7267
0,2522	0,4144
-0,7964	1,0042
-4,3353	4,6088
-7,7432	8,0167
-3,4834	7,2959
-4,1388	5,3299
-4,9252	10,5071
-6,8258	3,8223
-3,2214	-5,0905
-16,5905	5,4607
-7,2846	-7,9742
-7,6122	-5,6148
-2,0417	1,2007
-5,9738	-11,4476
-1,6484	-2,9280
1,5628	-9,2850
-3,4835	-1,1585
-11,1511	2,6425
-8,5953	-3,1900
-8,6608	6,3129
-14,8868	15,6188
-9,2507	6,2474
-6,4982	17,9128
-4,4011	13,9150
0,3831	7,8202
-0,9930	10,1794
-1,0585	6,9681
-4,2043	8,1478
-2,6970	12,6697
-8,6608	6,6405
-4,8597	13,9806
-9,8405	7,5579
-6,1050	7,9513
-7,4157	5,3952
-11,2824	-10,4645
-13,9693	-7,7120
-8,2021	-5,0253
-7,8745	-21,0816
-5,9084	-14,5280
-7,6122	-9,1541
-1,5175	-14,9212
-9,9061	-7,7777
-4,9253	-5,8771
-7,4157	-4,6975
-8,9230	-3,0591
-0,8621	-5,9426
-4,3356	-2,0759
-11,2167	5,0674
-7,4812	6,0506
-0,0101	5,0020
-8,7264	0,3490
-8,1365	2,3151
-12,0031	2,9703
-0,9931	-6,4013
-4,3354	-1,4205
-1,3863	9,9828
-9,5127	4,7399
-1,2552	12,2767
-1,6484	10,9658
-9,3817	5,1988
-1,9105	14,0461
-2,1074	5,6574
-10,9546	7,2959
-8,3987	17,7815
-11,2167	2,0530
-8,2676	8,0168
-8,6608	11,0968
-10,1682	-3,5832
-4,7287	0,3490
-12,0031	-9,1538
-8,3987	-9,2850
-10,4303	-6,4015
-8,5298	-18,9189
-10,2992	-14,7245
-5,9739	-8,8264
-9,7749	-12,1032
-10,2992	-14,2658
-4,0733	-15,1178
-7,0880	-12,4964
-8,3987	-6,0739
-10,8891	-19,9675
-1,8451	-12,3651
-8,9885	-9,4161
-6,2360	-8,8918
-11,4133	-8,4986
-1,4519	-7,8432
-4,7287	-6,4669
-2,5005	-1,8795
-0,6653	-12,4307
6,8713	-7,3189
11,9177	-3,0592
11,3935	-21,8024
17,9471	-13,0205
12,9664	-11,1202
15,1946	-15,7076
9,6239	-14,5936
5,6263	-11,0546
0,4488	-7,7122
4,0532	1,6595
-0,6654	-5,5494
-1,0585	-4,4352
-0,7964	3,5601
2,0871	-3,1246
-6,6946	-1,6828
-8,6607	-5,2217
-3,6145	2,2495
-3,2213	9,7860
-5,3838	3,1671
2,2838	14,2427
3,1358	22,1726
-0,8618	15,8157
5,5607	26,8915
1,4320	25,3184
10,0827	24,5321
4,9709	20,9930
10,3449	11,0971
2,0219	-0,6339
6,8059	10,5070
4,5121	-1,7483
6,7404	-2,2725
4,8398	1,7252
0,3178	0,1523
-1,1240	2,3806
-2,8281	-1,1584
-3,5490	1,9217
-8,2022	-2,3381
-10,6925	-7,5154
-12,5930	-3,2556
-2,0417	-4,0421
-7,1535	-5,4838
-3,4834	-0,0443
-0,9275	-0,2410
6,3470	0,5455
-4,4664	2,1838
-0,2720	-12,9549
-7,2189	-4,2386
-7,6122	1,8561
-11,0857	-7,7776
-12,9864	3,8224
-17,0496	6,5748
-12,2655	6,6405
-7,3502	6,5748
-10,2338	-2,2069
-2,3038	3,3636
-3,0248	4,6087
2,2839	-8,9572
7,4612	-8,4328
14,2770	-2,4036
10,8692	-5,1563
13,5562	-10,7268
10,5416	-11,2511
9,3619	-6,9257
12,3110	-1,3552
17,5538	-6,8600
11,9834	4,2155
18,5370	1,8562
17,7506	3,1669
22,8625	-0,1754
19,9788	-0,8964
20,0443	0,0867
18,7336	-9,0884
5,2986	-15,3798
2,2184	-9,3504
1,9562	-4,7630
3,9878	-1,6828
-2,1726	-6,5980
2,0217	-3,6488
-4,5319	-0,8963
0,0555	9,6549
-6,1048	-0,9619
-6,1704	0,3490
-1,8450	4,8708
4,9051	-2,6002
-2,5004	-3,3211
-3,4179	-2,2070
-3,9421	1,4631
-9,0539	2,8392
1,5629	-6,7945
-1,5828	-0,8307
-1,2551	0,8730
0,4487	-6,0737
-2,6314	-3,1900
-1,2551	-1,8139
10,6069	-1,4861
5,1019	1,5941
10,8692	1,0699
14,9980	0,2835
19,7822	9,8517
18,9958	-3,3866
14,8014	4,4124
8,5755	15,1601
5,6264	7,5580
9,8206	8,0168
5,8228	3,3637
5,9540	5,2643
6,4126	8,8686
3,9878	-4,4351
2,8081	11,2282
-0,6653	16,8641
0,4489	17,9128
2,6770	15,0948
0,3178	15,4881
0,9076	13,5219
3,7911	13,6528
-6,3014	-0,5029
-0,7964	-1,2893
-4,3355	8,4098
-7,4812	-4,5007
-8,7264	-6,2046
-6,4981	5,3296
-3,8112	-0,5032
-5,3841	1,8561
-10,2991	-9,9403
3,2668	-6,3357
-6,3670	1,9215
-0,9274	-12,4963
-6,6946	-7,7120
1,1041	-4,1077
-5,1872	-0,6343
-0,0100	-7,3844
-9,4472	-6,2047
-9,1851	-1,2895
-2,7626	0,8731
-2,5660	-6,7945
2,3494	-1,9447
9,4928	3,6913
15,9154	4,9365
11,1313	9,8517
11,7868	1,2008
11,6556	1,4632
10,3448	8,1477
4,6432	-6,3358
5,8227	-1,6171
2,8081	3,8877
0,9075	-6,4669
-2,4347	-0,5030
1,3008	-1,6827
1,9562	-1,8793
6,5437	-1,4206
9,9515	-7,7775
6,4126	-1,1584
8,7064	-0,6343
3,9222	-5,6149
-2,8935	4,0189
-1,4517	9,5239
4,2499	7,6235
0,1867	15,1602
2,8737	9,1964
3,9877	11,4903
-0,5998	15,8156
1,8906	2,3807
-0,2066	4,4125
-0,1410	10,0484
-0,5342	0,3490
4,1189	4,0845
2,6114	-4,6318
0,6455	-3,1899
-1,9762	2,9048
-12,2652	1,6597
-10,1026	8,3443
-13,3139	3,9534
-9,5784	-3,2555
-11,0857	3,2324
-6,9569	-10,3335
-4,2700	-3,6489
-2,3039	-1,6173
-7,0880	-11,7098
-5,1218	-3,0588
-0,7309	12,0142
-2,3693	-3,8454
-3,0902	3,7568
-5,9083	5,7883
-4,8598	2,5116
-7,6778	5,3296
-1,6484	-0,2408
1,0385	4,0845
-3,0246	0,6766
4,3810	-9,1538
5,6262	-9,4160
5,6262	-11,5788
-0,6652	-16,2319
5,7573	-9,2196
-2,7625	-15,7077
-1,9760	-3,5834
-6,9569	3,0357
-11,9377	-8,5639
-12,1343	6,9028
-14,6903	21,6482
-10,6270	6,1818
-14,9524	8,8032
-11,6755	1,5943
-10,8891	3,6913
-12,2655	5,7228
-16,6564	-4,5663
-18,0981	-3,1899
-15,1490	10,2449
-10,8891	4,2810
-13,5105	-2,6001
-0,8620	3,3635
-2,5004	1,3974
-5,3185	-3,4524
-3,6800	-14,9211
-5,1219	-10,5302
-7,1535	-5,8118
-12,0688	-10,8580
-12,2653	-8,3675
-12,8552	-9,1539
-9,3162	0,1523
-11,9376	8,5409
-11,6099	1,3321
-12,7240	10,9660
-4,4665	18,6992
-7,8745	8,0169
-7,1535	21,7139
-3,8111	15,6845
-4,0078	11,2937
2,6115	9,5896
2,4147	3,2326
-3,2212	1,9874
-0,0101	1,7251
-2,6316	-3,3866
-9,7094	0,2834
-3,4835	1,8562
-5,5152	-2,4690
-1,1897	4,0190
-7,4156	-1,1583
-4,6630	-0,9617
-3,2213	-0,3065
-7,0879	-6,4012
-7,7433	5,0020
-5,2529	3,9533
3,9222	-2,8623
-0,0100	3,8880
2,9393	3,6913
10,5414	7,6235
9,8204	8,5410
5,2330	4,0190
4,9708	4,8055
-0,9274	9,5895
-2,0415	1,1354
-7,1533	5,5264
-6,5636	17,5194
-12,7240	8,6721
-5,0562	12,8010
-6,3015	14,5704
-1,7794	11,1627
-3,8765	15,8810
-1,6484	-1,2893
-10,2991	7,9512
-7,8744	9,8516
-7,2846	7,1647
-9,8407	7,2302
-21,9648	0,8733
-19,3434	4,6744
-12,5278	8,4754
-19,4089	4,4122
-2,3039	6,1817
-5,3185	4,6743
0,9075	5,0021
2,2182	3,3636
-0,4687	-0,1099
-1,1896	-1,6827
0,3832	-6,8601
-5,3185	-6,3358
-16,9839	3,8222
-13,1173	3,6255
-14,5592	-2,6657
-19,6710	3,8880
-13,9694	6,9681
-13,6417	0,2835
-6,1705	5,9850
1,4973	-1,4862
2,5460	-2,9934
10,3449	2,4459
3,3326	-11,7754
6,7405	-5,8115
8,1167	-6,0738
8,1821	-12,5618
-2,6969	-9,6782
-2,4348	-7,7777
-9,8404	-4,8284
-3,2214	-1,4206
-8,2678	-3,0590
-12,7896	-2,4036
-10,2992	-0,5686
-6,2360	-1,4206
-0,4688	-0,5030
-9,4471	2,4461
0,1211	6,1162
-0,0755	9,8517
4,1843	6,6406
-1,6483	12,4733
5,6262	21,9104
5,1019	5,4610
9,3618	17,3232
-0,1409	20,4687
8,4443	12,2768
4,1189	24,8597
7,0025	13,1286
6,3471	10,3106
6,8059	12,4731
6,5437	-1,9447
5,4951	8,0824
6,0194	11,0969
2,4149	10,8349
3,2669	17,3229
-3,0245	9,7208
0,2523	10,5728
0,3177	6,9025
-3,1558	-6,6634
-3,6144	-3,1244
-3,5491	2,5770
-8,6608	-9,2194
-14,4281	-7,3188
-13,1829	-4,8941
-11,0858	-6,6635
-9,9061	-8,9574
-10,6925	-17,8047
-7,6778	-10,7923
-9,0541	-6,9913
-15,5421	-6,5980
-13,0518	-3,8454
-13,4450	0,9387
-12,0688	-0,1754
-14,7558	3,2325
-16,9839	-0,7652
-12,3309	-0,2408
-16,9839	7,2302
-4,1389	2,1184
-6,8914	-1,2240
-7,4157	-2,7313
-9,0539	-6,5979
-2,4349	-5,4839
-6,3669	-13,7415
-2,0416	-16,5595
1,8250	-15,7076
2,6770	-20,3607
1,6940	-17,1493
-3,6143	-8,0399
5,8884	-7,0569
1,5629	-10,9890
1,4319	-9,4161
-0,7963	-12,1030
6,0193	1,0696
4,3810	-10,3336
5,1674	1,9874
0,9076	6,1815
-0,4032	0,3490
-2,3038	6,9026
-2,6971	6,1161
-7,0879	5,1332
-7,8088	3,7568
-4,9252	-6,4012
-8,5952	-3,3866
1,8905	5,2640
-1,4517	-3,6489
6,3472	2,8394
12,7042	3,1014
12,7043	6,6405
11,3280	10,8347
9,8861	1,4632
4,5121	3,1671
3,6600	5,8539
-0,3376	-6,4012
3,5945	-3,1900
2,9391	-1,0275
1,4974	-10,0058
8,4442	-2,6657
3,1359	-6,3358
6,1506	-2,1414
6,1506	-1,4207
5,6262	-16,3628
-5,0562	-12,6928
-1,7794	-4,1078
-4,0077	-11,1857
-3,4834	-10,3992
-9,0539	-6,5981
-1,9106	-11,3823
-5,9082	-9,7439
-4,1388	-20,2952
-3,2213	-19,0499
0,4486	-16,0354
-7,6122	-18,1981
-7,4811	-16,8873
-8,7263	-9,1541
-7,6122	-10,9235
-0,4033	1,0042
-3,6144	-3,8455
6,2816	-1,2238
10,0172	8,2133
14,2115	4,0190
15,2601	5,2643
9,6896	1,8563
12,5076	-3,5831
7,3302	5,9196
2,1529	-2,0103
6,5437	5,1333
7,4612	14,5047
3,8568	-1,2238
9,4274	0,8078
4,0535	4,3466
12,3111	1,5285
9,3618	-4,2387
8,3787	-10,8578
4,1189	0,8077
6,6092	7,0991
7,6579	-2,2725
7,0681	3,9535
11,2624	3,4946
7,0024	-3,7143
3,3324	2,0527
-7,4811	1,4630
-9,0540	0,8076
-15,2145	14,1770
-7,5468	1,5942
-3,5491	8,1479
-1,1897	9,1963
-4,2698	1,0044
4,1189	-1,2239
-1,2551	-0,8964
0,9732	-5,8115
-2,7624	4,0844
2,0872	-6,3358
-3,2212	1,6598
-2,1071	8,6064
-7,8743	0,8732
-10,1681	1,3976
-12,3308	1,5285
-16,7218	-1,8794
-10,6270	-4,3041
-17,2461	-6,2703
-9,1197	1,2665
-9,6439	3,4290
-3,8112	-2,2070
-5,9737	3,5602
5,6917	-1,8138
-1,7793	-0,7652
8,9031	-0,6343
5,5607	-4,8285
6,2816	-0,5031
7,7234	3,4290
7,7889	-2,2070
9,2963	7,4269
8,5754	10,7036
9,4929	-0,9617
8,5753	3,6914
8,5098	8,8686
2,9392	4,2811
5,3641	8,1476
3,0047	-9,0227
-2,8279	1,1354
-1,7794	3,6255
0,4487	-6,6635
-11,4133	-3,7799
-4,7942	-7,7121
-11,2167	-4,3698
-5,5807	-3,6490
-15,6732	-20,2950
-1,7795	-7,7776
0,0555	-5,5495
3,5290	-18,6566
4,8399	-5,8770
14,2115	-6,0738
8,5099	-9,2849
6,6094	-8,8263
5,4952	-13,8070
-4,7285	-6,4014
-3,4178	0,4798
-14,0347	-6,7290
-8,4642	0,4147
-10,5614	14,1116
-10,1682	10,8349
-8,6609	16,1433
-8,0055	16,4055
-6,1049	15,2259
-4,7942	18,8303
2,0871	10,9660
-1,9762	8,1480
2,8737	12,6698
4,1842	4,8055
-4,7284	1,4632
-2,1726	5,0019
0,7765	-3,0590
-8,4641	-0,8308
-9,1195	-4,7631
-12,3963	-8,6295
-9,9061	0,1522
-15,2144	-10,2680
-16,9839	-5,6804
-11,3478	-0,4376
-9,5129	-7,7121
-7,8744	-0,2410
-7,1536	-3,9110
-5,1218	2,3805
-4,2700	8,7375
0,1866	-0,6996
-2,4348	11,0314
-0,5997	14,1770
-3,8110	11,9489
6,6092	6,4439
3,0703	7,0993
9,9516	8,0823
7,8544	8,6065
3,9879	-2,4691
8,0511	1,3320
7,0680	9,5894
5,3641	-3,5178
1,9561	-2,4035
-0,0754	0,2833
2,7425	0,2178
5,0362	-2,6658
0,6454	-13,0205
-1,9105	-8,8261
-1,9104	2,5770
7,5921	-5,0251
-2,1728	-6,0737
-2,5658	-3,3867
-8,4641	-6,3359
-9,3817	-10,8578
-12,0031	-14,9865
-10,6271	-3,7143
-12,5275	3,6256
-8,2677	-10,9889
-1,9762	-7,5809
-7,4157	-6,4016
-4,0076	-21,1471
2,9390	-22,0646
-2,3038	-17,0184
2,8736	-20,0331
2,8735	-7,8435
-2,2382	-19,7054
-2,6313	-11,4477
-4,4664	-3,5835
6,7402	-10,0059
-6,3015	-0,6341
-0,2066	-1,8793
2,2183	7,8201
0,1866	10,2449
3,5291	10,6382
2,0216	16,9952
0,5144	20,0099
2,6114	12,4078
-0,7964	13,5220
1,3009	12,3422
13,4906	9,3930
6,4127	8,4099
6,5439	3,2981
8,7721	-2,5345
9,4274	1,9873
2,3495	-11,6441
4,9710	-9,0227
0,1868	-0,5687
5,9539	-8,5640
2,0217	-0,0443
4,8397	5,0019
6,9369	-0,5030
6,6747	8,5410
6,9370	-0,6340
7,0025	5,0677
1,9563	8,4099
7,3302	3,4292
5,7572	6,9027
-0,4686	7,4269
3,2669	14,1772
7,0025	11,4902
6,6092	12,8010
4,1845	13,6530
9,6240	22,8279
8,3788	13,3252
13,6872	11,4902
17,4883	5,7230
22,3380	2,7739
23,9765	1,2008
21,3551	-10,2679
20,3721	-9,8092
15,8500	-1,2897
5,9541	-10,0059
5,1676	-8,3674
6,1505	-2,9281
-1,1895	-5,4839
4,0535	-4,3042
4,4465	-11,7097
4,3810	-5,0251
-3,8765	-3,9767
3,2669	-15,4454
2,4803	-16,6250
-0,4032	-10,3336
3,2669	-9,2196
1,4318	-7,2534
-2,4347	-2,4037
2,7426	-3,3211
4,2499	7,1647
-0,7309	1,9219
1,1042	8,7379
1,1042	23,6143
2,3494	14,3739
4,8397	16,4056
7,7889	16,2744
-0,0098	11,0971
6,8059	12,4076
-1,8449	-3,5177
4,0533	-3,0589
-0,5998	5,0018
1,5629	-0,5687
4,0533	1,8562
1,1696	6,3783
3,7912	3,3636
-2,1727	6,6404
-5,1219	3,3636
-18,1636	2,5773
-18,2291	18,1747
-17,7704	7,0336
-4,2701	9,3276
-12,2654	20,0099
-8,9230	9,9173
-8,3987	10,3105
-11,3478	2,8394
-7,7433	1,2010
-3,8767	3,8878
3,0046	-6,7290
-3,0902	-0,4375
5,1020	2,3804
6,7403	-5,2216
12,7042	0,9387
11,7866	0,2833
10,2794	-1,1584
10,1483	4,4122
19,6511	-3,0589
16,9640	5,1332
20,6342	13,1284
17,5539	3,2325
19,8477	1,3976
12,9009	1,5941
11,0003	0,0868
8,5099	1,3318
3,9878	-5,7461
0,5799	-6,3358
-2,3693	-1,5517
-7,0879	0,8732
-5,1874	0,1524
-3,0902	5,8540
0,3176	5,2642
0,5798	10,1793
-2,9591	-0,1754
-1,9105	-4,8284
-0,6654	-0,3066
-4,7286	-11,5133
-1,9760	-12,4963
-0,5343	-9,5473
1,1697	-17,0838
-2,6970	-12,4963
-0,7309	-12,8896
-2,5661	-11,1201
-9,7094	1,0695
-8,1366	-14,7246
-10,2993	-11,7754
-9,5128	-3,9767
-6,2360	-14,7901
-7,7434	-10,2024
-1,9762	-8,0398
-6,1704	-2,7969
5,6261	-5,1562
2,4804	-7,8431
6,1505	-6,0736
6,4126	-2,2727
3,1357	-12,7584
-0,5343	-3,9765
-3,0903	-3,3212
-9,5783	-1,2895
-10,1682	3,0359
-9,1851	4,2157
-6,7604	11,8834
-9,1196	16,0122
-5,7118	9,8518
-2,8282	11,9491
-12,0032	11,1625
-7,9399	8,9343
-8,7919	7,2958
-0,8619	-3,7142
-6,4325	-1,5515
-3,1556	3,8222
-0,4031	-13,3482
-2,0416	-2,7313
-3,8110	1,5284
0,5799	-3,6487
6,0849	2,4463
1,3663	6,0507
3,9223	12,6044
3,8567	9,5240
6,2160	1,5287
4,7087	-3,1244
5,6917	2,4459
0,9732	-7,5810
3,6601	-7,3843
-0,4687	0,8076
-0,0100	1,5941
-2,2382	-2,9279
1,6284	-7,9741
-1,2552	-10,1368
-2,2383	-5,6150
-8,6608	-15,9042
-9,0541	-18,8532
-12,3308	-9,6784
-8,9886	-18,1980
-4,5321	-17,2805
-8,0710	-10,3337
-2,6970	-9,0230
-6,3014	-5,2874
3,1358	-10,5957
-7,2189	-1,6173
2,2838	-3,5833
-5,7772	-5,7460
1,4973	-6,7945
-5,4495	-3,8454
-2,5004	-3,6488
-4,9253	2,2494