-14,4497	-4,8988
-0,0320	-9,7485
-0,3595	-8,7654
-7,4374	-11,3869
-0,6215	-5,1610
-6,7820	-14,8603
-0,6871	-10,9936
-11,1730	-1,9497
-4,8814	-10,4694
-12,6148	-3,3915
-1,0804	-7,7825
-14,9085	-2,6706
-9,8623	3,0965
-17,5300	-1,6875
-13,3358	-0,4421
-14,6464	13,0582
-12,2217	0,6719
-9,2723	4,8008
0,4924	7,6843
1,9344	5,3250
-0,6216	5,2595
11,9615	2,0481
2,7208	-4,5709
10,3231	6,3735
1,8689	3,6865
9,1434	1,7205
-0,9491	11,0266
7,3740	8,7328
-3,9637	7,4877
9,9953	2,3759
-2,3909	0,4098
5,0801	6,1769
7,2428	-9,6172
-0,1628	-0,1145
11,2407	8,2739
3,7038	-2,8016
6,5875	-2,8015
-5,7989	-6,4716
6,8497	-9,4863
-7,5684	-4,9645
-1,6046	-16,6299
-10,3865	-21,4139
-4,4228	-2,8018
-15,8914	-10,2729
-1,2770	-18,3336
-10,3209	-8,6343
-2,4566	-9,1587
-5,0781	-18,0716
-6,5855	-22,0693
-5,0125	-21,3485
-5,9302	-10,8629
-3,5051	-21,2830
-5,6680	-20,2999
3,5728	-17,4164
-8,2239	-14,4016
-5,9300	-5,6854
-21,1346	-11,8456
-16,4815	-2,2772
-35,0282	8,2739
-24,2148	-1,4253
-32,6690	-1,3595
-19,2343	16,7938
-28,5403	8,0775
-24,5427	18,1702
-27,2950	17,3182
-28,8025	15,6144
-21,4623	24,8548
-23,6907	12,0098
-17,5956	13,4518
-17,0714	21,9712
-13,3358	11,5510
-20,7413	10,4370
-13,2046	7,8810
-21,9210	8,8640
-15,2363	9,3226
-22,8385	1,3273
-16,4160	7,6188
-16,6124	13,9102
-6,6511	14,2380
-7,1751	16,7941
-1,6702	27,4764
9,1435	22,4303
16,0247	34,3578
31,4914	30,6879
27,8215	35,6688
46,1063	53,5600
51,0214	47,5963
60,3933	47,5965
62,8182	62,8008
72,3211	53,1671
74,0906	59,2619
90,2780	53,2982
77,4986	58,4101
90,4094	71,3861
90,9992	66,4054
100,1742	64,5050
95,5213	76,4981
100,5020	73,1557
105,4828	70,2068
96,4388	76,5637
98,1428	78,5954
96,3732	89,6055
96,5042	83,9694
83,0693	90,4577
84,4454	110,5116
58,0343	100,6157
59,6070	99,1742
32,9992	103,3684
33,3266	95,6352
11,6341	99,7638
10,1920	83,5763
-15,2360	79,0544
-28,6712	88,1637
-39,2227	73,2868
-61,4399	60,3763
-77,4308	54,4779
-103,9078	42,2225
-115,5078	29,1151
-150,7011	6,3083
-154,5679	-4,3086
-183,4042	-7,8480
-189,5647	-38,8467
-216,6312	-49,3982
-207,9152	-63,3578
-229,6076	-88,3273
-224,2338	-116,7048
-232,4258	-141,0844
-227,5764	-157,1411
-234,7851	-171,0351
-226,2656	-200,1333
-222,0712	-213,6338
-223,5785	-220,1223
-211,6506	-242,9291
-197,5604	-258,1336
-175,0157	-272,2896
-162,4326	-281,7925
-128,8121	-281,0062
-104,7601	-295,0309
-70,8775	-287,6252
-49,1191	-275,1736
-12,1564	-278,7780
14,3207	-269,6682
51,2179	-255,2502
76,7120	-243,5190
112,8227	-218,6808
136,0230	-204,7868
154,7665	-185,6499
186,5519	-151,0466
190,3531	-130,5991
211,4561	-109,8236
214,6018	-79,4803
234,1974	-67,0280
231,9693	-48,8087
249,9918	-33,7351
241,6689	-19,1858
253,0066	5,8491
231,4453	6,7012
237,9332	16,2698
217,2892	31,1464
214,5364	28,8528
192,6472	29,6392
177,7702	14,4349
154,6359	4,5387
124,2267	-10,3382
106,5972	-39,5675
61,5733	-55,0342
33,6547	-71,5499
-3,8327	-107,4639
-29,2610	-141,0843
-79,0034	-172,2800
-100,3686	-214,2237
-148,9970	-254,0046
-180,9136	-304,8612
-230,0660	-355,8489
-261,1964	-400,3487
-307,5311	-467,2619
-352,6205	-524,1478
-401,1178	-575,2669
-440,5057	-642,8354
-474,7159	-702,2774
-507,4191	-770,5670
-529,4395	-839,9705
-560,1108	-897,4468
-574,3979	-969,2098
-599,4330	-1025,8336
-595,6976	-1078,9188
-607,9529	-1144,0624
-590,7824	-1198,3271
-595,8285	-1252,9850
-567,0581	-1301,7445
-553,2952	-1338,9042
-530,4885	-1387,6636
-514,1040	-1417,7451
-479,3696	-1442,9116
-451,5163	-1476,1387
-424,9740	-1489,5084
-391,2223	-1508,5141
-372,0856	-1515,0023
-334,5984	-1509,3663
-323,3260	-1513,5606
-284,1348	-1503,2056
-265,0636	-1473,6489
-231,2465	-1463,7526
-212,5682	-1432,7535
-168,0034	-1390,2202
-145,7862	-1339,2980
-108,6269	-1272,4506
-86,0164	-1225,2637
-61,3091	-1151,7967
-46,8251	-1068,8928
-24,9361	-1008,7296
-15,6952	-932,4444
-18,7098	-844,9527
-4,7504	-761,6551
-13,0081	-669,5102
-6,6510	-599,3855
-16,1538	-529,7850
-17,7266	-445,1770
-33,1278	-385,9315
-31,5550	-328,9140
-49,5120	-259,3794
-52,1336	-206,1634
-69,6974	-151,5709
-73,3677	-107,0712
-83,6570	-59,2946
-93,2256	-4,5717
-109,3474	10,9610
-118,6537	54,7396
-126,3214	85,0831
-134,9724	105,9240
-135,5623	119,7525
-158,6967	130,8283
-166,1679	133,8432
-185,6979	145,5741
-184,9773	133,3844
-216,3036	135,5471
-214,4687	128,7311
-223,5129	109,1358
-228,4938	93,5380
-233,3433	76,8915
-228,2318	43,2057
-232,7536	23,9377
-229,2801	-12,4354
-215,3209	-44,3517
-214,4034	-63,7510
-197,3638	-108,1193
-196,0530	-131,5159
-179,2755	-152,0293
-177,7025	-180,6688
-156,0099	-207,3425
-156,1410	-240,3074
-134,3171	-258,6577
-120,4888	-275,2389
-92,2426	-301,9122
-80,5112	-309,3180
-48,9881	-311,6120
-29,9167	-324,2606
-2,9155	-322,9499
21,8575	-320,7217
44,2711	-318,5589
69,9617	-301,0608
84,5108	-309,0560
98,6670	-297,1937
104,4342	-271,5691
120,4907	-260,2312
114,3304	-242,0774
129,0106	-221,6298
122,8502	-195,4805
130,3214	-163,4987
121,2775	-148,6216
126,5202	-120,4405
107,6459	-80,9876
108,5631	-68,7320
92,7689	-51,0368
83,2659	-25,0843
79,1371	-7,2582
68,7821	20,5948
63,4738	27,9351
52,3324	44,5161
50,8906	69,6820
29,7222	70,2066
31,4916	86,6566
5,6047	108,8732
15,3695	107,6938
-6,5852	121,3254
2,0655	119,1627
-11,2385	118,9008
-19,2995	131,8114
-27,1638	126,2408
-23,5596	127,4206
-32,2103	133,3843
-33,1280	129,1244
-34,3075	125,5200
-35,8150	119,6872
-27,2952	115,0996
-30,3099	115,2306
-19,8895	97,7324
-29,0646	94,3901
-15,1053	99,2394
-24,0183	76,4328
-14,3844	71,2555
-18,8408	67,8475
-8,0273	60,9661
-13,8599	66,7331
-4,2261	48,9728
-3,4397	49,6282
-1,6047	57,8855
0,1649	38,0280
-3,4397	40,4530
0,8203	47,4651
0,4925	34,2268
7,5050	32,9161
5,3423	20,2675
16,4180	16,5975
11,8961	23,4786
24,1514	9,2573
13,6657	8,6676
25,5277	14,7622
17,7944	2,4414
24,0203	-8,2410
19,8261	-12,6320
23,2338	-17,4817
19,8262	-15,4504
28,9355	-33,0141
24,7413	-33,4727
19,8261	-23,1837
28,1492	-29,7373
22,3163	-31,1134
22,3164	-28,6232
12,3548	-33,9315
15,3039	-26,9849
2,1967	-32,2278
8,4881	-38,7157
-6,9128	-21,6109
0,8857	-25,4119
-11,8282	-26,7224
-6,5199	-18,8582
-13,2701	-17,3508
-11,9595	-15,7779
-13,8600	-15,7778
-12,6804	-17,2197
-5,6679	-13,2221
-4,2918	-27,7056
-1,4736	-28,2952
-11,2385	-13,1566
-2,3255	-17,2199
-16,8747	-17,3508
-13,0736	-21,1519
-18,9064	-20,7587
-19,5618	-11,6492
-31,4892	-18,7271
-11,9596	-11,9767
-17,3335	-5,4888
-14,8430	-13,8117
-9,2724	-9,5518
-6,2579	-2,4739
-8,5514	-1,0321
-7,1098	-2,2773
-2,3911	-9,2897
-15,9572	-7,3235
-2,3256	0,9993
-17,5301	-7,0616
-9,4691	-14,5981
-20,0204	-2,4740
-14,3188	-4,7021
-22,4452	10,5678
-2,8500	10,8956
-4,2917	8,5366
5,3422	27,8040
10,9130	10,1746
16,2213	-2,8668
14,9764	6,3080
21,0710	-3,1292
11,9616	5,0628
8,4880	-2,7361
12,2892	-3,3257
0,7548	13,1236
6,9152	-2,0152
-0,2283	-3,4569
7,8326	6,7012
-7,6338	1,9170
5,5389	5,9148
3,9005	2,1793
1,3445	0,8687
-3,0463	14,5000
-2,7842	1,1307
2,2622	0,0823
5,2767	8,7984
11,3717	6,8323
12,6168	2,1137
15,8282	-2,6704
5,9322	-6,7337
14,5175	0,4096
6,6531	-15,4501
12,4203	-16,7608
0,4927	-8,3724
6,1289	-15,9745
4,0972	-20,1032
6,5875	-9,9452
-0,2936	-10,8627
5,0146	-8,4378
-4,4880	-10,9282
-3,1120	-9,8794
-6,7819	5,5215
-2,7189	-2,5394
-5,8645	3,1625
-9,6001	10,4368
-7,3063	-0,5733
-11,3040	-0,6388
0,0336	-10,4693
-14,7775	-13,4184
-5,4058	-5,4233
-9,0102	-21,5452
0,6890	-21,1518
-14,8429	-12,7634
3,0484	-23,3802
-8,9447	-18,3339
-0,5560	-19,5135
0,2960	-15,5813
0,9513	-10,7973
3,5728	-14,9259
-1,8013	-14,0737
0,2960	2,3101
-5,0781	-3,5226
-3,1775	-6,1439
-5,9300	3,6864
6,3908	-0,3111
-5,0780	2,1136
8,5536	-5,6850
-0,5559	-0,1799
7,5706	11,7473
-2,5219	-8,8965
5,0147	-7,2579
1,0171	2,7034
7,1772	-0,2458
3,6385	-5,5542
6,3909	-9,8140
10,8475	-10,4693
10,2575	-1,4254
10,2576	-7,5203
-1,4734	-3,9156
4,2282	11,4196
-10,5831	2,8345
-7,1751	4,8663
-14,1221	7,3566
-5,3403	6,9635
-21,0688	14,7621
1,3444	-5,2919
-12,2215	-1,2285
-7,1097	10,3056
0,6237	0,3441
1,9998	2,5725
6,9809	9,3882
15,2383	6,9634
29,5253	10,8299
14,3209	2,7035
24,6103	-3,4568
18,7774	9,3881
25,9865	-5,8163
13,0757	-8,3065
25,8554	0,4096
8,8815	-2,8672
22,1853	-1,8841
10,9131	-0,9011
10,0610	4,6042
6,8499	19,7429
12,4201	15,3520
3,8351	8,4711
6,7186	15,3521
3,4419	16,1385
7,7671	11,8785
6,6530	-2,4738
-3,8984	-0,3765
1,8689	12,4683
-4,4227	1,1306
5,9976	-7,8476
-6,3886	5,5215
8,2259	-3,3914
4,5559	-1,7530
5,0145	-2,4740
1,4102	-4,1778
5,0145	2,7689
-2,1287	-7,2581
9,9297	-7,1268
8,1604	2,9655
-0,4250	-2,7361
4,7526	-11,1246
0,4925	-10,0106
8,2259	-7,0615
0,8202	-5,3576
4,2938	-11,5180
-1,0147	-8,1755
10,8474	7,3564
0,4272	-4,7022
12,9445	-2,6703
5,7355	9,6503
9,5365	4,3419
-1,4734	4,6040
5,3423	-4,7676
2,1311	-3,3257
4,0971	8,2739
12,6825	-8,1101
5,8666	-10,5347
6,4566	3,0311
5,6044	-2,4084
2,6553	2,3103
-6,4543	0,7374
2,1309	-0,2455
-17,6610	15,2209
-5,7988	-1,4909
-13,2701	-4,1121
-4,1605	10,3712
-9,0102	-3,4569
0,2958	-0,6387
-0,5560	6,7012
0,1648	-0,3767
-0,6214	4,7351
1,8033	-4,9643
3,8350	0,2787
-6,6509	11,9439
2,1311	2,3756
-5,7334	-1,2286
2,3276	-3,4569
-3,0465	-9,7483
0,4270	-4,5711
-10,4519	-11,6490
7,3084	-14,5981
2,4587	-3,5226
9,3401	-7,6514
6,6532	-8,7653
11,7649	7,0288
11,3718	6,1768
11,6993	3,0967
16,0904	2,5069
9,8643	-3,3913
15,5006	4,5385
15,4349	-3,2605
16,9423	-8,6998
5,9978	-4,1123
17,2700	-4,3745
8,6192	-1,0976
16,2870	-6,0783
11,3062	-2,9981
15,6972	-1,4254
8,3572	-13,6151
9,9954	-18,1370
-8,0925	-11,1904
-3,8329	-16,0400
-12,2870	-9,4208
-11,4352	-2,5394
-11,7627	3,7521
-8,8794	12,2063
-9,7311	9,1917
-10,7142	12,8619
3,5727	23,1509
-7,8307	16,1385
-0,8837	9,8472
-6,3232	15,6798
2,8519	11,2888
-1,2768	4,1455
9,9297	-2,9981
-2,7842	-2,6704
3,9659	5,7181
-3,7672	-5,7507
2,0653	-5,4884
1,6068	0,9996
10,7817	2,7035
14,2553	-5,2919
6,3909	-0,3112
11,5684	-6,4715
1,9343	8,6672
-2,5875	-6,8648
-6,0610	-4,7018
2,5898	13,0581
0,4926	-1,0977
9,8643	-10,0760
5,1459	-0,2458
10,6508	-8,1101
10,2577	-2,9983
11,3060	-2,6706
5,9323	0,0165
7,9637	6,1768
10,0610	-6,2095
2,3931	-10,6657
4,2282	-3,4569
-5,0781	-7,1925
-1,3425	-0,6389
-16,6124	1,8515
-3,6363	4,2110
-16,0882	19,0220
-4,6193	9,0606
-11,3041	13,6483
-4,2261	17,7769
-10,9763	8,7330
-8,9448	11,6165
-4,8158	8,7984
-6,6511	3,4246
-5,8644	12,7305
-4,2917	-4,5709
3,0485	0,1478
-3,7018	15,8106
2,1310	-9,7484
-4,0295	-4,5709
4,3592	-0,0490
-5,1436	-2,8671
3,9005	1,0649
1,4100	-7,9791
-0,6214	-10,0761
2,1311	0,4096
13,3377	-2,6050
2,2622	-4,7677
7,2429	-0,3768
11,1751	-7,0614
9,2744	2,2447
5,8666	-9,8796
7,1772	-13,9426
5,1457	1,6547
3,4417	-10,4040
7,7017	-13,6805
3,3763	2,6379
15,3694	-0,3113
7,2429	2,6380
11,4373	-0,2457
6,3911	-3,3257
16,8113	13,1892
5,9978	-4,1124
9,4056	-5,0296
0,2307	3,3588
6,1942	-4,8332
6,6531	-2,0807
5,5388	-7,0614
7,0463	-9,5518
-1,0803	-1,6874
5,4734	-9,6829
-2,5877	-4,3089
4,9491	1,9169
2,5242	-9,6175
11,8304	-11,8457
4,4249	-11,7802
15,7626	-10,0763
2,7865	-3,9160
12,8135	-14,1395
1,6724	-15,0569
6,9151	-1,1633
0,2961	-10,4039
4,3592	-9,2240
5,6045	0,0820
3,3761	-7,4547
10,3886	0,3441
6,7840	-10,4694
9,9953	-9,2241
-4,0293	-0,9011
9,3400	-4,5055
-4,4882	-4,4399
4,0971	-0,5733
-4,7503	0,4752
-3,6362	-4,0468
-9,7965	-8,3722
0,3614	-13,6805
-8,3549	-2,6706
-8,6171	-19,2513
-7,6340	-18,0715
-11,1731	-3,8505
-4,9470	-17,8751
-13,6634	-13,4185
-6,9131	-12,0424
-18,3164	-11,1903
-4,7504	-2,2774
-23,2317	-6,2096
-7,8307	-1,8841
-21,7244	12,2716
-14,1222	3,0312
-12,6148	7,0290
-5,2093	8,4708
-4,2261	9,6505
-2,1946	15,0243
-4,5536	-2,2116
-1,3425	7,2257
-3,6361	13,8446
-0,4250	1,6550
1,9344	-0,9663
-1,4735	8,1431
5,2768	12,0752
3,1795	10,6334
8,3570	8,9951
-1,2768	9,9126
11,3716	10,5024
-0,7525	1,5239
14,1242	-0,3765
4,1627	12,0096
7,1118	5,9148
2,1966	7,2256
4,6868	13,2549
-4,0293	2,6380
-2,6533	10,4369
-8,2237	7,0944
-7,3062	-0,7697
4,9490	13,7137
-1,9323	13,3859
13,7310	4,8663
5,9322	9,3228
19,7604	11,7477
11,1097	17,9735
22,0542	4,8008
12,8792	4,8009
18,3186	15,6142
6,1290	4,9317
6,0632	1,3929
-2,5219	4,8007
-4,4883	5,7180
-6,3231	-4,6366
1,7376	-9,2896
3,2451	-7,5858
2,3275	-10,1417
7,9638	-13,2875
-0,0972	-11,7801
9,8643	-8,8310
-3,9638	-7,5858
6,7840	-3,8501
-10,5830	-2,7361
0,4925	-6,9958
-14,4497	2,7035
-8,9448	-0,3768
-11,3695	-11,9765
-14,0566	1,8515
-7,1751	-0,9012
2,0653	-6,6027
-1,6701	0,2786
1,9343	0,0165
7,1118	9,5193
-0,4250	8,2086
11,3062	8,1431
4,6869	11,0266
15,1073	-5,0952
4,2937	0,9342
5,4079	1,5894
1,0169	-5,0953
0,1648	-1,7530
-8,0271	-9,0931
-3,3741	-7,3890
-1,2769	2,2446
0,3614	-5,2264
-5,0780	2,2448
-4,6849	7,4876
-4,5537	5,8493
-11,1075	10,3057
-16,6125	5,8493
-21,3968	-2,9325
-13,9256	9,7814
-22,5109	-0,0490
-12,0250	-0,4421
-15,7605	7,8152
-7,4375	2,3758
-11,3695	7,5532
2,8518	8,6673
-3,0464	6,4391
-2,7187	8,2085
-0,4904	-5,1608
-2,4567	-4,3743
1,9999	8,7982
-4,8160	-3,3260
0,4271	-1,6218
-1,2114	0,0820
10,6507	-4,5055
5,1458	3,0311
15,5661	-9,6174
11,6339	-8,6342
16,1559	1,1305
3,3763	-11,0591
11,1750	-4,8331
-5,9954	-0,8356
0,3615	-8,3066
-2,5877	-3,7847
-4,6194	-10,3382
2,0654	-4,5055
0,6235	-0,1802
-1,2112	-7,3236
1,7376	-14,3358
1,6723	-2,8671
-5,3403	-8,3067
4,7523	-12,8941
-12,4182	-10,1417
0,9513	-7,5858
-4,9470	-4,6368
1,0823	-16,1711
-7,8960	-17,5473
3,3761	-10,7972
-3,3740	-14,6637
5,5388	-11,3869
-1,6700	-9,6175
1,0168	-10,9282
0,0994	-8,1758
2,4585	-20,3654
3,1140	-26,1981
-8,8137	-15,7125
-0,9492	-29,2785
-7,1753	-20,4310
-0,2284	-20,1690
-5,2747	-18,7926
3,6383	-15,2536
-6,7162	-15,5813
8,5536	-19,2513
-0,1627	-5,2922
-2,9809	-14,7950
-11,7626	-14,2704
-12,3526	-2,4085
-14,7119	-8,2411
-14,8431	-2,0807
-10,7143	-0,8355
-13,7290	0,0820
-3,4397	7,2910
-8,2895	0,0821
-3,5708	14,9589
-13,3357	22,6920
-6,5854	7,2257
-13,8600	11,0924
0,4924	15,2210
-11,9593	6,3081
0,6891	6,8324
-10,2553	2,6380
-3,7018	-0,4420
-11,0417	8,4052
2,7207	3,2278
1,4756	-5,8817
3,8349	-1,0976
11,3062	1,6549
5,4734	-0,7700
10,3231	-6,0128
0,0994	-2,9981
0,1650	0,6718
-3,4396	-6,3406
-1,9324	-8,2410
-12,3525	0,9340
1,0168	6,4389
-4,5537	3,5554
6,9151	-5,6196
2,1966	-7,5857
6,4563	-5,2266
1,9345	-16,1056
-3,3086	-23,6422
-2,5877	-14,9259
-4,7505	-14,3361
-4,0950	-4,7677
-4,3572	-2,0807
-1,4735	5,3249
-5,5368	11,3543
4,8835	-1,8184
-6,7164	-0,9663
-0,7526	8,2085
-12,3525	-2,2117
3,1139	-0,1145
-3,7673	-1,5563
-2,6533	10,5024
-2,1287	17,2525
5,2111	4,0144
0,7548	13,8449
-1,6702	21,7090
2,7864	13,9103
0,2303	13,4516
-0,2938	11,3543
-2,9809	-2,2116
3,1796	11,6165
0,3615	-1,5564
8,3569	0,0166
-0,5559	10,9609
18,2529	-4,2434
8,2260	-7,4544
19,5638	5,8492
12,7481	-0,8356
14,8451	-0,9665
6,0634	0,3442
10,3886	1,9827
13,4033	9,7157
8,4224	-4,3744
13,9277	-0,1144
8,9468	4,9316
11,8960	-1,7530
-0,0972	-0,1145
12,8135	-1,2942
-4,9468	0,7375
9,3400	9,5848
-2,6531	-0,6389
6,1943	-4,1120
-1,2768	9,3881
3,4417	-6,7993
1,6069	-8,3720
5,6700	-1,7531
2,0656	-10,2072
4,8179	-4,8988
1,6067	-12,0423
-4,4882	-18,1370
7,5049	-12,5666
-9,7312	-14,5983
2,9830	-17,6130
-4,6193	-5,0300
0,0993	-8,4378
-13,0733	1,5894
-2,1289	1,5238
-7,6994	-6,9301
0,6890	9,1260
-8,0270	-2,4739
5,6698	-2,4737
-4,0294	10,7645
3,7693	3,1623
0,5582	3,2935
-0,8182	-0,2456
4,3593	-7,5854
-3,7674	8,7328
4,7525	-4,2434
-2,5877	-1,6217
-0,0317	10,1746
-9,3378	3,2933
-9,0102	9,3883
-11,3040	10,5023
-7,5030	-2,0150
-11,0418	11,8786
-3,7019	-6,0129
-5,2746	-7,7822
3,7037	-0,6390
-0,3593	-15,7123
2,0654	-12,1078
5,3422	-4,3091
-6,9131	-16,9575
7,4394	-9,6829
-2,4567	-10,9938
3,2452	-18,3337
-0,8837	-10,4695
2,9829	-17,1542
-9,9932	-15,4501
-1,4080	-6,8651
-6,0611	-19,4479
-2,4566	-12,8287
0,2305	-4,9645
7,8326	-12,8287
3,8351	-0,2458
10,2575	-3,2604
11,4373	-6,2749
8,8158	4,4073
16,4181	-9,4208
7,6362	-8,0445
18,5152	-13,8118
5,2113	-13,6806
9,9955	-7,7825
-0,0972	-14,4671
6,1942	-10,0760
-7,6994	-0,8355
0,0993	-2,3428
-4,9469	2,9657
1,2789	2,9656
-0,3593	-4,3088
-0,2938	-0,5078
5,6701	-4,7677
10,1919	-8,1755
5,8667	0,0819
6,1287	-17,6129
9,9299	-12,6320
0,4271	-1,4911
11,1751	-8,1757
3,1141	-2,4740
5,9977	-9,2241
-3,0463	-0,4422
-0,5560	7,3564
-10,8451	-1,8185
0,8202	1,5895
-1,9978	7,9464
2,2620	4,5385
0,1651	6,1114
10,4541	5,3905
4,2283	5,7183
5,4079	13,7136
5,4735	7,9464
4,3592	5,5873
3,0486	17,5147
-2,4566	5,7182
0,8202	-0,7042
-9,6000	3,8176
-1,9323	-8,6998
-3,5707	-1,9498
10,7817	-20,5620
4,3592	-20,5618
11,1750	0,8027
1,6069	-12,5012
9,9297	-10,8625
0,5582	-1,9497
-0,8182	-9,6174
-0,6871	-2,1463
1,0167	-14,9914
-8,7481	-6,2094
-11,9594	-0,3769
-0,4251	-11,4524
-6,4544	-6,0129
-1,0804	-1,6876
-7,6339	-6,2096
2,8518	-2,0807
-3,3740	-0,0491
3,7693	-3,5224
-14,1874	3,1623
-2,7844	0,6719
-8,8791	-1,1630
-6,4545	16,2693
-9,2069	0,2786
-11,6973	-0,5731
-7,7651	3,8833
-18,5786	12,0097
-3,0466	9,9125
-18,5132	4,4076
-8,7482	2,9658
-19,4306	13,4514
-2,7188	-5,8163
-15,7605	-7,9788
-5,9300	-2,8018
-8,9448	-12,8287
-4,4228	-6,3407
-6,5198	-11,6492
-3,4397	-15,7122
-2,9807	1,3270
0,9512	-7,4547
1,3446	0,7374
0,6236	6,5701
3,0486	-0,9010
2,0654	7,7498
8,2914	2,8344
0,5581	-10,7314
10,9785	0,6062
-1,0802	-10,7972
6,3254	-23,3143
1,4102	-6,5373
7,3738	-14,3362
-11,1072	-17,1541
3,0484	-13,7462
-9,7312	-7,3892
-8,1584	-3,8503
-13,9910	-4,0468
-14,1878	0,3442
-13,3357	13,0582
-11,5664	8,8639
-5,0125	10,8301
-7,3064	10,2402
2,6552	7,2257
-8,0272	12,9271
4,6213	-0,6388
-9,7311	3,2934
-0,4904	7,2254
-10,5830	-3,0638
-3,2430	-8,5686
-0,5560	5,5214
3,8348	-4,3089
6,9152	-2,8672
6,7840	-9,8140
9,4712	-12,0422
5,0146	-8,0447
12,0270	-19,4479
-0,9493	-17,4817
6,9152	-5,1611
-8,9447	-8,3067
0,3614	0,6718
-13,4667	3,0966
-7,6340	-0,0489
-15,7605	10,1746
-5,7991	2,1792
-12,5492	1,0652
-1,8669	7,6187
-5,3401	0,8685
-1,4736	0,8030
1,4757	1,4583
3,5072	-1,6219
7,9638	9,4536
4,7525	-4,3090
15,4350	-3,5879
12,1582	8,7327
26,1830	-0,5078
11,5684	5,9804
25,3966	12,0752
10,2577	6,3081
19,2361	14,8933
2,5899	2,4414
6,3909	0,3444
-4,9469	9,4537
-6,2578	-6,1440
-15,6294	-10,4036
-14,5810	-6,1440
-17,5300	-9,8140
-15,6296	-7,3892
-8,7482	-10,4694
-10,9765	-17,4817
2,2620	-7,9791
-11,5006	-10,0763
5,7355	-14,5980
1,8689	2,4413
15,1727	4,1452
5,6045	5,4560
14,1242	-0,7699
2,0657	-2,9324
8,0949	10,1090
-2,7841	-10,9935
0,8202	-5,8160
-10,0588	1,8514
-12,0906	2,3101
-11,1074	-1,0976
-12,0906	0,4097
-3,5052	-2,3428
-9,6002	3,6865
-8,8135	-2,0807
-6,5199	-8,5687
-4,0295	7,2909
-11,1729	-5,2920
-5,0781	-0,4422
-12,2214	0,9995
-1,0804	-2,8671
-5,2091	0,8683
-4,6193	-9,6174
-2,1288	-2,2773
-0,4251	5,9800
-6,9786	-7,5858
-4,5538	-5,5541
-4,2916	-2,8016
-1,9325	-8,3721
3,3106	-0,5734
-1,9978	-7,3892
13,8620	-9,8794
2,9175	-0,5080
12,0926	-11,3214
2,7864	-6,4061
8,1604	-0,5079
1,9345	-4,5055
12,2891	1,7860
3,8351	1,7204
4,6213	-4,3744
2,5898	5,3249
3,5071	-5,0954
-0,1627	-0,3112
7,1117	13,5824
8,0293	-0,3112
3,1140	2,9657
10,5853	1,3273
5,2113	0,8028
11,1095	-1,3599
4,5559	-7,6513
9,2090	-10,3383
-1,9322	-0,7701
-2,5876	-12,9599
-9,4688	-14,2704
-2,8499	-10,0763
-8,7480	-13,0253
-3,9641	-1,3599
-7,8305	-12,8943
-0,7528	-13,4839
-3,2431	-1,8842
-12,9425	-4,7677
-9,0757	-5,7506
-17,8578	6,8978
-13,5324	10,0434
-22,5764	4,2109
-17,7923	-2,4738
-23,9526	2,2448
-15,3675	10,1745
-22,4451	-4,7676
-2,9154	0,4098
0,0338	8,4050
9,6675	-0,4423
5,8011	-0,3111
5,2767	1,1962
8,0949	0,8030
2,6552	14,6965
6,7186	-1,0321
-1,6047	-0,6387
6,1287	5,3248
-10,2554	-1,3598
3,8349	-7,7822
-11,8283	1,7860
3,2450	-2,5394
-13,2045	5,1283
-1,7357	0,4098
-12,2871	-2,9324
-5,7991	10,7645
-8,8137	-2,1462
-9,0759	-6,9302
-7,1097	2,0481
-7,8307	-8,0446
-8,1582	-7,3892
-7,1098	-11,6491
-0,1629	-15,7123
-8,9448	-4,3746
4,4247	-16,6954
-1,2769	-10,9936
8,2259	-3,8504
-5,7333	-17,5474
-0,1628	-17,0230
-13,0079	-8,0446
-9,4036	-12,5011
-21,8553	-4,1124
-12,7459	-8,6345
-9,9934	-19,9720
-9,0759	-7,3892
-3,8329	-13,0910
-9,2725	-18,5304
-2,5875	-10,7316
7,0461	-14,4671
10,9129	-8,4378
6,7186	-20,2343
17,4666	-18,7269
3,9006	-11,9114
11,8960	-23,5767
-2,8496	-17,4162
3,7038	-7,9791
-11,8282	-3,7192
-6,1922	5,5215
-8,9447	2,6380
-3,3087	7,2257
-5,0124	10,3713
0,8857	0,4098
0,0994	-3,9155
-10,2554	5,7180
-0,3593	-5,9473
-2,4567	-7,2580
-2,6532	-2,0808
-8,4205	-9,9451
-7,1097	-4,5056
-10,9108	-14,3361
-5,8646	-13,2218
-14,5152	0,6716
-1,8668	-6,0785
-7,1752	0,8029
2,9829	-0,6389
1,2791	4,8662
19,6947	7,6186
14,3864	-9,6829
12,9446	-9,5517
12,2894	5,5213
6,9808	-9,6175
12,0271	-5,5541
-4,5537	-2,3429
1,9999	-2,6049
-5,4712	9,7814
1,6067	7,6844
-3,7673	7,4223
6,1943	18,3668
-3,8981	13,8448
16,0903	10,8302
0,3617	11,9442
11,9614	6,1114
0,2961	4,4075
-3,5708	-4,2433
-5,9301	-3,2602
-14,1877	8,4051
-7,5685	0,0821
-9,0760	2,3761
-5,4714	16,5973
-16,3504	12,0753
-2,3256	3,2279
-14,7119	-9,1585
3,3106	-15,9088
-7,5028	-12,2390
-1,2114	-26,0671
-3,9639	-20,2998
-4,8816	-4,6368
-17,5299	-11,1249
-18,1855	-10,6659
-20,0204	5,5870
-15,0398	2,2446
-13,1392	5,7838
-13,4014	3,6866
-8,3549	4,8664
-12,0905	15,8106
-4,0295	-0,9666
-8,7481	-3,2602
0,8858	0,9995
-6,4542	-1,6875
0,8203	-1,2287
-5,7333	-0,7700
-1,6702	-1,4252
-8,4203	12,2061
-4,9470	-2,3428
-4,8814	0,4099
-1,8013	12,9271
-6,1921	-0,7044
-5,4714	-2,1462
-12,9424	-3,5225
-10,5833	-9,6829
-12,2216	-6,8649
-15,7607	-16,2365
-10,3866	-9,4207
-16,2193	5,1937
-0,4251	-0,7701
-9,3379	2,5724
6,1942	0,0165
1,1480	-0,4422
14,1241	7,4875
5,8667	-5,8818
10,3230	-1,8184
8,9469	6,5700
4,3592	-3,1948
4,0316	2,9003
-6,1922	7,4876
4,1626	5,9148
-7,7651	6,3080
3,6383	1,2618
-6,5200	0,8686
-3,9639	14,7621
-12,9424	1,3928
1,2133	8,2743
-8,6825	19,4153
-0,3594	12,9272
-3,5706	13,1240
5,4733	4,8008
3,7040	8,5364
10,9783	10,3713
8,9468	-4,3743
6,1943	1,7862
8,4226	11,8785
4,9491	-0,5733
15,9591	0,9997
-1,8011	8,6673
14,3863	-0,7699
1,2136	7,0290
12,0926	0,5408
2,3932	2,8347
13,2066	14,1068
2,0656	0,0821
9,4055	-2,0804
9,1434	7,0945
4,2936	1,9827
5,4735	11,3543
13,9930	-5,5540
21,4644	-5,9471
25,6587	0,4752
34,8995	-12,3045
25,7898	-19,9065
24,3482	-7,5204
13,6000	-10,4695
9,1434	-1,9497
-10,2553	-1,6875
0,4269	-6,2093
-16,7435	5,9148
-0,6217	-4,3090
-5,9300	-7,7822
9,2743	3,3588
0,9514	-4,4401
8,6191	0,4752
10,8474	-2,9327
8,1603	0,8685
11,5683	11,2888
9,7333	5,4561
15,2384	8,4709
9,6678	15,8108
16,3524	2,6380
2,1966	0,6064
12,0269	1,1963
-4,5537	4,6041
6,9806	4,2763
-1,8666	1,4582
8,2914	-2,7360
7,9638	3,4243
9,3401	-7,0615
12,8791	-9,0275
9,0124	-4,8333
8,1605	-7,0615
2,0655	-12,3044
10,3232	-10,5350
3,1796	-12,5010
9,4057	2,7688
2,7209	-7,3893
11,5027	-8,6342
-1,8011	-2,0151
0,6893	-3,1293
-4,3570	-0,8354
-0,1628	-0,4422
-5,7989	2,4414
-1,6046	13,5824
-2,9807	-2,5394
6,5218	-2,1459
2,7865	14,3688
3,7695	-5,8817
8,0294	-1,0973
5,4733	7,9464
9,0123	3,1624
-1,8667	12,4028
7,9638	-1,4253
1,8032	-3,7189
5,8009	3,7520
-4,1605	-7,9789
6,7184	-10,0759
-3,7671	-2,7361
6,4563	-5,9474
1,5412	-7,3237
2,7207	-7,3891
-1,3423	-9,8795
-1,7358	-0,1147
-1,9322	-15,7778
-5,2747	-13,4839
-2,3255	-3,7848
-10,2554	-16,4332
-0,1628	-12,8286
-5,9956	-8,1757
-6,3232	-11,0591
-5,6678	1,3271
2,1309	-5,4887
-7,5684	-7,4546
-2,7188	2,9000
-10,2553	-1,0977
-5,2748	0,6719
-12,0249	0,4753
-5,6680	0,6064
-5,0781	6,8323
-3,3742	-1,0321
4,2282	-0,2455
7,7015	9,7813
10,1265	-8,5032
0,8858	-2,7358
5,9321	0,5407
-15,1706	-4,3744
-5,0125	2,3102
-15,4328	-12,1078
-10,2555	-14,0736
-14,3841	-0,7046
-2,3257	-22,0037
-6,3233	-13,3529
-2,7844	-9,3554
-4,8814	-10,5349
-6,9787	-3,9813
-6,7165	-8,0445
-15,0397	-5,2264
-15,0396	2,1791
-23,5595	-7,1926
-24,6079	-9,0929
-22,8387	6,7011
-23,5595	-0,3112
-26,5087	5,6526
-14,3189	-1,6219
-19,2996	6,2426
-9,0104	13,3858
-11,7628	-5,8161
-2,4567	-1,2285
-3,0464	7,3566
-3,2431	3,8175
-0,8836	-3,9157
-4,3573	-7,9134
-3,2430	-4,5711
-6,1267	0,4752
-3,4396	-4,0468
-5,3403	-0,1800
-2,5877	14,6966
-9,6001	8,6673
-7,8306	2,6382
-14,1220	12,5996
1,2134	7,0290
-8,7480	12,8616
12,1580	-3,1292
3,1141	-0,7697
14,4519	14,2377
14,4519	-1,2287
18,6461	0,9997
11,9617	9,5848
17,4010	8,9951
20,0882	13,8447
10,8475	9,6504
20,0882	5,7183
1,5413	10,2402
8,1604	0,6718
-6,6508	-4,8986
0,2959	4,4075
-15,1050	0,9340
-3,6362	1,4584
-4,7504	4,7351
-3,0464	-0,8354
-0,4903	3,5554
6,5219	-5,2920
3,5074	-4,1123
3,5728	1,4581
2,3933	-4,9644
-0,1629	-2,9982
0,3615	2,7689
-13,0079	-2,8671
0,1648	0,9995
-13,2045	-10,3381
-4,0294	-9,9448
-5,0780	6,0458
2,4587	-6,4717
-5,9954	-12,8940
5,8011	-3,2604
1,8689	-10,4694
5,1456	-8,8310
0,1650	-8,9622
6,1286	-6,9960
0,3616	2,5067
2,3931	-6,1439
-0,7525	2,6380
-0,3594	7,2255
6,3254	0,3442
2,0655	-3,1947
10,7819	-2,3428
5,3424	-6,0129
16,0903	-3,5881
0,8858	-13,6152
4,4903	-12,4354
-7,6339	2,6377
1,7377	-4,1780
-2,7842	-7,9132
1,1478	1,1306
-10,3863	1,6549
-5,9301	0,2131
-3,3741	-6,7338
-9,0759	-9,6828
-1,8667	1,7203
-5,0126	-10,0761
3,6383	-4,1122
-8,8792	2,7690
1,0169	-7,1270
-3,1775	-1,5564
4,7524	-12,9597
-3,7017	-10,7314
5,8011	-3,8503
1,1481	-13,5497
9,2745	-17,7439
3,0487	-5,7509
9,7332	-12,9599
9,0124	-12,5011
5,8665	-13,2875
12,4858	-7,9790
1,6067	-1,3600
5,6701	-11,1247
3,1141	-9,3551
8,6191	3,5553
-4,7502	-2,3429
3,5073	-4,5710
-1,3424	-4,9643
2,7208	-4,6365
-1,6700	4,0141
9,0123	-5,5542
0,3616	-5,6195
7,5049	6,1114
4,6870	8,2085
-0,7527	3,3590
-2,7842	2,5071
-8,1583	10,3713
-6,4543	10,1746
-11,8939	1,4584
-6,2577	3,5557
-8,7482	12,8616
-1,1459	3,2934
-10,6486	-0,1143
4,0315	8,6018
-6,6508	7,4222
7,6361	10,3058
7,8327	3,4245
12,8790	4,7352
13,0758	6,9633
16,2213	-5,2919
8,4226	-5,0951
1,2791	3,7520
10,5852	-6,8648
-3,5052	-3,2604
4,0316	-10,2727
0,4925	-5,9473
2,9174	-3,3259
-5,5367	-13,6151
6,8495	-11,8455
-2,9153	-1,0978
-3,0463	-7,3894
-7,2405	-17,7439
5,9975	-16,1056
-7,2408	-17,1542
-5,6680	-7,3238
-13,2046	-14,8603
-11,3697	-1,5563
-10,6487	9,5846
-10,8455	1,3272
-8,2894	5,2595
-14,5154	11,5509
-10,3865	7,8154
-18,3165	19,4809
-13,4012	13,9758
-14,5809	15,3523
-3,1121	25,1171
-12,1559	19,4809
5,3421	13,5173
-7,8304	15,7453
4,8834	3,0313
-4,0295	6,6357
-5,0781	0,8684
-3,8983	-2,4083
0,0994	4,8661
11,5028	-7,3235
13,7308	-9,6827
10,6509	-0,5079
2,8520	-11,1903
3,9005	-10,6005
-5,9955	-9,2898
3,9004	-10,0762
-4,9470	-3,7848
4,1627	-15,7123
-3,0463	-9,8139
9,0124	-0,3114
0,4927	-13,0909
-1,0147	-10,2072
0,6893	3,4242
-6,5198	0,9995
1,4100	2,3759
-10,7798	0,3443
1,1479	7,8810
-5,3404	9,1916
3,3762	-0,9665
0,2304	-3,6533
7,3739	10,7644
-2,1943	2,6380
7,6362	8,2086
4,4248	1,3274
5,5389	8,1431
-1,8010	5,9147
9,0124	-6,0127
9,1435	2,3759
8,2914	1,1961
10,7165	0,1475
13,7965	-3,7846
13,2068	-3,9156
15,5660	0,6719
17,7944	10,2400
11,5028	-3,4569
13,6656	-2,8014
6,3254	8,2085
3,3762	-2,0151
-5,1435	-0,2455
5,0144	-0,1146
-11,5660	-4,5055
-0,4905	4,4073
-9,2067	-11,3869
5,2111	-5,3575
-5,9955	-0,8357
0,2959	-12,2389
-1,2114	-6,2094
-8,4205	-2,8017
-5,7989	-5,2265
-10,4522	0,9340
-1,9979	-2,0151
-15,2363	3,2934
-1,0805	14,5654
-15,4984	-6,7993
-8,1583	-1,6874
-16,1537	0,9995
-1,6703	-9,8139
-8,8136	-5,0297
-1,4080	-2,8671
-0,6870	-1,5565
5,6699	2,1791
4,8181	-4,7677
10,1264	-10,9280
3,2453	-1,2942
8,8813	0,2131
11,3061	-4,6365
1,0168	4,0143
7,2429	2,3759
-4,6192	8,2086
6,9807	-2,5394
-0,2283	-2,6048
11,6992	1,8515
-0,8181	-10,2728
5,2768	-9,6173
1,6722	-4,3091
2,5897	-9,0276
-8,0271	-2,4740
-3,5708	-2,6706
-12,5492	-2,9981
-8,4205	11,8129
-6,1267	-3,9812
-11,3041	1,6551
-2,7843	2,1136
-14,4498	-2,0806
-2,3911	2,7690
-9,9934	-4,5710
0,4270	-2,0150
-9,9932	12,0095
9,4055	-5,3575
-5,8644	0,9997
6,0631	8,7984
-4,6847	2,9656
8,8812	6,3736
3,1141	0,8030
10,2574	-5,6851
3,8351	1,7859
-1,0147	-7,4548
8,2915	-14,8602
-4,8160	3,5552
0,5581	-6,5373
-5,2092	-2,8671
2,6552	-4,4399
-10,9107	1,3273
1,7379	11,0921
-4,3570	-2,6050
7,3083	-3,7189
-4,7502	1,3271
1,0168	-5,1610
-4,6192	-4,3089
0,0337	2,0480
-5,2745	2,2447
-2,0634	6,0458
-0,5560	1,5239
-7,6340	-1,4252
2,1310	9,7158
-6,5199	-2,8017
-1,4735	-9,8793
-8,2892	7,7497
3,1796	-2,7361
-8,8791	-0,1146
-3,9639	-2,0807
-12,2870	2,4414
-4,4883	14,6966
-9,9277	6,4392
-2,2601	7,8812
-1,5391	22,6922
3,2450	12,0753
-2,8496	11,0923
0,6236	3,4245
8,7502	-1,4252
-1,5391	-2,4084
6,4564	-14,2050
-7,8306	-15,2535
1,1479	-11,5837
-8,9447	-15,1881
-1,5391	-12,0423
-9,9932	-6,2752
2,3930	-0,5734
-7,3062	3,6864
-2,5221	2,2448
-3,7672	0,0823
-2,3255	14,2379
-1,0148	1,1307
-6,5854	-2,5392
-3,8327	9,5192
-6,1267	1,6548
-7,6339	0,5408
-9,6657	-4,5710
-6,2577	-5,0953
-5,4059	7,4220
-3,3742	-5,1608
-8,7480	-2,7359
7,0461	12,2062
-7,1751	-1,4908
10,5852	0,6720
1,4102	-1,0976
11,5027	-7,5856
8,7503	1,3927
2,7864	-11,3869
8,0950	-6,2749
6,3252	5,7180
2,5898	-3,0637
-3,2430	0,4098
-3,0464	2,6380
-9,0103	2,9002
-5,2091	2,3102
-10,5831	-6,9958
-2,7843	-3,8500
-10,5175	1,3271
1,6066	-9,2899
-6,2575	-15,7122
2,9829	-4,5057
3,7039	-12,3699
4,4246	0,4096
-1,2768	-2,7361
6,0630	0,6064
4,9491	8,0118
1,0823	-5,4885
6,7842	-10,7969
8,6190	-3,2604
13,3377	-11,1248
1,8033	-6,3406
7,0463	-14,9914
1,2136	-12,8942
13,9930	-8,9622
-6,6508	-22,6592
-0,4904	-21,4795
-12,0248	-8,8968
-7,5686	-18,0062
-17,5955	-16,4987
-8,8794	-11,1248
-8,0272	-8,1100
-4,6850	2,7690
-2,0633	-5,5541
1,9343	-1,0975
6,7185	7,7496
-0,6871	-6,5371
9,2089	0,6065
-2,8498	7,0944
6,8496	3,8176
-6,1921	6,8978
5,8010	-0,9665
-4,7502	-4,1777
6,3253	2,1135
-0,2938	-9,8795
6,1287	-8,8308
2,0001	-3,9814
1,4756	-11,8457
3,4418	-0,3113
-1,6047	-6,0130
0,8858	-4,8987
-9,9278	7,6185
-0,5560	-4,8332
-6,4545	-3,3258
-1,9323	6,8323
-5,3402	5,5870
6,2597	3,6211
-2,3254	0,5408
4,4248	-3,2602
-6,3231	6,2423
4,5557	-8,9620
-12,6802	-5,8816
-0,0318	9,5847
-2,0634	-8,5032
-5,2747	-6,6681
-2,8497	-4,3745
-1,4081	-10,0105
-1,0804	2,1791
-4,9471	-0,9011
-1,6047	6,5702
-14,1221	18,1700
0,6891	3,8178
-9,7312	7,2913
-5,0125	13,3205
-9,1412	9,1261
-0,5561	2,5725
-4,8814	4,0798
-6,1267	5,7837
-5,4057	2,9000
-4,2917	0,5409
-8,8791	4,7352
-3,0466	9,0605
-10,3865	3,0313
-7,4375	4,2765
-1,7357	2,1137
-1,4736	0,8031
6,4564	6,3735
0,0339	-4,3089
14,1897	-0,9008
2,1966	11,5508
4,4248	4,6041
-3,2429	11,2234
-1,2769	5,6527
-4,8157	5,1285
7,8980	13,5170
-4,6191	-4,1778
2,1965	0,9997
7,6362	10,1089
12,3546	-2,5394
13,2723	-2,1460
7,4396	-0,1146
22,2508	-9,8794
11,0440	5,9147
13,5999	-8,8965
1,8690	-7,7822
9,6022	0,2785
4,8180	-10,0761
2,9829	-9,2240
-2,7842	-2,0808
-1,2114	-4,8988
-3,1119	6,2424
0,6235	5,9148
-8,5514	2,9658
-4,2916	15,6798
0,3615	9,7159
-3,3086	1,1309
11,9614	15,4830
-2,7187	-2,4739
11,3717	-0,4422
-2,7842	-3,7191
7,1117	-1,9496
-7,6339	8,4706
4,6869	4,4729
-4,6847	-0,3110
3,7692	13,1893
-7,1750	1,4583
5,1455	2,5726
-5,4057	7,2254
-0,6216	-2,7360
-0,8182	8,9294
-2,9809	3,7521
2,2620	8,7986
-8,5516	27,9350
0,8203	10,8956
-7,5030	9,5851
0,6236	11,9442
-4,2916	4,8663
3,3105	8,0775
-0,6215	0,7374
2,2620	-1,2942
-2,7186	1,2617
1,9999	-13,2218
0,4270	-8,5031
-4,9471	0,2786
-3,5707	5,2595
-6,7166	9,0606
-0,6216	7,8155
-0,3595	11,2234
8,4880	15,2865
-2,0634	0,6720
6,5219	1,7862
-12,3525	9,9779
7,0462	0,8029
1,0824	-1,4908
3,5072	-5,3575
-0,0316	-0,6388
11,6337	11,7473
3,1141	-7,5202
3,7693	-2,2114
-1,9977	17,3836
1,6722	5,5216
7,4395	1,3929
2,6553	5,0629
13,3379	-0,1800
12,0270	-0,3111
17,1390	-10,2727
10,6508	-12,8286
10,1921	-6,4717
2,8520	-13,9428
6,5875	-12,6975
1,4102	-4,6367
9,7332	-6,1440
2,9830	-3,4570
7,4395	-6,9303
9,4712	-4,7020
10,2575	6,2424
7,5707	-6,1439
15,1727	-3,9811
10,9785	1,7859
1,2136	-3,7191
11,0440	-3,9812
-3,8329	1,8516
5,2767	-0,7041
-13,9909	18,3667
0,2958	8,1432
-16,0882	8,6020
-8,4204	12,4030
-13,1390	9,5193
2,1308	3,8833
-2,1289	5,9149
1,8034	6,5703
7,8329	6,5046
13,0755	-2,2772
5,5390	1,5240
4,6869	9,3225
3,3762	2,9001
-3,6362	0,0822
9,0123	9,7815
-1,6047	10,5023
5,7356	14,5001
2,7209	4,4075
11,3716	3,3591
4,8181	7,8808
8,8812	-3,5880
0,5582	-3,7845
0,9514	1,8514
-2,2599	-5,8162
2,3274	0,9340
-6,9786	-3,2604
-6,3233	-5,2263
-0,8838	2,3102
-6,6511	-2,0808
5,3423	-9,2895
-0,1629	3,8832
10,1264	1,8515
-3,9638	-2,3427
6,3253	6,1769
-6,9785	-3,6537
2,5897	-2,9326
-13,8599	-9,4208
-6,7165	-10,7969
-16,9401	-1,8842
-10,4521	-3,4570
-18,5785	-1,1632
-17,5301	2,3102
-16,3504	-0,1145
-18,1855	0,9995
-4,3573	-7,3892
-13,1393	-9,8794
-1,9323	-2,6706
-1,2770	-12,6320
8,8813	-8,3065
2,0000	1,9825
11,3061	-1,4253
-3,1774	6,7012
0,7546	1,3272
-16,0225	2,9003
-9,7312	8,6017
-16,0881	-1,3598
-11,2387	-6,0783
-13,2045	-6,9960
-6,8476	-18,7926
-0,3593	-21,8072
3,6383	-23,5113
10,7163	-20,1689
8,6191	-15,1882
11,5683	-15,2536
5,8012	-10,4038
19,8913	3,4243
4,0973	-7,7824
16,5491	-4,7676
9,0126	-5,4232
20,4158	-5,4887
15,5006	-8,4379
17,2699	-17,6784
10,2577	-15,5812
10,5852	-10,8627
4,5560	-12,7633
2,9174	-9,9450
2,9831	-6,1440
4,8178	-3,0637
4,3592	4,4729
0,0338	-3,7191
2,3931	-3,0636
-5,4057	7,0289
-5,0125	4,8662
-10,5175	6,7014
-5,3403	15,4176
-11,0418	13,7792
-4,3573	16,4008
-14,4497	13,0584
-8,5517	16,1387
-12,8114	22,7577
-10,2557	10,1748
-9,9279	4,8010
-12,1562	17,6458
-1,8669	2,8346
-11,2386	4,2765
-0,6216	-4,5710
-5,6024	-4,1122
-0,4905	4,5384
-11,5661	-9,3553
2,9829	-13,0905
-10,9763	1,7858
-2,9154	-8,7654
-8,2236	-6,8648
2,7206	-5,3575
-5,5367	-1,6875
-5,0781	-1,0976
-3,2429	-5,0954
-11,5663	-6,4060
-10,3864	3,8831
-9,5347	-8,7654
-1,6047	-15,0566
-13,0080	-3,7191
5,9321	-10,8626
0,0994	-9,2242
15,1728	-6,6685
4,0317	-20,1688
13,4034	-10,1419
3,9008	-22,0040
9,0124	-22,6592
-3,1773	-14,1395
2,9173	-10,0108
-11,7627	-9,6830