8,1457	2,5992
-5,3548	0,1090
4,9344	-4,5443
-1,0293	-10,3115
9,5873	-5,2654
4,2136	-16,6687
6,2451	-22,8945
11,0949	-5,4621
6,6383	-20,7319
10,7018	-10,0494
8,6044	-5,5276
21,3841	-11,5567
6,3107	-4,6755
12,4057	-12,4744
-0,6361	-13,4573
2,7718	0,6329
-8,1073	-10,5738
6,2450	-16,3407
-6,3378	-2,5127
12,3401	-10,3115
11,1606	-4,4787
21,0564	-4,2167
15,8793	-11,2289
24,9230	0,5675
16,6657	-1,7264
13,3231	-4,8064
15,5514	-2,9059
-1,3571	-3,1680
5,1966	5,4172
-10,7289	3,0578
1,5264	-3,7578
-20,7559	10,8567
-4,8307	10,3978
-22,5254	4,2377
-4,6341	9,2839
-16,4305	4,6963
-4,8307	2,6648
-6,0757	5,2206
-2,1438	-1,2674
0,8712	1,7472
6,7037	-2,0540
10,6362	-7,2968
9,0631	-5,3963
15,1582	-11,6878
7,6869	-11,6878
15,6825	-10,0495
4,8690	-20,9940
14,6994	-12,1468
1,7232	-19,7490
8,0145	-20,6008
-14,8576	-11,1637
-4,8962	-12,9987
-20,4937	-18,1103
-8,5008	-6,7071
-14,2023	-13,5884
-11,8431	-3,8235
-17,2825	-3,8891
-17,4792	-2,9059
-11,5153	7,3177
-16,3653	8,1041
-6,0102	-0,0221
-15,1199	14,7890
0,8710	8,5630
-12,3018	3,7134
-4,4374	3,8444
-17,1513	4,4999
-0,3088	18,7211
-16,9547	8,8252
-5,5516	8,0390
-11,1876	19,3111
-5,0273	13,2818
-8,6317	23,8331
-12,8261	20,2940
1,3299	15,8378
-7,3866	22,1291
8,3424	9,1528
3,6235	-1,3327
8,8668	13,8058
3,8203	2,3370
17,2553	0,5676
2,8374	4,2376
16,9932	-0,7431
3,5583	15,9686
18,0418	12,8883
15,0272	8,6287
27,6756	17,4105
23,8747	11,3812
36,0643	11,5779
41,3075	15,1167
44,0598	12,1676
43,8634	17,8694
32,0013	20,5563
45,8296	18,3282
36,7853	27,6999
39,4070	27,9619
25,7099	19,5734
50,4824	22,0637
27,3483	18,5902
49,1717	18,3938
36,1301	22,3913
42,1594	18,0005
34,1642	29,2072
39,6034	29,0760
33,2466	30,9769
33,3118	41,0694
27,8726	39,1033
25,8406	46,6402
23,7437	56,2085
12,9955	57,8470
24,9887	66,8909
4,2791	60,2717
7,8180	59,4199
-20,0350	65,8423
-10,2703	58,0434
-39,7616	48,9995
-31,7663	45,7226
-43,8250	36,7441
-49,0681	33,9914
-64,4690	18,7868
-69,6467	0,3057
-82,2951	7,6455
-93,4366	-8,4767
-93,2400	-28,9238
-109,7553	-28,2687
-102,5463	-47,6020
-117,8164	-52,9759
-110,2797	-56,5808
-121,6831	-73,0959
-107,7894	-73,8826
-126,5327	-94,4611
-105,8888	-110,9762
-113,7530	-116,2195
-89,8979	-132,6036
-92,1914	-139,5505
-75,6763	-140,2060
-65,9111	-149,0534
-55,1633	-140,3371
-44,2837	-143,8760
-31,2421	-142,2375
-6,2725	-135,9462
-0,3742	-136,3393
27,6756	-131,1619
30,4281	-113,8603
60,4440	-116,2850
64,0486	-89,0218
91,6397	-87,5144
88,8218	-78,9288
117,9856	-61,8239
115,8886	-53,6972
130,0444	-42,2937
129,9136	-18,9628
141,6445	-25,6472
143,0210	0,0432
143,5450	8,3663
137,6470	17,2139
124,9983	35,8263
130,7000	43,9529
112,9395	51,6865
120,4762	66,4321
93,4096	54,8323
95,7689	56,9295
73,7485	51,9485
74,7313	35,6299
49,4343	30,5180
49,5651	21,0150
35,0161	2,7960
28,0034	-1,0053
10,0466	-17,5207
-2,3402	-39,7375
-20,9525	-45,6360
-47,0364	-70,0812
-61,5853	-78,0113
-87,4726	-102,1289
-97,9585	-122,6417
-120,1101	-135,2906
-132,5622	-164,5201
-166,3791	-198,3370
-168,6731	-224,9452
-201,8347	-267,0198
-211,7309	-299,6572
-245,6132	-343,5015
-260,3594	-386,1659
-285,8530	-413,2329
-296,7325	-457,4704
-308,6600	-498,6929
-317,8354	-529,2990
-317,1143	-582,4492
-317,0490	-621,5748
-313,0512	-653,5571
-320,5878	-699,6295
-306,6940	-721,9122
-305,5144	-758,3507
-283,5596	-783,1237
-283,7560	-797,0833
-249,6115	-821,2008
-240,8949	-826,0507
-211,0103	-834,5705
-202,4901	-834,2428
-168,0180	-826,5751
-145,3420	-823,8225
-115,6542	-812,9432
-100,1214	-786,7943
-76,8560	-771,5895
-48,8061	-739,6075
-40,2863	-703,9555
-18,2002	-674,9880
-16,8239	-620,9202
9,5219	-586,0546
10,1772	-545,0282
21,2531	-491,6814
20,0737	-460,6167
46,4846	-414,7407
29,0522	-369,1271
37,6374	-329,4771
30,5596	-287,5990
35,3434	-249,5875
27,0205	-222,8481
25,3819	-174,7442
24,3334	-150,4956
11,8159	-125,0670
13,8476	-91,4467
4,5412	-68,7053
8,2768	-45,7673
-9,5491	-26,3028
-2,6679	-7,1004
-33,6010	17,6069
-23,4430	23,9641
-45,5289	24,8819
-44,8737	44,8051
-60,9300	52,6695
-58,2434	62,8934
-76,5278	86,9450
-72,3992	75,2142
-71,4162	85,4380
-77,3147	82,4888
-81,6399	78,4257
-92,9124	84,7170
-89,8976	75,4108
-101,4322	67,7431
-95,5338	57,3226
-112,5733	42,7736
-100,9734	41,8558
-111,4592	14,4615
-104,3159	-2,6434
-116,9642	-4,5444
-101,6944	-26,6302
-100,2525	-43,9974
-92,2571	-53,4350
-81,5745	-79,7152
-71,4164	-87,1865
-60,8647	-102,1290
-48,2163	-125,5909
-27,6376	-120,0862
-31,4387	-135,2251
-2,4059	-142,0408
-9,2872	-137,2569
9,3253	-151,8060
6,3763	-155,0171
28,7242	-149,4467
21,7120	-155,4105
41,3074	-145,3180
36,9822	-149,3812
48,9096	-144,6624
47,0749	-123,9530
60,7717	-120,0863
62,2138	-116,7437
61,2306	-97,0173
68,6365	-94,1989
62,3448	-67,9844
75,6487	-66,6081
61,6239	-54,3524
66,7358	-34,4949
54,8737	-33,9050
67,8498	-24,0087
43,1426	-5,0033
47,5335	-9,8528
35,0816	3,7133
40,1932	9,6115
21,0567	11,3812
29,4451	31,8941
12,9301	31,1076
8,9977	31,2389
5,8521	37,8580
2,4439	33,3361
-1,6848	29,2729
-12,1707	35,3676
-3,9131	30,3214
-19,9040	38,7100
-9,1561	36,6128
-25,4747	33,7294
-14,2026	41,1350
-34,4532	39,6933
-24,4918	51,5553
-31,7006	49,7858
-16,7586	48,1474
-21,8702	55,6186
-15,7754	45,8535
-17,0859	31,4358
-15,0546	42,7734
-16,4961	37,0060
-17,8726	23,3746
-11,3844	23,2434
-22,2635	18,2626
-12,6294	27,3065
-15,1855	22,6534
-3,3890	8,3011
-18,4622	22,8500
-0,9641	16,0342
-17,0203	7,3836
-2,6680	11,9710
-10,3356	4,4343
-1,3573	13,2817
-5,8136	7,6455
6,2450	4,5655
6,0485	18,9177
5,7863	3,1890
24,3332	2,7305
10,7016	3,5166
23,3503	-10,9013
12,7989	-3,2991
19,9423	-7,6247
-0,2429	-13,5228
11,8157	-9,6564
-8,1073	-20,6664
4,4756	-13,7850
-3,9130	-8,5422
3,3615	-12,5399
7,0317	-11,2290
2,8371	0,1742
1,2645	-10,9013
7,4246	2,0748
-0,1118	-3,2992
0,2157	-9,1973
5,1966	2,6646
-5,4204	-6,9037
4,9344	-5,8551
-5,0927	0,2397
7,7524	-9,4594
-12,2361	2,2714
10,5049	-1,1365
-13,2847	-8,0831
2,6406	6,2691
-5,4204	-11,0980
-10,2047	-11,0323
-15,2508	-3,6924
-12,8263	-10,3116
-19,9695	-9,9838
-22,9844	-6,7727
-15,5787	-16,8651
-21,8703	-7,4935
-8,8940	-9,7874
-20,4285	-16,3408
-9,5493	-0,1535
-17,6758	-8,0178
-6,9279	-1,9884
-19,1830	4,0409
-5,6827	-4,0854
-21,6734	14,8545
-10,3358	8,6940
-19,9694	-2,6435
-12,1054	14,1335
-11,9741	3,5822
-9,3529	5,7450
-6,2068	7,0557
-3,7821	7,7766
6,3762	17,4759
-2,5368	8,7597
11,8813	7,2525
-10,9909	17,9347
4,1480	5,8105
-12,2362	7,3836
2,9027	18,6555
-8,8937	9,8082
6,3761	9,1529
-0,5705	7,5799
11,0292	-1,7262
0,2814	5,7449
-0,4397	-3,4958
3,4271	-3,2990
-5,0929	0,8297
-7,0586	0,3709
-0,9640	1,2229
6,1140	2,0749
-6,0102	-6,7068
5,8520	7,3177
-6,3378	-2,9059
12,0124	-4,0854
2,3130	5,8104
8,6045	-1,0054
2,0510	3,7789
13,9128	7,4489
1,6578	2,1407
9,1942	13,1505
3,7549	2,5336
3,4270	-1,2673
12,6677	2,9924
3,2304	-1,3331
14,5029	-9,1318
7,5559	2,6646
17,2554	-4,2823
7,3592	4,9583
12,7332	-4,6755
-1,2915	-12,2774
7,2937	4,1064
-1,4880	-7,3625
10,6361	-7,6900
1,1334	-5,4619
12,6020	-6,9693
-3,1920	-11,8844
-1,5538	-8,4765
-6,7309	-9,1974
-0,3742	7,1211
4,8689	-2,4472
-0,6363	-1,5950
13,6508	10,6601
-0,6363	1,6816
10,7017	0,4365
-6,6655	1,4196
6,2453	-6,6414
-4,9615	7,9731
9,6530	2,0092
-6,1412	-8,2797
1,3299	4,8275
-4,5028	7,7110
0,5433	9,0874
-1,0293	17,0827
-1,6194	3,5168
-0,6361	11,4467
-3,0612	6,1382
2,2474	2,2717
-8,1075	10,5290
2,3784	4,6308
-11,3843	-0,0877
-1,4883	8,4975
-18,9864	5,9416
-4,5029	5,6796
-20,4938	12,8884
-8,9595	2,7959
-19,8384	12,8884
-4,6996	2,7958
3,8203	3,7135
9,2596	10,9223
13,7164	-1,0708
11,6846	4,5653
15,2238	3,4510
-1,2260	-9,3284
6,7040	0,5675
-10,0736	-9,8528
-0,1776	-9,0007
-12,9571	-1,6608
7,4246	-11,0325
-2,4713	-11,8189
13,5195	-14,1128
0,3469	-20,5352
14,6992	-8,1491
-0,2428	-13,7197
11,9468	-22,1081
5,5244	-7,5591
6,7038	-7,2315
1,1335	-8,0832
0,7400	5,4172
0,2157	-1,2675
-13,4815	-3,2990
-7,5176	-4,0200
-16,2995	-11,7533
-4,3064	-7,6902
-17,9379	-15,8167
1,9197	-17,5861
-9,0249	-11,5569
6,2450	-22,5014
-4,2406	-16,7341
5,5242	-10,9671
5,2622	-22,6324
5,5896	-8,5422
5,9832	-9,5253
8,1456	-8,4110
13,1921	1,6815
11,6846	-3,6268
15,5515	3,0580
8,8666	1,6817
11,4226	3,9100
-1,6191	10,0048
10,4395	0,3055
-6,3379	3,5824
5,9830	8,1042
-5,0926	-2,2506
10,5049	-2,0538
-3,8474	-3,6268
1,0021	-5,1341
-9,5491	5,2861
-4,3720	0,6986
-14,6610	4,9586
-14,0714	21,2115
-13,9402	11,2500
-18,3313	13,0197
-12,6950	15,8376
-20,2318	6,5971
-5,5516	6,6625
-14,8578	6,5969
-1,5539	4,9585
-15,4476	9,6115
-3,1922	-1,6606
-14,7921	0,8954
-1,4883	6,9901
-6,4690	0,6331
-0,4398	-4,6753
-7,5830	-6,2483
-8,3697	-11,5566
-7,0587	3,0579
-8,1076	-1,9885
-3,4543	-2,3160
-6,7967	5,5482
6,3106	-2,0539
-7,7797	-3,4956
7,1627	-5,4618
-5,4859	-7,3623
-0,1775	-0,9399
-20,5592	-9,1975
-10,6635	-9,3940
-27,5062	1,2882
-14,2680	-9,9839
-25,4091	-7,7554
-22,3946	4,2375
-18,7899	-1,2019
-19,7732	5,2207
-14,1368	2,0093
-15,7753	2,0094
-5,2239	6,2036
-16,2340	3,1234
-7,3209	2,2060
-14,7923	7,1211
-3,9132	-3,2991
-22,7876	5,4828
-4,6997	4,5652
-14,6611	-2,8402
-8,7629	10,0703
-13,4159	3,5167
-2,6681	4,6310
-5,6170	11,7087
1,3297	2,9924
4,6723	6,4005
-2,4058	14,9855
10,3740	-2,9712
0,5433	4,3688
8,4734	5,1551
-2,4712	-1,2674
13,2576	5,4172
-1,6848	-3,1026
10,9637	-11,6222
-6,0100	-8,6732
4,8688	-18,8969
-11,5806	-17,5861
-1,8815	-9,2632
-13,8744	-12,8675
-6,9279	1,4849
-8,2384	-5,5930
-7,1901	-0,6121
-4,8961	6,8590
-11,2533	-3,8233
-7,0588	5,6140
-14,0713	2,9268
1,5264	-2,0538
-13,2193	9,6116
7,8179	-3,6267
-11,2531	5,4173
10,5705	11,5775
-4,0440	1,4851
14,6337	-0,3498
4,0826	5,3516
13,3886	-4,6753
9,5221	2,0094
7,1626	1,5505
7,3594	-2,0539
2,0506	5,4171
1,0022	-0,8088
-14,3334	-1,9884
-2,4057	-2,9715
-16,4307	-8,5420
-0,4397	4,3031
-8,2385	-0,9399
13,3229	-6,8379
-4,5683	4,1064
14,8304	4,4996
-1,2914	0,3054
8,6044	3,1234
0,2814	-0,6776
2,1817	12,4952
-11,0564	6,4002
-1,7506	2,5337
-6,4689	2,6647
-8,8939	3,5822
3,8858	-7,1001
-4,5029	-0,6121
12,2090	-6,2483
-1,0950	-5,9861
13,9785	-7,3624
-1,6192	-5,9861
12,0778	-2,1195
-10,3355	1,4849
10,5049	-2,4470
-1,6192	15,1166
6,6382	11,7086
4,1481	4,3032
2,9025	5,6794
0,8711	-1,8571
-0,1122	3,9754
-2,0781	6,4002
-10,4669	-2,3816
-5,6825	4,6308
-15,9063	5,3516
-0,8329	-0,5465
-14,5955	5,2862
3,7547	2,0750
-5,6825	10,7913
7,7523	3,4512
-8,6316	7,9078
10,9635	17,4759
0,1503	2,7304
6,3105	7,3179
12,5367	12,1019
10,3083	-2,7747
10,0465	-6,8380
8,4078	-3,4303
13,6508	-13,7851
-6,2723	-6,7726
6,0485	-14,7681
-12,0396	-12,4742
-1,6193	0,2398
-15,1197	-1,7265
5,3274	-5,3962
-13,4813	-2,3817
3,1648	-14,0470
-5,5514	-5,1341
4,5410	-12,1466
-3,7819	-19,7487
3,8856	-6,0518
-4,3717	-11,0326
-2,7335	-8,9353
2,7717	-9,2631
1,1986	-24,4018
6,0486	-7,4935
3,3614	-11,6225
14,4372	-19,3556
6,5073	-10,6393
14,8960	-13,1952
-2,9297	-9,7872
19,9422	4,6306
5,3933	-4,4788
23,7433	4,9585
6,7697	1,6816
19,6801	-13,3260
10,9640	-2,3816
10,9638	-7,2315
10,7018	-11,8188
5,8518	-7,3625
8,5390	-11,7533
1,1333	-3,3647
15,0270	-2,4473
-3,7820	-9,5905
9,1943	4,6963
-10,0734	-0,7432
2,1163	-2,8402
-14,0712	6,7935
-1,1605	-0,3500
-12,3016	1,2229
-0,9640	-5,5929
-9,2869	-10,7702
-4,2408	-3,4958
-6,6000	-11,9500
-7,3866	-11,7532
-7,1243	-5,1998
-11,8432	-11,9501
-2,6024	-13,4573
-15,0543	-11,7534
1,9197	-10,6393
-11,3843	-6,6416
2,5095	-12,5398
-11,0565	-11,2289
4,0167	4,0410
-12,4326	0,8952
4,9342	-3,4300
-8,5004	5,0896
2,9027	-2,4471
0,8712	5,6140
0,4777	5,4172
-5,9446	12,2987
-9,2217	27,3064
-11,9085	19,8354
-12,4985	21,3429
-4,8306	29,7314
-16,2995	22,7191
2,9027	25,3406
-9,4837	15,0513
9,5219	8,6943
0,3468	12,0365
8,2111	2,5337
-3,5852	-4,8719
11,6190	1,3539
-6,2722	-2,7750
5,5242	-5,3963
4,5412	-0,2190
1,3298	-5,5929
5,3933	0,3709
-0,3086	-0,8743
10,0463	2,0749
0,0846	11,3810
6,3763	7,6455
-5,5514	5,0897
6,6384	13,3473
-4,3718	12,7574
14,2405	15,5100
-3,9785	11,1189
8,6699	8,6942
-1,8813	12,5608
13,5195	10,7258
-1,1604	7,7112
0,2813	11,6433
6,0487	0,9609
2,0507	4,6309
2,2475	4,8928
-10,5324	-8,7385
-9,2215	4,9585
-23,1153	1,0262
-6,7968	-3,4956
-19,3143	8,1042
-0,7020	-0,4810
-13,0225	6,2692
13,9782	6,4002
-4,6994	-1,0707
14,8958	8,7596
3,5582	2,7302
6,3105	-3,2991
-5,4202	6,1381
2,8370	-2,6438
-5,1582	-0,5465
-10,4012	3,2544
4,6722	-4,2821
-6,9278	5,5483
1,7232	-4,0202
-6,4690	-9,6560
8,8010	3,7786
-9,1560	-7,8211
6,4416	-5,0030
-3,7164	5,2206
6,7037	-2,0539
-1,0949	14,7889
2,2474	5,3516
8,8668	-1,5295
16,0100	3,3200
15,8136	-4,1511
14,5028	-10,8357
18,0419	-7,2969
13,5197	-11,4913
16,4690	-11,9500
8,1457	-11,7535
17,7140	-21,6494
-2,3401	-11,9501
11,2259	-16,1445
-11,7118	-16,5376
3,4270	-8,6734
-11,7119	-12,1468
-7,0589	-6,6416
-8,6971	-4,8066
-0,7674	-4,7409
0,7401	5,4826
-0,6363	0,7641
1,3956	-2,8402
3,6235	8,4318
9,7186	-1,2019
3,0337	0,3055
9,5220	12,3641
2,9028	0,3054
10,3740	4,8276
6,0486	7,1867
12,1434	-1,2674
-2,2089	4,8275
7,3592	0,3053
-9,4835	-4,7409
-3,9786	10,9877
-14,1367	-2,6438
-17,4794	-1,3329
-22,8532	8,3008
-29,6036	3,5167
-22,8532	6,2037
-27,5065	5,0896
-12,5639	4,9586
-13,0884	12,5608
3,2304	9,3495
-4,5028	8,5631
14,3061	9,8737
-1,8813	4,1066
16,2722	10,6602
-0,1774	1,4195
10,4394	2,0750
-3,2575	10,5946
6,9659	2,3370
-2,5366	4,9586
-1,0295	11,6431
0,6091	6,1382
-7,8453	14,0681
3,2304	10,7912
-6,9934	1,0921
2,5095	15,5098
-8,8283	3,9098
12,2744	-7,6243
-3,9130	0,4364
12,9299	-18,7001
1,5922	-7,8211
12,4711	-8,6732
0,6092	-14,3093
13,5851	-3,8235
-2,0778	-6,7072
8,9319	-12,2775
-0,8327	-2,5127
-4,3064	-5,8552
-0,9638	-1,5296
1,2641	3,3855
2,0507	-3,6923
-8,1074	10,8568
3,0993	8,2352
-8,6317	0,4366
5,4587	5,9416
-6,8621	-2,3161
14,1093	-6,8379
-8,3039	-0,3500
0,1502	-10,7703
-5,8135	-5,7895
-3,4545	-5,0688
-9,4835	-16,7340
-4,1754	-2,1195
-6,3378	-10,4427
-3,3234	-12,3432
3,0994	-8,3455
-1,1606	-14,5059
12,1433	-5,1998
3,2959	-3,8891
11,6846	-1,4641
-2,4711	8,0386
14,3060	-1,1365
-1,3571	0,2400
7,2281	2,0747
-4,6338	-6,0516
8,0145	-5,1341
-2,3400	2,4680
1,5264	1,5505
-0,3084	7,8421
-5,1583	8,5629
4,8689	4,1722
-3,9786	13,7403
13,2576	8,1043
4,4100	6,2694
14,5684	7,2522
10,5706	-3,6922
15,7479	6,6624
-2,9297	-0,0879
14,7649	-6,5759
0,4780	3,2544
10,1118	-12,6054
4,6723	-18,2413
6,1795	-12,5399
1,1989	-21,8460
1,5264	-11,7534
-5,6169	-15,0303
-6,4691	-10,0494
-2,0125	1,0916
-7,3210	-2,1197
5,5899	-7,5589
6,0485	-2,0541
17,8451	-7,1004
2,9030	-2,4472
21,1221	-4,0201
9,9809	-1,2674
20,7287	3,2545
9,1289	-3,4957
17,1242	-0,4809
11,3571	2,4681
13,2575	-6,8380
7,9492	1,4195
9,6529	-1,4642
5,6554	-8,7386
2,0508	1,5504
15,6825	-15,3580
6,1140	-16,9962
11,0294	-5,3965
1,9852	-11,4258
1,6576	-7,2968
-9,6146	8,7595
8,1456	-0,3498
-5,0271	4,8275
10,1117	-2,9059
-5,8789	-5,5928
3,2304	2,9923
-0,1119	-6,0517
-4,4374	-4,4787
-2,1435	7,5144
-6,2068	2,4026
0,8712	12,7573
-1,4882	7,3833
11,6192	6,4004
1,3954	16,6240
15,0926	8,3664
1,5266	3,1237
18,5660	12,4297
-0,1118	5,7450
15,4202	11,9054
5,9831	2,0093
16,8619	-6,6413
8,7357	2,9269
9,9806	1,2884
9,5221	-5,2651
7,2936	4,3686
5,6554	2,9268
0,8710	3,1890
-0,3085	3,0579
-4,5029	5,6793
3,5581	9,8737
-9,4181	-1,3330
13,3230	-7,8209
-1,2915	4,6308
15,4857	-10,6392
3,8203	-5,9205
10,2428	-1,3331
-6,2721	-7,4279
6,7037	1,7472
-5,1582	-3,0369
-4,6997	-0,3499
-10,1389	8,1697
-9,4838	-1,5296
-10,0734	-0,6776
-14,2025	2,0748
-9,0904	-5,5928
-10,4013	5,4172
2,9028	-0,2845
-2,0780	-4,4787
16,7310	3,4511
-2,3400	-2,1851
19,8112	-6,2481
2,3132	7,0556
12,3401	1,7471
9,5877	1,8784
9,2597	10,9878
7,3594	2,9270
4,8688	8,2354
9,6531	8,4318
-0,8984	2,6649
6,9006	5,4172
3,6891	-4,3478
9,7186	-6,9691
-4,8305	9,2838
11,5536	-1,0709
-0,4395	7,9731
12,5366	3,3856
-1,4224	0,5677
17,9105	13,6093
0,8713	7,8420
16,6654	1,2231
8,2114	7,5145
15,0269	-2,4470
8,0804	1,5506
13,3230	-3,6269
15,0927	-10,1803
3,5582	6,4657
19,6147	3,5822
8,8666	12,0364
22,0395	18,1314
9,2599	23,3744
21,5808	26,3236
15,3549	22,8501
28,5931	17,9350
16,2724	24,4230
29,1174	12,7575
14,9617	21,8671
19,3525	21,2770
15,6826	10,3326
15,1580	15,5101
9,5877	15,8376
1,9853	5,2208
4,0171	18,1314
-5,1582	8,8906
8,8011	-5,6582
-8,5007	9,8082
8,5389	2,4025
-6,2067	-3,4956
21,3840	4,4997
7,7525	-3,1025
25,5129	-5,7239
15,7481	0,3053
17,7795	-11,8189
5,1312	-3,1682
5,5897	-11,0326
-0,2429	-12,7364
-3,0612	-5,7896
-5,6169	-13,2607
-5,2240	-2,3161
-1,5537	-5,0031
-3,0612	-11,7532
8,4733	-1,3330
-4,3718	-7,0348
11,1604	-12,8674
-0,7672	-6,1173
17,2552	-18,8968
-0,9638	-15,8821
15,0926	-18,4381
2,9029	-19,5522
18,3693	-14,1128
7,4251	-18,4383
17,3864	-16,4065
17,2555	-6,9694
17,3208	-17,0618
23,0227	-5,5274
14,6338	-7,2970
24,7266	-13,0640
8,8011	-7,8212
11,4227	-12,9986
-3,7163	-16,8652
2,4440	-11,3602
-13,9401	-10,2462
-3,5200	-12,3431
-16,2339	-2,4472
-4,5686	-0,6777
-12,1706	4,6963
3,1647	2,4680
1,7231	-9,2628
4,7376	9,6115
9,6531	-1,5297
3,0338	-1,2674
10,0463	5,2206
0,6744	2,2059
9,1942	8,2354
-4,5683	6,4658
21,1874	2,1406
10,3740	14,7234
26,4960	-0,2844
17,3866	-6,7068
30,7558	1,2228
21,1222	-8,0178
32,7874	-17,1928
17,1245	-15,9477
15,6824	-16,8652
6,9663	-5,0688
4,2789	-7,2971
-3,3888	-4,2166
-14,7267	6,9900
-8,0418	3,7788
-7,0590	5,2862
4,6066	5,2206
-5,7481	-4,6098
9,0631	-1,6607
-5,6169	-6,9037
12,9298	-11,8844
0,8712	-9,3941
11,6845	-11,6879
-6,4031	-9,3284
9,6529	4,1719
1,5922	2,4026
3,4270	4,1065
9,9154	6,1381
7,4903	-1,0708
12,4713	7,7109
8,8011	-1,4641
16,4690	-0,3499
15,1581	7,1212
22,3016	1,3540
9,1945	2,0749
26,7581	1,6161
2,1165	-7,2967
13,5197	-2,7093
-3,9129	-7,4935
4,8032	-13,7193
-5,3547	-1,9229
7,8834	-11,8844
3,6237	-15,4888
3,6892	-7,9524
10,8983	-20,8629
-1,8160	-6,1829
0,0193	-16,7342
-7,4521	-5,1996
-2,8644	2,9922
-12,6950	-0,4155
6,1794	-4,6097
-14,5299	5,7448
6,2451	-5,6584
-5,0927	10,5946
5,1309	5,6793
-7,1897	3,7789
-1,9470	10,9879
-3,3231	9,0873
-2,9302	0,5022
-2,7333	10,9878
-7,3212	3,9753
-6,1413	1,7473
-15,3165	5,6138
-2,0125	0,6987
-18,4622	5,2206
0,1502	1,8127
-10,0081	0,5676
-4,0442	10,5945
-15,2508	-3,9545
0,1500	0,5677
-13,2847	8,6940
4,2133	0,0433
-6,2067	10,7257
4,7377	4,3686
3,3617	1,8786
5,3929	19,4420
4,6723	13,5438
-2,9301	16,9518
7,7525	24,1606
-1,4227	8,0389
8,9976	15,5755
-2,4057	11,5776
14,1750	5,8106
-4,6994	11,3811
15,0269	-0,1533
-4,5027	1,6817
7,6214	4,6307
-1,2259	-4,6754
3,8856	-8,2798
-8,5659	-4,6755
-1,8816	-10,9668
-7,0588	2,4025
-5,3551	-2,7093
-9,6148	-1,0708
-20,1662	7,8420
-6,2069	-0,1534
-17,1517	0,5677
1,6574	2,0749
-9,0250	4,8930
5,2621	11,7743
1,3955	6,3347
19,1558	-4,0198
8,7357	5,8104
13,1264	-0,0880
2,7719	-11,0978
0,1502	-3,8235
1,5922	-9,7872
-4,8307	0,6330
-1,8158	-3,2337
0,1500	-9,8527
-0,3085	2,0748
0,2813	-5,6585
10,5051	-13,0640
4,9344	-4,5445
17,5829	-16,1444
0,0193	-8,8042
9,9152	-10,4427
-7,0588	-13,8504
-5,5516	-0,8089
-14,6610	-9,4596
-18,8556	-0,6776
-19,2485	-0,9399
-8,2388	-2,7093
-15,1854	6,0071
-12,4986	2,2714
-9,2215	0,4366
-17,5447	8,1041
-0,9639	-0,8087
-5,9448	-3,3645
10,1771	2,2059
-16,2339	-5,9206
-0,8984	-10,2459
-12,8915	-2,0541
-5,9448	-12,8020
-17,8724	-6,2484
-11,5810	-16,7342
-16,7582	-15,6199
-12,2364	-4,5444
-13,0225	-14,6370
-1,7505	-16,2752
-3,2577	-2,5784
-5,0928	-10,2460
3,8858	-8,4764
-9,7459	3,4510
-0,5706	-2,2505
-9,8113	13,6092
6,5072	2,8613
1,3299	6,9902
14,6337	16,2307
-8,6969	0,8298
12,8643	5,4828
3,5583	2,6646
8,8666	-1,0053
5,3934	5,8103
10,2428	-7,2969
10,7018	-7,3623
5,1310	-0,4812
9,5221	-8,4765
3,8201	-2,8404
3,4272	-0,9400
1,2643	-6,1827
6,5073	-1,4641
-3,3887	-5,0686
11,6846	-3,1680
-1,4227	3,5166
9,7185	-2,3160
3,8859	4,2377
13,4539	3,3855
-5,8134	0,9609
5,4586	8,3665
-2,4057	10,4636
-1,9471	4,9587
-5,2892	12,0365
-9,0906	10,7912
-0,1775	5,8762
-10,6635	13,6748
3,8858	-2,2504
-9,2215	6,7936
6,3106	7,1211
-7,1898	-5,1996
5,3276	4,9584
-3,6508	-1,5952
5,9828	3,8444
-5,4202	2,4025
2,5751	-3,5612
-5,0926	4,8274
0,6088	-3,7579
-2,6678	-7,1656
-7,7143	6,2691
-5,1581	-1,4642
-6,7968	-10,3114
9,7185	2,0092
-4,8306	-8,9354
11,1604	-13,2607
4,1480	-9,3286
14,7649	-17,5861
-1,4880	-10,6394
6,8349	-14,5061
-4,6340	-20,7318
-1,8816	-4,2823
-11,7118	-7,5590
-3,3233	4,6963
-3,5197	10,9878
4,5410	3,5168
5,0654	9,7427
-1,8160	4,1064
1,4610	-4,9375
-7,1900	2,5992
-0,7017	-0,9399
-7,5176	-0,8086
6,1794	4,4341
-15,9062	-8,1487
-2,9955	-7,2967
-11,5153	-7,8213
-4,2408	-13,6539
-9,6146	-6,0517
1,8540	-7,9523
-7,1897	-4,6098
5,1309	2,4680
2,7062	-2,7747
4,7377	6,9247
8,0802	7,0556
4,0168	-3,3645
9,5875	7,9732
1,3954	-1,1364
10,7016	-5,7238
-1,2260	-2,7093
12,9298	-9,7873
-0,2429	-13,1951
12,7331	-10,9671
-5,0271	-24,7296
10,1116	-13,2608
-6,2723	-19,7490
-2,0782	-19,6177
-10,8597	-3,8237
4,8686	-14,1782
0,6745	-5,5929
2,9682	1,1573
4,9345	-6,3793
1,5919	4,5652
5,9831	-0,2190
-2,0125	-2,1194
8,2112	5,3516
-7,3209	-1,9884
6,1796	-0,4154
-5,2893	11,7742
5,9828	5,3518
-9,2869	8,8253
-0,1775	14,0026
-2,2745	9,3495
3,6890	15,5099
-0,5706	6,5969
1,3953	0,8299
1,7888	10,9878
4,0167	6,9900
6,5729	2,2061
5,7863	11,9709
16,3377	5,1552
-4,1096	11,8399
13,5852	4,4998
-2,2090	-3,1678
11,0947	13,1506
-3,5197	9,3493
6,5728	-0,0877
2,1164	4,3687
8,3421	0,1087
4,3447	-2,5127
7,9490	-0,2190
7,4249	-4,9374
10,1772	3,9099
8,4735	7,4488
2,0509	-0,2187
18,7626	11,9053
0,2159	-2,2506
25,9061	-2,7092
4,7379	-2,9715
25,1852	-13,9815
8,3424	-0,6122
22,4327	-7,6246
9,1290	-10,8358
21,8428	-2,8405
7,4250	-8,1488
12,1433	1,1574
-0,5049	4,5652
3,2958	1,4851
-1,2915	13,5437
-3,3888	1,9438
2,7062	1,6163
-7,7797	10,3980
3,6237	0,4365
-12,4328	2,7959
-1,4882	4,8929
-3,3232	-6,3791
2,9682	6,3348
-3,7163	5,8758
4,5411	-10,7700
-5,1581	4,4341
0,6745	-12,0156
-0,7017	-17,7171
-2,2748	-13,1298
-1,7501	-24,0743
4,8032	-14,9648
5,1310	-21,9772
-5,8792	-18,3071
3,4271	-10,1806
-6,7967	-10,1807
3,4925	-14,7024
-6,7966	-0,4813
11,2259	-9,4596
-5,2236	-9,5251
13,5196	-7,1659
-5,8133	-12,2121
9,0633	-0,4156
8,8012	-6,3140
9,9806	-12,5396
4,9346	0,6330
7,8179	-2,9716
13,0611	-4,9374
5,5897	6,0069
13,3232	-1,5295
8,1457	8,6941
18,2384	10,7256
6,2452	5,3518
24,2678	16,2963
9,8498	12,1020
17,8452	10,3327
5,0001	14,2647
10,9636	13,9371
-6,4033	19,5076
-0,3087	8,9562
-12,7603	2,9926
0,6743	8,0387
-9,4180	0,8297
-1,7505	-2,4469
1,3299	5,9415
2,2473	0,5020
10,3084	5,8105
-2,1436	6,0726
6,3763	-4,3475
-0,5707	7,6455
13,7818	-0,1534
2,7718	-1,0052
12,2089	8,6940
-6,3377	0,6330
1,1333	4,1721
-5,8135	6,4003
1,4607	0,6332
-10,8599	14,1335
0,2811	3,9754
-1,7503	-0,3497
2,2473	11,5776
4,3446	3,2544
-0,3741	-5,4616
7,2283	4,3686
2,5750	-11,3600
10,5050	-5,1340
-4,4373	0,1087
16,7964	-9,0007
-6,5344	4,3030
10,7671	-4,2823
-3,1264	-10,0492
13,3885	7,5144
4,0825	6,7280
12,3399	9,7427
-0,0461	9,4149
4,5411	1,1576
1,3955	11,4466
-8,9595	1,6161
-8,1073	0,4366
-11,1221	8,8906
2,7060	-3,0369
-13,4158	1,5506
9,6530	0,8951
-5,8791	-4,6754
10,7016	4,6306
-4,2407	-10,8359
5,5896	-14,3747
-6,6000	-1,9229
-4,6997	0,8950
-12,1050	-8,0177
-5,6172	-3,6268
-5,8791	-1,6607
-16,6928	7,1867
-10,2700	-0,3500
-12,4985	-1,6605
-6,9278	13,9369
-15,3165	5,8760
-8,7628	10,9224
-19,2486	14,3301
-2,6680	5,4829
-16,2994	19,3111
0,0845	9,6116
-7,7141	3,5825
3,6236	13,5438
3,9515	2,6647
8,3422	-1,0051
4,9346	3,9099
12,2088	-1,5297
9,5221	7,2523
8,1456	0,8952
8,2768	-6,7723
-7,4521	4,6308
-2,7989	-5,3962
-22,4599	-7,6244
0,4122	-6,7726
-18,0035	-11,1636
2,9027	-12,8675
-3,7820	-11,6223
13,7817	-16,5375
6,8351	-9,8529
13,2574	-17,5206
1,9200	-13,7849
1,0021	-7,2970
-1,4881	-11,4911
-6,4691	-5,3308
-4,1096	-1,2020
-10,2046	-3,8234
5,4586	-2,7749
-5,8792	-7,2969
12,7987	-7,8866
-3,1921	-4,4132
16,0101	-3,4302
-0,8327	-3,6923
19,2868	1,3540
2,5753	-0,2844
17,3208	-2,1849
7,1629	3,3200
14,1750	-1,2675
7,2940	3,7132
10,0462	-12,1465
18,1728	-1,5952
7,5558	-1,5953
21,8429	-2,7093
9,4564	-0,4811
20,8599	2,3368
7,0972	-14,4402
19,2869	1,0263
-0,0463	-5,7896
17,3208	-13,9159
-1,5535	-2,3817
11,6191	-10,7048
-2,4710	-10,1149
5,7208	-5,2654
-2,7332	-13,7194
5,3274	-6,2484
3,1649	-15,8166
-2,2747	-16,0787
1,8542	-8,0179
-7,9109	-5,0032
-2,5368	-5,7895
-12,4329	2,7301
-5,5516	-1,5296
-20,5593	2,1404
1,0675	0,1743
-22,3943	-12,2774
-6,1414	6,2692
-18,9864	-0,4812
-6,6002	-1,1363
-19,3140	5,3517
-8,2387	-2,2504
-9,1559	6,0727
-9,6805	4,7618
-9,6147	-1,0051
-19,3797	11,6433
-4,7650	12,0365
-8,5664	11,1191
-3,3889	16,7551
-15,3165	13,4127
2,3128	10,2016
-13,0881	11,9709
7,5558	-0,2187
-1,1605	4,4997
14,3060	-5,3308
7,3593	-8,0177
10,8982	-1,0711
2,2476	-11,6880
9,2597	-13,6538
1,8544	-8,4766
2,4439	-16,7996
2,9028	-9,5906
-8,6973	-13,4574
-5,4858	-20,3385
-14,9888	-6,6416
-4,3063	-20,6664
-15,2510	-14,5058
1,9852	-12,6054
-9,4836	-12,9330
3,2960	-8,9353
-4,3717	-12,0811
1,0677	-18,9622
-7,2553	4,6306
-4,5685	-9,3941
-6,0102	-8,0830
-4,9618	10,9878
-6,1412	4,3687
0,2156	10,3981
0,9366	11,4466
-3,5199	2,8615
4,4757	15,7064
-1,7503	-2,2505
12,4711	-1,1363
1,0678	-0,7433
8,9976	-11,7534
-9,4834	-10,5081
-1,8159	-3,8235
-12,4327	-13,7849
-12,2363	-1,7262
-20,3626	-3,3647
-13,2195	-2,5781
-18,2656	9,2183
-11,7777	2,7303
-13,3503	6,9902
-9,2216	5,0241
-0,5052	-0,0877
-6,1414	6,8591
2,3785	0,6985
-10,6633	-12,4741
-0,4396	3,3854
-13,6123	-10,2462
3,8201	-16,2097
-15,0542	-2,7750
2,4439	-19,2901
-6,2067	-10,5082
2,0507	-9,9186
6,3107	-24,4019
6,8349	-13,8507
8,6046	-21,2564
5,4586	-25,7126
12,1434	-13,5230
-2,2746	-13,1953
9,5220	-15,6199
-2,3403	-3,5614
4,9344	-12,9329
-11,0565	-2,7749
9,1943	-12,6054
-3,5853	-18,4380
6,1796	-5,7896
-12,0394	-8,2801
-1,4883	-8,9352
-15,7751	5,2206
-16,1685	0,4365
-15,7096	16,8862
-11,5811	11,0534
-8,6972	1,9441
-3,0613	13,8060
5,4587	3,7788
-2,4057	-7,0345
16,3377	4,3032
-8,6972	2,6647
6,3763	3,3856
-8,1728	-1,2675
9,5874	1,7473
-8,1072	6,7935
8,6044	2,7302
-2,2090	-2,8402
6,3105	5,5483
-2,9954	0,8952
5,1309	-4,1509
8,9978	1,3540
10,1116	-1,7262
11,9470	4,1064
14,2406	5,8759
24,3988	6,8591
8,6046	10,5291
19,7457	7,3179
-1,2915	14,5924
7,3593	9,6116
-0,4397	-0,7431
2,5750	6,5313
-4,0441	-1,2675
6,0484	-7,1000
-2,0779	4,7618
7,9490	-6,3139
1,0024	-12,6707
11,8811	-6,5760
7,8836	-14,8335
2,8372	-9,1320
14,8305	-17,9138
4,0168	-16,1442
12,7333	-9,0665
-0,8328	-15,4891
10,6361	-18,0448
-1,6847	-1,5298
13,4541	-9,3286
0,4781	-3,6267
17,3863	5,2860
3,8204	-4,0854
13,7817	10,5947
1,9853	10,1359
1,1987	11,8399
-0,2430	19,1799
-1,6850	9,0875
-3,5853	18,7213
-6,0758	13,7403
5,4587	1,6819
-6,1414	13,4128
5,1965	1,0263
-14,0711	2,3372
1,5264	10,3979
-9,6802	0,2398
5,5242	0,2399
-0,1119	4,0408
7,5558	-3,4956
-2,9953	11,5776
4,5411	5,1550
-0,5706	-3,3645
-0,8330	2,9924
0,3470	-0,0880
3,6891	-5,8551
6,3764	-7,7556
3,1649	-7,2314
12,0124	-0,7434
-1,4227	-10,1150
5,5242	-12,9984
-8,5006	-3,0371
4,2133	-4,9376
-5,9448	-7,2968
3,3614	-0,6122
0,0192	-8,2144
14,3059	-1,4640
9,6531	0,3708
16,4687	-11,0979
6,8351	1,7471
10,1118	-9,4596
18,9593	-12,8672
1,6575	3,5820
13,1922	-14,5060
0,5434	-12,5396
12,2090	-5,9862
-1,0951	-0,1534
1,7231	6,4002
-10,1389	5,9415
4,1478	7,4490
-11,5152	12,5608
8,8664	0,4365
-5,4203	-3,8889
5,3276	-4,6099
4,0169	-17,1928
4,4100	-13,0642
-1,1604	-19,1592
0,4778	-23,2877
-4,3062	-2,5129
-5,2238	-4,1514
7,1626	-7,8866
-4,3718	4,3686
10,3084	-0,8743
-8,3039	3,8443
6,1141	-3,2992
-2,0781	-5,9861
0,9365	2,9267
-12,4326	-6,7071
5,8517	-9,0661
-9,1559	9,0217
0,6089	3,7788
-4,9616	5,0897
-6,3381	8,1697
-9,8768	0,1089
-13,2850	13,0850
-6,7967	5,2861
-16,6273	-4,7407
-3,5854	9,2838
-15,3820	-1,1365
-0,3086	-1,7261
-21,0180	3,2544
-6,2724	-7,4934
-14,7266	0,1088
-3,9788	2,6646
-9,6146	-1,0709
5,6551	5,1550
-2,2745	-1,3330
3,4926	0,1090
10,1774	11,4466
3,9512	7,1868
10,6362	9,3495
3,3614	1,5506
5,8521	-0,2188
1,8543	8,6284
15,8790	-1,1365
6,3762	-2,1193
16,5344	6,6624
-1,6191	0,8298
9,4565	5,3518
-0,1774	6,6624
2,5094	-0,1532
-6,9932	8,0387
1,1986	-1,0053
-9,3525	-3,9543
2,1817	5,0895
4,9344	-2,6437
-0,2430	-5,4618
10,5706	-1,0709
2,0508	-7,8867
16,1412	0,6985
8,2112	-13,1951
19,7456	-7,9521
2,3786	1,7470
20,6632	-13,4573
2,1165	-17,3238
17,7140	-5,0032
6,5075	-16,2099
25,5128	-9,0665
12,2091	-17,1275
23,1535	-25,1227
19,8769	-10,0496
11,6847	-18,5037
14,1752	-18,8313
5,8519	-13,9162
11,6847	-21,6494
-6,7966	-12,6709
10,5706	-12,8021
1,0677	-17,5205
18,0417	-7,2970
3,7549	-7,4282
23,8746	-11,9501
10,4396	-15,0959
18,3038	-21,0596
0,5436	-17,8483
3,6891	-20,7320
-6,5344	-14,0472
-0,1121	-7,6902
-4,2407	-5,3964
-0,2432	-11,5567
5,6553	-3,7579
0,8055	-11,6878
10,8327	-13,8504
-0,3741	-9,9839
-1,6192	-10,6394
-14,2677	-8,0834
-6,6657	-7,1660
-21,2147	-13,5884
-8,8284	-2,1196
-18,3965	-7,5592
0,1501	-12,9329
0,4125	0,1086
6,6383	-12,0155
12,2746	-5,9206
12,4055	-10,3116
11,4227	-8,9352
5,1965	0,1742
5,3277	-9,5906
-5,6170	-5,6583
3,3615	3,5822
-5,4860	-0,8743
2,5750	3,9755
-12,6949	3,4511
1,4609	-2,8402
-3,9786	4,3031
1,5919	-1,2021
-10,3354	-15,0956
2,0506	-13,8505
-6,8621	-17,7173
-8,4352	-25,5816
-12,9569	-19,3558
-10,0081	-23,2878
-7,9763	-17,3896
-17,3482	-20,1421
-3,8476	-14,7680
-20,4940	-0,6123
-3,2578	-2,5783
-14,8579	0,0433
-0,7019	3,7788
-7,3865	-3,3645
5,7863	5,9416
-3,0610	4,8274
9,9806	0,0434
4,6068	14,9201
3,6236	8,6941
8,3424	7,0559
8,2111	12,2330
11,1605	-0,0222
3,7546	8,4974
8,4734	-0,2845
0,4779	-9,0661
10,8327	9,2183
2,1819	0,6985
26,6925	-7,2311
5,0001	2,5336
17,3865	0,0432
12,4057	4,1721
18,9591	7,1211
3,5583	-3,8888
7,5559	10,5291
8,8667	6,1381
8,5387	2,4028
4,4758	11,5777
7,1626	1,9438
12,0780	0,9610
3,2959	11,6433
13,0610	0,8298
-0,4397	10,1360
8,4733	5,9415
-10,2045	1,9439
4,7376	14,1990
-20,2971	8,6939
-2,0781	7,7111
-13,0225	12,9540
7,3591	9,1529
-2,0124	8,3009
8,2766	9,3495
4,8690	2,5338
6,3761	16,7551
7,6871	16,6894
7,3592	10,2016
14,6338	18,7868
-0,2430	10,7914
12,0124	15,0512
-2,2747	13,8060
8,1456	8,4976
-3,7163	13,1506
13,3230	4,7619
-3,2575	2,4682
12,5366	6,0726
0,2159	1,8782
10,9637	-5,0686
1,9853	-1,8573
3,8201	-3,3646
4,7379	5,4173
2,5749	0,6985
5,9831	-7,8865
2,6406	1,7471
15,8790	-11,9500
3,0338	-11,2945
16,9277	-4,6100
1,0023	-13,3262
21,3186	-3,9546
4,8034	-11,8191
16,1411	-24,5329
-1,1604	-12,0157
8,0146	-22,3705
-2,9954	-27,5477
6,3104	-13,4576
-3,0609	-27,0235
3,0337	-15,6856
5,5243	-10,3117
4,2134	-15,2267
12,2090	5,5481
0,6745	-3,0370
15,8790	-2,2503
-2,2746	5,4828
14,3062	-0,5465
-0,7017	-3,1023
15,3547	3,9754
-8,1727	-3,7578
4,8689	8,7595
-2,3401	1,6816
-1,0296	0,1089
-18,3965	6,4003
-9,4183	-6,9036
-16,4961	-6,4447
-16,2341	2,6646
-12,6950	-7,3624
-12,0397	-11,7533
3,2304	-7,8868
-4,1753	-18,4379
6,1796	-8,7387
-9,2870	-14,3094
8,1456	-13,1951
-12,3673	-4,9377
1,1986	-17,5861
-16,4305	-12,0810
0,2811	-8,4112
-9,5492	-13,3917
-4,9618	-0,3501
-7,7140	-5,4620
0,2811	-6,3137
-5,7480	4,3031
-4,1753	-1,5296
-2,0125	4,4343
-10,0736	5,8104
-2,4713	1,2886
-21,2802	7,8420
-9,8114	-0,6121
-25,8679	-4,6753
-17,4793	3,1234
-32,0283	-3,2991
-20,4286	1,8128
-35,9604	6,5313
-18,1348	0,1089
-23,1153	8,6285
-13,0229	-1,1365
-10,7943	-12,6052
-1,4885	-4,2822
-0,4396	-5,6586
-4,6340	-11,3601
4,3446	-1,5953
-11,0565	-14,1126
4,4101	2,0094
-13,8091	-0,0224
2,9026	-7,8865
-14,3989	8,9562
12,9297	1,1573
-4,2406	0,3055
16,6654	2,7301
11,2916	-4,8721
21,3840	-9,0008
15,4205	-5,9862
22,5636	-6,3793
16,4035	7,1866
12,7987	0,5677
19,2215	12,7575
10,0463	13,6093
17,3864	2,7304
6,7695	9,8738
18,7626	6,4002
3,8860	-8,0176
18,3694	3,1891
6,1142	2,2715
21,7117	4,9586
5,3278	12,2331
14,2405	8,8252
-5,6167	11,7744
9,9806	14,5924
2,3131	9,8083
4,5411	13,6749
5,2622	7,6455
3,4270	2,2716
11,8158	7,1868
-2,4712	-3,0370
6,4419	-5,1996
-0,1775	-3,2993
6,9659	-14,0470
-9,8769	-0,0224
1,4609	0,6985
-10,0734	-2,7747
6,1139	16,5585
-4,5682	5,7450
11,8157	12,2988
6,1798	18,5901
12,5365	12,4953
2,1821	10,0051
2,8372	14,2647
3,4272	0,4366
-0,5053	-2,0538
5,9175	-11,5568
-3,9786	-18,3070
7,2936	-11,7535
-7,5832	-9,5254
3,8202	-17,5205
-8,3695	-7,1003
3,0993	-6,4449
-4,6993	-2,0540
11,0947	-3,5613
-2,2745	-11,8843
7,5558	-0,4812
2,4441	-9,5907
5,9173	-11,2290
7,9492	-1,5298
4,6066	-9,0009
14,0440	-9,2629
-8,6315	-7,3624
12,9955	-12,4086
-3,1922	2,3370
14,5027	-3,6269
-4,0441	-3,1679
5,8519	6,3347
-0,8983	-4,5443
8,1456	-3,5612
-6,4688	-4,1512
7,2280	-12,4742
-6,1411	-6,0518
-6,0103	-9,2631
-1,9469	-13,7194
-9,3528	-2,9715
-6,7967	-2,5128
-13,0228	2,2714
-4,9617	3,3201
-9,0250	3,6479
3,2959	13,0196
-8,9593	6,4658
7,2937	1,6163
-9,6146	1,7472
2,7061	-7,8866
-5,0271	-8,9351
-1,4883	1,6160
-8,8937	-7,1002
-2,4714	3,4511
-14,3988	-1,2020
-9,3528	-3,3644
-15,3163	21,9324
-6,4037	13,0195
-2,2092	10,3329
-18,0034	24,0298
0,6746	15,0513
-7,8453	17,2796
3,0992	14,0681
-13,4159	6,2038
0,6089	9,2184
-14,0057	-1,0053
-0,7674	-6,0515
-14,0711	0,4364
-1,1607	-6,3138
-15,9717	6,7934
-1,6849	-8,2144
-1,3571	-11,0323
-4,8962	7,7110
0,4124	0,7640
-4,4374	-3,8887
4,5411	10,7257
-14,0057	3,0579
-2,0781	-2,1192
-18,3312	9,6771
-15,1198	-4,0855
-25,8677	10,0703
-10,7946	-3,1681
-29,0135	-1,8572
-12,4330	5,5483
-22,1321	-0,7433
-2,3405	-5,1340
-12,1706	-0,0224
-7,5831	-8,5421
-1,4226	-3,7579
-12,1052	-2,2507
-5,6170	-8,2798
-9,4839	0,9607
-1,4883	-1,8574
-8,1075	2,5993
2,5096	11,7742
-0,3741	1,8783
13,1263	5,6795