-1,5857	0,8840
1,6255	1,4738
-1,3891	1,3427
0,9702	4,2263
0,1183	3,7676
1,1012	2,4569
0,0527	4,2919
-0,9959	1,4083
1,1013	1,7360
-2,6343	1,9981
-0,3405	0,2286
-2,1756	2,4568
-0,9959	1,8670
-2,9620	0,9495
-1,1925	3,9642
-2,8965	0,0320
-0,1440	0,9496
-2,9620	2,4568
-0,6682	-0,5578
-2,6998	0,6218
-1,3892	0,4252
-1,7168	-0,9510
-1,9135	1,4738
-1,5202	-1,4098
-0,9304	-1,4753
0,9702	-1,0822
-0,5372	-4,1623
1,7566	-2,7206
-0,3405	-1,8031
2,5431	-3,8347
0,0527	-1,2788
2,2809	-3,2449
0,7081	-3,7036
2,5431	-1,0166
0,9702	-3,4415
2,2809	-2,0652
1,1668	-2,3929
1,1012	-2,6550
0,3804	-0,2302
-0,2750	-1,9341
0,8391	-1,6064
-1,5857	1,1461
-0,2095	-0,0991
-2,7654	-0,4923
-0,7338	1,4738
-3,4208	0,2942
-1,3236	1,3427
-4,3382	1,3427
-0,7993	-0,1646
-2,8964	2,1947
-0,6027	-1,4753
-1,9134	-0,7544
-2,1756	0,1630
-4,6659	-3,0482
-3,4863	-2,4584
-3,7484	-1,4754
-5,3869	-1,8031
-3,4208	-0,6889
-4,5349	-1,7375
-0,6682	-0,3612
-2,6343	1,2116
2,0843	-1,4098
0,2493	-0,3612
4,0504	1,0150
1,3635	-1,4753
5,1645	-0,6889
1,7567	-1,2132
1,9533	-0,4923
0,3149	2,1947
0,7736	1,0150
-0,9959	1,9981
-1,3891	4,6851
0,1838	3,1778
-0,5372	6,2580
0,9047	4,9472
0,3148	4,4885
2,6741	4,7506
-1,7823	1,2117
1,7566	2,5224
-1,4546	2,6534
1,1668	0,4908
-0,9304	-0,5578
0,1837	-1,0166
-1,4546	-2,5239
-1,1925	-0,6234
-2,0445	-2,9827
-0,9304	-2,4584
-0,6027	-0,2302
-0,6027	-2,6550
0,4459	-2,8516
0,8391	-1,0166
1,6256	-2,9172
-1,5857	-0,4268
0,5770	-2,3929
-2,2411	-1,4753
0,9047	-0,2302
-1,3891	-2,4584
1,4289	-0,8855
0,5770	0,2941
2,1498	-1,4754
1,4290	-0,1646
2,7397	0,2941
2,2810	0,2286
2,5431	2,1947
3,5917	-0,2302
2,9363	1,9326
3,3296	2,6534
1,6256	0,0320
4,5747	1,1461
1,5601	2,2602
4,1160	1,5394
1,7567	3,3743
3,8538	1,6049
0,3149	1,9326
2,8708	4,8817
0,8392	1,6704
1,0357	1,2117
-0,7337	2,5879
-1,8479	0,7529
-3,3552	2,3913
-4,9281	1,2772
-3,9451	2,5879
-4,6660	3,4399
-3,1586	-0,0991
-3,6174	0,2942
-0,7993	0,5563
-2,6999	-0,5578
-0,2095	1,0806
-1,9134	-0,3612
0,0527	-1,2787
-2,5688	0,4252
-1,3236	-2,5240
-2,3722	-3,5070
-1,2581	-0,0991
-1,3236	-1,4754
-0,3406	-0,2957
1,3634	-0,1646
0,9047	1,2116
1,7567	2,4568
1,2979	1,4083
3,7228	3,1122
1,1013	5,0783
5,1646	3,8987
3,0019	5,0128
4,9680	4,6851
3,1985	3,1778
4,0504	4,3574
1,8878	2,4569
2,5431	3,0467
-1,1269	4,8817
-0,7338	1,2117
-2,0444	2,0637
-2,5688	3,7676
-2,0445	1,9981
-3,2242	1,7359
-1,8479	0,2286
-4,5349	-0,5578
-0,8648	-0,2302
-3,2242	-4,0968
-0,6682	-3,6381
-1,5202	-4,5556
-0,0784	-7,1771
-1,1270	-6,6528
0,2493	-6,3907
-0,6682	-5,8664
1,4289	-5,2110
1,1668	-7,6358
1,8877	-4,7522
0,5770	-2,5895
1,4945	-3,3759
2,4120	-0,5579
0,7736	0,6873
2,8053	1,1461
1,6256	2,7190
2,5431	1,8015
-0,4716	3,6365
2,4775	4,8162
-1,1925	4,2919
0,8391	4,4230
-0,9959	6,1924
0,0527	4,2264
-1,8479	5,2094
-1,5202	3,7021
-3,3552	2,5224
-2,8965	5,0783
-3,0931	1,3427
-3,5519	1,9981
-2,3066	3,2432
-4,2728	-0,1646
-2,4377	0,2286
-5,8456	-1,0166
-3,2897	-2,7861
-5,5179	-1,4099
-3,1586	-3,9002
-4,6004	-3,2449
0,3148	-1,0822
-2,4377	-2,4584
1,2979	-2,0652
0,9047	-0,6234
2,6086	-1,0821
2,2154	0,4252
3,0018	-1,9996
5,2301	-0,4268
4,1160	0,1630
6,2132	-1,9996
3,8538	-0,6234
5,0335	0,8840
2,0843	1,8015
2,4776	2,9811
-0,0128	2,1292
3,9193	2,9156
0,8392	4,5540
3,1329	-0,2301
1,8222	2,6535
1,3634	3,7020
-0,7993	1,2772
-1,1925	2,1947
-3,6829	2,7845
-3,7485	2,1947
-3,4208	3,3088
-5,1903	1,4083
-2,5688	2,5879
-2,9620	3,5054
-0,7337	-0,2957
-1,9789	0,3597
0,9702	-0,6234
-1,7168	-1,4098
1,8877	-0,1646
0,2493	-0,8856
1,6256	-2,7861
1,9533	-0,2302
2,4775	-3,7692
1,2324	-1,5409
3,0674	-1,0822
3,1985	-1,5409
0,7081	1,1461
4,0504	0,4252
1,8222	1,5394
3,5262	4,2263
1,1668	1,8670
3,3951	3,5054
0,5770	4,0952
2,7397	2,5879
0,7081	4,2919
2,7397	2,9156
-0,6026	3,1122
1,7566	3,3088
-0,1439	1,4083
-2,7654	2,5224
-2,6998	4,0952
-4,5349	1,9981
-4,3383	2,5224
-5,4524	1,6049
-2,5033	-0,9510
-4,5349	0,4252
-1,3236	-2,3273
-3,6174	-2,3273
-0,2095	-1,2788
-3,2241	-4,6211
0,7736	-3,3759
-2,5032	-2,4584
1,0357	-3,5725
-0,0784	-2,1963
0,2493	-3,7691
-0,1439	-2,3928
0,9046	-0,1647
0,6425	-2,3273
0,0527	-0,0336
1,4945	-0,5578
-0,3405	-0,0335
0,8392	1,2116
-0,5371	0,6218
2,9363	1,4083
0,3804	2,8500
4,1815	-0,2957
2,0844	1,6049
6,3442	3,7020
2,9363	0,0975
5,4267	1,4738
3,4606	2,1947
2,8708	2,1947
0,8392	3,8986
0,0527	2,7190
-0,6027	2,3258
-2,3722	5,9303
-2,4377	2,5224
-4,4038	3,8987
-1,6513	4,4229
-4,9281	2,3913
-0,7338	2,5879
-2,9620	0,1631
0,3148	0,2942
-1,2580	1,8014
1,6911	-1,2132
-0,2094	-1,2132
2,8052	0,1630
1,6256	-1,8686
2,2154	0,6218
2,3465	0,3596
2,0843	1,0150
4,4437	1,3427
2,0843	-1,0166
3,7228	0,6218
-0,0128	1,6704
2,2154	-0,6233
-0,7337	2,6534
-0,1439	2,7845
-0,6682	1,5393
0,6425	2,7845
-0,5371	0,4908
2,2154	1,2117
-0,2095	3,1122
0,1837	0,4908
-0,4716	1,1461
0,1837	1,2116
-0,3405	-0,8200
-0,5371	-0,0336
0,6425	-2,2618
-0,4716	-1,1476
1,4945	0,3596
-0,7337	-2,0652
1,5600	-1,0166
-0,6682	-0,9511
1,7566	-3,5070
-1,0614	-2,1963
1,7566	-4,8177
-2,3721	-4,4245
-0,7338	-2,9172
-1,3236	-5,6042
-1,2581	-3,4415
-1,9134	-1,1477
-1,5202	-4,4245
-0,7993	-2,7861
-1,4547	-2,0652
0,2493	-1,7375
-1,1270	0,5562
0,3804	-0,1646
-1,9789	-0,2957
1,7566	1,8015
-0,7992	1,3427
2,7397	0,5563
0,6425	0,9495
2,4120	0,6874
-0,0128	3,8331
1,9532	1,6049
0,7081	1,8015
0,6425	4,1608
1,3634	1,9325
1,8877	1,3427
0,3804	1,5393
-0,9959	-0,0335
1,4290	1,4738
-2,0445	-0,4268
1,2979	0,3597
-2,1755	1,8670
0,5115	-0,0335
-1,4546	0,6219
1,7566	1,8670
-0,9304	-0,0335
0,3803	1,2116
-1,9134	-0,2957
-0,5372	0,6218
-2,2411	2,6534
-2,2411	-0,0335
-1,9134	1,1461
-3,6829	3,3743
-0,9959	0,0320
-3,2897	0,8184
-0,4061	0,1631
-3,8140	0,1631
-0,2750	1,8670
-1,8479	-1,2787
1,6255	-0,4923
-1,9134	0,9494
1,0357	-2,6550
-0,0784	-1,5409
1,6255	-0,0336
1,1668	-0,1646
2,2809	1,4082
2,4776	-0,1646
1,7566	0,4252
1,3635	3,3743
0,2493	0,7529
0,3149	1,6704
-1,4547	2,9811
-1,0614	0,7529
-4,4038	3,0467
-2,1756	2,0636
-5,9767	2,0636
-3,8140	2,8500
-7,2874	0,7529
-4,1417	1,1461
-5,3213	1,5393
-3,3553	0,0320
-4,0761	1,1461
-1,6513	1,4738
-1,6513	0,5563
-0,9304	2,7190
0,7736	0,2941
-0,0784	0,1631
3,4606	1,9981
0,9047	-1,4754
4,2470	-1,2787
0,0527	-0,6234
2,7397	-1,6064
-0,0784	-1,2788
1,2979	-3,5725
-0,2094	-2,5240
0,8391	-2,0652
-0,3405	-3,3759
0,2493	-0,6234
-0,4716	-0,2957
0,4459	-0,6234
1,8877	0,7529
1,2323	0,1631
2,6086	-0,2957
1,3634	2,3257
3,1985	0,2941
0,6425	-0,7544
4,5747	1,2116
0,7736	-0,1646
2,6742	0,0320
0,5115	0,4907
2,2154	-0,7544
1,4290	2,4568
1,5600	1,6048
0,2493	-0,0335
-1,1270	3,5054
-0,5371	1,1461
-2,7654	0,9495
-0,8648	1,4083
-1,8479	1,2117
-0,4716	2,3258
-0,4716	0,5563
0,3804	0,3597
-0,6682	2,4568
1,4945	-0,1646
-0,0128	0,2286
1,3634	1,2772
-0,2094	-0,9511
1,8877	-1,0166
1,0358	-2,3273
1,6911	-2,4584
-0,5371	-0,6234
0,4459	-3,8347
-0,2095	-1,5409
-2,3067	1,3427
-1,0614	-0,1646
-2,5032	1,9981
0,7736	1,9981
-1,4547	1,1461
0,9047	3,8986
-0,7337	1,5393
1,7566	2,2603
-0,2094	4,3574
3,1329	1,6049
-0,8648	2,8501
0,7080	3,0467
-1,8478	2,1292
-0,3406	3,8986
-1,5857	0,7529
-1,3236	0,7529
-1,4546	2,8500
-1,7168	-1,0166
0,3804	1,0151
-1,5202	1,9325
0,6425	0,8840
-1,1270	0,8184
-0,2095	0,7529
-1,4546	1,0806
-0,2750	3,0466
-1,1925	0,0975
0,6425	2,1947
-0,3405	2,6534
-0,2095	0,5563
-0,7337	1,5394
-0,3406	0,6218
-0,4061	0,7529
-1,4547	2,3258
-0,0784	-0,2301
-2,1100	1,6049
0,0527	2,5879
-1,3891	1,0151
1,0357	2,3913
-2,5032	3,3088
1,8222	2,3258
-1,9789	4,7506
0,5770	3,4399
-0,7993	3,2433
0,7736	4,6851
-0,7993	1,4738
0,0527	2,1947
0,1838	1,6704
0,4459	0,4252
1,2324	2,1292
0,1182	0,4907
2,2809	-0,1646
1,0357	1,8014
3,8538	-1,9996
0,9047	-0,4923
3,4606	1,6048
-0,6026	-1,7375
1,8222	-0,7544
-0,9959	-1,4754
2,1498	-0,2957
-0,0128	0,6218
0,9046	-0,2302
-0,4060	1,1461
0,3803	2,5879
-0,3405	0,0320
-2,6999	0,9495
-1,5202	0,2286
-3,4863	-0,5578
-1,5857	0,6873
-3,0931	-1,6720
-1,3891	-0,6889
-2,5032	0,4907
-0,5372	-1,8030
-3,2241	0,0975
-0,0129	-0,2957
-1,9134	-0,0991
-0,4716	1,6048
-0,1439	-1,8030
1,2323	-0,6234
0,9702	1,0150
2,4775	-2,1963
0,5770	-0,6889
0,3804	0,2941
1,6911	-1,0166
-0,9304	-0,0991
1,2324	0,2286
-1,4546	-0,8855
0,3148	0,0975
-2,6998	-3,5725
-0,6682	-1,6064
-2,8964	0,6218
-0,5372	-0,8855
-0,7337	-0,4923
0,4459	-0,0336
-0,0784	-0,2302
2,0188	1,9981
0,9047	-0,8200
1,1668	-1,2787
0,6425	0,6873
-0,7993	-2,7861
0,9702	-0,2957
-0,8648	-0,0991
1,8222	-0,7545
-0,6027	0,2286
1,1013	-0,2302
-1,1925	-1,2132
0,9047	0,9495
-1,5857	-2,4584
0,5114	0,2286
-1,1270	0,6873
0,9702	-1,6064
-0,4716	1,2772
-0,0129	0,0320
0,7736	0,3597
-0,0784	3,7020
0,0527	0,7529
-0,3406	1,8015
0,1838	2,7190
-1,5857	-0,1646
0,7081	1,4738
-1,3236	0,8184
-0,4061	0,6218
-2,3721	3,5054
0,9046	1,9325
-1,3236	1,6704
1,2323	4,0952
-0,2094	1,5393
1,7566	2,8501
2,2809	2,6534
2,1498	-0,6234
3,3296	1,0150
3,1984	-3,2448
3,1985	-2,1307
1,6911	-0,0336
2,5431	-3,5070
0,1182	-0,1646
2,4120	2,2602
-0,4060	1,2772
3,1329	3,1778
-0,4716	1,9326
1,0358	3,7021
-1,1269	4,3574
-0,8648	2,9811
-2,5688	1,6049
-0,6683	2,7845
-0,7993	0,8840
-0,6027	0,6874
0,5770	-0,0336
-0,9959	-1,6064
0,7081	-0,0336
-1,2581	-1,9341
0,2493	-1,0166
-2,3722	0,7528
-0,0784	-1,7375
-2,5687	-1,4098
1,4289	-0,3613
-1,7823	-0,2957
-0,3405	2,0636
-1,9789	0,7529
-0,9959	1,6704
-1,8479	4,5540
0,5769	1,0150
-0,2750	1,0151
-0,1439	2,3913
0,5114	0,2286
-1,7824	1,8670
-1,3891	1,3427
-4,0106	1,9326
-1,3236	3,8331
-3,0275	0,5563
-1,8479	0,9495
-3,2896	2,3913
0,4459	-0,8200
-1,7823	0,3597
0,2493	0,4252
-1,2580	0,2286
0,3148	0,4907
-0,6682	0,2286
0,5770	0,1631
0,4459	0,3596
-0,0128	-2,5895
1,3634	-1,7375
-0,3405	-1,8031
0,6425	-2,5895
-0,7993	-1,9997
1,6256	-6,1284
-0,7993	-4,0313
0,5770	-2,5240
-2,1100	-4,8833
-0,4061	-2,7205
-1,7168	-2,3929
-0,0784	-2,0652
-0,1439	-1,3443
-0,7338	-1,2132
0,6425	-0,9511
1,1668	1,6048
0,5115	-0,8855
0,3804	0,6218
1,7567	1,0805
0,2493	-0,4268
3,7227	-0,7545
1,1013	-1,7375
5,1646	-1,9341
1,8878	0,1630
5,4922	-2,9827
2,6742	-0,9511
4,1815	-0,8200
2,2154	-4,2934
2,6086	-1,6064
2,0188	-2,9172
0,9046	-1,8686
1,6911	-0,8200
1,2979	-3,4414
1,4290	0,2286
-0,0128	1,7359
2,4120	-1,9997
-1,7823	-0,0335
0,1182	1,5393
-3,7484	-0,2957
-0,6682	1,2116
-4,2072	0,6873
-0,9959	0,8840
-3,1586	3,3743
-0,6683	-0,0335
-1,7823	0,6219
-0,6682	2,1947
-0,0784	1,0806
-0,7993	1,3427
0,5770	1,0150
-1,5202	0,8840
-0,2750	4,4229
-1,3891	0,2286
1,4289	2,3258
-1,6512	5,6681
0,9047	3,8331
-1,7823	4,3574
1,0357	3,3744
-1,3236	2,4569
0,0527	4,3574
-2,0445	-1,0166
-0,8648	0,3597
-1,6512	2,4568
-0,6027	0,1630
-2,0445	0,9495
-1,3236	1,0150
-0,2095	-0,0335
-1,3891	0,8184
1,1013	0,1631
-0,1439	-0,8855
2,0188	1,7359
-0,3405	-0,4923
1,9533	0,2286
-0,0784	1,4082
2,8052	-0,6889
0,5115	1,0806
2,9363	0,4252
-0,0128	0,8184
1,4945	0,3597
-0,9303	-2,2618
0,7736	-1,0165
-1,1925	2,0636
-2,3066	-0,6234
-0,1439	-0,9510
-3,1586	-0,2957
-0,7993	-2,0652
-2,7654	-0,4268
1,4289	-2,1307
-1,7168	-0,6889
0,8391	0,8839
-0,0128	-2,3929
2,0188	0,2286
1,1013	0,4907
2,4120	-1,6720
0,5115	-0,1646
1,2979	-0,9511
0,1182	-0,7545
-0,1439	0,2941
-0,4716	-2,6550
-1,6513	-0,4923
1,0357	0,7529
-2,2411	0,0320
-1,0614	0,4907
-3,0931	0,3597
0,2493	1,9326
-2,2411	3,9642
0,2493	0,7529
-0,5371	2,5880
0,0527	3,3743
-1,7823	0,4908
0,3803	1,6704
-0,7993	2,0636
-0,9304	2,0636
-0,5371	3,9642
-0,6682	1,2117
-1,0614	2,3914
-2,3722	4,6195
-0,6682	1,4083
-2,7654	2,4569
-1,8479	1,8015
-3,2897	2,7845
-1,4547	3,1122
-4,5349	1,9981
-1,0615	2,2603
-3,8140	3,3088
-0,9304	0,8840
-1,4547	0,6218
0,0526	1,8670
-0,8648	1,3427
-0,1439	0,9495
0,9047	-1,2787
-0,9304	0,0320
-0,0783	2,0636
-0,5371	-1,1477
1,2324	-0,8200
-1,3891	0,2941
0,9047	-1,9996
-1,9134	0,0320
0,9047	0,4252
-1,1270	-0,8200
0,4459	0,6218
-2,6998	-0,4923
-0,2095	0,0320
-1,1270	1,3427
-0,7993	-0,2957
-1,9789	1,1461
-1,5202	0,8184
-0,2095	0,5563
-1,6513	2,1291
-0,2095	0,6874
-1,8479	1,0806
-0,3405	1,9980
-1,8479	-1,3443
0,3148	-1,0166
-2,4377	-0,2302
0,7080	-1,2132
-1,5202	0,1630
-0,0129	0,2286
-1,1925	0,1631
0,3148	1,9981
-0,2750	-1,8686
0,9046	0,7529
0,6425	0,6218
0,3148	-2,3929
0,9047	-1,8686
-0,4061	-3,5725
0,5770	-3,9002
-0,4060	-2,4585
2,0188	-4,0313
-0,2094	-3,3104
1,6911	-0,2302
-0,8648	-2,7861
2,8052	-1,0821
0,5115	-1,2788
0,7081	-2,2618
-0,4716	-0,6234
-0,2750	-3,0483
-0,7993	-3,2448
-0,4061	-1,2132
0,3149	-4,2279
0,3803	-2,6550
-0,7337	-0,4924
-1,9789	-2,1307
-0,2750	0,4907
-3,0275	-1,5409
-1,1925	0,2941
-2,8309	2,0636
-0,6682	-1,1477
-2,2411	0,8840
1,5600	1,4082
-1,1270	-0,2301
1,2323	1,2116
0,5770	-0,8200
0,4459	-0,9510
1,4945	0,2941
0,9047	-1,6720
2,6086	-1,0166
1,3634	0,3596
3,1985	-1,4754
0,5114	-2,4584
2,4120	-2,7861
0,1838	-3,7036
1,8222	-1,7376
-1,9789	-4,5556
0,9047	-2,9827
-0,7337	1,9325
2,2154	-0,7545
0,3804	1,1461
1,1668	1,0806
0,5770	0,4908
0,4459	1,8015
0,7736	-0,0336
-1,1270	-1,0821
-0,1439	1,4738
-1,9789	-0,4923
0,3804	0,0320
-1,5857	0,2286
2,5431	-1,6064
-0,3405	-2,1307
2,8052	-2,6550
1,4945	-3,3759
4,1815	-2,6551
0,1838	-4,8833
1,6256	-3,6381
0,3149	-1,6065
0,9046	-3,9658
0,5115	-0,7545
1,1013	-1,4754
-0,0784	-3,7691
0,1838	-0,1647
1,1668	-3,6381
-0,4061	-0,8855
1,4945	0,4907
0,3148	-2,2618
2,0188	1,5393
0,3149	1,0150
3,4606	0,4252
2,0188	3,1122
3,6572	0,6873
2,2154	0,9495
3,6572	3,2433
3,5917	0,6874
2,4120	1,2117
2,0844	2,3257
1,2979	-1,2787
1,7567	0,9495
0,2493	-1,5409
1,5601	-0,8200
0,6425	-0,7545
2,5431	-2,1963
-0,9959	-1,4753
1,8222	1,6048
-0,0784	-0,2302
1,3634	1,8670
-0,7337	0,6218
1,4289	1,9326
-0,5371	4,4884
0,9702	0,2941
0,4459	1,0151
0,9702	3,0466
0,1838	0,3597
-0,2750	1,9326
0,7081	1,9325
0,1838	2,7845
2,9363	3,3088
-0,7993	1,5393
2,6086	1,2117
0,2493	3,4399
2,4120	-0,6889
-0,7993	0,2286
1,6255	1,9325
-1,0614	0,3597
-0,6682	1,3427
-0,6682	0,2286
-0,1440	0,8184
-1,1925	2,2602
-1,3891	-0,2301
-1,5202	1,4083
-2,1756	2,7190
-0,7993	1,4083
-3,2241	1,7359
-0,1439	0,9495
-1,7168	2,1947
1,0357	4,0297
0,0527	1,4083
2,8707	0,1631
0,8392	2,8501
3,7883	1,5393
2,6742	0,8184
2,7397	0,1631
2,8708	0,6218
2,6086	1,2116
1,2979	-0,6234
1,4945	0,1631
1,5600	1,2116
-0,5371	-1,4098
1,9533	1,0150
-0,4061	-0,1646
1,4290	-0,0991
-0,2094	0,5563
3,1329	-0,9511
0,4459	0,0975
3,5261	1,0150
1,2979	-1,2787
3,0018	-0,7544
1,1669	1,2771
2,4775	-1,6720
2,0844	-1,7375
1,8877	-1,4098
0,3804	-1,4754
-1,1270	-0,3613
0,5770	-1,8031
-2,1100	-0,9511
-0,4716	0,4252
-1,9789	-0,9511
-0,4061	0,6218
-3,1586	0,8840
-0,5372	1,8015
-2,8965	2,8500
0,7735	1,2117
-2,1755	1,9981
0,4459	4,4229
-0,6682	0,0975
1,4945	1,9326
0,1838	3,1122
0,9702	0,0976
1,2979	1,6704
1,0357	0,4907
1,7567	0,0976
-0,1439	2,3913
1,7567	-0,4268
-0,5371	-0,2301
-0,0128	0,6873
-0,8648	-1,0166
0,9046	0,6874
-0,3405	-0,2302
2,6741	-0,5578
0,4459	0,8184
1,8222	-1,6719
1,5601	0,6874
1,8877	2,0636
2,6086	-0,6889
1,8222	1,8670
2,3465	-0,2302
0,3149	-0,6233
2,0843	2,5224
-1,0614	0,4907
1,3634	1,8670
-2,6998	4,4229
-0,2750	2,3913
-1,4546	2,7190
1,3634	3,5054
-0,2094	2,1947
2,7397	3,5054
1,8877	1,6049
3,9849	1,1461
3,0019	4,0952
4,0504	0,6873
5,3612	1,0806
4,1815	0,2941
5,6889	-1,2787
3,1985	0,7529
3,7228	0,6218
0,6425	-0,1646
1,9533	2,9811
-0,4060	0,8840
2,5431	0,2286
0,9047	1,9325
3,4606	0,1631
1,8878	0,9495
4,1159	0,6873
1,8877	-0,5578
2,4775	2,6534
1,6911	0,2286
0,8391	0,9495
1,1013	1,9325
0,2493	-1,0166
1,4945	0,0320
-0,6027	0,4907
1,5600	-2,3273
-0,2750	-0,2302
1,8222	-0,5579
-1,1925	0,0320
1,6256	3,2432
-1,3891	1,0150
1,0357	1,7360
-2,5687	2,6534
-0,8648	0,1631
-0,4061	0,5563
-1,1925	-0,4923
-1,0614	0,1631
-0,9959	1,0150
-0,2094	-0,8855
-2,7654	0,1631
0,2493	2,4568
-2,5032	-0,5578
0,9047	1,8015
-2,4377	3,0467
0,5114	1,8670
-1,6513	1,6704
-0,6682	0,2286
-2,2411	0,4908
-1,1925	1,6048
-2,0445	-1,6720
-2,2411	-1,0166
-0,7337	-0,4268
-0,1439	-1,0821
0,0527	0,1630
-0,1439	-2,5895
2,1499	-0,8200
-0,1439	0,1630
2,7397	-1,3443
1,1668	-1,6064
3,0018	0,5562
0,5115	-0,4923
3,7227	0,8840
-1,3235	0,3597
0,3804	1,2772
-2,1100	2,3258
-1,6513	0,6874
-3,0275	0,1631
-3,5519	0,6218
-2,8309	-1,6719
-3,7485	-0,9510
-1,4547	-0,8200
-2,1756	-1,7375
0,6425	-1,3443
-0,3405	-2,7861
0,7081	-2,9827
-1,9134	-0,1647
-0,1439	-2,5240
-1,0614	-0,7545
0,9046	0,0975
-1,1270	-1,8686
0,1837	0,3596
-1,5202	-1,8686
-0,9304	-2,3273
-1,3236	-0,6234
-1,3236	-2,1307
-1,8478	-0,2957
-1,1925	0,4907
-0,2095	1,4738
-1,3891	4,2263
1,7566	2,1947
-0,6027	2,3258
1,2979	4,2263
-0,2750	1,7359
2,4775	1,0151
-1,1269	2,2602
0,8391	0,3597
-1,0614	-0,3612
-0,0129	-0,9510
-2,6343	-0,7544
-1,8479	0,8839
-1,3236	-0,7544
-2,0445	0,2942
0,0527	2,3257
-1,0615	0,4908
1,4290	1,0806
-0,7993	1,9325
3,3951	0,0320
2,0188	1,2116
4,7058	-1,4754
2,2810	-1,6064
4,6403	0,1630
2,7397	-0,5579
4,9679	0,4252
1,7567	1,6704
3,7227	0,5563
1,4290	1,3427
-0,4061	-0,5578
-0,5371	0,2286
-1,0614	1,4082
-0,0784	-0,9511
-1,1925	-0,8200
0,3148	0,4907
-2,5688	-0,9511
0,1182	0,6874
-1,9134	-0,6234
-0,0784	0,1631
-2,4377	1,9325
0,7736	-0,5578
0,3148	-0,0991
1,4289	1,0805
0,3804	-1,4098
1,8222	-1,8686
0,9047	-3,1138
1,4289	-3,0482
1,1013	-0,8200
1,5600	-3,1793
2,3465	-0,7545
-0,3405	1,1461
1,3634	-1,2787
-0,9304	0,0975
0,6425	-0,5579
-0,4061	-0,4923
2,2809	0,0320
-0,4716	-1,2787
3,5261	0,4252
1,0358	1,6048
3,0018	-0,0991
0,5115	0,4908
2,3465	0,1630
1,2324	-0,4923
0,9047	0,7529
-0,2750	-0,2302
-1,3891	-0,1646
-1,1270	2,7845
-3,0275	-0,0335
-1,4547	0,5563
-4,0106	1,3427
-2,6999	-0,4268
-6,1077	-0,2301
-3,8795	-0,7545
-5,7145	-0,9511
-3,9451	-0,3613
-6,1733	-1,2132
-2,1756	-1,0821
-2,3722	0,7528
-0,7338	-1,4098
-0,4716	-0,2957
-0,2750	-0,4268
0,3148	0,5563
-1,5202	1,8670
-0,0128	0,3597
-1,2580	1,5394
0,6425	3,7020
-1,2580	0,0320
0,1182	1,4738
-1,3891	1,2772
1,1013	0,2286
-0,9959	2,3913
0,8391	0,2286
-0,3405	1,4083
0,9702	4,5540
1,4945	0,4252
2,2154	1,4083
1,5601	2,1947
1,5600	0,2941
3,0019	0,5563
0,8391	0,4252
2,2154	-0,8200
-0,6026	-0,2302
2,6086	-3,2448
-1,5857	-1,7375
0,7736	0,3596
-1,3235	-2,6550
0,5770	-0,0336
-0,7337	1,0805
0,3803	0,3597
-1,1269	1,9981
0,9046	1,6704
-0,8648	1,2772
-0,7993	2,8500
-0,6682	-0,4923
-1,0615	-1,0821
-1,7168	1,3427
-3,0931	-1,0821
-0,6027	0,0320
-4,0761	0,0320
0,5770	0,0975
-2,6343	2,2602
0,0527	-1,4098
-0,7337	-0,6889
1,4289	0,8839
-1,1925	-1,0821
2,8052	-0,6234
1,1013	-0,5579
1,8222	-1,2132
2,2810	0,4907
2,3465	-2,5239
2,3465	-1,8030
1,3634	0,8839
2,0188	-2,3273
-0,1439	-0,3612
2,6742	-0,8856
1,0358	-2,1963
3,7227	0,4252
2,0188	-1,1477
4,7058	-0,4923
3,0674	1,2771
4,5092	-0,8855
1,8878	0,6218
2,6086	1,4082
1,9533	1,1461
1,1668	3,5709
0,7081	1,6704
-0,2095	2,2603
1,3634	3,1122
0,3148	0,6874
2,4776	0,6874
0,7736	1,9981
3,3950	0,0320
-0,6682	2,9811
3,0674	0,6873
0,9702	0,0975
4,2470	0,8184
0,9702	-2,4584
2,9363	-2,0652
3,2640	-0,4924
0,9702	-2,3273
0,9047	-0,0991
0,7736	0,6873
1,4945	0,0975
0,6425	2,1291
2,8708	-0,9511
0,5770	0,8185
2,6086	2,5879
-0,9959	0,0320
1,6256	1,6704
-0,6027	3,4399
1,5600	1,7360
-0,9303	3,4399
1,6255	-0,1646
0,1182	-0,6233
0,3148	-0,0336
1,1668	-2,9172
0,9702	-2,6550
0,1838	-2,5895
-0,2095	-3,5070
0,6425	-1,1477
-1,9789	-1,4754
0,2493	0,0975
-1,3236	1,4738
1,2324	-0,0991
-0,0784	1,7360
2,0188	4,0297
-0,0128	2,7845
3,1329	3,7676
-0,3405	2,5224
0,8391	1,9981
-0,4716	3,8331
0,3803	0,6218
0,0527	2,1947
1,1013	2,5224
2,0843	-0,1646
0,8391	1,6049
3,1329	1,3427
-0,0128	0,8184
2,4776	1,5393
-1,4546	-0,8200
1,1013	0,6218
-2,3721	2,8500
-0,4061	-1,5409
-1,5202	-0,0335
1,0357	0,5562
-0,6682	-1,5409
1,8222	0,4907
1,3635	-0,3612
1,9532	-0,6234
2,8708	1,9325
2,0843	-0,8855
2,3465	-0,7544
1,4290	0,7529
4,8369	0,2286
1,1668	1,0150
3,1330	1,1461
1,3634	0,0975
3,0674	2,9156
0,4459	0,0320
2,8052	-0,4923
-0,0784	1,9981
1,0357	-0,0991
-0,0128	1,6704
1,1012	2,1291
0,9047	1,1461
2,0843	2,5224
2,4120	1,9981
2,4120	1,0806
3,1985	2,8500
0,9702	-0,5578
1,4945	0,4907
-1,3236	0,0320
-0,2094	-2,7205
-1,7168	-0,6889
0,3148	-1,8031
-1,7823	-2,1963
2,6741	-1,7375
-1,0614	-3,7691
1,6911	-2,3274
1,0358	-2,3929
1,3634	-3,6381
1,5601	-1,2132
1,6256	-1,2132
1,6911	-1,5409
-0,2095	1,7359
1,1668	-0,9510
-1,5857	1,0151
1,2323	2,9156
-2,3722	0,8184
0,6425	2,3258
-1,4546	2,2602
1,1013	0,9495
0,5115	1,6704
1,4945	-0,4923
0,7736	0,6218
2,3465	1,8015
2,2809	-0,5578
2,1498	-0,4268
2,0844	-0,8855
1,8877	-2,9171
0,9702	-1,6064
-0,4716	-2,9827
2,4775	-1,5409
0,3804	1,7359
4,3126	-0,2957
2,5431	1,6049
7,1306	1,9981
4,1160	1,6049
6,4098	2,7190
4,5092	0,7529
4,9680	0,4252
3,3296	2,6534
3,9193	-0,0991
1,6256	1,0806
2,0188	2,7190
1,1668	0,4908
-0,0129	3,6365
0,6426	3,0467
-0,2750	2,5224
1,8877	5,2749
-0,6682	1,1461
1,8222	1,8015
-0,6026	4,3574
2,5431	0,6874
-0,2750	0,6218
0,5114	1,2116
-0,4716	0,0320
-0,2095	2,1291
-1,3891	-0,8200
-1,1270	-0,2301
-0,7993	1,1461
-1,1925	-1,0821
-1,6512	0,8840
-2,0445	1,9981
-0,8648	1,2772
-2,3722	2,3258
0,4459	2,1947
-1,1925	2,5879
2,3465	3,5054
0,9047	0,8184
3,9194	1,8015
1,5601	2,2602
3,9849	-0,0335
2,8708	1,4738
0,7736	-0,0336
0,5115	-0,7544
-0,5372	2,2602
-2,2411	1,2772
-1,9790	1,7360
-0,4716	4,0952
-2,6343	1,2117
0,5770	2,6535
-2,1755	2,3258
1,1668	1,1461
-1,1925	0,7529
0,7736	-0,2302
-2,1755	-0,2301
1,8221	1,4737
-0,6682	-1,7375
0,7080	-0,3612
-0,4060	0,9495
0,3148	0,2941
0,3148	0,0975
0,1837	0,4907
0,0527	1,2772
0,2493	2,5879
0,0527	0,2286
-0,7993	1,8015
1,7566	3,9641
-2,1100	0,8185
3,0018	1,9326
0,4459	1,9981
3,5917	1,0151
1,1013	1,8015
3,1984	0,4907
1,8222	0,8185
2,5431	2,7845
1,9533	-0,1646
2,2154	0,2942
2,0843	1,2117
1,8222	-0,6233
1,1013	1,4738
1,4945	-1,2787
1,4290	-0,3612
-0,9303	1,8014
1,2324	-1,5409
-1,3891	0,6874
1,1013	1,0805
-1,7823	0,8840
1,5600	2,9811
-0,0784	0,5563
2,1498	0,7529
0,3149	2,3913
1,3634	-1,8030
-0,3405	0,2286
-0,1440	1,0150
-1,7168	-1,6720
-1,4547	0,6218
-1,2580	0,8184
-3,2241	0,4907
0,1182	0,8184
-4,2727	-0,5578
-1,3236	-0,1646
-4,3383	0,3596
-2,2411	-2,6550
-4,2072	-1,9996
-2,6344	-1,0166
-4,5349	-3,7036
-1,9135	-0,7545
-3,2897	-2,2618
-2,6999	-1,0166
-2,6343	1,8014
-2,4377	0,8184
-2,6343	2,3913
-4,0106	3,1777
-1,0614	2,2603
-4,0761	2,9811
-2,3066	1,5393
-3,8795	1,8015
-2,3066	3,1122
-4,7970	0,2286
-0,8648	0,3597
-2,7654	2,3257
-0,6682	-0,4268
-2,5032	0,6874
-0,9959	-0,1646
-0,8648	0,4908
0,2493	2,3913
-0,5371	-0,2302
0,7080	0,4253
2,2154	2,5879
0,9047	0,4252
4,2471	1,6704
1,2324	0,9495
4,6403	-0,0991
0,3149	1,6704
2,3465	0,0320
0,1838	0,4252
2,6086	1,4082
0,2493	-2,2618
2,0843	-0,9511
0,0527	-0,3613
-0,2750	-1,2132
-1,5857	-0,8856
-2,3067	-2,3273
-1,9789	-1,9996
-3,8140	-0,0991
-1,8479	-1,6720
-4,0106	-0,8855
-2,1100	0,1630
-2,9620	-0,4923
-0,0784	1,0150
-1,2580	-0,7545
1,3634	-2,5239
-1,1269	1,2771
2,0188	-2,5895
-0,8648	-1,6064
-0,0784	0,4252
-1,4546	-1,0166
0,2493	-0,6234
-0,2750	-0,6889
-0,4716	-0,2301
0,7081	1,4082
-0,8648	-1,5409
2,2154	-0,6234
-0,0784	-0,4923
1,7566	-2,6550
-1,5857	-1,4098
0,7736	-1,2788
-1,2580	-1,6064
1,3634	0,0319
-0,2750	-1,7375
0,9702	-1,2132
-1,5202	2,2602
0,8391	-1,4754
0,2493	-0,9510
0,2493	-0,7545
-0,4060	-2,5239
1,1013	-0,8200
1,1668	-2,2618
0,3148	-1,5409
2,0188	1,4082
-0,6026	-1,2132
2,2154	-0,4268
0,0527	1,7359
2,1499	-0,6889
0,9702	-0,9511
3,5261	-1,2132
0,8392	-1,9997
3,0674	-0,2302
1,8222	-2,4584
3,1329	-1,3443
2,6086	0,7528
1,8222	-1,6064
1,2979	-1,1477
0,1838	0,4907
2,3465	-0,5578
0,2493	1,4738
1,9533	-0,5579
0,1182	-1,8685
3,1984	1,2772
0,7081	0,3597
3,1984	0,8840
0,9047	1,6049
2,0188	0,5563
-1,3235	0,8184
0,1182	0,7529
-1,2580	0,1631
-1,3892	2,3257
-0,6682	-0,0336
-1,4547	0,8840
-0,9959	1,8015
-2,3067	-0,4923
-0,2750	0,0320
-1,7823	-0,1646
0,2493	-0,8200
-0,8648	0,8839
-0,1439	-1,3443
-1,9789	-0,9510
-0,4716	0,4907
-1,8479	-2,1962
-0,6027	-0,1646
-2,2411	0,3596
0,8391	-0,7545
-0,2095	-0,6234
-1,0615	0,0320
-1,4546	-0,0336
-1,8479	1,0150
-0,6682	-0,7545
-2,2411	-0,6234
-0,7337	0,2941
-2,8309	-1,0166
0,8391	0,8839
-1,5202	-0,2302
0,7081	-0,2302
-0,7993	1,2772
1,6911	-0,0335
-0,1439	0,6218
2,5431	3,2432
1,4290	-0,9510
1,1668	0,1631
1,8222	-0,8200
1,8222	-1,6719
2,5431	0,7528
1,0357	-1,8030
3,1329	-1,9341
0,5115	0,0975
2,9363	-2,1963
0,3804	-1,7375
3,3295	-0,6890
-0,2750	-1,4754
1,4945	0,2286
-0,3405	-0,8855
0,8391	-0,2302
-2,6998	1,9325
-0,7338	-0,1646
-1,2581	1,1461
-1,3892	1,5393
-0,6682	0,8184
0,5114	0,7529
2,6086	-0,7544
0,7736	0,0975
3,7883	0,4252
2,3465	-1,3443
2,8708	-0,9510
-2,1100	0,3596
0,7081	-2,9827
-0,5371	-3,2449
-0,5372	-3,9002
-0,8648	-3,4415
1,2323	-3,1793
-1,1269	-3,5070
1,4289	-3,5070
-0,2750	-0,6234
0,5114	-1,7375
-0,0784	-0,2957
-1,3891	-0,1646
1,1668	-1,0821
-0,3405	1,5393
1,4290	-1,4098
-0,4716	-0,4923
2,6742	1,8014
0,4459	-0,9510
4,1160	0,4252
1,9533	1,1461
5,2956	-1,0166
3,5917	-0,1646
5,0990	-2,6550
2,7397	-1,9996
2,8708	-0,2302
0,9702	-3,1138
-0,1439	-2,5239
0,4459	-1,0822
-1,9134	-1,7375
-1,2580	-1,8030
-2,6999	-1,5409
-0,4061	-0,0991
-3,4863	1,0805
-0,8648	-1,8685
-2,8309	1,1461
-0,4716	3,0466
-2,9620	-0,5578
-0,1440	-0,0991
-2,8964	-0,9511
-0,7338	-1,8030
-0,7993	-0,2957
-0,4061	-2,0652
-1,2580	-1,6719
-0,6027	-0,0991
0,5114	-1,3443
-1,1270	0,2286
2,3465	1,4082
-0,5371	0,4907
2,4776	1,6704
1,4290	0,7529
3,3295	1,1461
1,5601	1,6704
4,0504	0,0975
2,0188	-0,0991
2,8052	0,6218
1,8222	-0,8200
0,9047	0,6874
1,0358	1,1461
0,5770	0,4252
1,8222	2,2602
1,7566	0,0975
2,7397	0,4252
1,6911	1,1461
3,5261	-0,9511
0,3149	-0,7544
1,9532	-0,1646
-1,7823	-1,0821
-0,4061	1,0150
-2,8964	-1,2132
-0,9304	1,4083
-3,4207	1,8014
-2,5033	-1,2132
-3,2241	0,4907
-1,9790	0,2941
-2,7654	-0,1646
-2,3722	2,5223
-0,5371	0,8840
-0,7338	0,6219
0,3804	3,9642
-1,9134	1,0150
2,2154	2,5224
-1,2580	3,9642
0,9702	2,5224
-2,2411	4,0297
0,7736	2,9156
-1,3891	2,5879
-0,1439	3,5710
-1,2580	0,2286
-0,6027	0,7529
-1,1269	1,4738
-0,0129	-1,0821
0,3149	-0,6889
1,0357	-0,4268
2,9363	-0,2957
2,4120	1,1461
3,1330	-1,0821
1,2324	-0,0991
2,6086	2,3913
-0,9303	-0,4923
0,9047	0,3597
-3,1586	0,6218
-0,4061	-0,0335
-1,9789	0,8839
-0,6027	-0,8855
-1,1269	-0,1646
1,4945	1,8014
1,3634	-0,5578
2,2154	-0,2957
2,8708	-0,3613
2,9363	-1,9341
4,5092	-0,7545
2,1499	-2,5895
2,4121	-1,8031
-0,0784	0,3596
1,2324	-2,5895
-2,3721	-1,4098
0,0527	1,0150
-2,8964	-1,3443
0,0526	2,0636
-1,9789	1,8670
0,1182	1,3427
-0,2750	4,0297
0,1837	1,8015
-0,0128	2,0637
-1,8479	2,9156
-1,1270	-0,5578
-2,6343	2,1292
0,9702	0,6218
-0,9959	-0,3612
0,9047	1,6048
-0,7993	-2,7861
1,4945	-0,6889
-0,3405	1,2771
0,7736	-0,5579
-0,7337	-0,0336
1,6255	-0,0991
-0,8648	-0,4923
0,9047	0,5563
0,5770	-0,0336
0,9702	0,6218
1,4945	1,8670
1,1013	0,2941
2,3465	0,3597
-0,0128	1,9325
2,3465	-0,0335
-0,5371	0,2941
2,8052	-0,8200
-0,3405	-0,9511
1,9533	-0,6889
0,3149	-2,2618
2,4775	-2,3273
0,6425	-0,4923
1,9532	-1,9341
0,7736	-0,1646
1,0357	0,2941
0,5770	-1,4753
-0,6682	0,7529
0,6425	-2,7206
-1,8479	-1,6719
-0,2750	1,3427
-2,9620	-0,5578
-0,8648	2,2602
-2,9620	2,5224
-1,0614	1,8015
-3,1586	1,7359
-0,0129	-0,1646
-2,5688	1,1461
-1,0614	1,9325
-2,1755	-0,9511
-0,1440	-1,2132
-2,0445	0,9495
-1,8479	-0,5579
-0,7337	-1,4753
-2,1101	-1,3443
-0,7337	0,2941
-1,0615	1,0150
0,5115	-1,7375
-1,5857	0,6219
0,3804	1,9980
-1,3236	-0,9510
0,8391	-0,1646
-2,8964	-0,8200
0,5770	-0,7545
-2,3066	0,2941
1,4945	-1,0166
-0,9304	-0,6233
0,1182	2,1947
0,1183	-0,7544
-0,8648	1,0150
0,5115	0,8840
-1,1270	0,8184
-0,3405	2,6534
-0,8648	0,8840
0,2493	0,8185
-1,1270	4,8161
2,1499	0,0975
-0,1439	0,3597
1,4945	2,5223
0,2493	-0,4268
2,4775	-0,0991
-0,1439	-1,2788
2,0843	-1,2788
1,1013	-0,2957
2,0843	-2,9827
1,1013	-1,4098
1,9532	1,2771
0,9702	-1,1477
1,2323	1,0150
2,5431	0,5563
-0,0784	0,4908
2,0188	1,6704
-1,5857	-1,0166
0,1838	-0,8855
-2,3722	0,8839
-0,4716	-1,6720
-2,5032	-1,4098
0,3148	-0,4268
-0,6027	-1,2132
1,3634	0,9495
-0,6027	-1,2787
1,8222	0,3597
1,2324	2,3257
0,2493	-0,4268
2,6742	2,4569
0,1182	2,6534
3,5261	0,9495
-0,7337	2,2602
1,3634	0,4252
-0,4716	0,4908
0,2493	1,9325
-3,4862	-0,4923
-0,4716	-0,7544
-3,7484	0,2941
-2,1756	-1,7375
-3,2242	-0,2957
-2,7655	-0,0336
-3,2241	0,7529
-2,7654	2,9156
-1,5857	-0,1646
-2,5688	0,4908
0,0527	1,4738
-1,7168	0,0976
-1,0614	1,9325
-1,8479	-1,0166
-0,1440	-1,0166
-3,0931	-0,4268
0,4459	-3,4414
-1,8479	-2,8516
0,8391	-0,0336
-1,0614	-3,5725
2,5431	-1,4098
2,1499	-1,3443
1,8222	-2,6550
2,2810	-1,5409
1,1668	-3,2449
1,7567	-2,8516
-0,6682	-0,0336
0,8392	-1,2788
-1,0614	-0,0335
0,5770	1,0150
-1,3236	-0,3612
1,6911	0,8184
-1,1925	0,5563
1,2323	0,0320
-0,9303	1,0806
0,6425	-0,3612
0,6425	0,8840
0,3148	1,7359
-0,0128	-1,2787
0,7736	1,0806
-0,1439	0,6873
-0,4061	-0,7544
0,3804	1,4738
-1,9789	0,0975
-0,0784	0,0320
-4,4038	2,3257
-1,3236	-0,3612
-4,5349	1,8015
-0,6027	2,8500
-1,4546	0,4252
2,2809	1,0806
0,5115	1,0150
3,2640	0,2941
2,6742	1,2116
1,6911	-1,6064
1,6256	-1,8685
-0,8648	0,7529
0,3149	-1,2788
-1,7824	-0,9511
-1,0614	-1,0166
-3,5518	-1,4098
-0,7993	0,2941
-2,9620	-1,5409
-0,5372	-1,9996
-3,5518	-0,5579
-0,2095	-1,5409
-3,4863	-0,6889
-0,1439	-1,6064
-0,7337	-1,6064
1,6255	-0,1646
0,8391	-1,9341
1,8222	-0,4267
1,8222	3,3743
1,8222	-0,6234
2,6086	1,3427
0,9047	2,5223
1,2979	-0,4268
-0,4716	0,5563
0,9047	-1,5409
-1,6512	-1,4098
0,2493	-1,0166
-1,7823	-4,6866
-0,9304	-2,4584
-4,0761	-1,8686
-0,7993	-2,2618
-3,9450	-1,3443
-3,2242	-1,5409
-2,1100	0,1630
-2,6999	0,8184
-2,1100	-1,2787
-1,7824	-0,4267
-0,6027	1,4738
-1,9134	-0,2957
0,3149	1,6049
-0,0128	1,8015
2,2154	0,6874
-0,0784	3,1122
2,6741	1,6049
-0,0784	2,0636
0,9702	2,1292
-0,9959	0,2286
0,8391	-0,1646
-0,0784	-0,2301
1,2979	-0,9510
2,2154	1,3427
1,7566	-1,7375
2,8708	0,6218
1,4945	1,6048
3,0674	-1,4098
0,3804	-0,4923
2,5431	-0,1646
0,4459	-2,1963
0,7080	-0,9511
-2,1755	-1,8031
0,3148	-1,3443
-1,9790	0,0975
-0,6027	-2,1307
-1,1925	-1,3443
0,0527	1,1461
0,5115	-1,2788
0,1837	0,0975
0,0527	0,1630
-0,7338	-1,1476
-1,2580	1,1461
-2,2411	-0,6234
-0,7337	0,0975
-2,2411	2,1946
0,0527	-0,2957
-2,3066	-0,5578
-0,6682	0,5563
-2,2411	-1,8686
-0,0784	-0,9511
-1,9134	-2,1963
-0,5372	-2,1307
-0,6027	0,2285
-0,2095	-1,6720
1,2979	-0,4268
0,4459	1,6048
1,7567	-0,4923
0,3804	2,1947
1,3634	1,4738
0,5114	2,9811
1,4945	4,5540
-0,8648	2,3258
2,6741	3,5710
-0,6682	4,0297
3,2640	1,4083
-1,4546	1,9981
1,2323	1,8670
-2,3066	1,4738
-0,8648	1,1461
-1,5857	-0,4268
0,4459	-0,2301
0,6425	0,7529
1,2323	-1,6064
1,7567	-1,3443
0,5770	-2,5895
1,2979	-1,8686
0,0527	-1,1477
2,0843	-1,3443
0,7736	-0,2957
3,0674	1,1461
1,1669	-1,5409
4,8369	0,1631
1,6912	-0,0336
4,3126	-1,6719
2,0188	-0,0336
2,0188	-0,4923
0,3149	-2,0652
-0,5371	-0,4923
-0,6026	-2,9827
-0,6027	-2,1307
0,2493	-1,4754
-0,4716	-1,8031
1,2324	-1,6064
0,7080	-0,9511
1,4290	-0,7545
-1,1269	0,8839
0,3148	-0,3612
-2,5032	0,6218
-0,7338	1,7359
-2,3721	0,0975
0,0527	0,9495
-0,5371	1,0806
0,9702	0,7529
1,0358	2,1947
1,1013	-0,0336
0,6426	-0,3612
0,7081	1,4738
2,0188	0,0320
0,0527	0,6874
2,2154	0,5563
0,6425	-0,6889
3,5917	1,2772
0,1838	-1,6720
3,7883	-1,0821
0,7081	-0,4924
2,9363	-3,1793
0,5115	-2,1307
0,5770	0,6218
0,1182	-0,2957
-0,6682	1,4738
0,4459	1,5393
0,5770	1,0151
2,0843	4,4229
0,5770	0,7529
2,2154	1,7360
0,3149	1,9325
2,2810	1,2772
0,5770	1,3427
2,9363	2,3913
0,3149	0,8840
1,9532	2,9156
-1,0614	-0,8855
-0,2095	1,0151
-2,7654	1,6048
-1,8479	-0,3612
-3,0275	0,5563
-2,0445	0,7529
-2,1100	1,6049
-1,1925	2,4568
0,3148	-0,4268
-0,9959	0,1631
0,2493	0,8184
-1,9134	-1,8030
0,4459	-0,8855
-0,9304	0,4252
0,2493	-2,2618