-20,7451	-4,1809
6,3871	-1,1662
-13,8638	-2,6081
10,5156	-2,2148
-14,2570	6,8947
14,1855	-0,5110
-14,5190	3,2902
14,7753	2,1105
-2,0015	2,2416
13,4646	0,3411
15,1034	-1,8871
11,8918	-7,6543
23,5577	-5,8193
1,8648	-5,9505
19,6910	-14,9945
-12,0944	-7,5234
1,9306	-11,7178
-23,6943	-13,1594
-0,8877	-5,8849
-31,5586	-8,7686
0,8162	-6,3436
-23,3009	-2,0184
7,9595	-16,3707
-6,5236	-5,3606
14,1854	-7,1958
0,4233	-8,7685
10,6466	-2,3460
7,5012	-6,9335
3,8963	-3,7878
15,6277	-1,0354
-2,9849	-10,9312
16,8729	-3,2635
-7,3757	-6,1472
19,7565	-7,6544
-6,9824	1,1929
21,3948	-3,0669
-8,6206	-1,1008
17,4625	-2,6737
-2,3947	-9,1617
13,3991	-0,5110
-2,1325	-9,3585
17,2657	-18,2712
15,3656	-4,5744
10,3190	-13,4873
17,2007	-9,1618
3,9619	1,1929
16,4797	-2,3460
-18,0582	3,3557
4,9452	9,1884
-20,8763	8,6642
0,7507	8,6642
-30,3789	9,1886
5,6003	7,8123
-22,9733	7,4845
9,1392	-1,8215
-18,7789	3,4213
7,3042	9,0573
-8,7518	2,1761
4,0927	-0,0521
-6,4581	8,9263
-13,4709	-1,1663
-6,7203	-3,0012
-20,9421	-2,2804
-7,9001	-1,8871
-36,6051	3,2246
-10,3905	-2,9357
-36,8672	7,9432
-10,2596	7,9433
-47,6149	8,7953
-7,1139	11,8754
-30,5757	4,9941
-4,0338	-4,3119
-21,7282	0,1446
-2,9197	2,3727
-4,2955	8,6641
1,2092	0,6687
6,3215	1,1931
-2,1330	2,3072
8,5498	2,5038
-5,4097	5,2562
12,7439	4,4043
-17,6648	0,8654
15,2344	11,6133
-14,5190	10,9579
20,2806	-1,0351
-13,1426	4,0113
20,2151	10,1059
-0,8873	3,5523
12,0885	1,9795
6,8460	-0,1177
14,7753	0,9964
8,2877	3,3556
0,8817	2,1105
12,6786	3,9456
-4,0990	11,1545
20,4775	3,6835
0,7508	6,1739
26,8345	6,7637
0,6200	9,1885
30,5045	3,9456
0,5546	-3,3943
27,9485	10,9581
8,2878	17,2494
19,9529	14,8247
4,6834	20,9852
21,7878	23,5412
7,6325	26,3592
17,6590	29,3739
17,6594	28,4565
13,7923	32,7163
21,7226	32,8473
-2,5260	33,1096
19,9532	35,2722
-15,5677	28,9153
7,0423	28,7187
-32,6072	29,2429
-7,5725	25,2452
-38,8988	23,3446
-18,9106	16,7253
-48,0740	8,0091
-39,1615	11,8756
-54,8244	5,9773
-48,4025	-0,1831
-62,6888	1,3896
-65,9007	-7,9821
-62,2303	-12,7663
-83,7265	-33,3448
-60,3299	-38,0634
-86,7411	-41,5371
-61,5749	-51,7609
-80,1873	-70,7663
-48,7954	-66,6377
-74,9441	-76,9926
-41,5863	-79,5485
-60,0017	-85,4470
-34,0496	-90,3622
-44,4039	-91,2142
-19,5662	-91,8040
-27,7576	-87,6751
-10,2598	-82,8254
3,8310	-72,9949
1,4715	-67,8831
32,6672	-59,3632
17,7248	-54,8411
47,8063	-42,4547
31,9465	-32,8864
61,1104	-31,1822
39,8767	-24,8907
76,5770	-20,6963
50,2316	-16,3709
78,6742	-7,1302
62,4870	-5,4262
84,6378	1,7173
70,3513	8,5987
84,7033	11,2202
78,4122	17,5773
76,2491	24,9173
77,6257	23,5412
57,3091	28,9153
67,6642	28,7186
39,6799	32,6509
54,2291	37,1072
22,6405	29,1119
42,5633	37,1728
5,4698	35,1411
24,3440	27,2113
-2,1980	28,9808
15,6274	22,5581
-10,5867	7,4848
6,7798	2,3073
-13,9293	-10,8001
-17,6654	-24,8250
-33,1316	-32,3620
-53,1862	-58,5110
-59,6086	-67,7517
-86,5445	-86,1021
-91,3286	-102,4208
-136,0246	-116,1181
-124,3592	-130,6673
-162,6981	-148,1657
-142,8409	-169,1375
-184,7840	-188,4709
-161,0602	-211,6711
-190,0926	-242,0145
-176,1994	-265,9355
-204,3796	-292,9369
-194,6153	-321,5109
-202,4138	-348,9709
-207,3951	-369,9428
-205,8873	-400,2864
-212,9000	-415,4911
-183,2117	-436,7252
-197,7609	-462,2189
-157,4557	-473,4258
-172,3324	-484,5016
-131,6341	-491,7107
-145,4620	-495,3154
-94,4748	-502,6553
-103,0596	-492,6939
-59,5436	-487,5166
-59,6086	-484,9605
-21,4013	-467,7898
-24,3498	-445,1141
-2,5920	-421,7174
8,4186	-399,9592
19,1663	-377,2833
38,1723	-351,1341
30,1767	-328,1307
55,0154	-308,6006
32,6018	-274,6526
58,0955	-256,3022
21,6574	-233,5606
51,8695	-199,2194
18,9049	-175,1017
44,3983	-145,3479
19,3636	-124,1795
35,0264	-106,0912
14,6450	-84,8572
25,3269	-67,0968
9,9263	-59,7564
13,4647	-45,2072
4,7487	-28,9541
-7,9658	-15,2569
-2,9193	2,0449
-35,4255	13,1206
-19,4345	25,7038
-43,0933	38,2868
-24,0879	37,7627
-66,6863	47,0689
-38,2438	47,2656
-68,5215	56,4408
-45,7807	69,7445
-68,9147	59,5211
-48,6645	75,0532
-63,5408	84,0315
-57,6430	71,1211
-64,3272	76,8883
-63,9344	74,3978
-55,0212	56,9652
-73,6338	57,0963
-56,8563	46,4791
-83,2675	30,9470
-57,2495	27,6700
-84,1850	9,3852
-53,6451	-1,8871
-77,1069	-14,6668
-42,8316	-26,1358
-59,0843	-33,7382
-31,7560	-55,8239
-48,7294	-59,2975
-28,8722	-69,1937
-24,0221	-76,7960
-15,1751	-76,2063
-5,0164	-85,5124
-1,7399	-87,3473
10,3192	-80,3351
-7,6379	-85,9057
19,6254	-83,4808
0,2265	-79,7453
28,2762	-84,3328
9,2052	-89,4446
41,8423	-88,6581
29,3907	-86,8231
57,5711	-80,8594
40,0734	-77,7137
62,2897	-75,8129
49,6416	-61,6571
51,3450	-51,9577
39,7456	-42,4547
39,2863	-35,0490
40,7940	-28,6918
23,0989	-21,4827
39,7454	-14,3393
16,8074	-14,4048
34,6335	-3,7224
6,8460	-5,3607
31,6187	4,9941
3,0448	5,3873
20,0186	9,6474
-8,0307	28,1940
9,4670	20,5920
-14,1912	22,6238
5,8624	34,0926
-5,8683	33,4373
-0,5602	35,2723
-9,1451	39,9253
-8,8178	28,3255
-9,4730	33,3718
-28,0200	37,7626
-12,4877	32,4542
-34,2459	33,2407
-9,9318	36,5175
-32,4763	39,9255
-8,2279	43,9887
-25,9226	36,9763
-6,1308	38,0905
-26,3156	33,7649
0,6849	25,5074
-13,9292	24,8519
-4,7545	22,6236
-5,3440	13,1209
-7,7037	18,7570
-1,4773	12,2688
-8,4901	12,3999
6,1249	8,4021
-12,4877	0,4068
5,4695	-1,2317
-13,4050	-5,2295
8,2875	-13,0938
-18,1236	1,5206
9,0738	0,4064
-24,6116	-4,4431
-1,4776	-0,0521
-13,2738	-5,3605
1,0782	-0,5765
0,6199	-4,3121
9,9912	-3,5912
12,8752	0,0789
12,2851	2,7659
22,8368	4,9286
5,2729	11,5477
28,7352	1,3898
5,9282	11,7444
26,4412	-1,8871
-7,1789	4,0112
17,0040	-5,4262
-4,6886	-6,2126
18,4456	-10,9312
-2,0015	-6,8680
17,5935	-11,9798
-0,6252	-2,4770
13,7267	-0,6421
-3,3778	-2,5426
-0,2325	4,1421
-3,5090	4,0110
-15,6991	-1,8216
-4,4920	2,8970
-19,2380	4,3388
1,4062	2,9626
-18,1892	1,5208
8,0910	-2,3458
-9,2105	6,5670
21,3293	3,6178
-0,5597	0,0790
22,5744	3,3558
-5,2782	6,3049
12,4817	0,4723
-5,4094	1,6518
1,6024	-1,3628
-12,0287	2,1106
-9,0145	1,8484
4,9450	-4,3775
-11,1771	2,1105
5,4041	-6,4748
-3,1815	-5,9505
13,3995	-2,9359
-9,6038	-4,9019
17,2660	3,2247
-11,9630	14,5624
15,0377	8,0745
-17,1404	18,5603
11,7607	18,2981
-9,9315	15,7423
3,9618	16,7908
-1,1497	8,9264
-1,1502	6,1739
-5,2784	9,7782
-11,6358	1,1276
5,1417	8,7953
-15,2403	4,2077
6,1903	1,2587
-19,5655	4,6666
8,5497	-0,7075
-18,9100	1,8485
9,7292	2,8313
-16,0264	-7,3923
10,1879	-4,9674
-9,6037	-3,3290
15,6929	-1,0352
4,4866	0,5377
18,6420	7,8778
17,7249	5,7151
9,3359	7,4845
13,9894	0,9310
-4,5577	6,1084
10,9747	7,3534
-11,8978	-0,9040
7,3045	6,5016
-24,7428	8,2055
9,4016	7,4191
-18,8446	9,9750
3,6342	-0,7074
-24,0217	7,8123
3,8963	3,7489
-15,3711	-0,0521
-1,7399	7,5500
-7,6377	9,6472
1,0782	5,3218
-1,6739	4,6665
-11,1770	3,6179
3,8311	6,3049
-11,8979	2,5037
7,6321	0,9965
-15,1746	4,0110
9,9914	-2,6081
-11,1112	-7,4578
15,5619	-3,8533
-12,3562	-7,7200
12,4162	-9,5550
-3,7055	-15,2567
11,3674	-15,4532
-8,0308	-10,0138
3,1097	-12,3076
-3,1157	-12,8973
-2,9197	-3,9190
-4,8853	-9,9482
-17,7309	-2,6081
-4,2300	4,2076
-24,4154	7,0258
1,2095	4,0113
-21,9903	12,3344
11,8919	6,5672
-18,3857	13,1863
18,5766	6,9603
-14,8467	8,7298
13,5303	6,6981
-5,6717	0,2756
4,2895	10,1716
-2,3293	10,8924
-0,0360	6,8948
-6,7857	6,7638
-5,1479	12,3343
-0,6911	13,3174
-19,7624	17,5116
0,0955	12,9242
-14,0606	8,7953
6,5179	8,5331
-18,8445	-2,0837
15,7585	4,4043
-13,9292	-3,3945
14,2513	-2,1493
-3,2466	2,4382
26,5719	-1,6906
9,4019	-2,7391
16,9381	-0,2488
10,3194	-6,5403
8,1561	2,7659
7,0424	9,1228
-4,0991	6,2394
6,7147	15,4144
-12,8153	3,6836
15,6931	13,7762
-14,9125	15,3490
10,3847	8,4677
-15,2400	9,0576
9,9258	19,6743
-17,2060	11,0235
4,7483	13,8417
-12,4219	12,9241
3,3064	9,3197
-5,0818	14,3003
-5,5410	5,3874
-2,5259	12,3998
-6,7207	14,3658
-1,5430	5,5841
-20,0900	5,9117
0,9474	5,4529
-25,2018	-1,2317
-5,4752	5,9771
-29,7236	3,8800
2,0614	-2,3458
-18,4513	7,6157
7,2387	7,0913
-11,1111	8,5987
11,4330	9,8439
2,3240	11,7446
15,3652	20,8539
11,6956	12,5308
14,1200	3,5526
15,1691	12,8585
9,5980	-1,0351
18,9701	-0,0521
3,6343	-5,2952
17,0695	-8,3097
-12,2252	-5,2952
27,2276	-15,6498
-7,4411	-0,5110
27,5553	-3,0014
3,7003	-6,9990
37,9755	-1,9527
19,6911	0,4721
30,7665	-2,0838
19,2325	3,8799
24,8025	-0,7731
13,9895	-2,4114
9,8602	4,7320
14,9068	3,0936
-6,7205	8,4676
8,3532	3,7490
-17,7306	3,1591
5,9282	9,7783
-20,8762	3,2246
16,5450	-4,0497
-8,8829	1,7173
18,5767	-9,6206
2,1929	-13,6837
19,8874	-13,2907
4,0280	-19,5822
20,2149	-13,3562
6,1906	-6,8026
8,0907	-17,2883
11,8922	-6,6714
4,6172	-3,7223
11,7611	-6,5402
-8,0966	4,9286
8,4842	-1,6905
-16,8130	8,7953
2,1271	8,7297
-30,6411	6,3705
-4,3611	13,3829
-27,6919	17,2495
4,4205	11,6789
-14,9779	6,3050
-2,8541	2,1107
-15,1744	6,5015
-0,9536	2,7659
-16,4196	1,3897
-12,1602	5,1253
-4,9508	12,0065
-20,7454	7,4846
-0,2322	7,8124
-19,8277	8,5987
13,0061	0,6033
-13,1429	4,6008
12,8751	-9,3584
-14,7156	-8,6376
10,3846	-17,8782
-14,5846	-19,1234
8,5493	-20,1064
-18,1235	-17,3539
6,1900	-10,8003
-4,7542	-0,9699
-2,9850	-9,5550
5,3384	2,8970
-8,2280	3,4867
1,9305	-1,3628
-15,2403	6,7635
10,3191	-4,3120
-19,4345	-1,0352
8,2876	-2,5426
-14,7812	-1,3629
10,3191	-0,5110
-16,6817	-1,4940
7,3043	2,0449
-13,2738	-0,5110
10,5810	1,5207
-3,3123	-3,6567
14,3820	-1,6250
3,8312	-1,6906
5,7968	3,7488
9,0741	3,0934
-8,7521	-7,1956
11,8921	-1,7561
-7,3759	-1,7562
18,4456	-12,1764
-15,9609	-9,4240
19,8219	-14,4703
-17,5337	-15,7154
12,0230	-11,3902
-21,0071	-11,9798
6,7800	-3,9844
-13,6016	-0,8387
4,2240	-4,2465
-1,6739	-1,9528
4,8793	-8,8997
11,3022	-8,1131
-5,0821	-8,0477
8,3532	-13,2905
0,0952	-1,6251
3,8312	-5,4918
-16,5508	-8,1131
10,1225	-2,8703
-19,6965	-4,4432
4,6174	-2,5425
-21,5970	10,1059
9,4669	1,9795
-21,4659	4,2078
2,0613	7,8122
-13,2740	2,0451
-6,7207	4,6010
-15,0434	5,5185
-12,8157	7,8123
-7,2447	12,0721
-20,0901	9,5162
0,6197	15,9389
-20,8764	19,7398
2,5203	11,8756
-26,1192	15,6767
-3,9023	8,2710
-32,6727	-0,9696
-3,6403	0,5378
-26,7089	-4,9018
0,8160	-5,2950
-14,5846	-3,0013
3,5685	-5,7538
-6,3270	-2,7392
7,6317	-3,7223
0,6853	-15,5842
-6,3929	-2,8702
5,0763	-6,0816
-13,9296	-3,2634
5,6005	-0,1833
-23,5633	1,7173
3,8965	0,4722
-22,3836	8,9264
2,7824	7,7467
-20,4829	8,7954
5,9280	11,5478
-22,9077	11,4824
0,5539	15,0213
-17,5993	11,0237
-4,0993	9,7130
-4,0333	15,3491
-4,7548	14,4315
-2,7881	16,2664
-12,9466	5,6495
-2,7225	0,5377
-23,8256	-2,0838
-8,8830	-0,3800
-23,8911	-4,1155
-0,4289	-0,9697
-22,3836	3,6179
-2,0674	8,0743
-33,3279	5,4529
-0,7569	0,4723
-25,7259	5,7807
-10,5219	7,4845
-23,4320	3,0937
-2,9851	4,9286
-1,7396	-2,6080
-7,1139	7,5501
3,7000	2,7659
-10,2595	-1,9527
14,7101	-1,9527
-13,8638	-8,2442
17,0040	-8,7030
-12,4875	-6,0816
2,3238	-10,7347
-16,2885	1,9138
9,2048	0,7341
-15,5020	-7,7198
14,6443	-0,2487
-5,4748	-3,7878
14,8409	-5,1639
9,2707	0,2099
8,2217	-5,0330
12,0888	-7,9821
1,7337	-5,5574
13,0718	-16,8950
-7,0481	-6,5403
4,8797	-10,7348
-17,4684	-10,9967
4,6173	-1,9529
-27,1677	-8,8996
1,4060	-3,0012
-18,9100	1,9794
13,2680	-0,1831
-9,4727	4,2733
14,2510	5,5839
-3,2467	-8,5062
7,2387	0,4066
8,6809	-11,3900
3,5687	-10,8001
12,0233	-4,3777
-4,2300	-12,8973
18,7079	-2,0183
-6,5238	-2,6737
17,8559	-0,6420
-9,6039	-0,2488
16,5451	1,0620
-13,5359	-2,1492
17,8558	8,7952
-14,5189	2,5693
10,9088	8,0090
-6,1959	13,6449
8,1561	7,2225
0,6198	7,4846
9,3357	7,4190
2,2582	7,4846
3,5031	8,3366
15,8242	10,3682
0,8162	5,2565
15,6932	14,1693
-6,2615	3,9456
16,4141	8,5987
-11,3077	6,1083
16,1518	9,3851
-14,1913	8,5986
9,8603	6,5015
-15,2399	7,8123
1,3403	14,5625
-18,5823	13,9727
-2,3298	9,3853
-5,2130	13,9072
-3,4439	5,5841
3,1758	3,2248
-1,3467	0,5377
5,1418	-4,5742
-16,4198	-2,6081
13,7270	-5,7539
-17,0096	-9,0306
7,1079	-12,1764
-19,3033	-10,4069
12,9404	-14,2736
-18,1892	-6,8681
2,6511	-3,9189
-21,2036	1,0619
6,9764	-0,1832
-7,1135	5,6495
1,9957	3,0936
1,6028	-5,4260
-4,1647	-0,3142
2,5204	-3,3946
-13,8640	-5,3607
-4,4920	-9,2929
-20,4176	-11,8487
-1,5431	-6,0815
-26,0536	-1,1664
2,0614	-6,1470
-23,3665	3,8145
4,8794	6,3703
-18,8444	-1,5595
7,2387	3,8145
-11,7665	2,3727
-3,2472	5,1253
-11,4389	-0,3142
-11,9637	3,8801
-9,2762	8,4676
-16,2891	8,6641
-2,0674	-3,1321
-24,8086	9,2540
-2,2639	5,2563
-25,5949	5,3874
9,1393	-0,1177
-23,8253	-3,6566
10,2536	-2,0839
-18,2545	-1,4941
15,6930	-12,3730
-14,2568	-3,3290
10,0567	2,5037
-7,3757	2,7658
0,2261	-0,3143
-4,4264	2,6348
-0,1016	-1,6905
1,9305	0,4722
-13,3398	1,5863
1,0785	8,3365
-21,0073	4,3387
6,8457	-1,8216
-19,6964	7,3535
13,2027	1,7173
-13,3393	5,0597
21,1981	6,3704
-11,6353	-2,7392
19,3630	-4,5741
-3,2467	-3,5257
9,9912	-13,0283
-2,1981	-2,6738
-0,8224	-4,3776
4,2898	-8,2441
-11,1771	7,2879
4,3554	-7,3922
-15,2403	3,9457
1,5373	11,6787
-22,3181	1,3898
0,8163	10,5649
-27,3644	14,6936
2,5202	8,7299
-21,9247	16,3976
8,8771	9,7128
-12,8151	7,0915
6,1901	12,5964
-6,7857	4,1423
5,4036	7,0258
-2,0671	5,9116
-4,8200	1,4553
8,4842	11,4167
-1,4121	6,8292
17,7249	6,7638
6,8457	5,9772
33,1260	-1,1006
5,6663	3,6179
28,8661	3,8800
-3,8363	-6,4091
20,9360	0,7999
-12,1596	3,0935
13,2681	-1,2973
-5,3439	8,5331
2,0613	-0,5109
0,2267	4,7321
2,3234	10,9579
3,9623	-0,3797
-0,7568	3,8146
8,8774	11,4822
-2,2641	7,6157
5,7971	6,7637
-17,4027	4,2734
7,6321	2,7005
-20,2208	2,3072
7,5010	-7,7199
-17,2060	-0,9041
15,4963	-5,9505
-10,5869	-10,6690
12,4815	3,8144
-8,5552	-2,0183
3,1753	2,1762
-5,9338	8,7296
-4,6236	-0,9696
-2,1983	8,2055
-9,7353	9,8438
13,3338	3,2247
-8,5554	1,4552
23,8853	-6,6713
-3,7711	-8,1787
23,6231	-6,2127
-15,6331	-6,4093
14,2513	-1,4940
-14,4535	8,2053
5,2070	1,1931
-15,1743	10,1715
1,9302	14,4313
-7,3101	9,8438
-3,2473	15,0212
-3,9677	9,9750
-5,6722	8,7299
-4,0989	12,1377
-16,5511	1,9141
-1,5430	1,9141
-23,3011	1,7828
2,8479	-8,0476
-25,2015	-4,9675
8,7462	-16,5019
-20,2208	-15,7809
-3,5748	-12,0455
-30,1167	-15,6499
-6,5241	-5,3607
-21,5971	0,2098
-3,5751	0,7998
-5,6717	4,3388
-2,7885	4,7321
4,4865	3,7490
-5,3444	0,2100
9,0085	-7,8510
-14,9780	-0,3800
8,8773	-10,8658
-19,4345	-18,4023
6,3213	-8,9652
-20,5486	-8,5065
8,6806	-10,2759
-14,7812	-3,9189
13,0715	-10,6691
-7,8998	-1,8873
11,4331	-3,7223
-2,0671	-12,5695
3,8307	1,0619
-3,3124	-1,6907
-9,0799	-7,3266
1,6028	-2,7392
-14,1262	1,3240
2,5203	-4,2465
-23,8255	3,5524
2,7824	2,3728
-31,8864	12,0066
-2,2640	9,5816
-30,8377	2,5039
-6,9172	9,1885
-31,3618	7,2224
-0,4293	14,1692
-18,1237	15,5455
-6,4586	11,6135
-6,5893	14,4316
-3,8371	22,9512
0,0299	19,6089
-16,4855	26,6868
-1,0841	25,6382
-21,4007	23,0824
0,7507	26,0970
-27,0366	19,1502
10,9744	21,6406
-20,2864	20,9196
8,8117	12,0068
-9,5383	18,5602
13,4647	1,0621
-9,3416	3,4870
17,8556	4,2077
-2,0016	3,9456
3,5031	4,2077
8,9430	1,6518
0,0951	3,3558
4,4210	3,3558
-9,3420	-0,4453
2,9135	2,8315
-26,8401	-0,0520
1,9304	6,5671
-39,6852	16,0042
-7,3759	10,0405
-36,6050	14,1039
-7,9003	17,8395
-29,0682	19,8710
3,1753	17,6429
-6,1959	10,0405
10,9742	8,1401
6,6493	7,0913
8,8771	3,2903
5,7318	5,9117
-2,6572	9,0575
9,9916	14,6934
-7,5069	4,6665
13,4650	11,9410
-9,1452	8,9263
16,4141	2,5039
-10,0625	8,5331
24,6060	0,7342
-8,7517	0,6687
22,3122	-10,0137
-4,3608	-9,4894
12,3506	-4,2466
-2,8535	-7,4579
3,1098	-6,4748
-6,8513	3,6834
-10,0630	7,5500
-8,0966	4,2078
-10,5873	9,9750
1,3405	0,0135
-22,4492	5,7151
2,0615	1,2585
-25,0706	5,2562
-2,7228	-2,8702
-30,5755	3,8801
1,9958	4,6665
-20,6796	2,8315
1,6681	2,5694
-9,0140	5,0597
8,8770	6,5014
-0,6253	0,9309
1,9957	3,8800
0,8820	-2,5425
-11,9635	5,7805
2,2582	-4,4432
-18,3860	-4,9018
-0,1666	-3,9844
-20,3521	0,9963
4,4863	-5,2295
-24,6117	5,5840
6,8456	2,8314
-22,8422	0,4066
4,4206	0,8654
-21,3348	-0,9042
5,0103	3,1592
-15,3710	2,8968
-0,9535	-9,9482
-11,7666	-7,6544
-10,1286	-8,6376
-13,6671	-5,5573
-16,2890	3,0280
-1,4775	0,9964
-23,8255	4,0111
8,2219	-2,4115
-16,8129	-6,4092
16,3485	-3,7878
-11,8320	-5,2297
20,6083	-17,8126
-7,5065	-7,5234
13,8580	-17,4850
-1,9359	-16,2397
11,8262	-15,0601
-5,9336	-12,7008
4,8793	-2,0839
1,0787	-2,2805
-4,8201	6,6326
7,0423	5,4530
-14,5194	10,2371
6,1903	4,6010
-18,3859	5,7151
8,4185	0,0789
-27,7574	2,5693
12,1541	0,3410
-15,4366	0,2100
16,2172	5,1908
-9,8003	2,8970
14,3166	2,7660
-2,2637	1,5863
9,0081	-3,5255
1,7995	-2,9357
2,5854	-3,1325
-1,6740	-6,6713
-7,5071	-2,4771
-0,5599	-1,6251
-18,5171	-3,5911
0,9474	5,5840
-24,6118	4,9286
6,7145	8,5987
-22,4490	8,6641
8,2219	-1,1006
-15,3709	6,8293
11,1710	-0,4453
-1,2150	-0,5763
17,7245	6,6981
-0,0354	2,3727
2,5856	5,3218
1,9306	-2,9358
-6,2620	-2,2802
-1,7396	2,3727
-19,6313	-4,8363
-3,1159	-6,3436
-21,8594	2,1105
3,9620	-3,5913
-21,5971	2,7003
17,7246	-0,1177
-13,2738	0,9308
15,4965	-1,0352
-2,5257	-4,6398
18,1834	-7,7199
0,4235	-0,7731
18,2488	-5,8195
4,5521	-6,6713
3,1100	-3,1325
4,4210	-13,3561
-10,3906	-8,3753
5,2729	-4,9020
-16,9442	-6,7370
5,0762	-2,0183
-23,4977	-0,1178
9,1394	-10,0793
-22,1870	-10,3414
3,0445	-8,4409
-22,4490	-4,5086
1,9301	0,4721
-21,2693	-1,0352
1,4058	5,9773
-13,9948	16,7251
-7,8348	6,2394
-10,7180	16,5942
-5,9999	12,9897
-2,4605	6,9605
-13,7986	18,5603
2,9135	4,8632
-18,3859	12,8587
4,4865	11,2201
-16,8785	5,4531
8,7462	20,2641
-13,2083	11,3512
17,5280	11,8756
-0,6908	13,9072
20,8704	13,3829
7,6325	10,0406
24,6059	17,9704
11,0403	13,9728
13,1370	21,7716
9,5329	19,9365
-1,6087	12,5966
3,8311	19,9366
-21,0074	11,4823
-1,9362	7,3537
-23,0391	13,5795
-0,2978	9,4507
-25,5948	7,8778
7,6975	8,0743
-21,7281	4,9942
-0,3635	9,1229
-22,1212	3,2246
4,3549	1,2587
-17,2716	9,8438
0,2916	3,4213
-5,1475	3,8146
-6,9828	5,6494
-1,9362	6,9602
-7,7692	5,3219
2,7825	-0,2487
-13,4707	8,0089
14,1203	6,0427
-10,7835	2,5693
23,5575	3,0936
-10,1280	-2,8703
15,8897	-6,2126
-9,9969	-4,2465
14,0544	-0,0522
-12,9461	-0,8386
9,8601	4,6009
2,6515	1,8484
14,0544	2,9625
8,5498	3,3557
5,1416	-2,5425
12,6130	4,6009
-11,8979	5,7806
-1,0186	5,9773
-30,1825	13,2519
-9,6040	21,5094
-36,2773	18,4292
-4,0991	15,8734
-26,0536	14,8247
2,2578	14,3660
-20,2207	12,6619
4,9448	5,6497
-11,0457	12,5964
-1,4777	8,6641
-8,0310	2,6349
-6,1964	2,1761
2,3892	-1,6250
-11,3738	-2,0838
-5,0820	0,2755
-19,8934	-9,0306
-1,1499	1,2586
-25,7914	-3,2635
8,1564	-2,6735
-16,8128	11,8754
20,1496	0,2755
1,2098	7,0914
22,7709	4,5354
4,6178	-4,1808
16,4794	3,8145
2,3894	4,1420
9,2703	-10,9966
3,7657	-0,7076
4,3550	-5,0330
7,5668	-8,7030
1,0127	-4,8363
10,8436	-7,3268
-7,1791	-7,7200
14,0548	-6,4093
-7,3101	-8,0476
10,5812	-2,6736
-20,2861	3,2901
16,1517	-2,6735
-10,9801	6,8947
3,3066	-0,9696
-6,2614	5,3218
6,3211	0,9308
1,0131	-5,3605
0,3573	2,6348
6,9769	0,5375
4,3551	-4,2465
20,1498	-0,5765
6,5180	-1,2974
23,8198	1,5207
1,2098	-3,5256
31,8151	-3,5911
-12,7494	0,5376
21,9192	-0,0523
-4,1642	-8,5719
23,7539	-1,8872
-8,3585	-8,3098
10,7777	-4,1809
-6,8513	1,9139
-3,3127	2,6348
-3,3125	1,1276
-14,7818	5,6495
-10,7837	1,2586
-26,2505	6,3704
-3,3779	1,3241
-18,3205	4,7320
17,1348	4,1421
-18,1891	-1,4284
14,9722	-2,2148
-10,9801	2,6348
16,8071	0,1444
-6,0648	2,8969
15,9551	-2,6080
-2,7878	7,5501
16,1516	11,1545
7,0425	4,6665
7,5007	11,0891
1,4064	8,9919
-3,7714	4,3389
7,4356	7,0914
-11,2424	1,3897
13,1373	2,1106
-9,2763	3,8144
15,0378	-3,1980
-16,0265	-4,9673
7,4355	0,7342
-20,8761	-8,6375
2,6511	-7,3267
-23,9563	-7,7200
5,8622	-9,2928
-15,3711	-3,9188
0,9470	-3,5912
0,3576	-2,3459
-6,9828	4,6009
8,4187	0,6033
-5,5409	3,9456
7,9600	5,3874
-11,0458	0,9965
11,8265	7,3535
-10,9802	4,6009
16,2829	-3,9187
-12,4874	4,9942
17,3970	1,5862
-14,7155	6,0427
13,9235	0,9308
-5,9993	-8,8995
6,4521	3,2246
-9,9314	-4,5743
5,0759	-9,2928
-4,9508	-6,1471
-7,8347	-6,4093
3,8966	-1,3630
-13,4053	0,4066
3,2413	9,8439
-13,2741	20,0676
10,3847	23,9998
-16,4852	19,8712
9,0084	27,8665
-15,4365	22,3615
10,0567	18,8226
-19,0410	16,7253
5,9934	9,7784
-10,1937	8,6643
2,3234	6,6326
3,1102	0,7342
0,2918	-1,8217
14,5791	-2,2804
-0,4946	-10,2103
14,7758	-2,4771
-4,1645	-10,4724
15,5622	-3,0669
-11,7010	-0,3801
17,5282	-14,3390
-12,6184	2,1105
18,3145	-3,0669
-6,7856	-3,0667
21,5257	10,5647
5,3387	-0,1176
23,2951	5,9118
8,8121	10,0404
12,8094	1,8485
12,8098	4,4699
8,8115	-7,5233
14,6446	-4,9018
-4,5578	-7,9822
12,0231	-6,9335
-22,8424	1,7828
-1,8706	4,0765
-25,2672	6,2395
3,2410	14,9558
-21,5315	15,5456
13,0058	5,8464
-15,1745	19,4779
8,6149	16,9218
-7,2444	18,1015
9,1391	19,5433
-3,4434	8,9920
-6,7206	14,1039
-5,1473	12,9897
-14,5851	6,4361
-8,9485	8,0744
-24,7431	5,9116
-0,5600	0,5378
-23,8910	2,7004
8,4185	1,5863
-16,6818	2,0451
15,4964	-3,3946
-15,1088	-13,4871
11,3676	-9,7516
-9,5382	-13,3562
6,6489	-11,5867
5,4040	-5,0986
3,1098	-3,7878
10,4505	1,5207
8,1561	4,6664
16,7419	-2,7391
4,6173	3,4868
20,8705	5,4528
-10,9147	-3,9188
8,8119	5,7150
-19,3687	1,9139
11,0400	-0,2488
-11,4388	-3,9843
19,9528	-8,4408
-1,3461	-9,5550
21,8534	-6,6715
1,7997	-19,7131
18,6420	-9,6206
4,5521	-6,0162
1,9302	-6,0815
-4,1643	10,1059
-13,9951	4,0767
-2,7227	10,0406
-24,2188	12,3999
-3,3125	9,8440
-24,1531	14,5625
4,2241	9,8439
-21,6625	8,9919
10,7122	5,7806
-22,5800	5,4528
2,2580	8,7952
-20,7450	2,8314
-0,8880	0,9965
-10,9802	6,5015
5,0102	0,2756
3,8311	4,7321
2,7166	4,3387
7,5013	-2,6735
-1,5431	6,6982
13,9893	15,3488
-5,8029	12,4655
17,7904	15,3490
-12,6185	17,7738
17,3315	4,9289
-18,3201	17,7738
4,8140	6,6981
-18,1235	5,2564
6,4522	8,0743
-12,2253	-6,1470
9,7290	-1,0352
-0,5599	-5,8850
4,6172	-11,4556
7,9599	-12,1110
-2,7884	-16,0432
4,4865	-13,8150
-13,6018	-11,0624
3,6345	-12,0453
-19,9588	6,0426
2,7170	1,8482
-14,3225	0,3412
14,9722	5,3873
-7,5722	-2,4114
17,3314	-7,5233
-0,2976	-4,0500
18,6420	-11,8489
0,2268	-15,0600
10,7777	-6,0817
5,6008	-11,7832
9,5324	2,7659
9,0085	4,4042
-5,9340	0,5377
14,0549	3,8799
-1,6741	-1,2318
21,8537	5,1907
-5,4095	2,5692
18,8390	-3,1323
-10,3902	4,8632
14,1857	11,3512
-14,9121	10,8270
8,2218	13,5795
-11,1111	10,5648
0,4884	5,1254
-6,9169	5,4530
1,8645	3,3558
-2,9192	7,4845
-4,4924	3,5523
7,5667	-3,5254
-7,1793	3,6835
12,0887	0,9963
-6,8515	-7,4577
9,9260	-6,4092
-11,5699	-7,3923
14,4478	-7,3268
-17,0093	-3,3292
9,5326	-7,7201
-10,7835	-4,7708
7,4352	-1,7562
-13,0772	-5,4262
4,6828	2,4382
5,6006	2,0450
-2,5919	2,3072
5,9283	0,8654
-9,8664	5,5185
1,9960	5,1908
-19,5001	3,8145
2,8479	3,7491
-30,5101	19,8709
1,8649	8,2054
-26,1847	6,6983
5,0105	6,1083
-19,8275	-4,0498
11,0398	-8,4408
-11,4388	-9,7517
7,9596	-17,8126
-6,1304	-11,2590
-4,7546	-8,3099
-8,6864	-3,5911
-16,4857	1,3896
-5,0165	-4,3776
-32,2798	2,2417
-6,5893	-2,2149
-26,8403	-6,1470
-4,0335	-2,2148
-35,6875	0,4720
-3,1160	-4,7052
-24,6118	2,8969
-2,4607	3,3557
-21,2693	6,5015
6,6487	5,9117
-13,2739	5,9117
2,1923	10,3682
-2,1983	9,1884
-7,1794	-1,9527
-3,9022	3,9456
-15,9613	2,0450
-3,0503	5,5840
-23,1702	3,2248
2,7824	10,4338
-24,9395	14,6936
4,7486	15,0213
-20,4828	4,4700
6,0591	15,2180
-25,9223	12,3343
4,9449	15,9389
-24,0218	21,4438
0,8816	11,6790
-8,7519	7,0260
-0,9535	11,5479
-4,1643	6,4360
-11,0461	9,6473
-4,2299	8,3365
-21,5318	4,4700
-0,4289	9,8440
-25,0053	14,9557
-4,4922	9,5161
-34,5733	5,9118
0,6851	6,5672
-25,5293	14,4315
-2,0675	12,8586
-23,1043	12,0722
-1,6743	18,1671
-8,3587	13,3829
7,6317	18,2327
-4,1643	19,0845
2,1924	10,6961
7,2389	14,3005
-6,3274	11,9411
4,7485	1,7174
-17,1408	14,2347
8,0254	-0,0522
-21,5972	6,1739
10,4501	7,2224
-27,0365	0,0790
4,9450	1,0620
-17,4682	-0,3144
10,3844	-4,1154
-7,5066	-2,8702
17,1346	3,5523
-5,4749	5,1253
8,0252	3,6835
7,8289	10,5648
1,7991	11,8099
10,1882	7,5500
-4,8200	3,0281
13,3994	6,2394
-11,9633	7,9432
9,2051	-1,3628
-20,0242	2,1760
-1,9362	-8,4408
-25,9225	-0,1833
-5,3443	-3,1325
-29,3958	-11,5865
3,3064	2,1105
-14,0603	-5,2952
14,1853	-4,3776
-0,2322	-6,9336
5,5346	-10,6691
1,1440	-9,1617
-8,6212	0,6030
-1,0843	-3,9844
-25,0053	4,9941
-5,7374	5,5184
-27,6266	5,8462
-1,4121	14,2348
-23,3012	8,3366
-0,9533	11,5479
-24,5461	10,2371
5,7313	2,7005
-15,5021	5,9772
4,4861	-0,5765
-5,2784	-6,7368
1,8646	5,1252
-3,7056	2,9624
-11,8325	-0,2487
-2,3949	2,1761
-16,0925	4,0767
-6,3271	9,0575
-24,9397	3,2247
2,1270	6,1740
-18,9757	11,0234
10,3189	-3,9843
-24,4151	-9,1616
3,7654	-0,7075
-18,8445	-3,0014
3,3065	-4,3120
-13,6015	2,8968
5,6001	-2,1493
-9,8660	4,5354
-6,9173	5,5183
1,2096	-4,7052
-13,5365	4,7320
-0,8220	1,7173
-17,4030	6,5671
0,3576	6,8292
-22,4492	-0,0520
10,1879	10,0406
-19,3688	1,9796
11,8920	3,6180
-8,5551	-3,5910
18,3800	0,1444
-3,1156	-3,5257
18,7731	6,0425
-2,7878	-7,9167
15,9550	-4,5087
2,4549	-1,5596
-2,8539	-2,8047
4,9452	0,1443
-9,9320	1,9138
-0,8875	-4,5086
-19,8933	5,8461
3,3722	0,9964
-25,4637	2,1106
7,8287	7,0258
-22,3834	0,0789
6,7145	9,6474
-22,5799	18,3634
2,7822	3,9457
-19,8276	13,5796
-6,0654	12,5309
-12,8807	10,1062
-2,0677	15,3489
4,9451	2,8316
-8,4901	11,9411
7,1080	8,0088
-11,5702	3,9457
6,7802	2,9626
-17,2063	2,5037
-0,8876	-1,8872
-25,1361	-2,7393
3,9619	-6,2782
-25,9226	-6,4748
-4,8855	-4,0501
-26,7089	-11,3899
3,6340	-1,4940
-10,1938	0,6031
3,7652	-3,7876
1,8652	6,6325
6,9110	1,4552
11,6956	2,5038
-2,4607	2,1104
7,1080	-11,1932
-10,3905	-0,2487
2,9135	-2,4116
-25,3982	-8,6374
1,9303	-1,1009
-23,6288	-5,9505
4,1585	-6,3437
-20,9416	1,4550
12,7438	-7,9821
-13,6670	-1,1007
10,3844	-0,5109
-3,9021	2,2417
7,5662	11,0890
-0,8875	12,3343
-6,1309	10,3028
0,7509	14,5626
-11,5048	10,2372
0,3577	14,0383
-14,7814	8,7953
8,3531	4,4700
-13,7328	3,2248
8,0254	8,6641
-16,4195	-5,6227
18,9043	-2,4115
-9,8659	-11,4556
13,6613	-11,3245
-3,5745	-8,9652
4,6827	-8,9652
0,5543	-1,0352
-0,3636	0,4066
3,3068	-0,5764
-5,3444	7,1569
5,3385	11,3511
-12,4222	8,2054
2,2582	9,5817
-17,9270	1,4554
13,6614	13,3174
-16,8784	13,5139
14,6445	8,4678
-12,0286	17,5773
14,9721	13,6451
-7,7031	15,3490
13,4646	12,8586
-2,5914	8,9265
-1,7399	13,3829
0,2921	16,2009
-7,3106	13,5796
3,4378	17,2496
-5,5409	20,9851
14,5791	14,2350
-2,4605	13,7106
22,9023	9,5819
0,1612	16,3974
24,5406	3,6179
-9,8657	3,3559
24,4750	9,6473
-1,9360	8,2710
13,7925	3,0938
-3,5743	8,7297
6,7145	3,8800
0,0956	-0,5764
-2,3297	2,2415
3,5689	-3,2634
-3,7716	4,8631
3,6345	3,1592
-12,5533	9,6473
8,8119	12,9241
-17,7304	7,6812
15,1688	10,8272
-12,2253	21,5748
21,7879	14,2350
-7,8998	26,1625
18,6422	19,0845
-2,1981	12,9898
16,3484	18,1670
0,8166	13,4484
6,7144	6,9604
1,5375	11,6789
1,8646	-0,5763
5,0108	5,9117
-6,9172	-0,5765
12,8751	-8,5063
-5,9340	-1,3629
12,7441	-5,6884
-14,3880	-9,9481
15,6275	-8,4409
-22,0557	-12,1110
11,4987	-6,2127
-10,9801	-9,4895
10,4500	-10,4070
-9,4072	-5,3606
10,4499	-6,8025
-4,0331	-4,7707
9,7945	-3,0013
9,1396	-9,6859
8,7460	0,4721
18,9046	-4,9019
4,6829	-7,4576
18,4458	2,3072
-16,6162	5,6495
13,6615	6,6981
-19,2378	14,6280
5,8625	7,4191
-19,4343	13,3829
7,0422	9,5163
-5,4096	8,7299
9,0081	8,9266
-3,1156	14,0383
16,4137	14,0383
12,3509	15,4145
10,3845	12,6620
16,6764	8,0745
3,0444	8,7299
15,9554	8,9920
-3,6403	12,0066
7,9599	5,8461
-14,9778	5,3875
12,8750	4,8631
-17,7303	-1,2973
10,2535	-3,6565
-20,2861	2,8970
9,7291	-3,0668
-17,0750	3,3558
2,7166	4,2732
-10,5869	1,7174
-0,9535	11,7444
-0,4943	9,9748
3,0443	-1,4939
6,2560	5,4530
-7,6379	5,0596
7,6322	-2,6080
-11,9633	1,9139
6,3214	0,4066
-19,8276	-0,9042
7,5665	-0,5110
-19,0411	-7,9821
3,5688	-3,3945
-14,7157	-3,4601
1,1437	-0,3143
-9,9315	0,0133
0,6193	-2,1492
-3,4434	11,4166
-1,0191	3,5523
-3,1159	-2,4113
-13,2743	10,1061
-2,2638	7,8122
-15,5679	1,3898
17,0694	-3,6565
-5,5407	-8,4408
22,1814	-11,6521
-0,7563	-14,6014
27,0965	-21,6137
-2,1980	-10,6036
24,6715	-14,4703
-9,9969	-8,4409
5,4037	-4,9674
-13,2084	-2,3460
-7,4416	1,5207
-9,0797	1,5861
-10,1942	-4,7706
-0,3633	7,3534
-11,3737	3,5523
12,6130	-1,1662
-3,7713	-3,2634
17,2006	1,3240
-13,6671	-7,7856
11,1711	-8,3753
-23,2355	-5,1641
-4,3611	10,4336
-20,2863	13,5138
4,0928	15,2179
-10,7180	19,2157
11,9571	19,8055
2,0617	18,2327
17,3313	21,5749
14,9724	6,3706
7,3699	7,8123
15,3656	9,1229
-1,1498	0,0135
17,2660	7,0258
-7,0480	11,5477
23,8197	5,7151
-5,5404	-1,4283
23,3610	0,6032
-5,7370	-1,8217
11,7609	-4,0499
-10,3247	1,7173
1,7335	11,0234
-16,6818	12,6619
-7,4416	12,5310
-11,1113	18,6914
-12,2257	21,6405
-0,4289	19,8055
-12,2257	15,3491
8,9429	12,9898
-7,5068	11,2202
15,6932	6,6981
-9,6038	-1,0352
20,1496	-4,6398
-11,8320	-8,3755
17,0038	-15,0601
-9,4727	-11,2592
16,6104	-24,6285
-3,1813	-15,5189
9,7946	-15,1913
0,1611	-9,7516
1,6025	-2,4116
5,5350	1,9138
-9,2110	8,7953
-0,5598	13,9726
-14,1262	8,0745
-2,8537	12,6620
-19,9588	13,6450
4,6174	9,7784
-25,8569	3,1592
13,7269	-6,8679
-15,9609	-4,2465
13,9235	-0,5767
-9,1449	-8,7031
8,0252	-12,6352
-2,0670	-5,2296
6,2556	-0,9698
2,7825	3,2246
-2,4608	5,4528
6,1904	5,4530
-3,8370	12,7930
7,2390	9,7128
-18,7791	9,9094
5,2073	5,1907
-24,6118	-1,0352
4,9450	-3,8533
-28,1507	-9,4895
3,8965	-10,4069
-13,4705	-1,9528
3,1756	-3,6568
-11,9630	-5,8849
3,5031	0,9308
-14,2568	-1,1008
-2,0676	2,3072
-6,4582	8,9263
-16,9444	5,6496
-3,5091	10,1716
-22,7770	11,2202
-1,9362	4,2734
-22,4492	-0,9695
1,9959	-0,7074
-28,6094	-2,5426
2,7824	-3,9189
-22,1869	-9,4239
6,1246	1,4551
-22,4490	2,8313
2,7821	-3,2635
-9,2107	-0,5764
0,9469	4,4698
-7,7688	2,0450
-2,7886	3,7490
2,0616	0,3411
-9,9974	8,9264
7,5011	6,1081
-15,8301	2,1761
5,2729	10,1714
-21,0729	5,5839
4,0276	9,5161
-21,7282	7,2879
10,5155	3,0281
-15,2400	10,6958
13,3336	6,0427
-4,6229	-5,2294
18,7730	2,8315
2,3894	0,8652
4,5517	-1,4939
1,0787	4,7320
-3,7059	8,1400
7,6977	7,1569
-4,7545	9,1230
13,3994	4,7321
-3,5747	7,5501
22,3124	6,5014
-2,6569	-0,9697
24,6717	0,6032
-2,6568	1,4551
25,5235	1,3896
-6,0647	5,3873
20,5427	-3,1322
-2,5913	12,3343
14,8409	3,0936
-0,0354	0,5378
0,8160	5,7152
-0,6909	11,3511
-17,6652	7,6157
-2,1328	5,8461
-18,1894	1,6519
5,2728	5,5186
-21,7282	10,2370
9,2705	3,5524
-24,6117	10,9580
9,6636	6,5671
-24,0218	8,2057
-0,6912	22,0991
-18,6478	13,7761
4,6826	12,9897
-7,9654	9,8439
6,5832	1,7830
4,4210	6,7637
5,5348	7,1569
21,4605	4,7321
8,4839	7,1569
22,9679	7,5501
-7,3101	-1,7560
17,4628	-2,8703
-9,4072	-11,8487
18,1834	-9,9482
-20,3517	-1,5596
8,6151	-0,7731
-12,2253	7,5501
9,5324	12,2686
-0,1666	12,9897
12,9402	15,4800
1,7996	9,9096
6,5177	11,8756
2,5860	7,8778
-1,4777	7,0258
9,2705	0,7999
-18,1893	2,6348
5,1417	0,7344
-25,5949	-0,0521
4,8795	2,4382
-28,9371	-4,6397
5,4693	-2,5426
-22,7112	-3,9843
-3,1815	2,8314
-19,8930	4,7974
2,1267	-0,6419
-8,2931	-0,4453
0,1607	-0,8385
2,1272	-3,7877
6,5177	0,2100
13,0717	-2,0838
-6,0651	2,0450
14,4481	-1,1007
-9,9317	-1,8871
15,4311	-0,9696
-11,0456	-1,1008
21,3293	-2,7392
-2,3291	-5,9505
29,8490	-0,2488
0,0958	1,5862
22,2468	5,7806
5,2076	-1,1006
18,3799	9,9094
7,6324	-2,0838
13,6612	-7,5887
17,0041	-4,9675
15,8240	-11,9799
23,5577	-19,7787
2,7825	-10,0140
17,7249	-28,2985
-10,9802	-17,2229
0,5542	-18,7302
-24,3495	-11,9799
3,7654	-3,5913
-23,7597	-8,8340
8,2218	-1,1008
-11,5699	-0,3144
8,4839	2,3072
-3,8366	12,0720
9,9256	8,0089
0,6199	12,1378
-3,8370	21,0507
-5,3440	20,1331
-17,8619	11,1548
-6,6548	12,0067
-27,3646	5,8463
-3,0503	6,4361
-26,7745	6,8947
5,2728	2,2417
-25,0704	13,2517
14,1856	-1,1663
-19,2377	6,3705
8,8116	5,7805
-9,9970	2,7660
9,7290	12,9242
-10,1936	16,8563
5,3381	14,8903
-1,4118	16,5943
-2,7228	14,4314
6,5182	9,5162
-4,2956	6,3703
12,9406	-10,6034
-13,7982	-2,8702
15,9553	0,8652
-12,9462	-7,9166
18,0524	-4,4431
-8,0309	-4,9019
19,6908	-10,7345
-4,4918	-6,0815
15,9551	-11,2590
0,3577	-10,5380
2,1924	-10,0139
-2,5258	-17,8782
-0,1671	-10,2105
6,9768	-14,0116
-7,6381	-14,0771
10,7779	-8,5721
-8,6211	-10,0139
12,3508	-2,2805
-5,2786	3,6177
16,2831	0,7343
-1,9360	-1,6905
22,7711	1,5863
-3,9675	-7,7199
16,4795	-4,3121
-7,8342	-12,4387
7,1731	-12,8973
-6,2615	-1,8219
-5,9998	-7,7855
-7,1791	1,5862
-11,9636	0,7997
1,0130	-4,9018
-11,4393	-6,5402
5,7317	1,3240
-9,9316	-10,8657
20,1496	-6,7369
-10,5868	-13,4872
21,1982	-10,4725
-11,5698	-10,9314
14,7755	-12,6352
-14,1257	-8,3099
15,9550	-9,9483
-1,2152	-12,2420
7,0420	-4,0500
-1,8049	-14,6014
-0,3636	-13,1594
-5,5405	-4,3778
-4,9511	-11,6522
2,1925	-7,6544
-18,1238	-7,7200
5,2728	-13,7491
-17,0097	-1,4939
5,6661	-3,7878
-21,4659	-7,1956
14,6445	-8,3754
-11,5699	-6,2127
17,5280	-11,8488
-8,6863	-6,2782
10,8432	-12,0453
-2,5915	-3,0669
-0,2981	-8,9652
-2,7226	-2,7392
-5,0168	-7,7856
-0,3633	-10,2103
-10,9149	-1,1009
1,7995	-9,1619
-14,8470	-10,4069
3,6345	-2,6737
-27,4298	1,6518
7,7632	6,3704
-15,8299	11,9409
10,5156	1,0621
-14,1257	9,7784
16,9380	11,3510
-3,6400	-2,1493
2,7821	4,2733
-6,5891	9,7782
-3,9027	5,3218
-9,2762	3,8801
-9,8009	1,2587
-0,0356	2,8971
-18,5171	5,3218
4,8140	-3,8533
-28,0197	-1,5595
-2,1328	-0,4454
-26,0537	-4,3776
0,5540	0,6688
-25,9880	0,0789
1,4714	-5,2950
-25,0704	-0,0522
4,5515	-9,2273
-10,6524	-3,6566
5,4035	2,6348
0,3577	2,6348
1,6681	3,3558
7,8289	4,2077
-9,3420	-4,4430
7,9600	0,8654
-12,3566	-3,4601
8,5497	-7,7199
-22,5145	1,2585
11,1711	-3,0013
-9,8660	1,5862
21,5912	-6,0815
-3,3777	0,4067
28,6036	8,5330
7,6325	-0,7075
20,4117	-1,6905
20,0844	3,0935
22,3121	-6,2126
18,9702	-5,4917
10,6466	-3,8535
10,0572	-12,6351
-6,6549	1,4551
6,6491	3,2246
-24,4808	3,8801