12,4244	-2,9012
13,3420	-3,5566
12,0313	-4,9328
10,5896	-7,0301
11,5726	-15,2876
9,8030	-5,0640
-0,2895	-8,8652
4,8878	-13,7803
2,9871	-8,9960
-0,2897	-0,6729
-0,2242	6,5361
3,8391	3,3249
2,9871	4,8978
9,0164	7,7813
-1,6659	11,0580
-3,4354	0,1136
-1,1417	1,9486
-9,5303	3,8490
-9,1371	-3,6221
-9,3993	2,3417
-8,1540	-8,0785
-2,7802	0,2446
-6,7778	6,6671
-3,8943	-1,1972
-3,8942	0,9656
-0,6175	11,5168
-5,4671	5,2254
-3,6321	4,1769
-4,4841	9,4852
-6,1224	4,3078
1,9384	5,9462
-1,2072	-2,3768
-0,8139	-0,8039
0,8246	6,2739
4,2324	-2,1803
2,5941	-7,9474
4,6256	-3,1634
8,6890	-7,0300
12,4244	-5,5882
10,7206	-9,5203
12,0968	-4,3429
16,6843	1,4242
11,3759	-7,5541
15,1770	-8,1439
10,8516	0,5067
14,5872	-5,7193
14,5216	-14,5666
14,3250	-9,4547
11,5070	-5,7849
8,6889	-10,7001
-1,8624	-15,2877
-9,0715	-22,6277
-15,8873	-17,2539
-24,6038	-23,8075
-19,9508	-19,8097
-27,0288	-15,8119
-28,1429	-5,2606
-26,3080	-3,0324
-29,7157	-11,2898
-26,1768	-5,5226
-21,9824	-0,8042
-23,4243	-11,9452
-20,4095	-0,6730
-19,6231	-3,4910
-19,0332	1,0310
-14,3802	-0,0176
-15,7564	-2,1147
-15,2320	0,8345
-13,7903	8,3056
-16,2806	3,7180
-11,1689	4,1768
-7,8919	9,0921
-3,0423	8,5022
2,2006	5,1600
-3,5665	11,0583
-0,3552	16,8255
0,3657	24,4931
11,5724	16,1702
10,1962	24,4278
20,4200	35,7654
21,7308	24,4278
33,9205	26,1973
28,6123	29,9328
40,8676	35,3723
43,1615	35,6999
54,0404	35,2414
59,2179	42,9747
63,2812	58,0480
74,1603	47,1036
83,4664	52,4121
84,9740	55,4922
87,6610	56,6064
94,6079	63,4877
91,3311	63,4223
99,5232	71,3522
100,4407	76,6606
100,5063	71,0902
98,0160	82,2314
105,7491	89,7680
101,4894	91,2099
102,9311	95,7320
100,5718	105,2348
96,1808	114,3444
88,7098	117,5557
87,5954	117,6215
69,1142	120,6362
59,9391	130,9908
53,0575	124,9615
37,6563	119,0632
27,9568	112,3785
6,2641	108,1841
-7,6952	101,3027
-33,7788	83,6079
-48,7868	79,6100
-72,2491	72,0075
-92,9588	51,1671
-116,7487	43,5647
-143,4878	32,8821
-165,5736	16,7601
-177,1740	7,1261
-194,8690	-15,5496
-217,5447	-29,6400
-226,9165	-45,1070
-235,6986	-71,7149
-245,0048	-98,1918
-242,2524	-124,2755
-242,6456	-152,7185
-241,7281	-183,1932
-245,0048	-216,3547
-239,4340	-225,3336
-218,5936	-247,6819
-211,9088	-278,8118
-199,2601	-294,5406
-175,3391	-306,4685
-152,1391	-317,5443
-135,2305	-322,7218
-102,0033	-331,1760
-77,1649	-321,8043
-47,6732	-317,8067
-15,1670	-319,3792
9,4096	-301,7499
44,4062	-284,7760
70,2934	-276,9770
96,2462	-261,8379
124,2305	-236,9995
142,5155	-213,9962
173,7766	-198,4638
193,6342	-172,3144
215,1959	-142,6918
236,8231	-116,1494
248,3577	-94,3910
261,6617	-72,3706
277,6526	-47,9909
265,6596	-23,4801
271,6890	-11,9456
260,9408	-3,2944
252,5522	22,0027
234,1364	31,6365
227,5825	28,0324
204,3825	37,9284
181,0514	34,5860
153,2638	23,4448
133,0128	10,4030
103,0625	-11,2897
86,8748	-27,2808
61,7085	-51,2019
31,8237	-84,2324
3,8394	-112,7410
-31,4195	-142,8881
-66,4162	-186,9289
-100,1023	-237,5233
-136,9998	-282,5472
-188,4462	-334,8456
-234,5841	-389,5036
-285,5719	-452,4189
-319,1270	-506,8803
-376,0786	-567,5020
-411,8617	-633,8254
-453,8710	-705,1296
-486,7705	-764,5718
-512,7888	-837,9732
-537,1687	-910,8502
-565,0219	-980,1882
-583,5033	-1032,7491
-599,4289	-1089,8320
-613,1916	-1152,2231
-611,8154	-1211,0098
-611,2912	-1259,1797
-598,8392	-1308,1359
-580,3579	-1358,4682
-560,6313	-1404,5406
-544,5091	-1436,7850
-515,4107	-1470,0124
-493,3903	-1506,9751
-471,3042	-1524,6047
-440,4364	-1544,3969
-409,8307	-1558,3563
-381,6497	-1563,7959
-348,6846	-1570,9394
-311,0009	-1565,9587
-281,1160	-1554,5555
-249,4616	-1551,4096
-219,3802	-1527,7507
-186,2185	-1497,0796
-159,4138	-1465,7530
-131,4951	-1429,6420
-108,0327	-1378,5231
-85,5535	-1321,4405
-64,1229	-1249,3500
-42,8234	-1177,1937
-39,5463	-1084,2624
-20,4095	-997,8848
-15,4943	-919,5024
-14,5766	-832,5347
-13,1349	-738,6202
-19,3609	-661,4176
-22,9654	-584,0184
-26,2424	-507,0124
-33,7135	-439,9679
-41,3813	-364,5350
-45,7068	-300,3741
-58,4209	-237,9829
-61,9600	-177,4267
-75,2640	-125,0627
-83,7182	-80,1697
-90,0754	-43,9931
-108,4912	-1,5251
-120,8776	33,3404
-132,4122	54,8367
-154,9567	79,4789
-156,5954	111,1985
-178,0259	126,5342
-183,9242	132,6293
-185,0385	142,9842
-196,1797	148,8169
-193,1652	142,7875
-211,9742	126,2069
-221,3459	112,7064
-225,4749	108,5117
-232,6184	82,8213
-238,7788	62,5049
-239,3031	38,7805
-237,4026	9,6166
-228,8829	-12,0763
-235,5018	-55,7237
-218,2001	-82,0696
-196,5732	-113,0033
-180,4512	-158,3546
-169,4407	-192,3028
-150,3040	-220,5495
-123,5651	-252,2039
-105,6079	-287,2659
-83,5875	-306,3373
-63,7297	-324,3600
-38,6291	-334,7150
-24,5386	-351,6890
-12,8074	-355,0969
0,3657	-358,8982
20,3543	-356,0801
29,8572	-356,2112
42,7026	-349,0021
67,7377	-340,9410
80,9106	-317,9378
105,3558	-311,9737
114,2689	-290,0844
134,0611	-262,8867
135,0442	-242,7013
146,3820	-228,2175
142,7776	-197,0875
140,8770	-175,4603
134,0613	-146,9518
137,0103	-124,3414
121,1505	-93,6046
118,3325	-67,1932
111,3199	-46,1558
101,4239	-25,8392
91,3968	-6,4403
88,1853	17,0874
70,2283	30,1294
59,4147	38,5839
48,6012	63,3567
37,1976	80,5271
33,5930	82,6900
14,7184	90,8822
14,3251	105,1037
2,6595	114,4099
-4,8117	117,7524
-13,9869	120,6363
-20,2784	136,1683
-25,3904	139,9038
-29,3880	136,5616
-23,2276	140,2971
-18,1157	140,8869
-14,4456	134,2022
-12,7416	129,2870
-14,2490	128,9592
-18,7710	126,7966
-14,1180	128,3038
-21,3270	114,2135
-17,0672	105,4973
-19,8853	105,5626
-16,0842	95,7976
-19,7543	82,4282
-10,5135	77,3818
-13,3315	71,7456
3,5769	67,3545
5,4120	56,6721
10,6550	54,0506
18,3228	49,2007
18,3229	37,9940
23,1071	26,5907
19,1093	26,3283
18,5196	23,8378
21,0098	5,9465
20,2235	1,3590
25,4007	9,4852
24,1556	6,4049
26,2528	-14,5666
27,6947	-11,2898
29,7262	-8,9307
33,7895	-13,0594
26,5806	-15,6153
23,2381	-10,1758
17,4711	-9,7171
23,3036	-10,3069
19,6335	-15,6153
18,2573	-18,1712
13,6698	-23,3487
17,9951	-31,0820
13,0799	-31,3443
16,4877	-33,2449
5,6743	-33,5725
10,3273	-24,0697
14,5871	-24,3318
6,1985	-14,0425
6,5262	-6,3093
4,7567	-11,1588
5,1499	-5,0639
-3,4353	-9,1272
1,2177	-10,1103
0,3657	-10,8968
2,5283	-22,3656
1,3488	-22,6934
0,7590	-22,3002
9,0821	-29,3126
7,5092	-26,4288
6,8539	-20,2685
5,3465	-17,3194
4,8878	-15,7465
9,6718	-16,9260
6,1329	-16,0741
3,7736	-14,1081
4,6912	-20,2685
5,4776	-18,9578
14,2593	-15,7465
-4,0251	-14,0425
0,1691	-7,2265
0,6933	5,9463
-10,7755	14,2039
-7,9575	24,1654
-10,6445	16,7600
-15,7562	26,5249
-10,4479	25,8693
-12,3484	9,0922
-7,1056	6,7985
-10,4480	9,6819
-7,0401	7,3226
-7,5644	4,7011
-10,1202	5,9464
-2,8457	10,4684
-1,9282	12,6965
-4,7463	8,6332
-3,5011	-0,0829
-5,2705	6,0118
-3,8942	1,8174
-2,9111	-1,8526
0,0380	-1,7871
2,6595	0,1136
0,8245	9,4196
3,8392	-0,1485
-1,0106	4,0459
-9,0060	9,7474
-2,7801	9,7474
-4,9428	4,1113
1,8731	-0,1485
5,5432	6,0774
14,7837	8,6987
5,5432	-0,4107
6,1330	5,2255
1,2178	13,2208
1,8731	3,9147
-2,0592	4,5701
-3,0422	-1,6559
3,5770	-1,3282
4,8876	1,4241
3,8391	-7,0299
1,0211	0,3101
4,9532	4,0456
3,0526	-0,6729
5,7396	1,2933
0,7589	9,0920
1,8075	6,4050
1,7420	2,0797
4,3634	-2,9666
3,9702	-0,9352
6,5917	-5,1295
0,1692	-12,5351
3,0527	-8,7995
-1,2071	-10,5035
3,7081	-3,2289
9,4753	-5,9159
11,9657	-2,2457
15,6358	9,0920
14,2595	12,1722
20,1578	-0,7383
11,1137	5,4221
14,3906	6,6016
10,5894	3,4558
6,8540	0,7034
13,9318	2,5384
10,8515	9,3542
8,6889	13,4174
8,8200	9,2232
2,8563	17,2842
9,6064	19,9710
0,6279	4,3080
1,8731	5,6187
0,4312	5,8152
-0,0931	3,2591
-5,7292	-4,6052
-7,4987	-7,6854
-1,1418	-8,0787
-6,0570	-4,5398
-5,7292	-13,5837
-10,9721	-8,4063
-6,4501	-5,0640
-11,1032	-4,9329
-10,2513	-10,1102
-12,7417	-4,6051
-15,9529	-2,7046
-6,5157	-0,6731
-2,8457	-10,9622
2,0697	-1,9836
6,0018	2,0794
8,6890	-7,0955
12,0312	-3,7531
10,6550	-9,7825
-1,1415	-10,5689
2,9872	-5,1950
-4,1564	-14,1735
-0,6830	-9,3237
-3,4355	-4,2120
0,4312	-2,1148
-1,0105	-5,3915
6,6572	0,7690
2,9872	4,2424
6,3295	5,2909
5,1499	-6,1123
3,0528	5,6187
11,1138	8,9608
10,7860	-2,3113
9,9996	-0,4762
12,8832	1,3587
7,7713	4,2423
0,2347	8,1744
4,3635	-1,5248
6,5261	9,2232
4,8222	17,6117
2,3318	9,6164
7,0504	5,2255
0,3658	2,2762
1,5454	-9,5203
2,1353	-9,7170
-0,8140	-16,1396
-5,4014	-8,7341
-5,5982	-6,8991
-9,9236	-9,4548
-11,4965	1,7519
-7,1711	7,2569
-4,9429	0,7034
3,3146	2,2109
-1,2073	4,1769
2,0696	5,0288
1,4142	4,7011
-3,3699	-1,7870
-5,4013	3,2592
-1,2728	6,3394
-7,4985	12,4344
2,5939	12,2379
0,8245	19,6435
2,2663	19,6435
-2,5178	15,1870
4,1669	5,4877
4,9532	11,7136
-0,9450	-0,2796
4,0358	0,0481
5,2153	2,0142
2,9216	6,2739
3,1182	4,5044
1,8730	-0,2141
-4,4839	-0,4106
-1,7970	4,2423
-3,8941	2,8660
-6,3846	-4,9328
-8,6784	-3,1633
-12,7417	-0,8696
-14,6421	-4,6052
-10,1202	6,7326
-5,7947	1,9485
1,6763	7,2571
-0,8795	10,5993
9,1475	5,9463
6,6572	6,0774
8,8854	5,3564
3,5115	-5,1948
-0,9450	-3,6876
-1,1416	-5,9814
-3,6321	0,3100
-9,2026	-3,3600
0,2346	-1,0661
-0,4208	7,7813
-0,7484	13,8106
5,8708	7,9780
13,4075	13,4175
11,9002	12,1722
19,6335	10,0751
19,6335	5,3564
18,3884	-1,6559
25,1385	0,3101
18,1917	3,5867
15,8980	-11,4209
10,9172	-1,5249
10,1307	3,5212
4,1012	-2,9012
-8,4160	4,9631
-0,9451	-5,0638
-5,4671	2,4074
-2,1903	12,9586
0,4312	4,4389
1,4143	3,2594
7,9679	11,3202
4,8222	3,2593
6,6573	-2,1146
6,6572	-6,4400
3,8391	-0,0176
-2,1902	-0,0177
-1,2728	-11,1587
-6,8434	-0,6074
-8,0230	2,5382
-5,5326	-0,4763
0,3657	-0,0831
-2,9110	-0,4764
4,5601	-6,4401
8,4923	-6,3746
8,2957	-9,3238
3,1839	-8,4063
6,3295	-4,3431
-2,8456	-6,5713
-4,2218	-6,8333
-0,6830	-2,5735
-5,9914	-1,5249
-5,4671	-5,7193
-11,9553	-6,9644
-16,2151	-5,6538
-16,6084	-7,4232
-19,8853	-4,6051
-25,1936	-0,5418
-19,2954	9,8129
-10,5791	11,4513
-9,0717	13,2208
-6,0569	14,2039
0,4312	10,7961
7,3126	10,4682
5,9363	-6,2435
2,6596	-7,5543
5,2154	-10,3070
2,4629	-20,7272
4,5599	-18,5645
2,4629	-13,7804
2,5283	-10,8968
0,9555	-10,0449
-1,4694	-13,2560
-5,9913	-0,0177
-7,8919	0,9653
-4,5496	-7,6197
-7,5642	0,2447
-6,0568	9,4852
-2,1247	-4,4084
-2,6490	6,5361
1,2833	1,6208
-2,2558	0,1136
0,3658	-1,3284
1,1521	-10,8311
-5,2704	-4,7362
-2,1248	-7,4889
4,3633	0,4410
-6,7778	-2,6391
-0,0274	-2,6390
3,4460	4,2424
3,8392	6,2737
-1,7313	-14,6975
0,0381	-6,8988
-1,2072	-1,0007
0,6934	-12,0108
0,3656	-7,4232
1,1521	-8,3408
-4,6806	-2,1803
0,2346	-1,0663
-0,9451	-9,7825
0,5622	-3,6877
2,4628	0,1134
-3,3699	-0,3453
2,7250	-3,7531
-1,9280	4,7011
0,5623	3,0626
0,8245	-1,0007
1,0210	-11,0277
-6,1223	-12,8627
0,2346	-4,2776
-4,1563	-10,8967
-1,7315	-4,8017
-4,9427	4,8322
-7,6298	6,2084
-5,6637	4,6357
-8,6785	4,7667
-6,1881	3,1282
-7,0400	0,2445
0,2345	-18,4332
-5,4671	-4,4085
0,8900	-5,9816
-0,4863	-7,6854
-0,0931	-4,2774
1,2832	-4,2773
7,9023	2,5385
8,0335	8,7643
15,1114	-3,5564
12,8178	-2,0490
20,6821	0,2445
17,7330	-8,2752
13,5386	-10,8310
8,2957	-6,8991
3,0528	-3,4912
-0,4207	-9,3894
-1,9936	-10,3068
-0,0932	-4,6051
-8,6783	-2,6391
-1,4039	-4,9328
-12,0207	-2,3769
-8,9404	1,7519
-12,9381	2,8660
-0,2898	8,1089
-4,0908	4,7012
-0,6174	13,0898
-1,7970	14,1383
-1,7315	6,4052
-0,8795	8,7645
-1,7971	9,6164
-5,0738	-1,1972
-2,7802	-3,6875
-3,5666	-11,4864
-6,9090	-7,6199
-3,2389	-14,7634
-2,1247	-22,6277
8,4922	-15,8120
6,7883	-15,7465
10,1307	-17,7125
5,6088	-15,4188
12,7521	-11,2244
4,4947	-13,4527
14,8493	-15,6808
10,7205	-11,2899
11,1792	-5,9159
16,4222	-2,3116
13,9318	-13,1904
15,5703	-7,6198
17,4053	-3,6222
14,1285	-4,3430
10,0653	-5,1949
6,9850	2,4073
4,3635	-1,3938
1,1522	5,5530
0,8901	-0,0830
9,4098	2,7352
7,6404	17,3495
10,3275	4,7668
20,6821	13,7452
15,8324	9,2886
21,0754	2,2108
17,2742	1,9485
18,9781	-11,8796
13,7353	-7,8820
12,7522	-4,4087
5,1499	-7,7510
4,8222	-4,3430
-1,7314	2,3417
-2,5834	10,7960
-0,4862	14,3349
1,2176	8,1747
-2,9765	17,3497
4,0358	17,9394
8,1647	2,9317
12,7522	8,5024
15,6358	8,6988
11,9658	-2,1803
13,5386	-4,4085
11,6380	-9,5203
8,4268	-10,7656
1,9386	1,2275
3,1182	0,0479
-6,0568	4,4389
-0,2897	9,3541
-8,9405	6,9294
-4,3530	5,5531
-10,0546	4,2424
-2,5835	-0,6729
-3,9597	2,9315
2,7250	-10,3068
-1,1416	-7,4887
3,3804	0,4410
2,9872	-3,5567
7,4437	-2,2458
12,8832	3,1282
16,0289	0,6378
15,7014	4,6355
18,7816	-1,4593
24,0901	-0,0175
20,3545	5,4219
18,5850	-3,3600
14,7839	-0,6729
13,6042	0,9655
8,1647	2,5384
9,0822	4,1112
10,3274	-8,9304
16,0289	2,4073
12,8177	-3,2290
14,6527	-9,3892
16,7499	-9,8480
11,5725	-3,2290
14,4562	-13,6492
12,4245	-7,4233
17,9295	-7,6198
7,7058	-0,8695
13,6041	8,6986
7,2470	-4,8017
-0,9450	3,2594
-2,7144	10,9924
-2,9111	3,1937
-1,1416	-2,5734
1,6108	0,3757
-3,6319	5,7496
1,6764	4,5044
5,9363	-0,0175
2,9216	4,7012
7,2470	13,7450
5,6086	4,2423
7,1160	-9,9134
11,9001	-6,8332
5,2154	-3,3601
4,3635	-17,1227
3,4459	-16,2706
-3,6976	-15,2877
-6,1225	-9,6516
-15,6253	-8,9307
-13,3315	-9,9791
-13,3314	-3,0323
-11,3654	-0,2798
-5,5981	-0,0176
-6,2535	-9,6513
-5,4015	-1,1971
-3,1733	5,6186
-0,7485	3,4560
-0,4864	10,2062
5,4120	17,9394
9,2131	9,2232
12,3589	4,1771
8,6889	7,5849
10,1963	11,0582
3,2495	10,2061
4,6256	4,1113
-0,7483	5,7497
-4,2218	8,3055
-12,6104	8,8298
-10,2513	6,5362
-13,1350	11,4514
-16,4773	19,9056
-13,9869	13,9418
-10,1204	6,0776
-16,2151	10,9927
-16,8050	13,2863
-8,9406	-0,3452
-12,6762	2,2108
-17,1982	8,6988
-15,2319	6,1429
-7,3022	8,8955
-8,9405	1,0312
-5,0083	11,0582
-5,1393	7,5846
2,4629	0,5067
-3,3699	-0,9350
-5,6636	2,6694
-4,0907	-0,5419
-0,8795	-4,0808
-0,0931	-1,9836
-3,1733	3,5214
5,0843	5,7496
-3,0423	-5,0638
0,7590	3,0629
2,0696	12,3689
6,0018	7,9125
3,0528	7,0605
6,7227	5,3566
7,3127	7,6502
6,5262	-1,0007
9,1477	-9,2580
13,0798	3,3904
11,9658	4,1767
14,5217	6,4706
18,0606	8,7644
14,1284	9,6820
10,7205	17,1530
7,0504	7,7157
-1,2073	-1,4592
-10,7100	-1,5903
-15,8217	4,5044
-8,0231	-5,1294
-4,9429	-5,3915
-11,7585	-0,2797
-6,9088	-5,2604
-7,5642	3,5214
-5,1394	-0,8040
-1,8625	5,4221
0,9554	10,4027
1,9386	0,2447
4,7567	10,0095
11,7691	5,3563
15,8979	0,1791
19,4369	-5,4570
22,5171	-6,6368
22,5826	-10,1757
17,6674	-7,2267
13,5386	-15,4843
7,5749	-10,3069
14,1284	-10,3070
8,4268	-12,9939
10,3929	-24,0694
12,8832	-10,4379
9,6720	-12,9284
10,3929	-12,6007
8,4922	-10,4379
3,7736	-9,2583
-2,5835	2,8659
-2,5835	-2,1803
-4,2875	3,5216
-4,8773	19,9055
-5,7948	22,9202
-3,8288	23,3791
-6,9089	21,1509
-11,2998	20,4301
-10,7755	30,4570
-10,0546	17,9396
-1,2072	14,1386
-2,3213	18,0706
-2,3867	9,8130
1,6108	5,6186
-0,5519	-2,6389
-7,7609	0,5067
-8,5473	-0,9351
-9,4649	-5,5882
-8,6785	-2,9011
-10,8411	-2,5079
-0,9452	1,2932
-1,6004	-3,4909
8,2301	-2,9010
9,4097	7,6502
8,2958	11,4512
12,2935	3,6526
10,7206	7,3227
3,3151	11,1236
9,1477	3,7180
9,4753	-3,6219
9,0820	-0,5419
4,9534	-3,2945
8,8199	-11,0277
9,4098	-13,3870
6,2640	-9,5859
9,8686	-8,0131
6,3950	-12,7318
8,0990	-13,9113
-4,3529	-8,6686
1,4142	-19,9407
-5,0739	-19,2198
-7,0399	-18,8922
-6,1224	-22,1691
0,4967	-21,6448
-0,8140	-25,9702
0,9555	-24,9216
8,9510	-21,6448
12,2933	-24,0042
10,7205	-28,1984
16,0289	-25,6425
7,1160	-22,3001
9,8685	-16,4675
10,7859	-12,9284
0,8245	-8,4719
1,4143	0,3099
-0,0275	-6,1126
-6,1879	-7,8164
-7,6296	-6,7024
-2,9111	-6,5058
-0,8794	-15,8119
-1,6660	-9,6514
-5,4014	-3,3600
-5,8602	-0,2799
-8,8750	-6,7022
-11,2343	-4,9982
-8,8095	2,7350
-8,8095	7,9123
2,2007	-0,1485
5,0843	-2,1145
7,7059	-0,4106
14,4561	10,5338
6,5262	1,5553
6,9195	-3,0321
3,5770	0,9000
0,6280	3,6525
5,8052	-0,0175
4,5601	2,8661
8,0990	1,7519
11,8346	3,3248
4,9533	-2,8356
11,9002	0,9655
12,3589	1,6863
11,0482	0,8345
14,9148	4,0458
9,4097	8,4367
1,6110	13,5485
4,5601	12,5655
-1,6660	5,4876
-7,4332	9,4854
-9,3992	13,6795
-12,6761	11,9757
-3,7631	14,9903
1,8075	10,9926
5,4776	10,9926
9,0821	10,4682
15,7669	4,7666
6,7883	0,5067
5,3466	4,3077
4,5600	-6,3091
-3,4353	-2,1803
-3,3699	-3,6876
2,3317	-2,9012
0,9554	-0,6729
-2,3213	-2,3113
2,3973	3,7181
6,9193	10,7304
6,0019	6,2085
8,2957	3,9804
9,0822	12,3033
10,7206	1,0966
12,6867	-1,8525
9,3443	-5,2604
6,5263	-2,7046
5,2810	-8,9307
0,3656	-15,8774
-7,3676	-10,1759
-6,1226	-7,2268
-12,8073	-12,0763
-13,7902	-3,1633
-14,4457	2,3418
-12,2829	6,1429
-11,8896	9,6819
-9,0716	5,2255
-8,8094	7,7159
-2,4524	5,6186
-1,4038	2,2108
-0,6828	3,4559
7,8368	3,9146
2,8561	3,7180
6,0674	4,0457
1,3487	2,2763
1,6109	11,5824
-0,8141	11,1235
-2,4525	0,6380
-7,3677	9,7475
-6,7123	10,6649
-5,7947	9,6163
-2,2558	3,0627
-3,4353	6,2740
8,1645	5,4875
-2,5178	-1,3938
7,7058	-12,7970
-1,7314	-3,6876
-2,7800	2,8002
5,0187	-4,8674
-4,8118	-5,5882
0,0380	-2,6391
3,1836	4,0457
3,7080	5,6841
3,3803	7,1260
9,1476	10,0751
0,8901	15,1870
9,2787	13,0899
7,2471	13,6798
2,9873	19,7746
6,6573	15,6458
-0,5517	19,5780
1,0867	8,2402
2,3972	8,4368
-3,1079	11,3858
-10,1858	5,4220
-7,7609	7,3226
-7,2367	14,4004
-5,3361	6,0119
-3,0422	15,1214
1,4798	7,6502
5,2810	9,9440
11,5725	7,5191
13,0144	0,3758
15,1770	-0,8694
4,6257	3,3247
4,6911	-4,6707
-5,4015	-3,4911
-4,1564	-8,5373
-6,7778	-4,6707
-5,7949	-9,4549
-7,9574	-17,5158
-5,1395	-8,0786
-3,6321	-6,3749
0,5621	-14,6322
-8,6128	-6,5057
-9,1372	3,4558
-2,9112	5,2253
-7,5643	9,2887
-2,0592	7,3227
-12,8071	14,3350
-2,9766	12,4343
-2,9111	3,4560
4,7566	1,1623
0,2347	12,5653
8,6233	-2,9012
6,5917	-1,3283
7,2471	-8,3406
12,4900	-1,2628
7,7714	-0,3453
14,4561	-0,6729
9,2132	3,9802
9,4099	3,3903
12,3589	-0,2140
7,1160	1,5554
9,4753	-0,1486
-3,8942	-0,2796
-1,5348	2,6039
-1,9282	-1,4594
-12,0207	4,3079
-6,7778	7,3880
-7,9575	6,0118
-5,2705	2,2764
-3,5010	11,5169
2,1352	11,8445
13,6040	6,0118
17,9295	-7,4229
18,0607	7,9780
21,9273	5,4219
16,9466	-2,6389
12,0970	4,8322
12,2279	6,3394
15,1115	2,1452
10,9827	-0,9351
10,1308	-5,9157
11,9658	-0,8696
9,0822	4,6355
3,7082	-2,7045
7,1161	0,9001
6,8538	1,6208
4,4946	-3,4254
5,6087	-4,3429
9,1477	-2,3113
8,2301	4,0457
7,3782	12,4999
12,0312	10,0096
9,1476	14,7282
8,2301	18,4637
6,9850	10,1407
8,4923	11,6480
7,9680	12,1068
13,4075	14,3349
7,6403	9,0920
5,5432	3,1284
1,1521	15,2525
-5,9912	8,5677
-6,7778	7,3227
-9,7925	7,0605
-11,2343	6,4706
-7,3678	6,2739
-4,9429	1,1621
-5,5327	-1,7870
-1,9937	-4,4085
-0,3552	2,2105
4,8222	-11,7487
6,3295	-11,8141
5,4776	-2,5737
9,9996	-13,5837
7,3126	-6,7023
6,0674	-9,9792
0,8900	-1,8526
-3,2388	6,2083
-7,3021	-0,9349
-9,0717	12,8278
-14,5767	15,1870
-9,5960	15,7769
-12,2830	21,9373
-6,3846	28,2287
1,4142	25,6729
6,9848	20,6266
5,9364	15,2526
12,2278	13,8763
4,1014	16,1700
12,4900	7,1915
10,8516	2,3419
5,1500	10,7305
10,6549	11,7134
-0,4862	4,7666
2,2663	-0,3452
-4,0252	1,2933
-4,3529	2,9315
-3,3699	2,0141
-0,0276	3,7836
-4,7461	8,4367
2,3318	4,3735
0,5623	3,3250
-4,5495	4,0458
-2,3868	5,3566
-0,6829	14,9903
-8,2851	15,3835
-5,4670	9,5510
-3,6321	18,5294
-7,0399	14,1383
-3,8286	0,2447
3,5113	-2,2457
2,5283	-2,1147
-0,8141	-4,8674
-5,4015	-10,6344
-3,5011	-1,8526
-4,0909	0,9654
-3,8287	-8,5372
-4,2219	5,8152
0,0379	3,3903
-3,1733	1,0966
-3,3044	0,7034
-5,2704	-2,4423
-2,2558	0,7034
-0,1586	-3,7532
4,1668	-9,0615
5,1499	-4,4085
4,4945	-0,4763
3,5115	3,7835
2,1352	2,6039
-2,2558	0,9657
-6,4502	9,9441
-7,0400	14,0728
-7,1711	5,3565
-6,3847	6,3396
-7,7608	13,9417
2,0696	8,6987
-3,0422	6,2740
0,6936	3,9802
5,2155	5,6187
5,8053	9,4196
3,9704	4,1768
10,0651	8,7644
4,1669	11,8445
6,4607	15,9077
8,4268	9,2887
8,8855	14,4661
9,5408	19,2502
-0,9450	10,5994
3,5115	4,8979
4,8221	9,7475
2,9215	9,4196
4,5601	-1,9180
11,7689	4,8322
7,2471	8,7643
9,2787	7,9124
11,1138	10,9271
12,4901	0,6381
11,0482	11,1893
4,4947	9,0265
9,9996	-6,2433
7,4437	-0,0830
3,3804	6,6014
4,8222	-7,0301
5,3464	-13,3214
3,2493	-14,1079
12,8831	-6,0471
4,1013	-9,7171
13,4731	-16,4672
16,6188	-8,9961
10,1308	-9,3896
12,6211	-20,0718
8,1646	-21,9068
0,0382	-14,1736
1,3487	-10,0449
1,5454	-6,6370
0,8244	-7,6854
7,1815	-3,5565
7,8368	5,2908
9,2787	-0,4764
7,1161	-2,3768
9,6720	4,7666
9,0821	5,6185
7,5747	1,4242
1,4143	-3,6219
-6,9088	1,6208
-9,1370	-2,5081
-5,0739	-10,9622
-17,9190	-14,4355
-16,8705	-5,9815
-19,2299	-11,3554
-21,9168	-1,2628
-14,1181	-4,9984
-14,7734	-4,4085
-14,6423	6,1428
-13,0039	-0,4764
-8,0887	1,6210
-12,8727	5,2909
-2,9112	6,4050
-4,8773	0,7689
9,0164	-1,3938
7,1159	-3,8187
1,6110	-5,7849
9,3442	-13,9769
4,8877	-18,7609
0,6935	-8,1442
0,5624	-11,9453
2,2663	-15,4186
-1,1416	-4,8674
2,0041	-5,8504
-3,6976	-2,9668
-1,9281	-5,5881
2,9214	1,2930
-8,9406	0,6377
-8,6784	-7,4231
-4,0909	6,7326
-6,6467	-0,2143
-3,0422	4,3733
-4,4840	2,9972
0,1036	6,4051
7,5092	7,2571
8,2956	13,4174
3,3150	7,7158
15,8323	12,6311
14,9149	15,8423
14,3906	10,1406
18,3228	5,6187
18,5849	11,3858
9,7375	0,1135
9,1477	8,6332
6,8538	2,6694
-0,6172	3,0628
5,6741	12,0411
-0,0274	0,6378
11,5725	-0,3451
4,8223	0,1135
6,1330	-2,2459
1,4799	-2,9013
4,8877	-6,0470
-1,0760	-5,4570
-0,9450	2,2761
5,6087	-2,4424
4,4945	3,5870
11,1137	5,4875
11,7035	5,3565
7,5093	8,9610
11,7692	1,4898
15,0458	4,3079
8,1646	4,4388
6,7228	2,2763
0,4314	6,3395
5,3466	14,3350
5,4121	14,6626
4,9533	12,6966
6,7883	5,8154
-0,4862	8,9611
6,0675	11,5823
4,8877	-0,3452
1,8075	3,7837
8,6232	11,9101
6,0673	5,8809
7,4436	14,4662
10,3928	8,8301
9,1476	18,2672
15,0459	11,9102
11,9657	6,2741
13,8663	6,4707
9,6720	8,5677
2,9218	-3,2288
3,2494	-2,4424
-1,8626	-2,8358
-3,6976	-9,5204
-7,5644	-5,5227
-8,7439	-2,0493
-8,6784	6,4049
-2,9767	6,6016
-4,0908	8,6989
5,7396	14,5317
2,7906	18,5294
13,9317	19,1848
9,8030	20,1678
10,1963	11,5827
6,5263	21,4786
8,5579	22,3959
4,4291	9,6165
8,5578	15,9737
4,4290	21,5440
7,1160	16,1046
8,0990	13,8763
7,2469	8,6989
3,9702	6,7983
0,2345	0,1135
-3,3044	-6,8989
0,7588	-9,1926
-1,2728	-2,3769
1,2832	9,4851
8,9510	11,7789
17,0120	7,5192
15,1770	18,0050
10,7207	16,4321
6,0676	10,3373
7,5093	12,5001
11,3102	14,5316
7,0505	6,8639
14,3905	7,9780
18,4538	10,9270
19,6991	1,6864
28,4809	-1,7870
24,2866	-4,8016
21,1409	8,4366
21,9273	6,1428
14,7838	-0,1485
10,0653	8,1746
8,9511	8,8954
6,8539	4,0456
8,8199	-7,2264
1,8076	-3,4910
7,4437	-7,1610
3,1184	0,5721
6,4607	-7,6853
3,9703	-4,2775
1,7420	-2,7702
-0,9450	-5,5228
0,7589	-16,7949
1,5453	-13,4527
7,3124	-17,6470
1,0866	-10,5036
-2,1247	-7,6855
4,8877	-9,7170
2,6593	1,2276
-2,5835	2,0140
2,2007	1,2277
-1,6004	10,1406
-2,6489	9,9439
-6,5156	4,4390
-7,6952	6,1430
-5,2050	9,0265
-9,4649	17,8083
-14,3800	4,9632
-7,7609	1,2278
-9,1373	4,3079
-9,8581	2,4073
-10,1858	4,1112
-7,1710	1,4897
-5,5982	0,8344
-0,0931	1,2932
-1,7315	1,1621
-1,4038	1,8176
-4,0907	14,8591
-1,7315	10,7304
-5,0738	7,4537
-1,2073	15,3180
-7,1055	9,5508
-3,2388	12,1067
4,6910	1,1622
-1,4038	8,5023
9,9995	9,9439
4,4288	0,1136
-1,3382	1,7521
-0,0275	5,6841
-6,9745	0,4412
-22,5721	-0,6073
-19,4920	-5,6537
-27,3564	2,4073
-26,3079	10,7302
-21,2616	1,0311
-17,0672	11,5825
-11,2343	13,3519
-1,9282	19,1847
-0,4207	16,1701
8,2300	15,5803
4,8222	21,4131
9,8030	25,8694
15,7668	14,2695
14,9148	12,0413
16,9465	6,7328
15,6359	5,4220
17,5363	0,8346
13,5387	2,7350
12,9487	6,3395
8,5579	4,8977
8,7544	3,9147
5,4777	2,8006
6,2641	13,8105
1,9386	-1,4593
-0,4207	2,0797
1,1521	5,4875
-3,7631	1,7520
0,1691	7,6502
-0,7484	-3,4254
3,7080	0,3758
-2,6491	-0,3452
-1,1416	0,0480
-7,1055	-1,1972
-3,6321	-0,5417
-5,7947	2,9317
-5,9258	4,9633
-4,8772	4,8322
-1,8625	2,0797
4,2979	0,0481
12,0311	-3,6220
5,4121	-4,0807
7,5748	-6,9644
8,8855	-5,6537
4,6911	-1,0662
3,9047	2,1451
2,7905	-0,2797
7,5091	3,1281
-1,0105	-6,9643
5,9363	-1,0006
6,1328	1,2276
2,5940	-9,1926
8,6233	-6,0469
5,0189	-4,5396
6,5263	-12,0108
6,5262	-14,1079
8,0335	-15,8774
8,2301	-14,0424
7,7059	-4,8018
14,2594	-12,3384
9,4098	-0,6073
16,0945	3,8490
14,9804	-0,2142
11,2448	-4,0808
13,9973	-5,1950
5,9363	-5,1950
0,2347	-0,8697
0,3657	-5,8504
4,2323	1,4898
-0,2896	4,0456
3,2493	2,0796
6,6572	5,4219
6,9194	-3,2944
9,2788	-7,8163
17,3396	-2,3769
16,0946	-11,1588
21,0098	-13,7801
21,3374	-1,5906
18,9781	-7,1612
15,5702	-3,0322
1,5454	4,0457
-0,6826	8,1745
4,1013	5,8152
-0,2240	-4,5394
7,1816	2,6039
6,9195	-5,5227
8,5579	-3,6877
6,7228	-9,2582
6,0675	-5,2605
5,6087	-4,2120
11,5725	-3,8188
16,3566	-11,4208
11,2449	-1,5248
16,0946	3,9801
21,4030	-1,1972
18,0607	-6,4400
20,5510	2,6039
13,6696	-0,6074
2,5941	5,8807
4,5602	3,6525
9,0165	9,2232
7,9024	15,7112
5,7398	10,5995
5,9364	17,4153
9,1477	21,4785
8,8200	18,4638
12,1623	18,0707
13,1454	14,8594
13,2764	15,1215
7,5749	13,4174
11,1792	0,9001
4,8878	5,8809
2,6596	7,7157
2,9872	1,6209
-3,2388	4,7667
-6,3846	5,9463
-7,6953	5,8808
-10,5134	8,9610
-8,5473	3,5871
-6,7778	13,3519
-9,3992	13,0897
-3,6976	8,9610
-5,8603	6,7984
-4,5496	8,0435
-3,3044	11,3203
0,2345	9,8785
3,5114	2,1451
11,3758	-5,0638
11,0482	-4,0809
11,3104	-11,2244
15,1115	-9,0617
4,6257	-9,5860
7,6403	-4,5397
1,4143	-5,3261
4,1013	-5,2605
1,8075	0,0481
6,4607	2,6039
9,9995	-1,3938
10,1962	-1,3937
6,7229	3,1937
16,0289	-0,6730
14,4561	-2,7046
15,9635	-7,4232
11,6380	-7,4233
15,5703	-12,9938
16,0289	-5,9814
11,2448	-0,6730
8,5579	2,8005
9,7375	1,6208
11,1137	-4,6051
7,6404	-6,5713
16,6842	-9,0617
10,7206	-18,1058
15,9634	-22,3000
15,8324	-10,6347
15,4391	-13,5839
8,9511	-16,9916
10,5895	-9,6515
5,5431	3,4558
7,3127	6,2085
9,7374	14,7937
7,8369	8,7646
9,0165	17,4808
0,4969	13,2209
7,1159	5,8154
-0,1585	8,6333
4,8222	-2,3769
-1,2727	-6,7022
0,6934	-7,6855
-6,7122	-16,4673
-0,6174	-10,3724
-0,4863	-4,6052
-0,4209	-3,4256
-3,2388	-2,8356
-1,6660	3,4558
0,6934	-10,3067
6,9848	-0,2796
5,4776	-5,4571
10,4584	-5,1949
11,6380	-4,6052
10,7861	-15,3530
7,9681	-5,1294
13,5387	-5,1295
17,8639	-8,1440
9,0822	-4,6051
11,4414	0,1790
8,4924	-3,0323
5,9364	-2,4424
5,5431	-4,4084
7,4436	1,2277
10,1305	11,1236
4,0358	6,4050
11,5724	11,5170
14,3249	13,0898
11,1137	11,1237
2,5285	9,0266
1,7420	13,8763
-7,6952	18,0051
-4,6806	17,3496
-11,2343	11,3204
-4,4841	10,5340
-14,5766	12,2378
-13,3314	7,2570
-7,9575	5,6186
-7,4988	1,9486
-1,4695	0,9655
-3,2389	5,8806
1,6108	-3,0323
-3,3043	-0,9350
4,2979	-2,5734
-6,7778	2,2762
-2,5834	1,3587
-6,0570	-1,5904
-9,5303	-0,9351
-11,5619	-13,4525
-5,7293	-17,4503
-11,1687	-21,0548
-6,8433	-17,3849
-7,4986	-21,5792
-1,0106	-15,5497
-2,4524	-1,7871
0,2346	-2,9668
3,9703	-2,7045
9,5407	0,9654
7,2471	2,0140
8,8200	-6,7680
10,3273	-17,0571
7,7058	-14,1080
9,9996	-15,7465
5,2154	-16,7295
5,6087	-8,6685
5,6088	-1,0007
6,7229	3,9801
10,4585	7,6502
14,4561	4,5701
12,1624	8,7644
10,4584	3,7180
8,6890	-7,2265
8,7544	-7,6853
1,8731	0,7687
2,3318	1,6862
5,6085	-7,0302
-2,1246	-15,4186
4,8878	-3,9499
1,4143	-3,8844
5,8708	-14,7633
-4,8771	-7,0299
-1,2070	-6,8991
0,7590	-15,8119
1,0866	-11,8798
-1,6004	-20,1373
1,5454	-10,8967
3,3804	-4,7363
3,5114	-6,6368
0,9555	-4,6051
-1,6005	-0,7385
-4,6151	-2,0492
-1,4694	-6,6367
2,1350	-10,6344
-0,8140	-5,3916
2,8561	-2,7047
2,7251	-8,7340
8,5578	1,2276
3,5115	4,4388
10,7205	6,0773
1,3488	5,2909
5,5432	5,4219
4,4946	6,7326
9,8029	7,2569
5,1499	1,4898
9,2786	9,2231
8,4922	12,8275
9,0821	3,1283
16,3566	11,5825
10,5239	9,4853
15,2426	5,2909
18,8471	2,2107
17,0121	-1,8525
12,6212	0,9000
14,5872	4,0456
7,9681	-0,9350
5,0189	8,5678
2,9873	7,7157
5,1500	0,9000
6,6573	-0,2797
8,4923	-10,1757
11,1137	-9,3893
11,7035	-10,2414
9,2133	-19,3508
7,5092	-10,2412
2,8562	-8,9306
7,8368	-7,4887
0,8245	2,3417
2,9217	0,8999
3,5770	5,6842
3,4460	12,1066
-0,5517	6,7982
3,7737	8,2402
1,0866	12,3034
-4,6805	9,1576
1,1522	5,2910
1,8730	4,9632
-1,8625	-1,1317
4,3634	-1,9181
-0,2242	-11,9452
-1,2726	-4,4741
2,2662	0,9653
0,7589	-2,8356
-1,9281	1,7520
4,0356	15,3179
-3,5009	7,1259
3,5114	7,6503
-2,9766	9,4197
-5,4669	6,6671
0,5624	5,6186
5,5430	-0,2141
-3,5664	1,2278
8,8199	9,5506
2,9871	-4,8017
-1,0761	-3,8841
4,1667	-8,4062
-5,4671	-3,2288
0,1035	2,0794
-2,9112	-3,3599
1,7420	0,1136
2,2007	3,0627
9,5408	0,2447
6,1985	2,9317
7,2471	-3,6876
2,5941	-1,4593
12,0968	-0,2799
5,6087	-8,9305
9,2788	-11,4209
10,8517	-8,6684
13,6041	-7,4232
4,2980	-5,2605
10,5894	-1,1973
7,7057	0,1135
5,6742	5,4219
4,7567	2,1451
4,4290	-3,4254
7,2471	1,6208
11,9001	-10,7000
7,1815	-5,7192
13,3421	-6,5057
11,4415	-7,7509
18,2573	-8,6028
16,8810	-8,5373
17,0777	-11,6174
20,9443	0,3100
23,5658	-10,8311
23,0414	-8,4061
18,1918	-3,4256
8,5579	-7,4233
9,4098	-13,0593
2,5285	-11,5520
5,4120	-7,7509
0,5623	-3,6222
3,8391	-14,3700
-0,8794	-6,3089
8,3612	2,1450
1,8732	-1,2628
11,3760	-2,9011
9,4753	6,5361
11,5070	-5,4571
12,3590	-4,5395
11,9002	-7,5542
11,9658	-6,1779
12,4245	6,7326
10,0652	-0,2141
11,7036	5,4220
7,3782	3,4559
7,5093	1,8831
4,3634	4,0457
-0,0930	3,7181
5,9362	5,5532
0,3002	10,2062
5,5431	3,3904
5,6742	4,7012
3,3149	11,7134
0,3003	4,8321
-1,6004	2,7350
0,5622	-1,0006
-11,7586	4,0458
-0,9451	3,8491
-5,0085	0,5723
-1,0106	-1,0005
0,3001	-0,5419
4,9532	-5,7848
1,9385	-13,1903
0,1691	-0,2142
-4,0252	-1,2629
1,8075	-0,6075
2,7251	-5,8503
6,3950	-6,1124
0,1037	1,9484
7,7058	-7,8819
12,6865	-5,0638
4,8223	-1,4594
8,0990	0,8344
5,9363	-1,9182
7,5091	-6,6366
5,2154	3,3903
4,1012	11,5822
-2,1902	6,4050
3,7735	10,1407
-1,9281	18,2016
2,3317	14,8593
-6,8434	21,8063
-6,2535	21,7407
-12,1518	17,9396
-5,5982	19,6435
-11,8897	9,2232
0,5622	2,6696
0,2345	0,7033
1,4798	-9,5859
3,3804	-8,3407
2,5285	-8,4063
10,4583	-1,1974
6,0673	2,4073
5,0843	8,7642
-1,4693	9,2231
-4,3529	15,0558
-5,3360	14,2039
-14,5766	17,3497
-17,9845	18,9882
-15,6909	22,7893
-15,2321	18,4639
-17,5914	22,8549
-12,2829	15,1216
-11,2999	15,7769
-11,4310	8,3057
-8,5474	12,6311
-7,8264	16,5631
-4,2875	10,6649
0,4312	10,7305
4,9531	3,6526
1,8075	7,3226
1,0211	11,8444
1,4799	-10,1756
-3,3043	1,9486
-5,4015	3,5868
-11,1031	-2,0493
-2,9111	-6,8333
-4,2874	-6,8333
-4,2219	-1,9837
-2,5180	-5,3261
0,7588	-13,6491
-3,8288	-5,9159
-1,9938	-6,7024
-6,9745	-8,4717
-4,6151	-3,7533
0,2345	-0,2142
-5,0739	1,5551
2,3973	0,3755
-3,6321	-2,7046
-4,5495	2,4729
-10,5789	12,3032
-9,2027	6,5361
-9,6614	8,5678
-7,4987	13,3519
-7,2365	16,1699
-7,1055	10,1407
-3,8942	5,4876
-4,6808	8,6989
-6,4502	10,7304
-14,7078	9,8785
-12,0864	14,5316
-16,6085	20,6265
-17,9847	21,0854
-16,4118	20,4956
-12,3485	14,4007
-8,8751	16,6944
-9,6615	8,8955
-6,9088	2,4730
4,8221	0,7034
-5,3358	9,4851
10,5240	0,4411
16,9464	-4,0808
10,3928	-7,4231
6,6573	-2,7701
6,9849	-2,1147
9,2786	-0,8039
5,2809	10,0096
9,6064	15,3836
8,0990	15,3836
10,3273	9,8787
5,6086	12,8932
5,8708	5,5531
2,1353	-0,5418
6,4606	-3,6220
1,2177	-1,9836
2,4629	-0,2143
-4,2218	-9,8480
-2,6490	-2,5079
-5,6637	-2,7047
-10,8411	-11,7485
-3,8287	-2,4424
-9,2683	-3,5567
-2,4523	-4,0809
-2,7802	-0,5419
0,8244	-8,9960
-4,8117	-3,2943
-8,9404	-1,8527
-6,2535	-16,7949
-4,5496	-13,6491
-5,7292	-13,2560
-6,3846	-12,5352
-9,5958	-11,0279
-5,9914	-20,9237
-8,9406	-11,0932
-12,4140	2,0795
-6,6468	-6,8990
3,3801	-0,4106
4,6909	5,7496
9,3441	5,4875
11,8346	-2,9011
9,2788	-0,8039
18,1917	-2,0492
6,4606	0,0479
2,5286	-5,5882
-0,0930	-8,9306
0,5624	-12,0763
-8,0884	-16,0085
-7,6953	-18,4989
-12,2828	-12,4697
-10,8411	-10,3070
-7,2366	-12,9284
-8,0230	-12,5351
0,0380	-10,2414
1,8730	-6,3748
-0,0275	-13,9769
-4,7462	-6,5058
-6,1879	-1,1318
-6,9089	0,5066
-2,3214	4,3734
-9,7270	3,9801
1,8730	6,9949
-0,2897	13,8761
3,9703	8,4367
10,3274	7,5848
11,9657	3,6526
7,3127	4,8322
5,9365	-3,3598
5,4121	-6,5055
5,0844	-3,3599
6,2640	6,6014
4,1668	-3,8842
0,8900	2,2108
4,1668	7,3880
4,1014	5,1598
7,3126	0,7689
8,0335	-1,0006
8,4267	-9,9792
4,5600	-5,2606
1,2833	-9,9137
5,1499	-11,1588
5,1499	-2,7702
10,0651	1,4896
6,4607	-5,3916
7,5747	-7,8818
5,7397	-0,6075
8,2956	-6,4403
4,4945	-10,1756
4,7567	-7,4232
5,0843	0,8999
0,6279	-0,1487
1,2176	2,6695
-9,5303	4,5045
-12,1518	4,7666
-7,8920	-2,2457
-18,5744	6,5361
-12,0862	2,6039
-6,9090	-2,1147
-13,3313	-6,3746
-2,8457	-9,4547
-5,7293	-4,7362
-2,2558	-4,9984
-7,1056	-8,7340
-10,9721	-14,4356
0,8243	-8,6029
-4,0909	-6,5059
2,3317	-13,1248
6,3295	-5,2606
12,1623	-7,4232
12,8177	-10,5034
10,2619	-8,4063
15,9636	-6,7024
14,5872	-8,7994
16,6189	-2,9669
11,6381	-10,1102
13,3420	-0,2798
8,5578	-1,3940
5,4121	-10,6999
4,9532	-6,9644
0,9555	-3,7531
-4,2874	1,2275
1,1521	1,0309
-2,3214	-5,3259
1,4797	2,1452
-2,5179	7,3882
2,3318	9,5508
2,7906	7,2571
4,1669	5,8808
2,1353	2,1452
8,7545	-7,8818
11,7691	-5,1294
10,0651	-10,1103
10,1964	-8,2753
15,8323	-21,5791
13,0143	-17,3848
5,4776	-11,2246
5,0844	-14,0426
0,6934	-16,8606
0,8244	-15,8775
0,0380	-9,4549
-1,6004	-8,3409
3,2493	-13,8457
2,9871	-7,9474
1,3488	-0,4109
7,1815	1,0310
-0,6828	-0,2141
4,7567	2,8006
-0,9450	5,1599
2,0696	4,7666
2,0696	5,1599
-4,0252	1,9486
5,7396	12,2377
5,7396	6,9949
9,4752	8,5679
-1,0761	14,0729
3,5116	16,3666
0,4968	15,1214
3,8392	7,0606
1,4798	10,6650
-2,5834	6,0118
-2,7144	3,8491
-0,1586	-2,2459
-5,1394	-5,2605
-6,7123	-4,6052
-11,8240	-3,0323
-9,0061	-1,5249
-8,0230	3,9801
-7,1711	7,0602
-6,7123	4,7666
-2,9112	11,6479
-0,0275	5,2253
3,9702	-0,1485
7,2471	0,7033
5,3467	-1,5905
13,6698	-7,0300
13,6042	-2,8357
18,5850	-3,2290
17,2743	-9,2582
17,0122	-0,2798
14,9805	-5,8503
8,7545	-2,7701
12,8833	-4,2119
5,4120	-2,3113
4,0359	-1,5249